 35 46 56 57 59 63
 35 46 56 57 59 61 62
 35 46 56 57 58 63
 35 46 56 57 58 61 62
 35 46 55 56 59 63
 35 46 55 56 59 61 62
 35 46 55 56 57 58 63
 35 46 55 56 57 58 61 62
 35 44 45 56 57 59 63
 35 44 45 56 57 59 61 62
 35 44 45 56 57 58 63
 35 44 45 56 57 58 61 62
 35 44 45 55 56 59 63
 35 44 45 55 56 59 61 62
 35 44 45 55 56 57 58 63
 35 44 45 55 56 57 58 61 62
 35 39 58 59 60 62 78 79
 35 39 58 59 60 61 62 78 79
 35 39 57 58 60 61 62 78 79
 35 39 57 58 59 60 62 78 79
 35 39 53 58 59 60 62
 35 39 53 58 59 60 61 62
 35 39 53 57 58 60 61 62
 35 39 53 57 58 59 60 62
 35 39 44 58 59 60 62
 35 39 44 58 59 60 61 62
 35 39 44 57 58 60 61 62
 35 39 44 57 58 59 60 62
 35 37 38 58 59 60 62 78 79
 35 37 38 58 59 60 61 62 78 79
 35 37 38 57 58 60 61 62 78 79
 35 37 38 57 58 59 60 62 78 79
 35 37 38 53 58 59 60 62
 35 37 38 53 58 59 60 61 62
 35 37 38 53 57 58 60 61 62
 35 37 38 53 57 58 59 60 62
 35 37 38 44 58 59 60 62
 35 37 38 44 58 59 60 61 62
 35 37 38 44 57 58 60 61 62
 35 37 38 44 57 58 59 60 62
 35 36 46 56 57 59
 35 36 46 56 57 58
 35 36 46 55 56 59
 35 36 46 55 56 57 58
 35 36 44 45 56 57 59
 35 36 44 45 56 57 58
 35 36 44 45 55 56 59
 35 36 44 45 55 56 57 58
 34 35 39 58 59 60 62 78 79
 34 35 39 57 58 60 62 78 79
 34 35 39 53 58 59 60 62
 34 35 39 53 57 58 60 62
 34 35 39 44 58 59 60 62
 34 35 39 44 57 58 60 62
 34 35 37 38 58 59 60 62 78 79
 34 35 37 38 57 58 60 62 78 79
 34 35 37 38 53 58 59 60 62
 34 35 37 38 53 57 58 60 62
 34 35 37 38 44 58 59 60 62
 34 35 37 38 44 57 58 60 62
 33 34 46 56 57 59 63
 33 34 46 56 57 59 61 62
 33 34 46 56 57 58 63
 33 34 46 56 57 58 61 62
 33 34 46 55 56 59 63
 33 34 46 55 56 59 61 62
 33 34 46 55 56 57 58 63
 33 34 46 55 56 57 58 61 62
 33 34 44 45 56 57 59 63
 33 34 44 45 56 57 59 61 62
 33 34 44 45 56 57 58 63
 33 34 44 45 56 57 58 61 62
 33 34 44 45 55 56 59 63
 33 34 44 45 55 56 59 61 62
 33 34 44 45 55 56 57 58 63
 33 34 44 45 55 56 57 58 61 62
 33 34 39 58 59 60 61 62 78 79
 33 34 39 57 58 60 62 78 79
 33 34 39 57 58 60 61 62 78 79
 33 34 39 57 58 59 60 62 78 79
 33 34 39 53 58 59 60 61 62
 33 34 39 53 57 58 60 62
 33 34 39 53 57 58 60 61 62
 33 34 39 53 57 58 59 60 62
 33 34 39 44 58 59 60 61 62
 33 34 39 44 57 58 60 62
 33 34 39 44 57 58 60 61 62
 33 34 39 44 57 58 59 60 62
 33 34 37 38 58 59 60 61 62 78 79
 33 34 37 38 57 58 60 62 78 79
 33 34 37 38 57 58 60 61 62 78 79
 33 34 37 38 57 58 59 60 62 78 79
 33 34 37 38 53 58 59 60 61 62
 33 34 37 38 53 57 58 60 62
 33 34 37 38 53 57 58 60 61 62
 33 34 37 38 53 57 58 59 60 62
 33 34 37 38 44 58 59 60 61 62
 33 34 37 38 44 57 58 60 62
 33 34 37 38 44 57 58 60 61 62
 33 34 37 38 44 57 58 59 60 62
 33 34 36 46 56 57 59
 33 34 36 46 56 57 58
 33 34 36 46 55 56 59
 33 34 36 46 55 56 57 58
 33 34 36 44 45 56 57 59
 33 34 36 44 45 56 57 58
 33 34 36 44 45 55 56 59
 33 34 36 44 45 55 56 57 58
 32 35 46 56 57 63
 32 35 46 56 57 61 62
 32 35 46 55 56 63
 32 35 46 55 56 61 62
 32 35 44 45 56 57 63
 32 35 44 45 56 57 61 62
 32 35 44 45 55 56 63
 32 35 44 45 55 56 61 62
 32 35 39 58 60 61 62 78 79
 32 35 39 58 59 60 62 78 79
 32 35 39 53 58 60 61 62
 32 35 39 53 58 59 60 62
 32 35 39 44 58 60 61 62
 32 35 39 44 58 59 60 62
 32 35 37 38 58 60 61 62 78 79
 32 35 37 38 58 59 60 62 78 79
 32 35 37 38 53 58 60 61 62
 32 35 37 38 53 58 59 60 62
 32 35 37 38 44 58 60 61 62
 32 35 37 38 44 58 59 60 62
 32 35 36 46 56 57
 32 35 36 46 55 56
 32 35 36 44 45 56 57
 32 35 36 44 45 55 56
 32 34 35 39 58 60 62 78 79
 32 34 35 39 53 58 60 62
 32 34 35 39 44 58 60 62
 32 34 35 37 38 58 60 62 78 79
 32 34 35 37 38 53 58 60 62
 32 34 35 37 38 44 58 60 62
 32 33 34 46 56 57 63
 32 33 34 46 56 57 61 62
 32 33 34 46 55 56 63
 32 33 34 46 55 56 61 62
 32 33 34 44 45 56 57 63
 32 33 34 44 45 56 57 61 62
 32 33 34 44 45 55 56 63
 32 33 34 44 45 55 56 61 62
 32 33 34 39 58 60 62 78 79
 32 33 34 39 58 60 61 62 78 79
 32 33 34 39 58 59 60 62 78 79
 32 33 34 39 53 58 60 62
 32 33 34 39 53 58 60 61 62
 32 33 34 39 53 58 59 60 62
 32 33 34 39 44 58 60 62
 32 33 34 39 44 58 60 61 62
 32 33 34 39 44 58 59 60 62
 32 33 34 37 38 58 60 62 78 79
 32 33 34 37 38 58 60 61 62 78 79
 32 33 34 37 38 58 59 60 62 78 79
 32 33 34 37 38 53 58 60 62
 32 33 34 37 38 53 58 60 61 62
 32 33 34 37 38 53 58 59 60 62
 32 33 34 37 38 44 58 60 62
 32 33 34 37 38 44 58 60 61 62
 32 33 34 37 38 44 58 59 60 62
 32 33 34 36 46 56 57
 32 33 34 36 46 55 56
 32 33 34 36 44 45 56 57
 32 33 34 36 44 45 55 56
 30 35 46 56 59 63
 30 35 46 56 59 61 62
 30 35 46 56 57 58 63
 30 35 46 56 57 58 61 62
 30 35 44 45 56 59 63
 30 35 44 45 56 59 61 62
 30 35 44 45 56 57 58 63
 30 35 44 45 56 57 58 61 62
 30 35 36 46 56 59
 30 35 36 46 56 57 58
 30 35 36 44 45 56 59
 30 35 36 44 45 56 57 58
 30 33 34 46 56 59 63
 30 33 34 46 56 59 61 62
 30 33 34 46 56 57 58 63
 30 33 34 46 56 57 58 61 62
 30 33 34 44 45 56 59 63
 30 33 34 44 45 56 59 61 62
 30 33 34 44 45 56 57 58 63
 30 33 34 44 45 56 57 58 61 62
 30 33 34 36 46 56 59
 30 33 34 36 46 56 57 58
 30 33 34 36 44 45 56 59
 30 33 34 36 44 45 56 57 58
 30 32 35 46 56 63
 30 32 35 46 56 61 62
 30 32 35 44 45 56 63
 30 32 35 44 45 56 61 62
 30 32 35 36 46 56
 30 32 35 36 44 45 56
 30 32 33 34 46 56 63
 30 32 33 34 46 56 61 62
 30 32 33 34 44 45 56 63
 30 32 33 34 44 45 56 61 62
 30 32 33 34 36 46 56
 30 32 33 34 36 44 45 56
 19 35 56 57 59 63
 19 35 56 57 59 61 62
 19 35 56 57 58 63
 19 35 56 57 58 61 62
 19 35 55 56 59 63
 19 35 55 56 59 61 62
 19 35 55 56 57 58 63
 19 35 55 56 57 58 61 62
 19 35 36 56 57 59
 19 35 36 56 57 58
 19 35 36 55 56 59
 19 35 36 55 56 57 58
 19 33 34 56 57 59 63
 19 33 34 56 57 59 61 62
 19 33 34 56 57 58 63
 19 33 34 56 57 58 61 62
 19 33 34 55 56 59 63
 19 33 34 55 56 59 61 62
 19 33 34 55 56 57 58 63
 19 33 34 55 56 57 58 61 62
 19 33 34 36 56 57 59
 19 33 34 36 56 57 58
 19 33 34 36 55 56 59
 19 33 34 36 55 56 57 58
 19 32 35 56 57 63
 19 32 35 56 57 61 62
 19 32 35 55 56 63
 19 32 35 55 56 61 62
 19 32 35 36 56 57
 19 32 35 36 55 56
 19 32 33 34 56 57 63
 19 32 33 34 56 57 61 62
 19 32 33 34 55 56 63
 19 32 33 34 55 56 61 62
 19 32 33 34 36 56 57
 19 32 33 34 36 55 56
 19 30 35 56 59 63
 19 30 35 56 59 61 62
 19 30 35 56 57 58 63
 19 30 35 56 57 58 61 62
 19 30 35 36 56 59
 19 30 35 36 56 57 58
 19 30 33 34 56 59 63
 19 30 33 34 56 59 61 62
 19 30 33 34 56 57 58 63
 19 30 33 34 56 57 58 61 62
 19 30 33 34 36 56 59
 19 30 33 34 36 56 57 58
 19 30 32 35 56 63
 19 30 32 35 56 61 62
 19 30 32 35 36 56
 19 30 32 33 34 56 63
 19 30 32 33 34 56 61 62
 19 30 32 33 34 36 56
 12 35 58 59 60 62 78 79
 12 35 58 59 60 61 62 78 79
 12 35 57 58 60 61 62 78 79
 12 35 57 58 59 60 62 78 79
 12 35 53 58 59 60 62
 12 35 53 58 59 60 61 62
 12 35 53 57 58 60 61 62
 12 35 53 57 58 59 60 62
 12 35 44 58 59 60 62
 12 35 44 58 59 60 61 62
 12 35 44 57 58 60 61 62
 12 35 44 57 58 59 60 62
 12 34 35 58 59 60 62 78 79
 12 34 35 57 58 60 62 78 79
 12 34 35 53 58 59 60 62
 12 34 35 53 57 58 60 62
 12 34 35 44 58 59 60 62
 12 34 35 44 57 58 60 62
 12 33 34 58 59 60 61 62 78 79
 12 33 34 57 58 60 62 78 79
 12 33 34 57 58 60 61 62 78 79
 12 33 34 57 58 59 60 62 78 79
 12 33 34 53 58 59 60 61 62
 12 33 34 53 57 58 60 62
 12 33 34 53 57 58 60 61 62
 12 33 34 53 57 58 59 60 62
 12 33 34 44 58 59 60 61 62
 12 33 34 44 57 58 60 62
 12 33 34 44 57 58 60 61 62
 12 33 34 44 57 58 59 60 62
 12 32 35 58 60 61 62 78 79
 12 32 35 58 59 60 62 78 79
 12 32 35 53 58 60 61 62
 12 32 35 53 58 59 60 62
 12 32 35 44 58 60 61 62
 12 32 35 44 58 59 60 62
 12 32 34 35 58 60 62 78 79
 12 32 34 35 53 58 60 62
 12 32 34 35 44 58 60 62
 12 32 33 34 58 60 62 78 79
 12 32 33 34 58 60 61 62 78 79
 12 32 33 34 58 59 60 62 78 79
 12 32 33 34 53 58 60 62
 12 32 33 34 53 58 60 61 62
 12 32 33 34 53 58 59 60 62
 12 32 33 34 44 58 60 62
 12 32 33 34 44 58 60 61 62
 12 32 33 34 44 58 59 60 62
 8 46 56 57 59 63
 8 46 56 57 59 61 62
 8 46 56 57 58 63
 8 46 56 57 58 61 62
 8 46 55 56 59 63
 8 46 55 56 59 61 62
 8 46 55 56 57 58 63
 8 46 55 56 57 58 61 62
 8 44 45 56 57 59 63
 8 44 45 56 57 59 61 62
 8 44 45 56 57 58 63
 8 44 45 56 57 58 61 62
 8 44 45 55 56 59 63
 8 44 45 55 56 59 61 62
 8 44 45 55 56 57 58 63
 8 44 45 55 56 57 58 61 62
 8 39 58 59 60 62 78 79
 8 39 58 59 60 61 62 78 79
 8 39 57 58 60 61 62 78 79
 8 39 57 58 59 60 62 78 79
 8 39 53 58 59 60 62
 8 39 53 58 59 60 61 62
 8 39 53 57 58 60 61 62
 8 39 53 57 58 59 60 62
 8 39 44 58 59 60 62
 8 39 44 58 59 60 61 62
 8 39 44 57 58 60 61 62
 8 39 44 57 58 59 60 62
 8 37 38 58 59 60 62 78 79
 8 37 38 58 59 60 61 62 78 79
 8 37 38 57 58 60 61 62 78 79
 8 37 38 57 58 59 60 62 78 79
 8 37 38 53 58 59 60 62
 8 37 38 53 58 59 60 61 62
 8 37 38 53 57 58 60 61 62
 8 37 38 53 57 58 59 60 62
 8 37 38 44 58 59 60 62
 8 37 38 44 58 59 60 61 62
 8 37 38 44 57 58 60 61 62
 8 37 38 44 57 58 59 60 62
 8 36 46 56 57 59
 8 36 46 56 57 58
 8 36 46 55 56 59
 8 36 46 55 56 57 58
 8 36 44 45 56 57 59
 8 36 44 45 56 57 58
 8 36 44 45 55 56 59
 8 36 44 45 55 56 57 58
 8 34 39 58 59 60 62 78 79
 8 34 39 57 58 60 62 78 79
 8 34 39 53 58 59 60 62
 8 34 39 53 57 58 60 62
 8 34 39 44 58 59 60 62
 8 34 39 44 57 58 60 62
 8 34 37 38 58 59 60 62 78 79
 8 34 37 38 57 58 60 62 78 79
 8 34 37 38 53 58 59 60 62
 8 34 37 38 53 57 58 60 62
 8 34 37 38 44 58 59 60 62
 8 34 37 38 44 57 58 60 62
 8 32 46 56 57 63
 8 32 46 56 57 61 62
 8 32 46 55 56 63
 8 32 46 55 56 61 62
 8 32 44 45 56 57 63
 8 32 44 45 56 57 61 62
 8 32 44 45 55 56 63
 8 32 44 45 55 56 61 62
 8 32 39 58 60 61 62 78 79
 8 32 39 58 59 60 62 78 79
 8 32 39 53 58 60 61 62
 8 32 39 53 58 59 60 62
 8 32 39 44 58 60 61 62
 8 32 39 44 58 59 60 62
 8 32 37 38 58 60 61 62 78 79
 8 32 37 38 58 59 60 62 78 79
 8 32 37 38 53 58 60 61 62
 8 32 37 38 53 58 59 60 62
 8 32 37 38 44 58 60 61 62
 8 32 37 38 44 58 59 60 62
 8 32 36 46 56 57
 8 32 36 46 55 56
 8 32 36 44 45 56 57
 8 32 36 44 45 55 56
 8 32 34 39 58 60 62 78 79
 8 32 34 39 53 58 60 62
 8 32 34 39 44 58 60 62
 8 32 34 37 38 58 60 62 78 79
 8 32 34 37 38 53 58 60 62
 8 32 34 37 38 44 58 60 62
 8 30 46 56 59 63
 8 30 46 56 59 61 62
 8 30 46 56 57 58 63
 8 30 46 56 57 58 61 62
 8 30 44 45 56 59 63
 8 30 44 45 56 59 61 62
 8 30 44 45 56 57 58 63
 8 30 44 45 56 57 58 61 62
 8 30 36 46 56 59
 8 30 36 46 56 57 58
 8 30 36 44 45 56 59
 8 30 36 44 45 56 57 58
 8 30 32 46 56 63
 8 30 32 46 56 61 62
 8 30 32 44 45 56 63
 8 30 32 44 45 56 61 62
 8 30 32 36 46 56
 8 30 32 36 44 45 56
 8 19 56 57 59 63
 8 19 56 57 59 61 62
 8 19 56 57 58 63
 8 19 56 57 58 61 62
 8 19 55 56 59 63
 8 19 55 56 59 61 62
 8 19 55 56 57 58 63
 8 19 55 56 57 58 61 62
 8 19 36 56 57 59
 8 19 36 56 57 58
 8 19 36 55 56 59
 8 19 36 55 56 57 58
 8 19 32 56 57 63
 8 19 32 56 57 61 62
 8 19 32 55 56 63
 8 19 32 55 56 61 62
 8 19 32 36 56 57
 8 19 32 36 55 56
 8 19 30 56 59 63
 8 19 30 56 59 61 62
 8 19 30 56 57 58 63
 8 19 30 56 57 58 61 62
 8 19 30 36 56 59
 8 19 30 36 56 57 58
 8 19 30 32 56 63
 8 19 30 32 56 61 62
 8 19 30 32 36 56
 8 12 58 59 60 62 78 79
 8 12 58 59 60 61 62 78 79
 8 12 57 58 60 61 62 78 79
 8 12 57 58 59 60 62 78 79
 8 12 53 58 59 60 62
 8 12 53 58 59 60 61 62
 8 12 53 57 58 60 61 62
 8 12 53 57 58 59 60 62
 8 12 44 58 59 60 62
 8 12 44 58 59 60 61 62
 8 12 44 57 58 60 61 62
 8 12 44 57 58 59 60 62
 8 12 34 58 59 60 62 78 79
 8 12 34 57 58 60 62 78 79
 8 12 34 53 58 59 60 62
 8 12 34 53 57 58 60 62
 8 12 34 44 58 59 60 62
 8 12 34 44 57 58 60 62
 8 12 32 58 60 61 62 78 79
 8 12 32 58 59 60 62 78 79
 8 12 32 53 58 60 61 62
 8 12 32 53 58 59 60 62
 8 12 32 44 58 60 61 62
 8 12 32 44 58 59 60 62
 8 12 32 34 58 60 62 78 79
 8 12 32 34 53 58 60 62
 8 12 32 34 44 58 60 62
 2 35 39 58 59 60 62
 2 35 39 58 59 60 61 62
 2 35 39 57 58 60 61 62
 2 35 39 57 58 59 60 62
 2 35 37 38 58 59 60 62
 2 35 37 38 58 59 60 61 62
 2 35 37 38 57 58 60 61 62
 2 35 37 38 57 58 59 60 62
 2 34 35 39 58 59 60 62
 2 34 35 39 57 58 60 62
 2 34 35 37 38 58 59 60 62
 2 34 35 37 38 57 58 60 62
 2 33 34 39 58 59 60 61 62
 2 33 34 39 57 58 60 62
 2 33 34 39 57 58 60 61 62
 2 33 34 39 57 58 59 60 62
 2 33 34 37 38 58 59 60 61 62
 2 33 34 37 38 57 58 60 62
 2 33 34 37 38 57 58 60 61 62
 2 33 34 37 38 57 58 59 60 62
 2 32 35 39 58 60 61 62
 2 32 35 39 58 59 60 62
 2 32 35 37 38 58 60 61 62
 2 32 35 37 38 58 59 60 62
 2 32 34 35 39 58 60 62
 2 32 34 35 37 38 58 60 62
 2 32 33 34 39 58 60 62
 2 32 33 34 39 58 60 61 62
 2 32 33 34 39 58 59 60 62
 2 32 33 34 37 38 58 60 62
 2 32 33 34 37 38 58 60 61 62
 2 32 33 34 37 38 58 59 60 62
 2 12 35 58 59 60 62
 2 12 35 58 59 60 61 62
 2 12 35 57 58 60 61 62
 2 12 35 57 58 59 60 62
 2 12 34 35 58 59 60 62
 2 12 34 35 57 58 60 62
 2 12 33 34 58 59 60 61 62
 2 12 33 34 57 58 60 62
 2 12 33 34 57 58 60 61 62
 2 12 33 34 57 58 59 60 62
 2 12 32 35 58 60 61 62
 2 12 32 35 58 59 60 62
 2 12 32 34 35 58 60 62
 2 12 32 33 34 58 60 62
 2 12 32 33 34 58 60 61 62
 2 12 32 33 34 58 59 60 62
 2 8 39 58 59 60 62
 2 8 39 58 59 60 61 62
 2 8 39 57 58 60 61 62
 2 8 39 57 58 59 60 62
 2 8 37 38 58 59 60 62
 2 8 37 38 58 59 60 61 62
 2 8 37 38 57 58 60 61 62
 2 8 37 38 57 58 59 60 62
 2 8 34 39 58 59 60 62
 2 8 34 39 57 58 60 62
 2 8 34 37 38 58 59 60 62
 2 8 34 37 38 57 58 60 62
 2 8 32 39 58 60 61 62
 2 8 32 39 58 59 60 62
 2 8 32 37 38 58 60 61 62
 2 8 32 37 38 58 59 60 62
 2 8 32 34 39 58 60 62
 2 8 32 34 37 38 58 60 62
 2 8 12 58 59 60 62
 2 8 12 58 59 60 61 62
 2 8 12 57 58 60 61 62
 2 8 12 57 58 59 60 62
 2 8 12 34 58 59 60 62
 2 8 12 34 57 58 60 62
 2 8 12 32 58 60 61 62
 2 8 12 32 58 59 60 62
 2 8 12 32 34 58 60 62
 0 1 35 39 58 59 60 62
 0 1 35 39 58 59 60 61 62
 0 1 35 39 57 58 60 61 62
 0 1 35 39 57 58 59 60 62
 0 1 35 37 38 58 59 60 62
 0 1 35 37 38 58 59 60 61 62
 0 1 35 37 38 57 58 60 61 62
 0 1 35 37 38 57 58 59 60 62
 0 1 34 35 39 58 59 60 62
 0 1 34 35 39 57 58 60 62
 0 1 34 35 37 38 58 59 60 62
 0 1 34 35 37 38 57 58 60 62
 0 1 33 34 39 58 59 60 61 62
 0 1 33 34 39 57 58 60 62
 0 1 33 34 39 57 58 60 61 62
 0 1 33 34 39 57 58 59 60 62
 0 1 33 34 37 38 58 59 60 61 62
 0 1 33 34 37 38 57 58 60 62
 0 1 33 34 37 38 57 58 60 61 62
 0 1 33 34 37 38 57 58 59 60 62
 0 1 32 35 39 58 60 61 62
 0 1 32 35 39 58 59 60 62
 0 1 32 35 37 38 58 60 61 62
 0 1 32 35 37 38 58 59 60 62
 0 1 32 34 35 39 58 60 62
 0 1 32 34 35 37 38 58 60 62
 0 1 32 33 34 39 58 60 62
 0 1 32 33 34 39 58 60 61 62
 0 1 32 33 34 39 58 59 60 62
 0 1 32 33 34 37 38 58 60 62
 0 1 32 33 34 37 38 58 60 61 62
 0 1 32 33 34 37 38 58 59 60 62
 0 1 12 35 58 59 60 62
 0 1 12 35 58 59 60 61 62
 0 1 12 35 57 58 60 61 62
 0 1 12 35 57 58 59 60 62
 0 1 12 34 35 58 59 60 62
 0 1 12 34 35 57 58 60 62
 0 1 12 33 34 58 59 60 61 62
 0 1 12 33 34 57 58 60 62
 0 1 12 33 34 57 58 60 61 62
 0 1 12 33 34 57 58 59 60 62
 0 1 12 32 35 58 60 61 62
 0 1 12 32 35 58 59 60 62
 0 1 12 32 34 35 58 60 62
 0 1 12 32 33 34 58 60 62
 0 1 12 32 33 34 58 60 61 62
 0 1 12 32 33 34 58 59 60 62
 0 1 8 39 58 59 60 62
 0 1 8 39 58 59 60 61 62
 0 1 8 39 57 58 60 61 62
 0 1 8 39 57 58 59 60 62
 0 1 8 37 38 58 59 60 62
 0 1 8 37 38 58 59 60 61 62
 0 1 8 37 38 57 58 60 61 62
 0 1 8 37 38 57 58 59 60 62
 0 1 8 34 39 58 59 60 62
 0 1 8 34 39 57 58 60 62
 0 1 8 34 37 38 58 59 60 62
 0 1 8 34 37 38 57 58 60 62
 0 1 8 32 39 58 60 61 62
 0 1 8 32 39 58 59 60 62
 0 1 8 32 37 38 58 60 61 62
 0 1 8 32 37 38 58 59 60 62
 0 1 8 32 34 39 58 60 62
 0 1 8 32 34 37 38 58 60 62
 0 1 8 12 58 59 60 62
 0 1 8 12 58 59 60 61 62
 0 1 8 12 57 58 60 61 62
 0 1 8 12 57 58 59 60 62
 0 1 8 12 34 58 59 60 62
 0 1 8 12 34 57 58 60 62
 0 1 8 12 32 58 60 61 62
 0 1 8 12 32 58 59 60 62
 0 1 8 12 32 34 58 60 62
