 58 62 76 78
 58 62 76 77
 58 62 74 75 78
 58 62 74 75 76 77
 51 58 62 76
 51 58 62 74 75
 49 58 62 78
 49 58 62 76 77
 49 51 58 62
 43 58 62 76 78
 43 58 62 76 77
 43 58 62 74 75 78
 43 58 62 74 75 76 77
 43 51 58 62 76
 43 51 58 62 74 75
 43 49 58 62 78
 43 49 58 62 76 77
 43 49 51 58 62
 41 42 58 62 76 78
 41 42 58 62 76 77
 41 42 58 62 74 75 78
 41 42 58 62 74 75 76 77
 41 42 51 58 62 76
 41 42 51 58 62 74 75
 41 42 49 58 62 78
 41 42 49 58 62 76 77
 41 42 49 51 58 62
 16 58 62 76 78
 16 58 62 76 77
 16 58 62 74 75 78
 16 58 62 74 75 76 77
 16 51 58 62 76
 16 51 58 62 74 75
 16 49 58 62 78
 16 49 58 62 76 77
 16 49 51 58 62
