 58 63 68
 58 61 63 68
 58 61 63 68 74
 58 61 63 68 72 73
 58 61 62 68 74
 58 61 62 68 72 73
 58 60 63 68 74
 58 60 63 68 72 73
 58 60 61 62 68 74
 58 60 61 62 68 72 73
 58 59 60 68
 58 59 60 68 78
 58 59 60 68 76 77
 58 59 60 68 69
 58 59 60 67 68
 58 59 60 63 68
 58 59 60 63 68 74
 58 59 60 63 68 72 73
 58 59 60 61 62 68
 58 59 60 61 62 68 74
 58 59 60 61 62 68 72 73
 57 58 60 68
 57 58 60 68 78
 57 58 60 68 76 77
 57 58 60 68 69
 57 58 60 67 68
 56 58 59 60 68
 56 58 59 60 68 69
 56 58 59 60 67 68
 56 58 59 60 63 68
 56 58 59 60 61 62 68
 56 57 58 60 68
 56 57 58 60 68 69
 56 57 58 60 67 68
 56 57 58 60 63 68
 56 57 58 60 61 62 68
 51 58 59 60 68
 51 57 58 60 68
 47 58 61 63 68
 47 58 61 62 68
 47 58 60 63 68
 47 58 60 61 62 68
 47 58 59 60 63 68
 47 58 59 60 61 62 68
 42 58 59 60 68
 42 57 58 60 68
 42 56 58 59 60 68
 42 56 57 58 60 68
 36 58 68
 36 58 61 68
 36 58 61 68 74
 36 58 61 68 72 73
 36 58 60 68 74
 36 58 60 68 72 73
 36 58 59 60 68
 36 58 59 60 68 74
 36 58 59 60 68 72 73
 36 56 58 59 60 68
 36 56 57 58 60 68
 36 47 58 61 68
 36 47 58 60 68
 36 47 58 59 60 68
 35 58 59 60 63 68
 35 58 59 60 61 62 68
 35 57 58 60 63 68
 35 57 58 60 61 62 68
 35 36 58 59 60 68
 35 36 57 58 60 68
 34 58 63 68
 34 58 63 68 74
 34 58 63 68 72 73
 34 58 61 62 68
 34 58 61 62 68 74
 34 58 61 62 68 72 73
 34 47 58 63 68
 34 47 58 61 62 68
 34 36 58 68
 34 36 58 68 74
 34 36 58 68 72 73
 34 36 47 58 68
 33 34 58 59 60 63 68
 33 34 58 59 60 61 62 68
 33 34 57 58 60 63 68
 33 34 57 58 60 61 62 68
 33 34 36 58 59 60 68
 33 34 36 57 58 60 68
 32 58 60 68
 32 58 60 68 78
 32 58 60 68 76 77
 32 58 60 68 69
 32 58 60 67 68
 32 56 58 60 68
 32 56 58 60 68 69
 32 56 58 60 67 68
 32 56 58 60 63 68
 32 56 58 60 61 62 68
 32 51 58 60 68
 32 42 58 60 68
 32 42 56 58 60 68
 32 36 56 58 60 68
 32 35 58 60 63 68
 32 35 58 60 61 62 68
 32 35 36 58 60 68
 32 33 34 58 60 63 68
 32 33 34 58 60 61 62 68
 32 33 34 36 58 60 68
 27 58 63 68
 27 58 61 63 68
 27 58 59 60 63 68
 27 58 59 60 61 62 68
 27 36 58 68
 27 36 58 61 68
 27 36 58 59 60 68
 27 34 58 63 68
 27 34 58 61 62 68
 27 34 36 58 68
 26 58 63
 26 58 61 63
 26 58 61 63 74
 26 58 61 63 72 73
 26 58 61 62 74
 26 58 61 62 72 73
 26 58 60 63 74
 26 58 60 63 72 73
 26 58 60 61 62 74
 26 58 60 61 62 72 73
 26 58 59 60
 26 58 59 60 78
 26 58 59 60 76 77
 26 58 59 60 69
 26 58 59 60 67 68
 26 58 59 60 63
 26 58 59 60 63 74
 26 58 59 60 63 72 73
 26 58 59 60 61 62
 26 58 59 60 61 62 74
 26 58 59 60 61 62 72 73
 26 57 58 60
 26 57 58 60 78
 26 57 58 60 76 77
 26 57 58 60 69
 26 57 58 60 67 68
 26 56 58 59 60
 26 56 58 59 60 69
 26 56 58 59 60 67 68
 26 56 58 59 60 63
 26 56 58 59 60 61 62
 26 56 57 58 60
 26 56 57 58 60 69
 26 56 57 58 60 67 68
 26 56 57 58 60 63
 26 56 57 58 60 61 62
 26 51 58 59 60
 26 51 57 58 60
 26 47 58 61 63
 26 47 58 61 62
 26 47 58 60 63
 26 47 58 60 61 62
 26 47 58 59 60 63
 26 47 58 59 60 61 62
 26 42 58 59 60
 26 42 57 58 60
 26 42 56 58 59 60
 26 42 56 57 58 60
 26 36 58
 26 36 58 61
 26 36 58 61 74
 26 36 58 61 72 73
 26 36 58 60 74
 26 36 58 60 72 73
 26 36 58 59 60
 26 36 58 59 60 74
 26 36 58 59 60 72 73
 26 36 56 58 59 60
 26 36 56 57 58 60
 26 36 47 58 61
 26 36 47 58 60
 26 36 47 58 59 60
 26 35 58 59 60 63
 26 35 58 59 60 61 62
 26 35 57 58 60 63
 26 35 57 58 60 61 62
 26 35 36 58 59 60
 26 35 36 57 58 60
 26 34 58 63
 26 34 58 63 74
 26 34 58 63 72 73
 26 34 58 61 62
 26 34 58 61 62 74
 26 34 58 61 62 72 73
 26 34 47 58 63
 26 34 47 58 61 62
 26 34 36 58
 26 34 36 58 74
 26 34 36 58 72 73
 26 34 36 47 58
 26 33 34 58 59 60 63
 26 33 34 58 59 60 61 62
 26 33 34 57 58 60 63
 26 33 34 57 58 60 61 62
 26 33 34 36 58 59 60
 26 33 34 36 57 58 60
 26 32 58 60
 26 32 58 60 78
 26 32 58 60 76 77
 26 32 58 60 69
 26 32 58 60 67 68
 26 32 56 58 60
 26 32 56 58 60 69
 26 32 56 58 60 67 68
 26 32 56 58 60 63
 26 32 56 58 60 61 62
 26 32 51 58 60
 26 32 42 58 60
 26 32 42 56 58 60
 26 32 36 56 58 60
 26 32 35 58 60 63
 26 32 35 58 60 61 62
 26 32 35 36 58 60
 26 32 33 34 58 60 63
 26 32 33 34 58 60 61 62
 26 32 33 34 36 58 60
 26 27 58 63
 26 27 58 61 63
 26 27 58 59 60 63
 26 27 58 59 60 61 62
 26 27 36 58
 26 27 36 58 61
 26 27 36 58 59 60
 26 27 34 58 63
 26 27 34 58 61 62
 26 27 34 36 58
 25 63 68
 25 61 62 68
 25 36 68
 25 26 63
 25 26 61 62
 25 26 36
 24 25 63
 24 25 61 62
 24 25 58 63
 24 25 58 61 63
 24 25 58 61 63 74
 24 25 58 61 63 72 73
 24 25 58 61 62 74
 24 25 58 61 62 72 73
 24 25 58 60 63 74
 24 25 58 60 63 72 73
 24 25 58 60 61 62 74
 24 25 58 60 61 62 72 73
 24 25 58 59 60
 24 25 58 59 60 78
 24 25 58 59 60 76 77
 24 25 58 59 60 69
 24 25 58 59 60 67 68
 24 25 58 59 60 63
 24 25 58 59 60 63 74
 24 25 58 59 60 63 72 73
 24 25 58 59 60 61 62
 24 25 58 59 60 61 62 74
 24 25 58 59 60 61 62 72 73
 24 25 57 58 60
 24 25 57 58 60 78
 24 25 57 58 60 76 77
 24 25 57 58 60 69
 24 25 57 58 60 67 68
 24 25 56 58 59 60
 24 25 56 58 59 60 69
 24 25 56 58 59 60 67 68
 24 25 56 58 59 60 63
 24 25 56 58 59 60 61 62
 24 25 56 57 58 60
 24 25 56 57 58 60 69
 24 25 56 57 58 60 67 68
 24 25 56 57 58 60 63
 24 25 56 57 58 60 61 62
 24 25 51 58 59 60
 24 25 51 57 58 60
 24 25 47 58 61 63
 24 25 47 58 61 62
 24 25 47 58 60 63
 24 25 47 58 60 61 62
 24 25 47 58 59 60 63
 24 25 47 58 59 60 61 62
 24 25 42 58 59 60
 24 25 42 57 58 60
 24 25 42 56 58 59 60
 24 25 42 56 57 58 60
 24 25 36
 24 25 36 58
 24 25 36 58 61
 24 25 36 58 61 74
 24 25 36 58 61 72 73
 24 25 36 58 60 74
 24 25 36 58 60 72 73
 24 25 36 58 59 60
 24 25 36 58 59 60 74
 24 25 36 58 59 60 72 73
 24 25 36 56 58 59 60
 24 25 36 56 57 58 60
 24 25 36 47 58 61
 24 25 36 47 58 60
 24 25 36 47 58 59 60
 24 25 35 58 59 60 63
 24 25 35 58 59 60 61 62
 24 25 35 57 58 60 63
 24 25 35 57 58 60 61 62
 24 25 35 36 58 59 60
 24 25 35 36 57 58 60
 24 25 34 58 63
 24 25 34 58 63 74
 24 25 34 58 63 72 73
 24 25 34 58 61 62
 24 25 34 58 61 62 74
 24 25 34 58 61 62 72 73
 24 25 34 47 58 63
 24 25 34 47 58 61 62
 24 25 34 36 58
 24 25 34 36 58 74
 24 25 34 36 58 72 73
 24 25 34 36 47 58
 24 25 33 34 58 59 60 63
 24 25 33 34 58 59 60 61 62
 24 25 33 34 57 58 60 63
 24 25 33 34 57 58 60 61 62
 24 25 33 34 36 58 59 60
 24 25 33 34 36 57 58 60
 24 25 32 58 60
 24 25 32 58 60 78
 24 25 32 58 60 76 77
 24 25 32 58 60 69
 24 25 32 58 60 67 68
 24 25 32 56 58 60
 24 25 32 56 58 60 69
 24 25 32 56 58 60 67 68
 24 25 32 56 58 60 63
 24 25 32 56 58 60 61 62
 24 25 32 51 58 60
 24 25 32 42 58 60
 24 25 32 42 56 58 60
 24 25 32 36 56 58 60
 24 25 32 35 58 60 63
 24 25 32 35 58 60 61 62
 24 25 32 35 36 58 60
 24 25 32 33 34 58 60 63
 24 25 32 33 34 58 60 61 62
 24 25 32 33 34 36 58 60
 24 25 27 58 63
 24 25 27 58 61 63
 24 25 27 58 59 60 63
 24 25 27 58 59 60 61 62
 24 25 27 36 58
 24 25 27 36 58 61
 24 25 27 36 58 59 60
 24 25 27 34 58 63
 24 25 27 34 58 61 62
 24 25 27 34 36 58
 18 58 63 68 74
 18 58 63 68 72 73
 18 58 61 62 68 74
 18 58 61 62 68 72 73
 18 47 58 63 68
 18 47 58 61 62 68
 18 36 58 68 74
 18 36 58 68 72 73
 18 36 47 58 68
 18 26 58 63 74
 18 26 58 63 72 73
 18 26 58 61 62 74
 18 26 58 61 62 72 73
 18 26 47 58 63
 18 26 47 58 61 62
 18 26 36 58 74
 18 26 36 58 72 73
 18 26 36 47 58
 18 24 25 58 63 74
 18 24 25 58 63 72 73
 18 24 25 58 61 62 74
 18 24 25 58 61 62 72 73
 18 24 25 47 58 63
 18 24 25 47 58 61 62
 18 24 25 36 58 74
 18 24 25 36 58 72 73
 18 24 25 36 47 58
 16 58 61 63 68 74
 16 58 61 63 68 72 73
 16 58 61 62 68 74
 16 58 61 62 68 72 73
 16 58 59 60 63 68 74
 16 58 59 60 63 68 72 73
 16 58 59 60 61 62 68 74
 16 58 59 60 61 62 68 72 73
 16 47 58 61 63 68
 16 47 58 61 62 68
 16 47 58 59 60 63 68
 16 47 58 59 60 61 62 68
 16 36 58 61 68 74
 16 36 58 61 68 72 73
 16 36 58 59 60 68 74
 16 36 58 59 60 68 72 73
 16 36 47 58 61 68
 16 36 47 58 59 60 68
 16 34 58 63 68 74
 16 34 58 63 68 72 73
 16 34 58 61 62 68 74
 16 34 58 61 62 68 72 73
 16 34 47 58 63 68
 16 34 47 58 61 62 68
 16 34 36 58 68 74
 16 34 36 58 68 72 73
 16 34 36 47 58 68
 16 26 58 61 63 74
 16 26 58 61 63 72 73
 16 26 58 61 62 74
 16 26 58 61 62 72 73
 16 26 58 59 60 63 74
 16 26 58 59 60 63 72 73
 16 26 58 59 60 61 62 74
 16 26 58 59 60 61 62 72 73
 16 26 47 58 61 63
 16 26 47 58 61 62
 16 26 47 58 59 60 63
 16 26 47 58 59 60 61 62
 16 26 36 58 61 74
 16 26 36 58 61 72 73
 16 26 36 58 59 60 74
 16 26 36 58 59 60 72 73
 16 26 36 47 58 61
 16 26 36 47 58 59 60
 16 26 34 58 63 74
 16 26 34 58 63 72 73
 16 26 34 58 61 62 74
 16 26 34 58 61 62 72 73
 16 26 34 47 58 63
 16 26 34 47 58 61 62
 16 26 34 36 58 74
 16 26 34 36 58 72 73
 16 26 34 36 47 58
 16 24 25 58 61 63 74
 16 24 25 58 61 63 72 73
 16 24 25 58 61 62 74
 16 24 25 58 61 62 72 73
 16 24 25 58 59 60 63 74
 16 24 25 58 59 60 63 72 73
 16 24 25 58 59 60 61 62 74
 16 24 25 58 59 60 61 62 72 73
 16 24 25 47 58 61 63
 16 24 25 47 58 61 62
 16 24 25 47 58 59 60 63
 16 24 25 47 58 59 60 61 62
 16 24 25 36 58 61 74
 16 24 25 36 58 61 72 73
 16 24 25 36 58 59 60 74
 16 24 25 36 58 59 60 72 73
 16 24 25 36 47 58 61
 16 24 25 36 47 58 59 60
 16 24 25 34 58 63 74
 16 24 25 34 58 63 72 73
 16 24 25 34 58 61 62 74
 16 24 25 34 58 61 62 72 73
 16 24 25 34 47 58 63
 16 24 25 34 47 58 61 62
 16 24 25 34 36 58 74
 16 24 25 34 36 58 72 73
 16 24 25 34 36 47 58
 16 17 58 63 68 74
 16 17 58 63 68 72 73
 16 17 58 61 62 68 74
 16 17 58 61 62 68 72 73
 16 17 47 58 63 68
 16 17 47 58 61 62 68
 16 17 36 58 68 74
 16 17 36 58 68 72 73
 16 17 36 47 58 68
 16 17 26 58 63 74
 16 17 26 58 63 72 73
 16 17 26 58 61 62 74
 16 17 26 58 61 62 72 73
 16 17 26 47 58 63
 16 17 26 47 58 61 62
 16 17 26 36 58 74
 16 17 26 36 58 72 73
 16 17 26 36 47 58
 16 17 24 25 58 63 74
 16 17 24 25 58 63 72 73
 16 17 24 25 58 61 62 74
 16 17 24 25 58 61 62 72 73
 16 17 24 25 47 58 63
 16 17 24 25 47 58 61 62
 16 17 24 25 36 58 74
 16 17 24 25 36 58 72 73
 16 17 24 25 36 47 58
 14 15 58 61 63 68 74
 14 15 58 61 63 68 72 73
 14 15 58 61 62 68 74
 14 15 58 61 62 68 72 73
 14 15 58 59 60 63 68 74
 14 15 58 59 60 63 68 72 73
 14 15 58 59 60 61 62 68 74
 14 15 58 59 60 61 62 68 72 73
 14 15 47 58 61 63 68
 14 15 47 58 61 62 68
 14 15 47 58 59 60 63 68
 14 15 47 58 59 60 61 62 68
 14 15 36 58 61 68 74
 14 15 36 58 61 68 72 73
 14 15 36 58 59 60 68 74
 14 15 36 58 59 60 68 72 73
 14 15 36 47 58 61 68
 14 15 36 47 58 59 60 68
 14 15 34 58 63 68 74
 14 15 34 58 63 68 72 73
 14 15 34 58 61 62 68 74
 14 15 34 58 61 62 68 72 73
 14 15 34 47 58 63 68
 14 15 34 47 58 61 62 68
 14 15 34 36 58 68 74
 14 15 34 36 58 68 72 73
 14 15 34 36 47 58 68
 14 15 26 58 61 63 74
 14 15 26 58 61 63 72 73
 14 15 26 58 61 62 74
 14 15 26 58 61 62 72 73
 14 15 26 58 59 60 63 74
 14 15 26 58 59 60 63 72 73
 14 15 26 58 59 60 61 62 74
 14 15 26 58 59 60 61 62 72 73
 14 15 26 47 58 61 63
 14 15 26 47 58 61 62
 14 15 26 47 58 59 60 63
 14 15 26 47 58 59 60 61 62
 14 15 26 36 58 61 74
 14 15 26 36 58 61 72 73
 14 15 26 36 58 59 60 74
 14 15 26 36 58 59 60 72 73
 14 15 26 36 47 58 61
 14 15 26 36 47 58 59 60
 14 15 26 34 58 63 74
 14 15 26 34 58 63 72 73
 14 15 26 34 58 61 62 74
 14 15 26 34 58 61 62 72 73
 14 15 26 34 47 58 63
 14 15 26 34 47 58 61 62
 14 15 26 34 36 58 74
 14 15 26 34 36 58 72 73
 14 15 26 34 36 47 58
 14 15 24 25 58 61 63 74
 14 15 24 25 58 61 63 72 73
 14 15 24 25 58 61 62 74
 14 15 24 25 58 61 62 72 73
 14 15 24 25 58 59 60 63 74
 14 15 24 25 58 59 60 63 72 73
 14 15 24 25 58 59 60 61 62 74
 14 15 24 25 58 59 60 61 62 72 73
 14 15 24 25 47 58 61 63
 14 15 24 25 47 58 61 62
 14 15 24 25 47 58 59 60 63
 14 15 24 25 47 58 59 60 61 62
 14 15 24 25 36 58 61 74
 14 15 24 25 36 58 61 72 73
 14 15 24 25 36 58 59 60 74
 14 15 24 25 36 58 59 60 72 73
 14 15 24 25 36 47 58 61
 14 15 24 25 36 47 58 59 60
 14 15 24 25 34 58 63 74
 14 15 24 25 34 58 63 72 73
 14 15 24 25 34 58 61 62 74
 14 15 24 25 34 58 61 62 72 73
 14 15 24 25 34 47 58 63
 14 15 24 25 34 47 58 61 62
 14 15 24 25 34 36 58 74
 14 15 24 25 34 36 58 72 73
 14 15 24 25 34 36 47 58
 8 58 59 60 63 68
 8 58 59 60 61 62 68
 8 57 58 60 63 68
 8 57 58 60 61 62 68
 8 36 58 59 60 68
 8 36 57 58 60 68
 8 32 58 60 63 68
 8 32 58 60 61 62 68
 8 32 36 58 60 68
 8 26 58 59 60 63
 8 26 58 59 60 61 62
 8 26 57 58 60 63
 8 26 57 58 60 61 62
 8 26 36 58 59 60
 8 26 36 57 58 60
 8 26 32 58 60 63
 8 26 32 58 60 61 62
 8 26 32 36 58 60
 8 24 25 58 59 60 63
 8 24 25 58 59 60 61 62
 8 24 25 57 58 60 63
 8 24 25 57 58 60 61 62
 8 24 25 36 58 59 60
 8 24 25 36 57 58 60
 8 24 25 32 58 60 63
 8 24 25 32 58 60 61 62
 8 24 25 32 36 58 60
