 59 62 74 78 79
 59 62 72 73 78 79
 58 60 62 63 74
 58 60 62 63 72 73
 58 60 61 62 74
 58 60 61 62 72 73
 58 59 60 63 74
 58 59 60 63 72 73
 58 59 60 61 62 74
 58 59 60 61 62 72 73
 57 58 62 74 78 79
 57 58 62 72 73 78 79
 57 58 60 63 74
 57 58 60 63 72 73
 57 58 60 61 62 74
 57 58 60 61 62 72 73
 53 59 62 74
 53 59 62 72 73
 53 57 58 62 74
 53 57 58 62 72 73
 47 59 62 78 79
 47 58 60 62 63
 47 58 60 61 62
 47 58 59 60 63
 47 58 59 60 61 62
 47 57 58 62 78 79
 47 57 58 60 63
 47 57 58 60 61 62
 47 53 59 62
 47 53 57 58 62
 46 61
 46 61 68 78
 46 61 68 76 77
 46 60 61
 46 59 60 68 78
 46 59 60 68 76 77
 46 58 60 61 63 74
 46 58 60 61 63 72 73
 46 58 60 61 62 74
 46 58 60 61 62 72 73
 46 58 59 60 63 74
 46 58 59 60 63 72 73
 46 58 59 60 61 62 74
 46 58 59 60 61 62 72 73
 46 57 63 74
 46 57 63 72 73
 46 57 61 63 74
 46 57 61 63 72 73
 46 57 59 60 63 74
 46 57 59 60 63 72 73
 46 57 59 60 61 62 74
 46 57 59 60 61 62 72 73
 46 56 61 68
 46 56 61 68 78
 46 56 61 68 76 77
 46 56 60 61 68
 46 56 59 60 68 78
 46 56 59 60 68 76 77
 46 55 56 61 63 74
 46 55 56 61 63 72 73
 46 55 56 61 62 74
 46 55 56 61 62 72 73
 46 55 56 59 63
 46 55 56 59 61 63
 46 55 56 59 60 63
 46 55 56 59 60 63 74
 46 55 56 59 60 63 72 73
 46 55 56 59 60 61 62
 46 55 56 59 60 61 62 74
 46 55 56 59 60 61 62 72 73
 46 55 56 57 58 63
 46 55 56 57 58 61 63
 46 55 56 57 58 59 60 63
 46 55 56 57 58 59 60 61 62
 46 54 61 68 78
 46 54 61 68 76 77
 46 54 59 60 68 78
 46 54 59 60 68 76 77
 46 52 61 78
 46 52 61 76 77
 46 52 59 60 78
 46 52 59 60 76 77
 46 52 53 61 68 78
 46 52 53 61 68 76 77
 46 52 53 59 60 68 78
 46 52 53 59 60 68 76 77
 46 51 61 68
 46 51 59 60 68
 46 51 56 61 68
 46 51 56 59 60 68
 46 51 54 61 68
 46 51 54 59 60 68
 46 51 52 61
 46 51 52 59 60
 46 51 52 53 61 68
 46 51 52 53 59 60 68
 46 50 51 61
 46 50 51 61 78
 46 50 51 61 76 77
 46 50 51 59 60
 46 50 51 59 60 78
 46 50 51 59 60 76 77
 46 47 58 60 61 63
 46 47 58 60 61 62
 46 47 58 59 60 63
 46 47 58 59 60 61 62
 46 47 57 63
 46 47 57 61 63
 46 47 57 59 60 63
 46 47 57 59 60 61 62
 46 47 55 56 61 63
 46 47 55 56 61 62
 46 47 55 56 59 60 63
 46 47 55 56 59 60 61 62
 44 59
 44 59 74 78
 44 59 74 76 77
 44 59 72 73 78
 44 59 72 73 76 77
 44 59 62 74
 44 59 62 72 73
 44 57 58
 44 57 58 74 78
 44 57 58 74 76 77
 44 57 58 72 73 78
 44 57 58 72 73 76 77
 44 57 58 62 74
 44 57 58 62 72 73
 44 51 59 74
 44 51 59 72 73
 44 51 57 58 74
 44 51 57 58 72 73
 44 47 59 78
 44 47 59 76 77
 44 47 59 62
 44 47 57 58 78
 44 47 57 58 76 77
 44 47 57 58 62
 44 47 51 59
 44 47 51 57 58
 44 45 61
 44 45 61 68 78
 44 45 61 68 76 77
 44 45 60 61
 44 45 59 60 68 78
 44 45 59 60 68 76 77
 44 45 58 60 61 63 74
 44 45 58 60 61 63 72 73
 44 45 58 60 61 62 74
 44 45 58 60 61 62 72 73
 44 45 58 59 60 63 74
 44 45 58 59 60 63 72 73
 44 45 58 59 60 61 62 74
 44 45 58 59 60 61 62 72 73
 44 45 57 63 74
 44 45 57 63 72 73
 44 45 57 61 63 74
 44 45 57 61 63 72 73
 44 45 57 59 60 63 74
 44 45 57 59 60 63 72 73
 44 45 57 59 60 61 62 74
 44 45 57 59 60 61 62 72 73
 44 45 56 61 68
 44 45 56 61 68 78
 44 45 56 61 68 76 77
 44 45 56 60 61 68
 44 45 56 59 60 68 78
 44 45 56 59 60 68 76 77
 44 45 55 56 61 63 74
 44 45 55 56 61 63 72 73
 44 45 55 56 61 62 74
 44 45 55 56 61 62 72 73
 44 45 55 56 59 63
 44 45 55 56 59 61 63
 44 45 55 56 59 60 63
 44 45 55 56 59 60 63 74
 44 45 55 56 59 60 63 72 73
 44 45 55 56 59 60 61 62
 44 45 55 56 59 60 61 62 74
 44 45 55 56 59 60 61 62 72 73
 44 45 55 56 57 58 63
 44 45 55 56 57 58 61 63
 44 45 55 56 57 58 59 60 63
 44 45 55 56 57 58 59 60 61 62
 44 45 54 61 68 78
 44 45 54 61 68 76 77
 44 45 54 59 60 68 78
 44 45 54 59 60 68 76 77
 44 45 52 61 78
 44 45 52 61 76 77
 44 45 52 59 60 78
 44 45 52 59 60 76 77
 44 45 52 53 61 68 78
 44 45 52 53 61 68 76 77
 44 45 52 53 59 60 68 78
 44 45 52 53 59 60 68 76 77
 44 45 51 61 68
 44 45 51 59 60 68
 44 45 51 56 61 68
 44 45 51 56 59 60 68
 44 45 51 54 61 68
 44 45 51 54 59 60 68
 44 45 51 52 61
 44 45 51 52 59 60
 44 45 51 52 53 61 68
 44 45 51 52 53 59 60 68
 44 45 50 51 61
 44 45 50 51 61 78
 44 45 50 51 61 76 77
 44 45 50 51 59 60
 44 45 50 51 59 60 78
 44 45 50 51 59 60 76 77
 44 45 47 58 60 61 63
 44 45 47 58 60 61 62
 44 45 47 58 59 60 63
 44 45 47 58 59 60 61 62
 44 45 47 57 63
 44 45 47 57 61 63
 44 45 47 57 59 60 63
 44 45 47 57 59 60 61 62
 44 45 47 55 56 61 63
 44 45 47 55 56 61 62
 44 45 47 55 56 59 60 63
 44 45 47 55 56 59 60 61 62
 43 60 61 68
 43 59 60 68
 42 60 61 68
 42 59 60 68
 39 40 42 60 61 68
 39 40 42 59 60 68
 39 40 41 60 61 68
 39 40 41 59 60 68
 36 58 60 62 74
 36 58 60 62 72 73
 36 58 59 60 74
 36 58 59 60 72 73
 36 57 58 60 74
 36 57 58 60 72 73
 36 47 58 60 62
 36 47 58 59 60
 36 47 57 58 60
 36 46 58 60 61 74
 36 46 58 60 61 72 73
 36 46 58 59 60 74
 36 46 58 59 60 72 73
 36 46 57 74
 36 46 57 72 73
 36 46 57 61 74
 36 46 57 61 72 73
 36 46 57 59 60 74
 36 46 57 59 60 72 73
 36 46 55 56 61 74
 36 46 55 56 61 72 73
 36 46 55 56 59
 36 46 55 56 59 61
 36 46 55 56 59 60
 36 46 55 56 59 60 74
 36 46 55 56 59 60 72 73
 36 46 55 56 57 58
 36 46 55 56 57 58 61
 36 46 55 56 57 58 59 60
 36 46 47 58 60 61
 36 46 47 58 59 60
 36 46 47 57
 36 46 47 57 61
 36 46 47 57 59 60
 36 46 47 55 56 61
 36 46 47 55 56 59 60
 36 44 45 58 60 61 74
 36 44 45 58 60 61 72 73
 36 44 45 58 59 60 74
 36 44 45 58 59 60 72 73
 36 44 45 57 74
 36 44 45 57 72 73
 36 44 45 57 61 74
 36 44 45 57 61 72 73
 36 44 45 57 59 60 74
 36 44 45 57 59 60 72 73
 36 44 45 55 56 61 74
 36 44 45 55 56 61 72 73
 36 44 45 55 56 59
 36 44 45 55 56 59 61
 36 44 45 55 56 59 60
 36 44 45 55 56 59 60 74
 36 44 45 55 56 59 60 72 73
 36 44 45 55 56 57 58
 36 44 45 55 56 57 58 61
 36 44 45 55 56 57 58 59 60
 36 44 45 47 58 60 61
 36 44 45 47 58 59 60
 36 44 45 47 57
 36 44 45 47 57 61
 36 44 45 47 57 59 60
 36 44 45 47 55 56 61
 36 44 45 47 55 56 59 60
 35 44 46 60 61
 35 44 46 60 61 68
 35 44 46 59 60
 35 44 46 59 60 68
 35 44 45 60 61
 35 44 45 60 61 68
 35 44 45 59 60
 35 44 45 59 60 68
 35 42 43 46 60 61
 35 42 43 46 60 61 68
 35 42 43 46 59 60
 35 42 43 46 59 60 68
 35 42 43 44 45 60 61
 35 42 43 44 45 60 61 68
 35 42 43 44 45 59 60
 35 42 43 44 45 59 60 68
 34 46
 34 46 68 78
 34 46 68 76 77
 34 46 60
 34 46 58 60 63 74
 34 46 58 60 63 72 73
 34 46 58 60 61 62 74
 34 46 58 60 61 62 72 73
 34 46 57 63 74
 34 46 57 63 72 73
 34 46 57 61 62 74
 34 46 57 61 62 72 73
 34 46 56 68
 34 46 56 68 78
 34 46 56 68 76 77
 34 46 56 60 68
 34 46 55 56 63 74
 34 46 55 56 63 72 73
 34 46 55 56 61 62 74
 34 46 55 56 61 62 72 73
 34 46 55 56 59 63
 34 46 55 56 59 61 62
 34 46 55 56 57 58 63
 34 46 55 56 57 58 61 62
 34 46 54 68 78
 34 46 54 68 76 77
 34 46 52 78
 34 46 52 76 77
 34 46 52 53 68 78
 34 46 52 53 68 76 77
 34 46 51 68
 34 46 51 56 68
 34 46 51 54 68
 34 46 51 52
 34 46 51 52 53 68
 34 46 50 51
 34 46 50 51 78
 34 46 50 51 76 77
 34 46 47 58 60 63
 34 46 47 58 60 61 62
 34 46 47 57 63
 34 46 47 57 61 62
 34 46 47 55 56 63
 34 46 47 55 56 61 62
 34 44 45
 34 44 45 68 78
 34 44 45 68 76 77
 34 44 45 60
 34 44 45 58 60 63 74
 34 44 45 58 60 63 72 73
 34 44 45 58 60 61 62 74
 34 44 45 58 60 61 62 72 73
 34 44 45 57 63 74
 34 44 45 57 63 72 73
 34 44 45 57 61 62 74
 34 44 45 57 61 62 72 73
 34 44 45 56 68
 34 44 45 56 68 78
 34 44 45 56 68 76 77
 34 44 45 56 60 68
 34 44 45 55 56 63 74
 34 44 45 55 56 63 72 73
 34 44 45 55 56 61 62 74
 34 44 45 55 56 61 62 72 73
 34 44 45 55 56 59 63
 34 44 45 55 56 59 61 62
 34 44 45 55 56 57 58 63
 34 44 45 55 56 57 58 61 62
 34 44 45 54 68 78
 34 44 45 54 68 76 77
 34 44 45 52 78
 34 44 45 52 76 77
 34 44 45 52 53 68 78
 34 44 45 52 53 68 76 77
 34 44 45 51 68
 34 44 45 51 56 68
 34 44 45 51 54 68
 34 44 45 51 52
 34 44 45 51 52 53 68
 34 44 45 50 51
 34 44 45 50 51 78
 34 44 45 50 51 76 77
 34 44 45 47 58 60 63
 34 44 45 47 58 60 61 62
 34 44 45 47 57 63
 34 44 45 47 57 61 62
 34 44 45 47 55 56 63
 34 44 45 47 55 56 61 62
 34 43 60 68
 34 42 60 68
 34 39 40 42 60 68
 34 39 40 41 60 68
 34 36 46 58 60 74
 34 36 46 58 60 72 73
 34 36 46 57 74
 34 36 46 57 72 73
 34 36 46 55 56 74
 34 36 46 55 56 72 73
 34 36 46 55 56 59
 34 36 46 55 56 57 58
 34 36 46 47 58 60
 34 36 46 47 57
 34 36 46 47 55 56
 34 36 44 45 58 60 74
 34 36 44 45 58 60 72 73
 34 36 44 45 57 74
 34 36 44 45 57 72 73
 34 36 44 45 55 56 74
 34 36 44 45 55 56 72 73
 34 36 44 45 55 56 59
 34 36 44 45 55 56 57 58
 34 36 44 45 47 58 60
 34 36 44 45 47 57
 34 36 44 45 47 55 56
 34 35 44 46 60
 34 35 44 46 60 68
 34 35 44 45 60
 34 35 44 45 60 68
 34 35 42 43 46 60
 34 35 42 43 46 60 68
 34 35 42 43 44 45 60
 34 35 42 43 44 45 60 68
 33 34 44 46 60
 33 34 44 46 60 68
 33 34 44 46 60 61
 33 34 44 46 60 61 68
 33 34 44 46 59 60
 33 34 44 46 59 60 68
 33 34 44 45 60
 33 34 44 45 60 68
 33 34 44 45 60 61
 33 34 44 45 60 61 68
 33 34 44 45 59 60
 33 34 44 45 59 60 68
 33 34 42 43 46 60
 33 34 42 43 46 60 68
 33 34 42 43 46 60 61
 33 34 42 43 46 60 61 68
 33 34 42 43 46 59 60
 33 34 42 43 46 59 60 68
 33 34 42 43 44 45 60
 33 34 42 43 44 45 60 68
 33 34 42 43 44 45 60 61
 33 34 42 43 44 45 60 61 68
 33 34 42 43 44 45 59 60
 33 34 42 43 44 45 59 60 68
 32 62 74 78 79
 32 62 72 73 78 79
 32 58 60 63 74
 32 58 60 63 72 73
 32 58 60 61 62 74
 32 58 60 61 62 72 73
 32 53 62 74
 32 53 62 72 73
 32 47 62 78 79
 32 47 58 60 63
 32 47 58 60 61 62
 32 47 53 62
 32 46 55 56 63
 32 46 55 56 61 63
 32 46 55 56 59 60 63
 32 46 55 56 59 60 61 62
 32 44
 32 44 74 78
 32 44 74 76 77
 32 44 72 73 78
 32 44 72 73 76 77
 32 44 62 74
 32 44 62 72 73
 32 44 51 74
 32 44 51 72 73
 32 44 47 78
 32 44 47 76 77
 32 44 47 62
 32 44 47 51
 32 44 45 55 56 63
 32 44 45 55 56 61 63
 32 44 45 55 56 59 60 63
 32 44 45 55 56 59 60 61 62
 32 36 58 60 74
 32 36 58 60 72 73
 32 36 47 58 60
 32 36 46 55 56
 32 36 46 55 56 61
 32 36 46 55 56 59 60
 32 36 44 45 55 56
 32 36 44 45 55 56 61
 32 36 44 45 55 56 59 60
 32 34 46 55 56 63
 32 34 46 55 56 61 62
 32 34 44 45 55 56 63
 32 34 44 45 55 56 61 62
 32 34 36 46 55 56
 32 34 36 44 45 55 56
 30 46 63 74
 30 46 63 72 73
 30 46 61 63 74
 30 46 61 63 72 73
 30 46 59 60 63 74
 30 46 59 60 63 72 73
 30 46 59 60 61 62 74
 30 46 59 60 61 62 72 73
 30 46 47 63
 30 46 47 61 63
 30 46 47 59 60 63
 30 46 47 59 60 61 62
 30 44 45 63 74
 30 44 45 63 72 73
 30 44 45 61 63 74
 30 44 45 61 63 72 73
 30 44 45 59 60 63 74
 30 44 45 59 60 63 72 73
 30 44 45 59 60 61 62 74
 30 44 45 59 60 61 62 72 73
 30 44 45 47 63
 30 44 45 47 61 63
 30 44 45 47 59 60 63
 30 44 45 47 59 60 61 62
 30 36 46 74
 30 36 46 72 73
 30 36 46 61 74
 30 36 46 61 72 73
 30 36 46 59 60 74
 30 36 46 59 60 72 73
 30 36 46 47
 30 36 46 47 61
 30 36 46 47 59 60
 30 36 44 45 74
 30 36 44 45 72 73
 30 36 44 45 61 74
 30 36 44 45 61 72 73
 30 36 44 45 59 60 74
 30 36 44 45 59 60 72 73
 30 36 44 45 47
 30 36 44 45 47 61
 30 36 44 45 47 59 60
 30 34 46 63 74
 30 34 46 63 72 73
 30 34 46 61 62 74
 30 34 46 61 62 72 73
 30 34 46 47 63
 30 34 46 47 61 62
 30 34 44 45 63 74
 30 34 44 45 63 72 73
 30 34 44 45 61 62 74
 30 34 44 45 61 62 72 73
 30 34 44 45 47 63
 30 34 44 45 47 61 62
 30 34 36 46 74
 30 34 36 46 72 73
 30 34 36 46 47
 30 34 36 44 45 74
 30 34 36 44 45 72 73
 30 34 36 44 45 47
 29 59 62 74 78 79
 29 59 62 72 73 78 79
 29 58 60 62 63 74
 29 58 60 62 63 72 73
 29 58 60 61 62 74
 29 58 60 61 62 72 73
 29 58 59 60 63 74
 29 58 59 60 63 72 73
 29 58 59 60 61 62 74
 29 58 59 60 61 62 72 73
 29 57 58 62 74 78 79
 29 57 58 62 72 73 78 79
 29 57 58 60 63 74
 29 57 58 60 63 72 73
 29 57 58 60 61 62 74
 29 57 58 60 61 62 72 73
 29 53 59 62 74
 29 53 59 62 72 73
 29 53 57 58 62 74
 29 53 57 58 62 72 73
 29 52 59 60 63
 29 52 59 60 61 62
 29 52 57 58 60 63
 29 52 57 58 60 61 62
 29 50 51 59 60 63
 29 50 51 59 60 61 62
 29 50 51 57 58 60 63
 29 50 51 57 58 60 61 62
 29 47 59 62 78 79
 29 47 58 60 62 63
 29 47 58 60 61 62
 29 47 58 59 60 63
 29 47 58 59 60 61 62
 29 47 57 58 62 78 79
 29 47 57 58 60 63
 29 47 57 58 60 61 62
 29 47 53 59 62
 29 47 53 57 58 62
 29 46 61
 29 46 60 61
 29 46 58 60 61 63 74
 29 46 58 60 61 63 72 73
 29 46 58 60 61 62 74
 29 46 58 60 61 62 72 73
 29 46 58 59 60 63 74
 29 46 58 59 60 63 72 73
 29 46 58 59 60 61 62 74
 29 46 58 59 60 61 62 72 73
 29 46 52 61 78
 29 46 52 61 76 77
 29 46 52 59 60 78
 29 46 52 59 60 76 77
 29 46 51 52 61
 29 46 51 52 59 60
 29 46 50 51 61
 29 46 50 51 61 78
 29 46 50 51 61 76 77
 29 46 50 51 59 60
 29 46 50 51 59 60 78
 29 46 50 51 59 60 76 77
 29 46 47 58 60 61 63
 29 46 47 58 60 61 62
 29 46 47 58 59 60 63
 29 46 47 58 59 60 61 62
 29 44 59
 29 44 59 74 78
 29 44 59 74 76 77
 29 44 59 72 73 78
 29 44 59 72 73 76 77
 29 44 59 62 74
 29 44 59 62 72 73
 29 44 57 58
 29 44 57 58 74 78
 29 44 57 58 74 76 77
 29 44 57 58 72 73 78
 29 44 57 58 72 73 76 77
 29 44 57 58 62 74
 29 44 57 58 62 72 73
 29 44 51 59 74
 29 44 51 59 72 73
 29 44 51 57 58 74
 29 44 51 57 58 72 73
 29 44 47 59 78
 29 44 47 59 76 77
 29 44 47 59 62
 29 44 47 57 58 78
 29 44 47 57 58 76 77
 29 44 47 57 58 62
 29 44 47 51 59
 29 44 47 51 57 58
 29 44 45 61
 29 44 45 60 61
 29 44 45 58 60 61 63 74
 29 44 45 58 60 61 63 72 73
 29 44 45 58 60 61 62 74
 29 44 45 58 60 61 62 72 73
 29 44 45 58 59 60 63 74
 29 44 45 58 59 60 63 72 73
 29 44 45 58 59 60 61 62 74
 29 44 45 58 59 60 61 62 72 73
 29 44 45 52 61 78
 29 44 45 52 61 76 77
 29 44 45 52 59 60 78
 29 44 45 52 59 60 76 77
 29 44 45 51 52 61
 29 44 45 51 52 59 60
 29 44 45 50 51 61
 29 44 45 50 51 61 78
 29 44 45 50 51 61 76 77
 29 44 45 50 51 59 60
 29 44 45 50 51 59 60 78
 29 44 45 50 51 59 60 76 77
 29 44 45 47 58 60 61 63
 29 44 45 47 58 60 61 62
 29 44 45 47 58 59 60 63
 29 44 45 47 58 59 60 61 62
 29 36 58 60 62 74
 29 36 58 60 62 72 73
 29 36 58 59 60 74
 29 36 58 59 60 72 73
 29 36 57 58 60 74
 29 36 57 58 60 72 73
 29 36 52 59 60
 29 36 52 57 58 60
 29 36 50 51 59 60
 29 36 50 51 57 58 60
 29 36 47 58 60 62
 29 36 47 58 59 60
 29 36 47 57 58 60
 29 36 46 58 60 61 74
 29 36 46 58 60 61 72 73
 29 36 46 58 59 60 74
 29 36 46 58 59 60 72 73
 29 36 46 47 58 60 61
 29 36 46 47 58 59 60
 29 36 44 45 58 60 61 74
 29 36 44 45 58 60 61 72 73
 29 36 44 45 58 59 60 74
 29 36 44 45 58 59 60 72 73
 29 36 44 45 47 58 60 61
 29 36 44 45 47 58 59 60
 29 34 46
 29 34 46 60
 29 34 46 58 60 63 74
 29 34 46 58 60 63 72 73
 29 34 46 58 60 61 62 74
 29 34 46 58 60 61 62 72 73
 29 34 46 52 78
 29 34 46 52 76 77
 29 34 46 51 52
 29 34 46 50 51
 29 34 46 50 51 78
 29 34 46 50 51 76 77
 29 34 46 47 58 60 63
 29 34 46 47 58 60 61 62
 29 34 44 45
 29 34 44 45 60
 29 34 44 45 58 60 63 74
 29 34 44 45 58 60 63 72 73
 29 34 44 45 58 60 61 62 74
 29 34 44 45 58 60 61 62 72 73
 29 34 44 45 52 78
 29 34 44 45 52 76 77
 29 34 44 45 51 52
 29 34 44 45 50 51
 29 34 44 45 50 51 78
 29 34 44 45 50 51 76 77
 29 34 44 45 47 58 60 63
 29 34 44 45 47 58 60 61 62
 29 34 36 46 58 60 74
 29 34 36 46 58 60 72 73
 29 34 36 46 47 58 60
 29 34 36 44 45 58 60 74
 29 34 36 44 45 58 60 72 73
 29 34 36 44 45 47 58 60
 29 32 62 74 78 79
 29 32 62 72 73 78 79
 29 32 58 60 63 74
 29 32 58 60 63 72 73
 29 32 58 60 61 62 74
 29 32 58 60 61 62 72 73
 29 32 53 62 74
 29 32 53 62 72 73
 29 32 52 60 63
 29 32 52 60 61 62
 29 32 50 51 60 63
 29 32 50 51 60 61 62
 29 32 47 62 78 79
 29 32 47 58 60 63
 29 32 47 58 60 61 62
 29 32 47 53 62
 29 32 44
 29 32 44 74 78
 29 32 44 74 76 77
 29 32 44 72 73 78
 29 32 44 72 73 76 77
 29 32 44 62 74
 29 32 44 62 72 73
 29 32 44 51 74
 29 32 44 51 72 73
 29 32 44 47 78
 29 32 44 47 76 77
 29 32 44 47 62
 29 32 44 47 51
 29 32 36 58 60 74
 29 32 36 58 60 72 73
 29 32 36 52 60
 29 32 36 50 51 60
 29 32 36 47 58 60
 28 60 61 68
 28 59 60 68
 28 34 60 68
 27 46 61 68 78
 27 46 61 68 76 77
 27 46 59 60 68 78
 27 46 59 60 68 76 77
 27 46 55 56 63 74
 27 46 55 56 63 72 73
 27 46 55 56 61 62 74
 27 46 55 56 61 62 72 73
 27 46 55 56 59 63
 27 46 55 56 59 61 63
 27 46 55 56 59 60 63
 27 46 55 56 59 60 61 62
 27 46 55 56 57 58 63
 27 46 55 56 57 58 61 63
 27 46 55 56 57 58 59 60 63
 27 46 55 56 57 58 59 60 61 62
 27 46 51 61 68
 27 46 51 59 60 68
 27 46 47 55 56 63
 27 46 47 55 56 61 62
 27 44 45 61 68 78
 27 44 45 61 68 76 77
 27 44 45 59 60 68 78
 27 44 45 59 60 68 76 77
 27 44 45 55 56 63 74
 27 44 45 55 56 63 72 73
 27 44 45 55 56 61 62 74
 27 44 45 55 56 61 62 72 73
 27 44 45 55 56 59 63
 27 44 45 55 56 59 61 63
 27 44 45 55 56 59 60 63
 27 44 45 55 56 59 60 61 62
 27 44 45 55 56 57 58 63
 27 44 45 55 56 57 58 61 63
 27 44 45 55 56 57 58 59 60 63
 27 44 45 55 56 57 58 59 60 61 62
 27 44 45 51 61 68
 27 44 45 51 59 60 68
 27 44 45 47 55 56 63
 27 44 45 47 55 56 61 62
 27 36 46 55 56 74
 27 36 46 55 56 72 73
 27 36 46 55 56 59
 27 36 46 55 56 59 61
 27 36 46 55 56 59 60
 27 36 46 55 56 57 58
 27 36 46 55 56 57 58 61
 27 36 46 55 56 57 58 59 60
 27 36 46 47 55 56
 27 36 44 45 55 56 74
 27 36 44 45 55 56 72 73
 27 36 44 45 55 56 59
 27 36 44 45 55 56 59 61
 27 36 44 45 55 56 59 60
 27 36 44 45 55 56 57 58
 27 36 44 45 55 56 57 58 61
 27 36 44 45 55 56 57 58 59 60
 27 36 44 45 47 55 56
 27 34 46 68 78
 27 34 46 68 76 77
 27 34 46 55 56 59 63
 27 34 46 55 56 59 61 62
 27 34 46 55 56 57 58 63
 27 34 46 55 56 57 58 61 62
 27 34 46 51 68
 27 34 44 45 68 78
 27 34 44 45 68 76 77
 27 34 44 45 55 56 59 63
 27 34 44 45 55 56 59 61 62
 27 34 44 45 55 56 57 58 63
 27 34 44 45 55 56 57 58 61 62
 27 34 44 45 51 68
 27 34 36 46 55 56 59
 27 34 36 46 55 56 57 58
 27 34 36 44 45 55 56 59
 27 34 36 44 45 55 56 57 58
 27 32 46 55 56 63
 27 32 46 55 56 61 63
 27 32 46 55 56 59 60 63
 27 32 46 55 56 59 60 61 62
 27 32 44 45 55 56 63
 27 32 44 45 55 56 61 63
 27 32 44 45 55 56 59 60 63
 27 32 44 45 55 56 59 60 61 62
 27 32 36 46 55 56
 27 32 36 46 55 56 61
 27 32 36 46 55 56 59 60
 27 32 36 44 45 55 56
 27 32 36 44 45 55 56 61
 27 32 36 44 45 55 56 59 60
 27 32 34 46 55 56 63
 27 32 34 46 55 56 61 62
 27 32 34 44 45 55 56 63
 27 32 34 44 45 55 56 61 62
 27 32 34 36 46 55 56
 27 32 34 36 44 45 55 56
 27 28 59 62 74 78 79
 27 28 59 62 72 73 78 79
 27 28 58 60 62 63 74
 27 28 58 60 62 63 72 73
 27 28 58 60 61 62 74
 27 28 58 60 61 62 72 73
 27 28 58 59 60 63 74
 27 28 58 59 60 63 72 73
 27 28 58 59 60 61 62 74
 27 28 58 59 60 61 62 72 73
 27 28 57 58 62 74 78 79
 27 28 57 58 62 72 73 78 79
 27 28 57 58 60 63 74
 27 28 57 58 60 63 72 73
 27 28 57 58 60 61 62 74
 27 28 57 58 60 61 62 72 73
 27 28 53 59 62 74
 27 28 53 59 62 72 73
 27 28 53 57 58 62 74
 27 28 53 57 58 62 72 73
 27 28 52 59 60 63
 27 28 52 59 60 61 62
 27 28 52 57 58 60 63
 27 28 52 57 58 60 61 62
 27 28 50 51 59 60 63
 27 28 50 51 59 60 61 62
 27 28 50 51 57 58 60 63
 27 28 50 51 57 58 60 61 62
 27 28 47 59 62 78 79
 27 28 47 58 60 62 63
 27 28 47 58 60 61 62
 27 28 47 58 59 60 63
 27 28 47 58 59 60 61 62
 27 28 47 57 58 62 78 79
 27 28 47 57 58 60 63
 27 28 47 57 58 60 61 62
 27 28 47 53 59 62
 27 28 47 53 57 58 62
 27 28 46 61
 27 28 46 60 61
 27 28 46 58 60 61 63 74
 27 28 46 58 60 61 63 72 73
 27 28 46 58 60 61 62 74
 27 28 46 58 60 61 62 72 73
 27 28 46 58 59 60 63 74
 27 28 46 58 59 60 63 72 73
 27 28 46 58 59 60 61 62 74
 27 28 46 58 59 60 61 62 72 73
 27 28 46 52 61 78
 27 28 46 52 61 76 77
 27 28 46 52 59 60 78
 27 28 46 52 59 60 76 77
 27 28 46 51 52 61
 27 28 46 51 52 59 60
 27 28 46 50 51 61
 27 28 46 50 51 61 78
 27 28 46 50 51 61 76 77
 27 28 46 50 51 59 60
 27 28 46 50 51 59 60 78
 27 28 46 50 51 59 60 76 77
 27 28 46 47 58 60 61 63
 27 28 46 47 58 60 61 62
 27 28 46 47 58 59 60 63
 27 28 46 47 58 59 60 61 62
 27 28 44 59
 27 28 44 59 74 78
 27 28 44 59 74 76 77
 27 28 44 59 72 73 78
 27 28 44 59 72 73 76 77
 27 28 44 59 62 74
 27 28 44 59 62 72 73
 27 28 44 57 58
 27 28 44 57 58 74 78
 27 28 44 57 58 74 76 77
 27 28 44 57 58 72 73 78
 27 28 44 57 58 72 73 76 77
 27 28 44 57 58 62 74
 27 28 44 57 58 62 72 73
 27 28 44 51 59 74
 27 28 44 51 59 72 73
 27 28 44 51 57 58 74
 27 28 44 51 57 58 72 73
 27 28 44 47 59 78
 27 28 44 47 59 76 77
 27 28 44 47 59 62
 27 28 44 47 57 58 78
 27 28 44 47 57 58 76 77
 27 28 44 47 57 58 62
 27 28 44 47 51 59
 27 28 44 47 51 57 58
 27 28 44 45 61
 27 28 44 45 60 61
 27 28 44 45 58 60 61 63 74
 27 28 44 45 58 60 61 63 72 73
 27 28 44 45 58 60 61 62 74
 27 28 44 45 58 60 61 62 72 73
 27 28 44 45 58 59 60 63 74
 27 28 44 45 58 59 60 63 72 73
 27 28 44 45 58 59 60 61 62 74
 27 28 44 45 58 59 60 61 62 72 73
 27 28 44 45 52 61 78
 27 28 44 45 52 61 76 77
 27 28 44 45 52 59 60 78
 27 28 44 45 52 59 60 76 77
 27 28 44 45 51 52 61
 27 28 44 45 51 52 59 60
 27 28 44 45 50 51 61
 27 28 44 45 50 51 61 78
 27 28 44 45 50 51 61 76 77
 27 28 44 45 50 51 59 60
 27 28 44 45 50 51 59 60 78
 27 28 44 45 50 51 59 60 76 77
 27 28 44 45 47 58 60 61 63
 27 28 44 45 47 58 60 61 62
 27 28 44 45 47 58 59 60 63
 27 28 44 45 47 58 59 60 61 62
 27 28 36 58 60 62 74
 27 28 36 58 60 62 72 73
 27 28 36 58 59 60 74
 27 28 36 58 59 60 72 73
 27 28 36 57 58 60 74
 27 28 36 57 58 60 72 73
 27 28 36 52 59 60
 27 28 36 52 57 58 60
 27 28 36 50 51 59 60
 27 28 36 50 51 57 58 60
 27 28 36 47 58 60 62
 27 28 36 47 58 59 60
 27 28 36 47 57 58 60
 27 28 36 46 58 60 61 74
 27 28 36 46 58 60 61 72 73
 27 28 36 46 58 59 60 74
 27 28 36 46 58 59 60 72 73
 27 28 36 46 47 58 60 61
 27 28 36 46 47 58 59 60
 27 28 36 44 45 58 60 61 74
 27 28 36 44 45 58 60 61 72 73
 27 28 36 44 45 58 59 60 74
 27 28 36 44 45 58 59 60 72 73
 27 28 36 44 45 47 58 60 61
 27 28 36 44 45 47 58 59 60
 27 28 34 46
 27 28 34 46 60
 27 28 34 46 58 60 63 74
 27 28 34 46 58 60 63 72 73
 27 28 34 46 58 60 61 62 74
 27 28 34 46 58 60 61 62 72 73
 27 28 34 46 52 78
 27 28 34 46 52 76 77
 27 28 34 46 51 52
 27 28 34 46 50 51
 27 28 34 46 50 51 78
 27 28 34 46 50 51 76 77
 27 28 34 46 47 58 60 63
 27 28 34 46 47 58 60 61 62
 27 28 34 44 45
 27 28 34 44 45 60
 27 28 34 44 45 58 60 63 74
 27 28 34 44 45 58 60 63 72 73
 27 28 34 44 45 58 60 61 62 74
 27 28 34 44 45 58 60 61 62 72 73
 27 28 34 44 45 52 78
 27 28 34 44 45 52 76 77
 27 28 34 44 45 51 52
 27 28 34 44 45 50 51
 27 28 34 44 45 50 51 78
 27 28 34 44 45 50 51 76 77
 27 28 34 44 45 47 58 60 63
 27 28 34 44 45 47 58 60 61 62
 27 28 34 36 46 58 60 74
 27 28 34 36 46 58 60 72 73
 27 28 34 36 46 47 58 60
 27 28 34 36 44 45 58 60 74
 27 28 34 36 44 45 58 60 72 73
 27 28 34 36 44 45 47 58 60
 27 28 32 62 74 78 79
 27 28 32 62 72 73 78 79
 27 28 32 58 60 63 74
 27 28 32 58 60 63 72 73
 27 28 32 58 60 61 62 74
 27 28 32 58 60 61 62 72 73
 27 28 32 53 62 74
 27 28 32 53 62 72 73
 27 28 32 52 60 63
 27 28 32 52 60 61 62
 27 28 32 50 51 60 63
 27 28 32 50 51 60 61 62
 27 28 32 47 62 78 79
 27 28 32 47 58 60 63
 27 28 32 47 58 60 61 62
 27 28 32 47 53 62
 27 28 32 44
 27 28 32 44 74 78
 27 28 32 44 74 76 77
 27 28 32 44 72 73 78
 27 28 32 44 72 73 76 77
 27 28 32 44 62 74
 27 28 32 44 62 72 73
 27 28 32 44 51 74
 27 28 32 44 51 72 73
 27 28 32 44 47 78
 27 28 32 44 47 76 77
 27 28 32 44 47 62
 27 28 32 44 47 51
 27 28 32 36 58 60 74
 27 28 32 36 58 60 72 73
 27 28 32 36 52 60
 27 28 32 36 50 51 60
 27 28 32 36 47 58 60
 26 46 61 78
 26 46 61 76 77
 26 46 59 60 78
 26 46 59 60 76 77
 26 46 56 61
 26 46 56 61 78
 26 46 56 61 76 77
 26 46 56 60 61
 26 46 56 59 60 78
 26 46 56 59 60 76 77
 26 46 54 61 78
 26 46 54 61 76 77
 26 46 54 59 60 78
 26 46 54 59 60 76 77
 26 46 52 53 61 78
 26 46 52 53 61 76 77
 26 46 52 53 59 60 78
 26 46 52 53 59 60 76 77
 26 46 51 61
 26 46 51 59 60
 26 46 51 56 61
 26 46 51 56 59 60
 26 46 51 54 61
 26 46 51 54 59 60
 26 46 51 52 53 61
 26 46 51 52 53 59 60
 26 44 45 61 78
 26 44 45 61 76 77
 26 44 45 59 60 78
 26 44 45 59 60 76 77
 26 44 45 56 61
 26 44 45 56 61 78
 26 44 45 56 61 76 77
 26 44 45 56 60 61
 26 44 45 56 59 60 78
 26 44 45 56 59 60 76 77
 26 44 45 54 61 78
 26 44 45 54 61 76 77
 26 44 45 54 59 60 78
 26 44 45 54 59 60 76 77
 26 44 45 52 53 61 78
 26 44 45 52 53 61 76 77
 26 44 45 52 53 59 60 78
 26 44 45 52 53 59 60 76 77
 26 44 45 51 61
 26 44 45 51 59 60
 26 44 45 51 56 61
 26 44 45 51 56 59 60
 26 44 45 51 54 61
 26 44 45 51 54 59 60
 26 44 45 51 52 53 61
 26 44 45 51 52 53 59 60
 26 43 60 61
 26 43 59 60
 26 42 60 61
 26 42 59 60
 26 39 40 42 60 61
 26 39 40 42 59 60
 26 39 40 41 60 61
 26 39 40 41 59 60
 26 35 44 46 60 61
 26 35 44 46 59 60
 26 35 44 45 60 61
 26 35 44 45 59 60
 26 35 42 43 46 60 61
 26 35 42 43 46 59 60
 26 35 42 43 44 45 60 61
 26 35 42 43 44 45 59 60
 26 34 46 78
 26 34 46 76 77
 26 34 46 56
 26 34 46 56 78
 26 34 46 56 76 77
 26 34 46 56 60
 26 34 46 54 78
 26 34 46 54 76 77
 26 34 46 52 53 78
 26 34 46 52 53 76 77
 26 34 46 51
 26 34 46 51 56
 26 34 46 51 54
 26 34 46 51 52 53
 26 34 44 45 78
 26 34 44 45 76 77
 26 34 44 45 56
 26 34 44 45 56 78
 26 34 44 45 56 76 77
 26 34 44 45 56 60
 26 34 44 45 54 78
 26 34 44 45 54 76 77
 26 34 44 45 52 53 78
 26 34 44 45 52 53 76 77
 26 34 44 45 51
 26 34 44 45 51 56
 26 34 44 45 51 54
 26 34 44 45 51 52 53
 26 34 43 60
 26 34 42 60
 26 34 39 40 42 60
 26 34 39 40 41 60
 26 34 35 44 46 60
 26 34 35 44 45 60
 26 34 35 42 43 46 60
 26 34 35 42 43 44 45 60
 26 33 34 44 46 60
 26 33 34 44 46 60 61
 26 33 34 44 46 59 60
 26 33 34 44 45 60
 26 33 34 44 45 60 61
 26 33 34 44 45 59 60
 26 33 34 42 43 46 60
 26 33 34 42 43 46 60 61
 26 33 34 42 43 46 59 60
 26 33 34 42 43 44 45 60
 26 33 34 42 43 44 45 60 61
 26 33 34 42 43 44 45 59 60
 26 28 60 61
 26 28 59 60
 26 28 34 60
 26 27 60 61
 26 27 60 61 68
 26 27 59 60
 26 27 59 60 68
 26 27 46 61 78
 26 27 46 61 76 77
 26 27 46 59 60 78
 26 27 46 59 60 76 77
 26 27 46 51 61
 26 27 46 51 59 60
 26 27 44 45 61 78
 26 27 44 45 61 76 77
 26 27 44 45 59 60 78
 26 27 44 45 59 60 76 77
 26 27 44 45 51 61
 26 27 44 45 51 59 60
 26 27 34 60
 26 27 34 60 68
 26 27 34 46 78
 26 27 34 46 76 77
 26 27 34 46 51
 26 27 34 44 45 78
 26 27 34 44 45 76 77
 26 27 34 44 45 51
 25 58 59 63 74
 25 58 59 63 72 73
 25 58 59 61 62 74
 25 58 59 61 62 72 73
 25 57 58 63 74
 25 57 58 63 72 73
 25 57 58 61 62 74
 25 57 58 61 62 72 73
 25 47 58 59 63
 25 47 58 59 61 62
 25 47 57 58 63
 25 47 57 58 61 62
 25 46 61 78
 25 46 61 76 77
 25 46 60 61 68
 25 46 59 60 78
 25 46 59 60 76 77
 25 46 59 60 68
 25 46 56 60 61 68
 25 46 56 59 60 68
 25 46 54 60 61 68
 25 46 54 59 60 68
 25 46 52 60 61
 25 46 52 59 60
 25 46 52 53 60 61 68
 25 46 52 53 59 60 68
 25 46 51 61
 25 46 51 59 60
 25 46 50 51 60 61
 25 46 50 51 59 60
 25 44 45 61 78
 25 44 45 61 76 77
 25 44 45 60 61 68
 25 44 45 59 60 78
 25 44 45 59 60 76 77
 25 44 45 59 60 68
 25 44 45 56 60 61 68
 25 44 45 56 59 60 68
 25 44 45 54 60 61 68
 25 44 45 54 59 60 68
 25 44 45 52 60 61
 25 44 45 52 59 60
 25 44 45 52 53 60 61 68
 25 44 45 52 53 59 60 68
 25 44 45 51 61
 25 44 45 51 59 60
 25 44 45 50 51 60 61
 25 44 45 50 51 59 60
 25 36 58 59 74
 25 36 58 59 72 73
 25 36 57 58 74
 25 36 57 58 72 73
 25 36 47 58 59
 25 36 47 57 58
 25 34 46 78
 25 34 46 76 77
 25 34 46 60 68
 25 34 46 56 60 68
 25 34 46 54 60 68
 25 34 46 52 60
 25 34 46 52 53 60 68
 25 34 46 51
 25 34 46 50 51 60
 25 34 44 45 78
 25 34 44 45 76 77
 25 34 44 45 60 68
 25 34 44 45 56 60 68
 25 34 44 45 54 60 68
 25 34 44 45 52 60
 25 34 44 45 52 53 60 68
 25 34 44 45 51
 25 34 44 45 50 51 60
 25 32 58 63 74
 25 32 58 63 72 73
 25 32 58 61 62 74
 25 32 58 61 62 72 73
 25 32 47 58 63
 25 32 47 58 61 62
 25 32 36 58 74
 25 32 36 58 72 73
 25 32 36 47 58
 25 29 59 60 63
 25 29 59 60 61 62
 25 29 58 59 63 74
 25 29 58 59 63 72 73
 25 29 58 59 61 62 74
 25 29 58 59 61 62 72 73
 25 29 57 58 63 74
 25 29 57 58 63 72 73
 25 29 57 58 61 62 74
 25 29 57 58 61 62 72 73
 25 29 57 58 60 63
 25 29 57 58 60 61 62
 25 29 47 58 59 63
 25 29 47 58 59 61 62
 25 29 47 57 58 63
 25 29 47 57 58 61 62
 25 29 46 61 78
 25 29 46 61 76 77
 25 29 46 59 60 78
 25 29 46 59 60 76 77
 25 29 46 52 60 61
 25 29 46 52 59 60
 25 29 46 51 61
 25 29 46 51 59 60
 25 29 46 50 51 60 61
 25 29 46 50 51 59 60
 25 29 44 45 61 78
 25 29 44 45 61 76 77
 25 29 44 45 59 60 78
 25 29 44 45 59 60 76 77
 25 29 44 45 52 60 61
 25 29 44 45 52 59 60
 25 29 44 45 51 61
 25 29 44 45 51 59 60
 25 29 44 45 50 51 60 61
 25 29 44 45 50 51 59 60
 25 29 36 59 60
 25 29 36 58 59 74
 25 29 36 58 59 72 73
 25 29 36 57 58 74
 25 29 36 57 58 72 73
 25 29 36 57 58 60
 25 29 36 47 58 59
 25 29 36 47 57 58
 25 29 34 46 78
 25 29 34 46 76 77
 25 29 34 46 52 60
 25 29 34 46 51
 25 29 34 46 50 51 60
 25 29 34 44 45 78
 25 29 34 44 45 76 77
 25 29 34 44 45 52 60
 25 29 34 44 45 51
 25 29 34 44 45 50 51 60
 25 29 32 60 63
 25 29 32 60 61 62
 25 29 32 58 63 74
 25 29 32 58 63 72 73
 25 29 32 58 61 62 74
 25 29 32 58 61 62 72 73
 25 29 32 47 58 63
 25 29 32 47 58 61 62
 25 29 32 36 60
 25 29 32 36 58 74
 25 29 32 36 58 72 73
 25 29 32 36 47 58
 25 27 46 60 61 68
 25 27 46 59 60 68
 25 27 44 45 60 61 68
 25 27 44 45 59 60 68
 25 27 34 46 60 68
 25 27 34 44 45 60 68
 25 27 28 59 60 63
 25 27 28 59 60 61 62
 25 27 28 58 59 63 74
 25 27 28 58 59 63 72 73
 25 27 28 58 59 61 62 74
 25 27 28 58 59 61 62 72 73
 25 27 28 57 58 63 74
 25 27 28 57 58 63 72 73
 25 27 28 57 58 61 62 74
 25 27 28 57 58 61 62 72 73
 25 27 28 57 58 60 63
 25 27 28 57 58 60 61 62
 25 27 28 47 58 59 63
 25 27 28 47 58 59 61 62
 25 27 28 47 57 58 63
 25 27 28 47 57 58 61 62
 25 27 28 46 61 78
 25 27 28 46 61 76 77
 25 27 28 46 59 60 78
 25 27 28 46 59 60 76 77
 25 27 28 46 52 60 61
 25 27 28 46 52 59 60
 25 27 28 46 51 61
 25 27 28 46 51 59 60
 25 27 28 46 50 51 60 61
 25 27 28 46 50 51 59 60
 25 27 28 44 45 61 78
 25 27 28 44 45 61 76 77
 25 27 28 44 45 59 60 78
 25 27 28 44 45 59 60 76 77
 25 27 28 44 45 52 60 61
 25 27 28 44 45 52 59 60
 25 27 28 44 45 51 61
 25 27 28 44 45 51 59 60
 25 27 28 44 45 50 51 60 61
 25 27 28 44 45 50 51 59 60
 25 27 28 36 59 60
 25 27 28 36 58 59 74
 25 27 28 36 58 59 72 73
 25 27 28 36 57 58 74
 25 27 28 36 57 58 72 73
 25 27 28 36 57 58 60
 25 27 28 36 47 58 59
 25 27 28 36 47 57 58
 25 27 28 34 46 78
 25 27 28 34 46 76 77
 25 27 28 34 46 52 60
 25 27 28 34 46 51
 25 27 28 34 46 50 51 60
 25 27 28 34 44 45 78
 25 27 28 34 44 45 76 77
 25 27 28 34 44 45 52 60
 25 27 28 34 44 45 51
 25 27 28 34 44 45 50 51 60
 25 27 28 32 60 63
 25 27 28 32 60 61 62
 25 27 28 32 58 63 74
 25 27 28 32 58 63 72 73
 25 27 28 32 58 61 62 74
 25 27 28 32 58 61 62 72 73
 25 27 28 32 47 58 63
 25 27 28 32 47 58 61 62
 25 27 28 32 36 60
 25 27 28 32 36 58 74
 25 27 28 32 36 58 72 73
 25 27 28 32 36 47 58
 25 26 46 60 61
 25 26 46 59 60
 25 26 46 56 60 61
 25 26 46 56 59 60
 25 26 46 55 56 63 74
 25 26 46 55 56 63 72 73
 25 26 46 55 56 61 62 74
 25 26 46 55 56 61 62 72 73
 25 26 46 55 56 59 63
 25 26 46 55 56 59 61 63
 25 26 46 55 56 59 60 63
 25 26 46 55 56 59 60 61 62
 25 26 46 55 56 57 58 63
 25 26 46 55 56 57 58 61 63
 25 26 46 55 56 57 58 59 60 63
 25 26 46 55 56 57 58 59 60 61 62
 25 26 46 54 60 61
 25 26 46 54 59 60
 25 26 46 52 53 60 61
 25 26 46 52 53 59 60
 25 26 46 47 55 56 63
 25 26 46 47 55 56 61 62
 25 26 44 45 60 61
 25 26 44 45 59 60
 25 26 44 45 56 60 61
 25 26 44 45 56 59 60
 25 26 44 45 55 56 63 74
 25 26 44 45 55 56 63 72 73
 25 26 44 45 55 56 61 62 74
 25 26 44 45 55 56 61 62 72 73
 25 26 44 45 55 56 59 63
 25 26 44 45 55 56 59 61 63
 25 26 44 45 55 56 59 60 63
 25 26 44 45 55 56 59 60 61 62
 25 26 44 45 55 56 57 58 63
 25 26 44 45 55 56 57 58 61 63
 25 26 44 45 55 56 57 58 59 60 63
 25 26 44 45 55 56 57 58 59 60 61 62
 25 26 44 45 54 60 61
 25 26 44 45 54 59 60
 25 26 44 45 52 53 60 61
 25 26 44 45 52 53 59 60
 25 26 44 45 47 55 56 63
 25 26 44 45 47 55 56 61 62
 25 26 36 46 55 56 74
 25 26 36 46 55 56 72 73
 25 26 36 46 55 56 59
 25 26 36 46 55 56 59 61
 25 26 36 46 55 56 59 60
 25 26 36 46 55 56 57 58
 25 26 36 46 55 56 57 58 61
 25 26 36 46 55 56 57 58 59 60
 25 26 36 46 47 55 56
 25 26 36 44 45 55 56 74
 25 26 36 44 45 55 56 72 73
 25 26 36 44 45 55 56 59
 25 26 36 44 45 55 56 59 61
 25 26 36 44 45 55 56 59 60
 25 26 36 44 45 55 56 57 58
 25 26 36 44 45 55 56 57 58 61
 25 26 36 44 45 55 56 57 58 59 60
 25 26 36 44 45 47 55 56
 25 26 34 46 60
 25 26 34 46 56 60
 25 26 34 46 55 56 59 63
 25 26 34 46 55 56 59 61 62
 25 26 34 46 55 56 57 58 63
 25 26 34 46 55 56 57 58 61 62
 25 26 34 46 54 60
 25 26 34 46 52 53 60
 25 26 34 44 45 60
 25 26 34 44 45 56 60
 25 26 34 44 45 55 56 59 63
 25 26 34 44 45 55 56 59 61 62
 25 26 34 44 45 55 56 57 58 63
 25 26 34 44 45 55 56 57 58 61 62
 25 26 34 44 45 54 60
 25 26 34 44 45 52 53 60
 25 26 34 36 46 55 56 59
 25 26 34 36 46 55 56 57 58
 25 26 34 36 44 45 55 56 59
 25 26 34 36 44 45 55 56 57 58
 25 26 32 46 55 56 63
 25 26 32 46 55 56 61 63
 25 26 32 46 55 56 59 60 63
 25 26 32 46 55 56 59 60 61 62
 25 26 32 44 45 55 56 63
 25 26 32 44 45 55 56 61 63
 25 26 32 44 45 55 56 59 60 63
 25 26 32 44 45 55 56 59 60 61 62
 25 26 32 36 46 55 56
 25 26 32 36 46 55 56 61
 25 26 32 36 46 55 56 59 60
 25 26 32 36 44 45 55 56
 25 26 32 36 44 45 55 56 61
 25 26 32 36 44 45 55 56 59 60
 25 26 32 34 46 55 56 63
 25 26 32 34 46 55 56 61 62
 25 26 32 34 44 45 55 56 63
 25 26 32 34 44 45 55 56 61 62
 25 26 32 34 36 46 55 56
 25 26 32 34 36 44 45 55 56
 25 26 27 46 60 61
 25 26 27 46 59 60
 25 26 27 44 45 60 61
 25 26 27 44 45 59 60
 25 26 27 34 46 60
 25 26 27 34 44 45 60
 24 25 46 61 78
 24 25 46 61 76 77
 24 25 46 60 61
 24 25 46 59 60
 24 25 46 59 60 78
 24 25 46 59 60 76 77
 24 25 46 56 61
 24 25 46 56 61 78
 24 25 46 56 61 76 77
 24 25 46 56 59 60
 24 25 46 56 59 60 78
 24 25 46 56 59 60 76 77
 24 25 46 54 61 78
 24 25 46 54 61 76 77
 24 25 46 54 60 61
 24 25 46 54 59 60
 24 25 46 54 59 60 78
 24 25 46 54 59 60 76 77
 24 25 46 52 53 61 78
 24 25 46 52 53 61 76 77
 24 25 46 52 53 60 61
 24 25 46 52 53 59 60
 24 25 46 52 53 59 60 78
 24 25 46 52 53 59 60 76 77
 24 25 46 51 61
 24 25 46 51 59 60
 24 25 46 51 56 61
 24 25 46 51 56 59 60
 24 25 46 51 54 61
 24 25 46 51 54 59 60
 24 25 46 51 52 53 61
 24 25 46 51 52 53 59 60
 24 25 44 45 61 78
 24 25 44 45 61 76 77
 24 25 44 45 60 61
 24 25 44 45 59 60
 24 25 44 45 59 60 78
 24 25 44 45 59 60 76 77
 24 25 44 45 56 61
 24 25 44 45 56 61 78
 24 25 44 45 56 61 76 77
 24 25 44 45 56 59 60
 24 25 44 45 56 59 60 78
 24 25 44 45 56 59 60 76 77
 24 25 44 45 54 61 78
 24 25 44 45 54 61 76 77
 24 25 44 45 54 60 61
 24 25 44 45 54 59 60
 24 25 44 45 54 59 60 78
 24 25 44 45 54 59 60 76 77
 24 25 44 45 52 53 61 78
 24 25 44 45 52 53 61 76 77
 24 25 44 45 52 53 60 61
 24 25 44 45 52 53 59 60
 24 25 44 45 52 53 59 60 78
 24 25 44 45 52 53 59 60 76 77
 24 25 44 45 51 61
 24 25 44 45 51 59 60
 24 25 44 45 51 56 61
 24 25 44 45 51 56 59 60
 24 25 44 45 51 54 61
 24 25 44 45 51 54 59 60
 24 25 44 45 51 52 53 61
 24 25 44 45 51 52 53 59 60
 24 25 43 60 61
 24 25 43 59 60
 24 25 42 60 61
 24 25 42 59 60
 24 25 39 40 42 60 61
 24 25 39 40 42 59 60
 24 25 39 40 41 60 61
 24 25 39 40 41 59 60
 24 25 35 44 46 60 61
 24 25 35 44 46 59 60
 24 25 35 44 45 60 61
 24 25 35 44 45 59 60
 24 25 35 42 43 46 60 61
 24 25 35 42 43 46 59 60
 24 25 35 42 43 44 45 60 61
 24 25 35 42 43 44 45 59 60
 24 25 34 46 78
 24 25 34 46 76 77
 24 25 34 46 60
 24 25 34 46 56
 24 25 34 46 56 78
 24 25 34 46 56 76 77
 24 25 34 46 54 78
 24 25 34 46 54 76 77
 24 25 34 46 54 60
 24 25 34 46 52 53 78
 24 25 34 46 52 53 76 77
 24 25 34 46 52 53 60
 24 25 34 46 51
 24 25 34 46 51 56
 24 25 34 46 51 54
 24 25 34 46 51 52 53
 24 25 34 44 45 78
 24 25 34 44 45 76 77
 24 25 34 44 45 60
 24 25 34 44 45 56
 24 25 34 44 45 56 78
 24 25 34 44 45 56 76 77
 24 25 34 44 45 54 78
 24 25 34 44 45 54 76 77
 24 25 34 44 45 54 60
 24 25 34 44 45 52 53 78
 24 25 34 44 45 52 53 76 77
 24 25 34 44 45 52 53 60
 24 25 34 44 45 51
 24 25 34 44 45 51 56
 24 25 34 44 45 51 54
 24 25 34 44 45 51 52 53
 24 25 34 43 60
 24 25 34 42 60
 24 25 34 39 40 42 60
 24 25 34 39 40 41 60
 24 25 34 35 44 46 60
 24 25 34 35 44 45 60
 24 25 34 35 42 43 46 60
 24 25 34 35 42 43 44 45 60
 24 25 33 34 44 46 60
 24 25 33 34 44 46 60 61
 24 25 33 34 44 46 59 60
 24 25 33 34 44 45 60
 24 25 33 34 44 45 60 61
 24 25 33 34 44 45 59 60
 24 25 33 34 42 43 46 60
 24 25 33 34 42 43 46 60 61
 24 25 33 34 42 43 46 59 60
 24 25 33 34 42 43 44 45 60
 24 25 33 34 42 43 44 45 60 61
 24 25 33 34 42 43 44 45 59 60
 24 25 28 60 61
 24 25 28 59 60
 24 25 28 34 60
 24 25 27 46 61 78
 24 25 27 46 61 76 77
 24 25 27 46 60 61
 24 25 27 46 59 60
 24 25 27 46 59 60 78
 24 25 27 46 59 60 76 77
 24 25 27 46 51 61
 24 25 27 46 51 59 60
 24 25 27 44 45 61 78
 24 25 27 44 45 61 76 77
 24 25 27 44 45 60 61
 24 25 27 44 45 59 60
 24 25 27 44 45 59 60 78
 24 25 27 44 45 59 60 76 77
 24 25 27 44 45 51 61
 24 25 27 44 45 51 59 60
 24 25 27 34 46 78
 24 25 27 34 46 76 77
 24 25 27 34 46 60
 24 25 27 34 46 51
 24 25 27 34 44 45 78
 24 25 27 34 44 45 76 77
 24 25 27 34 44 45 60
 24 25 27 34 44 45 51
 24 25 26 27 60 61
 24 25 26 27 59 60
 24 25 26 27 34 60
 19 61 68 78
 19 61 68 76 77
 19 60 61
 19 59 60
 19 59 60 68 78
 19 59 60 68 76 77
 19 58 60 61 63 74
 19 58 60 61 63 72 73
 19 58 60 61 62 74
 19 58 60 61 62 72 73
 19 58 59 60 63 74
 19 58 59 60 63 72 73
 19 58 59 60 61 62 74
 19 58 59 60 61 62 72 73
 19 57 63 74
 19 57 63 72 73
 19 57 61 63 74
 19 57 61 63 72 73
 19 57 59 60 63 74
 19 57 59 60 63 72 73
 19 57 59 60 61 62 74
 19 57 59 60 61 62 72 73
 19 56 61 68 78
 19 56 61 68 76 77
 19 56 60 61 68
 19 56 59 60 68
 19 56 59 60 68 78
 19 56 59 60 68 76 77
 19 55 56 61 63 74
 19 55 56 61 63 72 73
 19 55 56 61 62 74
 19 55 56 61 62 72 73
 19 55 56 59 63
 19 55 56 59 61 63
 19 55 56 59 60 63
 19 55 56 59 60 63 74
 19 55 56 59 60 63 72 73
 19 55 56 59 60 61 62
 19 55 56 59 60 61 62 74
 19 55 56 59 60 61 62 72 73
 19 55 56 57 58 63
 19 55 56 57 58 61 63
 19 55 56 57 58 59 60 63
 19 55 56 57 58 59 60 61 62
 19 54 61 68 78
 19 54 61 68 76 77
 19 54 59 60 68 78
 19 54 59 60 68 76 77
 19 52 61 78
 19 52 61 76 77
 19 52 59 60 78
 19 52 59 60 76 77
 19 52 53 61 68 78
 19 52 53 61 68 76 77
 19 52 53 59 60 68 78
 19 52 53 59 60 68 76 77
 19 51 61 68
 19 51 59 60 68
 19 51 56 61 68
 19 51 56 59 60 68
 19 51 54 61 68
 19 51 54 59 60 68
 19 51 52 61
 19 51 52 59 60
 19 51 52 53 61 68
 19 51 52 53 59 60 68
 19 50 51 61
 19 50 51 61 78
 19 50 51 61 76 77
 19 50 51 59 60
 19 50 51 59 60 78
 19 50 51 59 60 76 77
 19 47 58 60 61 63
 19 47 58 60 61 62
 19 47 58 59 60 63
 19 47 58 59 60 61 62
 19 47 57 63
 19 47 57 61 63
 19 47 57 59 60 63
 19 47 57 59 60 61 62
 19 47 55 56 61 63
 19 47 55 56 61 62
 19 47 55 56 59 60 63
 19 47 55 56 59 60 61 62
 19 46 61
 19 46 59 60
 19 46 56 61 68
 19 46 56 59 60 68
 19 44 45 61
 19 44 45 59 60
 19 44 45 56 61 68
 19 44 45 56 59 60 68
 19 36 58 60 61 74
 19 36 58 60 61 72 73
 19 36 58 59 60 74
 19 36 58 59 60 72 73
 19 36 57 74
 19 36 57 72 73
 19 36 57 61 74
 19 36 57 61 72 73
 19 36 57 59 60 74
 19 36 57 59 60 72 73
 19 36 55 56 61 74
 19 36 55 56 61 72 73
 19 36 55 56 59
 19 36 55 56 59 61
 19 36 55 56 59 60
 19 36 55 56 59 60 74
 19 36 55 56 59 60 72 73
 19 36 55 56 57 58
 19 36 55 56 57 58 61
 19 36 55 56 57 58 59 60
 19 36 47 58 60 61
 19 36 47 58 59 60
 19 36 47 57
 19 36 47 57 61
 19 36 47 57 59 60
 19 36 47 55 56 61
 19 36 47 55 56 59 60
 19 35 44 60 61
 19 35 44 60 61 68
 19 35 44 59 60
 19 35 44 59 60 68
 19 35 42 43 60 61
 19 35 42 43 60 61 68
 19 35 42 43 59 60
 19 35 42 43 59 60 68
 19 34 68 78
 19 34 68 76 77
 19 34 60
 19 34 58 60 63 74
 19 34 58 60 63 72 73
 19 34 58 60 61 62 74
 19 34 58 60 61 62 72 73
 19 34 57 63 74
 19 34 57 63 72 73
 19 34 57 61 62 74
 19 34 57 61 62 72 73
 19 34 56 68 78
 19 34 56 68 76 77
 19 34 56 60 68
 19 34 55 56 63 74
 19 34 55 56 63 72 73
 19 34 55 56 61 62 74
 19 34 55 56 61 62 72 73
 19 34 55 56 59 63
 19 34 55 56 59 61 62
 19 34 55 56 57 58 63
 19 34 55 56 57 58 61 62
 19 34 54 68 78
 19 34 54 68 76 77
 19 34 52 78
 19 34 52 76 77
 19 34 52 53 68 78
 19 34 52 53 68 76 77
 19 34 51 68
 19 34 51 56 68
 19 34 51 54 68
 19 34 51 52
 19 34 51 52 53 68
 19 34 50 51
 19 34 50 51 78
 19 34 50 51 76 77
 19 34 47 58 60 63
 19 34 47 58 60 61 62
 19 34 47 57 63
 19 34 47 57 61 62
 19 34 47 55 56 63
 19 34 47 55 56 61 62
 19 34 46
 19 34 46 56 68
 19 34 44 45
 19 34 44 45 56 68
 19 34 36 58 60 74
 19 34 36 58 60 72 73
 19 34 36 57 74
 19 34 36 57 72 73
 19 34 36 55 56 74
 19 34 36 55 56 72 73
 19 34 36 55 56 59
 19 34 36 55 56 57 58
 19 34 36 47 58 60
 19 34 36 47 57
 19 34 36 47 55 56
 19 34 35 44 60
 19 34 35 44 60 68
 19 34 35 42 43 60
 19 34 35 42 43 60 68
 19 33 34 44 60
 19 33 34 44 60 68
 19 33 34 44 60 61
 19 33 34 44 60 61 68
 19 33 34 44 59 60
 19 33 34 44 59 60 68
 19 33 34 42 43 60
 19 33 34 42 43 60 68
 19 33 34 42 43 60 61
 19 33 34 42 43 60 61 68
 19 33 34 42 43 59 60
 19 33 34 42 43 59 60 68
 19 32 55 56 63
 19 32 55 56 61 63
 19 32 55 56 59 60 63
 19 32 55 56 59 60 61 62
 19 32 36 55 56
 19 32 36 55 56 61
 19 32 36 55 56 59 60
 19 32 34 55 56 63
 19 32 34 55 56 61 62
 19 32 34 36 55 56
 19 30 63 74
 19 30 63 72 73
 19 30 61 63 74
 19 30 61 63 72 73
 19 30 59 60 63 74
 19 30 59 60 63 72 73
 19 30 59 60 61 62 74
 19 30 59 60 61 62 72 73
 19 30 47 63
 19 30 47 61 63
 19 30 47 59 60 63
 19 30 47 59 60 61 62
 19 30 36 74
 19 30 36 72 73
 19 30 36 61 74
 19 30 36 61 72 73
 19 30 36 59 60 74
 19 30 36 59 60 72 73
 19 30 36 47
 19 30 36 47 61
 19 30 36 47 59 60
 19 30 34 63 74
 19 30 34 63 72 73
 19 30 34 61 62 74
 19 30 34 61 62 72 73
 19 30 34 47 63
 19 30 34 47 61 62
 19 30 34 36 74
 19 30 34 36 72 73
 19 30 34 36 47
 19 29 60 61
 19 29 59 60
 19 29 58 60 61 63 74
 19 29 58 60 61 63 72 73
 19 29 58 60 61 62 74
 19 29 58 60 61 62 72 73
 19 29 58 59 60 63 74
 19 29 58 59 60 63 72 73
 19 29 58 59 60 61 62 74
 19 29 58 59 60 61 62 72 73
 19 29 52 61 78
 19 29 52 61 76 77
 19 29 52 59 60 78
 19 29 52 59 60 76 77
 19 29 51 52 61
 19 29 51 52 59 60
 19 29 50 51 61
 19 29 50 51 61 78
 19 29 50 51 61 76 77
 19 29 50 51 59 60
 19 29 50 51 59 60 78
 19 29 50 51 59 60 76 77
 19 29 47 58 60 61 63
 19 29 47 58 60 61 62
 19 29 47 58 59 60 63
 19 29 47 58 59 60 61 62
 19 29 46 61
 19 29 46 59 60
 19 29 44 45 61
 19 29 44 45 59 60
 19 29 36 58 60 61 74
 19 29 36 58 60 61 72 73
 19 29 36 58 59 60 74
 19 29 36 58 59 60 72 73
 19 29 36 47 58 60 61
 19 29 36 47 58 59 60
 19 29 34 60
 19 29 34 58 60 63 74
 19 29 34 58 60 63 72 73
 19 29 34 58 60 61 62 74
 19 29 34 58 60 61 62 72 73
 19 29 34 52 78
 19 29 34 52 76 77
 19 29 34 51 52
 19 29 34 50 51
 19 29 34 50 51 78
 19 29 34 50 51 76 77
 19 29 34 47 58 60 63
 19 29 34 47 58 60 61 62
 19 29 34 46
 19 29 34 44 45
 19 29 34 36 58 60 74
 19 29 34 36 58 60 72 73
 19 29 34 36 47 58 60
 19 27 61 68 78
 19 27 61 68 76 77
 19 27 59 60 68 78
 19 27 59 60 68 76 77
 19 27 55 56 63 74
 19 27 55 56 63 72 73
 19 27 55 56 61 62 74
 19 27 55 56 61 62 72 73
 19 27 55 56 59 63
 19 27 55 56 59 61 63
 19 27 55 56 59 60 63
 19 27 55 56 59 60 61 62
 19 27 55 56 57 58 63
 19 27 55 56 57 58 61 63
 19 27 55 56 57 58 59 60 63
 19 27 55 56 57 58 59 60 61 62
 19 27 51 61 68
 19 27 51 59 60 68
 19 27 47 55 56 63
 19 27 47 55 56 61 62
 19 27 36 55 56 74
 19 27 36 55 56 72 73
 19 27 36 55 56 59
 19 27 36 55 56 59 61
 19 27 36 55 56 59 60
 19 27 36 55 56 57 58
 19 27 36 55 56 57 58 61
 19 27 36 55 56 57 58 59 60
 19 27 36 47 55 56
 19 27 34 68 78
 19 27 34 68 76 77
 19 27 34 55 56 59 63
 19 27 34 55 56 59 61 62
 19 27 34 55 56 57 58 63
 19 27 34 55 56 57 58 61 62
 19 27 34 51 68
 19 27 34 36 55 56 59
 19 27 34 36 55 56 57 58
 19 27 32 55 56 63
 19 27 32 55 56 61 63
 19 27 32 55 56 59 60 63
 19 27 32 55 56 59 60 61 62
 19 27 32 36 55 56
 19 27 32 36 55 56 61
 19 27 32 36 55 56 59 60
 19 27 32 34 55 56 63
 19 27 32 34 55 56 61 62
 19 27 32 34 36 55 56
 19 27 28 60 61
 19 27 28 59 60
 19 27 28 58 60 61 63 74
 19 27 28 58 60 61 63 72 73
 19 27 28 58 60 61 62 74
 19 27 28 58 60 61 62 72 73
 19 27 28 58 59 60 63 74
 19 27 28 58 59 60 63 72 73
 19 27 28 58 59 60 61 62 74
 19 27 28 58 59 60 61 62 72 73
 19 27 28 52 61 78
 19 27 28 52 61 76 77
 19 27 28 52 59 60 78
 19 27 28 52 59 60 76 77
 19 27 28 51 52 61
 19 27 28 51 52 59 60
 19 27 28 50 51 61
 19 27 28 50 51 61 78
 19 27 28 50 51 61 76 77
 19 27 28 50 51 59 60
 19 27 28 50 51 59 60 78
 19 27 28 50 51 59 60 76 77
 19 27 28 47 58 60 61 63
 19 27 28 47 58 60 61 62
 19 27 28 47 58 59 60 63
 19 27 28 47 58 59 60 61 62
 19 27 28 46 61
 19 27 28 46 59 60
 19 27 28 44 45 61
 19 27 28 44 45 59 60
 19 27 28 36 58 60 61 74
 19 27 28 36 58 60 61 72 73
 19 27 28 36 58 59 60 74
 19 27 28 36 58 59 60 72 73
 19 27 28 36 47 58 60 61
 19 27 28 36 47 58 59 60
 19 27 28 34 60
 19 27 28 34 58 60 63 74
 19 27 28 34 58 60 63 72 73
 19 27 28 34 58 60 61 62 74
 19 27 28 34 58 60 61 62 72 73
 19 27 28 34 52 78
 19 27 28 34 52 76 77
 19 27 28 34 51 52
 19 27 28 34 50 51
 19 27 28 34 50 51 78
 19 27 28 34 50 51 76 77
 19 27 28 34 47 58 60 63
 19 27 28 34 47 58 60 61 62
 19 27 28 34 46
 19 27 28 34 44 45
 19 27 28 34 36 58 60 74
 19 27 28 34 36 58 60 72 73
 19 27 28 34 36 47 58 60
 19 26 61 78
 19 26 61 76 77
 19 26 59 60 78
 19 26 59 60 76 77
 19 26 56 61 78
 19 26 56 61 76 77
 19 26 56 60 61
 19 26 56 59 60
 19 26 56 59 60 78
 19 26 56 59 60 76 77
 19 26 54 61 78
 19 26 54 61 76 77
 19 26 54 59 60 78
 19 26 54 59 60 76 77
 19 26 52 53 61 78
 19 26 52 53 61 76 77
 19 26 52 53 59 60 78
 19 26 52 53 59 60 76 77
 19 26 51 61
 19 26 51 59 60
 19 26 51 56 61
 19 26 51 56 59 60
 19 26 51 54 61
 19 26 51 54 59 60
 19 26 51 52 53 61
 19 26 51 52 53 59 60
 19 26 46 56 61
 19 26 46 56 59 60
 19 26 44 45 56 61
 19 26 44 45 56 59 60
 19 26 35 44 60 61
 19 26 35 44 59 60
 19 26 35 42 43 60 61
 19 26 35 42 43 59 60
 19 26 34 78
 19 26 34 76 77
 19 26 34 56 78
 19 26 34 56 76 77
 19 26 34 56 60
 19 26 34 54 78
 19 26 34 54 76 77
 19 26 34 52 53 78
 19 26 34 52 53 76 77
 19 26 34 51
 19 26 34 51 56
 19 26 34 51 54
 19 26 34 51 52 53
 19 26 34 46 56
 19 26 34 44 45 56
 19 26 34 35 44 60
 19 26 34 35 42 43 60
 19 26 33 34 44 60
 19 26 33 34 44 60 61
 19 26 33 34 44 59 60
 19 26 33 34 42 43 60
 19 26 33 34 42 43 60 61
 19 26 33 34 42 43 59 60
 19 26 27 61 78
 19 26 27 61 76 77
 19 26 27 59 60 78
 19 26 27 59 60 76 77
 19 26 27 51 61
 19 26 27 51 59 60
 19 26 27 34 78
 19 26 27 34 76 77
 19 26 27 34 51
 19 25 61 78
 19 25 61 76 77
 19 25 60 61 68
 19 25 59 60 78
 19 25 59 60 76 77
 19 25 59 60 68
 19 25 56 60 61 68
 19 25 56 59 60 68
 19 25 54 60 61 68
 19 25 54 59 60 68
 19 25 52 60 61
 19 25 52 59 60
 19 25 52 53 60 61 68
 19 25 52 53 59 60 68
 19 25 51 61
 19 25 51 59 60
 19 25 50 51 60 61
 19 25 50 51 59 60
 19 25 34 78
 19 25 34 76 77
 19 25 34 60 68
 19 25 34 56 60 68
 19 25 34 54 60 68
 19 25 34 52 60
 19 25 34 52 53 60 68
 19 25 34 51
 19 25 34 50 51 60
 19 25 29 61 78
 19 25 29 61 76 77
 19 25 29 59 60 78
 19 25 29 59 60 76 77
 19 25 29 52 60 61
 19 25 29 52 59 60
 19 25 29 51 61
 19 25 29 51 59 60
 19 25 29 50 51 60 61
 19 25 29 50 51 59 60
 19 25 29 34 78
 19 25 29 34 76 77
 19 25 29 34 52 60
 19 25 29 34 51
 19 25 29 34 50 51 60
 19 25 27 60 61 68
 19 25 27 59 60 68
 19 25 27 34 60 68
 19 25 27 28 61 78
 19 25 27 28 61 76 77
 19 25 27 28 59 60 78
 19 25 27 28 59 60 76 77
 19 25 27 28 52 60 61
 19 25 27 28 52 59 60
 19 25 27 28 51 61
 19 25 27 28 51 59 60
 19 25 27 28 50 51 60 61
 19 25 27 28 50 51 59 60
 19 25 27 28 34 78
 19 25 27 28 34 76 77
 19 25 27 28 34 52 60
 19 25 27 28 34 51
 19 25 27 28 34 50 51 60
 19 25 26 60 61
 19 25 26 59 60
 19 25 26 56 60 61
 19 25 26 56 59 60
 19 25 26 55 56 63 74
 19 25 26 55 56 63 72 73
 19 25 26 55 56 61 62 74
 19 25 26 55 56 61 62 72 73
 19 25 26 55 56 59 63
 19 25 26 55 56 59 61 63
 19 25 26 55 56 59 60 63
 19 25 26 55 56 59 60 61 62
 19 25 26 55 56 57 58 63
 19 25 26 55 56 57 58 61 63
 19 25 26 55 56 57 58 59 60 63
 19 25 26 55 56 57 58 59 60 61 62
 19 25 26 54 60 61
 19 25 26 54 59 60
 19 25 26 52 53 60 61
 19 25 26 52 53 59 60
 19 25 26 47 55 56 63
 19 25 26 47 55 56 61 62
 19 25 26 36 55 56 74
 19 25 26 36 55 56 72 73
 19 25 26 36 55 56 59
 19 25 26 36 55 56 59 61
 19 25 26 36 55 56 59 60
 19 25 26 36 55 56 57 58
 19 25 26 36 55 56 57 58 61
 19 25 26 36 55 56 57 58 59 60
 19 25 26 36 47 55 56
 19 25 26 34 60
 19 25 26 34 56 60
 19 25 26 34 55 56 59 63
 19 25 26 34 55 56 59 61 62
 19 25 26 34 55 56 57 58 63
 19 25 26 34 55 56 57 58 61 62
 19 25 26 34 54 60
 19 25 26 34 52 53 60
 19 25 26 34 36 55 56 59
 19 25 26 34 36 55 56 57 58
 19 25 26 32 55 56 63
 19 25 26 32 55 56 61 63
 19 25 26 32 55 56 59 60 63
 19 25 26 32 55 56 59 60 61 62
 19 25 26 32 36 55 56
 19 25 26 32 36 55 56 61
 19 25 26 32 36 55 56 59 60
 19 25 26 32 34 55 56 63
 19 25 26 32 34 55 56 61 62
 19 25 26 32 34 36 55 56
 19 25 26 27 60 61
 19 25 26 27 59 60
 19 25 26 27 34 60
 19 24 25 61 78
 19 24 25 61 76 77
 19 24 25 60 61
 19 24 25 59 60
 19 24 25 59 60 78
 19 24 25 59 60 76 77
 19 24 25 56 61 78
 19 24 25 56 61 76 77
 19 24 25 56 59 60 78
 19 24 25 56 59 60 76 77
 19 24 25 54 61 78
 19 24 25 54 61 76 77
 19 24 25 54 60 61
 19 24 25 54 59 60
 19 24 25 54 59 60 78
 19 24 25 54 59 60 76 77
 19 24 25 52 53 61 78
 19 24 25 52 53 61 76 77
 19 24 25 52 53 60 61
 19 24 25 52 53 59 60
 19 24 25 52 53 59 60 78
 19 24 25 52 53 59 60 76 77
 19 24 25 51 61
 19 24 25 51 59 60
 19 24 25 51 56 61
 19 24 25 51 56 59 60
 19 24 25 51 54 61
 19 24 25 51 54 59 60
 19 24 25 51 52 53 61
 19 24 25 51 52 53 59 60
 19 24 25 46 56 61
 19 24 25 46 56 59 60
 19 24 25 44 45 56 61
 19 24 25 44 45 56 59 60
 19 24 25 35 44 60 61
 19 24 25 35 44 59 60
 19 24 25 35 42 43 60 61
 19 24 25 35 42 43 59 60
 19 24 25 34 78
 19 24 25 34 76 77
 19 24 25 34 60
 19 24 25 34 56 78
 19 24 25 34 56 76 77
 19 24 25 34 54 78
 19 24 25 34 54 76 77
 19 24 25 34 54 60
 19 24 25 34 52 53 78
 19 24 25 34 52 53 76 77
 19 24 25 34 52 53 60
 19 24 25 34 51
 19 24 25 34 51 56
 19 24 25 34 51 54
 19 24 25 34 51 52 53
 19 24 25 34 46 56
 19 24 25 34 44 45 56
 19 24 25 34 35 44 60
 19 24 25 34 35 42 43 60
 19 24 25 33 34 44 60
 19 24 25 33 34 44 60 61
 19 24 25 33 34 44 59 60
 19 24 25 33 34 42 43 60
 19 24 25 33 34 42 43 60 61
 19 24 25 33 34 42 43 59 60
 19 24 25 27 61 78
 19 24 25 27 61 76 77
 19 24 25 27 60 61
 19 24 25 27 59 60
 19 24 25 27 59 60 78
 19 24 25 27 59 60 76 77
 19 24 25 27 51 61
 19 24 25 27 51 59 60
 19 24 25 27 34 78
 19 24 25 27 34 76 77
 19 24 25 27 34 60
 19 24 25 27 34 51
 18 43 60 61 68
 18 43 59 60 68
 18 42 60 61 68
 18 42 59 60 68
 18 39 40 42 60 61 68
 18 39 40 42 59 60 68
 18 39 40 41 60 61 68
 18 39 40 41 59 60 68
 18 34 43 60 68
 18 34 42 60 68
 18 34 39 40 42 60 68
 18 34 39 40 41 60 68
 18 28 60 61 68
 18 28 59 60 68
 18 28 34 60 68
 18 26 43 60 61
 18 26 43 59 60
 18 26 42 60 61
 18 26 42 59 60
 18 26 39 40 42 60 61
 18 26 39 40 42 59 60
 18 26 39 40 41 60 61
 18 26 39 40 41 59 60
 18 26 34 43 60
 18 26 34 42 60
 18 26 34 39 40 42 60
 18 26 34 39 40 41 60
 18 26 28 60 61
 18 26 28 59 60
 18 26 28 34 60
 18 26 27 60 61
 18 26 27 60 61 68
 18 26 27 59 60
 18 26 27 59 60 68
 18 26 27 34 60
 18 26 27 34 60 68
 18 24 25 43 60 61
 18 24 25 43 59 60
 18 24 25 42 60 61
 18 24 25 42 59 60
 18 24 25 39 40 42 60 61
 18 24 25 39 40 42 59 60
 18 24 25 39 40 41 60 61
 18 24 25 39 40 41 59 60
 18 24 25 34 43 60
 18 24 25 34 42 60
 18 24 25 34 39 40 42 60
 18 24 25 34 39 40 41 60
 18 24 25 28 60 61
 18 24 25 28 59 60
 18 24 25 28 34 60
 18 24 25 26 27 60 61
 18 24 25 26 27 59 60
 18 24 25 26 27 34 60
 17 44 59
 17 44 57 58
 17 35 46 60 61
 17 35 46 60 61 68
 17 35 46 59 60
 17 35 46 59 60 68
 17 35 44 45 60 61
 17 35 44 45 60 61 68
 17 35 44 45 59 60
 17 35 44 45 59 60 68
 17 34 35 46 60
 17 34 35 46 60 68
 17 34 35 44 45 60
 17 34 35 44 45 60 68
 17 33 34 46 60
 17 33 34 46 60 68
 17 33 34 46 60 61
 17 33 34 46 60 61 68
 17 33 34 46 59 60
 17 33 34 46 59 60 68
 17 33 34 44 45 60
 17 33 34 44 45 60 68
 17 33 34 44 45 60 61
 17 33 34 44 45 60 61 68
 17 33 34 44 45 59 60
 17 33 34 44 45 59 60 68
 17 32 44
 17 29 52 59 60 63
 17 29 52 59 60 61 62
 17 29 52 57 58 60 63
 17 29 52 57 58 60 61 62
 17 29 50 51 59 60 63
 17 29 50 51 59 60 61 62
 17 29 50 51 57 58 60 63
 17 29 50 51 57 58 60 61 62
 17 29 44 59
 17 29 44 57 58
 17 29 36 52 59 60
 17 29 36 52 57 58 60
 17 29 36 50 51 59 60
 17 29 36 50 51 57 58 60
 17 29 32 52 60 63
 17 29 32 52 60 61 62
 17 29 32 50 51 60 63
 17 29 32 50 51 60 61 62
 17 29 32 44
 17 29 32 36 52 60
 17 29 32 36 50 51 60
 17 27 28 52 59 60 63
 17 27 28 52 59 60 61 62
 17 27 28 52 57 58 60 63
 17 27 28 52 57 58 60 61 62
 17 27 28 50 51 59 60 63
 17 27 28 50 51 59 60 61 62
 17 27 28 50 51 57 58 60 63
 17 27 28 50 51 57 58 60 61 62
 17 27 28 44 59
 17 27 28 44 57 58
 17 27 28 36 52 59 60
 17 27 28 36 52 57 58 60
 17 27 28 36 50 51 59 60
 17 27 28 36 50 51 57 58 60
 17 27 28 32 52 60 63
 17 27 28 32 52 60 61 62
 17 27 28 32 50 51 60 63
 17 27 28 32 50 51 60 61 62
 17 27 28 32 44
 17 27 28 32 36 52 60
 17 27 28 32 36 50 51 60
 17 26 35 46 60 61
 17 26 35 46 59 60
 17 26 35 44 45 60 61
 17 26 35 44 45 59 60
 17 26 34 35 46 60
 17 26 34 35 44 45 60
 17 26 33 34 46 60
 17 26 33 34 46 60 61
 17 26 33 34 46 59 60
 17 26 33 34 44 45 60
 17 26 33 34 44 45 60 61
 17 26 33 34 44 45 59 60
 17 25 29 59 60 63
 17 25 29 59 60 61 62
 17 25 29 57 58 60 63
 17 25 29 57 58 60 61 62
 17 25 29 36 59 60
 17 25 29 36 57 58 60
 17 25 29 32 60 63
 17 25 29 32 60 61 62
 17 25 29 32 36 60
 17 25 27 28 59 60 63
 17 25 27 28 59 60 61 62
 17 25 27 28 57 58 60 63
 17 25 27 28 57 58 60 61 62
 17 25 27 28 36 59 60
 17 25 27 28 36 57 58 60
 17 25 27 28 32 60 63
 17 25 27 28 32 60 61 62
 17 25 27 28 32 36 60
 17 24 25 35 46 60 61
 17 24 25 35 46 59 60
 17 24 25 35 44 45 60 61
 17 24 25 35 44 45 59 60
 17 24 25 34 35 46 60
 17 24 25 34 35 44 45 60
 17 24 25 33 34 46 60
 17 24 25 33 34 46 60 61
 17 24 25 33 34 46 59 60
 17 24 25 33 34 44 45 60
 17 24 25 33 34 44 45 60 61
 17 24 25 33 34 44 45 59 60
 17 19 35 60 61
 17 19 35 60 61 68
 17 19 35 59 60
 17 19 35 59 60 68
 17 19 34 35 60
 17 19 34 35 60 68
 17 19 33 34 60
 17 19 33 34 60 68
 17 19 33 34 60 61
 17 19 33 34 60 61 68
 17 19 33 34 59 60
 17 19 33 34 59 60 68
 17 19 26 35 60 61
 17 19 26 35 59 60
 17 19 26 34 35 60
 17 19 26 33 34 60
 17 19 26 33 34 60 61
 17 19 26 33 34 59 60
 17 19 24 25 35 60 61
 17 19 24 25 35 59 60
 17 19 24 25 34 35 60
 17 19 24 25 33 34 60
 17 19 24 25 33 34 60 61
 17 19 24 25 33 34 59 60
 16 60 61 68
 16 59 60 68
 16 34 60 68
 16 26 60 61
 16 26 59 60
 16 26 34 60
 16 24 25 60 61
 16 24 25 59 60
 16 24 25 34 60
 16 18 60 61 68
 16 18 59 60 68
 16 18 34 60 68
 16 18 26 60 61
 16 18 26 59 60
 16 18 26 34 60
 16 18 24 25 60 61
 16 18 24 25 59 60
 16 18 24 25 34 60
 16 17 60 61 68
 16 17 59 60 68
 16 17 43 60 61 68
 16 17 43 59 60 68
 16 17 42 60 61 68
 16 17 42 59 60 68
 16 17 39 40 42 60 61 68
 16 17 39 40 42 59 60 68
 16 17 39 40 41 60 61 68
 16 17 39 40 41 59 60 68
 16 17 34 60 68
 16 17 34 43 60 68
 16 17 34 42 60 68
 16 17 34 39 40 42 60 68
 16 17 34 39 40 41 60 68
 16 17 28 60 61 68
 16 17 28 59 60 68
 16 17 28 34 60 68
 16 17 26 60 61
 16 17 26 59 60
 16 17 26 43 60 61
 16 17 26 43 59 60
 16 17 26 42 60 61
 16 17 26 42 59 60
 16 17 26 39 40 42 60 61
 16 17 26 39 40 42 59 60
 16 17 26 39 40 41 60 61
 16 17 26 39 40 41 59 60
 16 17 26 34 60
 16 17 26 34 43 60
 16 17 26 34 42 60
 16 17 26 34 39 40 42 60
 16 17 26 34 39 40 41 60
 16 17 26 28 60 61
 16 17 26 28 59 60
 16 17 26 28 34 60
 16 17 26 27 60 61
 16 17 26 27 60 61 68
 16 17 26 27 59 60
 16 17 26 27 59 60 68
 16 17 26 27 34 60
 16 17 26 27 34 60 68
 16 17 24 25 60 61
 16 17 24 25 59 60
 16 17 24 25 43 60 61
 16 17 24 25 43 59 60
 16 17 24 25 42 60 61
 16 17 24 25 42 59 60
 16 17 24 25 39 40 42 60 61
 16 17 24 25 39 40 42 59 60
 16 17 24 25 39 40 41 60 61
 16 17 24 25 39 40 41 59 60
 16 17 24 25 34 60
 16 17 24 25 34 43 60
 16 17 24 25 34 42 60
 16 17 24 25 34 39 40 42 60
 16 17 24 25 34 39 40 41 60
 16 17 24 25 28 60 61
 16 17 24 25 28 59 60
 16 17 24 25 28 34 60
 16 17 24 25 26 27 60 61
 16 17 24 25 26 27 59 60
 16 17 24 25 26 27 34 60
 15 60 61 68
 15 59 60 68
 15 41 60 61 68
 15 41 59 60 68
 15 39 40 60 61 68
 15 39 40 59 60 68
 15 34 60 68
 15 34 41 60 68
 15 34 39 40 60 68
 15 26 60 61
 15 26 59 60
 15 26 41 60 61
 15 26 41 59 60
 15 26 39 40 60 61
 15 26 39 40 59 60
 15 26 34 60
 15 26 34 41 60
 15 26 34 39 40 60
 15 24 25 60 61
 15 24 25 59 60
 15 24 25 41 60 61
 15 24 25 41 59 60
 15 24 25 39 40 60 61
 15 24 25 39 40 59 60
 15 24 25 34 60
 15 24 25 34 41 60
 15 24 25 34 39 40 60
 15 18 60 61 68
 15 18 59 60 68
 15 18 41 60 61 68
 15 18 41 59 60 68
 15 18 39 40 60 61 68
 15 18 39 40 59 60 68
 15 18 34 60 68
 15 18 34 41 60 68
 15 18 34 39 40 60 68
 15 18 26 60 61
 15 18 26 59 60
 15 18 26 41 60 61
 15 18 26 41 59 60
 15 18 26 39 40 60 61
 15 18 26 39 40 59 60
 15 18 26 34 60
 15 18 26 34 41 60
 15 18 26 34 39 40 60
 15 18 24 25 60 61
 15 18 24 25 59 60
 15 18 24 25 41 60 61
 15 18 24 25 41 59 60
 15 18 24 25 39 40 60 61
 15 18 24 25 39 40 59 60
 15 18 24 25 34 60
 15 18 24 25 34 41 60
 15 18 24 25 34 39 40 60
 15 16 17 60 61 68
 15 16 17 59 60 68
 15 16 17 41 60 61 68
 15 16 17 41 59 60 68
 15 16 17 39 40 60 61 68
 15 16 17 39 40 59 60 68
 15 16 17 34 60 68
 15 16 17 34 41 60 68
 15 16 17 34 39 40 60 68
 15 16 17 26 60 61
 15 16 17 26 59 60
 15 16 17 26 41 60 61
 15 16 17 26 41 59 60
 15 16 17 26 39 40 60 61
 15 16 17 26 39 40 59 60
 15 16 17 26 34 60
 15 16 17 26 34 41 60
 15 16 17 26 34 39 40 60
 15 16 17 24 25 60 61
 15 16 17 24 25 59 60
 15 16 17 24 25 41 60 61
 15 16 17 24 25 41 59 60
 15 16 17 24 25 39 40 60 61
 15 16 17 24 25 39 40 59 60
 15 16 17 24 25 34 60
 15 16 17 24 25 34 41 60
 15 16 17 24 25 34 39 40 60
 14 42 60 61 68
 14 42 59 60 68
 14 40 41 60 61 68
 14 40 41 59 60 68
 14 34 42 60 68
 14 34 40 41 60 68
 14 26 42 60 61
 14 26 42 59 60
 14 26 40 41 60 61
 14 26 40 41 59 60
 14 26 34 42 60
 14 26 34 40 41 60
 14 24 25 42 60 61
 14 24 25 42 59 60
 14 24 25 40 41 60 61
 14 24 25 40 41 59 60
 14 24 25 34 42 60
 14 24 25 34 40 41 60
 14 18 42 60 61 68
 14 18 42 59 60 68
 14 18 40 41 60 61 68
 14 18 40 41 59 60 68
 14 18 34 42 60 68
 14 18 34 40 41 60 68
 14 18 26 42 60 61
 14 18 26 42 59 60
 14 18 26 40 41 60 61
 14 18 26 40 41 59 60
 14 18 26 34 42 60
 14 18 26 34 40 41 60
 14 18 24 25 42 60 61
 14 18 24 25 42 59 60
 14 18 24 25 40 41 60 61
 14 18 24 25 40 41 59 60
 14 18 24 25 34 42 60
 14 18 24 25 34 40 41 60
 14 16 17 42 60 61 68
 14 16 17 42 59 60 68
 14 16 17 40 41 60 61 68
 14 16 17 40 41 59 60 68
 14 16 17 34 42 60 68
 14 16 17 34 40 41 60 68
 14 16 17 26 42 60 61
 14 16 17 26 42 59 60
 14 16 17 26 40 41 60 61
 14 16 17 26 40 41 59 60
 14 16 17 26 34 42 60
 14 16 17 26 34 40 41 60
 14 16 17 24 25 42 60 61
 14 16 17 24 25 42 59 60
 14 16 17 24 25 40 41 60 61
 14 16 17 24 25 40 41 59 60
 14 16 17 24 25 34 42 60
 14 16 17 24 25 34 40 41 60
 14 15 60 61 68
 14 15 59 60 68
 14 15 34 60 68
 14 15 26 60 61
 14 15 26 59 60
 14 15 26 34 60
 14 15 24 25 60 61
 14 15 24 25 59 60
 14 15 24 25 34 60
 14 15 18 60 61 68
 14 15 18 59 60 68
 14 15 18 34 60 68
 14 15 18 26 60 61
 14 15 18 26 59 60
 14 15 18 26 34 60
 14 15 18 24 25 60 61
 14 15 18 24 25 59 60
 14 15 18 24 25 34 60
 14 15 16 17 60 61 68
 14 15 16 17 59 60 68
 14 15 16 17 34 60 68
 14 15 16 17 26 60 61
 14 15 16 17 26 59 60
 14 15 16 17 26 34 60
 14 15 16 17 24 25 60 61
 14 15 16 17 24 25 59 60
 14 15 16 17 24 25 34 60
 8 44 46 60 61
 8 44 46 60 61 68
 8 44 46 59 60
 8 44 46 59 60 68
 8 44 45 60 61
 8 44 45 60 61 68
 8 44 45 59 60
 8 44 45 59 60 68
 8 42 43 46 60 61
 8 42 43 46 60 61 68
 8 42 43 46 59 60
 8 42 43 46 59 60 68
 8 42 43 44 45 60 61
 8 42 43 44 45 60 61 68
 8 42 43 44 45 59 60
 8 42 43 44 45 59 60 68
 8 34 44 46 60
 8 34 44 46 60 68
 8 34 44 45 60
 8 34 44 45 60 68
 8 34 42 43 46 60
 8 34 42 43 46 60 68
 8 34 42 43 44 45 60
 8 34 42 43 44 45 60 68
 8 26 44 46 60 61
 8 26 44 46 59 60
 8 26 44 45 60 61
 8 26 44 45 59 60
 8 26 42 43 46 60 61
 8 26 42 43 46 59 60
 8 26 42 43 44 45 60 61
 8 26 42 43 44 45 59 60
 8 26 34 44 46 60
 8 26 34 44 45 60
 8 26 34 42 43 46 60
 8 26 34 42 43 44 45 60
 8 24 25 44 46 60 61
 8 24 25 44 46 59 60
 8 24 25 44 45 60 61
 8 24 25 44 45 59 60
 8 24 25 42 43 46 60 61
 8 24 25 42 43 46 59 60
 8 24 25 42 43 44 45 60 61
 8 24 25 42 43 44 45 59 60
 8 24 25 34 44 46 60
 8 24 25 34 44 45 60
 8 24 25 34 42 43 46 60
 8 24 25 34 42 43 44 45 60
 8 19 44 60 61
 8 19 44 60 61 68
 8 19 44 59 60
 8 19 44 59 60 68
 8 19 42 43 60 61
 8 19 42 43 60 61 68
 8 19 42 43 59 60
 8 19 42 43 59 60 68
 8 19 34 44 60
 8 19 34 44 60 68
 8 19 34 42 43 60
 8 19 34 42 43 60 68
 8 19 26 44 60 61
 8 19 26 44 59 60
 8 19 26 42 43 60 61
 8 19 26 42 43 59 60
 8 19 26 34 44 60
 8 19 26 34 42 43 60
 8 19 24 25 44 60 61
 8 19 24 25 44 59 60
 8 19 24 25 42 43 60 61
 8 19 24 25 42 43 59 60
 8 19 24 25 34 44 60
 8 19 24 25 34 42 43 60
 8 17 46 60 61
 8 17 46 60 61 68
 8 17 46 59 60
 8 17 46 59 60 68
 8 17 44 45 60 61
 8 17 44 45 60 61 68
 8 17 44 45 59 60
 8 17 44 45 59 60 68
 8 17 34 46 60
 8 17 34 46 60 68
 8 17 34 44 45 60
 8 17 34 44 45 60 68
 8 17 26 46 60 61
 8 17 26 46 59 60
 8 17 26 44 45 60 61
 8 17 26 44 45 59 60
 8 17 26 34 46 60
 8 17 26 34 44 45 60
 8 17 24 25 46 60 61
 8 17 24 25 46 59 60
 8 17 24 25 44 45 60 61
 8 17 24 25 44 45 59 60
 8 17 24 25 34 46 60
 8 17 24 25 34 44 45 60
 8 17 19 60 61
 8 17 19 60 61 68
 8 17 19 59 60
 8 17 19 59 60 68
 8 17 19 34 60
 8 17 19 34 60 68
 8 17 19 26 60 61
 8 17 19 26 59 60
 8 17 19 26 34 60
 8 17 19 24 25 60 61
 8 17 19 24 25 59 60
 8 17 19 24 25 34 60
 2 59 62 74 78 79
 2 59 62 72 73 78 79
 2 58 60 62 63 74
 2 58 60 62 63 72 73
 2 58 60 61 62 74
 2 58 60 61 62 72 73
 2 58 59 60 63 74
 2 58 59 60 63 72 73
 2 58 59 60 61 62 74
 2 58 59 60 61 62 72 73
 2 57 58 62 74 78 79
 2 57 58 62 72 73 78 79
 2 57 58 60 63 74
 2 57 58 60 63 72 73
 2 57 58 60 61 62 74
 2 57 58 60 61 62 72 73
 2 53 59 62 74
 2 53 59 62 72 73
 2 53 57 58 62 74
 2 53 57 58 62 72 73
 2 52 59 60 63
 2 52 59 60 61 62
 2 52 57 58 60 63
 2 52 57 58 60 61 62
 2 50 51 59 60 63
 2 50 51 59 60 61 62
 2 50 51 57 58 60 63
 2 50 51 57 58 60 61 62
 2 47 59 62 78 79
 2 47 58 60 62 63
 2 47 58 60 61 62
 2 47 58 59 60 63
 2 47 58 59 60 61 62
 2 47 57 58 62 78 79
 2 47 57 58 60 63
 2 47 57 58 60 61 62
 2 47 53 59 62
 2 47 53 57 58 62
 2 46 61
 2 46 60 61
 2 46 58 60 61 63 74
 2 46 58 60 61 63 72 73
 2 46 58 60 61 62 74
 2 46 58 60 61 62 72 73
 2 46 58 59 60 63 74
 2 46 58 59 60 63 72 73
 2 46 58 59 60 61 62 74
 2 46 58 59 60 61 62 72 73
 2 46 52 61 78
 2 46 52 61 76 77
 2 46 52 59 60 78
 2 46 52 59 60 76 77
 2 46 51 52 61
 2 46 51 52 59 60
 2 46 50 51 61
 2 46 50 51 61 78
 2 46 50 51 61 76 77
 2 46 50 51 59 60
 2 46 50 51 59 60 78
 2 46 50 51 59 60 76 77
 2 46 47 58 60 61 63
 2 46 47 58 60 61 62
 2 46 47 58 59 60 63
 2 46 47 58 59 60 61 62
 2 44 59
 2 44 59 74 78
 2 44 59 74 76 77
 2 44 59 72 73 78
 2 44 59 72 73 76 77
 2 44 59 62 74
 2 44 59 62 72 73
 2 44 57 58
 2 44 57 58 74 78
 2 44 57 58 74 76 77
 2 44 57 58 72 73 78
 2 44 57 58 72 73 76 77
 2 44 57 58 62 74
 2 44 57 58 62 72 73
 2 44 51 59 74
 2 44 51 59 72 73
 2 44 51 57 58 74
 2 44 51 57 58 72 73
 2 44 47 59 78
 2 44 47 59 76 77
 2 44 47 59 62
 2 44 47 57 58 78
 2 44 47 57 58 76 77
 2 44 47 57 58 62
 2 44 47 51 59
 2 44 47 51 57 58
 2 44 45 61
 2 44 45 60 61
 2 44 45 58 60 61 63 74
 2 44 45 58 60 61 63 72 73
 2 44 45 58 60 61 62 74
 2 44 45 58 60 61 62 72 73
 2 44 45 58 59 60 63 74
 2 44 45 58 59 60 63 72 73
 2 44 45 58 59 60 61 62 74
 2 44 45 58 59 60 61 62 72 73
 2 44 45 52 61 78
 2 44 45 52 61 76 77
 2 44 45 52 59 60 78
 2 44 45 52 59 60 76 77
 2 44 45 51 52 61
 2 44 45 51 52 59 60
 2 44 45 50 51 61
 2 44 45 50 51 61 78
 2 44 45 50 51 61 76 77
 2 44 45 50 51 59 60
 2 44 45 50 51 59 60 78
 2 44 45 50 51 59 60 76 77
 2 44 45 47 58 60 61 63
 2 44 45 47 58 60 61 62
 2 44 45 47 58 59 60 63
 2 44 45 47 58 59 60 61 62
 2 36 58 60 62 74
 2 36 58 60 62 72 73
 2 36 58 59 60 74
 2 36 58 59 60 72 73
 2 36 57 58 60 74
 2 36 57 58 60 72 73
 2 36 52 59 60
 2 36 52 57 58 60
 2 36 50 51 59 60
 2 36 50 51 57 58 60
 2 36 47 58 60 62
 2 36 47 58 59 60
 2 36 47 57 58 60
 2 36 46 58 60 61 74
 2 36 46 58 60 61 72 73
 2 36 46 58 59 60 74
 2 36 46 58 59 60 72 73
 2 36 46 47 58 60 61
 2 36 46 47 58 59 60
 2 36 44 45 58 60 61 74
 2 36 44 45 58 60 61 72 73
 2 36 44 45 58 59 60 74
 2 36 44 45 58 59 60 72 73
 2 36 44 45 47 58 60 61
 2 36 44 45 47 58 59 60
 2 34 46
 2 34 46 60
 2 34 46 58 60 63 74
 2 34 46 58 60 63 72 73
 2 34 46 58 60 61 62 74
 2 34 46 58 60 61 62 72 73
 2 34 46 52 78
 2 34 46 52 76 77
 2 34 46 51 52
 2 34 46 50 51
 2 34 46 50 51 78
 2 34 46 50 51 76 77
 2 34 46 47 58 60 63
 2 34 46 47 58 60 61 62
 2 34 44 45
 2 34 44 45 60
 2 34 44 45 58 60 63 74
 2 34 44 45 58 60 63 72 73
 2 34 44 45 58 60 61 62 74
 2 34 44 45 58 60 61 62 72 73
 2 34 44 45 52 78
 2 34 44 45 52 76 77
 2 34 44 45 51 52
 2 34 44 45 50 51
 2 34 44 45 50 51 78
 2 34 44 45 50 51 76 77
 2 34 44 45 47 58 60 63
 2 34 44 45 47 58 60 61 62
 2 34 36 46 58 60 74
 2 34 36 46 58 60 72 73
 2 34 36 46 47 58 60
 2 34 36 44 45 58 60 74
 2 34 36 44 45 58 60 72 73
 2 34 36 44 45 47 58 60
 2 32 62 74 78 79
 2 32 62 72 73 78 79
 2 32 58 60 63 74
 2 32 58 60 63 72 73
 2 32 58 60 61 62 74
 2 32 58 60 61 62 72 73
 2 32 53 62 74
 2 32 53 62 72 73
 2 32 52 60 63
 2 32 52 60 61 62
 2 32 50 51 60 63
 2 32 50 51 60 61 62
 2 32 47 62 78 79
 2 32 47 58 60 63
 2 32 47 58 60 61 62
 2 32 47 53 62
 2 32 44
 2 32 44 74 78
 2 32 44 74 76 77
 2 32 44 72 73 78
 2 32 44 72 73 76 77
 2 32 44 62 74
 2 32 44 62 72 73
 2 32 44 51 74
 2 32 44 51 72 73
 2 32 44 47 78
 2 32 44 47 76 77
 2 32 44 47 62
 2 32 44 47 51
 2 32 36 58 60 74
 2 32 36 58 60 72 73
 2 32 36 52 60
 2 32 36 50 51 60
 2 32 36 47 58 60
 2 29 59
 2 29 59 74 78
 2 29 59 74 76 77
 2 29 59 72 73 78
 2 29 59 72 73 76 77
 2 29 59 62 74
 2 29 59 62 72 73
 2 29 57 58
 2 29 57 58 74 78
 2 29 57 58 74 76 77
 2 29 57 58 72 73 78
 2 29 57 58 72 73 76 77
 2 29 57 58 62 74
 2 29 57 58 62 72 73
 2 29 51 59 74
 2 29 51 59 72 73
 2 29 51 57 58 74
 2 29 51 57 58 72 73
 2 29 47 59 78
 2 29 47 59 76 77
 2 29 47 59 62
 2 29 47 57 58 78
 2 29 47 57 58 76 77
 2 29 47 57 58 62
 2 29 47 51 59
 2 29 47 51 57 58
 2 29 32
 2 29 32 74 78
 2 29 32 74 76 77
 2 29 32 72 73 78
 2 29 32 72 73 76 77
 2 29 32 62 74
 2 29 32 62 72 73
 2 29 32 51 74
 2 29 32 51 72 73
 2 29 32 47 78
 2 29 32 47 76 77
 2 29 32 47 62
 2 29 32 47 51
 2 27 28 59
 2 27 28 59 74 78
 2 27 28 59 74 76 77
 2 27 28 59 72 73 78
 2 27 28 59 72 73 76 77
 2 27 28 59 62 74
 2 27 28 59 62 72 73
 2 27 28 57 58
 2 27 28 57 58 74 78
 2 27 28 57 58 74 76 77
 2 27 28 57 58 72 73 78
 2 27 28 57 58 72 73 76 77
 2 27 28 57 58 62 74
 2 27 28 57 58 62 72 73
 2 27 28 51 59 74
 2 27 28 51 59 72 73
 2 27 28 51 57 58 74
 2 27 28 51 57 58 72 73
 2 27 28 47 59 78
 2 27 28 47 59 76 77
 2 27 28 47 59 62
 2 27 28 47 57 58 78
 2 27 28 47 57 58 76 77
 2 27 28 47 57 58 62
 2 27 28 47 51 59
 2 27 28 47 51 57 58
 2 27 28 32
 2 27 28 32 74 78
 2 27 28 32 74 76 77
 2 27 28 32 72 73 78
 2 27 28 32 72 73 76 77
 2 27 28 32 62 74
 2 27 28 32 62 72 73
 2 27 28 32 51 74
 2 27 28 32 51 72 73
 2 27 28 32 47 78
 2 27 28 32 47 76 77
 2 27 28 32 47 62
 2 27 28 32 47 51
 2 25 59 60 63
 2 25 59 60 61 62
 2 25 58 59 63 74
 2 25 58 59 63 72 73
 2 25 58 59 61 62 74
 2 25 58 59 61 62 72 73
 2 25 57 58 63 74
 2 25 57 58 63 72 73
 2 25 57 58 61 62 74
 2 25 57 58 61 62 72 73
 2 25 57 58 60 63
 2 25 57 58 60 61 62
 2 25 47 58 59 63
 2 25 47 58 59 61 62
 2 25 47 57 58 63
 2 25 47 57 58 61 62
 2 25 46 61 78
 2 25 46 61 76 77
 2 25 46 59 60 78
 2 25 46 59 60 76 77
 2 25 46 52 60 61
 2 25 46 52 59 60
 2 25 46 51 61
 2 25 46 51 59 60
 2 25 46 50 51 60 61
 2 25 46 50 51 59 60
 2 25 44 45 61 78
 2 25 44 45 61 76 77
 2 25 44 45 59 60 78
 2 25 44 45 59 60 76 77
 2 25 44 45 52 60 61
 2 25 44 45 52 59 60
 2 25 44 45 51 61
 2 25 44 45 51 59 60
 2 25 44 45 50 51 60 61
 2 25 44 45 50 51 59 60
 2 25 36 59 60
 2 25 36 58 59 74
 2 25 36 58 59 72 73
 2 25 36 57 58 74
 2 25 36 57 58 72 73
 2 25 36 57 58 60
 2 25 36 47 58 59
 2 25 36 47 57 58
 2 25 34 46 78
 2 25 34 46 76 77
 2 25 34 46 52 60
 2 25 34 46 51
 2 25 34 46 50 51 60
 2 25 34 44 45 78
 2 25 34 44 45 76 77
 2 25 34 44 45 52 60
 2 25 34 44 45 51
 2 25 34 44 45 50 51 60
 2 25 32 60 63
 2 25 32 60 61 62
 2 25 32 58 63 74
 2 25 32 58 63 72 73
 2 25 32 58 61 62 74
 2 25 32 58 61 62 72 73
 2 25 32 47 58 63
 2 25 32 47 58 61 62
 2 25 32 36 60
 2 25 32 36 58 74
 2 25 32 36 58 72 73
 2 25 32 36 47 58
 2 19 60 61
 2 19 59 60
 2 19 58 60 61 63 74
 2 19 58 60 61 63 72 73
 2 19 58 60 61 62 74
 2 19 58 60 61 62 72 73
 2 19 58 59 60 63 74
 2 19 58 59 60 63 72 73
 2 19 58 59 60 61 62 74
 2 19 58 59 60 61 62 72 73
 2 19 52 61 78
 2 19 52 61 76 77
 2 19 52 59 60 78
 2 19 52 59 60 76 77
 2 19 51 52 61
 2 19 51 52 59 60
 2 19 50 51 61
 2 19 50 51 61 78
 2 19 50 51 61 76 77
 2 19 50 51 59 60
 2 19 50 51 59 60 78
 2 19 50 51 59 60 76 77
 2 19 47 58 60 61 63
 2 19 47 58 60 61 62
 2 19 47 58 59 60 63
 2 19 47 58 59 60 61 62
 2 19 46 61
 2 19 46 59 60
 2 19 44 45 61
 2 19 44 45 59 60
 2 19 36 58 60 61 74
 2 19 36 58 60 61 72 73
 2 19 36 58 59 60 74
 2 19 36 58 59 60 72 73
 2 19 36 47 58 60 61
 2 19 36 47 58 59 60
 2 19 34 60
 2 19 34 58 60 63 74
 2 19 34 58 60 63 72 73
 2 19 34 58 60 61 62 74
 2 19 34 58 60 61 62 72 73
 2 19 34 52 78
 2 19 34 52 76 77
 2 19 34 51 52
 2 19 34 50 51
 2 19 34 50 51 78
 2 19 34 50 51 76 77
 2 19 34 47 58 60 63
 2 19 34 47 58 60 61 62
 2 19 34 46
 2 19 34 44 45
 2 19 34 36 58 60 74
 2 19 34 36 58 60 72 73
 2 19 34 36 47 58 60
 2 19 25 61 78
 2 19 25 61 76 77
 2 19 25 59 60 78
 2 19 25 59 60 76 77
 2 19 25 52 60 61
 2 19 25 52 59 60
 2 19 25 51 61
 2 19 25 51 59 60
 2 19 25 50 51 60 61
 2 19 25 50 51 59 60
 2 19 25 34 78
 2 19 25 34 76 77
 2 19 25 34 52 60
 2 19 25 34 51
 2 19 25 34 50 51 60
 2 17 52 59 60 63
 2 17 52 59 60 61 62
 2 17 52 57 58 60 63
 2 17 52 57 58 60 61 62
 2 17 50 51 59 60 63
 2 17 50 51 59 60 61 62
 2 17 50 51 57 58 60 63
 2 17 50 51 57 58 60 61 62
 2 17 44 59
 2 17 44 57 58
 2 17 36 52 59 60
 2 17 36 52 57 58 60
 2 17 36 50 51 59 60
 2 17 36 50 51 57 58 60
 2 17 32 52 60 63
 2 17 32 52 60 61 62
 2 17 32 50 51 60 63
 2 17 32 50 51 60 61 62
 2 17 32 44
 2 17 32 36 52 60
 2 17 32 36 50 51 60
 2 17 29 59
 2 17 29 57 58
 2 17 29 32
 2 17 27 28 59
 2 17 27 28 57 58
 2 17 27 28 32
 2 17 25 59 60 63
 2 17 25 59 60 61 62
 2 17 25 57 58 60 63
 2 17 25 57 58 60 61 62
 2 17 25 36 59 60
 2 17 25 36 57 58 60
 2 17 25 32 60 63
 2 17 25 32 60 61 62
 2 17 25 32 36 60
 1 60 61 68
 1 59 60 68
 1 34 60 68
 1 26 60 61
 1 26 59 60
 1 26 34 60
 1 24 25 60 61
 1 24 25 59 60
 1 24 25 34 60
 1 18 60 61 68
 1 18 59 60 68
 1 18 34 60 68
 1 18 26 60 61
 1 18 26 59 60
 1 18 26 34 60
 1 18 24 25 60 61
 1 18 24 25 59 60
 1 18 24 25 34 60
 1 16 17 60 61 68
 1 16 17 59 60 68
 1 16 17 34 60 68
 1 16 17 26 60 61
 1 16 17 26 59 60
 1 16 17 26 34 60
 1 16 17 24 25 60 61
 1 16 17 24 25 59 60
 1 16 17 24 25 34 60
 0 46 55 56 63 74
 0 46 55 56 63 72 73
 0 46 55 56 61 62 74
 0 46 55 56 61 62 72 73
 0 46 55 56 59 63
 0 46 55 56 59 61 63
 0 46 55 56 59 60 63
 0 46 55 56 59 60 61 62
 0 46 55 56 57 58 63
 0 46 55 56 57 58 61 63
 0 46 55 56 57 58 59 60 63
 0 46 55 56 57 58 59 60 61 62
 0 46 47 55 56 63
 0 46 47 55 56 61 62
 0 44 45 55 56 63 74
 0 44 45 55 56 63 72 73
 0 44 45 55 56 61 62 74
 0 44 45 55 56 61 62 72 73
 0 44 45 55 56 59 63
 0 44 45 55 56 59 61 63
 0 44 45 55 56 59 60 63
 0 44 45 55 56 59 60 61 62
 0 44 45 55 56 57 58 63
 0 44 45 55 56 57 58 61 63
 0 44 45 55 56 57 58 59 60 63
 0 44 45 55 56 57 58 59 60 61 62
 0 44 45 47 55 56 63
 0 44 45 47 55 56 61 62
 0 36 46 55 56 74
 0 36 46 55 56 72 73
 0 36 46 55 56 59
 0 36 46 55 56 59 61
 0 36 46 55 56 59 60
 0 36 46 55 56 57 58
 0 36 46 55 56 57 58 61
 0 36 46 55 56 57 58 59 60
 0 36 46 47 55 56
 0 36 44 45 55 56 74
 0 36 44 45 55 56 72 73
 0 36 44 45 55 56 59
 0 36 44 45 55 56 59 61
 0 36 44 45 55 56 59 60
 0 36 44 45 55 56 57 58
 0 36 44 45 55 56 57 58 61
 0 36 44 45 55 56 57 58 59 60
 0 36 44 45 47 55 56
 0 34 46 55 56 59 63
 0 34 46 55 56 59 61 62
 0 34 46 55 56 57 58 63
 0 34 46 55 56 57 58 61 62
 0 34 44 45 55 56 59 63
 0 34 44 45 55 56 59 61 62
 0 34 44 45 55 56 57 58 63
 0 34 44 45 55 56 57 58 61 62
 0 34 36 46 55 56 59
 0 34 36 46 55 56 57 58
 0 34 36 44 45 55 56 59
 0 34 36 44 45 55 56 57 58
 0 32 46 55 56 63
 0 32 46 55 56 61 63
 0 32 46 55 56 59 60 63
 0 32 46 55 56 59 60 61 62
 0 32 44 45 55 56 63
 0 32 44 45 55 56 61 63
 0 32 44 45 55 56 59 60 63
 0 32 44 45 55 56 59 60 61 62
 0 32 36 46 55 56
 0 32 36 46 55 56 61
 0 32 36 46 55 56 59 60
 0 32 36 44 45 55 56
 0 32 36 44 45 55 56 61
 0 32 36 44 45 55 56 59 60
 0 32 34 46 55 56 63
 0 32 34 46 55 56 61 62
 0 32 34 44 45 55 56 63
 0 32 34 44 45 55 56 61 62
 0 32 34 36 46 55 56
 0 32 34 36 44 45 55 56
 0 19 55 56 63 74
 0 19 55 56 63 72 73
 0 19 55 56 61 62 74
 0 19 55 56 61 62 72 73
 0 19 55 56 59 63
 0 19 55 56 59 61 63
 0 19 55 56 59 60 63
 0 19 55 56 59 60 61 62
 0 19 55 56 57 58 63
 0 19 55 56 57 58 61 63
 0 19 55 56 57 58 59 60 63
 0 19 55 56 57 58 59 60 61 62
 0 19 47 55 56 63
 0 19 47 55 56 61 62
 0 19 36 55 56 74
 0 19 36 55 56 72 73
 0 19 36 55 56 59
 0 19 36 55 56 59 61
 0 19 36 55 56 59 60
 0 19 36 55 56 57 58
 0 19 36 55 56 57 58 61
 0 19 36 55 56 57 58 59 60
 0 19 36 47 55 56
 0 19 34 55 56 59 63
 0 19 34 55 56 59 61 62
 0 19 34 55 56 57 58 63
 0 19 34 55 56 57 58 61 62
 0 19 34 36 55 56 59
 0 19 34 36 55 56 57 58
 0 19 32 55 56 63
 0 19 32 55 56 61 63
 0 19 32 55 56 59 60 63
 0 19 32 55 56 59 60 61 62
 0 19 32 36 55 56
 0 19 32 36 55 56 61
 0 19 32 36 55 56 59 60
 0 19 32 34 55 56 63
 0 19 32 34 55 56 61 62
 0 19 32 34 36 55 56
 0 1 59
 0 1 59 74 78
 0 1 59 74 76 77
 0 1 59 72 73 78
 0 1 59 72 73 76 77
 0 1 59 62 74
 0 1 59 62 72 73
 0 1 57 58
 0 1 57 58 74 78
 0 1 57 58 74 76 77
 0 1 57 58 72 73 78
 0 1 57 58 72 73 76 77
 0 1 57 58 62 74
 0 1 57 58 62 72 73
 0 1 51 59 74
 0 1 51 59 72 73
 0 1 51 57 58 74
 0 1 51 57 58 72 73
 0 1 47 59 78
 0 1 47 59 76 77
 0 1 47 59 62
 0 1 47 57 58 78
 0 1 47 57 58 76 77
 0 1 47 57 58 62
 0 1 47 51 59
 0 1 47 51 57 58
 0 1 32
 0 1 32 74 78
 0 1 32 74 76 77
 0 1 32 72 73 78
 0 1 32 72 73 76 77
 0 1 32 62 74
 0 1 32 62 72 73
 0 1 32 51 74
 0 1 32 51 72 73
 0 1 32 47 78
 0 1 32 47 76 77
 0 1 32 47 62
 0 1 32 47 51
 0 1 29 59
 0 1 29 59 74 78
 0 1 29 59 74 76 77
 0 1 29 59 72 73 78
 0 1 29 59 72 73 76 77
 0 1 29 59 62 74
 0 1 29 59 62 72 73
 0 1 29 57 58
 0 1 29 57 58 74 78
 0 1 29 57 58 74 76 77
 0 1 29 57 58 72 73 78
 0 1 29 57 58 72 73 76 77
 0 1 29 57 58 62 74
 0 1 29 57 58 62 72 73
 0 1 29 51 59 74
 0 1 29 51 59 72 73
 0 1 29 51 57 58 74
 0 1 29 51 57 58 72 73
 0 1 29 47 59 78
 0 1 29 47 59 76 77
 0 1 29 47 59 62
 0 1 29 47 57 58 78
 0 1 29 47 57 58 76 77
 0 1 29 47 57 58 62
 0 1 29 47 51 59
 0 1 29 47 51 57 58
 0 1 29 32
 0 1 29 32 74 78
 0 1 29 32 74 76 77
 0 1 29 32 72 73 78
 0 1 29 32 72 73 76 77
 0 1 29 32 62 74
 0 1 29 32 62 72 73
 0 1 29 32 51 74
 0 1 29 32 51 72 73
 0 1 29 32 47 78
 0 1 29 32 47 76 77
 0 1 29 32 47 62
 0 1 29 32 47 51
 0 1 27 28 59
 0 1 27 28 59 74 78
 0 1 27 28 59 74 76 77
 0 1 27 28 59 72 73 78
 0 1 27 28 59 72 73 76 77
 0 1 27 28 59 62 74
 0 1 27 28 59 62 72 73
 0 1 27 28 57 58
 0 1 27 28 57 58 74 78
 0 1 27 28 57 58 74 76 77
 0 1 27 28 57 58 72 73 78
 0 1 27 28 57 58 72 73 76 77
 0 1 27 28 57 58 62 74
 0 1 27 28 57 58 62 72 73
 0 1 27 28 51 59 74
 0 1 27 28 51 59 72 73
 0 1 27 28 51 57 58 74
 0 1 27 28 51 57 58 72 73
 0 1 27 28 47 59 78
 0 1 27 28 47 59 76 77
 0 1 27 28 47 59 62
 0 1 27 28 47 57 58 78
 0 1 27 28 47 57 58 76 77
 0 1 27 28 47 57 58 62
 0 1 27 28 47 51 59
 0 1 27 28 47 51 57 58
 0 1 27 28 32
 0 1 27 28 32 74 78
 0 1 27 28 32 74 76 77
 0 1 27 28 32 72 73 78
 0 1 27 28 32 72 73 76 77
 0 1 27 28 32 62 74
 0 1 27 28 32 62 72 73
 0 1 27 28 32 51 74
 0 1 27 28 32 51 72 73
 0 1 27 28 32 47 78
 0 1 27 28 32 47 76 77
 0 1 27 28 32 47 62
 0 1 27 28 32 47 51
 0 1 17 59
 0 1 17 57 58
 0 1 17 32
 0 1 17 29 59
 0 1 17 29 57 58
 0 1 17 29 32
 0 1 17 27 28 59
 0 1 17 27 28 57 58
 0 1 17 27 28 32
 0 1 2 59
 0 1 2 59 74 78
 0 1 2 59 74 76 77
 0 1 2 59 72 73 78
 0 1 2 59 72 73 76 77
 0 1 2 59 62 74
 0 1 2 59 62 72 73
 0 1 2 57 58
 0 1 2 57 58 74 78
 0 1 2 57 58 74 76 77
 0 1 2 57 58 72 73 78
 0 1 2 57 58 72 73 76 77
 0 1 2 57 58 62 74
 0 1 2 57 58 62 72 73
 0 1 2 51 59 74
 0 1 2 51 59 72 73
 0 1 2 51 57 58 74
 0 1 2 51 57 58 72 73
 0 1 2 47 59 78
 0 1 2 47 59 76 77
 0 1 2 47 59 62
 0 1 2 47 57 58 78
 0 1 2 47 57 58 76 77
 0 1 2 47 57 58 62
 0 1 2 47 51 59
 0 1 2 47 51 57 58
 0 1 2 32
 0 1 2 32 74 78
 0 1 2 32 74 76 77
 0 1 2 32 72 73 78
 0 1 2 32 72 73 76 77
 0 1 2 32 62 74
 0 1 2 32 62 72 73
 0 1 2 32 51 74
 0 1 2 32 51 72 73
 0 1 2 32 47 78
 0 1 2 32 47 76 77
 0 1 2 32 47 62
 0 1 2 32 47 51
 0 1 2 17 59
 0 1 2 17 57 58
 0 1 2 17 32
