 59 76
 59 74 75
 58 63 76
 58 63 74 75
 58 61 62 76
 58 61 62 74 75
 58 59 76
 58 59 74 75
 58 59 60 68 78
 58 59 60 68 76 77
 58 59 60 68 69 78
 58 59 60 68 69 76 77
 58 59 60 65 66 68 78
 58 59 60 65 66 68 76 77
 57
 57 58
 57 58 60 68 78
 57 58 60 68 76 77
 57 58 60 68 69 78
 57 58 60 68 69 76 77
 57 58 60 65 66 68 78
 57 58 60 65 66 68 76 77
 56 59 63 76
 56 59 63 74 75
 56 59 61 62 76
 56 59 61 62 74 75
 56 58 65 74
 56 58 65 72
 56 58 65 72 73
 56 58 65 70 71
 56 58 63
 56 58 63 76
 56 58 63 74 75
 56 58 63 64 74
 56 58 63 64 72
 56 58 63 64 72 73
 56 58 63 64 70 71
 56 58 61 63 67 74
 56 58 61 63 67 72 73
 56 58 61 63 65 66 74
 56 58 61 63 65 66 72 73
 56 58 61 62
 56 58 61 62 76
 56 58 61 62 74 75
 56 58 61 62 67 74
 56 58 61 62 67 72 73
 56 58 61 62 65 66 74
 56 58 61 62 65 66 72 73
 56 58 59 65 74
 56 58 59 65 72 73
 56 58 59 63 76
 56 58 59 63 74 75
 56 58 59 63 64 74
 56 58 59 63 64 72 73
 56 58 59 61 62 76
 56 58 59 61 62 74 75
 56 58 59 60 63 67 74
 56 58 59 60 63 67 72 73
 56 58 59 60 63 65 66 74
 56 58 59 60 63 65 66 72 73
 56 58 59 60 61 62 67 74
 56 58 59 60 61 62 67 72 73
 56 58 59 60 61 62 65 66 74
 56 58 59 60 61 62 65 66 72 73
 56 57 63
 56 57 61 62
 56 57 58 65 74
 56 57 58 65 72 73
 56 57 58 63
 56 57 58 63 64 74
 56 57 58 63 64 72 73
 56 57 58 61 62
 55 56
 55 56 63
 55 56 61 62
 55 56 58
 55 56 58 63
 55 56 58 61 62
 52 58 60 61
 52 58 59 68 78
 52 58 59 68 76 77
 52 58 59 60
 52 58 59 60 62 68 78
 52 58 59 60 62 68 76 77
 52 57 58 68 78
 52 57 58 68 76 77
 52 57 58 60 62 68 78
 52 57 58 60 62 68 76 77
 51 58 59 60 68
 51 58 59 60 68 69
 51 58 59 60 65 66 68
 51 57 58 60 68
 51 57 58 60 68 69
 51 57 58 60 65 66 68
 51 52 58 59 68
 51 52 58 59 60 62 68
 51 52 57 58 68
 51 52 57 58 60 62 68
 50 51 58 60 61
 50 51 58 59 68
 50 51 58 59 68 78
 50 51 58 59 68 76 77
 50 51 58 59 60
 50 51 58 59 60 62 68
 50 51 58 59 60 62 68 78
 50 51 58 59 60 62 68 76 77
 50 51 57 58 68
 50 51 57 58 68 78
 50 51 57 58 68 76 77
 50 51 57 58 60 62 68
 50 51 57 58 60 62 68 78
 50 51 57 58 60 62 68 76 77
 49 59
 49 58 63
 49 58 61 62
 49 58 59
 49 56 59 63
 49 56 59 61 62
 49 56 58 63
 49 56 58 61 62
 49 56 58 59 63
 49 56 58 59 61 62
 47 56 58 65
 47 56 58 63 64
 47 56 58 61 63 67
 47 56 58 61 63 65 66
 47 56 58 61 62 67
 47 56 58 61 62 65 66
 47 56 58 59 65
 47 56 58 59 63 64
 47 56 58 59 60 63 67
 47 56 58 59 60 63 65 66
 47 56 58 59 60 61 62 67
 47 56 58 59 60 61 62 65 66
 47 56 57 58 65
 47 56 57 58 63 64
 46 57 58
 46 56 57 63
 46 56 57 61 62
 46 55 56 63
 46 55 56 61 62
 46 55 56 58
 45 56 58 65
 45 56 58 63 64
 44 58 59 60 68 78
 44 58 59 60 68 76 77
 44 58 59 60 67 68 78
 44 58 59 60 67 68 76 77
 44 58 59 60 65 66 68 78
 44 58 59 60 65 66 68 76 77
 44 57 58 60 68 78
 44 57 58 60 68 76 77
 44 57 58 60 67 68 78
 44 57 58 60 67 68 76 77
 44 57 58 60 65 66 68 78
 44 57 58 60 65 66 68 76 77
 44 52 58 59 60 68 78
 44 52 58 59 60 68 76 77
 44 52 57 58 60 68 78
 44 52 57 58 60 68 76 77
 44 51 58 59 60 68
 44 51 58 59 60 67 68
 44 51 58 59 60 65 66 68
 44 51 57 58 60 68
 44 51 57 58 60 67 68
 44 51 57 58 60 65 66 68
 44 51 52 58 59 60 68
 44 51 52 57 58 60 68
 44 50 51 58 59 60 68
 44 50 51 58 59 60 68 78
 44 50 51 58 59 60 68 76 77
 44 50 51 57 58 60 68
 44 50 51 57 58 60 68 78
 44 50 51 57 58 60 68 76 77
 44 45 57 58
 44 45 56 57 63
 44 45 56 57 61 62
 44 45 55 56 63
 44 45 55 56 61 62
 44 45 55 56 58
 42 58 59 60 68 78
 42 58 59 60 68 76 77
 42 57 58 60 68 78
 42 57 58 60 68 76 77
 42 52 58 60 61 74 78
 42 52 58 60 61 74 76 77
 42 52 58 60 61 72 73 78
 42 52 58 60 61 72 73 76 77
 42 52 58 59 60 74 78
 42 52 58 59 60 74 76 77
 42 52 58 59 60 72 73 78
 42 52 58 59 60 72 73 76 77
 42 51 58 59 60 68
 42 51 57 58 60 68
 42 51 52 58 60 61 74
 42 51 52 58 60 61 72 73
 42 51 52 58 59 60 74
 42 51 52 58 59 60 72 73
 42 50 51 58 60 61 74
 42 50 51 58 60 61 74 78
 42 50 51 58 60 61 74 76 77
 42 50 51 58 60 61 72 73
 42 50 51 58 60 61 72 73 78
 42 50 51 58 60 61 72 73 76 77
 42 50 51 58 59 60 74
 42 50 51 58 59 60 74 78
 42 50 51 58 59 60 74 76 77
 42 50 51 58 59 60 72 73
 42 50 51 58 59 60 72 73 78
 42 50 51 58 59 60 72 73 76 77
 42 48 58 62 63 72 74
 42 48 58 62 63 72 73
 42 48 58 62 63 70 71 74
 42 48 58 62 63 70 71 72 73
 42 48 58 61 62 72 74
 42 48 58 61 62 72 73
 42 48 58 61 62 70 71 74
 42 48 58 61 62 70 71 72 73
 42 48 56 58 61 64 72 74
 42 48 56 58 61 64 72 73
 42 48 56 58 61 64 70 71 74
 42 48 56 58 61 64 70 71 72 73
 42 48 56 58 59 60 64 72 74
 42 48 56 58 59 60 64 72 73
 42 48 56 58 59 60 64 70 71 74
 42 48 56 58 59 60 64 70 71 72 73
 42 47 52 58 60 61 78
 42 47 52 58 60 61 76 77
 42 47 52 58 59 60 78
 42 47 52 58 59 60 76 77
 42 47 51 52 58 60 61
 42 47 51 52 58 59 60
 42 47 50 51 58 60 61
 42 47 50 51 58 60 61 78
 42 47 50 51 58 60 61 76 77
 42 47 50 51 58 59 60
 42 47 50 51 58 59 60 78
 42 47 50 51 58 59 60 76 77
 42 47 48 58 62 63 72
 42 47 48 58 62 63 70 71
 42 47 48 58 61 62 72
 42 47 48 58 61 62 70 71
 42 47 48 56 58 61 64 72
 42 47 48 56 58 61 64 70 71
 42 47 48 56 58 59 60 64 72
 42 47 48 56 58 59 60 64 70 71
 42 46 47 58 62 63 72
 42 46 47 58 62 63 72 74
 42 46 47 58 62 63 72 73
 42 46 47 58 62 63 70 71
 42 46 47 58 62 63 70 71 74
 42 46 47 58 62 63 70 71 72 73
 42 46 47 58 61 62 72
 42 46 47 58 61 62 72 74
 42 46 47 58 61 62 72 73
 42 46 47 58 61 62 70 71
 42 46 47 58 61 62 70 71 74
 42 46 47 58 61 62 70 71 72 73
 42 46 47 56 58 61 64 72
 42 46 47 56 58 61 64 72 74
 42 46 47 56 58 61 64 72 73
 42 46 47 56 58 61 64 70 71
 42 46 47 56 58 61 64 70 71 74
 42 46 47 56 58 61 64 70 71 72 73
 42 46 47 56 58 59 60 64 72
 42 46 47 56 58 59 60 64 72 74
 42 46 47 56 58 59 60 64 72 73
 42 46 47 56 58 59 60 64 70 71
 42 46 47 56 58 59 60 64 70 71 74
 42 46 47 56 58 59 60 64 70 71 72 73
 42 45 48 58 62 63 74
 42 45 48 58 62 63 72 73
 42 45 48 58 61 62 74
 42 45 48 58 61 62 72 73
 42 45 48 56 58 61 64 74
 42 45 48 56 58 61 64 72 73
 42 45 48 56 58 59 60 64 74
 42 45 48 56 58 59 60 64 72 73
 42 45 47 48 58 62 63
 42 45 47 48 58 61 62
 42 45 47 48 56 58 61 64
 42 45 47 48 56 58 59 60 64
 42 45 46 47 58 62 63
 42 45 46 47 58 62 63 74
 42 45 46 47 58 62 63 72 73
 42 45 46 47 58 61 62
 42 45 46 47 58 61 62 74
 42 45 46 47 58 61 62 72 73
 42 45 46 47 56 58 61 64
 42 45 46 47 56 58 61 64 74
 42 45 46 47 56 58 61 64 72 73
 42 45 46 47 56 58 59 60 64
 42 45 46 47 56 58 59 60 64 74
 42 45 46 47 56 58 59 60 64 72 73
 42 44 54 58 60 65 78
 42 44 54 58 60 65 76 77
 42 44 54 58 60 63 64 78
 42 44 54 58 60 63 64 76 77
 42 44 54 58 60 61 65 78
 42 44 54 58 60 61 65 76 77
 42 44 54 58 60 61 63 64 78
 42 44 54 58 60 61 63 64 76 77
 42 44 54 58 59 60 65 78
 42 44 54 58 59 60 65 76 77
 42 44 54 58 59 60 63 64 78
 42 44 54 58 59 60 63 64 76 77
 42 44 52 53 58 60 65 78
 42 44 52 53 58 60 65 76 77
 42 44 52 53 58 60 63 64 78
 42 44 52 53 58 60 63 64 76 77
 42 44 52 53 58 60 61 65 78
 42 44 52 53 58 60 61 65 76 77
 42 44 52 53 58 60 61 63 64 78
 42 44 52 53 58 60 61 63 64 76 77
 42 44 52 53 58 59 60 65 78
 42 44 52 53 58 59 60 65 76 77
 42 44 52 53 58 59 60 63 64 78
 42 44 52 53 58 59 60 63 64 76 77
 42 44 51 54 58 60 65
 42 44 51 54 58 60 63 64
 42 44 51 54 58 60 61 65
 42 44 51 54 58 60 61 63 64
 42 44 51 54 58 59 60 65
 42 44 51 54 58 59 60 63 64
 42 44 51 52 53 58 60 65
 42 44 51 52 53 58 60 63 64
 42 44 51 52 53 58 60 61 65
 42 44 51 52 53 58 60 61 63 64
 42 44 51 52 53 58 59 60 65
 42 44 51 52 53 58 59 60 63 64
 42 43 58 59 60 68 78
 42 43 58 59 60 68 76 77
 42 43 58 59 60 67 68 78
 42 43 58 59 60 67 68 76 77
 42 43 58 59 60 65 66 68 78
 42 43 58 59 60 65 66 68 76 77
 42 43 57 58 60 68 78
 42 43 57 58 60 68 76 77
 42 43 57 58 60 67 68 78
 42 43 57 58 60 67 68 76 77
 42 43 57 58 60 65 66 68 78
 42 43 57 58 60 65 66 68 76 77
 42 43 54 58 60 65 78
 42 43 54 58 60 65 76 77
 42 43 54 58 60 63 64 78
 42 43 54 58 60 63 64 76 77
 42 43 54 58 60 61 65 78
 42 43 54 58 60 61 65 76 77
 42 43 54 58 60 61 63 64 78
 42 43 54 58 60 61 63 64 76 77
 42 43 54 58 59 60 65 78
 42 43 54 58 59 60 65 76 77
 42 43 54 58 59 60 63 64 78
 42 43 54 58 59 60 63 64 76 77
 42 43 52 58 59 60 68 78
 42 43 52 58 59 60 68 76 77
 42 43 52 57 58 60 68 78
 42 43 52 57 58 60 68 76 77
 42 43 52 53 58 60 65 78
 42 43 52 53 58 60 65 76 77
 42 43 52 53 58 60 63 64 78
 42 43 52 53 58 60 63 64 76 77
 42 43 52 53 58 60 61 65 78
 42 43 52 53 58 60 61 65 76 77
 42 43 52 53 58 60 61 63 64 78
 42 43 52 53 58 60 61 63 64 76 77
 42 43 52 53 58 59 60 65 78
 42 43 52 53 58 59 60 65 76 77
 42 43 52 53 58 59 60 63 64 78
 42 43 52 53 58 59 60 63 64 76 77
 42 43 51 58 59 60 68
 42 43 51 58 59 60 67 68
 42 43 51 58 59 60 65 66 68
 42 43 51 57 58 60 68
 42 43 51 57 58 60 67 68
 42 43 51 57 58 60 65 66 68
 42 43 51 54 58 60 65
 42 43 51 54 58 60 63 64
 42 43 51 54 58 60 61 65
 42 43 51 54 58 60 61 63 64
 42 43 51 54 58 59 60 65
 42 43 51 54 58 59 60 63 64
 42 43 51 52 58 59 60 68
 42 43 51 52 57 58 60 68
 42 43 51 52 53 58 60 65
 42 43 51 52 53 58 60 63 64
 42 43 51 52 53 58 60 61 65
 42 43 51 52 53 58 60 61 63 64
 42 43 51 52 53 58 59 60 65
 42 43 51 52 53 58 59 60 63 64
 42 43 50 51 58 59 60 68
 42 43 50 51 58 59 60 68 78
 42 43 50 51 58 59 60 68 76 77
 42 43 50 51 57 58 60 68
 42 43 50 51 57 58 60 68 78
 42 43 50 51 57 58 60 68 76 77
 40 58 59 60 68 78
 40 58 59 60 68 76 77
 40 57 58 60 68 78
 40 57 58 60 68 76 77
 40 56 58 61 63 74
 40 56 58 61 63 72 73
 40 56 58 61 62 74
 40 56 58 61 62 72 73
 40 56 58 59 60 63 74
 40 56 58 59 60 63 72 73
 40 56 58 59 60 61 62 74
 40 56 58 59 60 61 62 72 73
 40 51 58 59 60 68
 40 51 57 58 60 68
 40 47 56 58 61 63
 40 47 56 58 61 62
 40 47 56 58 59 60 63
 40 47 56 58 59 60 61 62
 40 44 58 59 60 68 78
 40 44 58 59 60 68 76 77
 40 44 57 58 60 68 78
 40 44 57 58 60 68 76 77
 40 44 51 58 59 60 68
 40 44 51 57 58 60 68
 40 42 43 58 59 60 68 78
 40 42 43 58 59 60 68 76 77
 40 42 43 57 58 60 68 78
 40 42 43 57 58 60 68 76 77
 40 42 43 51 58 59 60 68
 40 42 43 51 57 58 60 68
 40 41 52 58 60 61 74 78
 40 41 52 58 60 61 74 76 77
 40 41 52 58 60 61 72 73 78
 40 41 52 58 60 61 72 73 76 77
 40 41 52 58 59 60 74 78
 40 41 52 58 59 60 74 76 77
 40 41 52 58 59 60 72 73 78
 40 41 52 58 59 60 72 73 76 77
 40 41 51 52 58 60 61 74
 40 41 51 52 58 60 61 72 73
 40 41 51 52 58 59 60 74
 40 41 51 52 58 59 60 72 73
 40 41 50 51 58 60 61 74
 40 41 50 51 58 60 61 74 78
 40 41 50 51 58 60 61 74 76 77
 40 41 50 51 58 60 61 72 73
 40 41 50 51 58 60 61 72 73 78
 40 41 50 51 58 60 61 72 73 76 77
 40 41 50 51 58 59 60 74
 40 41 50 51 58 59 60 74 78
 40 41 50 51 58 59 60 74 76 77
 40 41 50 51 58 59 60 72 73
 40 41 50 51 58 59 60 72 73 78
 40 41 50 51 58 59 60 72 73 76 77
 40 41 48 58 62 63 72 74
 40 41 48 58 62 63 72 73
 40 41 48 58 62 63 70 71 74
 40 41 48 58 62 63 70 71 72 73
 40 41 48 58 61 62 72 74
 40 41 48 58 61 62 72 73
 40 41 48 58 61 62 70 71 74
 40 41 48 58 61 62 70 71 72 73
 40 41 48 56 58 61 64 72 74
 40 41 48 56 58 61 64 72 73
 40 41 48 56 58 61 64 70 71 74
 40 41 48 56 58 61 64 70 71 72 73
 40 41 48 56 58 59 60 64 72 74
 40 41 48 56 58 59 60 64 72 73
 40 41 48 56 58 59 60 64 70 71 74
 40 41 48 56 58 59 60 64 70 71 72 73
 40 41 47 52 58 60 61 78
 40 41 47 52 58 60 61 76 77
 40 41 47 52 58 59 60 78
 40 41 47 52 58 59 60 76 77
 40 41 47 51 52 58 60 61
 40 41 47 51 52 58 59 60
 40 41 47 50 51 58 60 61
 40 41 47 50 51 58 60 61 78
 40 41 47 50 51 58 60 61 76 77
 40 41 47 50 51 58 59 60
 40 41 47 50 51 58 59 60 78
 40 41 47 50 51 58 59 60 76 77
 40 41 47 48 58 62 63 72
 40 41 47 48 58 62 63 70 71
 40 41 47 48 58 61 62 72
 40 41 47 48 58 61 62 70 71
 40 41 47 48 56 58 61 64 72
 40 41 47 48 56 58 61 64 70 71
 40 41 47 48 56 58 59 60 64 72
 40 41 47 48 56 58 59 60 64 70 71
 40 41 46 47 58 62 63 72
 40 41 46 47 58 62 63 72 74
 40 41 46 47 58 62 63 72 73
 40 41 46 47 58 62 63 70 71
 40 41 46 47 58 62 63 70 71 74
 40 41 46 47 58 62 63 70 71 72 73
 40 41 46 47 58 61 62 72
 40 41 46 47 58 61 62 72 74
 40 41 46 47 58 61 62 72 73
 40 41 46 47 58 61 62 70 71
 40 41 46 47 58 61 62 70 71 74
 40 41 46 47 58 61 62 70 71 72 73
 40 41 46 47 56 58 61 64 72
 40 41 46 47 56 58 61 64 72 74
 40 41 46 47 56 58 61 64 72 73
 40 41 46 47 56 58 61 64 70 71
 40 41 46 47 56 58 61 64 70 71 74
 40 41 46 47 56 58 61 64 70 71 72 73
 40 41 46 47 56 58 59 60 64 72
 40 41 46 47 56 58 59 60 64 72 74
 40 41 46 47 56 58 59 60 64 72 73
 40 41 46 47 56 58 59 60 64 70 71
 40 41 46 47 56 58 59 60 64 70 71 74
 40 41 46 47 56 58 59 60 64 70 71 72 73
 40 41 45 48 58 62 63 74
 40 41 45 48 58 62 63 72 73
 40 41 45 48 58 61 62 74
 40 41 45 48 58 61 62 72 73
 40 41 45 48 56 58 61 64 74
 40 41 45 48 56 58 61 64 72 73
 40 41 45 48 56 58 59 60 64 74
 40 41 45 48 56 58 59 60 64 72 73
 40 41 45 47 48 58 62 63
 40 41 45 47 48 58 61 62
 40 41 45 47 48 56 58 61 64
 40 41 45 47 48 56 58 59 60 64
 40 41 45 46 47 58 62 63
 40 41 45 46 47 58 62 63 74
 40 41 45 46 47 58 62 63 72 73
 40 41 45 46 47 58 61 62
 40 41 45 46 47 58 61 62 74
 40 41 45 46 47 58 61 62 72 73
 40 41 45 46 47 56 58 61 64
 40 41 45 46 47 56 58 61 64 74
 40 41 45 46 47 56 58 61 64 72 73
 40 41 45 46 47 56 58 59 60 64
 40 41 45 46 47 56 58 59 60 64 74
 40 41 45 46 47 56 58 59 60 64 72 73
 40 41 44 54 58 60 65 78
 40 41 44 54 58 60 65 76 77
 40 41 44 54 58 60 63 64 78
 40 41 44 54 58 60 63 64 76 77
 40 41 44 54 58 60 61 65 78
 40 41 44 54 58 60 61 65 76 77
 40 41 44 54 58 60 61 63 64 78
 40 41 44 54 58 60 61 63 64 76 77
 40 41 44 54 58 59 60 65 78
 40 41 44 54 58 59 60 65 76 77
 40 41 44 54 58 59 60 63 64 78
 40 41 44 54 58 59 60 63 64 76 77
 40 41 44 52 53 58 60 65 78
 40 41 44 52 53 58 60 65 76 77
 40 41 44 52 53 58 60 63 64 78
 40 41 44 52 53 58 60 63 64 76 77
 40 41 44 52 53 58 60 61 65 78
 40 41 44 52 53 58 60 61 65 76 77
 40 41 44 52 53 58 60 61 63 64 78
 40 41 44 52 53 58 60 61 63 64 76 77
 40 41 44 52 53 58 59 60 65 78
 40 41 44 52 53 58 59 60 65 76 77
 40 41 44 52 53 58 59 60 63 64 78
 40 41 44 52 53 58 59 60 63 64 76 77
 40 41 44 51 54 58 60 65
 40 41 44 51 54 58 60 63 64
 40 41 44 51 54 58 60 61 65
 40 41 44 51 54 58 60 61 63 64
 40 41 44 51 54 58 59 60 65
 40 41 44 51 54 58 59 60 63 64
 40 41 44 51 52 53 58 60 65
 40 41 44 51 52 53 58 60 63 64
 40 41 44 51 52 53 58 60 61 65
 40 41 44 51 52 53 58 60 61 63 64
 40 41 44 51 52 53 58 59 60 65
 40 41 44 51 52 53 58 59 60 63 64
 40 41 42 43 54 58 60 65 78
 40 41 42 43 54 58 60 65 76 77
 40 41 42 43 54 58 60 63 64 78
 40 41 42 43 54 58 60 63 64 76 77
 40 41 42 43 54 58 60 61 65 78
 40 41 42 43 54 58 60 61 65 76 77
 40 41 42 43 54 58 60 61 63 64 78
 40 41 42 43 54 58 60 61 63 64 76 77
 40 41 42 43 54 58 59 60 65 78
 40 41 42 43 54 58 59 60 65 76 77
 40 41 42 43 54 58 59 60 63 64 78
 40 41 42 43 54 58 59 60 63 64 76 77
 40 41 42 43 52 53 58 60 65 78
 40 41 42 43 52 53 58 60 65 76 77
 40 41 42 43 52 53 58 60 63 64 78
 40 41 42 43 52 53 58 60 63 64 76 77
 40 41 42 43 52 53 58 60 61 65 78
 40 41 42 43 52 53 58 60 61 65 76 77
 40 41 42 43 52 53 58 60 61 63 64 78
 40 41 42 43 52 53 58 60 61 63 64 76 77
 40 41 42 43 52 53 58 59 60 65 78
 40 41 42 43 52 53 58 59 60 65 76 77
 40 41 42 43 52 53 58 59 60 63 64 78
 40 41 42 43 52 53 58 59 60 63 64 76 77
 40 41 42 43 51 54 58 60 65
 40 41 42 43 51 54 58 60 63 64
 40 41 42 43 51 54 58 60 61 65
 40 41 42 43 51 54 58 60 61 63 64
 40 41 42 43 51 54 58 59 60 65
 40 41 42 43 51 54 58 59 60 63 64
 40 41 42 43 51 52 53 58 60 65
 40 41 42 43 51 52 53 58 60 63 64
 40 41 42 43 51 52 53 58 60 61 65
 40 41 42 43 51 52 53 58 60 61 63 64
 40 41 42 43 51 52 53 58 59 60 65
 40 41 42 43 51 52 53 58 59 60 63 64
 39 48 56 58 62 63 72
 39 48 56 58 62 63 70 71
 39 48 56 58 61 62 72
 39 48 56 58 61 62 70 71
 39 46 47 56 58 62 63 72
 39 46 47 56 58 62 63 70 71
 39 46 47 56 58 61 62 72
 39 46 47 56 58 61 62 70 71
 39 45 48 56 58 62 63
 39 45 48 56 58 61 62
 39 45 46 47 56 58 62 63
 39 45 46 47 56 58 61 62
 38 56 58 74
 38 56 58 72
 38 56 58 72 73
 38 56 58 70 71
 38 56 58 59 74
 38 56 58 59 72 73
 38 56 57 58 74
 38 56 57 58 72 73
 38 47 56 58
 38 47 56 58 59
 38 47 56 57 58
 38 45 56 58
 38 42 44 54 58 60 78
 38 42 44 54 58 60 76 77
 38 42 44 54 58 60 61 78
 38 42 44 54 58 60 61 76 77
 38 42 44 54 58 59 60 78
 38 42 44 54 58 59 60 76 77
 38 42 44 52 53 58 60 78
 38 42 44 52 53 58 60 76 77
 38 42 44 52 53 58 60 61 78
 38 42 44 52 53 58 60 61 76 77
 38 42 44 52 53 58 59 60 78
 38 42 44 52 53 58 59 60 76 77
 38 42 44 51 54 58 60
 38 42 44 51 54 58 60 61
 38 42 44 51 54 58 59 60
 38 42 44 51 52 53 58 60
 38 42 44 51 52 53 58 60 61
 38 42 44 51 52 53 58 59 60
 38 42 43 54 58 60 78
 38 42 43 54 58 60 76 77
 38 42 43 54 58 60 61 78
 38 42 43 54 58 60 61 76 77
 38 42 43 54 58 59 60 78
 38 42 43 54 58 59 60 76 77
 38 42 43 52 53 58 60 78
 38 42 43 52 53 58 60 76 77
 38 42 43 52 53 58 60 61 78
 38 42 43 52 53 58 60 61 76 77
 38 42 43 52 53 58 59 60 78
 38 42 43 52 53 58 59 60 76 77
 38 42 43 51 54 58 60
 38 42 43 51 54 58 60 61
 38 42 43 51 54 58 59 60
 38 42 43 51 52 53 58 60
 38 42 43 51 52 53 58 60 61
 38 42 43 51 52 53 58 59 60
 38 40 41 44 54 58 60 78
 38 40 41 44 54 58 60 76 77
 38 40 41 44 54 58 60 61 78
 38 40 41 44 54 58 60 61 76 77
 38 40 41 44 54 58 59 60 78
 38 40 41 44 54 58 59 60 76 77
 38 40 41 44 52 53 58 60 78
 38 40 41 44 52 53 58 60 76 77
 38 40 41 44 52 53 58 60 61 78
 38 40 41 44 52 53 58 60 61 76 77
 38 40 41 44 52 53 58 59 60 78
 38 40 41 44 52 53 58 59 60 76 77
 38 40 41 44 51 54 58 60
 38 40 41 44 51 54 58 60 61
 38 40 41 44 51 54 58 59 60
 38 40 41 44 51 52 53 58 60
 38 40 41 44 51 52 53 58 60 61
 38 40 41 44 51 52 53 58 59 60
 38 40 41 42 43 54 58 60 78
 38 40 41 42 43 54 58 60 76 77
 38 40 41 42 43 54 58 60 61 78
 38 40 41 42 43 54 58 60 61 76 77
 38 40 41 42 43 54 58 59 60 78
 38 40 41 42 43 54 58 59 60 76 77
 38 40 41 42 43 52 53 58 60 78
 38 40 41 42 43 52 53 58 60 76 77
 38 40 41 42 43 52 53 58 60 61 78
 38 40 41 42 43 52 53 58 60 61 76 77
 38 40 41 42 43 52 53 58 59 60 78
 38 40 41 42 43 52 53 58 59 60 76 77
 38 40 41 42 43 51 54 58 60
 38 40 41 42 43 51 54 58 60 61
 38 40 41 42 43 51 54 58 59 60
 38 40 41 42 43 51 52 53 58 60
 38 40 41 42 43 51 52 53 58 60 61
 38 40 41 42 43 51 52 53 58 59 60
 37 38 48 56 58 62 63 72
 37 38 48 56 58 62 63 70 71
 37 38 48 56 58 61 62 72
 37 38 48 56 58 61 62 70 71
 37 38 46 47 56 58 62 63 72
 37 38 46 47 56 58 62 63 70 71
 37 38 46 47 56 58 61 62 72
 37 38 46 47 56 58 61 62 70 71
 37 38 45 48 56 58 62 63
 37 38 45 48 56 58 61 62
 37 38 45 46 47 56 58 62 63
 37 38 45 46 47 56 58 61 62
 36 58 76
 36 58 74 75
 36 56 59 76
 36 56 59 74 75
 36 56 58
 36 56 58 76
 36 56 58 74 75
 36 56 58 61 67 74
 36 56 58 61 67 72 73
 36 56 58 61 65 66 74
 36 56 58 61 65 66 72 73
 36 56 58 59 76
 36 56 58 59 74 75
 36 56 58 59 60 67 74
 36 56 58 59 60 67 72 73
 36 56 58 59 60 65 66 74
 36 56 58 59 60 65 66 72 73
 36 56 57
 36 56 57 58
 36 55 56
 36 55 56 58
 36 49 58
 36 49 56 59
 36 49 56 58
 36 49 56 58 59
 36 47 56 58 61 67
 36 47 56 58 61 65 66
 36 47 56 58 59 60 67
 36 47 56 58 59 60 65 66
 36 46 56 57
 36 46 55 56
 36 44 45 56 57
 36 44 45 55 56
 36 42 48 58 62 72 74
 36 42 48 58 62 72 73
 36 42 48 58 62 70 71 74
 36 42 48 58 62 70 71 72 73
 36 42 47 48 58 62 72
 36 42 47 48 58 62 70 71
 36 42 46 47 58 62 72
 36 42 46 47 58 62 72 74
 36 42 46 47 58 62 72 73
 36 42 46 47 58 62 70 71
 36 42 46 47 58 62 70 71 74
 36 42 46 47 58 62 70 71 72 73
 36 42 45 48 58 62 74
 36 42 45 48 58 62 72 73
 36 42 45 47 48 58 62
 36 42 45 46 47 58 62
 36 42 45 46 47 58 62 74
 36 42 45 46 47 58 62 72 73
 36 40 56 58 61 74
 36 40 56 58 61 72 73
 36 40 56 58 59 60 74
 36 40 56 58 59 60 72 73
 36 40 47 56 58 61
 36 40 47 56 58 59 60
 36 40 41 48 58 62 72 74
 36 40 41 48 58 62 72 73
 36 40 41 48 58 62 70 71 74
 36 40 41 48 58 62 70 71 72 73
 36 40 41 47 48 58 62 72
 36 40 41 47 48 58 62 70 71
 36 40 41 46 47 58 62 72
 36 40 41 46 47 58 62 72 74
 36 40 41 46 47 58 62 72 73
 36 40 41 46 47 58 62 70 71
 36 40 41 46 47 58 62 70 71 74
 36 40 41 46 47 58 62 70 71 72 73
 36 40 41 45 48 58 62 74
 36 40 41 45 48 58 62 72 73
 36 40 41 45 47 48 58 62
 36 40 41 45 46 47 58 62
 36 40 41 45 46 47 58 62 74
 36 40 41 45 46 47 58 62 72 73
 36 39 48 56 58 62 72
 36 39 48 56 58 62 70 71
 36 39 46 47 56 58 62 72
 36 39 46 47 56 58 62 70 71
 36 39 45 48 56 58 62
 36 39 45 46 47 56 58 62
 36 37 38 48 56 58 62 72
 36 37 38 48 56 58 62 70 71
 36 37 38 46 47 56 58 62 72
 36 37 38 46 47 56 58 62 70 71
 36 37 38 45 48 56 58 62
 36 37 38 45 46 47 56 58 62
 34 56 58 63 67 74
 34 56 58 63 67 72 73
 34 56 58 63 65 66 74
 34 56 58 63 65 66 72 73
 34 56 58 61 62 67 74
 34 56 58 61 62 67 72 73
 34 56 58 61 62 65 66 74
 34 56 58 61 62 65 66 72 73
 34 52 58 60
 34 50 51 58 60
 34 47 56 58 63 67
 34 47 56 58 63 65 66
 34 47 56 58 61 62 67
 34 47 56 58 61 62 65 66
 34 42 52 58 60 74 78
 34 42 52 58 60 74 76 77
 34 42 52 58 60 72 73 78
 34 42 52 58 60 72 73 76 77
 34 42 51 52 58 60 74
 34 42 51 52 58 60 72 73
 34 42 50 51 58 60 74
 34 42 50 51 58 60 74 78
 34 42 50 51 58 60 74 76 77
 34 42 50 51 58 60 72 73
 34 42 50 51 58 60 72 73 78
 34 42 50 51 58 60 72 73 76 77
 34 42 48 56 58 64 72 74
 34 42 48 56 58 64 72 73
 34 42 48 56 58 64 70 71 74
 34 42 48 56 58 64 70 71 72 73
 34 42 47 52 58 60 78
 34 42 47 52 58 60 76 77
 34 42 47 51 52 58 60
 34 42 47 50 51 58 60
 34 42 47 50 51 58 60 78
 34 42 47 50 51 58 60 76 77
 34 42 47 48 56 58 64 72
 34 42 47 48 56 58 64 70 71
 34 42 46 47 56 58 64 72
 34 42 46 47 56 58 64 72 74
 34 42 46 47 56 58 64 72 73
 34 42 46 47 56 58 64 70 71
 34 42 46 47 56 58 64 70 71 74
 34 42 46 47 56 58 64 70 71 72 73
 34 42 45 48 56 58 64 74
 34 42 45 48 56 58 64 72 73
 34 42 45 47 48 56 58 64
 34 42 45 46 47 56 58 64
 34 42 45 46 47 56 58 64 74
 34 42 45 46 47 56 58 64 72 73
 34 42 44 54 58 60 65 78
 34 42 44 54 58 60 65 76 77
 34 42 44 54 58 60 63 64 78
 34 42 44 54 58 60 63 64 76 77
 34 42 44 52 53 58 60 65 78
 34 42 44 52 53 58 60 65 76 77
 34 42 44 52 53 58 60 63 64 78
 34 42 44 52 53 58 60 63 64 76 77
 34 42 44 51 54 58 60 65
 34 42 44 51 54 58 60 63 64
 34 42 44 51 52 53 58 60 65
 34 42 44 51 52 53 58 60 63 64
 34 42 43 54 58 60 65 78
 34 42 43 54 58 60 65 76 77
 34 42 43 54 58 60 63 64 78
 34 42 43 54 58 60 63 64 76 77
 34 42 43 52 53 58 60 65 78
 34 42 43 52 53 58 60 65 76 77
 34 42 43 52 53 58 60 63 64 78
 34 42 43 52 53 58 60 63 64 76 77
 34 42 43 51 54 58 60 65
 34 42 43 51 54 58 60 63 64
 34 42 43 51 52 53 58 60 65
 34 42 43 51 52 53 58 60 63 64
 34 40 56 58 63 74
 34 40 56 58 63 72 73
 34 40 56 58 61 62 74
 34 40 56 58 61 62 72 73
 34 40 47 56 58 63
 34 40 47 56 58 61 62
 34 40 41 52 58 60 74 78
 34 40 41 52 58 60 74 76 77
 34 40 41 52 58 60 72 73 78
 34 40 41 52 58 60 72 73 76 77
 34 40 41 51 52 58 60 74
 34 40 41 51 52 58 60 72 73
 34 40 41 50 51 58 60 74
 34 40 41 50 51 58 60 74 78
 34 40 41 50 51 58 60 74 76 77
 34 40 41 50 51 58 60 72 73
 34 40 41 50 51 58 60 72 73 78
 34 40 41 50 51 58 60 72 73 76 77
 34 40 41 48 56 58 64 72 74
 34 40 41 48 56 58 64 72 73
 34 40 41 48 56 58 64 70 71 74
 34 40 41 48 56 58 64 70 71 72 73
 34 40 41 47 52 58 60 78
 34 40 41 47 52 58 60 76 77
 34 40 41 47 51 52 58 60
 34 40 41 47 50 51 58 60
 34 40 41 47 50 51 58 60 78
 34 40 41 47 50 51 58 60 76 77
 34 40 41 47 48 56 58 64 72
 34 40 41 47 48 56 58 64 70 71
 34 40 41 46 47 56 58 64 72
 34 40 41 46 47 56 58 64 72 74
 34 40 41 46 47 56 58 64 72 73
 34 40 41 46 47 56 58 64 70 71
 34 40 41 46 47 56 58 64 70 71 74
 34 40 41 46 47 56 58 64 70 71 72 73
 34 40 41 45 48 56 58 64 74
 34 40 41 45 48 56 58 64 72 73
 34 40 41 45 47 48 56 58 64
 34 40 41 45 46 47 56 58 64
 34 40 41 45 46 47 56 58 64 74
 34 40 41 45 46 47 56 58 64 72 73
 34 40 41 44 54 58 60 65 78
 34 40 41 44 54 58 60 65 76 77
 34 40 41 44 54 58 60 63 64 78
 34 40 41 44 54 58 60 63 64 76 77
 34 40 41 44 52 53 58 60 65 78
 34 40 41 44 52 53 58 60 65 76 77
 34 40 41 44 52 53 58 60 63 64 78
 34 40 41 44 52 53 58 60 63 64 76 77
 34 40 41 44 51 54 58 60 65
 34 40 41 44 51 54 58 60 63 64
 34 40 41 44 51 52 53 58 60 65
 34 40 41 44 51 52 53 58 60 63 64
 34 40 41 42 43 54 58 60 65 78
 34 40 41 42 43 54 58 60 65 76 77
 34 40 41 42 43 54 58 60 63 64 78
 34 40 41 42 43 54 58 60 63 64 76 77
 34 40 41 42 43 52 53 58 60 65 78
 34 40 41 42 43 52 53 58 60 65 76 77
 34 40 41 42 43 52 53 58 60 63 64 78
 34 40 41 42 43 52 53 58 60 63 64 76 77
 34 40 41 42 43 51 54 58 60 65
 34 40 41 42 43 51 54 58 60 63 64
 34 40 41 42 43 51 52 53 58 60 65
 34 40 41 42 43 51 52 53 58 60 63 64
 34 38 42 44 54 58 60 78
 34 38 42 44 54 58 60 76 77
 34 38 42 44 52 53 58 60 78
 34 38 42 44 52 53 58 60 76 77
 34 38 42 44 51 54 58 60
 34 38 42 44 51 52 53 58 60
 34 38 42 43 54 58 60 78
 34 38 42 43 54 58 60 76 77
 34 38 42 43 52 53 58 60 78
 34 38 42 43 52 53 58 60 76 77
 34 38 42 43 51 54 58 60
 34 38 42 43 51 52 53 58 60
 34 38 40 41 44 54 58 60 78
 34 38 40 41 44 54 58 60 76 77
 34 38 40 41 44 52 53 58 60 78
 34 38 40 41 44 52 53 58 60 76 77
 34 38 40 41 44 51 54 58 60
 34 38 40 41 44 51 52 53 58 60
 34 38 40 41 42 43 54 58 60 78
 34 38 40 41 42 43 54 58 60 76 77
 34 38 40 41 42 43 52 53 58 60 78
 34 38 40 41 42 43 52 53 58 60 76 77
 34 38 40 41 42 43 51 54 58 60
 34 38 40 41 42 43 51 52 53 58 60
 34 36 56 58 67 74
 34 36 56 58 67 72 73
 34 36 56 58 65 66 74
 34 36 56 58 65 66 72 73
 34 36 47 56 58 67
 34 36 47 56 58 65 66
 34 36 40 56 58 74
 34 36 40 56 58 72 73
 34 36 40 47 56 58
 32 76
 32 74 75
 32 58 76
 32 58 74 75
 32 58 60 68 78
 32 58 60 68 76 77
 32 58 60 68 69 78
 32 58 60 68 69 76 77
 32 58 60 65 66 68 78
 32 58 60 65 66 68 76 77
 32 56 63 76
 32 56 63 74 75
 32 56 61 62 76
 32 56 61 62 74 75
 32 56 58 65 74
 32 56 58 65 72 73
 32 56 58 63 76
 32 56 58 63 74 75
 32 56 58 63 64 74
 32 56 58 63 64 72 73
 32 56 58 61 62 76
 32 56 58 61 62 74 75
 32 52 58 68 78
 32 52 58 68 76 77
 32 52 58 60 62 68 78
 32 52 58 60 62 68 76 77
 32 51 58 60 68
 32 51 58 60 68 69
 32 51 58 60 65 66 68
 32 51 52 58 68
 32 51 52 58 60 62 68
 32 50 51 58 68
 32 50 51 58 68 78
 32 50 51 58 68 76 77
 32 50 51 58 60 62 68
 32 50 51 58 60 62 68 78
 32 50 51 58 60 62 68 76 77
 32 49
 32 49 58
 32 49 56 63
 32 49 56 61 62
 32 49 56 58 63
 32 49 56 58 61 62
 32 47 56 58 65
 32 47 56 58 63 64
 32 44 58 60 68 78
 32 44 58 60 68 76 77
 32 44 58 60 67 68 78
 32 44 58 60 67 68 76 77
 32 44 58 60 65 66 68 78
 32 44 58 60 65 66 68 76 77
 32 44 52 58 60 68 78
 32 44 52 58 60 68 76 77
 32 44 51 58 60 68
 32 44 51 58 60 67 68
 32 44 51 58 60 65 66 68
 32 44 51 52 58 60 68
 32 44 50 51 58 60 68
 32 44 50 51 58 60 68 78
 32 44 50 51 58 60 68 76 77
 32 42 58 60 68 78
 32 42 58 60 68 76 77
 32 42 51 58 60 68
 32 42 43 58 60 68 78
 32 42 43 58 60 68 76 77
 32 42 43 58 60 67 68 78
 32 42 43 58 60 67 68 76 77
 32 42 43 58 60 65 66 68 78
 32 42 43 58 60 65 66 68 76 77
 32 42 43 52 58 60 68 78
 32 42 43 52 58 60 68 76 77
 32 42 43 51 58 60 68
 32 42 43 51 58 60 67 68
 32 42 43 51 58 60 65 66 68
 32 42 43 51 52 58 60 68
 32 42 43 50 51 58 60 68
 32 42 43 50 51 58 60 68 78
 32 42 43 50 51 58 60 68 76 77
 32 40 58 60 68 78
 32 40 58 60 68 76 77
 32 40 51 58 60 68
 32 40 44 58 60 68 78
 32 40 44 58 60 68 76 77
 32 40 44 51 58 60 68
 32 40 42 43 58 60 68 78
 32 40 42 43 58 60 68 76 77
 32 40 42 43 51 58 60 68
 32 38 56 58 74
 32 38 56 58 72 73
 32 38 47 56 58
 32 36 56 76
 32 36 56 74 75
 32 36 56 58 76
 32 36 56 58 74 75
 32 36 49 56
 32 36 49 56 58
 30
 30 58
 30 56 63
 30 56 61 62
 30 56 58 63
 30 56 58 61 62
 30 46 58
 30 46 56 63
 30 46 56 61 62
 30 44 45 58
 30 44 45 56 63
 30 44 45 56 61 62
 30 36 56
 30 36 56 58
 30 36 46 56
 30 36 44 45 56
 29 56 65 76
 29 56 65 74 75
 29 56 63 64 76
 29 56 63 64 74 75
 29 54 59 60
 29 54 59 60 61
 29 54 58 61 72
 29 54 58 61 70 71
 29 54 58 59 60 72
 29 54 58 59 60 70 71
 29 54 57 58 60 61
 29 54 57 58 59 60
 29 52 53 59 60
 29 52 53 59 60 61
 29 52 53 58 61 72
 29 52 53 58 61 70 71
 29 52 53 58 59 60 72
 29 52 53 58 59 60 70 71
 29 52 53 57 58 60 61
 29 52 53 57 58 59 60
 29 49 56 65
 29 49 56 63 64
 29 46 56 65
 29 46 56 63
 29 46 56 63 64
 29 46 56 61 62
 29 45 54 58 61
 29 45 54 58 59 60
 29 45 52 53 58 61
 29 45 52 53 58 59 60
 29 44 45 56 65
 29 44 45 56 63
 29 44 45 56 63 64
 29 44 45 56 61 62
 29 38 56 76
 29 38 56 74 75
 29 38 49 56
 29 38 46 56
 29 38 44 45 56
 29 36 46 56
 29 36 44 45 56
 29 34 54 59 60
 29 34 54 58 72
 29 34 54 58 70 71
 29 34 54 57 58 60
 29 34 52 53 59 60
 29 34 52 53 58 72
 29 34 52 53 58 70 71
 29 34 52 53 57 58 60
 29 34 45 54 58
 29 34 45 52 53 58
 29 32 54 60 61
 29 32 54 59 60
 29 32 52 53 60 61
 29 32 52 53 59 60
 29 32 34 54 60
 29 32 34 52 53 60
 28 58 60 61 74
 28 58 60 61 72 73
 28 58 59 60 74
 28 58 59 60 72 73
 28 47 58 60 61
 28 47 58 59 60
 28 34 58 60 74
 28 34 58 60 72 73
 28 34 47 58 60
 27 58 60 61 74
 27 58 60 61 72 73
 27 58 60 61 68 74
 27 58 60 61 68 72 73
 27 58 59 60 74
 27 58 59 60 72 73
 27 58 59 60 68 74
 27 58 59 60 68 72 73
 27 47 58 60 61
 27 47 58 60 61 68
 27 47 58 59 60
 27 47 58 59 60 68
 27 42 44 58 60 65 78
 27 42 44 58 60 65 76 77
 27 42 44 58 60 63 64 78
 27 42 44 58 60 63 64 76 77
 27 42 44 58 60 61 65 78
 27 42 44 58 60 61 65 76 77
 27 42 44 58 60 61 63 64 78
 27 42 44 58 60 61 63 64 76 77
 27 42 44 58 59 60 65 78
 27 42 44 58 59 60 65 76 77
 27 42 44 58 59 60 63 64 78
 27 42 44 58 59 60 63 64 76 77
 27 42 44 51 58 60 65
 27 42 44 51 58 60 63 64
 27 42 44 51 58 60 61 65
 27 42 44 51 58 60 61 63 64
 27 42 44 51 58 59 60 65
 27 42 44 51 58 59 60 63 64
 27 42 43 58 60 65 78
 27 42 43 58 60 65 76 77
 27 42 43 58 60 63 64 78
 27 42 43 58 60 63 64 76 77
 27 42 43 58 60 61 65 78
 27 42 43 58 60 61 65 76 77
 27 42 43 58 60 61 63 64 78
 27 42 43 58 60 61 63 64 76 77
 27 42 43 58 59 60 65 78
 27 42 43 58 59 60 65 76 77
 27 42 43 58 59 60 63 64 78
 27 42 43 58 59 60 63 64 76 77
 27 42 43 51 58 60 65
 27 42 43 51 58 60 63 64
 27 42 43 51 58 60 61 65
 27 42 43 51 58 60 61 63 64
 27 42 43 51 58 59 60 65
 27 42 43 51 58 59 60 63 64
 27 40 41 44 58 60 65 78
 27 40 41 44 58 60 65 76 77
 27 40 41 44 58 60 63 64 78
 27 40 41 44 58 60 63 64 76 77
 27 40 41 44 58 60 61 65 78
 27 40 41 44 58 60 61 65 76 77
 27 40 41 44 58 60 61 63 64 78
 27 40 41 44 58 60 61 63 64 76 77
 27 40 41 44 58 59 60 65 78
 27 40 41 44 58 59 60 65 76 77
 27 40 41 44 58 59 60 63 64 78
 27 40 41 44 58 59 60 63 64 76 77
 27 40 41 44 51 58 60 65
 27 40 41 44 51 58 60 63 64
 27 40 41 44 51 58 60 61 65
 27 40 41 44 51 58 60 61 63 64
 27 40 41 44 51 58 59 60 65
 27 40 41 44 51 58 59 60 63 64
 27 40 41 42 43 58 60 65 78
 27 40 41 42 43 58 60 65 76 77
 27 40 41 42 43 58 60 63 64 78
 27 40 41 42 43 58 60 63 64 76 77
 27 40 41 42 43 58 60 61 65 78
 27 40 41 42 43 58 60 61 65 76 77
 27 40 41 42 43 58 60 61 63 64 78
 27 40 41 42 43 58 60 61 63 64 76 77
 27 40 41 42 43 58 59 60 65 78
 27 40 41 42 43 58 59 60 65 76 77
 27 40 41 42 43 58 59 60 63 64 78
 27 40 41 42 43 58 59 60 63 64 76 77
 27 40 41 42 43 51 58 60 65
 27 40 41 42 43 51 58 60 63 64
 27 40 41 42 43 51 58 60 61 65
 27 40 41 42 43 51 58 60 61 63 64
 27 40 41 42 43 51 58 59 60 65
 27 40 41 42 43 51 58 59 60 63 64
 27 38 42 44 58 60 78
 27 38 42 44 58 60 76 77
 27 38 42 44 58 60 61 78
 27 38 42 44 58 60 61 76 77
 27 38 42 44 58 59 60 78
 27 38 42 44 58 59 60 76 77
 27 38 42 44 51 58 60
 27 38 42 44 51 58 60 61
 27 38 42 44 51 58 59 60
 27 38 42 43 58 60 78
 27 38 42 43 58 60 76 77
 27 38 42 43 58 60 61 78
 27 38 42 43 58 60 61 76 77
 27 38 42 43 58 59 60 78
 27 38 42 43 58 59 60 76 77
 27 38 42 43 51 58 60
 27 38 42 43 51 58 60 61
 27 38 42 43 51 58 59 60
 27 38 40 41 44 58 60 78
 27 38 40 41 44 58 60 76 77
 27 38 40 41 44 58 60 61 78
 27 38 40 41 44 58 60 61 76 77
 27 38 40 41 44 58 59 60 78
 27 38 40 41 44 58 59 60 76 77
 27 38 40 41 44 51 58 60
 27 38 40 41 44 51 58 60 61
 27 38 40 41 44 51 58 59 60
 27 38 40 41 42 43 58 60 78
 27 38 40 41 42 43 58 60 76 77
 27 38 40 41 42 43 58 60 61 78
 27 38 40 41 42 43 58 60 61 76 77
 27 38 40 41 42 43 58 59 60 78
 27 38 40 41 42 43 58 59 60 76 77
 27 38 40 41 42 43 51 58 60
 27 38 40 41 42 43 51 58 60 61
 27 38 40 41 42 43 51 58 59 60
 27 34 58 60 74
 27 34 58 60 72 73
 27 34 58 60 68 74
 27 34 58 60 68 72 73
 27 34 47 58 60
 27 34 47 58 60 68
 27 34 42 44 58 60 65 78
 27 34 42 44 58 60 65 76 77
 27 34 42 44 58 60 63 64 78
 27 34 42 44 58 60 63 64 76 77
 27 34 42 44 51 58 60 65
 27 34 42 44 51 58 60 63 64
 27 34 42 43 58 60 65 78
 27 34 42 43 58 60 65 76 77
 27 34 42 43 58 60 63 64 78
 27 34 42 43 58 60 63 64 76 77
 27 34 42 43 51 58 60 65
 27 34 42 43 51 58 60 63 64
 27 34 40 41 44 58 60 65 78
 27 34 40 41 44 58 60 65 76 77
 27 34 40 41 44 58 60 63 64 78
 27 34 40 41 44 58 60 63 64 76 77
 27 34 40 41 44 51 58 60 65
 27 34 40 41 44 51 58 60 63 64
 27 34 40 41 42 43 58 60 65 78
 27 34 40 41 42 43 58 60 65 76 77
 27 34 40 41 42 43 58 60 63 64 78
 27 34 40 41 42 43 58 60 63 64 76 77
 27 34 40 41 42 43 51 58 60 65
 27 34 40 41 42 43 51 58 60 63 64
 27 34 38 42 44 58 60 78
 27 34 38 42 44 58 60 76 77
 27 34 38 42 44 51 58 60
 27 34 38 42 43 58 60 78
 27 34 38 42 43 58 60 76 77
 27 34 38 42 43 51 58 60
 27 34 38 40 41 44 58 60 78
 27 34 38 40 41 44 58 60 76 77
 27 34 38 40 41 44 51 58 60
 27 34 38 40 41 42 43 58 60 78
 27 34 38 40 41 42 43 58 60 76 77
 27 34 38 40 41 42 43 51 58 60
 27 29 59 60
 27 29 59 60 61
 27 29 58 61 72
 27 29 58 61 70 71
 27 29 58 59 60 72
 27 29 58 59 60 70 71
 27 29 57 58 60 61
 27 29 57 58 59 60
 27 29 45 58 61
 27 29 45 58 59 60
 27 29 34 59 60
 27 29 34 58 72
 27 29 34 58 70 71
 27 29 34 57 58 60
 27 29 34 45 58
 27 29 32 60 61
 27 29 32 59 60
 27 29 32 34 60
 27 28 59 60
 27 28 59 60 61
 27 28 58 61 72
 27 28 58 61 70 71
 27 28 58 59 60 72
 27 28 58 59 60 70 71
 27 28 57 58 60 61
 27 28 57 58 59 60
 27 28 56 65 76
 27 28 56 65 74 75
 27 28 56 63 64 76
 27 28 56 63 64 74 75
 27 28 54 59 60
 27 28 54 59 60 61
 27 28 54 58 61 72
 27 28 54 58 61 70 71
 27 28 54 58 59 60 72
 27 28 54 58 59 60 70 71
 27 28 54 57 58 60 61
 27 28 54 57 58 59 60
 27 28 52 53 59 60
 27 28 52 53 59 60 61
 27 28 52 53 58 61 72
 27 28 52 53 58 61 70 71
 27 28 52 53 58 59 60 72
 27 28 52 53 58 59 60 70 71
 27 28 52 53 57 58 60 61
 27 28 52 53 57 58 59 60
 27 28 49 56 65
 27 28 49 56 63 64
 27 28 46 56 65
 27 28 46 56 63
 27 28 46 56 63 64
 27 28 46 56 61 62
 27 28 45 58 61
 27 28 45 58 59 60
 27 28 45 54 58 61
 27 28 45 54 58 59 60
 27 28 45 52 53 58 61
 27 28 45 52 53 58 59 60
 27 28 44 45 56 65
 27 28 44 45 56 63
 27 28 44 45 56 63 64
 27 28 44 45 56 61 62
 27 28 38 56 76
 27 28 38 56 74 75
 27 28 38 49 56
 27 28 38 46 56
 27 28 38 44 45 56
 27 28 36 46 56
 27 28 36 44 45 56
 27 28 34 59 60
 27 28 34 58 72
 27 28 34 58 70 71
 27 28 34 57 58 60
 27 28 34 54 59 60
 27 28 34 54 58 72
 27 28 34 54 58 70 71
 27 28 34 54 57 58 60
 27 28 34 52 53 59 60
 27 28 34 52 53 58 72
 27 28 34 52 53 58 70 71
 27 28 34 52 53 57 58 60
 27 28 34 45 58
 27 28 34 45 54 58
 27 28 34 45 52 53 58
 27 28 32 60 61
 27 28 32 59 60
 27 28 32 54 60 61
 27 28 32 54 59 60
 27 28 32 52 53 60 61
 27 28 32 52 53 59 60
 27 28 32 34 60
 27 28 32 34 54 60
 27 28 32 34 52 53 60
 26 58 59 60 78
 26 58 59 60 76 77
 26 58 59 60 69 78
 26 58 59 60 69 76 77
 26 58 59 60 67 78
 26 58 59 60 67 76 77
 26 58 59 60 67 68 78
 26 58 59 60 67 68 76 77
 26 58 59 60 65 66 78
 26 58 59 60 65 66 76 77
 26 57 58 60 78
 26 57 58 60 76 77
 26 57 58 60 69 78
 26 57 58 60 69 76 77
 26 57 58 60 67 78
 26 57 58 60 67 76 77
 26 57 58 60 67 68 78
 26 57 58 60 67 68 76 77
 26 57 58 60 65 66 78
 26 57 58 60 65 66 76 77
 26 52 58 59 78
 26 52 58 59 76 77
 26 52 58 59 60 62 78
 26 52 58 59 60 62 76 77
 26 52 57 58 78
 26 52 57 58 76 77
 26 52 57 58 60 62 78
 26 52 57 58 60 62 76 77
 26 51 58 59 60
 26 51 58 59 60 69
 26 51 58 59 60 67
 26 51 58 59 60 67 68
 26 51 58 59 60 65 66
 26 51 57 58 60
 26 51 57 58 60 69
 26 51 57 58 60 67
 26 51 57 58 60 67 68
 26 51 57 58 60 65 66
 26 51 52 58 59
 26 51 52 58 59 60 62
 26 51 52 57 58
 26 51 52 57 58 60 62
 26 50 51 58 59
 26 50 51 58 59 78
 26 50 51 58 59 76 77
 26 50 51 58 59 60 62
 26 50 51 58 59 60 62 78
 26 50 51 58 59 60 62 76 77
 26 50 51 57 58
 26 50 51 57 58 78
 26 50 51 57 58 76 77
 26 50 51 57 58 60 62
 26 50 51 57 58 60 62 78
 26 50 51 57 58 60 62 76 77
 26 44 58 59 60 78
 26 44 58 59 60 76 77
 26 44 58 59 60 67 78
 26 44 58 59 60 67 76 77
 26 44 58 59 60 65 66 78
 26 44 58 59 60 65 66 76 77
 26 44 57 58 60 78
 26 44 57 58 60 76 77
 26 44 57 58 60 67 78
 26 44 57 58 60 67 76 77
 26 44 57 58 60 65 66 78
 26 44 57 58 60 65 66 76 77
 26 44 52 58 59 60 78
 26 44 52 58 59 60 76 77
 26 44 52 57 58 60 78
 26 44 52 57 58 60 76 77
 26 44 51 58 59 60
 26 44 51 58 59 60 67
 26 44 51 58 59 60 65 66
 26 44 51 57 58 60
 26 44 51 57 58 60 67
 26 44 51 57 58 60 65 66
 26 44 51 52 58 59 60
 26 44 51 52 57 58 60
 26 44 50 51 58 59 60
 26 44 50 51 58 59 60 78
 26 44 50 51 58 59 60 76 77
 26 44 50 51 57 58 60
 26 44 50 51 57 58 60 78
 26 44 50 51 57 58 60 76 77
 26 42 58 59 60 78
 26 42 58 59 60 76 77
 26 42 57 58 60 78
 26 42 57 58 60 76 77
 26 42 51 58 59 60
 26 42 51 57 58 60
 26 42 43 58 59 60 78
 26 42 43 58 59 60 76 77
 26 42 43 58 59 60 67 78
 26 42 43 58 59 60 67 76 77
 26 42 43 58 59 60 65 66 78
 26 42 43 58 59 60 65 66 76 77
 26 42 43 57 58 60 78
 26 42 43 57 58 60 76 77
 26 42 43 57 58 60 67 78
 26 42 43 57 58 60 67 76 77
 26 42 43 57 58 60 65 66 78
 26 42 43 57 58 60 65 66 76 77
 26 42 43 52 58 59 60 78
 26 42 43 52 58 59 60 76 77
 26 42 43 52 57 58 60 78
 26 42 43 52 57 58 60 76 77
 26 42 43 51 58 59 60
 26 42 43 51 58 59 60 67
 26 42 43 51 58 59 60 65 66
 26 42 43 51 57 58 60
 26 42 43 51 57 58 60 67
 26 42 43 51 57 58 60 65 66
 26 42 43 51 52 58 59 60
 26 42 43 51 52 57 58 60
 26 42 43 50 51 58 59 60
 26 42 43 50 51 58 59 60 78
 26 42 43 50 51 58 59 60 76 77
 26 42 43 50 51 57 58 60
 26 42 43 50 51 57 58 60 78
 26 42 43 50 51 57 58 60 76 77
 26 40 58 59 60 78
 26 40 58 59 60 76 77
 26 40 57 58 60 78
 26 40 57 58 60 76 77
 26 40 51 58 59 60
 26 40 51 57 58 60
 26 40 44 58 59 60 78
 26 40 44 58 59 60 76 77
 26 40 44 57 58 60 78
 26 40 44 57 58 60 76 77
 26 40 44 51 58 59 60
 26 40 44 51 57 58 60
 26 40 42 43 58 59 60 78
 26 40 42 43 58 59 60 76 77
 26 40 42 43 57 58 60 78
 26 40 42 43 57 58 60 76 77
 26 40 42 43 51 58 59 60
 26 40 42 43 51 57 58 60
 26 32 58 60 78
 26 32 58 60 76 77
 26 32 58 60 69 78
 26 32 58 60 69 76 77
 26 32 58 60 67 78
 26 32 58 60 67 76 77
 26 32 58 60 67 68 78
 26 32 58 60 67 68 76 77
 26 32 58 60 65 66 78
 26 32 58 60 65 66 76 77
 26 32 52 58 78
 26 32 52 58 76 77
 26 32 52 58 60 62 78
 26 32 52 58 60 62 76 77
 26 32 51 58 60
 26 32 51 58 60 69
 26 32 51 58 60 67
 26 32 51 58 60 67 68
 26 32 51 58 60 65 66
 26 32 51 52 58
 26 32 51 52 58 60 62
 26 32 50 51 58
 26 32 50 51 58 78
 26 32 50 51 58 76 77
 26 32 50 51 58 60 62
 26 32 50 51 58 60 62 78
 26 32 50 51 58 60 62 76 77
 26 32 44 58 60 78
 26 32 44 58 60 76 77
 26 32 44 58 60 67 78
 26 32 44 58 60 67 76 77
 26 32 44 58 60 65 66 78
 26 32 44 58 60 65 66 76 77
 26 32 44 52 58 60 78
 26 32 44 52 58 60 76 77
 26 32 44 51 58 60
 26 32 44 51 58 60 67
 26 32 44 51 58 60 65 66
 26 32 44 51 52 58 60
 26 32 44 50 51 58 60
 26 32 44 50 51 58 60 78
 26 32 44 50 51 58 60 76 77
 26 32 42 58 60 78
 26 32 42 58 60 76 77
 26 32 42 51 58 60
 26 32 42 43 58 60 78
 26 32 42 43 58 60 76 77
 26 32 42 43 58 60 67 78
 26 32 42 43 58 60 67 76 77
 26 32 42 43 58 60 65 66 78
 26 32 42 43 58 60 65 66 76 77
 26 32 42 43 52 58 60 78
 26 32 42 43 52 58 60 76 77
 26 32 42 43 51 58 60
 26 32 42 43 51 58 60 67
 26 32 42 43 51 58 60 65 66
 26 32 42 43 51 52 58 60
 26 32 42 43 50 51 58 60
 26 32 42 43 50 51 58 60 78
 26 32 42 43 50 51 58 60 76 77
 26 32 40 58 60 78
 26 32 40 58 60 76 77
 26 32 40 51 58 60
 26 32 40 44 58 60 78
 26 32 40 44 58 60 76 77
 26 32 40 44 51 58 60
 26 32 40 42 43 58 60 78
 26 32 40 42 43 58 60 76 77
 26 32 40 42 43 51 58 60
 25 58 60 61
 25 58 59 68 78
 25 58 59 68 76 77
 25 58 59 60
 25 58 59 60 62 68 78
 25 58 59 60 62 68 76 77
 25 57 58 68 78
 25 57 58 68 76 77
 25 57 58 60 62 68 78
 25 57 58 60 62 68 76 77
 25 51 58 59 68
 25 51 58 59 60 62 68
 25 51 57 58 68
 25 51 57 58 60 62 68
 25 44 58 59 60 68 78
 25 44 58 59 60 68 76 77
 25 44 57 58 60 68 78
 25 44 57 58 60 68 76 77
 25 44 51 58 59 60 68
 25 44 51 57 58 60 68
 25 42 58 60 61 74 78
 25 42 58 60 61 74 76 77
 25 42 58 60 61 72 73 78
 25 42 58 60 61 72 73 76 77
 25 42 58 59 60 74 78
 25 42 58 59 60 74 76 77
 25 42 58 59 60 72 73 78
 25 42 58 59 60 72 73 76 77
 25 42 51 58 60 61 74
 25 42 51 58 60 61 72 73
 25 42 51 58 59 60 74
 25 42 51 58 59 60 72 73
 25 42 47 58 60 61 78
 25 42 47 58 60 61 76 77
 25 42 47 58 59 60 78
 25 42 47 58 59 60 76 77
 25 42 47 51 58 60 61
 25 42 47 51 58 59 60
 25 42 43 58 59 60 68 78
 25 42 43 58 59 60 68 76 77
 25 42 43 57 58 60 68 78
 25 42 43 57 58 60 68 76 77
 25 42 43 51 58 59 60 68
 25 42 43 51 57 58 60 68
 25 40 41 58 60 61 74 78
 25 40 41 58 60 61 74 76 77
 25 40 41 58 60 61 72 73 78
 25 40 41 58 60 61 72 73 76 77
 25 40 41 58 59 60 74 78
 25 40 41 58 59 60 74 76 77
 25 40 41 58 59 60 72 73 78
 25 40 41 58 59 60 72 73 76 77
 25 40 41 51 58 60 61 74
 25 40 41 51 58 60 61 72 73
 25 40 41 51 58 59 60 74
 25 40 41 51 58 59 60 72 73
 25 40 41 47 58 60 61 78
 25 40 41 47 58 60 61 76 77
 25 40 41 47 58 59 60 78
 25 40 41 47 58 59 60 76 77
 25 40 41 47 51 58 60 61
 25 40 41 47 51 58 59 60
 25 34 58 60
 25 34 42 58 60 74 78
 25 34 42 58 60 74 76 77
 25 34 42 58 60 72 73 78
 25 34 42 58 60 72 73 76 77
 25 34 42 51 58 60 74
 25 34 42 51 58 60 72 73
 25 34 42 47 58 60 78
 25 34 42 47 58 60 76 77
 25 34 42 47 51 58 60
 25 34 40 41 58 60 74 78
 25 34 40 41 58 60 74 76 77
 25 34 40 41 58 60 72 73 78
 25 34 40 41 58 60 72 73 76 77
 25 34 40 41 51 58 60 74
 25 34 40 41 51 58 60 72 73
 25 34 40 41 47 58 60 78
 25 34 40 41 47 58 60 76 77
 25 34 40 41 47 51 58 60
 25 32 58 68 78
 25 32 58 68 76 77
 25 32 58 60 62 68 78
 25 32 58 60 62 68 76 77
 25 32 51 58 68
 25 32 51 58 60 62 68
 25 32 44 58 60 68 78
 25 32 44 58 60 68 76 77
 25 32 44 51 58 60 68
 25 32 42 43 58 60 68 78
 25 32 42 43 58 60 68 76 77
 25 32 42 43 51 58 60 68
 25 26 58 60 61 68 74
 25 26 58 60 61 68 72 73
 25 26 58 59 78
 25 26 58 59 76 77
 25 26 58 59 60 68 74
 25 26 58 59 60 68 72 73
 25 26 58 59 60 62 78
 25 26 58 59 60 62 76 77
 25 26 57 58 78
 25 26 57 58 76 77
 25 26 57 58 60 62 78
 25 26 57 58 60 62 76 77
 25 26 51 58 59
 25 26 51 58 59 60 62
 25 26 51 57 58
 25 26 51 57 58 60 62
 25 26 47 58 60 61 68
 25 26 47 58 59 60 68
 25 26 44 58 59 60 78
 25 26 44 58 59 60 76 77
 25 26 44 57 58 60 78
 25 26 44 57 58 60 76 77
 25 26 44 51 58 59 60
 25 26 44 51 57 58 60
 25 26 42 43 58 59 60 78
 25 26 42 43 58 59 60 76 77
 25 26 42 43 57 58 60 78
 25 26 42 43 57 58 60 76 77
 25 26 42 43 51 58 59 60
 25 26 42 43 51 57 58 60
 25 26 34 58 60 68 74
 25 26 34 58 60 68 72 73
 25 26 34 47 58 60 68
 25 26 32 58 78
 25 26 32 58 76 77
 25 26 32 58 60 62 78
 25 26 32 58 60 62 76 77
 25 26 32 51 58
 25 26 32 51 58 60 62
 25 26 32 44 58 60 78
 25 26 32 44 58 60 76 77
 25 26 32 44 51 58 60
 25 26 32 42 43 58 60 78
 25 26 32 42 43 58 60 76 77
 25 26 32 42 43 51 58 60
 24 25 58 59 78
 24 25 58 59 76 77
 24 25 58 59 60 78
 24 25 58 59 60 76 77
 24 25 58 59 60 69 78
 24 25 58 59 60 69 76 77
 24 25 58 59 60 67 78
 24 25 58 59 60 67 76 77
 24 25 58 59 60 67 68 78
 24 25 58 59 60 67 68 76 77
 24 25 58 59 60 65 66 78
 24 25 58 59 60 65 66 76 77
 24 25 58 59 60 62 78
 24 25 58 59 60 62 76 77
 24 25 57 58 78
 24 25 57 58 76 77
 24 25 57 58 60 78
 24 25 57 58 60 76 77
 24 25 57 58 60 69 78
 24 25 57 58 60 69 76 77
 24 25 57 58 60 67 78
 24 25 57 58 60 67 76 77
 24 25 57 58 60 67 68 78
 24 25 57 58 60 67 68 76 77
 24 25 57 58 60 65 66 78
 24 25 57 58 60 65 66 76 77
 24 25 57 58 60 62 78
 24 25 57 58 60 62 76 77
 24 25 52 58 59 78
 24 25 52 58 59 76 77
 24 25 52 58 59 60 62 78
 24 25 52 58 59 60 62 76 77
 24 25 52 57 58 78
 24 25 52 57 58 76 77
 24 25 52 57 58 60 62 78
 24 25 52 57 58 60 62 76 77
 24 25 51 58 59
 24 25 51 58 59 60
 24 25 51 58 59 60 69
 24 25 51 58 59 60 67
 24 25 51 58 59 60 67 68
 24 25 51 58 59 60 65 66
 24 25 51 58 59 60 62
 24 25 51 57 58
 24 25 51 57 58 60
 24 25 51 57 58 60 69
 24 25 51 57 58 60 67
 24 25 51 57 58 60 67 68
 24 25 51 57 58 60 65 66
 24 25 51 57 58 60 62
 24 25 51 52 58 59
 24 25 51 52 58 59 60 62
 24 25 51 52 57 58
 24 25 51 52 57 58 60 62
 24 25 50 51 58 59
 24 25 50 51 58 59 78
 24 25 50 51 58 59 76 77
 24 25 50 51 58 59 60 62
 24 25 50 51 58 59 60 62 78
 24 25 50 51 58 59 60 62 76 77
 24 25 50 51 57 58
 24 25 50 51 57 58 78
 24 25 50 51 57 58 76 77
 24 25 50 51 57 58 60 62
 24 25 50 51 57 58 60 62 78
 24 25 50 51 57 58 60 62 76 77
 24 25 44 58 59 60 67 78
 24 25 44 58 59 60 67 76 77
 24 25 44 58 59 60 65 66 78
 24 25 44 58 59 60 65 66 76 77
 24 25 44 57 58 60 67 78
 24 25 44 57 58 60 67 76 77
 24 25 44 57 58 60 65 66 78
 24 25 44 57 58 60 65 66 76 77
 24 25 44 52 58 59 60 78
 24 25 44 52 58 59 60 76 77
 24 25 44 52 57 58 60 78
 24 25 44 52 57 58 60 76 77
 24 25 44 51 58 59 60 67
 24 25 44 51 58 59 60 65 66
 24 25 44 51 57 58 60 67
 24 25 44 51 57 58 60 65 66
 24 25 44 51 52 58 59 60
 24 25 44 51 52 57 58 60
 24 25 44 50 51 58 59 60
 24 25 44 50 51 58 59 60 78
 24 25 44 50 51 58 59 60 76 77
 24 25 44 50 51 57 58 60
 24 25 44 50 51 57 58 60 78
 24 25 44 50 51 57 58 60 76 77
 24 25 42 58 59 60 78
 24 25 42 58 59 60 76 77
 24 25 42 57 58 60 78
 24 25 42 57 58 60 76 77
 24 25 42 51 58 59 60
 24 25 42 51 57 58 60
 24 25 42 43 58 59 60 67 78
 24 25 42 43 58 59 60 67 76 77
 24 25 42 43 58 59 60 65 66 78
 24 25 42 43 58 59 60 65 66 76 77
 24 25 42 43 57 58 60 67 78
 24 25 42 43 57 58 60 67 76 77
 24 25 42 43 57 58 60 65 66 78
 24 25 42 43 57 58 60 65 66 76 77
 24 25 42 43 52 58 59 60 78
 24 25 42 43 52 58 59 60 76 77
 24 25 42 43 52 57 58 60 78
 24 25 42 43 52 57 58 60 76 77
 24 25 42 43 51 58 59 60 67
 24 25 42 43 51 58 59 60 65 66
 24 25 42 43 51 57 58 60 67
 24 25 42 43 51 57 58 60 65 66
 24 25 42 43 51 52 58 59 60
 24 25 42 43 51 52 57 58 60
 24 25 42 43 50 51 58 59 60
 24 25 42 43 50 51 58 59 60 78
 24 25 42 43 50 51 58 59 60 76 77
 24 25 42 43 50 51 57 58 60
 24 25 42 43 50 51 57 58 60 78
 24 25 42 43 50 51 57 58 60 76 77
 24 25 40 58 59 60 78
 24 25 40 58 59 60 76 77
 24 25 40 57 58 60 78
 24 25 40 57 58 60 76 77
 24 25 40 51 58 59 60
 24 25 40 51 57 58 60
 24 25 40 44 58 59 60 78
 24 25 40 44 58 59 60 76 77
 24 25 40 44 57 58 60 78
 24 25 40 44 57 58 60 76 77
 24 25 40 44 51 58 59 60
 24 25 40 44 51 57 58 60
 24 25 40 42 43 58 59 60 78
 24 25 40 42 43 58 59 60 76 77
 24 25 40 42 43 57 58 60 78
 24 25 40 42 43 57 58 60 76 77
 24 25 40 42 43 51 58 59 60
 24 25 40 42 43 51 57 58 60
 24 25 32 58 78
 24 25 32 58 76 77
 24 25 32 58 60 78
 24 25 32 58 60 76 77
 24 25 32 58 60 69 78
 24 25 32 58 60 69 76 77
 24 25 32 58 60 67 78
 24 25 32 58 60 67 76 77
 24 25 32 58 60 67 68 78
 24 25 32 58 60 67 68 76 77
 24 25 32 58 60 65 66 78
 24 25 32 58 60 65 66 76 77
 24 25 32 58 60 62 78
 24 25 32 58 60 62 76 77
 24 25 32 52 58 78
 24 25 32 52 58 76 77
 24 25 32 52 58 60 62 78
 24 25 32 52 58 60 62 76 77
 24 25 32 51 58
 24 25 32 51 58 60
 24 25 32 51 58 60 69
 24 25 32 51 58 60 67
 24 25 32 51 58 60 67 68
 24 25 32 51 58 60 65 66
 24 25 32 51 58 60 62
 24 25 32 51 52 58
 24 25 32 51 52 58 60 62
 24 25 32 50 51 58
 24 25 32 50 51 58 78
 24 25 32 50 51 58 76 77
 24 25 32 50 51 58 60 62
 24 25 32 50 51 58 60 62 78
 24 25 32 50 51 58 60 62 76 77
 24 25 32 44 58 60 67 78
 24 25 32 44 58 60 67 76 77
 24 25 32 44 58 60 65 66 78
 24 25 32 44 58 60 65 66 76 77
 24 25 32 44 52 58 60 78
 24 25 32 44 52 58 60 76 77
 24 25 32 44 51 58 60 67
 24 25 32 44 51 58 60 65 66
 24 25 32 44 51 52 58 60
 24 25 32 44 50 51 58 60
 24 25 32 44 50 51 58 60 78
 24 25 32 44 50 51 58 60 76 77
 24 25 32 42 58 60 78
 24 25 32 42 58 60 76 77
 24 25 32 42 51 58 60
 24 25 32 42 43 58 60 67 78
 24 25 32 42 43 58 60 67 76 77
 24 25 32 42 43 58 60 65 66 78
 24 25 32 42 43 58 60 65 66 76 77
 24 25 32 42 43 52 58 60 78
 24 25 32 42 43 52 58 60 76 77
 24 25 32 42 43 51 58 60 67
 24 25 32 42 43 51 58 60 65 66
 24 25 32 42 43 51 52 58 60
 24 25 32 42 43 50 51 58 60
 24 25 32 42 43 50 51 58 60 78
 24 25 32 42 43 50 51 58 60 76 77
 24 25 32 40 58 60 78
 24 25 32 40 58 60 76 77
 24 25 32 40 51 58 60
 24 25 32 40 44 58 60 78
 24 25 32 40 44 58 60 76 77
 24 25 32 40 44 51 58 60
 24 25 32 40 42 43 58 60 78
 24 25 32 40 42 43 58 60 76 77
 24 25 32 40 42 43 51 58 60
 24 25 27 58 60 61 74
 24 25 27 58 60 61 72 73
 24 25 27 58 59 60 74
 24 25 27 58 59 60 72 73
 24 25 27 47 58 60 61
 24 25 27 47 58 59 60
 24 25 27 34 58 60 74
 24 25 27 34 58 60 72 73
 24 25 27 34 47 58 60
 24 25 26 58 60 61 74
 24 25 26 58 60 61 72 73
 24 25 26 58 59 60 74
 24 25 26 58 59 60 72 73
 24 25 26 47 58 60 61
 24 25 26 47 58 59 60
 24 25 26 34 58 60 74
 24 25 26 34 58 60 72 73
 24 25 26 34 47 58 60
 21 42 58 62 63 72 74
 21 42 58 62 63 72 73
 21 42 58 62 63 70 71 74
 21 42 58 62 63 70 71 72 73
 21 42 58 61 62 72 74
 21 42 58 61 62 72 73
 21 42 58 61 62 70 71 74
 21 42 58 61 62 70 71 72 73
 21 42 56 58 61 64 72 74
 21 42 56 58 61 64 72 73
 21 42 56 58 61 64 70 71 74
 21 42 56 58 61 64 70 71 72 73
 21 42 56 58 59 60 64 72 74
 21 42 56 58 59 60 64 72 73
 21 42 56 58 59 60 64 70 71 74
 21 42 56 58 59 60 64 70 71 72 73
 21 42 47 58 62 63 72
 21 42 47 58 62 63 70 71
 21 42 47 58 61 62 72
 21 42 47 58 61 62 70 71
 21 42 47 56 58 61 64 72
 21 42 47 56 58 61 64 70 71
 21 42 47 56 58 59 60 64 72
 21 42 47 56 58 59 60 64 70 71
 21 42 45 58 62 63 74
 21 42 45 58 62 63 72 73
 21 42 45 58 61 62 74
 21 42 45 58 61 62 72 73
 21 42 45 56 58 61 64 74
 21 42 45 56 58 61 64 72 73
 21 42 45 56 58 59 60 64 74
 21 42 45 56 58 59 60 64 72 73
 21 42 45 47 58 62 63
 21 42 45 47 58 61 62
 21 42 45 47 56 58 61 64
 21 42 45 47 56 58 59 60 64
 21 40 41 58 62 63 72 74
 21 40 41 58 62 63 72 73
 21 40 41 58 62 63 70 71 74
 21 40 41 58 62 63 70 71 72 73
 21 40 41 58 61 62 72 74
 21 40 41 58 61 62 72 73
 21 40 41 58 61 62 70 71 74
 21 40 41 58 61 62 70 71 72 73
 21 40 41 56 58 61 64 72 74
 21 40 41 56 58 61 64 72 73
 21 40 41 56 58 61 64 70 71 74
 21 40 41 56 58 61 64 70 71 72 73
 21 40 41 56 58 59 60 64 72 74
 21 40 41 56 58 59 60 64 72 73
 21 40 41 56 58 59 60 64 70 71 74
 21 40 41 56 58 59 60 64 70 71 72 73
 21 40 41 47 58 62 63 72
 21 40 41 47 58 62 63 70 71
 21 40 41 47 58 61 62 72
 21 40 41 47 58 61 62 70 71
 21 40 41 47 56 58 61 64 72
 21 40 41 47 56 58 61 64 70 71
 21 40 41 47 56 58 59 60 64 72
 21 40 41 47 56 58 59 60 64 70 71
 21 40 41 45 58 62 63 74
 21 40 41 45 58 62 63 72 73
 21 40 41 45 58 61 62 74
 21 40 41 45 58 61 62 72 73
 21 40 41 45 56 58 61 64 74
 21 40 41 45 56 58 61 64 72 73
 21 40 41 45 56 58 59 60 64 74
 21 40 41 45 56 58 59 60 64 72 73
 21 40 41 45 47 58 62 63
 21 40 41 45 47 58 61 62
 21 40 41 45 47 56 58 61 64
 21 40 41 45 47 56 58 59 60 64
 21 39 56 58 62 63 72
 21 39 56 58 62 63 70 71
 21 39 56 58 61 62 72
 21 39 56 58 61 62 70 71
 21 39 45 56 58 62 63
 21 39 45 56 58 61 62
 21 37 38 56 58 62 63 72
 21 37 38 56 58 62 63 70 71
 21 37 38 56 58 61 62 72
 21 37 38 56 58 61 62 70 71
 21 37 38 45 56 58 62 63
 21 37 38 45 56 58 61 62
 21 36 42 58 62 72 74
 21 36 42 58 62 72 73
 21 36 42 58 62 70 71 74
 21 36 42 58 62 70 71 72 73
 21 36 42 47 58 62 72
 21 36 42 47 58 62 70 71
 21 36 42 45 58 62 74
 21 36 42 45 58 62 72 73
 21 36 42 45 47 58 62
 21 36 40 41 58 62 72 74
 21 36 40 41 58 62 72 73
 21 36 40 41 58 62 70 71 74
 21 36 40 41 58 62 70 71 72 73
 21 36 40 41 47 58 62 72
 21 36 40 41 47 58 62 70 71
 21 36 40 41 45 58 62 74
 21 36 40 41 45 58 62 72 73
 21 36 40 41 45 47 58 62
 21 36 39 56 58 62 72
 21 36 39 56 58 62 70 71
 21 36 39 45 56 58 62
 21 36 37 38 56 58 62 72
 21 36 37 38 56 58 62 70 71
 21 36 37 38 45 56 58 62
 21 34 42 56 58 64 72 74
 21 34 42 56 58 64 72 73
 21 34 42 56 58 64 70 71 74
 21 34 42 56 58 64 70 71 72 73
 21 34 42 47 56 58 64 72
 21 34 42 47 56 58 64 70 71
 21 34 42 45 56 58 64 74
 21 34 42 45 56 58 64 72 73
 21 34 42 45 47 56 58 64
 21 34 40 41 56 58 64 72 74
 21 34 40 41 56 58 64 72 73
 21 34 40 41 56 58 64 70 71 74
 21 34 40 41 56 58 64 70 71 72 73
 21 34 40 41 47 56 58 64 72
 21 34 40 41 47 56 58 64 70 71
 21 34 40 41 45 56 58 64 74
 21 34 40 41 45 56 58 64 72 73
 21 34 40 41 45 47 56 58 64
 19 57 58
 19 56 57 63
 19 56 57 61 62
 19 55 56 63
 19 55 56 61 62
 19 55 56 58
 19 36 56 57
 19 36 55 56
 19 30 58
 19 30 56 63
 19 30 56 61 62
 19 30 36 56
 19 29 56 65
 19 29 56 63
 19 29 56 63 64
 19 29 56 61 62
 19 29 38 56
 19 29 36 56
 19 27 28 56 65
 19 27 28 56 63
 19 27 28 56 63 64
 19 27 28 56 61 62
 19 27 28 38 56
 19 27 28 36 56
 18 28 58 60 61 74
 18 28 58 60 61 72 73
 18 28 58 59 60 74
 18 28 58 59 60 72 73
 18 28 47 58 60 61
 18 28 47 58 59 60
 18 28 34 58 60 74
 18 28 34 58 60 72 73
 18 28 34 47 58 60
 18 27 58 60 61 74
 18 27 58 60 61 72 73
 18 27 58 60 61 68 74
 18 27 58 60 61 68 72 73
 18 27 58 59 60 74
 18 27 58 59 60 72 73
 18 27 58 59 60 68 74
 18 27 58 59 60 68 72 73
 18 27 47 58 60 61
 18 27 47 58 60 61 68
 18 27 47 58 59 60
 18 27 47 58 59 60 68
 18 27 34 58 60 74
 18 27 34 58 60 72 73
 18 27 34 58 60 68 74
 18 27 34 58 60 68 72 73
 18 27 34 47 58 60
 18 27 34 47 58 60 68
 18 25 26 58 60 61 68 74
 18 25 26 58 60 61 68 72 73
 18 25 26 58 59 60 68 74
 18 25 26 58 59 60 68 72 73
 18 25 26 47 58 60 61 68
 18 25 26 47 58 59 60 68
 18 25 26 34 58 60 68 74
 18 25 26 34 58 60 68 72 73
 18 25 26 34 47 58 60 68
 18 24 25 27 58 60 61 74
 18 24 25 27 58 60 61 72 73
 18 24 25 27 58 59 60 74
 18 24 25 27 58 59 60 72 73
 18 24 25 27 47 58 60 61
 18 24 25 27 47 58 59 60
 18 24 25 27 34 58 60 74
 18 24 25 27 34 58 60 72 73
 18 24 25 27 34 47 58 60
 18 24 25 26 58 60 61 74
 18 24 25 26 58 60 61 72 73
 18 24 25 26 58 59 60 74
 18 24 25 26 58 59 60 72 73
 18 24 25 26 47 58 60 61
 18 24 25 26 47 58 59 60
 18 24 25 26 34 58 60 74
 18 24 25 26 34 58 60 72 73
 18 24 25 26 34 47 58 60
 17 58 59 60 68 78
 17 58 59 60 68 76 77
 17 58 59 60 67 68 78
 17 58 59 60 67 68 76 77
 17 58 59 60 65 66 68 78
 17 58 59 60 65 66 68 76 77
 17 57 58 60 68 78
 17 57 58 60 68 76 77
 17 57 58 60 67 68 78
 17 57 58 60 67 68 76 77
 17 57 58 60 65 66 68 78
 17 57 58 60 65 66 68 76 77
 17 52 58 59 60 68 78
 17 52 58 59 60 68 76 77
 17 52 57 58 60 68 78
 17 52 57 58 60 68 76 77
 17 51 58 59 60 68
 17 51 58 59 60 67 68
 17 51 58 59 60 65 66 68
 17 51 57 58 60 68
 17 51 57 58 60 67 68
 17 51 57 58 60 65 66 68
 17 51 52 58 59 60 68
 17 51 52 57 58 60 68
 17 50 51 58 59 60 68
 17 50 51 58 59 60 68 78
 17 50 51 58 59 60 68 76 77
 17 50 51 57 58 60 68
 17 50 51 57 58 60 68 78
 17 50 51 57 58 60 68 76 77
 17 42 54 58 60 65 78
 17 42 54 58 60 65 76 77
 17 42 54 58 60 63 64 78
 17 42 54 58 60 63 64 76 77
 17 42 54 58 60 61 65 78
 17 42 54 58 60 61 65 76 77
 17 42 54 58 60 61 63 64 78
 17 42 54 58 60 61 63 64 76 77
 17 42 54 58 59 60 65 78
 17 42 54 58 59 60 65 76 77
 17 42 54 58 59 60 63 64 78
 17 42 54 58 59 60 63 64 76 77
 17 42 52 53 58 60 65 78
 17 42 52 53 58 60 65 76 77
 17 42 52 53 58 60 63 64 78
 17 42 52 53 58 60 63 64 76 77
 17 42 52 53 58 60 61 65 78
 17 42 52 53 58 60 61 65 76 77
 17 42 52 53 58 60 61 63 64 78
 17 42 52 53 58 60 61 63 64 76 77
 17 42 52 53 58 59 60 65 78
 17 42 52 53 58 59 60 65 76 77
 17 42 52 53 58 59 60 63 64 78
 17 42 52 53 58 59 60 63 64 76 77
 17 42 51 54 58 60 65
 17 42 51 54 58 60 63 64
 17 42 51 54 58 60 61 65
 17 42 51 54 58 60 61 63 64
 17 42 51 54 58 59 60 65
 17 42 51 54 58 59 60 63 64
 17 42 51 52 53 58 60 65
 17 42 51 52 53 58 60 63 64
 17 42 51 52 53 58 60 61 65
 17 42 51 52 53 58 60 61 63 64
 17 42 51 52 53 58 59 60 65
 17 42 51 52 53 58 59 60 63 64
 17 40 58 59 60 68 78
 17 40 58 59 60 68 76 77
 17 40 57 58 60 68 78
 17 40 57 58 60 68 76 77
 17 40 51 58 59 60 68
 17 40 51 57 58 60 68
 17 40 41 54 58 60 65 78
 17 40 41 54 58 60 65 76 77
 17 40 41 54 58 60 63 64 78
 17 40 41 54 58 60 63 64 76 77
 17 40 41 54 58 60 61 65 78
 17 40 41 54 58 60 61 65 76 77
 17 40 41 54 58 60 61 63 64 78
 17 40 41 54 58 60 61 63 64 76 77
 17 40 41 54 58 59 60 65 78
 17 40 41 54 58 59 60 65 76 77
 17 40 41 54 58 59 60 63 64 78
 17 40 41 54 58 59 60 63 64 76 77
 17 40 41 52 53 58 60 65 78
 17 40 41 52 53 58 60 65 76 77
 17 40 41 52 53 58 60 63 64 78
 17 40 41 52 53 58 60 63 64 76 77
 17 40 41 52 53 58 60 61 65 78
 17 40 41 52 53 58 60 61 65 76 77
 17 40 41 52 53 58 60 61 63 64 78
 17 40 41 52 53 58 60 61 63 64 76 77
 17 40 41 52 53 58 59 60 65 78
 17 40 41 52 53 58 59 60 65 76 77
 17 40 41 52 53 58 59 60 63 64 78
 17 40 41 52 53 58 59 60 63 64 76 77
 17 40 41 51 54 58 60 65
 17 40 41 51 54 58 60 63 64
 17 40 41 51 54 58 60 61 65
 17 40 41 51 54 58 60 61 63 64
 17 40 41 51 54 58 59 60 65
 17 40 41 51 54 58 59 60 63 64
 17 40 41 51 52 53 58 60 65
 17 40 41 51 52 53 58 60 63 64
 17 40 41 51 52 53 58 60 61 65
 17 40 41 51 52 53 58 60 61 63 64
 17 40 41 51 52 53 58 59 60 65
 17 40 41 51 52 53 58 59 60 63 64
 17 38 42 54 58 60 78
 17 38 42 54 58 60 76 77
 17 38 42 54 58 60 61 78
 17 38 42 54 58 60 61 76 77
 17 38 42 54 58 59 60 78
 17 38 42 54 58 59 60 76 77
 17 38 42 52 53 58 60 78
 17 38 42 52 53 58 60 76 77
 17 38 42 52 53 58 60 61 78
 17 38 42 52 53 58 60 61 76 77
 17 38 42 52 53 58 59 60 78
 17 38 42 52 53 58 59 60 76 77
 17 38 42 51 54 58 60
 17 38 42 51 54 58 60 61
 17 38 42 51 54 58 59 60
 17 38 42 51 52 53 58 60
 17 38 42 51 52 53 58 60 61
 17 38 42 51 52 53 58 59 60
 17 38 40 41 54 58 60 78
 17 38 40 41 54 58 60 76 77
 17 38 40 41 54 58 60 61 78
 17 38 40 41 54 58 60 61 76 77
 17 38 40 41 54 58 59 60 78
 17 38 40 41 54 58 59 60 76 77
 17 38 40 41 52 53 58 60 78
 17 38 40 41 52 53 58 60 76 77
 17 38 40 41 52 53 58 60 61 78
 17 38 40 41 52 53 58 60 61 76 77
 17 38 40 41 52 53 58 59 60 78
 17 38 40 41 52 53 58 59 60 76 77
 17 38 40 41 51 54 58 60
 17 38 40 41 51 54 58 60 61
 17 38 40 41 51 54 58 59 60
 17 38 40 41 51 52 53 58 60
 17 38 40 41 51 52 53 58 60 61
 17 38 40 41 51 52 53 58 59 60
 17 34 42 54 58 60 65 78
 17 34 42 54 58 60 65 76 77
 17 34 42 54 58 60 63 64 78
 17 34 42 54 58 60 63 64 76 77
 17 34 42 52 53 58 60 65 78
 17 34 42 52 53 58 60 65 76 77
 17 34 42 52 53 58 60 63 64 78
 17 34 42 52 53 58 60 63 64 76 77
 17 34 42 51 54 58 60 65
 17 34 42 51 54 58 60 63 64
 17 34 42 51 52 53 58 60 65
 17 34 42 51 52 53 58 60 63 64
 17 34 40 41 54 58 60 65 78
 17 34 40 41 54 58 60 65 76 77
 17 34 40 41 54 58 60 63 64 78
 17 34 40 41 54 58 60 63 64 76 77
 17 34 40 41 52 53 58 60 65 78
 17 34 40 41 52 53 58 60 65 76 77
 17 34 40 41 52 53 58 60 63 64 78
 17 34 40 41 52 53 58 60 63 64 76 77
 17 34 40 41 51 54 58 60 65
 17 34 40 41 51 54 58 60 63 64
 17 34 40 41 51 52 53 58 60 65
 17 34 40 41 51 52 53 58 60 63 64
 17 34 38 42 54 58 60 78
 17 34 38 42 54 58 60 76 77
 17 34 38 42 52 53 58 60 78
 17 34 38 42 52 53 58 60 76 77
 17 34 38 42 51 54 58 60
 17 34 38 42 51 52 53 58 60
 17 34 38 40 41 54 58 60 78
 17 34 38 40 41 54 58 60 76 77
 17 34 38 40 41 52 53 58 60 78
 17 34 38 40 41 52 53 58 60 76 77
 17 34 38 40 41 51 54 58 60
 17 34 38 40 41 51 52 53 58 60
 17 32 58 60 68 78
 17 32 58 60 68 76 77
 17 32 58 60 67 68 78
 17 32 58 60 67 68 76 77
 17 32 58 60 65 66 68 78
 17 32 58 60 65 66 68 76 77
 17 32 52 58 60 68 78
 17 32 52 58 60 68 76 77
 17 32 51 58 60 68
 17 32 51 58 60 67 68
 17 32 51 58 60 65 66 68
 17 32 51 52 58 60 68
 17 32 50 51 58 60 68
 17 32 50 51 58 60 68 78
 17 32 50 51 58 60 68 76 77
 17 32 40 58 60 68 78
 17 32 40 58 60 68 76 77
 17 32 40 51 58 60 68
 17 27 42 58 60 65 78
 17 27 42 58 60 65 76 77
 17 27 42 58 60 63 64 78
 17 27 42 58 60 63 64 76 77
 17 27 42 58 60 61 65 78
 17 27 42 58 60 61 65 76 77
 17 27 42 58 60 61 63 64 78
 17 27 42 58 60 61 63 64 76 77
 17 27 42 58 59 60 65 78
 17 27 42 58 59 60 65 76 77
 17 27 42 58 59 60 63 64 78
 17 27 42 58 59 60 63 64 76 77
 17 27 42 51 58 60 65
 17 27 42 51 58 60 63 64
 17 27 42 51 58 60 61 65
 17 27 42 51 58 60 61 63 64
 17 27 42 51 58 59 60 65
 17 27 42 51 58 59 60 63 64
 17 27 40 41 58 60 65 78
 17 27 40 41 58 60 65 76 77
 17 27 40 41 58 60 63 64 78
 17 27 40 41 58 60 63 64 76 77
 17 27 40 41 58 60 61 65 78
 17 27 40 41 58 60 61 65 76 77
 17 27 40 41 58 60 61 63 64 78
 17 27 40 41 58 60 61 63 64 76 77
 17 27 40 41 58 59 60 65 78
 17 27 40 41 58 59 60 65 76 77
 17 27 40 41 58 59 60 63 64 78
 17 27 40 41 58 59 60 63 64 76 77
 17 27 40 41 51 58 60 65
 17 27 40 41 51 58 60 63 64
 17 27 40 41 51 58 60 61 65
 17 27 40 41 51 58 60 61 63 64
 17 27 40 41 51 58 59 60 65
 17 27 40 41 51 58 59 60 63 64
 17 27 38 42 58 60 78
 17 27 38 42 58 60 76 77
 17 27 38 42 58 60 61 78
 17 27 38 42 58 60 61 76 77
 17 27 38 42 58 59 60 78
 17 27 38 42 58 59 60 76 77
 17 27 38 42 51 58 60
 17 27 38 42 51 58 60 61
 17 27 38 42 51 58 59 60
 17 27 38 40 41 58 60 78
 17 27 38 40 41 58 60 76 77
 17 27 38 40 41 58 60 61 78
 17 27 38 40 41 58 60 61 76 77
 17 27 38 40 41 58 59 60 78
 17 27 38 40 41 58 59 60 76 77
 17 27 38 40 41 51 58 60
 17 27 38 40 41 51 58 60 61
 17 27 38 40 41 51 58 59 60
 17 27 34 42 58 60 65 78
 17 27 34 42 58 60 65 76 77
 17 27 34 42 58 60 63 64 78
 17 27 34 42 58 60 63 64 76 77
 17 27 34 42 51 58 60 65
 17 27 34 42 51 58 60 63 64
 17 27 34 40 41 58 60 65 78
 17 27 34 40 41 58 60 65 76 77
 17 27 34 40 41 58 60 63 64 78
 17 27 34 40 41 58 60 63 64 76 77
 17 27 34 40 41 51 58 60 65
 17 27 34 40 41 51 58 60 63 64
 17 27 34 38 42 58 60 78
 17 27 34 38 42 58 60 76 77
 17 27 34 38 42 51 58 60
 17 27 34 38 40 41 58 60 78
 17 27 34 38 40 41 58 60 76 77
 17 27 34 38 40 41 51 58 60
 17 26 58 59 60 78
 17 26 58 59 60 76 77
 17 26 58 59 60 67 78
 17 26 58 59 60 67 76 77
 17 26 58 59 60 65 66 78
 17 26 58 59 60 65 66 76 77
 17 26 57 58 60 78
 17 26 57 58 60 76 77
 17 26 57 58 60 67 78
 17 26 57 58 60 67 76 77
 17 26 57 58 60 65 66 78
 17 26 57 58 60 65 66 76 77
 17 26 52 58 59 60 78
 17 26 52 58 59 60 76 77
 17 26 52 57 58 60 78
 17 26 52 57 58 60 76 77
 17 26 51 58 59 60
 17 26 51 58 59 60 67
 17 26 51 58 59 60 65 66
 17 26 51 57 58 60
 17 26 51 57 58 60 67
 17 26 51 57 58 60 65 66
 17 26 51 52 58 59 60
 17 26 51 52 57 58 60
 17 26 50 51 58 59 60
 17 26 50 51 58 59 60 78
 17 26 50 51 58 59 60 76 77
 17 26 50 51 57 58 60
 17 26 50 51 57 58 60 78
 17 26 50 51 57 58 60 76 77
 17 26 40 58 59 60 78
 17 26 40 58 59 60 76 77
 17 26 40 57 58 60 78
 17 26 40 57 58 60 76 77
 17 26 40 51 58 59 60
 17 26 40 51 57 58 60
 17 26 32 58 60 78
 17 26 32 58 60 76 77
 17 26 32 58 60 67 78
 17 26 32 58 60 67 76 77
 17 26 32 58 60 65 66 78
 17 26 32 58 60 65 66 76 77
 17 26 32 52 58 60 78
 17 26 32 52 58 60 76 77
 17 26 32 51 58 60
 17 26 32 51 58 60 67
 17 26 32 51 58 60 65 66
 17 26 32 51 52 58 60
 17 26 32 50 51 58 60
 17 26 32 50 51 58 60 78
 17 26 32 50 51 58 60 76 77
 17 26 32 40 58 60 78
 17 26 32 40 58 60 76 77
 17 26 32 40 51 58 60
 17 25 58 59 60 68 78
 17 25 58 59 60 68 76 77
 17 25 57 58 60 68 78
 17 25 57 58 60 68 76 77
 17 25 51 58 59 60 68
 17 25 51 57 58 60 68
 17 25 32 58 60 68 78
 17 25 32 58 60 68 76 77
 17 25 32 51 58 60 68
 17 25 26 58 59 60 78
 17 25 26 58 59 60 76 77
 17 25 26 57 58 60 78
 17 25 26 57 58 60 76 77
 17 25 26 51 58 59 60
 17 25 26 51 57 58 60
 17 25 26 32 58 60 78
 17 25 26 32 58 60 76 77
 17 25 26 32 51 58 60
 17 24 25 58 59 60 67 78
 17 24 25 58 59 60 67 76 77
 17 24 25 58 59 60 65 66 78
 17 24 25 58 59 60 65 66 76 77
 17 24 25 57 58 60 67 78
 17 24 25 57 58 60 67 76 77
 17 24 25 57 58 60 65 66 78
 17 24 25 57 58 60 65 66 76 77
 17 24 25 52 58 59 60 78
 17 24 25 52 58 59 60 76 77
 17 24 25 52 57 58 60 78
 17 24 25 52 57 58 60 76 77
 17 24 25 51 58 59 60 67
 17 24 25 51 58 59 60 65 66
 17 24 25 51 57 58 60 67
 17 24 25 51 57 58 60 65 66
 17 24 25 51 52 58 59 60
 17 24 25 51 52 57 58 60
 17 24 25 50 51 58 59 60
 17 24 25 50 51 58 59 60 78
 17 24 25 50 51 58 59 60 76 77
 17 24 25 50 51 57 58 60
 17 24 25 50 51 57 58 60 78
 17 24 25 50 51 57 58 60 76 77
 17 24 25 40 58 59 60 78
 17 24 25 40 58 59 60 76 77
 17 24 25 40 57 58 60 78
 17 24 25 40 57 58 60 76 77
 17 24 25 40 51 58 59 60
 17 24 25 40 51 57 58 60
 17 24 25 32 58 60 67 78
 17 24 25 32 58 60 67 76 77
 17 24 25 32 58 60 65 66 78
 17 24 25 32 58 60 65 66 76 77
 17 24 25 32 52 58 60 78
 17 24 25 32 52 58 60 76 77
 17 24 25 32 51 58 60 67
 17 24 25 32 51 58 60 65 66
 17 24 25 32 51 52 58 60
 17 24 25 32 50 51 58 60
 17 24 25 32 50 51 58 60 78
 17 24 25 32 50 51 58 60 76 77
 17 24 25 32 40 58 60 78
 17 24 25 32 40 58 60 76 77
 17 24 25 32 40 51 58 60
 16 17 28 58 60 61 74
 16 17 28 58 60 61 72 73
 16 17 28 58 59 60 74
 16 17 28 58 59 60 72 73
 16 17 28 47 58 60 61
 16 17 28 47 58 59 60
 16 17 28 34 58 60 74
 16 17 28 34 58 60 72 73
 16 17 28 34 47 58 60
 16 17 27 58 60 61 74
 16 17 27 58 60 61 72 73
 16 17 27 58 60 61 68 74
 16 17 27 58 60 61 68 72 73
 16 17 27 58 59 60 74
 16 17 27 58 59 60 72 73
 16 17 27 58 59 60 68 74
 16 17 27 58 59 60 68 72 73
 16 17 27 47 58 60 61
 16 17 27 47 58 60 61 68
 16 17 27 47 58 59 60
 16 17 27 47 58 59 60 68
 16 17 27 34 58 60 74
 16 17 27 34 58 60 72 73
 16 17 27 34 58 60 68 74
 16 17 27 34 58 60 68 72 73
 16 17 27 34 47 58 60
 16 17 27 34 47 58 60 68
 16 17 25 26 58 60 61 68 74
 16 17 25 26 58 60 61 68 72 73
 16 17 25 26 58 59 60 68 74
 16 17 25 26 58 59 60 68 72 73
 16 17 25 26 47 58 60 61 68
 16 17 25 26 47 58 59 60 68
 16 17 25 26 34 58 60 68 74
 16 17 25 26 34 58 60 68 72 73
 16 17 25 26 34 47 58 60 68
 16 17 24 25 27 58 60 61 74
 16 17 24 25 27 58 60 61 72 73
 16 17 24 25 27 58 59 60 74
 16 17 24 25 27 58 59 60 72 73
 16 17 24 25 27 47 58 60 61
 16 17 24 25 27 47 58 59 60
 16 17 24 25 27 34 58 60 74
 16 17 24 25 27 34 58 60 72 73
 16 17 24 25 27 34 47 58 60
 16 17 24 25 26 58 60 61 74
 16 17 24 25 26 58 60 61 72 73
 16 17 24 25 26 58 59 60 74
 16 17 24 25 26 58 59 60 72 73
 16 17 24 25 26 47 58 60 61
 16 17 24 25 26 47 58 59 60
 16 17 24 25 26 34 58 60 74
 16 17 24 25 26 34 58 60 72 73
 16 17 24 25 26 34 47 58 60
 15 52 58 60 61 74 78
 15 52 58 60 61 74 76 77
 15 52 58 60 61 72 73 78
 15 52 58 60 61 72 73 76 77
 15 52 58 59 60 74 78
 15 52 58 59 60 74 76 77
 15 52 58 59 60 72 73 78
 15 52 58 59 60 72 73 76 77
 15 51 52 58 60 61 74
 15 51 52 58 60 61 72 73
 15 51 52 58 59 60 74
 15 51 52 58 59 60 72 73
 15 50 51 58 60 61 74
 15 50 51 58 60 61 74 78
 15 50 51 58 60 61 74 76 77
 15 50 51 58 60 61 72 73
 15 50 51 58 60 61 72 73 78
 15 50 51 58 60 61 72 73 76 77
 15 50 51 58 59 60 74
 15 50 51 58 59 60 74 78
 15 50 51 58 59 60 74 76 77
 15 50 51 58 59 60 72 73
 15 50 51 58 59 60 72 73 78
 15 50 51 58 59 60 72 73 76 77
 15 48 58 62 63 72 74
 15 48 58 62 63 72 73
 15 48 58 62 63 70 71 74
 15 48 58 62 63 70 71 72 73
 15 48 58 61 62 72 74
 15 48 58 61 62 72 73
 15 48 58 61 62 70 71 74
 15 48 58 61 62 70 71 72 73
 15 48 56 58 61 64 72 74
 15 48 56 58 61 64 72 73
 15 48 56 58 61 64 70 71 74
 15 48 56 58 61 64 70 71 72 73
 15 48 56 58 59 60 64 72 74
 15 48 56 58 59 60 64 72 73
 15 48 56 58 59 60 64 70 71 74
 15 48 56 58 59 60 64 70 71 72 73
 15 47 52 58 60 61 78
 15 47 52 58 60 61 76 77
 15 47 52 58 59 60 78
 15 47 52 58 59 60 76 77
 15 47 51 52 58 60 61
 15 47 51 52 58 59 60
 15 47 50 51 58 60 61
 15 47 50 51 58 60 61 78
 15 47 50 51 58 60 61 76 77
 15 47 50 51 58 59 60
 15 47 50 51 58 59 60 78
 15 47 50 51 58 59 60 76 77
 15 47 48 58 62 63 72
 15 47 48 58 62 63 70 71
 15 47 48 58 61 62 72
 15 47 48 58 61 62 70 71
 15 47 48 56 58 61 64 72
 15 47 48 56 58 61 64 70 71
 15 47 48 56 58 59 60 64 72
 15 47 48 56 58 59 60 64 70 71
 15 46 47 58 62 63 72
 15 46 47 58 62 63 72 74
 15 46 47 58 62 63 72 73
 15 46 47 58 62 63 70 71
 15 46 47 58 62 63 70 71 74
 15 46 47 58 62 63 70 71 72 73
 15 46 47 58 61 62 72
 15 46 47 58 61 62 72 74
 15 46 47 58 61 62 72 73
 15 46 47 58 61 62 70 71
 15 46 47 58 61 62 70 71 74
 15 46 47 58 61 62 70 71 72 73
 15 46 47 56 58 61 64 72
 15 46 47 56 58 61 64 72 74
 15 46 47 56 58 61 64 72 73
 15 46 47 56 58 61 64 70 71
 15 46 47 56 58 61 64 70 71 74
 15 46 47 56 58 61 64 70 71 72 73
 15 46 47 56 58 59 60 64 72
 15 46 47 56 58 59 60 64 72 74
 15 46 47 56 58 59 60 64 72 73
 15 46 47 56 58 59 60 64 70 71
 15 46 47 56 58 59 60 64 70 71 74
 15 46 47 56 58 59 60 64 70 71 72 73
 15 45 48 58 62 63 74
 15 45 48 58 62 63 72 73
 15 45 48 58 61 62 74
 15 45 48 58 61 62 72 73
 15 45 48 56 58 61 64 74
 15 45 48 56 58 61 64 72 73
 15 45 48 56 58 59 60 64 74
 15 45 48 56 58 59 60 64 72 73
 15 45 47 48 58 62 63
 15 45 47 48 58 61 62
 15 45 47 48 56 58 61 64
 15 45 47 48 56 58 59 60 64
 15 45 46 47 58 62 63
 15 45 46 47 58 62 63 74
 15 45 46 47 58 62 63 72 73
 15 45 46 47 58 61 62
 15 45 46 47 58 61 62 74
 15 45 46 47 58 61 62 72 73
 15 45 46 47 56 58 61 64
 15 45 46 47 56 58 61 64 74
 15 45 46 47 56 58 61 64 72 73
 15 45 46 47 56 58 59 60 64
 15 45 46 47 56 58 59 60 64 74
 15 45 46 47 56 58 59 60 64 72 73
 15 44 54 58 60 65 78
 15 44 54 58 60 65 76 77
 15 44 54 58 60 63 64 78
 15 44 54 58 60 63 64 76 77
 15 44 54 58 60 61 65 78
 15 44 54 58 60 61 65 76 77
 15 44 54 58 60 61 63 64 78
 15 44 54 58 60 61 63 64 76 77
 15 44 54 58 59 60 65 78
 15 44 54 58 59 60 65 76 77
 15 44 54 58 59 60 63 64 78
 15 44 54 58 59 60 63 64 76 77
 15 44 52 53 58 60 65 78
 15 44 52 53 58 60 65 76 77
 15 44 52 53 58 60 63 64 78
 15 44 52 53 58 60 63 64 76 77
 15 44 52 53 58 60 61 65 78
 15 44 52 53 58 60 61 65 76 77
 15 44 52 53 58 60 61 63 64 78
 15 44 52 53 58 60 61 63 64 76 77
 15 44 52 53 58 59 60 65 78
 15 44 52 53 58 59 60 65 76 77
 15 44 52 53 58 59 60 63 64 78
 15 44 52 53 58 59 60 63 64 76 77
 15 44 51 54 58 60 65
 15 44 51 54 58 60 63 64
 15 44 51 54 58 60 61 65
 15 44 51 54 58 60 61 63 64
 15 44 51 54 58 59 60 65
 15 44 51 54 58 59 60 63 64
 15 44 51 52 53 58 60 65
 15 44 51 52 53 58 60 63 64
 15 44 51 52 53 58 60 61 65
 15 44 51 52 53 58 60 61 63 64
 15 44 51 52 53 58 59 60 65
 15 44 51 52 53 58 59 60 63 64
 15 42 43 54 58 60 65 78
 15 42 43 54 58 60 65 76 77
 15 42 43 54 58 60 63 64 78
 15 42 43 54 58 60 63 64 76 77
 15 42 43 54 58 60 61 65 78
 15 42 43 54 58 60 61 65 76 77
 15 42 43 54 58 60 61 63 64 78
 15 42 43 54 58 60 61 63 64 76 77
 15 42 43 54 58 59 60 65 78
 15 42 43 54 58 59 60 65 76 77
 15 42 43 54 58 59 60 63 64 78
 15 42 43 54 58 59 60 63 64 76 77
 15 42 43 52 53 58 60 65 78
 15 42 43 52 53 58 60 65 76 77
 15 42 43 52 53 58 60 63 64 78
 15 42 43 52 53 58 60 63 64 76 77
 15 42 43 52 53 58 60 61 65 78
 15 42 43 52 53 58 60 61 65 76 77
 15 42 43 52 53 58 60 61 63 64 78
 15 42 43 52 53 58 60 61 63 64 76 77
 15 42 43 52 53 58 59 60 65 78
 15 42 43 52 53 58 59 60 65 76 77
 15 42 43 52 53 58 59 60 63 64 78
 15 42 43 52 53 58 59 60 63 64 76 77
 15 42 43 51 54 58 60 65
 15 42 43 51 54 58 60 63 64
 15 42 43 51 54 58 60 61 65
 15 42 43 51 54 58 60 61 63 64
 15 42 43 51 54 58 59 60 65
 15 42 43 51 54 58 59 60 63 64
 15 42 43 51 52 53 58 60 65
 15 42 43 51 52 53 58 60 63 64
 15 42 43 51 52 53 58 60 61 65
 15 42 43 51 52 53 58 60 61 63 64
 15 42 43 51 52 53 58 59 60 65
 15 42 43 51 52 53 58 59 60 63 64
 15 38 44 54 58 60 78
 15 38 44 54 58 60 76 77
 15 38 44 54 58 60 61 78
 15 38 44 54 58 60 61 76 77
 15 38 44 54 58 59 60 78
 15 38 44 54 58 59 60 76 77
 15 38 44 52 53 58 60 78
 15 38 44 52 53 58 60 76 77
 15 38 44 52 53 58 60 61 78
 15 38 44 52 53 58 60 61 76 77
 15 38 44 52 53 58 59 60 78
 15 38 44 52 53 58 59 60 76 77
 15 38 44 51 54 58 60
 15 38 44 51 54 58 60 61
 15 38 44 51 54 58 59 60
 15 38 44 51 52 53 58 60
 15 38 44 51 52 53 58 60 61
 15 38 44 51 52 53 58 59 60
 15 38 42 43 54 58 60 78
 15 38 42 43 54 58 60 76 77
 15 38 42 43 54 58 60 61 78
 15 38 42 43 54 58 60 61 76 77
 15 38 42 43 54 58 59 60 78
 15 38 42 43 54 58 59 60 76 77
 15 38 42 43 52 53 58 60 78
 15 38 42 43 52 53 58 60 76 77
 15 38 42 43 52 53 58 60 61 78
 15 38 42 43 52 53 58 60 61 76 77
 15 38 42 43 52 53 58 59 60 78
 15 38 42 43 52 53 58 59 60 76 77
 15 38 42 43 51 54 58 60
 15 38 42 43 51 54 58 60 61
 15 38 42 43 51 54 58 59 60
 15 38 42 43 51 52 53 58 60
 15 38 42 43 51 52 53 58 60 61
 15 38 42 43 51 52 53 58 59 60
 15 36 48 58 62 72 74
 15 36 48 58 62 72 73
 15 36 48 58 62 70 71 74
 15 36 48 58 62 70 71 72 73
 15 36 47 48 58 62 72
 15 36 47 48 58 62 70 71
 15 36 46 47 58 62 72
 15 36 46 47 58 62 72 74
 15 36 46 47 58 62 72 73
 15 36 46 47 58 62 70 71
 15 36 46 47 58 62 70 71 74
 15 36 46 47 58 62 70 71 72 73
 15 36 45 48 58 62 74
 15 36 45 48 58 62 72 73
 15 36 45 47 48 58 62
 15 36 45 46 47 58 62
 15 36 45 46 47 58 62 74
 15 36 45 46 47 58 62 72 73
 15 34 52 58 60 74 78
 15 34 52 58 60 74 76 77
 15 34 52 58 60 72 73 78
 15 34 52 58 60 72 73 76 77
 15 34 51 52 58 60 74
 15 34 51 52 58 60 72 73
 15 34 50 51 58 60 74
 15 34 50 51 58 60 74 78
 15 34 50 51 58 60 74 76 77
 15 34 50 51 58 60 72 73
 15 34 50 51 58 60 72 73 78
 15 34 50 51 58 60 72 73 76 77
 15 34 48 56 58 64 72 74
 15 34 48 56 58 64 72 73
 15 34 48 56 58 64 70 71 74
 15 34 48 56 58 64 70 71 72 73
 15 34 47 52 58 60 78
 15 34 47 52 58 60 76 77
 15 34 47 51 52 58 60
 15 34 47 50 51 58 60
 15 34 47 50 51 58 60 78
 15 34 47 50 51 58 60 76 77
 15 34 47 48 56 58 64 72
 15 34 47 48 56 58 64 70 71
 15 34 46 47 56 58 64 72
 15 34 46 47 56 58 64 72 74
 15 34 46 47 56 58 64 72 73
 15 34 46 47 56 58 64 70 71
 15 34 46 47 56 58 64 70 71 74
 15 34 46 47 56 58 64 70 71 72 73
 15 34 45 48 56 58 64 74
 15 34 45 48 56 58 64 72 73
 15 34 45 47 48 56 58 64
 15 34 45 46 47 56 58 64
 15 34 45 46 47 56 58 64 74
 15 34 45 46 47 56 58 64 72 73
 15 34 44 54 58 60 65 78
 15 34 44 54 58 60 65 76 77
 15 34 44 54 58 60 63 64 78
 15 34 44 54 58 60 63 64 76 77
 15 34 44 52 53 58 60 65 78
 15 34 44 52 53 58 60 65 76 77
 15 34 44 52 53 58 60 63 64 78
 15 34 44 52 53 58 60 63 64 76 77
 15 34 44 51 54 58 60 65
 15 34 44 51 54 58 60 63 64
 15 34 44 51 52 53 58 60 65
 15 34 44 51 52 53 58 60 63 64
 15 34 42 43 54 58 60 65 78
 15 34 42 43 54 58 60 65 76 77
 15 34 42 43 54 58 60 63 64 78
 15 34 42 43 54 58 60 63 64 76 77
 15 34 42 43 52 53 58 60 65 78
 15 34 42 43 52 53 58 60 65 76 77
 15 34 42 43 52 53 58 60 63 64 78
 15 34 42 43 52 53 58 60 63 64 76 77
 15 34 42 43 51 54 58 60 65
 15 34 42 43 51 54 58 60 63 64
 15 34 42 43 51 52 53 58 60 65
 15 34 42 43 51 52 53 58 60 63 64
 15 34 38 44 54 58 60 78
 15 34 38 44 54 58 60 76 77
 15 34 38 44 52 53 58 60 78
 15 34 38 44 52 53 58 60 76 77
 15 34 38 44 51 54 58 60
 15 34 38 44 51 52 53 58 60
 15 34 38 42 43 54 58 60 78
 15 34 38 42 43 54 58 60 76 77
 15 34 38 42 43 52 53 58 60 78
 15 34 38 42 43 52 53 58 60 76 77
 15 34 38 42 43 51 54 58 60
 15 34 38 42 43 51 52 53 58 60
 15 27 44 58 60 65 78
 15 27 44 58 60 65 76 77
 15 27 44 58 60 63 64 78
 15 27 44 58 60 63 64 76 77
 15 27 44 58 60 61 65 78
 15 27 44 58 60 61 65 76 77
 15 27 44 58 60 61 63 64 78
 15 27 44 58 60 61 63 64 76 77
 15 27 44 58 59 60 65 78
 15 27 44 58 59 60 65 76 77
 15 27 44 58 59 60 63 64 78
 15 27 44 58 59 60 63 64 76 77
 15 27 44 51 58 60 65
 15 27 44 51 58 60 63 64
 15 27 44 51 58 60 61 65
 15 27 44 51 58 60 61 63 64
 15 27 44 51 58 59 60 65
 15 27 44 51 58 59 60 63 64
 15 27 42 43 58 60 65 78
 15 27 42 43 58 60 65 76 77
 15 27 42 43 58 60 63 64 78
 15 27 42 43 58 60 63 64 76 77
 15 27 42 43 58 60 61 65 78
 15 27 42 43 58 60 61 65 76 77
 15 27 42 43 58 60 61 63 64 78
 15 27 42 43 58 60 61 63 64 76 77
 15 27 42 43 58 59 60 65 78
 15 27 42 43 58 59 60 65 76 77
 15 27 42 43 58 59 60 63 64 78
 15 27 42 43 58 59 60 63 64 76 77
 15 27 42 43 51 58 60 65
 15 27 42 43 51 58 60 63 64
 15 27 42 43 51 58 60 61 65
 15 27 42 43 51 58 60 61 63 64
 15 27 42 43 51 58 59 60 65
 15 27 42 43 51 58 59 60 63 64
 15 27 38 44 58 60 78
 15 27 38 44 58 60 76 77
 15 27 38 44 58 60 61 78
 15 27 38 44 58 60 61 76 77
 15 27 38 44 58 59 60 78
 15 27 38 44 58 59 60 76 77
 15 27 38 44 51 58 60
 15 27 38 44 51 58 60 61
 15 27 38 44 51 58 59 60
 15 27 38 42 43 58 60 78
 15 27 38 42 43 58 60 76 77
 15 27 38 42 43 58 60 61 78
 15 27 38 42 43 58 60 61 76 77
 15 27 38 42 43 58 59 60 78
 15 27 38 42 43 58 59 60 76 77
 15 27 38 42 43 51 58 60
 15 27 38 42 43 51 58 60 61
 15 27 38 42 43 51 58 59 60
 15 27 34 44 58 60 65 78
 15 27 34 44 58 60 65 76 77
 15 27 34 44 58 60 63 64 78
 15 27 34 44 58 60 63 64 76 77
 15 27 34 44 51 58 60 65
 15 27 34 44 51 58 60 63 64
 15 27 34 42 43 58 60 65 78
 15 27 34 42 43 58 60 65 76 77
 15 27 34 42 43 58 60 63 64 78
 15 27 34 42 43 58 60 63 64 76 77
 15 27 34 42 43 51 58 60 65
 15 27 34 42 43 51 58 60 63 64
 15 27 34 38 44 58 60 78
 15 27 34 38 44 58 60 76 77
 15 27 34 38 44 51 58 60
 15 27 34 38 42 43 58 60 78
 15 27 34 38 42 43 58 60 76 77
 15 27 34 38 42 43 51 58 60
 15 25 58 60 61 74 78
 15 25 58 60 61 74 76 77
 15 25 58 60 61 72 73 78
 15 25 58 60 61 72 73 76 77
 15 25 58 59 60 74 78
 15 25 58 59 60 74 76 77
 15 25 58 59 60 72 73 78
 15 25 58 59 60 72 73 76 77
 15 25 51 58 60 61 74
 15 25 51 58 60 61 72 73
 15 25 51 58 59 60 74
 15 25 51 58 59 60 72 73
 15 25 47 58 60 61 78
 15 25 47 58 60 61 76 77
 15 25 47 58 59 60 78
 15 25 47 58 59 60 76 77
 15 25 47 51 58 60 61
 15 25 47 51 58 59 60
 15 25 34 58 60 74 78
 15 25 34 58 60 74 76 77
 15 25 34 58 60 72 73 78
 15 25 34 58 60 72 73 76 77
 15 25 34 51 58 60 74
 15 25 34 51 58 60 72 73
 15 25 34 47 58 60 78
 15 25 34 47 58 60 76 77
 15 25 34 47 51 58 60
 15 21 58 62 63 72 74
 15 21 58 62 63 72 73
 15 21 58 62 63 70 71 74
 15 21 58 62 63 70 71 72 73
 15 21 58 61 62 72 74
 15 21 58 61 62 72 73
 15 21 58 61 62 70 71 74
 15 21 58 61 62 70 71 72 73
 15 21 56 58 61 64 72 74
 15 21 56 58 61 64 72 73
 15 21 56 58 61 64 70 71 74
 15 21 56 58 61 64 70 71 72 73
 15 21 56 58 59 60 64 72 74
 15 21 56 58 59 60 64 72 73
 15 21 56 58 59 60 64 70 71 74
 15 21 56 58 59 60 64 70 71 72 73
 15 21 47 58 62 63 72
 15 21 47 58 62 63 70 71
 15 21 47 58 61 62 72
 15 21 47 58 61 62 70 71
 15 21 47 56 58 61 64 72
 15 21 47 56 58 61 64 70 71
 15 21 47 56 58 59 60 64 72
 15 21 47 56 58 59 60 64 70 71
 15 21 45 58 62 63 74
 15 21 45 58 62 63 72 73
 15 21 45 58 61 62 74
 15 21 45 58 61 62 72 73
 15 21 45 56 58 61 64 74
 15 21 45 56 58 61 64 72 73
 15 21 45 56 58 59 60 64 74
 15 21 45 56 58 59 60 64 72 73
 15 21 45 47 58 62 63
 15 21 45 47 58 61 62
 15 21 45 47 56 58 61 64
 15 21 45 47 56 58 59 60 64
 15 21 36 58 62 72 74
 15 21 36 58 62 72 73
 15 21 36 58 62 70 71 74
 15 21 36 58 62 70 71 72 73
 15 21 36 47 58 62 72
 15 21 36 47 58 62 70 71
 15 21 36 45 58 62 74
 15 21 36 45 58 62 72 73
 15 21 36 45 47 58 62
 15 21 34 56 58 64 72 74
 15 21 34 56 58 64 72 73
 15 21 34 56 58 64 70 71 74
 15 21 34 56 58 64 70 71 72 73
 15 21 34 47 56 58 64 72
 15 21 34 47 56 58 64 70 71
 15 21 34 45 56 58 64 74
 15 21 34 45 56 58 64 72 73
 15 21 34 45 47 56 58 64
 15 17 54 58 60 65 78
 15 17 54 58 60 65 76 77
 15 17 54 58 60 63 64 78
 15 17 54 58 60 63 64 76 77
 15 17 54 58 60 61 65 78
 15 17 54 58 60 61 65 76 77
 15 17 54 58 60 61 63 64 78
 15 17 54 58 60 61 63 64 76 77
 15 17 54 58 59 60 65 78
 15 17 54 58 59 60 65 76 77
 15 17 54 58 59 60 63 64 78
 15 17 54 58 59 60 63 64 76 77
 15 17 52 53 58 60 65 78
 15 17 52 53 58 60 65 76 77
 15 17 52 53 58 60 63 64 78
 15 17 52 53 58 60 63 64 76 77
 15 17 52 53 58 60 61 65 78
 15 17 52 53 58 60 61 65 76 77
 15 17 52 53 58 60 61 63 64 78
 15 17 52 53 58 60 61 63 64 76 77
 15 17 52 53 58 59 60 65 78
 15 17 52 53 58 59 60 65 76 77
 15 17 52 53 58 59 60 63 64 78
 15 17 52 53 58 59 60 63 64 76 77
 15 17 51 54 58 60 65
 15 17 51 54 58 60 63 64
 15 17 51 54 58 60 61 65
 15 17 51 54 58 60 61 63 64
 15 17 51 54 58 59 60 65
 15 17 51 54 58 59 60 63 64
 15 17 51 52 53 58 60 65
 15 17 51 52 53 58 60 63 64
 15 17 51 52 53 58 60 61 65
 15 17 51 52 53 58 60 61 63 64
 15 17 51 52 53 58 59 60 65
 15 17 51 52 53 58 59 60 63 64
 15 17 38 54 58 60 78
 15 17 38 54 58 60 76 77
 15 17 38 54 58 60 61 78
 15 17 38 54 58 60 61 76 77
 15 17 38 54 58 59 60 78
 15 17 38 54 58 59 60 76 77
 15 17 38 52 53 58 60 78
 15 17 38 52 53 58 60 76 77
 15 17 38 52 53 58 60 61 78
 15 17 38 52 53 58 60 61 76 77
 15 17 38 52 53 58 59 60 78
 15 17 38 52 53 58 59 60 76 77
 15 17 38 51 54 58 60
 15 17 38 51 54 58 60 61
 15 17 38 51 54 58 59 60
 15 17 38 51 52 53 58 60
 15 17 38 51 52 53 58 60 61
 15 17 38 51 52 53 58 59 60
 15 17 34 54 58 60 65 78
 15 17 34 54 58 60 65 76 77
 15 17 34 54 58 60 63 64 78
 15 17 34 54 58 60 63 64 76 77
 15 17 34 52 53 58 60 65 78
 15 17 34 52 53 58 60 65 76 77
 15 17 34 52 53 58 60 63 64 78
 15 17 34 52 53 58 60 63 64 76 77
 15 17 34 51 54 58 60 65
 15 17 34 51 54 58 60 63 64
 15 17 34 51 52 53 58 60 65
 15 17 34 51 52 53 58 60 63 64
 15 17 34 38 54 58 60 78
 15 17 34 38 54 58 60 76 77
 15 17 34 38 52 53 58 60 78
 15 17 34 38 52 53 58 60 76 77
 15 17 34 38 51 54 58 60
 15 17 34 38 51 52 53 58 60
 15 17 27 58 60 65 78
 15 17 27 58 60 65 76 77
 15 17 27 58 60 63 64 78
 15 17 27 58 60 63 64 76 77
 15 17 27 58 60 61 65 78
 15 17 27 58 60 61 65 76 77
 15 17 27 58 60 61 63 64 78
 15 17 27 58 60 61 63 64 76 77
 15 17 27 58 59 60 65 78
 15 17 27 58 59 60 65 76 77
 15 17 27 58 59 60 63 64 78
 15 17 27 58 59 60 63 64 76 77
 15 17 27 51 58 60 65
 15 17 27 51 58 60 63 64
 15 17 27 51 58 60 61 65
 15 17 27 51 58 60 61 63 64
 15 17 27 51 58 59 60 65
 15 17 27 51 58 59 60 63 64
 15 17 27 38 58 60 78
 15 17 27 38 58 60 76 77
 15 17 27 38 58 60 61 78
 15 17 27 38 58 60 61 76 77
 15 17 27 38 58 59 60 78
 15 17 27 38 58 59 60 76 77
 15 17 27 38 51 58 60
 15 17 27 38 51 58 60 61
 15 17 27 38 51 58 59 60
 15 17 27 34 58 60 65 78
 15 17 27 34 58 60 65 76 77
 15 17 27 34 58 60 63 64 78
 15 17 27 34 58 60 63 64 76 77
 15 17 27 34 51 58 60 65
 15 17 27 34 51 58 60 63 64
 15 17 27 34 38 58 60 78
 15 17 27 34 38 58 60 76 77
 15 17 27 34 38 51 58 60
 12 48 56 58 62 63 72
 12 48 56 58 62 63 70 71
 12 48 56 58 61 62 72
 12 48 56 58 61 62 70 71
 12 46 47 56 58 62 63 72
 12 46 47 56 58 62 63 70 71
 12 46 47 56 58 61 62 72
 12 46 47 56 58 61 62 70 71
 12 45 48 56 58 62 63
 12 45 48 56 58 61 62
 12 45 46 47 56 58 62 63
 12 45 46 47 56 58 61 62
 12 36 48 56 58 62 72
 12 36 48 56 58 62 70 71
 12 36 46 47 56 58 62 72
 12 36 46 47 56 58 62 70 71
 12 36 45 48 56 58 62
 12 36 45 46 47 56 58 62
 12 21 56 58 62 63 72
 12 21 56 58 62 63 70 71
 12 21 56 58 61 62 72
 12 21 56 58 61 62 70 71
 12 21 45 56 58 62 63
 12 21 45 56 58 61 62
 12 21 36 56 58 62 72
 12 21 36 56 58 62 70 71
 12 21 36 45 56 58 62
 2 56 65 76
 2 56 65 74 75
 2 56 63 64 76
 2 56 63 64 74 75
 2 54 59 60
 2 54 59 60 61
 2 54 58 61 72
 2 54 58 61 70 71
 2 54 58 59 60 72
 2 54 58 59 60 70 71
 2 54 57 58 60 61
 2 54 57 58 59 60
 2 52 53 59 60
 2 52 53 59 60 61
 2 52 53 58 61 72
 2 52 53 58 61 70 71
 2 52 53 58 59 60 72
 2 52 53 58 59 60 70 71
 2 52 53 57 58 60 61
 2 52 53 57 58 59 60
 2 49 56 65
 2 49 56 63 64
 2 46 56 65
 2 46 56 63
 2 46 56 63 64
 2 46 56 61 62
 2 45 54 58 61
 2 45 54 58 59 60
 2 45 52 53 58 61
 2 45 52 53 58 59 60
 2 44 45 56 65
 2 44 45 56 63
 2 44 45 56 63 64
 2 44 45 56 61 62
 2 38 56 76
 2 38 56 74 75
 2 38 49 56
 2 38 46 56
 2 38 44 45 56
 2 36 46 56
 2 36 44 45 56
 2 34 54 59 60
 2 34 54 58 72
 2 34 54 58 70 71
 2 34 54 57 58 60
 2 34 52 53 59 60
 2 34 52 53 58 72
 2 34 52 53 58 70 71
 2 34 52 53 57 58 60
 2 34 45 54 58
 2 34 45 52 53 58
 2 32 54 60 61
 2 32 54 59 60
 2 32 52 53 60 61
 2 32 52 53 59 60
 2 32 34 54 60
 2 32 34 52 53 60
 2 27 59 60
 2 27 59 60 61
 2 27 58 61 72
 2 27 58 61 70 71
 2 27 58 59 60 72
 2 27 58 59 60 70 71
 2 27 57 58 60 61
 2 27 57 58 59 60
 2 27 45 58 61
 2 27 45 58 59 60
 2 27 34 59 60
 2 27 34 58 72
 2 27 34 58 70 71
 2 27 34 57 58 60
 2 27 34 45 58
 2 27 32 60 61
 2 27 32 59 60
 2 27 32 34 60
 2 19 56 65
 2 19 56 63
 2 19 56 63 64
 2 19 56 61 62
 2 19 38 56
 2 19 36 56
 1 58 60 61 74
 1 58 60 61 72 73
 1 58 59 60 74
 1 58 59 60 72 73
 1 47 58 60 61
 1 47 58 59 60
 1 34 58 60 74
 1 34 58 60 72 73
 1 34 47 58 60
 1 18 58 60 61 74
 1 18 58 60 61 72 73
 1 18 58 59 60 74
 1 18 58 59 60 72 73
 1 18 47 58 60 61
 1 18 47 58 59 60
 1 18 34 58 60 74
 1 18 34 58 60 72 73
 1 18 34 47 58 60
 1 16 17 58 60 61 74
 1 16 17 58 60 61 72 73
 1 16 17 58 59 60 74
 1 16 17 58 59 60 72 73
 1 16 17 47 58 60 61
 1 16 17 47 58 59 60
 1 16 17 34 58 60 74
 1 16 17 34 58 60 72 73
 1 16 17 34 47 58 60
 0 58 60 61 74
 0 58 60 61 72 73
 0 58 60 61 68 74
 0 58 60 61 68 72 73
 0 58 59 60 74
 0 58 59 60 72 73
 0 58 59 60 68 74
 0 58 59 60 68 72 73
 0 47 58 60 61
 0 47 58 60 61 68
 0 47 58 59 60
 0 47 58 59 60 68
 0 34 58 60 74
 0 34 58 60 72 73
 0 34 58 60 68 74
 0 34 58 60 68 72 73
 0 34 47 58 60
 0 34 47 58 60 68
 0 26 58 60 61 74
 0 26 58 60 61 72 73
 0 26 58 59 60 74
 0 26 58 59 60 72 73
 0 26 47 58 60 61
 0 26 47 58 59 60
 0 26 34 58 60 74
 0 26 34 58 60 72 73
 0 26 34 47 58 60
 0 24 25 58 60 61 74
 0 24 25 58 60 61 72 73
 0 24 25 58 59 60 74
 0 24 25 58 59 60 72 73
 0 24 25 47 58 60 61
 0 24 25 47 58 59 60
 0 24 25 34 58 60 74
 0 24 25 34 58 60 72 73
 0 24 25 34 47 58 60
 0 18 58 60 61 74
 0 18 58 60 61 72 73
 0 18 58 60 61 68 74
 0 18 58 60 61 68 72 73
 0 18 58 59 60 74
 0 18 58 59 60 72 73
 0 18 58 59 60 68 74
 0 18 58 59 60 68 72 73
 0 18 47 58 60 61
 0 18 47 58 60 61 68
 0 18 47 58 59 60
 0 18 47 58 59 60 68
 0 18 34 58 60 74
 0 18 34 58 60 72 73
 0 18 34 58 60 68 74
 0 18 34 58 60 68 72 73
 0 18 34 47 58 60
 0 18 34 47 58 60 68
 0 18 26 58 60 61 74
 0 18 26 58 60 61 72 73
 0 18 26 58 59 60 74
 0 18 26 58 59 60 72 73
 0 18 26 47 58 60 61
 0 18 26 47 58 59 60
 0 18 26 34 58 60 74
 0 18 26 34 58 60 72 73
 0 18 26 34 47 58 60
 0 18 24 25 58 60 61 74
 0 18 24 25 58 60 61 72 73
 0 18 24 25 58 59 60 74
 0 18 24 25 58 59 60 72 73
 0 18 24 25 47 58 60 61
 0 18 24 25 47 58 59 60
 0 18 24 25 34 58 60 74
 0 18 24 25 34 58 60 72 73
 0 18 24 25 34 47 58 60
 0 16 17 58 60 61 74
 0 16 17 58 60 61 72 73
 0 16 17 58 60 61 68 74
 0 16 17 58 60 61 68 72 73
 0 16 17 58 59 60 74
 0 16 17 58 59 60 72 73
 0 16 17 58 59 60 68 74
 0 16 17 58 59 60 68 72 73
 0 16 17 47 58 60 61
 0 16 17 47 58 60 61 68
 0 16 17 47 58 59 60
 0 16 17 47 58 59 60 68
 0 16 17 34 58 60 74
 0 16 17 34 58 60 72 73
 0 16 17 34 58 60 68 74
 0 16 17 34 58 60 68 72 73
 0 16 17 34 47 58 60
 0 16 17 34 47 58 60 68
 0 16 17 26 58 60 61 74
 0 16 17 26 58 60 61 72 73
 0 16 17 26 58 59 60 74
 0 16 17 26 58 59 60 72 73
 0 16 17 26 47 58 60 61
 0 16 17 26 47 58 59 60
 0 16 17 26 34 58 60 74
 0 16 17 26 34 58 60 72 73
 0 16 17 26 34 47 58 60
 0 16 17 24 25 58 60 61 74
 0 16 17 24 25 58 60 61 72 73
 0 16 17 24 25 58 59 60 74
 0 16 17 24 25 58 59 60 72 73
 0 16 17 24 25 47 58 60 61
 0 16 17 24 25 47 58 59 60
 0 16 17 24 25 34 58 60 74
 0 16 17 24 25 34 58 60 72 73
 0 16 17 24 25 34 47 58 60
