 58 67 74
 58 67 72 73
 58 65 66 74
 58 65 66 72 73
 58 60 63 68 76
 58 60 63 68 74 75
 58 60 61 62 68 76
 58 60 61 62 68 74 75
 58 59 68 76
 58 59 68 74 76
 58 59 68 72 76
 58 59 68 72 74 75
 58 59 68 72 73 76
 58 59 68 72 73 74 75
 58 59 68 70 71 76
 58 59 68 70 71 74 75
 58 59 67 74
 58 59 67 72 73
 58 59 65 66 74
 58 59 65 66 72 73
 58 59 60 68
 58 59 60 68 78
 58 59 60 68 76
 58 59 60 68 76 77
 58 59 60 68 74 76
 58 59 60 68 72 76
 58 59 60 68 72 74 75
 58 59 60 68 72 73 76
 58 59 60 68 72 73 74 75
 58 59 60 68 70 71 76
 58 59 60 68 70 71 74 75
 58 59 60 67 68
 58 59 60 67 68 74 76
 58 59 60 67 68 74 75
 58 59 60 67 68 72 76
 58 59 60 67 68 72 74 75
 58 59 60 67 68 72 73 76
 58 59 60 67 68 72 73 74 75
 58 59 60 67 68 70 71 76
 58 59 60 67 68 70 71 74 75
 58 59 60 65 66 68 74 76
 58 59 60 65 66 68 74 75
 58 59 60 65 66 68 72 76
 58 59 60 65 66 68 72 74 75
 58 59 60 65 66 68 72 73 76
 58 59 60 65 66 68 72 73 74 75
 58 59 60 65 66 68 70 71 76
 58 59 60 65 66 68 70 71 74 75
 58 59 60 62 68 76
 58 59 60 62 68 74 75
 57 58 68 76
 57 58 68 74 76
 57 58 68 72 76
 57 58 68 72 74 75
 57 58 68 72 73 76
 57 58 68 72 73 74 75
 57 58 68 70 71 76
 57 58 68 70 71 74 75
 57 58 67 74
 57 58 67 72 73
 57 58 65 66 74
 57 58 65 66 72 73
 57 58 60 68
 57 58 60 68 78
 57 58 60 68 76
 57 58 60 68 76 77
 57 58 60 68 74 76
 57 58 60 68 72 76
 57 58 60 68 72 74 75
 57 58 60 68 72 73 76
 57 58 60 68 72 73 74 75
 57 58 60 68 70 71 76
 57 58 60 68 70 71 74 75
 57 58 60 67 68
 57 58 60 67 68 74 76
 57 58 60 67 68 74 75
 57 58 60 67 68 72 76
 57 58 60 67 68 72 74 75
 57 58 60 67 68 72 73 76
 57 58 60 67 68 72 73 74 75
 57 58 60 67 68 70 71 76
 57 58 60 67 68 70 71 74 75
 57 58 60 65 66 68 74 76
 57 58 60 65 66 68 74 75
 57 58 60 65 66 68 72 76
 57 58 60 65 66 68 72 74 75
 57 58 60 65 66 68 72 73 76
 57 58 60 65 66 68 72 73 74 75
 57 58 60 65 66 68 70 71 76
 57 58 60 65 66 68 70 71 74 75
 57 58 60 62 68 76
 57 58 60 62 68 74 75
 54 58 59 60 76
 54 58 59 60 74 75
 54 58 59 60 67 76
 54 58 59 60 67 74 75
 54 58 59 60 65 66 76
 54 58 59 60 65 66 74 75
 54 57 58 60 76
 54 57 58 60 74 75
 54 57 58 60 67 76
 54 57 58 60 67 74 75
 54 57 58 60 65 66 76
 54 57 58 60 65 66 74 75
 52 53 58 59 60 76
 52 53 58 59 60 74 75
 52 53 58 59 60 67 76
 52 53 58 59 60 67 74 75
 52 53 58 59 60 65 66 76
 52 53 58 59 60 65 66 74 75
 52 53 57 58 60 76
 52 53 57 58 60 74 75
 52 53 57 58 60 67 76
 52 53 57 58 60 67 74 75
 52 53 57 58 60 65 66 76
 52 53 57 58 60 65 66 74 75
 51 58 59 60 68
 51 57 58 60 68
 49 58 60 63 68
 49 58 60 61 62 68
 49 58 59 68
 49 58 59 68 74
 49 58 59 68 72
 49 58 59 68 72 73
 49 58 59 68 70 71
 49 58 59 60 68
 49 58 59 60 68 74
 49 58 59 60 68 72
 49 58 59 60 68 72 73
 49 58 59 60 68 70 71
 49 58 59 60 67 68 74
 49 58 59 60 67 68 72
 49 58 59 60 67 68 72 73
 49 58 59 60 67 68 70 71
 49 58 59 60 65 66 68 74
 49 58 59 60 65 66 68 72
 49 58 59 60 65 66 68 72 73
 49 58 59 60 65 66 68 70 71
 49 58 59 60 62 68
 49 57 58 68
 49 57 58 68 74
 49 57 58 68 72
 49 57 58 68 72 73
 49 57 58 68 70 71
 49 57 58 60 68
 49 57 58 60 68 74
 49 57 58 60 68 72
 49 57 58 60 68 72 73
 49 57 58 60 68 70 71
 49 57 58 60 67 68 74
 49 57 58 60 67 68 72
 49 57 58 60 67 68 72 73
 49 57 58 60 67 68 70 71
 49 57 58 60 65 66 68 74
 49 57 58 60 65 66 68 72
 49 57 58 60 65 66 68 72 73
 49 57 58 60 65 66 68 70 71
 49 57 58 60 62 68
 49 54 58 59 60
 49 54 58 59 60 67
 49 54 58 59 60 65 66
 49 54 57 58 60
 49 54 57 58 60 67
 49 54 57 58 60 65 66
 49 52 53 58 59 60
 49 52 53 58 59 60 67
 49 52 53 58 59 60 65 66
 49 52 53 57 58 60
 49 52 53 57 58 60 67
 49 52 53 57 58 60 65 66
 48 58 63 64 72 74 76
 48 58 63 64 72 74 75
 48 58 63 64 72 73 76
 48 58 63 64 72 73 74 75
 48 58 63 64 70 71 74 76
 48 58 63 64 70 71 74 75
 48 58 63 64 70 71 72 73 76
 48 58 63 64 70 71 72 73 74 75
 48 58 61 62 64 72 74 76
 48 58 61 62 64 72 74 75
 48 58 61 62 64 72 73 76
 48 58 61 62 64 72 73 74 75
 48 58 61 62 64 70 71 74 76
 48 58 61 62 64 70 71 74 75
 48 58 61 62 64 70 71 72 73 76
 48 58 61 62 64 70 71 72 73 74 75
 48 49 58 63 64 72 74
 48 49 58 63 64 72 73
 48 49 58 63 64 70 71 74
 48 49 58 63 64 70 71 72 73
 48 49 58 61 62 64 72 74
 48 49 58 61 62 64 72 73
 48 49 58 61 62 64 70 71 74
 48 49 58 61 62 64 70 71 72 73
 47 58 67
 47 58 65 66
 47 58 59 68 76
 47 58 59 68 74 75
 47 58 59 67
 47 58 59 65 66
 47 58 59 60 68 76
 47 58 59 60 68 74 75
 47 58 59 60 67 68 76
 47 58 59 60 67 68 74 75
 47 58 59 60 65 66 68 76
 47 58 59 60 65 66 68 74 75
 47 57 58 68 76
 47 57 58 68 74 75
 47 57 58 67
 47 57 58 65 66
 47 57 58 60 68 76
 47 57 58 60 68 74 75
 47 57 58 60 67 68 76
 47 57 58 60 67 68 74 75
 47 57 58 60 65 66 68 76
 47 57 58 60 65 66 68 74 75
 47 49 58 59 68
 47 49 58 59 60 68
 47 49 58 59 60 67 68
 47 49 58 59 60 65 66 68
 47 49 57 58 68
 47 49 57 58 60 68
 47 49 57 58 60 67 68
 47 49 57 58 60 65 66 68
 47 48 58 63 64 72 76
 47 48 58 63 64 72 74 75
 47 48 58 63 64 70 71 76
 47 48 58 63 64 70 71 74 75
 47 48 58 61 62 64 72 76
 47 48 58 61 62 64 72 74 75
 47 48 58 61 62 64 70 71 76
 47 48 58 61 62 64 70 71 74 75
 47 48 49 58 63 64 72
 47 48 49 58 63 64 70 71
 47 48 49 58 61 62 64 72
 47 48 49 58 61 62 64 70 71
 46 47 58 63 64 72 76
 46 47 58 63 64 72 74 76
 46 47 58 63 64 72 73 76
 46 47 58 63 64 72 73 74 75
 46 47 58 63 64 70 71 76
 46 47 58 63 64 70 71 74 76
 46 47 58 63 64 70 71 72 73 76
 46 47 58 63 64 70 71 72 73 74 75
 46 47 58 61 62 64 72 76
 46 47 58 61 62 64 72 74 76
 46 47 58 61 62 64 72 73 76
 46 47 58 61 62 64 72 73 74 75
 46 47 58 61 62 64 70 71 76
 46 47 58 61 62 64 70 71 74 76
 46 47 58 61 62 64 70 71 72 73 76
 46 47 58 61 62 64 70 71 72 73 74 75
 46 47 49 58 63 64 72
 46 47 49 58 63 64 72 74
 46 47 49 58 63 64 72 73
 46 47 49 58 63 64 70 71
 46 47 49 58 63 64 70 71 74
 46 47 49 58 63 64 70 71 72 73
 46 47 49 58 61 62 64 72
 46 47 49 58 61 62 64 72 74
 46 47 49 58 61 62 64 72 73
 46 47 49 58 61 62 64 70 71
 46 47 49 58 61 62 64 70 71 74
 46 47 49 58 61 62 64 70 71 72 73
 45 58 59 68 76
 45 58 59 68 74 75
 45 58 59 60 68 76
 45 58 59 60 68 74 75
 45 58 59 60 67 68 76
 45 58 59 60 67 68 74 75
 45 58 59 60 65 66 68 76
 45 58 59 60 65 66 68 74 75
 45 57 58 68 76
 45 57 58 68 74 75
 45 57 58 60 68 76
 45 57 58 60 68 74 75
 45 57 58 60 67 68 76
 45 57 58 60 67 68 74 75
 45 57 58 60 65 66 68 76
 45 57 58 60 65 66 68 74 75
 45 49 58 59 68
 45 49 58 59 60 68
 45 49 58 59 60 67 68
 45 49 58 59 60 65 66 68
 45 49 57 58 68
 45 49 57 58 60 68
 45 49 57 58 60 67 68
 45 49 57 58 60 65 66 68
 45 48 58 63 64 74 76
 45 48 58 63 64 74 75
 45 48 58 63 64 72 73 76
 45 48 58 63 64 72 73 74 75
 45 48 58 61 62 64 74 76
 45 48 58 61 62 64 74 75
 45 48 58 61 62 64 72 73 76
 45 48 58 61 62 64 72 73 74 75
 45 48 49 58 63 64 74
 45 48 49 58 63 64 72 73
 45 48 49 58 61 62 64 74
 45 48 49 58 61 62 64 72 73
 45 47 48 58 63 64 76
 45 47 48 58 63 64 74 75
 45 47 48 58 61 62 64 76
 45 47 48 58 61 62 64 74 75
 45 47 48 49 58 63 64
 45 47 48 49 58 61 62 64
 45 46 47 58 63 64 76
 45 46 47 58 63 64 74 76
 45 46 47 58 63 64 72 73 76
 45 46 47 58 63 64 72 73 74 75
 45 46 47 58 61 62 64 76
 45 46 47 58 61 62 64 74 76
 45 46 47 58 61 62 64 72 73 76
 45 46 47 58 61 62 64 72 73 74 75
 45 46 47 49 58 63 64
 45 46 47 49 58 63 64 74
 45 46 47 49 58 63 64 72 73
 45 46 47 49 58 61 62 64
 45 46 47 49 58 61 62 64 74
 45 46 47 49 58 61 62 64 72 73
 44 58 59 60 68
 44 58 59 60 68 76
 44 58 59 60 68 74 75
 44 58 59 60 67 68
 44 58 59 60 65 68
 44 58 59 60 65 66 68
 44 57 58 60 68
 44 57 58 60 68 76
 44 57 58 60 68 74 75
 44 57 58 60 67 68
 44 57 58 60 65 68
 44 57 58 60 65 66 68
 44 49 58 59 60 68
 44 49 57 58 60 68
 42 58 59 60 68
 42 57 58 60 68
 42 43 58 59 60 68
 42 43 58 59 60 68 76
 42 43 58 59 60 68 74 75
 42 43 58 59 60 67 68
 42 43 58 59 60 65 68
 42 43 58 59 60 65 66 68
 42 43 57 58 60 68
 42 43 57 58 60 68 76
 42 43 57 58 60 68 74 75
 42 43 57 58 60 67 68
 42 43 57 58 60 65 68
 42 43 57 58 60 65 66 68
 42 43 49 58 59 60 68
 42 43 49 57 58 60 68
 40 58 74
 40 58 72 73
 40 58 59 74
 40 58 59 72 73
 40 58 59 60 68 74 76
 40 58 59 60 68 74 75
 40 58 59 60 68 72 76
 40 58 59 60 68 72 74 75
 40 58 59 60 68 72 73 76
 40 58 59 60 68 72 73 74 75
 40 58 59 60 68 70 71 76
 40 58 59 60 68 70 71 74 75
 40 57 58 74
 40 57 58 72 73
 40 57 58 60 68 74 76
 40 57 58 60 68 74 75
 40 57 58 60 68 72 76
 40 57 58 60 68 72 74 75
 40 57 58 60 68 72 73 76
 40 57 58 60 68 72 73 74 75
 40 57 58 60 68 70 71 76
 40 57 58 60 68 70 71 74 75
 40 54 58 59 60 76
 40 54 58 59 60 74 75
 40 54 57 58 60 76
 40 54 57 58 60 74 75
 40 52 53 58 59 60 76
 40 52 53 58 59 60 74 75
 40 52 53 57 58 60 76
 40 52 53 57 58 60 74 75
 40 49 58 59 60 68 74
 40 49 58 59 60 68 72
 40 49 58 59 60 68 72 73
 40 49 58 59 60 68 70 71
 40 49 57 58 60 68 74
 40 49 57 58 60 68 72
 40 49 57 58 60 68 72 73
 40 49 57 58 60 68 70 71
 40 49 54 58 59 60
 40 49 54 57 58 60
 40 49 52 53 58 59 60
 40 49 52 53 57 58 60
 40 47 58
 40 47 58 59
 40 47 58 59 60 68 76
 40 47 58 59 60 68 74 75
 40 47 57 58
 40 47 57 58 60 68 76
 40 47 57 58 60 68 74 75
 40 47 49 58 59 60 68
 40 47 49 57 58 60 68
 40 45 58 59 60 68 76
 40 45 58 59 60 68 74 75
 40 45 57 58 60 68 76
 40 45 57 58 60 68 74 75
 40 45 49 58 59 60 68
 40 45 49 57 58 60 68
 40 44 58 59 60 68
 40 44 57 58 60 68
 40 42 43 58 59 60 68
 40 42 43 57 58 60 68
 36 58 60 68 76
 36 58 60 68 74 75
 36 49 58 60 68
 36 48 58 64 72 74 76
 36 48 58 64 72 74 75
 36 48 58 64 72 73 76
 36 48 58 64 72 73 74 75
 36 48 58 64 70 71 74 76
 36 48 58 64 70 71 74 75
 36 48 58 64 70 71 72 73 76
 36 48 58 64 70 71 72 73 74 75
 36 48 49 58 64 72 74
 36 48 49 58 64 72 73
 36 48 49 58 64 70 71 74
 36 48 49 58 64 70 71 72 73
 36 47 48 58 64 72 76
 36 47 48 58 64 72 74 75
 36 47 48 58 64 70 71 76
 36 47 48 58 64 70 71 74 75
 36 47 48 49 58 64 72
 36 47 48 49 58 64 70 71
 36 46 47 58 64 72 76
 36 46 47 58 64 72 74 76
 36 46 47 58 64 72 73 76
 36 46 47 58 64 72 73 74 75
 36 46 47 58 64 70 71 76
 36 46 47 58 64 70 71 74 76
 36 46 47 58 64 70 71 72 73 76
 36 46 47 58 64 70 71 72 73 74 75
 36 46 47 49 58 64 72
 36 46 47 49 58 64 72 74
 36 46 47 49 58 64 72 73
 36 46 47 49 58 64 70 71
 36 46 47 49 58 64 70 71 74
 36 46 47 49 58 64 70 71 72 73
 36 45 48 58 64 74 76
 36 45 48 58 64 74 75
 36 45 48 58 64 72 73 76
 36 45 48 58 64 72 73 74 75
 36 45 48 49 58 64 74
 36 45 48 49 58 64 72 73
 36 45 47 48 58 64 76
 36 45 47 48 58 64 74 75
 36 45 47 48 49 58 64
 36 45 46 47 58 64 76
 36 45 46 47 58 64 74 76
 36 45 46 47 58 64 72 73 76
 36 45 46 47 58 64 72 73 74 75
 36 45 46 47 49 58 64
 36 45 46 47 49 58 64 74
 36 45 46 47 49 58 64 72 73
 32 58 68 76
 32 58 68 74 76
 32 58 68 72 76
 32 58 68 72 74 75
 32 58 68 72 73 76
 32 58 68 72 73 74 75
 32 58 68 70 71 76
 32 58 68 70 71 74 75
 32 58 67 74
 32 58 67 72 73
 32 58 65 66 74
 32 58 65 66 72 73
 32 58 60 68
 32 58 60 68 78
 32 58 60 68 76
 32 58 60 68 76 77
 32 58 60 68 74 76
 32 58 60 68 72 76
 32 58 60 68 72 74 75
 32 58 60 68 72 73 76
 32 58 60 68 72 73 74 75
 32 58 60 68 70 71 76
 32 58 60 68 70 71 74 75
 32 58 60 67 68
 32 58 60 67 68 74 76
 32 58 60 67 68 74 75
 32 58 60 67 68 72 76
 32 58 60 67 68 72 74 75
 32 58 60 67 68 72 73 76
 32 58 60 67 68 72 73 74 75
 32 58 60 67 68 70 71 76
 32 58 60 67 68 70 71 74 75
 32 58 60 65 66 68 74 76
 32 58 60 65 66 68 74 75
 32 58 60 65 66 68 72 76
 32 58 60 65 66 68 72 74 75
 32 58 60 65 66 68 72 73 76
 32 58 60 65 66 68 72 73 74 75
 32 58 60 65 66 68 70 71 76
 32 58 60 65 66 68 70 71 74 75
 32 58 60 62 68 76
 32 58 60 62 68 74 75
 32 54 58 60 76
 32 54 58 60 74 75
 32 54 58 60 67 76
 32 54 58 60 67 74 75
 32 54 58 60 65 66 76
 32 54 58 60 65 66 74 75
 32 52 53 58 60 76
 32 52 53 58 60 74 75
 32 52 53 58 60 67 76
 32 52 53 58 60 67 74 75
 32 52 53 58 60 65 66 76
 32 52 53 58 60 65 66 74 75
 32 51 58 60 68
 32 49 58 68
 32 49 58 68 74
 32 49 58 68 72
 32 49 58 68 72 73
 32 49 58 68 70 71
 32 49 58 60 68
 32 49 58 60 68 74
 32 49 58 60 68 72
 32 49 58 60 68 72 73
 32 49 58 60 68 70 71
 32 49 58 60 67 68 74
 32 49 58 60 67 68 72
 32 49 58 60 67 68 72 73
 32 49 58 60 67 68 70 71
 32 49 58 60 65 66 68 74
 32 49 58 60 65 66 68 72
 32 49 58 60 65 66 68 72 73
 32 49 58 60 65 66 68 70 71
 32 49 58 60 62 68
 32 49 54 58 60
 32 49 54 58 60 67
 32 49 54 58 60 65 66
 32 49 52 53 58 60
 32 49 52 53 58 60 67
 32 49 52 53 58 60 65 66
 32 47 58 68 76
 32 47 58 68 74 75
 32 47 58 67
 32 47 58 65 66
 32 47 58 60 68 76
 32 47 58 60 68 74 75
 32 47 58 60 67 68 76
 32 47 58 60 67 68 74 75
 32 47 58 60 65 66 68 76
 32 47 58 60 65 66 68 74 75
 32 47 49 58 68
 32 47 49 58 60 68
 32 47 49 58 60 67 68
 32 47 49 58 60 65 66 68
 32 45 58 68 76
 32 45 58 68 74 75
 32 45 58 60 68 76
 32 45 58 60 68 74 75
 32 45 58 60 67 68 76
 32 45 58 60 67 68 74 75
 32 45 58 60 65 66 68 76
 32 45 58 60 65 66 68 74 75
 32 45 49 58 68
 32 45 49 58 60 68
 32 45 49 58 60 67 68
 32 45 49 58 60 65 66 68
 32 44 58 60 68
 32 44 58 60 68 76
 32 44 58 60 68 74 75
 32 44 58 60 67 68
 32 44 58 60 65 68
 32 44 58 60 65 66 68
 32 44 49 58 60 68
 32 42 58 60 68
 32 42 43 58 60 68
 32 42 43 58 60 68 76
 32 42 43 58 60 68 74 75
 32 42 43 58 60 67 68
 32 42 43 58 60 65 68
 32 42 43 58 60 65 66 68
 32 42 43 49 58 60 68
 32 40 58 74
 32 40 58 72 73
 32 40 58 60 68 74 76
 32 40 58 60 68 74 75
 32 40 58 60 68 72 76
 32 40 58 60 68 72 74 75
 32 40 58 60 68 72 73 76
 32 40 58 60 68 72 73 74 75
 32 40 58 60 68 70 71 76
 32 40 58 60 68 70 71 74 75
 32 40 54 58 60 76
 32 40 54 58 60 74 75
 32 40 52 53 58 60 76
 32 40 52 53 58 60 74 75
 32 40 49 58 60 68 74
 32 40 49 58 60 68 72
 32 40 49 58 60 68 72 73
 32 40 49 58 60 68 70 71
 32 40 49 54 58 60
 32 40 49 52 53 58 60
 32 40 47 58
 32 40 47 58 60 68 76
 32 40 47 58 60 68 74 75
 32 40 47 49 58 60 68
 32 40 45 58 60 68 76
 32 40 45 58 60 68 74 75
 32 40 45 49 58 60 68
 32 40 44 58 60 68
 32 40 42 43 58 60 68
 29 58 60 61 76
 29 58 60 61 74 75
 29 58 59 60 76
 29 58 59 60 74 75
 29 49 58 60 61
 29 49 58 59 60
 29 48 58 64 72 74
 29 48 58 64 72 73
 29 48 58 64 70 71 74
 29 48 58 64 70 71 72 73
 29 48 58 64 67 72 74
 29 48 58 64 67 72 73
 29 48 58 64 67 70 71 74
 29 48 58 64 67 70 71 72 73
 29 48 58 64 65 72 74
 29 48 58 64 65 72 73
 29 48 58 64 65 70 71 74
 29 48 58 64 65 70 71 72 73
 29 48 58 64 65 66 72 74
 29 48 58 64 65 66 72 73
 29 48 58 64 65 66 70 71 74
 29 48 58 64 65 66 70 71 72 73
 29 47 48 58 64 72
 29 47 48 58 64 70 71
 29 47 48 58 64 67 72
 29 47 48 58 64 67 70 71
 29 47 48 58 64 65 72
 29 47 48 58 64 65 70 71
 29 47 48 58 64 65 66 72
 29 47 48 58 64 65 66 70 71
 29 46 47 58 64 72
 29 46 47 58 64 72 74
 29 46 47 58 64 72 73
 29 46 47 58 64 70 71
 29 46 47 58 64 70 71 74
 29 46 47 58 64 70 71 72 73
 29 46 47 58 64 67 72
 29 46 47 58 64 67 72 74
 29 46 47 58 64 67 72 73
 29 46 47 58 64 67 70 71
 29 46 47 58 64 67 70 71 74
 29 46 47 58 64 67 70 71 72 73
 29 46 47 58 64 65 72
 29 46 47 58 64 65 72 74
 29 46 47 58 64 65 72 73
 29 46 47 58 64 65 70 71
 29 46 47 58 64 65 70 71 74
 29 46 47 58 64 65 70 71 72 73
 29 46 47 58 64 65 66 72
 29 46 47 58 64 65 66 72 74
 29 46 47 58 64 65 66 72 73
 29 46 47 58 64 65 66 70 71
 29 46 47 58 64 65 66 70 71 74
 29 46 47 58 64 65 66 70 71 72 73
 29 45 48 58 64 74
 29 45 48 58 64 72 73
 29 45 48 58 64 67 74
 29 45 48 58 64 67 72 73
 29 45 48 58 64 65 74
 29 45 48 58 64 65 72 73
 29 45 48 58 64 65 66 74
 29 45 48 58 64 65 66 72 73
 29 45 47 48 58 64
 29 45 47 48 58 64 67
 29 45 47 48 58 64 65
 29 45 47 48 58 64 65 66
 29 45 46 47 58 64
 29 45 46 47 58 64 74
 29 45 46 47 58 64 72 73
 29 45 46 47 58 64 67
 29 45 46 47 58 64 67 74
 29 45 46 47 58 64 67 72 73
 29 45 46 47 58 64 65
 29 45 46 47 58 64 65 74
 29 45 46 47 58 64 65 72 73
 29 45 46 47 58 64 65 66
 29 45 46 47 58 64 65 66 74
 29 45 46 47 58 64 65 66 72 73
 29 40 48 58 64 72 74
 29 40 48 58 64 72 73
 29 40 48 58 64 70 71 74
 29 40 48 58 64 70 71 72 73
 29 40 47 48 58 64 72
 29 40 47 48 58 64 70 71
 29 40 46 47 58 64 72
 29 40 46 47 58 64 72 74
 29 40 46 47 58 64 72 73
 29 40 46 47 58 64 70 71
 29 40 46 47 58 64 70 71 74
 29 40 46 47 58 64 70 71 72 73
 29 40 45 48 58 64 74
 29 40 45 48 58 64 72 73
 29 40 45 47 48 58 64
 29 40 45 46 47 58 64
 29 40 45 46 47 58 64 74
 29 40 45 46 47 58 64 72 73
 29 34 58 60 76
 29 34 58 60 74 75
 29 34 49 58 60
 27 58 59 60 76
 27 58 59 60 74 75
 27 58 59 60 67 76
 27 58 59 60 67 74 75
 27 58 59 60 65 66 76
 27 58 59 60 65 66 74 75
 27 57 58 60 76
 27 57 58 60 74 75
 27 57 58 60 67 76
 27 57 58 60 67 74 75
 27 57 58 60 65 66 76
 27 57 58 60 65 66 74 75
 27 49 58 59 60
 27 49 58 59 60 67
 27 49 58 59 60 65 66
 27 49 57 58 60
 27 49 57 58 60 67
 27 49 57 58 60 65 66
 27 48 58 63 64 72 74
 27 48 58 63 64 72 73
 27 48 58 63 64 70 71 74
 27 48 58 63 64 70 71 72 73
 27 48 58 63 64 67 72 74
 27 48 58 63 64 67 72 73
 27 48 58 63 64 67 70 71 74
 27 48 58 63 64 67 70 71 72 73
 27 48 58 63 64 65 72 74
 27 48 58 63 64 65 72 73
 27 48 58 63 64 65 70 71 74
 27 48 58 63 64 65 70 71 72 73
 27 48 58 63 64 65 66 72 74
 27 48 58 63 64 65 66 72 73
 27 48 58 63 64 65 66 70 71 74
 27 48 58 63 64 65 66 70 71 72 73
 27 48 58 61 62 64 72 74
 27 48 58 61 62 64 72 73
 27 48 58 61 62 64 70 71 74
 27 48 58 61 62 64 70 71 72 73
 27 48 58 61 62 64 67 72 74
 27 48 58 61 62 64 67 72 73
 27 48 58 61 62 64 67 70 71 74
 27 48 58 61 62 64 67 70 71 72 73
 27 48 58 61 62 64 65 72 74
 27 48 58 61 62 64 65 72 73
 27 48 58 61 62 64 65 70 71 74
 27 48 58 61 62 64 65 70 71 72 73
 27 48 58 61 62 64 65 66 72 74
 27 48 58 61 62 64 65 66 72 73
 27 48 58 61 62 64 65 66 70 71 74
 27 48 58 61 62 64 65 66 70 71 72 73
 27 47 48 58 63 64 72
 27 47 48 58 63 64 70 71
 27 47 48 58 63 64 67 72
 27 47 48 58 63 64 67 70 71
 27 47 48 58 63 64 65 72
 27 47 48 58 63 64 65 70 71
 27 47 48 58 63 64 65 66 72
 27 47 48 58 63 64 65 66 70 71
 27 47 48 58 61 62 64 72
 27 47 48 58 61 62 64 70 71
 27 47 48 58 61 62 64 67 72
 27 47 48 58 61 62 64 67 70 71
 27 47 48 58 61 62 64 65 72
 27 47 48 58 61 62 64 65 70 71
 27 47 48 58 61 62 64 65 66 72
 27 47 48 58 61 62 64 65 66 70 71
 27 46 47 58 63 64 72
 27 46 47 58 63 64 72 74
 27 46 47 58 63 64 72 73
 27 46 47 58 63 64 70 71
 27 46 47 58 63 64 70 71 74
 27 46 47 58 63 64 70 71 72 73
 27 46 47 58 63 64 67 72
 27 46 47 58 63 64 67 72 74
 27 46 47 58 63 64 67 72 73
 27 46 47 58 63 64 67 70 71
 27 46 47 58 63 64 67 70 71 74
 27 46 47 58 63 64 67 70 71 72 73
 27 46 47 58 63 64 65 72
 27 46 47 58 63 64 65 72 74
 27 46 47 58 63 64 65 72 73
 27 46 47 58 63 64 65 70 71
 27 46 47 58 63 64 65 70 71 74
 27 46 47 58 63 64 65 70 71 72 73
 27 46 47 58 63 64 65 66 72
 27 46 47 58 63 64 65 66 72 74
 27 46 47 58 63 64 65 66 72 73
 27 46 47 58 63 64 65 66 70 71
 27 46 47 58 63 64 65 66 70 71 74
 27 46 47 58 63 64 65 66 70 71 72 73
 27 46 47 58 61 62 64 72
 27 46 47 58 61 62 64 72 74
 27 46 47 58 61 62 64 72 73
 27 46 47 58 61 62 64 70 71
 27 46 47 58 61 62 64 70 71 74
 27 46 47 58 61 62 64 70 71 72 73
 27 46 47 58 61 62 64 67 72
 27 46 47 58 61 62 64 67 72 74
 27 46 47 58 61 62 64 67 72 73
 27 46 47 58 61 62 64 67 70 71
 27 46 47 58 61 62 64 67 70 71 74
 27 46 47 58 61 62 64 67 70 71 72 73
 27 46 47 58 61 62 64 65 72
 27 46 47 58 61 62 64 65 72 74
 27 46 47 58 61 62 64 65 72 73
 27 46 47 58 61 62 64 65 70 71
 27 46 47 58 61 62 64 65 70 71 74
 27 46 47 58 61 62 64 65 70 71 72 73
 27 46 47 58 61 62 64 65 66 72
 27 46 47 58 61 62 64 65 66 72 74
 27 46 47 58 61 62 64 65 66 72 73
 27 46 47 58 61 62 64 65 66 70 71
 27 46 47 58 61 62 64 65 66 70 71 74
 27 46 47 58 61 62 64 65 66 70 71 72 73
 27 45 48 58 63 64 74
 27 45 48 58 63 64 72 73
 27 45 48 58 63 64 67 74
 27 45 48 58 63 64 67 72 73
 27 45 48 58 63 64 65 74
 27 45 48 58 63 64 65 72 73
 27 45 48 58 63 64 65 66 74
 27 45 48 58 63 64 65 66 72 73
 27 45 48 58 61 62 64 74
 27 45 48 58 61 62 64 72 73
 27 45 48 58 61 62 64 67 74
 27 45 48 58 61 62 64 67 72 73
 27 45 48 58 61 62 64 65 74
 27 45 48 58 61 62 64 65 72 73
 27 45 48 58 61 62 64 65 66 74
 27 45 48 58 61 62 64 65 66 72 73
 27 45 47 48 58 63 64
 27 45 47 48 58 63 64 67
 27 45 47 48 58 63 64 65
 27 45 47 48 58 63 64 65 66
 27 45 47 48 58 61 62 64
 27 45 47 48 58 61 62 64 67
 27 45 47 48 58 61 62 64 65
 27 45 47 48 58 61 62 64 65 66
 27 45 46 47 58 63 64
 27 45 46 47 58 63 64 74
 27 45 46 47 58 63 64 72 73
 27 45 46 47 58 63 64 67
 27 45 46 47 58 63 64 67 74
 27 45 46 47 58 63 64 67 72 73
 27 45 46 47 58 63 64 65
 27 45 46 47 58 63 64 65 74
 27 45 46 47 58 63 64 65 72 73
 27 45 46 47 58 63 64 65 66
 27 45 46 47 58 63 64 65 66 74
 27 45 46 47 58 63 64 65 66 72 73
 27 45 46 47 58 61 62 64
 27 45 46 47 58 61 62 64 74
 27 45 46 47 58 61 62 64 72 73
 27 45 46 47 58 61 62 64 67
 27 45 46 47 58 61 62 64 67 74
 27 45 46 47 58 61 62 64 67 72 73
 27 45 46 47 58 61 62 64 65
 27 45 46 47 58 61 62 64 65 74
 27 45 46 47 58 61 62 64 65 72 73
 27 45 46 47 58 61 62 64 65 66
 27 45 46 47 58 61 62 64 65 66 74
 27 45 46 47 58 61 62 64 65 66 72 73
 27 40 58 59 60 76
 27 40 58 59 60 74 75
 27 40 57 58 60 76
 27 40 57 58 60 74 75
 27 40 49 58 59 60
 27 40 49 57 58 60
 27 40 48 58 63 64 72 74
 27 40 48 58 63 64 72 73
 27 40 48 58 63 64 70 71 74
 27 40 48 58 63 64 70 71 72 73
 27 40 48 58 61 62 64 72 74
 27 40 48 58 61 62 64 72 73
 27 40 48 58 61 62 64 70 71 74
 27 40 48 58 61 62 64 70 71 72 73
 27 40 47 48 58 63 64 72
 27 40 47 48 58 63 64 70 71
 27 40 47 48 58 61 62 64 72
 27 40 47 48 58 61 62 64 70 71
 27 40 46 47 58 63 64 72
 27 40 46 47 58 63 64 72 74
 27 40 46 47 58 63 64 72 73
 27 40 46 47 58 63 64 70 71
 27 40 46 47 58 63 64 70 71 74
 27 40 46 47 58 63 64 70 71 72 73
 27 40 46 47 58 61 62 64 72
 27 40 46 47 58 61 62 64 72 74
 27 40 46 47 58 61 62 64 72 73
 27 40 46 47 58 61 62 64 70 71
 27 40 46 47 58 61 62 64 70 71 74
 27 40 46 47 58 61 62 64 70 71 72 73
 27 40 45 48 58 63 64 74
 27 40 45 48 58 63 64 72 73
 27 40 45 48 58 61 62 64 74
 27 40 45 48 58 61 62 64 72 73
 27 40 45 47 48 58 63 64
 27 40 45 47 48 58 61 62 64
 27 40 45 46 47 58 63 64
 27 40 45 46 47 58 63 64 74
 27 40 45 46 47 58 63 64 72 73
 27 40 45 46 47 58 61 62 64
 27 40 45 46 47 58 61 62 64 74
 27 40 45 46 47 58 61 62 64 72 73
 27 36 48 58 64 72 74
 27 36 48 58 64 72 73
 27 36 48 58 64 70 71 74
 27 36 48 58 64 70 71 72 73
 27 36 48 58 64 67 72 74
 27 36 48 58 64 67 72 73
 27 36 48 58 64 67 70 71 74
 27 36 48 58 64 67 70 71 72 73
 27 36 48 58 64 65 72 74
 27 36 48 58 64 65 72 73
 27 36 48 58 64 65 70 71 74
 27 36 48 58 64 65 70 71 72 73
 27 36 48 58 64 65 66 72 74
 27 36 48 58 64 65 66 72 73
 27 36 48 58 64 65 66 70 71 74
 27 36 48 58 64 65 66 70 71 72 73
 27 36 47 48 58 64 72
 27 36 47 48 58 64 70 71
 27 36 47 48 58 64 67 72
 27 36 47 48 58 64 67 70 71
 27 36 47 48 58 64 65 72
 27 36 47 48 58 64 65 70 71
 27 36 47 48 58 64 65 66 72
 27 36 47 48 58 64 65 66 70 71
 27 36 46 47 58 64 72
 27 36 46 47 58 64 72 74
 27 36 46 47 58 64 72 73
 27 36 46 47 58 64 70 71
 27 36 46 47 58 64 70 71 74
 27 36 46 47 58 64 70 71 72 73
 27 36 46 47 58 64 67 72
 27 36 46 47 58 64 67 72 74
 27 36 46 47 58 64 67 72 73
 27 36 46 47 58 64 67 70 71
 27 36 46 47 58 64 67 70 71 74
 27 36 46 47 58 64 67 70 71 72 73
 27 36 46 47 58 64 65 72
 27 36 46 47 58 64 65 72 74
 27 36 46 47 58 64 65 72 73
 27 36 46 47 58 64 65 70 71
 27 36 46 47 58 64 65 70 71 74
 27 36 46 47 58 64 65 70 71 72 73
 27 36 46 47 58 64 65 66 72
 27 36 46 47 58 64 65 66 72 74
 27 36 46 47 58 64 65 66 72 73
 27 36 46 47 58 64 65 66 70 71
 27 36 46 47 58 64 65 66 70 71 74
 27 36 46 47 58 64 65 66 70 71 72 73
 27 36 45 48 58 64 74
 27 36 45 48 58 64 72 73
 27 36 45 48 58 64 67 74
 27 36 45 48 58 64 67 72 73
 27 36 45 48 58 64 65 74
 27 36 45 48 58 64 65 72 73
 27 36 45 48 58 64 65 66 74
 27 36 45 48 58 64 65 66 72 73
 27 36 45 47 48 58 64
 27 36 45 47 48 58 64 67
 27 36 45 47 48 58 64 65
 27 36 45 47 48 58 64 65 66
 27 36 45 46 47 58 64
 27 36 45 46 47 58 64 74
 27 36 45 46 47 58 64 72 73
 27 36 45 46 47 58 64 67
 27 36 45 46 47 58 64 67 74
 27 36 45 46 47 58 64 67 72 73
 27 36 45 46 47 58 64 65
 27 36 45 46 47 58 64 65 74
 27 36 45 46 47 58 64 65 72 73
 27 36 45 46 47 58 64 65 66
 27 36 45 46 47 58 64 65 66 74
 27 36 45 46 47 58 64 65 66 72 73
 27 36 40 48 58 64 72 74
 27 36 40 48 58 64 72 73
 27 36 40 48 58 64 70 71 74
 27 36 40 48 58 64 70 71 72 73
 27 36 40 47 48 58 64 72
 27 36 40 47 48 58 64 70 71
 27 36 40 46 47 58 64 72
 27 36 40 46 47 58 64 72 74
 27 36 40 46 47 58 64 72 73
 27 36 40 46 47 58 64 70 71
 27 36 40 46 47 58 64 70 71 74
 27 36 40 46 47 58 64 70 71 72 73
 27 36 40 45 48 58 64 74
 27 36 40 45 48 58 64 72 73
 27 36 40 45 47 48 58 64
 27 36 40 45 46 47 58 64
 27 36 40 45 46 47 58 64 74
 27 36 40 45 46 47 58 64 72 73
 27 32 58 60 76
 27 32 58 60 74 75
 27 32 58 60 67 76
 27 32 58 60 67 74 75
 27 32 58 60 65 66 76
 27 32 58 60 65 66 74 75
 27 32 49 58 60
 27 32 49 58 60 67
 27 32 49 58 60 65 66
 27 32 40 58 60 76
 27 32 40 58 60 74 75
 27 32 40 49 58 60
 27 28 58 60 61 76
 27 28 58 60 61 74 75
 27 28 58 59 60 76
 27 28 58 59 60 74 75
 27 28 49 58 60 61
 27 28 49 58 59 60
 27 28 48 58 64 72 74
 27 28 48 58 64 72 73
 27 28 48 58 64 70 71 74
 27 28 48 58 64 70 71 72 73
 27 28 48 58 64 67 72 74
 27 28 48 58 64 67 72 73
 27 28 48 58 64 67 70 71 74
 27 28 48 58 64 67 70 71 72 73
 27 28 48 58 64 65 72 74
 27 28 48 58 64 65 72 73
 27 28 48 58 64 65 70 71 74
 27 28 48 58 64 65 70 71 72 73
 27 28 48 58 64 65 66 72 74
 27 28 48 58 64 65 66 72 73
 27 28 48 58 64 65 66 70 71 74
 27 28 48 58 64 65 66 70 71 72 73
 27 28 47 48 58 64 72
 27 28 47 48 58 64 70 71
 27 28 47 48 58 64 67 72
 27 28 47 48 58 64 67 70 71
 27 28 47 48 58 64 65 72
 27 28 47 48 58 64 65 70 71
 27 28 47 48 58 64 65 66 72
 27 28 47 48 58 64 65 66 70 71
 27 28 46 47 58 64 72
 27 28 46 47 58 64 72 74
 27 28 46 47 58 64 72 73
 27 28 46 47 58 64 70 71
 27 28 46 47 58 64 70 71 74
 27 28 46 47 58 64 70 71 72 73
 27 28 46 47 58 64 67 72
 27 28 46 47 58 64 67 72 74
 27 28 46 47 58 64 67 72 73
 27 28 46 47 58 64 67 70 71
 27 28 46 47 58 64 67 70 71 74
 27 28 46 47 58 64 67 70 71 72 73
 27 28 46 47 58 64 65 72
 27 28 46 47 58 64 65 72 74
 27 28 46 47 58 64 65 72 73
 27 28 46 47 58 64 65 70 71
 27 28 46 47 58 64 65 70 71 74
 27 28 46 47 58 64 65 70 71 72 73
 27 28 46 47 58 64 65 66 72
 27 28 46 47 58 64 65 66 72 74
 27 28 46 47 58 64 65 66 72 73
 27 28 46 47 58 64 65 66 70 71
 27 28 46 47 58 64 65 66 70 71 74
 27 28 46 47 58 64 65 66 70 71 72 73
 27 28 45 48 58 64 74
 27 28 45 48 58 64 72 73
 27 28 45 48 58 64 67 74
 27 28 45 48 58 64 67 72 73
 27 28 45 48 58 64 65 74
 27 28 45 48 58 64 65 72 73
 27 28 45 48 58 64 65 66 74
 27 28 45 48 58 64 65 66 72 73
 27 28 45 47 48 58 64
 27 28 45 47 48 58 64 67
 27 28 45 47 48 58 64 65
 27 28 45 47 48 58 64 65 66
 27 28 45 46 47 58 64
 27 28 45 46 47 58 64 74
 27 28 45 46 47 58 64 72 73
 27 28 45 46 47 58 64 67
 27 28 45 46 47 58 64 67 74
 27 28 45 46 47 58 64 67 72 73
 27 28 45 46 47 58 64 65
 27 28 45 46 47 58 64 65 74
 27 28 45 46 47 58 64 65 72 73
 27 28 45 46 47 58 64 65 66
 27 28 45 46 47 58 64 65 66 74
 27 28 45 46 47 58 64 65 66 72 73
 27 28 40 48 58 64 72 74
 27 28 40 48 58 64 72 73
 27 28 40 48 58 64 70 71 74
 27 28 40 48 58 64 70 71 72 73
 27 28 40 47 48 58 64 72
 27 28 40 47 48 58 64 70 71
 27 28 40 46 47 58 64 72
 27 28 40 46 47 58 64 72 74
 27 28 40 46 47 58 64 72 73
 27 28 40 46 47 58 64 70 71
 27 28 40 46 47 58 64 70 71 74
 27 28 40 46 47 58 64 70 71 72 73
 27 28 40 45 48 58 64 74
 27 28 40 45 48 58 64 72 73
 27 28 40 45 47 48 58 64
 27 28 40 45 46 47 58 64
 27 28 40 45 46 47 58 64 74
 27 28 40 45 46 47 58 64 72 73
 27 28 34 58 60 76
 27 28 34 58 60 74 75
 27 28 34 49 58 60
 26 58 60 63 76
 26 58 60 63 74 75
 26 58 60 61 62 76
 26 58 60 61 62 74 75
 26 58 59 76
 26 58 59 74 76
 26 58 59 72 76
 26 58 59 72 74 75
 26 58 59 72 73 76
 26 58 59 72 73 74 75
 26 58 59 70 71 76
 26 58 59 70 71 74 75
 26 58 59 60 78
 26 58 59 60 76
 26 58 59 60 76 77
 26 58 59 60 74 76
 26 58 59 60 72 76
 26 58 59 60 72 74 75
 26 58 59 60 72 73 76
 26 58 59 60 72 73 74 75
 26 58 59 60 70 71 76
 26 58 59 60 70 71 74 75
 26 58 59 60 68
 26 58 59 60 67 74 76
 26 58 59 60 67 74 75
 26 58 59 60 67 72 76
 26 58 59 60 67 72 74 75
 26 58 59 60 67 72 73 76
 26 58 59 60 67 72 73 74 75
 26 58 59 60 67 70 71 76
 26 58 59 60 67 70 71 74 75
 26 58 59 60 67 68
 26 58 59 60 65 66 74 76
 26 58 59 60 65 66 74 75
 26 58 59 60 65 66 72 76
 26 58 59 60 65 66 72 74 75
 26 58 59 60 65 66 72 73 76
 26 58 59 60 65 66 72 73 74 75
 26 58 59 60 65 66 70 71 76
 26 58 59 60 65 66 70 71 74 75
 26 58 59 60 62 76
 26 58 59 60 62 74 75
 26 57 58 76
 26 57 58 74 76
 26 57 58 72 76
 26 57 58 72 74 75
 26 57 58 72 73 76
 26 57 58 72 73 74 75
 26 57 58 70 71 76
 26 57 58 70 71 74 75
 26 57 58 60 78
 26 57 58 60 76
 26 57 58 60 76 77
 26 57 58 60 74 76
 26 57 58 60 72 76
 26 57 58 60 72 74 75
 26 57 58 60 72 73 76
 26 57 58 60 72 73 74 75
 26 57 58 60 70 71 76
 26 57 58 60 70 71 74 75
 26 57 58 60 68
 26 57 58 60 67 74 76
 26 57 58 60 67 74 75
 26 57 58 60 67 72 76
 26 57 58 60 67 72 74 75
 26 57 58 60 67 72 73 76
 26 57 58 60 67 72 73 74 75
 26 57 58 60 67 70 71 76
 26 57 58 60 67 70 71 74 75
 26 57 58 60 67 68
 26 57 58 60 65 66 74 76
 26 57 58 60 65 66 74 75
 26 57 58 60 65 66 72 76
 26 57 58 60 65 66 72 74 75
 26 57 58 60 65 66 72 73 76
 26 57 58 60 65 66 72 73 74 75
 26 57 58 60 65 66 70 71 76
 26 57 58 60 65 66 70 71 74 75
 26 57 58 60 62 76
 26 57 58 60 62 74 75
 26 51 58 59 60
 26 51 57 58 60
 26 49 58 60 63
 26 49 58 60 61 62
 26 49 58 59
 26 49 58 59 74
 26 49 58 59 72
 26 49 58 59 72 73
 26 49 58 59 70 71
 26 49 58 59 60
 26 49 58 59 60 74
 26 49 58 59 60 72
 26 49 58 59 60 72 73
 26 49 58 59 60 70 71
 26 49 58 59 60 67 74
 26 49 58 59 60 67 72
 26 49 58 59 60 67 72 73
 26 49 58 59 60 67 70 71
 26 49 58 59 60 65 66 74
 26 49 58 59 60 65 66 72
 26 49 58 59 60 65 66 72 73
 26 49 58 59 60 65 66 70 71
 26 49 58 59 60 62
 26 49 57 58
 26 49 57 58 74
 26 49 57 58 72
 26 49 57 58 72 73
 26 49 57 58 70 71
 26 49 57 58 60
 26 49 57 58 60 74
 26 49 57 58 60 72
 26 49 57 58 60 72 73
 26 49 57 58 60 70 71
 26 49 57 58 60 67 74
 26 49 57 58 60 67 72
 26 49 57 58 60 67 72 73
 26 49 57 58 60 67 70 71
 26 49 57 58 60 65 66 74
 26 49 57 58 60 65 66 72
 26 49 57 58 60 65 66 72 73
 26 49 57 58 60 65 66 70 71
 26 49 57 58 60 62
 26 47 58 59 76
 26 47 58 59 74 75
 26 47 58 59 60 76
 26 47 58 59 60 74 75
 26 47 58 59 60 67 76
 26 47 58 59 60 67 74 75
 26 47 58 59 60 65 66 76
 26 47 58 59 60 65 66 74 75
 26 47 57 58 76
 26 47 57 58 74 75
 26 47 57 58 60 76
 26 47 57 58 60 74 75
 26 47 57 58 60 67 76
 26 47 57 58 60 67 74 75
 26 47 57 58 60 65 66 76
 26 47 57 58 60 65 66 74 75
 26 47 49 58 59
 26 47 49 58 59 60
 26 47 49 58 59 60 67
 26 47 49 58 59 60 65 66
 26 47 49 57 58
 26 47 49 57 58 60
 26 47 49 57 58 60 67
 26 47 49 57 58 60 65 66
 26 45 58 59 76
 26 45 58 59 74 75
 26 45 58 59 60 76
 26 45 58 59 60 74 75
 26 45 58 59 60 67 76
 26 45 58 59 60 67 74 75
 26 45 58 59 60 65 66 76
 26 45 58 59 60 65 66 74 75
 26 45 57 58 76
 26 45 57 58 74 75
 26 45 57 58 60 76
 26 45 57 58 60 74 75
 26 45 57 58 60 67 76
 26 45 57 58 60 67 74 75
 26 45 57 58 60 65 66 76
 26 45 57 58 60 65 66 74 75
 26 45 49 58 59
 26 45 49 58 59 60
 26 45 49 58 59 60 67
 26 45 49 58 59 60 65 66
 26 45 49 57 58
 26 45 49 57 58 60
 26 45 49 57 58 60 67
 26 45 49 57 58 60 65 66
 26 44 58 59 60
 26 44 58 59 60 76
 26 44 58 59 60 74 75
 26 44 58 59 60 67
 26 44 58 59 60 65
 26 44 58 59 60 65 66
 26 44 57 58 60
 26 44 57 58 60 76
 26 44 57 58 60 74 75
 26 44 57 58 60 67
 26 44 57 58 60 65
 26 44 57 58 60 65 66
 26 44 49 58 59 60
 26 44 49 57 58 60
 26 42 58 59 60
 26 42 57 58 60
 26 42 43 58 59 60
 26 42 43 58 59 60 76
 26 42 43 58 59 60 74 75
 26 42 43 58 59 60 67
 26 42 43 58 59 60 65
 26 42 43 58 59 60 65 66
 26 42 43 57 58 60
 26 42 43 57 58 60 76
 26 42 43 57 58 60 74 75
 26 42 43 57 58 60 67
 26 42 43 57 58 60 65
 26 42 43 57 58 60 65 66
 26 42 43 49 58 59 60
 26 42 43 49 57 58 60
 26 40 58 59 60 74 76
 26 40 58 59 60 74 75
 26 40 58 59 60 72 76
 26 40 58 59 60 72 74 75
 26 40 58 59 60 72 73 76
 26 40 58 59 60 72 73 74 75
 26 40 58 59 60 70 71 76
 26 40 58 59 60 70 71 74 75
 26 40 57 58 60 74 76
 26 40 57 58 60 74 75
 26 40 57 58 60 72 76
 26 40 57 58 60 72 74 75
 26 40 57 58 60 72 73 76
 26 40 57 58 60 72 73 74 75
 26 40 57 58 60 70 71 76
 26 40 57 58 60 70 71 74 75
 26 40 49 58 59 60 74
 26 40 49 58 59 60 72
 26 40 49 58 59 60 72 73
 26 40 49 58 59 60 70 71
 26 40 49 57 58 60 74
 26 40 49 57 58 60 72
 26 40 49 57 58 60 72 73
 26 40 49 57 58 60 70 71
 26 40 47 58 59 60 76
 26 40 47 58 59 60 74 75
 26 40 47 57 58 60 76
 26 40 47 57 58 60 74 75
 26 40 47 49 58 59 60
 26 40 47 49 57 58 60
 26 40 45 58 59 60 76
 26 40 45 58 59 60 74 75
 26 40 45 57 58 60 76
 26 40 45 57 58 60 74 75
 26 40 45 49 58 59 60
 26 40 45 49 57 58 60
 26 40 44 58 59 60
 26 40 44 57 58 60
 26 40 42 43 58 59 60
 26 40 42 43 57 58 60
 26 36 58 60 76
 26 36 58 60 74 75
 26 36 49 58 60
 26 32 58 76
 26 32 58 74 76
 26 32 58 72 76
 26 32 58 72 74 75
 26 32 58 72 73 76
 26 32 58 72 73 74 75
 26 32 58 70 71 76
 26 32 58 70 71 74 75
 26 32 58 60 78
 26 32 58 60 76
 26 32 58 60 76 77
 26 32 58 60 74 76
 26 32 58 60 72 76
 26 32 58 60 72 74 75
 26 32 58 60 72 73 76
 26 32 58 60 72 73 74 75
 26 32 58 60 70 71 76
 26 32 58 60 70 71 74 75
 26 32 58 60 68
 26 32 58 60 67 74 76
 26 32 58 60 67 74 75
 26 32 58 60 67 72 76
 26 32 58 60 67 72 74 75
 26 32 58 60 67 72 73 76
 26 32 58 60 67 72 73 74 75
 26 32 58 60 67 70 71 76
 26 32 58 60 67 70 71 74 75
 26 32 58 60 67 68
 26 32 58 60 65 66 74 76
 26 32 58 60 65 66 74 75
 26 32 58 60 65 66 72 76
 26 32 58 60 65 66 72 74 75
 26 32 58 60 65 66 72 73 76
 26 32 58 60 65 66 72 73 74 75
 26 32 58 60 65 66 70 71 76
 26 32 58 60 65 66 70 71 74 75
 26 32 58 60 62 76
 26 32 58 60 62 74 75
 26 32 51 58 60
 26 32 49 58
 26 32 49 58 74
 26 32 49 58 72
 26 32 49 58 72 73
 26 32 49 58 70 71
 26 32 49 58 60
 26 32 49 58 60 74
 26 32 49 58 60 72
 26 32 49 58 60 72 73
 26 32 49 58 60 70 71
 26 32 49 58 60 67 74
 26 32 49 58 60 67 72
 26 32 49 58 60 67 72 73
 26 32 49 58 60 67 70 71
 26 32 49 58 60 65 66 74
 26 32 49 58 60 65 66 72
 26 32 49 58 60 65 66 72 73
 26 32 49 58 60 65 66 70 71
 26 32 49 58 60 62
 26 32 47 58 76
 26 32 47 58 74 75
 26 32 47 58 60 76
 26 32 47 58 60 74 75
 26 32 47 58 60 67 76
 26 32 47 58 60 67 74 75
 26 32 47 58 60 65 66 76
 26 32 47 58 60 65 66 74 75
 26 32 47 49 58
 26 32 47 49 58 60
 26 32 47 49 58 60 67
 26 32 47 49 58 60 65 66
 26 32 45 58 76
 26 32 45 58 74 75
 26 32 45 58 60 76
 26 32 45 58 60 74 75
 26 32 45 58 60 67 76
 26 32 45 58 60 67 74 75
 26 32 45 58 60 65 66 76
 26 32 45 58 60 65 66 74 75
 26 32 45 49 58
 26 32 45 49 58 60
 26 32 45 49 58 60 67
 26 32 45 49 58 60 65 66
 26 32 44 58 60
 26 32 44 58 60 76
 26 32 44 58 60 74 75
 26 32 44 58 60 67
 26 32 44 58 60 65
 26 32 44 58 60 65 66
 26 32 44 49 58 60
 26 32 42 58 60
 26 32 42 43 58 60
 26 32 42 43 58 60 76
 26 32 42 43 58 60 74 75
 26 32 42 43 58 60 67
 26 32 42 43 58 60 65
 26 32 42 43 58 60 65 66
 26 32 42 43 49 58 60
 26 32 40 58 60 74 76
 26 32 40 58 60 74 75
 26 32 40 58 60 72 76
 26 32 40 58 60 72 74 75
 26 32 40 58 60 72 73 76
 26 32 40 58 60 72 73 74 75
 26 32 40 58 60 70 71 76
 26 32 40 58 60 70 71 74 75
 26 32 40 49 58 60 74
 26 32 40 49 58 60 72
 26 32 40 49 58 60 72 73
 26 32 40 49 58 60 70 71
 26 32 40 47 58 60 76
 26 32 40 47 58 60 74 75
 26 32 40 47 49 58 60
 26 32 40 45 58 60 76
 26 32 40 45 58 60 74 75
 26 32 40 45 49 58 60
 26 32 40 44 58 60
 26 32 40 42 43 58 60
 25 26 48 58 63 64 72 74
 25 26 48 58 63 64 72 73
 25 26 48 58 63 64 70 71 74
 25 26 48 58 63 64 70 71 72 73
 25 26 48 58 63 64 67 72 74
 25 26 48 58 63 64 67 72 73
 25 26 48 58 63 64 67 70 71 74
 25 26 48 58 63 64 67 70 71 72 73
 25 26 48 58 63 64 65 72 74
 25 26 48 58 63 64 65 72 73
 25 26 48 58 63 64 65 70 71 74
 25 26 48 58 63 64 65 70 71 72 73
 25 26 48 58 63 64 65 66 72 74
 25 26 48 58 63 64 65 66 72 73
 25 26 48 58 63 64 65 66 70 71 74
 25 26 48 58 63 64 65 66 70 71 72 73
 25 26 48 58 61 62 64 72 74
 25 26 48 58 61 62 64 72 73
 25 26 48 58 61 62 64 70 71 74
 25 26 48 58 61 62 64 70 71 72 73
 25 26 48 58 61 62 64 67 72 74
 25 26 48 58 61 62 64 67 72 73
 25 26 48 58 61 62 64 67 70 71 74
 25 26 48 58 61 62 64 67 70 71 72 73
 25 26 48 58 61 62 64 65 72 74
 25 26 48 58 61 62 64 65 72 73
 25 26 48 58 61 62 64 65 70 71 74
 25 26 48 58 61 62 64 65 70 71 72 73
 25 26 48 58 61 62 64 65 66 72 74
 25 26 48 58 61 62 64 65 66 72 73
 25 26 48 58 61 62 64 65 66 70 71 74
 25 26 48 58 61 62 64 65 66 70 71 72 73
 25 26 47 48 58 63 64 72
 25 26 47 48 58 63 64 70 71
 25 26 47 48 58 63 64 67 72
 25 26 47 48 58 63 64 67 70 71
 25 26 47 48 58 63 64 65 72
 25 26 47 48 58 63 64 65 70 71
 25 26 47 48 58 63 64 65 66 72
 25 26 47 48 58 63 64 65 66 70 71
 25 26 47 48 58 61 62 64 72
 25 26 47 48 58 61 62 64 70 71
 25 26 47 48 58 61 62 64 67 72
 25 26 47 48 58 61 62 64 67 70 71
 25 26 47 48 58 61 62 64 65 72
 25 26 47 48 58 61 62 64 65 70 71
 25 26 47 48 58 61 62 64 65 66 72
 25 26 47 48 58 61 62 64 65 66 70 71
 25 26 46 47 58 63 64 72
 25 26 46 47 58 63 64 72 74
 25 26 46 47 58 63 64 72 73
 25 26 46 47 58 63 64 70 71
 25 26 46 47 58 63 64 70 71 74
 25 26 46 47 58 63 64 70 71 72 73
 25 26 46 47 58 63 64 67 72
 25 26 46 47 58 63 64 67 72 74
 25 26 46 47 58 63 64 67 72 73
 25 26 46 47 58 63 64 67 70 71
 25 26 46 47 58 63 64 67 70 71 74
 25 26 46 47 58 63 64 67 70 71 72 73
 25 26 46 47 58 63 64 65 72
 25 26 46 47 58 63 64 65 72 74
 25 26 46 47 58 63 64 65 72 73
 25 26 46 47 58 63 64 65 70 71
 25 26 46 47 58 63 64 65 70 71 74
 25 26 46 47 58 63 64 65 70 71 72 73
 25 26 46 47 58 63 64 65 66 72
 25 26 46 47 58 63 64 65 66 72 74
 25 26 46 47 58 63 64 65 66 72 73
 25 26 46 47 58 63 64 65 66 70 71
 25 26 46 47 58 63 64 65 66 70 71 74
 25 26 46 47 58 63 64 65 66 70 71 72 73
 25 26 46 47 58 61 62 64 72
 25 26 46 47 58 61 62 64 72 74
 25 26 46 47 58 61 62 64 72 73
 25 26 46 47 58 61 62 64 70 71
 25 26 46 47 58 61 62 64 70 71 74
 25 26 46 47 58 61 62 64 70 71 72 73
 25 26 46 47 58 61 62 64 67 72
 25 26 46 47 58 61 62 64 67 72 74
 25 26 46 47 58 61 62 64 67 72 73
 25 26 46 47 58 61 62 64 67 70 71
 25 26 46 47 58 61 62 64 67 70 71 74
 25 26 46 47 58 61 62 64 67 70 71 72 73
 25 26 46 47 58 61 62 64 65 72
 25 26 46 47 58 61 62 64 65 72 74
 25 26 46 47 58 61 62 64 65 72 73
 25 26 46 47 58 61 62 64 65 70 71
 25 26 46 47 58 61 62 64 65 70 71 74
 25 26 46 47 58 61 62 64 65 70 71 72 73
 25 26 46 47 58 61 62 64 65 66 72
 25 26 46 47 58 61 62 64 65 66 72 74
 25 26 46 47 58 61 62 64 65 66 72 73
 25 26 46 47 58 61 62 64 65 66 70 71
 25 26 46 47 58 61 62 64 65 66 70 71 74
 25 26 46 47 58 61 62 64 65 66 70 71 72 73
 25 26 45 48 58 63 64 74
 25 26 45 48 58 63 64 72 73
 25 26 45 48 58 63 64 67 74
 25 26 45 48 58 63 64 67 72 73
 25 26 45 48 58 63 64 65 74
 25 26 45 48 58 63 64 65 72 73
 25 26 45 48 58 63 64 65 66 74
 25 26 45 48 58 63 64 65 66 72 73
 25 26 45 48 58 61 62 64 74
 25 26 45 48 58 61 62 64 72 73
 25 26 45 48 58 61 62 64 67 74
 25 26 45 48 58 61 62 64 67 72 73
 25 26 45 48 58 61 62 64 65 74
 25 26 45 48 58 61 62 64 65 72 73
 25 26 45 48 58 61 62 64 65 66 74
 25 26 45 48 58 61 62 64 65 66 72 73
 25 26 45 47 48 58 63 64
 25 26 45 47 48 58 63 64 67
 25 26 45 47 48 58 63 64 65
 25 26 45 47 48 58 63 64 65 66
 25 26 45 47 48 58 61 62 64
 25 26 45 47 48 58 61 62 64 67
 25 26 45 47 48 58 61 62 64 65
 25 26 45 47 48 58 61 62 64 65 66
 25 26 45 46 47 58 63 64
 25 26 45 46 47 58 63 64 74
 25 26 45 46 47 58 63 64 72 73
 25 26 45 46 47 58 63 64 67
 25 26 45 46 47 58 63 64 67 74
 25 26 45 46 47 58 63 64 67 72 73
 25 26 45 46 47 58 63 64 65
 25 26 45 46 47 58 63 64 65 74
 25 26 45 46 47 58 63 64 65 72 73
 25 26 45 46 47 58 63 64 65 66
 25 26 45 46 47 58 63 64 65 66 74
 25 26 45 46 47 58 63 64 65 66 72 73
 25 26 45 46 47 58 61 62 64
 25 26 45 46 47 58 61 62 64 74
 25 26 45 46 47 58 61 62 64 72 73
 25 26 45 46 47 58 61 62 64 67
 25 26 45 46 47 58 61 62 64 67 74
 25 26 45 46 47 58 61 62 64 67 72 73
 25 26 45 46 47 58 61 62 64 65
 25 26 45 46 47 58 61 62 64 65 74
 25 26 45 46 47 58 61 62 64 65 72 73
 25 26 45 46 47 58 61 62 64 65 66
 25 26 45 46 47 58 61 62 64 65 66 74
 25 26 45 46 47 58 61 62 64 65 66 72 73
 25 26 40 48 58 63 64 72 74
 25 26 40 48 58 63 64 72 73
 25 26 40 48 58 63 64 70 71 74
 25 26 40 48 58 63 64 70 71 72 73
 25 26 40 48 58 61 62 64 72 74
 25 26 40 48 58 61 62 64 72 73
 25 26 40 48 58 61 62 64 70 71 74
 25 26 40 48 58 61 62 64 70 71 72 73
 25 26 40 47 48 58 63 64 72
 25 26 40 47 48 58 63 64 70 71
 25 26 40 47 48 58 61 62 64 72
 25 26 40 47 48 58 61 62 64 70 71
 25 26 40 46 47 58 63 64 72
 25 26 40 46 47 58 63 64 72 74
 25 26 40 46 47 58 63 64 72 73
 25 26 40 46 47 58 63 64 70 71
 25 26 40 46 47 58 63 64 70 71 74
 25 26 40 46 47 58 63 64 70 71 72 73
 25 26 40 46 47 58 61 62 64 72
 25 26 40 46 47 58 61 62 64 72 74
 25 26 40 46 47 58 61 62 64 72 73
 25 26 40 46 47 58 61 62 64 70 71
 25 26 40 46 47 58 61 62 64 70 71 74
 25 26 40 46 47 58 61 62 64 70 71 72 73
 25 26 40 45 48 58 63 64 74
 25 26 40 45 48 58 63 64 72 73
 25 26 40 45 48 58 61 62 64 74
 25 26 40 45 48 58 61 62 64 72 73
 25 26 40 45 47 48 58 63 64
 25 26 40 45 47 48 58 61 62 64
 25 26 40 45 46 47 58 63 64
 25 26 40 45 46 47 58 63 64 74
 25 26 40 45 46 47 58 63 64 72 73
 25 26 40 45 46 47 58 61 62 64
 25 26 40 45 46 47 58 61 62 64 74
 25 26 40 45 46 47 58 61 62 64 72 73
 25 26 36 48 58 64 72 74
 25 26 36 48 58 64 72 73
 25 26 36 48 58 64 70 71 74
 25 26 36 48 58 64 70 71 72 73
 25 26 36 48 58 64 67 72 74
 25 26 36 48 58 64 67 72 73
 25 26 36 48 58 64 67 70 71 74
 25 26 36 48 58 64 67 70 71 72 73
 25 26 36 48 58 64 65 72 74
 25 26 36 48 58 64 65 72 73
 25 26 36 48 58 64 65 70 71 74
 25 26 36 48 58 64 65 70 71 72 73
 25 26 36 48 58 64 65 66 72 74
 25 26 36 48 58 64 65 66 72 73
 25 26 36 48 58 64 65 66 70 71 74
 25 26 36 48 58 64 65 66 70 71 72 73
 25 26 36 47 48 58 64 72
 25 26 36 47 48 58 64 70 71
 25 26 36 47 48 58 64 67 72
 25 26 36 47 48 58 64 67 70 71
 25 26 36 47 48 58 64 65 72
 25 26 36 47 48 58 64 65 70 71
 25 26 36 47 48 58 64 65 66 72
 25 26 36 47 48 58 64 65 66 70 71
 25 26 36 46 47 58 64 72
 25 26 36 46 47 58 64 72 74
 25 26 36 46 47 58 64 72 73
 25 26 36 46 47 58 64 70 71
 25 26 36 46 47 58 64 70 71 74
 25 26 36 46 47 58 64 70 71 72 73
 25 26 36 46 47 58 64 67 72
 25 26 36 46 47 58 64 67 72 74
 25 26 36 46 47 58 64 67 72 73
 25 26 36 46 47 58 64 67 70 71
 25 26 36 46 47 58 64 67 70 71 74
 25 26 36 46 47 58 64 67 70 71 72 73
 25 26 36 46 47 58 64 65 72
 25 26 36 46 47 58 64 65 72 74
 25 26 36 46 47 58 64 65 72 73
 25 26 36 46 47 58 64 65 70 71
 25 26 36 46 47 58 64 65 70 71 74
 25 26 36 46 47 58 64 65 70 71 72 73
 25 26 36 46 47 58 64 65 66 72
 25 26 36 46 47 58 64 65 66 72 74
 25 26 36 46 47 58 64 65 66 72 73
 25 26 36 46 47 58 64 65 66 70 71
 25 26 36 46 47 58 64 65 66 70 71 74
 25 26 36 46 47 58 64 65 66 70 71 72 73
 25 26 36 45 48 58 64 74
 25 26 36 45 48 58 64 72 73
 25 26 36 45 48 58 64 67 74
 25 26 36 45 48 58 64 67 72 73
 25 26 36 45 48 58 64 65 74
 25 26 36 45 48 58 64 65 72 73
 25 26 36 45 48 58 64 65 66 74
 25 26 36 45 48 58 64 65 66 72 73
 25 26 36 45 47 48 58 64
 25 26 36 45 47 48 58 64 67
 25 26 36 45 47 48 58 64 65
 25 26 36 45 47 48 58 64 65 66
 25 26 36 45 46 47 58 64
 25 26 36 45 46 47 58 64 74
 25 26 36 45 46 47 58 64 72 73
 25 26 36 45 46 47 58 64 67
 25 26 36 45 46 47 58 64 67 74
 25 26 36 45 46 47 58 64 67 72 73
 25 26 36 45 46 47 58 64 65
 25 26 36 45 46 47 58 64 65 74
 25 26 36 45 46 47 58 64 65 72 73
 25 26 36 45 46 47 58 64 65 66
 25 26 36 45 46 47 58 64 65 66 74
 25 26 36 45 46 47 58 64 65 66 72 73
 25 26 36 40 48 58 64 72 74
 25 26 36 40 48 58 64 72 73
 25 26 36 40 48 58 64 70 71 74
 25 26 36 40 48 58 64 70 71 72 73
 25 26 36 40 47 48 58 64 72
 25 26 36 40 47 48 58 64 70 71
 25 26 36 40 46 47 58 64 72
 25 26 36 40 46 47 58 64 72 74
 25 26 36 40 46 47 58 64 72 73
 25 26 36 40 46 47 58 64 70 71
 25 26 36 40 46 47 58 64 70 71 74
 25 26 36 40 46 47 58 64 70 71 72 73
 25 26 36 40 45 48 58 64 74
 25 26 36 40 45 48 58 64 72 73
 25 26 36 40 45 47 48 58 64
 25 26 36 40 45 46 47 58 64
 25 26 36 40 45 46 47 58 64 74
 25 26 36 40 45 46 47 58 64 72 73
 24 25 58 60 63 76
 24 25 58 60 63 74 75
 24 25 58 60 61 62 76
 24 25 58 60 61 62 74 75
 24 25 58 59 76
 24 25 58 59 74 76
 24 25 58 59 72 76
 24 25 58 59 72 74 75
 24 25 58 59 72 73 76
 24 25 58 59 72 73 74 75
 24 25 58 59 70 71 76
 24 25 58 59 70 71 74 75
 24 25 58 59 60 78
 24 25 58 59 60 76
 24 25 58 59 60 76 77
 24 25 58 59 60 74 76
 24 25 58 59 60 72 76
 24 25 58 59 60 72 74 75
 24 25 58 59 60 72 73 76
 24 25 58 59 60 72 73 74 75
 24 25 58 59 60 70 71 76
 24 25 58 59 60 70 71 74 75
 24 25 58 59 60 68
 24 25 58 59 60 67 74 76
 24 25 58 59 60 67 74 75
 24 25 58 59 60 67 72 76
 24 25 58 59 60 67 72 74 75
 24 25 58 59 60 67 72 73 76
 24 25 58 59 60 67 72 73 74 75
 24 25 58 59 60 67 70 71 76
 24 25 58 59 60 67 70 71 74 75
 24 25 58 59 60 67 68
 24 25 58 59 60 65 66 74 76
 24 25 58 59 60 65 66 74 75
 24 25 58 59 60 65 66 72 76
 24 25 58 59 60 65 66 72 74 75
 24 25 58 59 60 65 66 72 73 76
 24 25 58 59 60 65 66 72 73 74 75
 24 25 58 59 60 65 66 70 71 76
 24 25 58 59 60 65 66 70 71 74 75
 24 25 58 59 60 62 76
 24 25 58 59 60 62 74 75
 24 25 57 58 76
 24 25 57 58 74 76
 24 25 57 58 72 76
 24 25 57 58 72 74 75
 24 25 57 58 72 73 76
 24 25 57 58 72 73 74 75
 24 25 57 58 70 71 76
 24 25 57 58 70 71 74 75
 24 25 57 58 60 78
 24 25 57 58 60 76
 24 25 57 58 60 76 77
 24 25 57 58 60 74 76
 24 25 57 58 60 72 76
 24 25 57 58 60 72 74 75
 24 25 57 58 60 72 73 76
 24 25 57 58 60 72 73 74 75
 24 25 57 58 60 70 71 76
 24 25 57 58 60 70 71 74 75
 24 25 57 58 60 68
 24 25 57 58 60 67 74 76
 24 25 57 58 60 67 74 75
 24 25 57 58 60 67 72 76
 24 25 57 58 60 67 72 74 75
 24 25 57 58 60 67 72 73 76
 24 25 57 58 60 67 72 73 74 75
 24 25 57 58 60 67 70 71 76
 24 25 57 58 60 67 70 71 74 75
 24 25 57 58 60 67 68
 24 25 57 58 60 65 66 74 76
 24 25 57 58 60 65 66 74 75
 24 25 57 58 60 65 66 72 76
 24 25 57 58 60 65 66 72 74 75
 24 25 57 58 60 65 66 72 73 76
 24 25 57 58 60 65 66 72 73 74 75
 24 25 57 58 60 65 66 70 71 76
 24 25 57 58 60 65 66 70 71 74 75
 24 25 57 58 60 62 76
 24 25 57 58 60 62 74 75
 24 25 51 58 59 60
 24 25 51 57 58 60
 24 25 49 58 60 63
 24 25 49 58 60 61 62
 24 25 49 58 59
 24 25 49 58 59 74
 24 25 49 58 59 72
 24 25 49 58 59 72 73
 24 25 49 58 59 70 71
 24 25 49 58 59 60
 24 25 49 58 59 60 74
 24 25 49 58 59 60 72
 24 25 49 58 59 60 72 73
 24 25 49 58 59 60 70 71
 24 25 49 58 59 60 67 74
 24 25 49 58 59 60 67 72
 24 25 49 58 59 60 67 72 73
 24 25 49 58 59 60 67 70 71
 24 25 49 58 59 60 65 66 74
 24 25 49 58 59 60 65 66 72
 24 25 49 58 59 60 65 66 72 73
 24 25 49 58 59 60 65 66 70 71
 24 25 49 58 59 60 62
 24 25 49 57 58
 24 25 49 57 58 74
 24 25 49 57 58 72
 24 25 49 57 58 72 73
 24 25 49 57 58 70 71
 24 25 49 57 58 60
 24 25 49 57 58 60 74
 24 25 49 57 58 60 72
 24 25 49 57 58 60 72 73
 24 25 49 57 58 60 70 71
 24 25 49 57 58 60 67 74
 24 25 49 57 58 60 67 72
 24 25 49 57 58 60 67 72 73
 24 25 49 57 58 60 67 70 71
 24 25 49 57 58 60 65 66 74
 24 25 49 57 58 60 65 66 72
 24 25 49 57 58 60 65 66 72 73
 24 25 49 57 58 60 65 66 70 71
 24 25 49 57 58 60 62
 24 25 47 58 59 76
 24 25 47 58 59 74 75
 24 25 47 58 59 60 76
 24 25 47 58 59 60 74 75
 24 25 47 58 59 60 67 76
 24 25 47 58 59 60 67 74 75
 24 25 47 58 59 60 65 66 76
 24 25 47 58 59 60 65 66 74 75
 24 25 47 57 58 76
 24 25 47 57 58 74 75
 24 25 47 57 58 60 76
 24 25 47 57 58 60 74 75
 24 25 47 57 58 60 67 76
 24 25 47 57 58 60 67 74 75
 24 25 47 57 58 60 65 66 76
 24 25 47 57 58 60 65 66 74 75
 24 25 47 49 58 59
 24 25 47 49 58 59 60
 24 25 47 49 58 59 60 67
 24 25 47 49 58 59 60 65 66
 24 25 47 49 57 58
 24 25 47 49 57 58 60
 24 25 47 49 57 58 60 67
 24 25 47 49 57 58 60 65 66
 24 25 45 58 59 76
 24 25 45 58 59 74 75
 24 25 45 58 59 60 76
 24 25 45 58 59 60 74 75
 24 25 45 58 59 60 67 76
 24 25 45 58 59 60 67 74 75
 24 25 45 58 59 60 65 66 76
 24 25 45 58 59 60 65 66 74 75
 24 25 45 57 58 76
 24 25 45 57 58 74 75
 24 25 45 57 58 60 76
 24 25 45 57 58 60 74 75
 24 25 45 57 58 60 67 76
 24 25 45 57 58 60 67 74 75
 24 25 45 57 58 60 65 66 76
 24 25 45 57 58 60 65 66 74 75
 24 25 45 49 58 59
 24 25 45 49 58 59 60
 24 25 45 49 58 59 60 67
 24 25 45 49 58 59 60 65 66
 24 25 45 49 57 58
 24 25 45 49 57 58 60
 24 25 45 49 57 58 60 67
 24 25 45 49 57 58 60 65 66
 24 25 44 58 59 60
 24 25 44 58 59 60 76
 24 25 44 58 59 60 74 75
 24 25 44 58 59 60 67
 24 25 44 58 59 60 65
 24 25 44 58 59 60 65 66
 24 25 44 57 58 60
 24 25 44 57 58 60 76
 24 25 44 57 58 60 74 75
 24 25 44 57 58 60 67
 24 25 44 57 58 60 65
 24 25 44 57 58 60 65 66
 24 25 44 49 58 59 60
 24 25 44 49 57 58 60
 24 25 42 58 59 60
 24 25 42 57 58 60
 24 25 42 43 58 59 60
 24 25 42 43 58 59 60 76
 24 25 42 43 58 59 60 74 75
 24 25 42 43 58 59 60 67
 24 25 42 43 58 59 60 65
 24 25 42 43 58 59 60 65 66
 24 25 42 43 57 58 60
 24 25 42 43 57 58 60 76
 24 25 42 43 57 58 60 74 75
 24 25 42 43 57 58 60 67
 24 25 42 43 57 58 60 65
 24 25 42 43 57 58 60 65 66
 24 25 42 43 49 58 59 60
 24 25 42 43 49 57 58 60
 24 25 40 58 59 60 74 76
 24 25 40 58 59 60 74 75
 24 25 40 58 59 60 72 76
 24 25 40 58 59 60 72 74 75
 24 25 40 58 59 60 72 73 76
 24 25 40 58 59 60 72 73 74 75
 24 25 40 58 59 60 70 71 76
 24 25 40 58 59 60 70 71 74 75
 24 25 40 57 58 60 74 76
 24 25 40 57 58 60 74 75
 24 25 40 57 58 60 72 76
 24 25 40 57 58 60 72 74 75
 24 25 40 57 58 60 72 73 76
 24 25 40 57 58 60 72 73 74 75
 24 25 40 57 58 60 70 71 76
 24 25 40 57 58 60 70 71 74 75
 24 25 40 49 58 59 60 74
 24 25 40 49 58 59 60 72
 24 25 40 49 58 59 60 72 73
 24 25 40 49 58 59 60 70 71
 24 25 40 49 57 58 60 74
 24 25 40 49 57 58 60 72
 24 25 40 49 57 58 60 72 73
 24 25 40 49 57 58 60 70 71
 24 25 40 47 58 59 60 76
 24 25 40 47 58 59 60 74 75
 24 25 40 47 57 58 60 76
 24 25 40 47 57 58 60 74 75
 24 25 40 47 49 58 59 60
 24 25 40 47 49 57 58 60
 24 25 40 45 58 59 60 76
 24 25 40 45 58 59 60 74 75
 24 25 40 45 57 58 60 76
 24 25 40 45 57 58 60 74 75
 24 25 40 45 49 58 59 60
 24 25 40 45 49 57 58 60
 24 25 40 44 58 59 60
 24 25 40 44 57 58 60
 24 25 40 42 43 58 59 60
 24 25 40 42 43 57 58 60
 24 25 36 58 60 76
 24 25 36 58 60 74 75
 24 25 36 49 58 60
 24 25 32 58 76
 24 25 32 58 74 76
 24 25 32 58 72 76
 24 25 32 58 72 74 75
 24 25 32 58 72 73 76
 24 25 32 58 72 73 74 75
 24 25 32 58 70 71 76
 24 25 32 58 70 71 74 75
 24 25 32 58 60 78
 24 25 32 58 60 76
 24 25 32 58 60 76 77
 24 25 32 58 60 74 76
 24 25 32 58 60 72 76
 24 25 32 58 60 72 74 75
 24 25 32 58 60 72 73 76
 24 25 32 58 60 72 73 74 75
 24 25 32 58 60 70 71 76
 24 25 32 58 60 70 71 74 75
 24 25 32 58 60 68
 24 25 32 58 60 67 74 76
 24 25 32 58 60 67 74 75
 24 25 32 58 60 67 72 76
 24 25 32 58 60 67 72 74 75
 24 25 32 58 60 67 72 73 76
 24 25 32 58 60 67 72 73 74 75
 24 25 32 58 60 67 70 71 76
 24 25 32 58 60 67 70 71 74 75
 24 25 32 58 60 67 68
 24 25 32 58 60 65 66 74 76
 24 25 32 58 60 65 66 74 75
 24 25 32 58 60 65 66 72 76
 24 25 32 58 60 65 66 72 74 75
 24 25 32 58 60 65 66 72 73 76
 24 25 32 58 60 65 66 72 73 74 75
 24 25 32 58 60 65 66 70 71 76
 24 25 32 58 60 65 66 70 71 74 75
 24 25 32 58 60 62 76
 24 25 32 58 60 62 74 75
 24 25 32 51 58 60
 24 25 32 49 58
 24 25 32 49 58 74
 24 25 32 49 58 72
 24 25 32 49 58 72 73
 24 25 32 49 58 70 71
 24 25 32 49 58 60
 24 25 32 49 58 60 74
 24 25 32 49 58 60 72
 24 25 32 49 58 60 72 73
 24 25 32 49 58 60 70 71
 24 25 32 49 58 60 67 74
 24 25 32 49 58 60 67 72
 24 25 32 49 58 60 67 72 73
 24 25 32 49 58 60 67 70 71
 24 25 32 49 58 60 65 66 74
 24 25 32 49 58 60 65 66 72
 24 25 32 49 58 60 65 66 72 73
 24 25 32 49 58 60 65 66 70 71
 24 25 32 49 58 60 62
 24 25 32 47 58 76
 24 25 32 47 58 74 75
 24 25 32 47 58 60 76
 24 25 32 47 58 60 74 75
 24 25 32 47 58 60 67 76
 24 25 32 47 58 60 67 74 75
 24 25 32 47 58 60 65 66 76
 24 25 32 47 58 60 65 66 74 75
 24 25 32 47 49 58
 24 25 32 47 49 58 60
 24 25 32 47 49 58 60 67
 24 25 32 47 49 58 60 65 66
 24 25 32 45 58 76
 24 25 32 45 58 74 75
 24 25 32 45 58 60 76
 24 25 32 45 58 60 74 75
 24 25 32 45 58 60 67 76
 24 25 32 45 58 60 67 74 75
 24 25 32 45 58 60 65 66 76
 24 25 32 45 58 60 65 66 74 75
 24 25 32 45 49 58
 24 25 32 45 49 58 60
 24 25 32 45 49 58 60 67
 24 25 32 45 49 58 60 65 66
 24 25 32 44 58 60
 24 25 32 44 58 60 76
 24 25 32 44 58 60 74 75
 24 25 32 44 58 60 67
 24 25 32 44 58 60 65
 24 25 32 44 58 60 65 66
 24 25 32 44 49 58 60
 24 25 32 42 58 60
 24 25 32 42 43 58 60
 24 25 32 42 43 58 60 76
 24 25 32 42 43 58 60 74 75
 24 25 32 42 43 58 60 67
 24 25 32 42 43 58 60 65
 24 25 32 42 43 58 60 65 66
 24 25 32 42 43 49 58 60
 24 25 32 40 58 60 74 76
 24 25 32 40 58 60 74 75
 24 25 32 40 58 60 72 76
 24 25 32 40 58 60 72 74 75
 24 25 32 40 58 60 72 73 76
 24 25 32 40 58 60 72 73 74 75
 24 25 32 40 58 60 70 71 76
 24 25 32 40 58 60 70 71 74 75
 24 25 32 40 49 58 60 74
 24 25 32 40 49 58 60 72
 24 25 32 40 49 58 60 72 73
 24 25 32 40 49 58 60 70 71
 24 25 32 40 47 58 60 76
 24 25 32 40 47 58 60 74 75
 24 25 32 40 47 49 58 60
 24 25 32 40 45 58 60 76
 24 25 32 40 45 58 60 74 75
 24 25 32 40 45 49 58 60
 24 25 32 40 44 58 60
 24 25 32 40 42 43 58 60
 21 58 63 64 72 74 76
 21 58 63 64 72 74 75
 21 58 63 64 72 73 76
 21 58 63 64 72 73 74 75
 21 58 63 64 70 71 74 76
 21 58 63 64 70 71 74 75
 21 58 63 64 70 71 72 73 76
 21 58 63 64 70 71 72 73 74 75
 21 58 61 62 64 72 74 76
 21 58 61 62 64 72 74 75
 21 58 61 62 64 72 73 76
 21 58 61 62 64 72 73 74 75
 21 58 61 62 64 70 71 74 76
 21 58 61 62 64 70 71 74 75
 21 58 61 62 64 70 71 72 73 76
 21 58 61 62 64 70 71 72 73 74 75
 21 49 58 63 64 72 74
 21 49 58 63 64 72 73
 21 49 58 63 64 70 71 74
 21 49 58 63 64 70 71 72 73
 21 49 58 61 62 64 72 74
 21 49 58 61 62 64 72 73
 21 49 58 61 62 64 70 71 74
 21 49 58 61 62 64 70 71 72 73
 21 47 58 63 64 72 76
 21 47 58 63 64 72 74 75
 21 47 58 63 64 70 71 76
 21 47 58 63 64 70 71 74 75
 21 47 58 61 62 64 72 76
 21 47 58 61 62 64 72 74 75
 21 47 58 61 62 64 70 71 76
 21 47 58 61 62 64 70 71 74 75
 21 47 49 58 63 64 72
 21 47 49 58 63 64 70 71
 21 47 49 58 61 62 64 72
 21 47 49 58 61 62 64 70 71
 21 45 58 63 64 74 76
 21 45 58 63 64 74 75
 21 45 58 63 64 72 73 76
 21 45 58 63 64 72 73 74 75
 21 45 58 61 62 64 74 76
 21 45 58 61 62 64 74 75
 21 45 58 61 62 64 72 73 76
 21 45 58 61 62 64 72 73 74 75
 21 45 49 58 63 64 74
 21 45 49 58 63 64 72 73
 21 45 49 58 61 62 64 74
 21 45 49 58 61 62 64 72 73
 21 45 47 58 63 64 76
 21 45 47 58 63 64 74 75
 21 45 47 58 61 62 64 76
 21 45 47 58 61 62 64 74 75
 21 45 47 49 58 63 64
 21 45 47 49 58 61 62 64
 21 36 58 64 72 74 76
 21 36 58 64 72 74 75
 21 36 58 64 72 73 76
 21 36 58 64 72 73 74 75
 21 36 58 64 70 71 74 76
 21 36 58 64 70 71 74 75
 21 36 58 64 70 71 72 73 76
 21 36 58 64 70 71 72 73 74 75
 21 36 49 58 64 72 74
 21 36 49 58 64 72 73
 21 36 49 58 64 70 71 74
 21 36 49 58 64 70 71 72 73
 21 36 47 58 64 72 76
 21 36 47 58 64 72 74 75
 21 36 47 58 64 70 71 76
 21 36 47 58 64 70 71 74 75
 21 36 47 49 58 64 72
 21 36 47 49 58 64 70 71
 21 36 45 58 64 74 76
 21 36 45 58 64 74 75
 21 36 45 58 64 72 73 76
 21 36 45 58 64 72 73 74 75
 21 36 45 49 58 64 74
 21 36 45 49 58 64 72 73
 21 36 45 47 58 64 76
 21 36 45 47 58 64 74 75
 21 36 45 47 49 58 64
 21 29 58 64 72 74
 21 29 58 64 72 73
 21 29 58 64 70 71 74
 21 29 58 64 70 71 72 73
 21 29 58 64 67 72 74
 21 29 58 64 67 72 73
 21 29 58 64 67 70 71 74
 21 29 58 64 67 70 71 72 73
 21 29 58 64 65 72 74
 21 29 58 64 65 72 73
 21 29 58 64 65 70 71 74
 21 29 58 64 65 70 71 72 73
 21 29 58 64 65 66 72 74
 21 29 58 64 65 66 72 73
 21 29 58 64 65 66 70 71 74
 21 29 58 64 65 66 70 71 72 73
 21 29 47 58 64 72
 21 29 47 58 64 70 71
 21 29 47 58 64 67 72
 21 29 47 58 64 67 70 71
 21 29 47 58 64 65 72
 21 29 47 58 64 65 70 71
 21 29 47 58 64 65 66 72
 21 29 47 58 64 65 66 70 71
 21 29 45 58 64 74
 21 29 45 58 64 72 73
 21 29 45 58 64 67 74
 21 29 45 58 64 67 72 73
 21 29 45 58 64 65 74
 21 29 45 58 64 65 72 73
 21 29 45 58 64 65 66 74
 21 29 45 58 64 65 66 72 73
 21 29 45 47 58 64
 21 29 45 47 58 64 67
 21 29 45 47 58 64 65
 21 29 45 47 58 64 65 66
 21 29 40 58 64 72 74
 21 29 40 58 64 72 73
 21 29 40 58 64 70 71 74
 21 29 40 58 64 70 71 72 73
 21 29 40 47 58 64 72
 21 29 40 47 58 64 70 71
 21 29 40 45 58 64 74
 21 29 40 45 58 64 72 73
 21 29 40 45 47 58 64
 21 27 58 63 64 72 74
 21 27 58 63 64 72 73
 21 27 58 63 64 70 71 74
 21 27 58 63 64 70 71 72 73
 21 27 58 63 64 67 72 74
 21 27 58 63 64 67 72 73
 21 27 58 63 64 67 70 71 74
 21 27 58 63 64 67 70 71 72 73
 21 27 58 63 64 65 72 74
 21 27 58 63 64 65 72 73
 21 27 58 63 64 65 70 71 74
 21 27 58 63 64 65 70 71 72 73
 21 27 58 63 64 65 66 72 74
 21 27 58 63 64 65 66 72 73
 21 27 58 63 64 65 66 70 71 74
 21 27 58 63 64 65 66 70 71 72 73
 21 27 58 61 62 64 72 74
 21 27 58 61 62 64 72 73
 21 27 58 61 62 64 70 71 74
 21 27 58 61 62 64 70 71 72 73
 21 27 58 61 62 64 67 72 74
 21 27 58 61 62 64 67 72 73
 21 27 58 61 62 64 67 70 71 74
 21 27 58 61 62 64 67 70 71 72 73
 21 27 58 61 62 64 65 72 74
 21 27 58 61 62 64 65 72 73
 21 27 58 61 62 64 65 70 71 74
 21 27 58 61 62 64 65 70 71 72 73
 21 27 58 61 62 64 65 66 72 74
 21 27 58 61 62 64 65 66 72 73
 21 27 58 61 62 64 65 66 70 71 74
 21 27 58 61 62 64 65 66 70 71 72 73
 21 27 47 58 63 64 72
 21 27 47 58 63 64 70 71
 21 27 47 58 63 64 67 72
 21 27 47 58 63 64 67 70 71
 21 27 47 58 63 64 65 72
 21 27 47 58 63 64 65 70 71
 21 27 47 58 63 64 65 66 72
 21 27 47 58 63 64 65 66 70 71
 21 27 47 58 61 62 64 72
 21 27 47 58 61 62 64 70 71
 21 27 47 58 61 62 64 67 72
 21 27 47 58 61 62 64 67 70 71
 21 27 47 58 61 62 64 65 72
 21 27 47 58 61 62 64 65 70 71
 21 27 47 58 61 62 64 65 66 72
 21 27 47 58 61 62 64 65 66 70 71
 21 27 45 58 63 64 74
 21 27 45 58 63 64 72 73
 21 27 45 58 63 64 67 74
 21 27 45 58 63 64 67 72 73
 21 27 45 58 63 64 65 74
 21 27 45 58 63 64 65 72 73
 21 27 45 58 63 64 65 66 74
 21 27 45 58 63 64 65 66 72 73
 21 27 45 58 61 62 64 74
 21 27 45 58 61 62 64 72 73
 21 27 45 58 61 62 64 67 74
 21 27 45 58 61 62 64 67 72 73
 21 27 45 58 61 62 64 65 74
 21 27 45 58 61 62 64 65 72 73
 21 27 45 58 61 62 64 65 66 74
 21 27 45 58 61 62 64 65 66 72 73
 21 27 45 47 58 63 64
 21 27 45 47 58 63 64 67
 21 27 45 47 58 63 64 65
 21 27 45 47 58 63 64 65 66
 21 27 45 47 58 61 62 64
 21 27 45 47 58 61 62 64 67
 21 27 45 47 58 61 62 64 65
 21 27 45 47 58 61 62 64 65 66
 21 27 40 58 63 64 72 74
 21 27 40 58 63 64 72 73
 21 27 40 58 63 64 70 71 74
 21 27 40 58 63 64 70 71 72 73
 21 27 40 58 61 62 64 72 74
 21 27 40 58 61 62 64 72 73
 21 27 40 58 61 62 64 70 71 74
 21 27 40 58 61 62 64 70 71 72 73
 21 27 40 47 58 63 64 72
 21 27 40 47 58 63 64 70 71
 21 27 40 47 58 61 62 64 72
 21 27 40 47 58 61 62 64 70 71
 21 27 40 45 58 63 64 74
 21 27 40 45 58 63 64 72 73
 21 27 40 45 58 61 62 64 74
 21 27 40 45 58 61 62 64 72 73
 21 27 40 45 47 58 63 64
 21 27 40 45 47 58 61 62 64
 21 27 36 58 64 72 74
 21 27 36 58 64 72 73
 21 27 36 58 64 70 71 74
 21 27 36 58 64 70 71 72 73
 21 27 36 58 64 67 72 74
 21 27 36 58 64 67 72 73
 21 27 36 58 64 67 70 71 74
 21 27 36 58 64 67 70 71 72 73
 21 27 36 58 64 65 72 74
 21 27 36 58 64 65 72 73
 21 27 36 58 64 65 70 71 74
 21 27 36 58 64 65 70 71 72 73
 21 27 36 58 64 65 66 72 74
 21 27 36 58 64 65 66 72 73
 21 27 36 58 64 65 66 70 71 74
 21 27 36 58 64 65 66 70 71 72 73
 21 27 36 47 58 64 72
 21 27 36 47 58 64 70 71
 21 27 36 47 58 64 67 72
 21 27 36 47 58 64 67 70 71
 21 27 36 47 58 64 65 72
 21 27 36 47 58 64 65 70 71
 21 27 36 47 58 64 65 66 72
 21 27 36 47 58 64 65 66 70 71
 21 27 36 45 58 64 74
 21 27 36 45 58 64 72 73
 21 27 36 45 58 64 67 74
 21 27 36 45 58 64 67 72 73
 21 27 36 45 58 64 65 74
 21 27 36 45 58 64 65 72 73
 21 27 36 45 58 64 65 66 74
 21 27 36 45 58 64 65 66 72 73
 21 27 36 45 47 58 64
 21 27 36 45 47 58 64 67
 21 27 36 45 47 58 64 65
 21 27 36 45 47 58 64 65 66
 21 27 36 40 58 64 72 74
 21 27 36 40 58 64 72 73
 21 27 36 40 58 64 70 71 74
 21 27 36 40 58 64 70 71 72 73
 21 27 36 40 47 58 64 72
 21 27 36 40 47 58 64 70 71
 21 27 36 40 45 58 64 74
 21 27 36 40 45 58 64 72 73
 21 27 36 40 45 47 58 64
 21 27 28 58 64 72 74
 21 27 28 58 64 72 73
 21 27 28 58 64 70 71 74
 21 27 28 58 64 70 71 72 73
 21 27 28 58 64 67 72 74
 21 27 28 58 64 67 72 73
 21 27 28 58 64 67 70 71 74
 21 27 28 58 64 67 70 71 72 73
 21 27 28 58 64 65 72 74
 21 27 28 58 64 65 72 73
 21 27 28 58 64 65 70 71 74
 21 27 28 58 64 65 70 71 72 73
 21 27 28 58 64 65 66 72 74
 21 27 28 58 64 65 66 72 73
 21 27 28 58 64 65 66 70 71 74
 21 27 28 58 64 65 66 70 71 72 73
 21 27 28 47 58 64 72
 21 27 28 47 58 64 70 71
 21 27 28 47 58 64 67 72
 21 27 28 47 58 64 67 70 71
 21 27 28 47 58 64 65 72
 21 27 28 47 58 64 65 70 71
 21 27 28 47 58 64 65 66 72
 21 27 28 47 58 64 65 66 70 71
 21 27 28 45 58 64 74
 21 27 28 45 58 64 72 73
 21 27 28 45 58 64 67 74
 21 27 28 45 58 64 67 72 73
 21 27 28 45 58 64 65 74
 21 27 28 45 58 64 65 72 73
 21 27 28 45 58 64 65 66 74
 21 27 28 45 58 64 65 66 72 73
 21 27 28 45 47 58 64
 21 27 28 45 47 58 64 67
 21 27 28 45 47 58 64 65
 21 27 28 45 47 58 64 65 66
 21 27 28 40 58 64 72 74
 21 27 28 40 58 64 72 73
 21 27 28 40 58 64 70 71 74
 21 27 28 40 58 64 70 71 72 73
 21 27 28 40 47 58 64 72
 21 27 28 40 47 58 64 70 71
 21 27 28 40 45 58 64 74
 21 27 28 40 45 58 64 72 73
 21 27 28 40 45 47 58 64
 21 25 26 58 63 64 72 74
 21 25 26 58 63 64 72 73
 21 25 26 58 63 64 70 71 74
 21 25 26 58 63 64 70 71 72 73
 21 25 26 58 63 64 67 72 74
 21 25 26 58 63 64 67 72 73
 21 25 26 58 63 64 67 70 71 74
 21 25 26 58 63 64 67 70 71 72 73
 21 25 26 58 63 64 65 72 74
 21 25 26 58 63 64 65 72 73
 21 25 26 58 63 64 65 70 71 74
 21 25 26 58 63 64 65 70 71 72 73
 21 25 26 58 63 64 65 66 72 74
 21 25 26 58 63 64 65 66 72 73
 21 25 26 58 63 64 65 66 70 71 74
 21 25 26 58 63 64 65 66 70 71 72 73
 21 25 26 58 61 62 64 72 74
 21 25 26 58 61 62 64 72 73
 21 25 26 58 61 62 64 70 71 74
 21 25 26 58 61 62 64 70 71 72 73
 21 25 26 58 61 62 64 67 72 74
 21 25 26 58 61 62 64 67 72 73
 21 25 26 58 61 62 64 67 70 71 74
 21 25 26 58 61 62 64 67 70 71 72 73
 21 25 26 58 61 62 64 65 72 74
 21 25 26 58 61 62 64 65 72 73
 21 25 26 58 61 62 64 65 70 71 74
 21 25 26 58 61 62 64 65 70 71 72 73
 21 25 26 58 61 62 64 65 66 72 74
 21 25 26 58 61 62 64 65 66 72 73
 21 25 26 58 61 62 64 65 66 70 71 74
 21 25 26 58 61 62 64 65 66 70 71 72 73
 21 25 26 47 58 63 64 72
 21 25 26 47 58 63 64 70 71
 21 25 26 47 58 63 64 67 72
 21 25 26 47 58 63 64 67 70 71
 21 25 26 47 58 63 64 65 72
 21 25 26 47 58 63 64 65 70 71
 21 25 26 47 58 63 64 65 66 72
 21 25 26 47 58 63 64 65 66 70 71
 21 25 26 47 58 61 62 64 72
 21 25 26 47 58 61 62 64 70 71
 21 25 26 47 58 61 62 64 67 72
 21 25 26 47 58 61 62 64 67 70 71
 21 25 26 47 58 61 62 64 65 72
 21 25 26 47 58 61 62 64 65 70 71
 21 25 26 47 58 61 62 64 65 66 72
 21 25 26 47 58 61 62 64 65 66 70 71
 21 25 26 45 58 63 64 74
 21 25 26 45 58 63 64 72 73
 21 25 26 45 58 63 64 67 74
 21 25 26 45 58 63 64 67 72 73
 21 25 26 45 58 63 64 65 74
 21 25 26 45 58 63 64 65 72 73
 21 25 26 45 58 63 64 65 66 74
 21 25 26 45 58 63 64 65 66 72 73
 21 25 26 45 58 61 62 64 74
 21 25 26 45 58 61 62 64 72 73
 21 25 26 45 58 61 62 64 67 74
 21 25 26 45 58 61 62 64 67 72 73
 21 25 26 45 58 61 62 64 65 74
 21 25 26 45 58 61 62 64 65 72 73
 21 25 26 45 58 61 62 64 65 66 74
 21 25 26 45 58 61 62 64 65 66 72 73
 21 25 26 45 47 58 63 64
 21 25 26 45 47 58 63 64 67
 21 25 26 45 47 58 63 64 65
 21 25 26 45 47 58 63 64 65 66
 21 25 26 45 47 58 61 62 64
 21 25 26 45 47 58 61 62 64 67
 21 25 26 45 47 58 61 62 64 65
 21 25 26 45 47 58 61 62 64 65 66
 21 25 26 40 58 63 64 72 74
 21 25 26 40 58 63 64 72 73
 21 25 26 40 58 63 64 70 71 74
 21 25 26 40 58 63 64 70 71 72 73
 21 25 26 40 58 61 62 64 72 74
 21 25 26 40 58 61 62 64 72 73
 21 25 26 40 58 61 62 64 70 71 74
 21 25 26 40 58 61 62 64 70 71 72 73
 21 25 26 40 47 58 63 64 72
 21 25 26 40 47 58 63 64 70 71
 21 25 26 40 47 58 61 62 64 72
 21 25 26 40 47 58 61 62 64 70 71
 21 25 26 40 45 58 63 64 74
 21 25 26 40 45 58 63 64 72 73
 21 25 26 40 45 58 61 62 64 74
 21 25 26 40 45 58 61 62 64 72 73
 21 25 26 40 45 47 58 63 64
 21 25 26 40 45 47 58 61 62 64
 21 25 26 36 58 64 72 74
 21 25 26 36 58 64 72 73
 21 25 26 36 58 64 70 71 74
 21 25 26 36 58 64 70 71 72 73
 21 25 26 36 58 64 67 72 74
 21 25 26 36 58 64 67 72 73
 21 25 26 36 58 64 67 70 71 74
 21 25 26 36 58 64 67 70 71 72 73
 21 25 26 36 58 64 65 72 74
 21 25 26 36 58 64 65 72 73
 21 25 26 36 58 64 65 70 71 74
 21 25 26 36 58 64 65 70 71 72 73
 21 25 26 36 58 64 65 66 72 74
 21 25 26 36 58 64 65 66 72 73
 21 25 26 36 58 64 65 66 70 71 74
 21 25 26 36 58 64 65 66 70 71 72 73
 21 25 26 36 47 58 64 72
 21 25 26 36 47 58 64 70 71
 21 25 26 36 47 58 64 67 72
 21 25 26 36 47 58 64 67 70 71
 21 25 26 36 47 58 64 65 72
 21 25 26 36 47 58 64 65 70 71
 21 25 26 36 47 58 64 65 66 72
 21 25 26 36 47 58 64 65 66 70 71
 21 25 26 36 45 58 64 74
 21 25 26 36 45 58 64 72 73
 21 25 26 36 45 58 64 67 74
 21 25 26 36 45 58 64 67 72 73
 21 25 26 36 45 58 64 65 74
 21 25 26 36 45 58 64 65 72 73
 21 25 26 36 45 58 64 65 66 74
 21 25 26 36 45 58 64 65 66 72 73
 21 25 26 36 45 47 58 64
 21 25 26 36 45 47 58 64 67
 21 25 26 36 45 47 58 64 65
 21 25 26 36 45 47 58 64 65 66
 21 25 26 36 40 58 64 72 74
 21 25 26 36 40 58 64 72 73
 21 25 26 36 40 58 64 70 71 74
 21 25 26 36 40 58 64 70 71 72 73
 21 25 26 36 40 47 58 64 72
 21 25 26 36 40 47 58 64 70 71
 21 25 26 36 40 45 58 64 74
 21 25 26 36 40 45 58 64 72 73
 21 25 26 36 40 45 47 58 64
 17 58 59 60 68
 17 58 59 60 68 76
 17 58 59 60 68 74 75
 17 58 59 60 67 68
 17 58 59 60 65 68
 17 58 59 60 65 66 68
 17 57 58 60 68
 17 57 58 60 68 76
 17 57 58 60 68 74 75
 17 57 58 60 67 68
 17 57 58 60 65 68
 17 57 58 60 65 66 68
 17 49 58 59 60 68
 17 49 57 58 60 68
 17 40 58 59 60 68
 17 40 57 58 60 68
 17 32 58 60 68
 17 32 58 60 68 76
 17 32 58 60 68 74 75
 17 32 58 60 67 68
 17 32 58 60 65 68
 17 32 58 60 65 66 68
 17 32 49 58 60 68
 17 32 40 58 60 68
 17 26 58 59 60
 17 26 58 59 60 76
 17 26 58 59 60 74 75
 17 26 58 59 60 67
 17 26 58 59 60 65
 17 26 58 59 60 65 66
 17 26 57 58 60
 17 26 57 58 60 76
 17 26 57 58 60 74 75
 17 26 57 58 60 67
 17 26 57 58 60 65
 17 26 57 58 60 65 66
 17 26 49 58 59 60
 17 26 49 57 58 60
 17 26 40 58 59 60
 17 26 40 57 58 60
 17 26 32 58 60
 17 26 32 58 60 76
 17 26 32 58 60 74 75
 17 26 32 58 60 67
 17 26 32 58 60 65
 17 26 32 58 60 65 66
 17 26 32 49 58 60
 17 26 32 40 58 60
 17 24 25 58 59 60
 17 24 25 58 59 60 76
 17 24 25 58 59 60 74 75
 17 24 25 58 59 60 67
 17 24 25 58 59 60 65
 17 24 25 58 59 60 65 66
 17 24 25 57 58 60
 17 24 25 57 58 60 76
 17 24 25 57 58 60 74 75
 17 24 25 57 58 60 67
 17 24 25 57 58 60 65
 17 24 25 57 58 60 65 66
 17 24 25 49 58 59 60
 17 24 25 49 57 58 60
 17 24 25 40 58 59 60
 17 24 25 40 57 58 60
 17 24 25 32 58 60
 17 24 25 32 58 60 76
 17 24 25 32 58 60 74 75
 17 24 25 32 58 60 67
 17 24 25 32 58 60 65
 17 24 25 32 58 60 65 66
 17 24 25 32 49 58 60
 17 24 25 32 40 58 60
 2 58 60 61 76
 2 58 60 61 74 75
 2 58 59 60 76
 2 58 59 60 74 75
 2 49 58 60 61
 2 49 58 59 60
 2 48 58 64 72 74
 2 48 58 64 72 73
 2 48 58 64 70 71 74
 2 48 58 64 70 71 72 73
 2 48 58 64 67 72 74
 2 48 58 64 67 72 73
 2 48 58 64 67 70 71 74
 2 48 58 64 67 70 71 72 73
 2 48 58 64 65 72 74
 2 48 58 64 65 72 73
 2 48 58 64 65 70 71 74
 2 48 58 64 65 70 71 72 73
 2 48 58 64 65 66 72 74
 2 48 58 64 65 66 72 73
 2 48 58 64 65 66 70 71 74
 2 48 58 64 65 66 70 71 72 73
 2 47 48 58 64 72
 2 47 48 58 64 70 71
 2 47 48 58 64 67 72
 2 47 48 58 64 67 70 71
 2 47 48 58 64 65 72
 2 47 48 58 64 65 70 71
 2 47 48 58 64 65 66 72
 2 47 48 58 64 65 66 70 71
 2 46 47 58 64 72
 2 46 47 58 64 72 74
 2 46 47 58 64 72 73
 2 46 47 58 64 70 71
 2 46 47 58 64 70 71 74
 2 46 47 58 64 70 71 72 73
 2 46 47 58 64 67 72
 2 46 47 58 64 67 72 74
 2 46 47 58 64 67 72 73
 2 46 47 58 64 67 70 71
 2 46 47 58 64 67 70 71 74
 2 46 47 58 64 67 70 71 72 73
 2 46 47 58 64 65 72
 2 46 47 58 64 65 72 74
 2 46 47 58 64 65 72 73
 2 46 47 58 64 65 70 71
 2 46 47 58 64 65 70 71 74
 2 46 47 58 64 65 70 71 72 73
 2 46 47 58 64 65 66 72
 2 46 47 58 64 65 66 72 74
 2 46 47 58 64 65 66 72 73
 2 46 47 58 64 65 66 70 71
 2 46 47 58 64 65 66 70 71 74
 2 46 47 58 64 65 66 70 71 72 73
 2 45 48 58 64 74
 2 45 48 58 64 72 73
 2 45 48 58 64 67 74
 2 45 48 58 64 67 72 73
 2 45 48 58 64 65 74
 2 45 48 58 64 65 72 73
 2 45 48 58 64 65 66 74
 2 45 48 58 64 65 66 72 73
 2 45 47 48 58 64
 2 45 47 48 58 64 67
 2 45 47 48 58 64 65
 2 45 47 48 58 64 65 66
 2 45 46 47 58 64
 2 45 46 47 58 64 74
 2 45 46 47 58 64 72 73
 2 45 46 47 58 64 67
 2 45 46 47 58 64 67 74
 2 45 46 47 58 64 67 72 73
 2 45 46 47 58 64 65
 2 45 46 47 58 64 65 74
 2 45 46 47 58 64 65 72 73
 2 45 46 47 58 64 65 66
 2 45 46 47 58 64 65 66 74
 2 45 46 47 58 64 65 66 72 73
 2 40 48 58 64 72 74
 2 40 48 58 64 72 73
 2 40 48 58 64 70 71 74
 2 40 48 58 64 70 71 72 73
 2 40 47 48 58 64 72
 2 40 47 48 58 64 70 71
 2 40 46 47 58 64 72
 2 40 46 47 58 64 72 74
 2 40 46 47 58 64 72 73
 2 40 46 47 58 64 70 71
 2 40 46 47 58 64 70 71 74
 2 40 46 47 58 64 70 71 72 73
 2 40 45 48 58 64 74
 2 40 45 48 58 64 72 73
 2 40 45 47 48 58 64
 2 40 45 46 47 58 64
 2 40 45 46 47 58 64 74
 2 40 45 46 47 58 64 72 73
 2 34 58 60 76
 2 34 58 60 74 75
 2 34 49 58 60
 2 21 58 64 72 74
 2 21 58 64 72 73
 2 21 58 64 70 71 74
 2 21 58 64 70 71 72 73
 2 21 58 64 67 72 74
 2 21 58 64 67 72 73
 2 21 58 64 67 70 71 74
 2 21 58 64 67 70 71 72 73
 2 21 58 64 65 72 74
 2 21 58 64 65 72 73
 2 21 58 64 65 70 71 74
 2 21 58 64 65 70 71 72 73
 2 21 58 64 65 66 72 74
 2 21 58 64 65 66 72 73
 2 21 58 64 65 66 70 71 74
 2 21 58 64 65 66 70 71 72 73
 2 21 47 58 64 72
 2 21 47 58 64 70 71
 2 21 47 58 64 67 72
 2 21 47 58 64 67 70 71
 2 21 47 58 64 65 72
 2 21 47 58 64 65 70 71
 2 21 47 58 64 65 66 72
 2 21 47 58 64 65 66 70 71
 2 21 45 58 64 74
 2 21 45 58 64 72 73
 2 21 45 58 64 67 74
 2 21 45 58 64 67 72 73
 2 21 45 58 64 65 74
 2 21 45 58 64 65 72 73
 2 21 45 58 64 65 66 74
 2 21 45 58 64 65 66 72 73
 2 21 45 47 58 64
 2 21 45 47 58 64 67
 2 21 45 47 58 64 65
 2 21 45 47 58 64 65 66
 2 21 40 58 64 72 74
 2 21 40 58 64 72 73
 2 21 40 58 64 70 71 74
 2 21 40 58 64 70 71 72 73
 2 21 40 47 58 64 72
 2 21 40 47 58 64 70 71
 2 21 40 45 58 64 74
 2 21 40 45 58 64 72 73
 2 21 40 45 47 58 64
 0 58 59 60 68
 0 57 58 60 68
 0 48 58 63 64 72 74
 0 48 58 63 64 72 73
 0 48 58 63 64 70 71 74
 0 48 58 63 64 70 71 72 73
 0 48 58 63 64 67 72 74
 0 48 58 63 64 67 72 73
 0 48 58 63 64 67 70 71 74
 0 48 58 63 64 67 70 71 72 73
 0 48 58 63 64 65 72 74
 0 48 58 63 64 65 72 73
 0 48 58 63 64 65 70 71 74
 0 48 58 63 64 65 70 71 72 73
 0 48 58 63 64 65 66 72 74
 0 48 58 63 64 65 66 72 73
 0 48 58 63 64 65 66 70 71 74
 0 48 58 63 64 65 66 70 71 72 73
 0 48 58 61 62 64 72 74
 0 48 58 61 62 64 72 73
 0 48 58 61 62 64 70 71 74
 0 48 58 61 62 64 70 71 72 73
 0 48 58 61 62 64 67 72 74
 0 48 58 61 62 64 67 72 73
 0 48 58 61 62 64 67 70 71 74
 0 48 58 61 62 64 67 70 71 72 73
 0 48 58 61 62 64 65 72 74
 0 48 58 61 62 64 65 72 73
 0 48 58 61 62 64 65 70 71 74
 0 48 58 61 62 64 65 70 71 72 73
 0 48 58 61 62 64 65 66 72 74
 0 48 58 61 62 64 65 66 72 73
 0 48 58 61 62 64 65 66 70 71 74
 0 48 58 61 62 64 65 66 70 71 72 73
 0 47 48 58 63 64 72
 0 47 48 58 63 64 70 71
 0 47 48 58 63 64 67 72
 0 47 48 58 63 64 67 70 71
 0 47 48 58 63 64 65 72
 0 47 48 58 63 64 65 70 71
 0 47 48 58 63 64 65 66 72
 0 47 48 58 63 64 65 66 70 71
 0 47 48 58 61 62 64 72
 0 47 48 58 61 62 64 70 71
 0 47 48 58 61 62 64 67 72
 0 47 48 58 61 62 64 67 70 71
 0 47 48 58 61 62 64 65 72
 0 47 48 58 61 62 64 65 70 71
 0 47 48 58 61 62 64 65 66 72
 0 47 48 58 61 62 64 65 66 70 71
 0 46 47 58 63 64 72
 0 46 47 58 63 64 72 74
 0 46 47 58 63 64 72 73
 0 46 47 58 63 64 70 71
 0 46 47 58 63 64 70 71 74
 0 46 47 58 63 64 70 71 72 73
 0 46 47 58 63 64 67 72
 0 46 47 58 63 64 67 72 74
 0 46 47 58 63 64 67 72 73
 0 46 47 58 63 64 67 70 71
 0 46 47 58 63 64 67 70 71 74
 0 46 47 58 63 64 67 70 71 72 73
 0 46 47 58 63 64 65 72
 0 46 47 58 63 64 65 72 74
 0 46 47 58 63 64 65 72 73
 0 46 47 58 63 64 65 70 71
 0 46 47 58 63 64 65 70 71 74
 0 46 47 58 63 64 65 70 71 72 73
 0 46 47 58 63 64 65 66 72
 0 46 47 58 63 64 65 66 72 74
 0 46 47 58 63 64 65 66 72 73
 0 46 47 58 63 64 65 66 70 71
 0 46 47 58 63 64 65 66 70 71 74
 0 46 47 58 63 64 65 66 70 71 72 73
 0 46 47 58 61 62 64 72
 0 46 47 58 61 62 64 72 74
 0 46 47 58 61 62 64 72 73
 0 46 47 58 61 62 64 70 71
 0 46 47 58 61 62 64 70 71 74
 0 46 47 58 61 62 64 70 71 72 73
 0 46 47 58 61 62 64 67 72
 0 46 47 58 61 62 64 67 72 74
 0 46 47 58 61 62 64 67 72 73
 0 46 47 58 61 62 64 67 70 71
 0 46 47 58 61 62 64 67 70 71 74
 0 46 47 58 61 62 64 67 70 71 72 73
 0 46 47 58 61 62 64 65 72
 0 46 47 58 61 62 64 65 72 74
 0 46 47 58 61 62 64 65 72 73
 0 46 47 58 61 62 64 65 70 71
 0 46 47 58 61 62 64 65 70 71 74
 0 46 47 58 61 62 64 65 70 71 72 73
 0 46 47 58 61 62 64 65 66 72
 0 46 47 58 61 62 64 65 66 72 74
 0 46 47 58 61 62 64 65 66 72 73
 0 46 47 58 61 62 64 65 66 70 71
 0 46 47 58 61 62 64 65 66 70 71 74
 0 46 47 58 61 62 64 65 66 70 71 72 73
 0 45 48 58 63 64 74
 0 45 48 58 63 64 72 73
 0 45 48 58 63 64 67 74
 0 45 48 58 63 64 67 72 73
 0 45 48 58 63 64 65 74
 0 45 48 58 63 64 65 72 73
 0 45 48 58 63 64 65 66 74
 0 45 48 58 63 64 65 66 72 73
 0 45 48 58 61 62 64 74
 0 45 48 58 61 62 64 72 73
 0 45 48 58 61 62 64 67 74
 0 45 48 58 61 62 64 67 72 73
 0 45 48 58 61 62 64 65 74
 0 45 48 58 61 62 64 65 72 73
 0 45 48 58 61 62 64 65 66 74
 0 45 48 58 61 62 64 65 66 72 73
 0 45 47 48 58 63 64
 0 45 47 48 58 63 64 67
 0 45 47 48 58 63 64 65
 0 45 47 48 58 63 64 65 66
 0 45 47 48 58 61 62 64
 0 45 47 48 58 61 62 64 67
 0 45 47 48 58 61 62 64 65
 0 45 47 48 58 61 62 64 65 66
 0 45 46 47 58 63 64
 0 45 46 47 58 63 64 74
 0 45 46 47 58 63 64 72 73
 0 45 46 47 58 63 64 67
 0 45 46 47 58 63 64 67 74
 0 45 46 47 58 63 64 67 72 73
 0 45 46 47 58 63 64 65
 0 45 46 47 58 63 64 65 74
 0 45 46 47 58 63 64 65 72 73
 0 45 46 47 58 63 64 65 66
 0 45 46 47 58 63 64 65 66 74
 0 45 46 47 58 63 64 65 66 72 73
 0 45 46 47 58 61 62 64
 0 45 46 47 58 61 62 64 74
 0 45 46 47 58 61 62 64 72 73
 0 45 46 47 58 61 62 64 67
 0 45 46 47 58 61 62 64 67 74
 0 45 46 47 58 61 62 64 67 72 73
 0 45 46 47 58 61 62 64 65
 0 45 46 47 58 61 62 64 65 74
 0 45 46 47 58 61 62 64 65 72 73
 0 45 46 47 58 61 62 64 65 66
 0 45 46 47 58 61 62 64 65 66 74
 0 45 46 47 58 61 62 64 65 66 72 73
 0 40 48 58 63 64 72 74
 0 40 48 58 63 64 72 73
 0 40 48 58 63 64 70 71 74
 0 40 48 58 63 64 70 71 72 73
 0 40 48 58 61 62 64 72 74
 0 40 48 58 61 62 64 72 73
 0 40 48 58 61 62 64 70 71 74
 0 40 48 58 61 62 64 70 71 72 73
 0 40 47 48 58 63 64 72
 0 40 47 48 58 63 64 70 71
 0 40 47 48 58 61 62 64 72
 0 40 47 48 58 61 62 64 70 71
 0 40 46 47 58 63 64 72
 0 40 46 47 58 63 64 72 74
 0 40 46 47 58 63 64 72 73
 0 40 46 47 58 63 64 70 71
 0 40 46 47 58 63 64 70 71 74
 0 40 46 47 58 63 64 70 71 72 73
 0 40 46 47 58 61 62 64 72
 0 40 46 47 58 61 62 64 72 74
 0 40 46 47 58 61 62 64 72 73
 0 40 46 47 58 61 62 64 70 71
 0 40 46 47 58 61 62 64 70 71 74
 0 40 46 47 58 61 62 64 70 71 72 73
 0 40 45 48 58 63 64 74
 0 40 45 48 58 63 64 72 73
 0 40 45 48 58 61 62 64 74
 0 40 45 48 58 61 62 64 72 73
 0 40 45 47 48 58 63 64
 0 40 45 47 48 58 61 62 64
 0 40 45 46 47 58 63 64
 0 40 45 46 47 58 63 64 74
 0 40 45 46 47 58 63 64 72 73
 0 40 45 46 47 58 61 62 64
 0 40 45 46 47 58 61 62 64 74
 0 40 45 46 47 58 61 62 64 72 73
 0 36 48 58 64 72 74
 0 36 48 58 64 72 73
 0 36 48 58 64 70 71 74
 0 36 48 58 64 70 71 72 73
 0 36 48 58 64 67 72 74
 0 36 48 58 64 67 72 73
 0 36 48 58 64 67 70 71 74
 0 36 48 58 64 67 70 71 72 73
 0 36 48 58 64 65 72 74
 0 36 48 58 64 65 72 73
 0 36 48 58 64 65 70 71 74
 0 36 48 58 64 65 70 71 72 73
 0 36 48 58 64 65 66 72 74
 0 36 48 58 64 65 66 72 73
 0 36 48 58 64 65 66 70 71 74
 0 36 48 58 64 65 66 70 71 72 73
 0 36 47 48 58 64 72
 0 36 47 48 58 64 70 71
 0 36 47 48 58 64 67 72
 0 36 47 48 58 64 67 70 71
 0 36 47 48 58 64 65 72
 0 36 47 48 58 64 65 70 71
 0 36 47 48 58 64 65 66 72
 0 36 47 48 58 64 65 66 70 71
 0 36 46 47 58 64 72
 0 36 46 47 58 64 72 74
 0 36 46 47 58 64 72 73
 0 36 46 47 58 64 70 71
 0 36 46 47 58 64 70 71 74
 0 36 46 47 58 64 70 71 72 73
 0 36 46 47 58 64 67 72
 0 36 46 47 58 64 67 72 74
 0 36 46 47 58 64 67 72 73
 0 36 46 47 58 64 67 70 71
 0 36 46 47 58 64 67 70 71 74
 0 36 46 47 58 64 67 70 71 72 73
 0 36 46 47 58 64 65 72
 0 36 46 47 58 64 65 72 74
 0 36 46 47 58 64 65 72 73
 0 36 46 47 58 64 65 70 71
 0 36 46 47 58 64 65 70 71 74
 0 36 46 47 58 64 65 70 71 72 73
 0 36 46 47 58 64 65 66 72
 0 36 46 47 58 64 65 66 72 74
 0 36 46 47 58 64 65 66 72 73
 0 36 46 47 58 64 65 66 70 71
 0 36 46 47 58 64 65 66 70 71 74
 0 36 46 47 58 64 65 66 70 71 72 73
 0 36 45 48 58 64 74
 0 36 45 48 58 64 72 73
 0 36 45 48 58 64 67 74
 0 36 45 48 58 64 67 72 73
 0 36 45 48 58 64 65 74
 0 36 45 48 58 64 65 72 73
 0 36 45 48 58 64 65 66 74
 0 36 45 48 58 64 65 66 72 73
 0 36 45 47 48 58 64
 0 36 45 47 48 58 64 67
 0 36 45 47 48 58 64 65
 0 36 45 47 48 58 64 65 66
 0 36 45 46 47 58 64
 0 36 45 46 47 58 64 74
 0 36 45 46 47 58 64 72 73
 0 36 45 46 47 58 64 67
 0 36 45 46 47 58 64 67 74
 0 36 45 46 47 58 64 67 72 73
 0 36 45 46 47 58 64 65
 0 36 45 46 47 58 64 65 74
 0 36 45 46 47 58 64 65 72 73
 0 36 45 46 47 58 64 65 66
 0 36 45 46 47 58 64 65 66 74
 0 36 45 46 47 58 64 65 66 72 73
 0 36 40 48 58 64 72 74
 0 36 40 48 58 64 72 73
 0 36 40 48 58 64 70 71 74
 0 36 40 48 58 64 70 71 72 73
 0 36 40 47 48 58 64 72
 0 36 40 47 48 58 64 70 71
 0 36 40 46 47 58 64 72
 0 36 40 46 47 58 64 72 74
 0 36 40 46 47 58 64 72 73
 0 36 40 46 47 58 64 70 71
 0 36 40 46 47 58 64 70 71 74
 0 36 40 46 47 58 64 70 71 72 73
 0 36 40 45 48 58 64 74
 0 36 40 45 48 58 64 72 73
 0 36 40 45 47 48 58 64
 0 36 40 45 46 47 58 64
 0 36 40 45 46 47 58 64 74
 0 36 40 45 46 47 58 64 72 73
 0 32 58 60 68
 0 26 58 59 60
 0 26 57 58 60
 0 26 32 58 60
 0 24 25 58 59 60
 0 24 25 57 58 60
 0 24 25 32 58 60
 0 21 58 63 64 72 74
 0 21 58 63 64 72 73
 0 21 58 63 64 70 71 74
 0 21 58 63 64 70 71 72 73
 0 21 58 63 64 67 72 74
 0 21 58 63 64 67 72 73
 0 21 58 63 64 67 70 71 74
 0 21 58 63 64 67 70 71 72 73
 0 21 58 63 64 65 72 74
 0 21 58 63 64 65 72 73
 0 21 58 63 64 65 70 71 74
 0 21 58 63 64 65 70 71 72 73
 0 21 58 63 64 65 66 72 74
 0 21 58 63 64 65 66 72 73
 0 21 58 63 64 65 66 70 71 74
 0 21 58 63 64 65 66 70 71 72 73
 0 21 58 61 62 64 72 74
 0 21 58 61 62 64 72 73
 0 21 58 61 62 64 70 71 74
 0 21 58 61 62 64 70 71 72 73
 0 21 58 61 62 64 67 72 74
 0 21 58 61 62 64 67 72 73
 0 21 58 61 62 64 67 70 71 74
 0 21 58 61 62 64 67 70 71 72 73
 0 21 58 61 62 64 65 72 74
 0 21 58 61 62 64 65 72 73
 0 21 58 61 62 64 65 70 71 74
 0 21 58 61 62 64 65 70 71 72 73
 0 21 58 61 62 64 65 66 72 74
 0 21 58 61 62 64 65 66 72 73
 0 21 58 61 62 64 65 66 70 71 74
 0 21 58 61 62 64 65 66 70 71 72 73
 0 21 47 58 63 64 72
 0 21 47 58 63 64 70 71
 0 21 47 58 63 64 67 72
 0 21 47 58 63 64 67 70 71
 0 21 47 58 63 64 65 72
 0 21 47 58 63 64 65 70 71
 0 21 47 58 63 64 65 66 72
 0 21 47 58 63 64 65 66 70 71
 0 21 47 58 61 62 64 72
 0 21 47 58 61 62 64 70 71
 0 21 47 58 61 62 64 67 72
 0 21 47 58 61 62 64 67 70 71
 0 21 47 58 61 62 64 65 72
 0 21 47 58 61 62 64 65 70 71
 0 21 47 58 61 62 64 65 66 72
 0 21 47 58 61 62 64 65 66 70 71
 0 21 45 58 63 64 74
 0 21 45 58 63 64 72 73
 0 21 45 58 63 64 67 74
 0 21 45 58 63 64 67 72 73
 0 21 45 58 63 64 65 74
 0 21 45 58 63 64 65 72 73
 0 21 45 58 63 64 65 66 74
 0 21 45 58 63 64 65 66 72 73
 0 21 45 58 61 62 64 74
 0 21 45 58 61 62 64 72 73
 0 21 45 58 61 62 64 67 74
 0 21 45 58 61 62 64 67 72 73
 0 21 45 58 61 62 64 65 74
 0 21 45 58 61 62 64 65 72 73
 0 21 45 58 61 62 64 65 66 74
 0 21 45 58 61 62 64 65 66 72 73
 0 21 45 47 58 63 64
 0 21 45 47 58 63 64 67
 0 21 45 47 58 63 64 65
 0 21 45 47 58 63 64 65 66
 0 21 45 47 58 61 62 64
 0 21 45 47 58 61 62 64 67
 0 21 45 47 58 61 62 64 65
 0 21 45 47 58 61 62 64 65 66
 0 21 40 58 63 64 72 74
 0 21 40 58 63 64 72 73
 0 21 40 58 63 64 70 71 74
 0 21 40 58 63 64 70 71 72 73
 0 21 40 58 61 62 64 72 74
 0 21 40 58 61 62 64 72 73
 0 21 40 58 61 62 64 70 71 74
 0 21 40 58 61 62 64 70 71 72 73
 0 21 40 47 58 63 64 72
 0 21 40 47 58 63 64 70 71
 0 21 40 47 58 61 62 64 72
 0 21 40 47 58 61 62 64 70 71
 0 21 40 45 58 63 64 74
 0 21 40 45 58 63 64 72 73
 0 21 40 45 58 61 62 64 74
 0 21 40 45 58 61 62 64 72 73
 0 21 40 45 47 58 63 64
 0 21 40 45 47 58 61 62 64
 0 21 36 58 64 72 74
 0 21 36 58 64 72 73
 0 21 36 58 64 70 71 74
 0 21 36 58 64 70 71 72 73
 0 21 36 58 64 67 72 74
 0 21 36 58 64 67 72 73
 0 21 36 58 64 67 70 71 74
 0 21 36 58 64 67 70 71 72 73
 0 21 36 58 64 65 72 74
 0 21 36 58 64 65 72 73
 0 21 36 58 64 65 70 71 74
 0 21 36 58 64 65 70 71 72 73
 0 21 36 58 64 65 66 72 74
 0 21 36 58 64 65 66 72 73
 0 21 36 58 64 65 66 70 71 74
 0 21 36 58 64 65 66 70 71 72 73
 0 21 36 47 58 64 72
 0 21 36 47 58 64 70 71
 0 21 36 47 58 64 67 72
 0 21 36 47 58 64 67 70 71
 0 21 36 47 58 64 65 72
 0 21 36 47 58 64 65 70 71
 0 21 36 47 58 64 65 66 72
 0 21 36 47 58 64 65 66 70 71
 0 21 36 45 58 64 74
 0 21 36 45 58 64 72 73
 0 21 36 45 58 64 67 74
 0 21 36 45 58 64 67 72 73
 0 21 36 45 58 64 65 74
 0 21 36 45 58 64 65 72 73
 0 21 36 45 58 64 65 66 74
 0 21 36 45 58 64 65 66 72 73
 0 21 36 45 47 58 64
 0 21 36 45 47 58 64 67
 0 21 36 45 47 58 64 65
 0 21 36 45 47 58 64 65 66
 0 21 36 40 58 64 72 74
 0 21 36 40 58 64 72 73
 0 21 36 40 58 64 70 71 74
 0 21 36 40 58 64 70 71 72 73
 0 21 36 40 47 58 64 72
 0 21 36 40 47 58 64 70 71
 0 21 36 40 45 58 64 74
 0 21 36 40 45 58 64 72 73
 0 21 36 40 45 47 58 64
