 33 39 46 58 59 63
 33 39 46 58 59 61 62
 33 39 46 57 58 63
 33 39 46 57 58 61 62
 33 39 44 45 58 59 63
 33 39 44 45 58 59 61 62
 33 39 44 45 57 58 63
 33 39 44 45 57 58 61 62
 33 37 38 46 58 59 63
 33 37 38 46 58 59 61 62
 33 37 38 46 57 58 63
 33 37 38 46 57 58 61 62
 33 37 38 44 45 58 59 63
 33 37 38 44 45 58 59 61 62
 33 37 38 44 45 57 58 63
 33 37 38 44 45 57 58 61 62
 33 36 39 46 58 59
 33 36 39 46 57 58
 33 36 39 44 45 58 59
 33 36 39 44 45 57 58
 33 36 37 38 46 58 59
 33 36 37 38 46 57 58
 33 36 37 38 44 45 58 59
 33 36 37 38 44 45 57 58
 32 33 39 46 58 63
 32 33 39 46 58 61 62
 32 33 39 44 45 58 63
 32 33 39 44 45 58 61 62
 32 33 37 38 46 58 63
 32 33 37 38 46 58 61 62
 32 33 37 38 44 45 58 63
 32 33 37 38 44 45 58 61 62
 32 33 36 39 46 58
 32 33 36 39 44 45 58
 32 33 36 37 38 46 58
 32 33 36 37 38 44 45 58
 31 32 39 46 58 63
 31 32 39 46 58 61 62
 31 32 39 46 58 59 63
 31 32 39 46 58 59 61 62
 31 32 39 46 57 58 63
 31 32 39 46 57 58 61 62
 31 32 39 44 45 58 63
 31 32 39 44 45 58 61 62
 31 32 39 44 45 58 59 63
 31 32 39 44 45 58 59 61 62
 31 32 39 44 45 57 58 63
 31 32 39 44 45 57 58 61 62
 31 32 37 38 46 58 63
 31 32 37 38 46 58 61 62
 31 32 37 38 46 58 59 63
 31 32 37 38 46 58 59 61 62
 31 32 37 38 46 57 58 63
 31 32 37 38 46 57 58 61 62
 31 32 37 38 44 45 58 63
 31 32 37 38 44 45 58 61 62
 31 32 37 38 44 45 58 59 63
 31 32 37 38 44 45 58 59 61 62
 31 32 37 38 44 45 57 58 63
 31 32 37 38 44 45 57 58 61 62
 31 32 36 39 46 58
 31 32 36 39 46 58 59
 31 32 36 39 46 57 58
 31 32 36 39 44 45 58
 31 32 36 39 44 45 58 59
 31 32 36 39 44 45 57 58
 31 32 36 37 38 46 58
 31 32 36 37 38 46 58 59
 31 32 36 37 38 46 57 58
 31 32 36 37 38 44 45 58
 31 32 36 37 38 44 45 58 59
 31 32 36 37 38 44 45 57 58
 25 48 59 74
 25 48 59 72 73
 25 48 57 58 74
 25 48 57 58 72 73
 25 47 48 59
 25 47 48 57 58
 25 46 47 59
 25 46 47 59 74
 25 46 47 59 72 73
 25 46 47 57 58
 25 46 47 57 58 74
 25 46 47 57 58 72 73
 25 32 48 74
 25 32 48 72 73
 25 32 47 48
 25 32 46 47
 25 32 46 47 74
 25 32 46 47 72 73
 21 25 59 74
 21 25 59 72 73
 21 25 57 58 74
 21 25 57 58 72 73
 21 25 47 59
 21 25 47 57 58
 21 25 32 74
 21 25 32 72 73
 21 25 32 47
 19 33 39 58 59 63
 19 33 39 58 59 61 62
 19 33 39 57 58 63
 19 33 39 57 58 61 62
 19 33 37 38 58 59 63
 19 33 37 38 58 59 61 62
 19 33 37 38 57 58 63
 19 33 37 38 57 58 61 62
 19 33 36 39 58 59
 19 33 36 39 57 58
 19 33 36 37 38 58 59
 19 33 36 37 38 57 58
 19 32 33 39 58 63
 19 32 33 39 58 61 62
 19 32 33 37 38 58 63
 19 32 33 37 38 58 61 62
 19 32 33 36 39 58
 19 32 33 36 37 38 58
 19 31 32 39 58 63
 19 31 32 39 58 61 62
 19 31 32 39 58 59 63
 19 31 32 39 58 59 61 62
 19 31 32 39 57 58 63
 19 31 32 39 57 58 61 62
 19 31 32 37 38 58 63
 19 31 32 37 38 58 61 62
 19 31 32 37 38 58 59 63
 19 31 32 37 38 58 59 61 62
 19 31 32 37 38 57 58 63
 19 31 32 37 38 57 58 61 62
 19 31 32 36 39 58
 19 31 32 36 39 58 59
 19 31 32 36 39 57 58
 19 31 32 36 37 38 58
 19 31 32 36 37 38 58 59
 19 31 32 36 37 38 57 58
 16 33 39 46 59 63
 16 33 39 46 59 61 62
 16 33 39 46 57 58 63
 16 33 39 46 57 58 61 62
 16 33 39 44 45 59 63
 16 33 39 44 45 59 61 62
 16 33 39 44 45 57 58 63
 16 33 39 44 45 57 58 61 62
 16 33 37 38 46 59 63
 16 33 37 38 46 59 61 62
 16 33 37 38 46 57 58 63
 16 33 37 38 46 57 58 61 62
 16 33 37 38 44 45 59 63
 16 33 37 38 44 45 59 61 62
 16 33 37 38 44 45 57 58 63
 16 33 37 38 44 45 57 58 61 62
 16 33 36 39 46 59
 16 33 36 39 46 57 58
 16 33 36 39 44 45 59
 16 33 36 39 44 45 57 58
 16 33 36 37 38 46 59
 16 33 36 37 38 46 57 58
 16 33 36 37 38 44 45 59
 16 33 36 37 38 44 45 57 58
 16 32 33 39 46 63
 16 32 33 39 46 61 62
 16 32 33 39 44 45 63
 16 32 33 39 44 45 61 62
 16 32 33 37 38 46 63
 16 32 33 37 38 46 61 62
 16 32 33 37 38 44 45 63
 16 32 33 37 38 44 45 61 62
 16 32 33 36 39 46
 16 32 33 36 39 44 45
 16 32 33 36 37 38 46
 16 32 33 36 37 38 44 45
 16 31 32 39 46 63
 16 31 32 39 46 61 62
 16 31 32 39 46 59 63
 16 31 32 39 46 59 61 62
 16 31 32 39 46 57 58 63
 16 31 32 39 46 57 58 61 62
 16 31 32 39 44 45 63
 16 31 32 39 44 45 61 62
 16 31 32 39 44 45 59 63
 16 31 32 39 44 45 59 61 62
 16 31 32 39 44 45 57 58 63
 16 31 32 39 44 45 57 58 61 62
 16 31 32 37 38 46 63
 16 31 32 37 38 46 61 62
 16 31 32 37 38 46 59 63
 16 31 32 37 38 46 59 61 62
 16 31 32 37 38 46 57 58 63
 16 31 32 37 38 46 57 58 61 62
 16 31 32 37 38 44 45 63
 16 31 32 37 38 44 45 61 62
 16 31 32 37 38 44 45 59 63
 16 31 32 37 38 44 45 59 61 62
 16 31 32 37 38 44 45 57 58 63
 16 31 32 37 38 44 45 57 58 61 62
 16 31 32 36 39 46
 16 31 32 36 39 46 59
 16 31 32 36 39 46 57 58
 16 31 32 36 39 44 45
 16 31 32 36 39 44 45 59
 16 31 32 36 39 44 45 57 58
 16 31 32 36 37 38 46
 16 31 32 36 37 38 46 59
 16 31 32 36 37 38 46 57 58
 16 31 32 36 37 38 44 45
 16 31 32 36 37 38 44 45 59
 16 31 32 36 37 38 44 45 57 58
 16 19 33 39 59 63
 16 19 33 39 59 61 62
 16 19 33 39 57 58 63
 16 19 33 39 57 58 61 62
 16 19 33 37 38 59 63
 16 19 33 37 38 59 61 62
 16 19 33 37 38 57 58 63
 16 19 33 37 38 57 58 61 62
 16 19 33 36 39 59
 16 19 33 36 39 57 58
 16 19 33 36 37 38 59
 16 19 33 36 37 38 57 58
 16 19 32 33 39 63
 16 19 32 33 39 61 62
 16 19 32 33 37 38 63
 16 19 32 33 37 38 61 62
 16 19 32 33 36 39
 16 19 32 33 36 37 38
 16 19 31 32 39 63
 16 19 31 32 39 61 62
 16 19 31 32 39 59 63
 16 19 31 32 39 59 61 62
 16 19 31 32 39 57 58 63
 16 19 31 32 39 57 58 61 62
 16 19 31 32 37 38 63
 16 19 31 32 37 38 61 62
 16 19 31 32 37 38 59 63
 16 19 31 32 37 38 59 61 62
 16 19 31 32 37 38 57 58 63
 16 19 31 32 37 38 57 58 61 62
 16 19 31 32 36 39
 16 19 31 32 36 39 59
 16 19 31 32 36 39 57 58
 16 19 31 32 36 37 38
 16 19 31 32 36 37 38 59
 16 19 31 32 36 37 38 57 58
 14 15 33 39 46 59 63
 14 15 33 39 46 59 61 62
 14 15 33 39 46 57 58 63
 14 15 33 39 46 57 58 61 62
 14 15 33 39 44 45 59 63
 14 15 33 39 44 45 59 61 62
 14 15 33 39 44 45 57 58 63
 14 15 33 39 44 45 57 58 61 62
 14 15 33 37 38 46 59 63
 14 15 33 37 38 46 59 61 62
 14 15 33 37 38 46 57 58 63
 14 15 33 37 38 46 57 58 61 62
 14 15 33 37 38 44 45 59 63
 14 15 33 37 38 44 45 59 61 62
 14 15 33 37 38 44 45 57 58 63
 14 15 33 37 38 44 45 57 58 61 62
 14 15 33 36 39 46 59
 14 15 33 36 39 46 57 58
 14 15 33 36 39 44 45 59
 14 15 33 36 39 44 45 57 58
 14 15 33 36 37 38 46 59
 14 15 33 36 37 38 46 57 58
 14 15 33 36 37 38 44 45 59
 14 15 33 36 37 38 44 45 57 58
 14 15 32 33 39 46 63
 14 15 32 33 39 46 61 62
 14 15 32 33 39 44 45 63
 14 15 32 33 39 44 45 61 62
 14 15 32 33 37 38 46 63
 14 15 32 33 37 38 46 61 62
 14 15 32 33 37 38 44 45 63
 14 15 32 33 37 38 44 45 61 62
 14 15 32 33 36 39 46
 14 15 32 33 36 39 44 45
 14 15 32 33 36 37 38 46
 14 15 32 33 36 37 38 44 45
 14 15 31 32 39 46 63
 14 15 31 32 39 46 61 62
 14 15 31 32 39 46 59 63
 14 15 31 32 39 46 59 61 62
 14 15 31 32 39 46 57 58 63
 14 15 31 32 39 46 57 58 61 62
 14 15 31 32 39 44 45 63
 14 15 31 32 39 44 45 61 62
 14 15 31 32 39 44 45 59 63
 14 15 31 32 39 44 45 59 61 62
 14 15 31 32 39 44 45 57 58 63
 14 15 31 32 39 44 45 57 58 61 62
 14 15 31 32 37 38 46 63
 14 15 31 32 37 38 46 61 62
 14 15 31 32 37 38 46 59 63
 14 15 31 32 37 38 46 59 61 62
 14 15 31 32 37 38 46 57 58 63
 14 15 31 32 37 38 46 57 58 61 62
 14 15 31 32 37 38 44 45 63
 14 15 31 32 37 38 44 45 61 62
 14 15 31 32 37 38 44 45 59 63
 14 15 31 32 37 38 44 45 59 61 62
 14 15 31 32 37 38 44 45 57 58 63
 14 15 31 32 37 38 44 45 57 58 61 62
 14 15 31 32 36 39 46
 14 15 31 32 36 39 46 59
 14 15 31 32 36 39 46 57 58
 14 15 31 32 36 39 44 45
 14 15 31 32 36 39 44 45 59
 14 15 31 32 36 39 44 45 57 58
 14 15 31 32 36 37 38 46
 14 15 31 32 36 37 38 46 59
 14 15 31 32 36 37 38 46 57 58
 14 15 31 32 36 37 38 44 45
 14 15 31 32 36 37 38 44 45 59
 14 15 31 32 36 37 38 44 45 57 58
 14 15 19 33 39 59 63
 14 15 19 33 39 59 61 62
 14 15 19 33 39 57 58 63
 14 15 19 33 39 57 58 61 62
 14 15 19 33 37 38 59 63
 14 15 19 33 37 38 59 61 62
 14 15 19 33 37 38 57 58 63
 14 15 19 33 37 38 57 58 61 62
 14 15 19 33 36 39 59
 14 15 19 33 36 39 57 58
 14 15 19 33 36 37 38 59
 14 15 19 33 36 37 38 57 58
 14 15 19 32 33 39 63
 14 15 19 32 33 39 61 62
 14 15 19 32 33 37 38 63
 14 15 19 32 33 37 38 61 62
 14 15 19 32 33 36 39
 14 15 19 32 33 36 37 38
 14 15 19 31 32 39 63
 14 15 19 31 32 39 61 62
 14 15 19 31 32 39 59 63
 14 15 19 31 32 39 59 61 62
 14 15 19 31 32 39 57 58 63
 14 15 19 31 32 39 57 58 61 62
 14 15 19 31 32 37 38 63
 14 15 19 31 32 37 38 61 62
 14 15 19 31 32 37 38 59 63
 14 15 19 31 32 37 38 59 61 62
 14 15 19 31 32 37 38 57 58 63
 14 15 19 31 32 37 38 57 58 61 62
 14 15 19 31 32 36 39
 14 15 19 31 32 36 39 59
 14 15 19 31 32 36 39 57 58
 14 15 19 31 32 36 37 38
 14 15 19 31 32 36 37 38 59
 14 15 19 31 32 36 37 38 57 58
 12 33 46 58 59 63
 12 33 46 58 59 61 62
 12 33 46 57 58 63
 12 33 46 57 58 61 62
 12 33 44 45 58 59 63
 12 33 44 45 58 59 61 62
 12 33 44 45 57 58 63
 12 33 44 45 57 58 61 62
 12 33 36 46 58 59
 12 33 36 46 57 58
 12 33 36 44 45 58 59
 12 33 36 44 45 57 58
 12 32 33 46 58 63
 12 32 33 46 58 61 62
 12 32 33 44 45 58 63
 12 32 33 44 45 58 61 62
 12 32 33 36 46 58
 12 32 33 36 44 45 58
 12 31 32 46 58 63
 12 31 32 46 58 61 62
 12 31 32 46 58 59 63
 12 31 32 46 58 59 61 62
 12 31 32 46 57 58 63
 12 31 32 46 57 58 61 62
 12 31 32 44 45 58 63
 12 31 32 44 45 58 61 62
 12 31 32 44 45 58 59 63
 12 31 32 44 45 58 59 61 62
 12 31 32 44 45 57 58 63
 12 31 32 44 45 57 58 61 62
 12 31 32 36 46 58
 12 31 32 36 46 58 59
 12 31 32 36 46 57 58
 12 31 32 36 44 45 58
 12 31 32 36 44 45 58 59
 12 31 32 36 44 45 57 58
 12 19 33 58 59 63
 12 19 33 58 59 61 62
 12 19 33 57 58 63
 12 19 33 57 58 61 62
 12 19 33 36 58 59
 12 19 33 36 57 58
 12 19 32 33 58 63
 12 19 32 33 58 61 62
 12 19 32 33 36 58
 12 19 31 32 58 63
 12 19 31 32 58 61 62
 12 19 31 32 58 59 63
 12 19 31 32 58 59 61 62
 12 19 31 32 57 58 63
 12 19 31 32 57 58 61 62
 12 19 31 32 36 58
 12 19 31 32 36 58 59
 12 19 31 32 36 57 58
 12 16 33 46 59 63
 12 16 33 46 59 61 62
 12 16 33 46 57 58 63
 12 16 33 46 57 58 61 62
 12 16 33 44 45 59 63
 12 16 33 44 45 59 61 62
 12 16 33 44 45 57 58 63
 12 16 33 44 45 57 58 61 62
 12 16 33 36 46 59
 12 16 33 36 46 57 58
 12 16 33 36 44 45 59
 12 16 33 36 44 45 57 58
 12 16 32 33 46 63
 12 16 32 33 46 61 62
 12 16 32 33 44 45 63
 12 16 32 33 44 45 61 62
 12 16 32 33 36 46
 12 16 32 33 36 44 45
 12 16 31 32 46 63
 12 16 31 32 46 61 62
 12 16 31 32 46 59 63
 12 16 31 32 46 59 61 62
 12 16 31 32 46 57 58 63
 12 16 31 32 46 57 58 61 62
 12 16 31 32 44 45 63
 12 16 31 32 44 45 61 62
 12 16 31 32 44 45 59 63
 12 16 31 32 44 45 59 61 62
 12 16 31 32 44 45 57 58 63
 12 16 31 32 44 45 57 58 61 62
 12 16 31 32 36 46
 12 16 31 32 36 46 59
 12 16 31 32 36 46 57 58
 12 16 31 32 36 44 45
 12 16 31 32 36 44 45 59
 12 16 31 32 36 44 45 57 58
 12 16 19 33 59 63
 12 16 19 33 59 61 62
 12 16 19 33 57 58 63
 12 16 19 33 57 58 61 62
 12 16 19 33 36 59
 12 16 19 33 36 57 58
 12 16 19 32 33 63
 12 16 19 32 33 61 62
 12 16 19 32 33 36
 12 16 19 31 32 63
 12 16 19 31 32 61 62
 12 16 19 31 32 59 63
 12 16 19 31 32 59 61 62
 12 16 19 31 32 57 58 63
 12 16 19 31 32 57 58 61 62
 12 16 19 31 32 36
 12 16 19 31 32 36 59
 12 16 19 31 32 36 57 58
 12 14 15 33 46 59 63
 12 14 15 33 46 59 61 62
 12 14 15 33 46 57 58 63
 12 14 15 33 46 57 58 61 62
 12 14 15 33 44 45 59 63
 12 14 15 33 44 45 59 61 62
 12 14 15 33 44 45 57 58 63
 12 14 15 33 44 45 57 58 61 62
 12 14 15 33 36 46 59
 12 14 15 33 36 46 57 58
 12 14 15 33 36 44 45 59
 12 14 15 33 36 44 45 57 58
 12 14 15 32 33 46 63
 12 14 15 32 33 46 61 62
 12 14 15 32 33 44 45 63
 12 14 15 32 33 44 45 61 62
 12 14 15 32 33 36 46
 12 14 15 32 33 36 44 45
 12 14 15 31 32 46 63
 12 14 15 31 32 46 61 62
 12 14 15 31 32 46 59 63
 12 14 15 31 32 46 59 61 62
 12 14 15 31 32 46 57 58 63
 12 14 15 31 32 46 57 58 61 62
 12 14 15 31 32 44 45 63
 12 14 15 31 32 44 45 61 62
 12 14 15 31 32 44 45 59 63
 12 14 15 31 32 44 45 59 61 62
 12 14 15 31 32 44 45 57 58 63
 12 14 15 31 32 44 45 57 58 61 62
 12 14 15 31 32 36 46
 12 14 15 31 32 36 46 59
 12 14 15 31 32 36 46 57 58
 12 14 15 31 32 36 44 45
 12 14 15 31 32 36 44 45 59
 12 14 15 31 32 36 44 45 57 58
 12 14 15 19 33 59 63
 12 14 15 19 33 59 61 62
 12 14 15 19 33 57 58 63
 12 14 15 19 33 57 58 61 62
 12 14 15 19 33 36 59
 12 14 15 19 33 36 57 58
 12 14 15 19 32 33 63
 12 14 15 19 32 33 61 62
 12 14 15 19 32 33 36
 12 14 15 19 31 32 63
 12 14 15 19 31 32 61 62
 12 14 15 19 31 32 59 63
 12 14 15 19 31 32 59 61 62
 12 14 15 19 31 32 57 58 63
 12 14 15 19 31 32 57 58 61 62
 12 14 15 19 31 32 36
 12 14 15 19 31 32 36 59
 12 14 15 19 31 32 36 57 58
 6 39 46 58 59 63
 6 39 46 58 59 61 62
 6 39 46 57 58 63
 6 39 46 57 58 61 62
 6 39 44 45 58 59 63
 6 39 44 45 58 59 61 62
 6 39 44 45 57 58 63
 6 39 44 45 57 58 61 62
 6 37 38 46 58 59 63
 6 37 38 46 58 59 61 62
 6 37 38 46 57 58 63
 6 37 38 46 57 58 61 62
 6 37 38 44 45 58 59 63
 6 37 38 44 45 58 59 61 62
 6 37 38 44 45 57 58 63
 6 37 38 44 45 57 58 61 62
 6 36 39 46 58 59
 6 36 39 46 57 58
 6 36 39 44 45 58 59
 6 36 39 44 45 57 58
 6 36 37 38 46 58 59
 6 36 37 38 46 57 58
 6 36 37 38 44 45 58 59
 6 36 37 38 44 45 57 58
 6 32 39 46 58 63
 6 32 39 46 58 61 62
 6 32 39 44 45 58 63
 6 32 39 44 45 58 61 62
 6 32 37 38 46 58 63
 6 32 37 38 46 58 61 62
 6 32 37 38 44 45 58 63
 6 32 37 38 44 45 58 61 62
 6 32 36 39 46 58
 6 32 36 39 44 45 58
 6 32 36 37 38 46 58
 6 32 36 37 38 44 45 58
 6 19 39 58 59 63
 6 19 39 58 59 61 62
 6 19 39 57 58 63
 6 19 39 57 58 61 62
 6 19 37 38 58 59 63
 6 19 37 38 58 59 61 62
 6 19 37 38 57 58 63
 6 19 37 38 57 58 61 62
 6 19 36 39 58 59
 6 19 36 39 57 58
 6 19 36 37 38 58 59
 6 19 36 37 38 57 58
 6 19 32 39 58 63
 6 19 32 39 58 61 62
 6 19 32 37 38 58 63
 6 19 32 37 38 58 61 62
 6 19 32 36 39 58
 6 19 32 36 37 38 58
 6 16 39 46 59 63
 6 16 39 46 59 61 62
 6 16 39 46 57 58 63
 6 16 39 46 57 58 61 62
 6 16 39 44 45 59 63
 6 16 39 44 45 59 61 62
 6 16 39 44 45 57 58 63
 6 16 39 44 45 57 58 61 62
 6 16 37 38 46 59 63
 6 16 37 38 46 59 61 62
 6 16 37 38 46 57 58 63
 6 16 37 38 46 57 58 61 62
 6 16 37 38 44 45 59 63
 6 16 37 38 44 45 59 61 62
 6 16 37 38 44 45 57 58 63
 6 16 37 38 44 45 57 58 61 62
 6 16 36 39 46 59
 6 16 36 39 46 57 58
 6 16 36 39 44 45 59
 6 16 36 39 44 45 57 58
 6 16 36 37 38 46 59
 6 16 36 37 38 46 57 58
 6 16 36 37 38 44 45 59
 6 16 36 37 38 44 45 57 58
 6 16 32 39 46 63
 6 16 32 39 46 61 62
 6 16 32 39 44 45 63
 6 16 32 39 44 45 61 62
 6 16 32 37 38 46 63
 6 16 32 37 38 46 61 62
 6 16 32 37 38 44 45 63
 6 16 32 37 38 44 45 61 62
 6 16 32 36 39 46
 6 16 32 36 39 44 45
 6 16 32 36 37 38 46
 6 16 32 36 37 38 44 45
 6 16 19 39 59 63
 6 16 19 39 59 61 62
 6 16 19 39 57 58 63
 6 16 19 39 57 58 61 62
 6 16 19 37 38 59 63
 6 16 19 37 38 59 61 62
 6 16 19 37 38 57 58 63
 6 16 19 37 38 57 58 61 62
 6 16 19 36 39 59
 6 16 19 36 39 57 58
 6 16 19 36 37 38 59
 6 16 19 36 37 38 57 58
 6 16 19 32 39 63
 6 16 19 32 39 61 62
 6 16 19 32 37 38 63
 6 16 19 32 37 38 61 62
 6 16 19 32 36 39
 6 16 19 32 36 37 38
 6 14 15 39 46 59 63
 6 14 15 39 46 59 61 62
 6 14 15 39 46 57 58 63
 6 14 15 39 46 57 58 61 62
 6 14 15 39 44 45 59 63
 6 14 15 39 44 45 59 61 62
 6 14 15 39 44 45 57 58 63
 6 14 15 39 44 45 57 58 61 62
 6 14 15 37 38 46 59 63
 6 14 15 37 38 46 59 61 62
 6 14 15 37 38 46 57 58 63
 6 14 15 37 38 46 57 58 61 62
 6 14 15 37 38 44 45 59 63
 6 14 15 37 38 44 45 59 61 62
 6 14 15 37 38 44 45 57 58 63
 6 14 15 37 38 44 45 57 58 61 62
 6 14 15 36 39 46 59
 6 14 15 36 39 46 57 58
 6 14 15 36 39 44 45 59
 6 14 15 36 39 44 45 57 58
 6 14 15 36 37 38 46 59
 6 14 15 36 37 38 46 57 58
 6 14 15 36 37 38 44 45 59
 6 14 15 36 37 38 44 45 57 58
 6 14 15 32 39 46 63
 6 14 15 32 39 46 61 62
 6 14 15 32 39 44 45 63
 6 14 15 32 39 44 45 61 62
 6 14 15 32 37 38 46 63
 6 14 15 32 37 38 46 61 62
 6 14 15 32 37 38 44 45 63
 6 14 15 32 37 38 44 45 61 62
 6 14 15 32 36 39 46
 6 14 15 32 36 39 44 45
 6 14 15 32 36 37 38 46
 6 14 15 32 36 37 38 44 45
 6 14 15 19 39 59 63
 6 14 15 19 39 59 61 62
 6 14 15 19 39 57 58 63
 6 14 15 19 39 57 58 61 62
 6 14 15 19 37 38 59 63
 6 14 15 19 37 38 59 61 62
 6 14 15 19 37 38 57 58 63
 6 14 15 19 37 38 57 58 61 62
 6 14 15 19 36 39 59
 6 14 15 19 36 39 57 58
 6 14 15 19 36 37 38 59
 6 14 15 19 36 37 38 57 58
 6 14 15 19 32 39 63
 6 14 15 19 32 39 61 62
 6 14 15 19 32 37 38 63
 6 14 15 19 32 37 38 61 62
 6 14 15 19 32 36 39
 6 14 15 19 32 36 37 38
 6 12 46 58 59 63
 6 12 46 58 59 61 62
 6 12 46 57 58 63
 6 12 46 57 58 61 62
 6 12 44 45 58 59 63
 6 12 44 45 58 59 61 62
 6 12 44 45 57 58 63
 6 12 44 45 57 58 61 62
 6 12 36 46 58 59
 6 12 36 46 57 58
 6 12 36 44 45 58 59
 6 12 36 44 45 57 58
 6 12 32 46 58 63
 6 12 32 46 58 61 62
 6 12 32 44 45 58 63
 6 12 32 44 45 58 61 62
 6 12 32 36 46 58
 6 12 32 36 44 45 58
 6 12 19 58 59 63
 6 12 19 58 59 61 62
 6 12 19 57 58 63
 6 12 19 57 58 61 62
 6 12 19 36 58 59
 6 12 19 36 57 58
 6 12 19 32 58 63
 6 12 19 32 58 61 62
 6 12 19 32 36 58
 6 12 16 46 59 63
 6 12 16 46 59 61 62
 6 12 16 46 57 58 63
 6 12 16 46 57 58 61 62
 6 12 16 44 45 59 63
 6 12 16 44 45 59 61 62
 6 12 16 44 45 57 58 63
 6 12 16 44 45 57 58 61 62
 6 12 16 36 46 59
 6 12 16 36 46 57 58
 6 12 16 36 44 45 59
 6 12 16 36 44 45 57 58
 6 12 16 32 46 63
 6 12 16 32 46 61 62
 6 12 16 32 44 45 63
 6 12 16 32 44 45 61 62
 6 12 16 32 36 46
 6 12 16 32 36 44 45
 6 12 16 19 59 63
 6 12 16 19 59 61 62
 6 12 16 19 57 58 63
 6 12 16 19 57 58 61 62
 6 12 16 19 36 59
 6 12 16 19 36 57 58
 6 12 16 19 32 63
 6 12 16 19 32 61 62
 6 12 16 19 32 36
 6 12 14 15 46 59 63
 6 12 14 15 46 59 61 62
 6 12 14 15 46 57 58 63
 6 12 14 15 46 57 58 61 62
 6 12 14 15 44 45 59 63
 6 12 14 15 44 45 59 61 62
 6 12 14 15 44 45 57 58 63
 6 12 14 15 44 45 57 58 61 62
 6 12 14 15 36 46 59
 6 12 14 15 36 46 57 58
 6 12 14 15 36 44 45 59
 6 12 14 15 36 44 45 57 58
 6 12 14 15 32 46 63
 6 12 14 15 32 46 61 62
 6 12 14 15 32 44 45 63
 6 12 14 15 32 44 45 61 62
 6 12 14 15 32 36 46
 6 12 14 15 32 36 44 45
 6 12 14 15 19 59 63
 6 12 14 15 19 59 61 62
 6 12 14 15 19 57 58 63
 6 12 14 15 19 57 58 61 62
 6 12 14 15 19 36 59
 6 12 14 15 19 36 57 58
 6 12 14 15 19 32 63
 6 12 14 15 19 32 61 62
 6 12 14 15 19 32 36
