 39 48 64 72 74 78
 39 48 64 72 74 76 77
 39 48 64 72 73 78
 39 48 64 72 73 76 77
 39 48 64 70 71 74 78
 39 48 64 70 71 74 76 77
 39 48 64 70 71 72 73 78
 39 48 64 70 71 72 73 76 77
 39 48 63 64 71 72 74 78
 39 48 63 64 71 72 74 76 77
 39 48 63 64 71 72 73 78
 39 48 63 64 71 72 73 76 77
 39 48 63 64 70 71 74 78
 39 48 63 64 70 71 74 76 77
 39 48 63 64 70 71 72 73 78
 39 48 63 64 70 71 72 73 76 77
 39 48 63 64 69 70 72 74 78
 39 48 63 64 69 70 72 74 76 77
 39 48 63 64 69 70 72 73 78
 39 48 63 64 69 70 72 73 76 77
 39 48 63 64 69 70 71 74 78
 39 48 63 64 69 70 71 74 76 77
 39 48 63 64 69 70 71 72 73 78
 39 48 63 64 69 70 71 72 73 76 77
 39 48 61 62 64 71 72 74 78
 39 48 61 62 64 71 72 74 76 77
 39 48 61 62 64 71 72 73 78
 39 48 61 62 64 71 72 73 76 77
 39 48 61 62 64 70 71 74 78
 39 48 61 62 64 70 71 74 76 77
 39 48 61 62 64 70 71 72 73 78
 39 48 61 62 64 70 71 72 73 76 77
 39 48 61 62 64 69 70 72 74 78
 39 48 61 62 64 69 70 72 74 76 77
 39 48 61 62 64 69 70 72 73 78
 39 48 61 62 64 69 70 72 73 76 77
 39 48 61 62 64 69 70 71 74 78
 39 48 61 62 64 69 70 71 74 76 77
 39 48 61 62 64 69 70 71 72 73 78
 39 48 61 62 64 69 70 71 72 73 76 77
 39 48 51 64 72 74
 39 48 51 64 72 73
 39 48 51 64 70 71 74
 39 48 51 64 70 71 72 73
 39 48 51 63 64 71 72 74
 39 48 51 63 64 71 72 73
 39 48 51 63 64 70 71 74
 39 48 51 63 64 70 71 72 73
 39 48 51 63 64 69 70 72 74
 39 48 51 63 64 69 70 72 73
 39 48 51 63 64 69 70 71 74
 39 48 51 63 64 69 70 71 72 73
 39 48 51 61 62 64 71 72 74
 39 48 51 61 62 64 71 72 73
 39 48 51 61 62 64 70 71 74
 39 48 51 61 62 64 70 71 72 73
 39 48 51 61 62 64 69 70 72 74
 39 48 51 61 62 64 69 70 72 73
 39 48 51 61 62 64 69 70 71 74
 39 48 51 61 62 64 69 70 71 72 73
 39 47 48 64 72 78
 39 47 48 64 72 76 77
 39 47 48 64 70 71 78
 39 47 48 64 70 71 76 77
 39 47 48 63 64 71 72 78
 39 47 48 63 64 71 72 76 77
 39 47 48 63 64 70 71 78
 39 47 48 63 64 70 71 76 77
 39 47 48 63 64 69 70 72 78
 39 47 48 63 64 69 70 72 76 77
 39 47 48 63 64 69 70 71 78
 39 47 48 63 64 69 70 71 76 77
 39 47 48 61 62 64 71 72 78
 39 47 48 61 62 64 71 72 76 77
 39 47 48 61 62 64 70 71 78
 39 47 48 61 62 64 70 71 76 77
 39 47 48 61 62 64 69 70 72 78
 39 47 48 61 62 64 69 70 72 76 77
 39 47 48 61 62 64 69 70 71 78
 39 47 48 61 62 64 69 70 71 76 77
 39 47 48 51 64 72
 39 47 48 51 64 70 71
 39 47 48 51 63 64 71 72
 39 47 48 51 63 64 70 71
 39 47 48 51 63 64 69 70 72
 39 47 48 51 63 64 69 70 71
 39 47 48 51 61 62 64 71 72
 39 47 48 51 61 62 64 70 71
 39 47 48 51 61 62 64 69 70 72
 39 47 48 51 61 62 64 69 70 71
 39 46 47 64 72 78
 39 46 47 64 72 76 77
 39 46 47 64 72 74 78
 39 46 47 64 72 74 76 77
 39 46 47 64 72 73 78
 39 46 47 64 72 73 76 77
 39 46 47 64 70 71 78
 39 46 47 64 70 71 76 77
 39 46 47 64 70 71 74 78
 39 46 47 64 70 71 74 76 77
 39 46 47 64 70 71 72 73 78
 39 46 47 64 70 71 72 73 76 77
 39 46 47 63 64 71 72 78
 39 46 47 63 64 71 72 76 77
 39 46 47 63 64 71 72 74 78
 39 46 47 63 64 71 72 74 76 77
 39 46 47 63 64 71 72 73 78
 39 46 47 63 64 71 72 73 76 77
 39 46 47 63 64 70 71 78
 39 46 47 63 64 70 71 76 77
 39 46 47 63 64 70 71 74 78
 39 46 47 63 64 70 71 74 76 77
 39 46 47 63 64 70 71 72 73 78
 39 46 47 63 64 70 71 72 73 76 77
 39 46 47 63 64 69 70 72 78
 39 46 47 63 64 69 70 72 76 77
 39 46 47 63 64 69 70 72 74 78
 39 46 47 63 64 69 70 72 74 76 77
 39 46 47 63 64 69 70 72 73 78
 39 46 47 63 64 69 70 72 73 76 77
 39 46 47 63 64 69 70 71 78
 39 46 47 63 64 69 70 71 76 77
 39 46 47 63 64 69 70 71 74 78
 39 46 47 63 64 69 70 71 74 76 77
 39 46 47 63 64 69 70 71 72 73 78
 39 46 47 63 64 69 70 71 72 73 76 77
 39 46 47 61 62 64 71 72 78
 39 46 47 61 62 64 71 72 76 77
 39 46 47 61 62 64 71 72 74 78
 39 46 47 61 62 64 71 72 74 76 77
 39 46 47 61 62 64 71 72 73 78
 39 46 47 61 62 64 71 72 73 76 77
 39 46 47 61 62 64 70 71 78
 39 46 47 61 62 64 70 71 76 77
 39 46 47 61 62 64 70 71 74 78
 39 46 47 61 62 64 70 71 74 76 77
 39 46 47 61 62 64 70 71 72 73 78
 39 46 47 61 62 64 70 71 72 73 76 77
 39 46 47 61 62 64 69 70 72 78
 39 46 47 61 62 64 69 70 72 76 77
 39 46 47 61 62 64 69 70 72 74 78
 39 46 47 61 62 64 69 70 72 74 76 77
 39 46 47 61 62 64 69 70 72 73 78
 39 46 47 61 62 64 69 70 72 73 76 77
 39 46 47 61 62 64 69 70 71 78
 39 46 47 61 62 64 69 70 71 76 77
 39 46 47 61 62 64 69 70 71 74 78
 39 46 47 61 62 64 69 70 71 74 76 77
 39 46 47 61 62 64 69 70 71 72 73 78
 39 46 47 61 62 64 69 70 71 72 73 76 77
 39 46 47 51 64 72
 39 46 47 51 64 72 74
 39 46 47 51 64 72 73
 39 46 47 51 64 70 71
 39 46 47 51 64 70 71 74
 39 46 47 51 64 70 71 72 73
 39 46 47 51 63 64 71 72
 39 46 47 51 63 64 71 72 74
 39 46 47 51 63 64 71 72 73
 39 46 47 51 63 64 70 71
 39 46 47 51 63 64 70 71 74
 39 46 47 51 63 64 70 71 72 73
 39 46 47 51 63 64 69 70 72
 39 46 47 51 63 64 69 70 72 74
 39 46 47 51 63 64 69 70 72 73
 39 46 47 51 63 64 69 70 71
 39 46 47 51 63 64 69 70 71 74
 39 46 47 51 63 64 69 70 71 72 73
 39 46 47 51 61 62 64 71 72
 39 46 47 51 61 62 64 71 72 74
 39 46 47 51 61 62 64 71 72 73
 39 46 47 51 61 62 64 70 71
 39 46 47 51 61 62 64 70 71 74
 39 46 47 51 61 62 64 70 71 72 73
 39 46 47 51 61 62 64 69 70 72
 39 46 47 51 61 62 64 69 70 72 74
 39 46 47 51 61 62 64 69 70 72 73
 39 46 47 51 61 62 64 69 70 71
 39 46 47 51 61 62 64 69 70 71 74
 39 46 47 51 61 62 64 69 70 71 72 73
 39 45 48 64 74 78
 39 45 48 64 74 76 77
 39 45 48 64 72 73 78
 39 45 48 64 72 73 76 77
 39 45 48 63 64 71 74 78
 39 45 48 63 64 71 74 76 77
 39 45 48 63 64 71 72 73 78
 39 45 48 63 64 71 72 73 76 77
 39 45 48 63 64 69 70 74 78
 39 45 48 63 64 69 70 74 76 77
 39 45 48 63 64 69 70 72 73 78
 39 45 48 63 64 69 70 72 73 76 77
 39 45 48 61 62 64 71 74 78
 39 45 48 61 62 64 71 74 76 77
 39 45 48 61 62 64 71 72 73 78
 39 45 48 61 62 64 71 72 73 76 77
 39 45 48 61 62 64 69 70 74 78
 39 45 48 61 62 64 69 70 74 76 77
 39 45 48 61 62 64 69 70 72 73 78
 39 45 48 61 62 64 69 70 72 73 76 77
 39 45 48 51 64 74
 39 45 48 51 64 72 73
 39 45 48 51 63 64 71 74
 39 45 48 51 63 64 71 72 73
 39 45 48 51 63 64 69 70 74
 39 45 48 51 63 64 69 70 72 73
 39 45 48 51 61 62 64 71 74
 39 45 48 51 61 62 64 71 72 73
 39 45 48 51 61 62 64 69 70 74
 39 45 48 51 61 62 64 69 70 72 73
 39 45 47 48 64 78
 39 45 47 48 64 76 77
 39 45 47 48 63 64 71 78
 39 45 47 48 63 64 71 76 77
 39 45 47 48 63 64 69 70 78
 39 45 47 48 63 64 69 70 76 77
 39 45 47 48 61 62 64 71 78
 39 45 47 48 61 62 64 71 76 77
 39 45 47 48 61 62 64 69 70 78
 39 45 47 48 61 62 64 69 70 76 77
 39 45 47 48 51 64
 39 45 47 48 51 63 64 71
 39 45 47 48 51 63 64 69 70
 39 45 47 48 51 61 62 64 71
 39 45 47 48 51 61 62 64 69 70
 39 45 46 47 64 78
 39 45 46 47 64 76 77
 39 45 46 47 64 74 78
 39 45 46 47 64 74 76 77
 39 45 46 47 64 72 73 78
 39 45 46 47 64 72 73 76 77
 39 45 46 47 63 64 71 78
 39 45 46 47 63 64 71 76 77
 39 45 46 47 63 64 71 74 78
 39 45 46 47 63 64 71 74 76 77
 39 45 46 47 63 64 71 72 73 78
 39 45 46 47 63 64 71 72 73 76 77
 39 45 46 47 63 64 69 70 78
 39 45 46 47 63 64 69 70 76 77
 39 45 46 47 63 64 69 70 74 78
 39 45 46 47 63 64 69 70 74 76 77
 39 45 46 47 63 64 69 70 72 73 78
 39 45 46 47 63 64 69 70 72 73 76 77
 39 45 46 47 61 62 64 71 78
 39 45 46 47 61 62 64 71 76 77
 39 45 46 47 61 62 64 71 74 78
 39 45 46 47 61 62 64 71 74 76 77
 39 45 46 47 61 62 64 71 72 73 78
 39 45 46 47 61 62 64 71 72 73 76 77
 39 45 46 47 61 62 64 69 70 78
 39 45 46 47 61 62 64 69 70 76 77
 39 45 46 47 61 62 64 69 70 74 78
 39 45 46 47 61 62 64 69 70 74 76 77
 39 45 46 47 61 62 64 69 70 72 73 78
 39 45 46 47 61 62 64 69 70 72 73 76 77
 39 45 46 47 51 64
 39 45 46 47 51 64 74
 39 45 46 47 51 64 72 73
 39 45 46 47 51 63 64 71
 39 45 46 47 51 63 64 71 74
 39 45 46 47 51 63 64 71 72 73
 39 45 46 47 51 63 64 69 70
 39 45 46 47 51 63 64 69 70 74
 39 45 46 47 51 63 64 69 70 72 73
 39 45 46 47 51 61 62 64 71
 39 45 46 47 51 61 62 64 71 74
 39 45 46 47 51 61 62 64 71 72 73
 39 45 46 47 51 61 62 64 69 70
 39 45 46 47 51 61 62 64 69 70 74
 39 45 46 47 51 61 62 64 69 70 72 73
 39 44 48 63 64 72 74 78
 39 44 48 63 64 72 74 76 77
 39 44 48 63 64 72 73 78
 39 44 48 63 64 72 73 76 77
 39 44 48 63 64 70 71 74 78
 39 44 48 63 64 70 71 74 76 77
 39 44 48 63 64 70 71 72 73 78
 39 44 48 63 64 70 71 72 73 76 77
 39 44 48 61 62 64 72 74 78
 39 44 48 61 62 64 72 74 76 77
 39 44 48 61 62 64 72 73 78
 39 44 48 61 62 64 72 73 76 77
 39 44 48 61 62 64 70 71 74 78
 39 44 48 61 62 64 70 71 74 76 77
 39 44 48 61 62 64 70 71 72 73 78
 39 44 48 61 62 64 70 71 72 73 76 77
 39 44 48 51 63 64 72 74
 39 44 48 51 63 64 72 73
 39 44 48 51 63 64 70 71 74
 39 44 48 51 63 64 70 71 72 73
 39 44 48 51 61 62 64 72 74
 39 44 48 51 61 62 64 72 73
 39 44 48 51 61 62 64 70 71 74
 39 44 48 51 61 62 64 70 71 72 73
 39 44 47 48 63 64 72 78
 39 44 47 48 63 64 72 76 77
 39 44 47 48 63 64 70 71 78
 39 44 47 48 63 64 70 71 76 77
 39 44 47 48 61 62 64 72 78
 39 44 47 48 61 62 64 72 76 77
 39 44 47 48 61 62 64 70 71 78
 39 44 47 48 61 62 64 70 71 76 77
 39 44 47 48 51 63 64 72
 39 44 47 48 51 63 64 70 71
 39 44 47 48 51 61 62 64 72
 39 44 47 48 51 61 62 64 70 71
 39 44 46 47 63 64 72 78
 39 44 46 47 63 64 72 76 77
 39 44 46 47 63 64 72 74 78
 39 44 46 47 63 64 72 74 76 77
 39 44 46 47 63 64 72 73 78
 39 44 46 47 63 64 72 73 76 77
 39 44 46 47 63 64 70 71 78
 39 44 46 47 63 64 70 71 76 77
 39 44 46 47 63 64 70 71 74 78
 39 44 46 47 63 64 70 71 74 76 77
 39 44 46 47 63 64 70 71 72 73 78
 39 44 46 47 63 64 70 71 72 73 76 77
 39 44 46 47 61 62 64 72 78
 39 44 46 47 61 62 64 72 76 77
 39 44 46 47 61 62 64 72 74 78
 39 44 46 47 61 62 64 72 74 76 77
 39 44 46 47 61 62 64 72 73 78
 39 44 46 47 61 62 64 72 73 76 77
 39 44 46 47 61 62 64 70 71 78
 39 44 46 47 61 62 64 70 71 76 77
 39 44 46 47 61 62 64 70 71 74 78
 39 44 46 47 61 62 64 70 71 74 76 77
 39 44 46 47 61 62 64 70 71 72 73 78
 39 44 46 47 61 62 64 70 71 72 73 76 77
 39 44 46 47 51 63 64 72
 39 44 46 47 51 63 64 72 74
 39 44 46 47 51 63 64 72 73
 39 44 46 47 51 63 64 70 71
 39 44 46 47 51 63 64 70 71 74
 39 44 46 47 51 63 64 70 71 72 73
 39 44 46 47 51 61 62 64 72
 39 44 46 47 51 61 62 64 72 74
 39 44 46 47 51 61 62 64 72 73
 39 44 46 47 51 61 62 64 70 71
 39 44 46 47 51 61 62 64 70 71 74
 39 44 46 47 51 61 62 64 70 71 72 73
 39 44 45 48 63 64 74 78
 39 44 45 48 63 64 74 76 77
 39 44 45 48 63 64 72 73 78
 39 44 45 48 63 64 72 73 76 77
 39 44 45 48 61 62 64 74 78
 39 44 45 48 61 62 64 74 76 77
 39 44 45 48 61 62 64 72 73 78
 39 44 45 48 61 62 64 72 73 76 77
 39 44 45 48 51 63 64 74
 39 44 45 48 51 63 64 72 73
 39 44 45 48 51 61 62 64 74
 39 44 45 48 51 61 62 64 72 73
 39 44 45 47 48 63 64 78
 39 44 45 47 48 63 64 76 77
 39 44 45 47 48 61 62 64 78
 39 44 45 47 48 61 62 64 76 77
 39 44 45 47 48 51 63 64
 39 44 45 47 48 51 61 62 64
 39 44 45 46 47 63 64 78
 39 44 45 46 47 63 64 76 77
 39 44 45 46 47 63 64 74 78
 39 44 45 46 47 63 64 74 76 77
 39 44 45 46 47 63 64 72 73 78
 39 44 45 46 47 63 64 72 73 76 77
 39 44 45 46 47 61 62 64 78
 39 44 45 46 47 61 62 64 76 77
 39 44 45 46 47 61 62 64 74 78
 39 44 45 46 47 61 62 64 74 76 77
 39 44 45 46 47 61 62 64 72 73 78
 39 44 45 46 47 61 62 64 72 73 76 77
 39 44 45 46 47 51 63 64
 39 44 45 46 47 51 63 64 74
 39 44 45 46 47 51 63 64 72 73
 39 44 45 46 47 51 61 62 64
 39 44 45 46 47 51 61 62 64 74
 39 44 45 46 47 51 61 62 64 72 73
 37 38 48 64 72 74 78
 37 38 48 64 72 74 76 77
 37 38 48 64 72 73 78
 37 38 48 64 72 73 76 77
 37 38 48 64 70 71 74 78
 37 38 48 64 70 71 74 76 77
 37 38 48 64 70 71 72 73 78
 37 38 48 64 70 71 72 73 76 77
 37 38 48 63 64 71 72 74 78
 37 38 48 63 64 71 72 74 76 77
 37 38 48 63 64 71 72 73 78
 37 38 48 63 64 71 72 73 76 77
 37 38 48 63 64 70 71 74 78
 37 38 48 63 64 70 71 74 76 77
 37 38 48 63 64 70 71 72 73 78
 37 38 48 63 64 70 71 72 73 76 77
 37 38 48 63 64 69 70 72 74 78
 37 38 48 63 64 69 70 72 74 76 77
 37 38 48 63 64 69 70 72 73 78
 37 38 48 63 64 69 70 72 73 76 77
 37 38 48 63 64 69 70 71 74 78
 37 38 48 63 64 69 70 71 74 76 77
 37 38 48 63 64 69 70 71 72 73 78
 37 38 48 63 64 69 70 71 72 73 76 77
 37 38 48 61 62 64 71 72 74 78
 37 38 48 61 62 64 71 72 74 76 77
 37 38 48 61 62 64 71 72 73 78
 37 38 48 61 62 64 71 72 73 76 77
 37 38 48 61 62 64 70 71 74 78
 37 38 48 61 62 64 70 71 74 76 77
 37 38 48 61 62 64 70 71 72 73 78
 37 38 48 61 62 64 70 71 72 73 76 77
 37 38 48 61 62 64 69 70 72 74 78
 37 38 48 61 62 64 69 70 72 74 76 77
 37 38 48 61 62 64 69 70 72 73 78
 37 38 48 61 62 64 69 70 72 73 76 77
 37 38 48 61 62 64 69 70 71 74 78
 37 38 48 61 62 64 69 70 71 74 76 77
 37 38 48 61 62 64 69 70 71 72 73 78
 37 38 48 61 62 64 69 70 71 72 73 76 77
 37 38 48 51 64 72 74
 37 38 48 51 64 72 73
 37 38 48 51 64 70 71 74
 37 38 48 51 64 70 71 72 73
 37 38 48 51 63 64 71 72 74
 37 38 48 51 63 64 71 72 73
 37 38 48 51 63 64 70 71 74
 37 38 48 51 63 64 70 71 72 73
 37 38 48 51 63 64 69 70 72 74
 37 38 48 51 63 64 69 70 72 73
 37 38 48 51 63 64 69 70 71 74
 37 38 48 51 63 64 69 70 71 72 73
 37 38 48 51 61 62 64 71 72 74
 37 38 48 51 61 62 64 71 72 73
 37 38 48 51 61 62 64 70 71 74
 37 38 48 51 61 62 64 70 71 72 73
 37 38 48 51 61 62 64 69 70 72 74
 37 38 48 51 61 62 64 69 70 72 73
 37 38 48 51 61 62 64 69 70 71 74
 37 38 48 51 61 62 64 69 70 71 72 73
 37 38 47 48 64 72 78
 37 38 47 48 64 72 76 77
 37 38 47 48 64 70 71 78
 37 38 47 48 64 70 71 76 77
 37 38 47 48 63 64 71 72 78
 37 38 47 48 63 64 71 72 76 77
 37 38 47 48 63 64 70 71 78
 37 38 47 48 63 64 70 71 76 77
 37 38 47 48 63 64 69 70 72 78
 37 38 47 48 63 64 69 70 72 76 77
 37 38 47 48 63 64 69 70 71 78
 37 38 47 48 63 64 69 70 71 76 77
 37 38 47 48 61 62 64 71 72 78
 37 38 47 48 61 62 64 71 72 76 77
 37 38 47 48 61 62 64 70 71 78
 37 38 47 48 61 62 64 70 71 76 77
 37 38 47 48 61 62 64 69 70 72 78
 37 38 47 48 61 62 64 69 70 72 76 77
 37 38 47 48 61 62 64 69 70 71 78
 37 38 47 48 61 62 64 69 70 71 76 77
 37 38 47 48 51 64 72
 37 38 47 48 51 64 70 71
 37 38 47 48 51 63 64 71 72
 37 38 47 48 51 63 64 70 71
 37 38 47 48 51 63 64 69 70 72
 37 38 47 48 51 63 64 69 70 71
 37 38 47 48 51 61 62 64 71 72
 37 38 47 48 51 61 62 64 70 71
 37 38 47 48 51 61 62 64 69 70 72
 37 38 47 48 51 61 62 64 69 70 71
 37 38 46 47 64 72 78
 37 38 46 47 64 72 76 77
 37 38 46 47 64 72 74 78
 37 38 46 47 64 72 74 76 77
 37 38 46 47 64 72 73 78
 37 38 46 47 64 72 73 76 77
 37 38 46 47 64 70 71 78
 37 38 46 47 64 70 71 76 77
 37 38 46 47 64 70 71 74 78
 37 38 46 47 64 70 71 74 76 77
 37 38 46 47 64 70 71 72 73 78
 37 38 46 47 64 70 71 72 73 76 77
 37 38 46 47 63 64 71 72 78
 37 38 46 47 63 64 71 72 76 77
 37 38 46 47 63 64 71 72 74 78
 37 38 46 47 63 64 71 72 74 76 77
 37 38 46 47 63 64 71 72 73 78
 37 38 46 47 63 64 71 72 73 76 77
 37 38 46 47 63 64 70 71 78
 37 38 46 47 63 64 70 71 76 77
 37 38 46 47 63 64 70 71 74 78
 37 38 46 47 63 64 70 71 74 76 77
 37 38 46 47 63 64 70 71 72 73 78
 37 38 46 47 63 64 70 71 72 73 76 77
 37 38 46 47 63 64 69 70 72 78
 37 38 46 47 63 64 69 70 72 76 77
 37 38 46 47 63 64 69 70 72 74 78
 37 38 46 47 63 64 69 70 72 74 76 77
 37 38 46 47 63 64 69 70 72 73 78
 37 38 46 47 63 64 69 70 72 73 76 77
 37 38 46 47 63 64 69 70 71 78
 37 38 46 47 63 64 69 70 71 76 77
 37 38 46 47 63 64 69 70 71 74 78
 37 38 46 47 63 64 69 70 71 74 76 77
 37 38 46 47 63 64 69 70 71 72 73 78
 37 38 46 47 63 64 69 70 71 72 73 76 77
 37 38 46 47 61 62 64 71 72 78
 37 38 46 47 61 62 64 71 72 76 77
 37 38 46 47 61 62 64 71 72 74 78
 37 38 46 47 61 62 64 71 72 74 76 77
 37 38 46 47 61 62 64 71 72 73 78
 37 38 46 47 61 62 64 71 72 73 76 77
 37 38 46 47 61 62 64 70 71 78
 37 38 46 47 61 62 64 70 71 76 77
 37 38 46 47 61 62 64 70 71 74 78
 37 38 46 47 61 62 64 70 71 74 76 77
 37 38 46 47 61 62 64 70 71 72 73 78
 37 38 46 47 61 62 64 70 71 72 73 76 77
 37 38 46 47 61 62 64 69 70 72 78
 37 38 46 47 61 62 64 69 70 72 76 77
 37 38 46 47 61 62 64 69 70 72 74 78
 37 38 46 47 61 62 64 69 70 72 74 76 77
 37 38 46 47 61 62 64 69 70 72 73 78
 37 38 46 47 61 62 64 69 70 72 73 76 77
 37 38 46 47 61 62 64 69 70 71 78
 37 38 46 47 61 62 64 69 70 71 76 77
 37 38 46 47 61 62 64 69 70 71 74 78
 37 38 46 47 61 62 64 69 70 71 74 76 77
 37 38 46 47 61 62 64 69 70 71 72 73 78
 37 38 46 47 61 62 64 69 70 71 72 73 76 77
 37 38 46 47 51 64 72
 37 38 46 47 51 64 72 74
 37 38 46 47 51 64 72 73
 37 38 46 47 51 64 70 71
 37 38 46 47 51 64 70 71 74
 37 38 46 47 51 64 70 71 72 73
 37 38 46 47 51 63 64 71 72
 37 38 46 47 51 63 64 71 72 74
 37 38 46 47 51 63 64 71 72 73
 37 38 46 47 51 63 64 70 71
 37 38 46 47 51 63 64 70 71 74
 37 38 46 47 51 63 64 70 71 72 73
 37 38 46 47 51 63 64 69 70 72
 37 38 46 47 51 63 64 69 70 72 74
 37 38 46 47 51 63 64 69 70 72 73
 37 38 46 47 51 63 64 69 70 71
 37 38 46 47 51 63 64 69 70 71 74
 37 38 46 47 51 63 64 69 70 71 72 73
 37 38 46 47 51 61 62 64 71 72
 37 38 46 47 51 61 62 64 71 72 74
 37 38 46 47 51 61 62 64 71 72 73
 37 38 46 47 51 61 62 64 70 71
 37 38 46 47 51 61 62 64 70 71 74
 37 38 46 47 51 61 62 64 70 71 72 73
 37 38 46 47 51 61 62 64 69 70 72
 37 38 46 47 51 61 62 64 69 70 72 74
 37 38 46 47 51 61 62 64 69 70 72 73
 37 38 46 47 51 61 62 64 69 70 71
 37 38 46 47 51 61 62 64 69 70 71 74
 37 38 46 47 51 61 62 64 69 70 71 72 73
 37 38 45 48 64 74 78
 37 38 45 48 64 74 76 77
 37 38 45 48 64 72 73 78
 37 38 45 48 64 72 73 76 77
 37 38 45 48 63 64 71 74 78
 37 38 45 48 63 64 71 74 76 77
 37 38 45 48 63 64 71 72 73 78
 37 38 45 48 63 64 71 72 73 76 77
 37 38 45 48 63 64 69 70 74 78
 37 38 45 48 63 64 69 70 74 76 77
 37 38 45 48 63 64 69 70 72 73 78
 37 38 45 48 63 64 69 70 72 73 76 77
 37 38 45 48 61 62 64 71 74 78
 37 38 45 48 61 62 64 71 74 76 77
 37 38 45 48 61 62 64 71 72 73 78
 37 38 45 48 61 62 64 71 72 73 76 77
 37 38 45 48 61 62 64 69 70 74 78
 37 38 45 48 61 62 64 69 70 74 76 77
 37 38 45 48 61 62 64 69 70 72 73 78
 37 38 45 48 61 62 64 69 70 72 73 76 77
 37 38 45 48 51 64 74
 37 38 45 48 51 64 72 73
 37 38 45 48 51 63 64 71 74
 37 38 45 48 51 63 64 71 72 73
 37 38 45 48 51 63 64 69 70 74
 37 38 45 48 51 63 64 69 70 72 73
 37 38 45 48 51 61 62 64 71 74
 37 38 45 48 51 61 62 64 71 72 73
 37 38 45 48 51 61 62 64 69 70 74
 37 38 45 48 51 61 62 64 69 70 72 73
 37 38 45 47 48 64 78
 37 38 45 47 48 64 76 77
 37 38 45 47 48 63 64 71 78
 37 38 45 47 48 63 64 71 76 77
 37 38 45 47 48 63 64 69 70 78
 37 38 45 47 48 63 64 69 70 76 77
 37 38 45 47 48 61 62 64 71 78
 37 38 45 47 48 61 62 64 71 76 77
 37 38 45 47 48 61 62 64 69 70 78
 37 38 45 47 48 61 62 64 69 70 76 77
 37 38 45 47 48 51 64
 37 38 45 47 48 51 63 64 71
 37 38 45 47 48 51 63 64 69 70
 37 38 45 47 48 51 61 62 64 71
 37 38 45 47 48 51 61 62 64 69 70
 37 38 45 46 47 64 78
 37 38 45 46 47 64 76 77
 37 38 45 46 47 64 74 78
 37 38 45 46 47 64 74 76 77
 37 38 45 46 47 64 72 73 78
 37 38 45 46 47 64 72 73 76 77
 37 38 45 46 47 63 64 71 78
 37 38 45 46 47 63 64 71 76 77
 37 38 45 46 47 63 64 71 74 78
 37 38 45 46 47 63 64 71 74 76 77
 37 38 45 46 47 63 64 71 72 73 78
 37 38 45 46 47 63 64 71 72 73 76 77
 37 38 45 46 47 63 64 69 70 78
 37 38 45 46 47 63 64 69 70 76 77
 37 38 45 46 47 63 64 69 70 74 78
 37 38 45 46 47 63 64 69 70 74 76 77
 37 38 45 46 47 63 64 69 70 72 73 78
 37 38 45 46 47 63 64 69 70 72 73 76 77
 37 38 45 46 47 61 62 64 71 78
 37 38 45 46 47 61 62 64 71 76 77
 37 38 45 46 47 61 62 64 71 74 78
 37 38 45 46 47 61 62 64 71 74 76 77
 37 38 45 46 47 61 62 64 71 72 73 78
 37 38 45 46 47 61 62 64 71 72 73 76 77
 37 38 45 46 47 61 62 64 69 70 78
 37 38 45 46 47 61 62 64 69 70 76 77
 37 38 45 46 47 61 62 64 69 70 74 78
 37 38 45 46 47 61 62 64 69 70 74 76 77
 37 38 45 46 47 61 62 64 69 70 72 73 78
 37 38 45 46 47 61 62 64 69 70 72 73 76 77
 37 38 45 46 47 51 64
 37 38 45 46 47 51 64 74
 37 38 45 46 47 51 64 72 73
 37 38 45 46 47 51 63 64 71
 37 38 45 46 47 51 63 64 71 74
 37 38 45 46 47 51 63 64 71 72 73
 37 38 45 46 47 51 63 64 69 70
 37 38 45 46 47 51 63 64 69 70 74
 37 38 45 46 47 51 63 64 69 70 72 73
 37 38 45 46 47 51 61 62 64 71
 37 38 45 46 47 51 61 62 64 71 74
 37 38 45 46 47 51 61 62 64 71 72 73
 37 38 45 46 47 51 61 62 64 69 70
 37 38 45 46 47 51 61 62 64 69 70 74
 37 38 45 46 47 51 61 62 64 69 70 72 73
 37 38 44 48 63 64 72 74 78
 37 38 44 48 63 64 72 74 76 77
 37 38 44 48 63 64 72 73 78
 37 38 44 48 63 64 72 73 76 77
 37 38 44 48 63 64 70 71 74 78
 37 38 44 48 63 64 70 71 74 76 77
 37 38 44 48 63 64 70 71 72 73 78
 37 38 44 48 63 64 70 71 72 73 76 77
 37 38 44 48 61 62 64 72 74 78
 37 38 44 48 61 62 64 72 74 76 77
 37 38 44 48 61 62 64 72 73 78
 37 38 44 48 61 62 64 72 73 76 77
 37 38 44 48 61 62 64 70 71 74 78
 37 38 44 48 61 62 64 70 71 74 76 77
 37 38 44 48 61 62 64 70 71 72 73 78
 37 38 44 48 61 62 64 70 71 72 73 76 77
 37 38 44 48 51 63 64 72 74
 37 38 44 48 51 63 64 72 73
 37 38 44 48 51 63 64 70 71 74
 37 38 44 48 51 63 64 70 71 72 73
 37 38 44 48 51 61 62 64 72 74
 37 38 44 48 51 61 62 64 72 73
 37 38 44 48 51 61 62 64 70 71 74
 37 38 44 48 51 61 62 64 70 71 72 73
 37 38 44 47 48 63 64 72 78
 37 38 44 47 48 63 64 72 76 77
 37 38 44 47 48 63 64 70 71 78
 37 38 44 47 48 63 64 70 71 76 77
 37 38 44 47 48 61 62 64 72 78
 37 38 44 47 48 61 62 64 72 76 77
 37 38 44 47 48 61 62 64 70 71 78
 37 38 44 47 48 61 62 64 70 71 76 77
 37 38 44 47 48 51 63 64 72
 37 38 44 47 48 51 63 64 70 71
 37 38 44 47 48 51 61 62 64 72
 37 38 44 47 48 51 61 62 64 70 71
 37 38 44 46 47 63 64 72 78
 37 38 44 46 47 63 64 72 76 77
 37 38 44 46 47 63 64 72 74 78
 37 38 44 46 47 63 64 72 74 76 77
 37 38 44 46 47 63 64 72 73 78
 37 38 44 46 47 63 64 72 73 76 77
 37 38 44 46 47 63 64 70 71 78
 37 38 44 46 47 63 64 70 71 76 77
 37 38 44 46 47 63 64 70 71 74 78
 37 38 44 46 47 63 64 70 71 74 76 77
 37 38 44 46 47 63 64 70 71 72 73 78
 37 38 44 46 47 63 64 70 71 72 73 76 77
 37 38 44 46 47 61 62 64 72 78
 37 38 44 46 47 61 62 64 72 76 77
 37 38 44 46 47 61 62 64 72 74 78
 37 38 44 46 47 61 62 64 72 74 76 77
 37 38 44 46 47 61 62 64 72 73 78
 37 38 44 46 47 61 62 64 72 73 76 77
 37 38 44 46 47 61 62 64 70 71 78
 37 38 44 46 47 61 62 64 70 71 76 77
 37 38 44 46 47 61 62 64 70 71 74 78
 37 38 44 46 47 61 62 64 70 71 74 76 77
 37 38 44 46 47 61 62 64 70 71 72 73 78
 37 38 44 46 47 61 62 64 70 71 72 73 76 77
 37 38 44 46 47 51 63 64 72
 37 38 44 46 47 51 63 64 72 74
 37 38 44 46 47 51 63 64 72 73
 37 38 44 46 47 51 63 64 70 71
 37 38 44 46 47 51 63 64 70 71 74
 37 38 44 46 47 51 63 64 70 71 72 73
 37 38 44 46 47 51 61 62 64 72
 37 38 44 46 47 51 61 62 64 72 74
 37 38 44 46 47 51 61 62 64 72 73
 37 38 44 46 47 51 61 62 64 70 71
 37 38 44 46 47 51 61 62 64 70 71 74
 37 38 44 46 47 51 61 62 64 70 71 72 73
 37 38 44 45 48 63 64 74 78
 37 38 44 45 48 63 64 74 76 77
 37 38 44 45 48 63 64 72 73 78
 37 38 44 45 48 63 64 72 73 76 77
 37 38 44 45 48 61 62 64 74 78
 37 38 44 45 48 61 62 64 74 76 77
 37 38 44 45 48 61 62 64 72 73 78
 37 38 44 45 48 61 62 64 72 73 76 77
 37 38 44 45 48 51 63 64 74
 37 38 44 45 48 51 63 64 72 73
 37 38 44 45 48 51 61 62 64 74
 37 38 44 45 48 51 61 62 64 72 73
 37 38 44 45 47 48 63 64 78
 37 38 44 45 47 48 63 64 76 77
 37 38 44 45 47 48 61 62 64 78
 37 38 44 45 47 48 61 62 64 76 77
 37 38 44 45 47 48 51 63 64
 37 38 44 45 47 48 51 61 62 64
 37 38 44 45 46 47 63 64 78
 37 38 44 45 46 47 63 64 76 77
 37 38 44 45 46 47 63 64 74 78
 37 38 44 45 46 47 63 64 74 76 77
 37 38 44 45 46 47 63 64 72 73 78
 37 38 44 45 46 47 63 64 72 73 76 77
 37 38 44 45 46 47 61 62 64 78
 37 38 44 45 46 47 61 62 64 76 77
 37 38 44 45 46 47 61 62 64 74 78
 37 38 44 45 46 47 61 62 64 74 76 77
 37 38 44 45 46 47 61 62 64 72 73 78
 37 38 44 45 46 47 61 62 64 72 73 76 77
 37 38 44 45 46 47 51 63 64
 37 38 44 45 46 47 51 63 64 74
 37 38 44 45 46 47 51 63 64 72 73
 37 38 44 45 46 47 51 61 62 64
 37 38 44 45 46 47 51 61 62 64 74
 37 38 44 45 46 47 51 61 62 64 72 73
 36 39 48 64 71 72 74 78
 36 39 48 64 71 72 74 76 77
 36 39 48 64 71 72 73 78
 36 39 48 64 71 72 73 76 77
 36 39 48 64 70 71 74 78
 36 39 48 64 70 71 74 76 77
 36 39 48 64 70 71 72 73 78
 36 39 48 64 70 71 72 73 76 77
 36 39 48 64 69 70 72 74 78
 36 39 48 64 69 70 72 74 76 77
 36 39 48 64 69 70 72 73 78
 36 39 48 64 69 70 72 73 76 77
 36 39 48 64 69 70 71 74 78
 36 39 48 64 69 70 71 74 76 77
 36 39 48 64 69 70 71 72 73 78
 36 39 48 64 69 70 71 72 73 76 77
 36 39 48 51 64 71 72 74
 36 39 48 51 64 71 72 73
 36 39 48 51 64 70 71 74
 36 39 48 51 64 70 71 72 73
 36 39 48 51 64 69 70 72 74
 36 39 48 51 64 69 70 72 73
 36 39 48 51 64 69 70 71 74
 36 39 48 51 64 69 70 71 72 73
 36 39 47 48 64 71 72 78
 36 39 47 48 64 71 72 76 77
 36 39 47 48 64 70 71 78
 36 39 47 48 64 70 71 76 77
 36 39 47 48 64 69 70 72 78
 36 39 47 48 64 69 70 72 76 77
 36 39 47 48 64 69 70 71 78
 36 39 47 48 64 69 70 71 76 77
 36 39 47 48 51 64 71 72
 36 39 47 48 51 64 70 71
 36 39 47 48 51 64 69 70 72
 36 39 47 48 51 64 69 70 71
 36 39 46 47 64 71 72 78
 36 39 46 47 64 71 72 76 77
 36 39 46 47 64 71 72 74 78
 36 39 46 47 64 71 72 74 76 77
 36 39 46 47 64 71 72 73 78
 36 39 46 47 64 71 72 73 76 77
 36 39 46 47 64 70 71 78
 36 39 46 47 64 70 71 76 77
 36 39 46 47 64 70 71 74 78
 36 39 46 47 64 70 71 74 76 77
 36 39 46 47 64 70 71 72 73 78
 36 39 46 47 64 70 71 72 73 76 77
 36 39 46 47 64 69 70 72 78
 36 39 46 47 64 69 70 72 76 77
 36 39 46 47 64 69 70 72 74 78
 36 39 46 47 64 69 70 72 74 76 77
 36 39 46 47 64 69 70 72 73 78
 36 39 46 47 64 69 70 72 73 76 77
 36 39 46 47 64 69 70 71 78
 36 39 46 47 64 69 70 71 76 77
 36 39 46 47 64 69 70 71 74 78
 36 39 46 47 64 69 70 71 74 76 77
 36 39 46 47 64 69 70 71 72 73 78
 36 39 46 47 64 69 70 71 72 73 76 77
 36 39 46 47 51 64 71 72
 36 39 46 47 51 64 71 72 74
 36 39 46 47 51 64 71 72 73
 36 39 46 47 51 64 70 71
 36 39 46 47 51 64 70 71 74
 36 39 46 47 51 64 70 71 72 73
 36 39 46 47 51 64 69 70 72
 36 39 46 47 51 64 69 70 72 74
 36 39 46 47 51 64 69 70 72 73
 36 39 46 47 51 64 69 70 71
 36 39 46 47 51 64 69 70 71 74
 36 39 46 47 51 64 69 70 71 72 73
 36 39 45 48 64 71 74 78
 36 39 45 48 64 71 74 76 77
 36 39 45 48 64 71 72 73 78
 36 39 45 48 64 71 72 73 76 77
 36 39 45 48 64 69 70 74 78
 36 39 45 48 64 69 70 74 76 77
 36 39 45 48 64 69 70 72 73 78
 36 39 45 48 64 69 70 72 73 76 77
 36 39 45 48 51 64 71 74
 36 39 45 48 51 64 71 72 73
 36 39 45 48 51 64 69 70 74
 36 39 45 48 51 64 69 70 72 73
 36 39 45 47 48 64 71 78
 36 39 45 47 48 64 71 76 77
 36 39 45 47 48 64 69 70 78
 36 39 45 47 48 64 69 70 76 77
 36 39 45 47 48 51 64 71
 36 39 45 47 48 51 64 69 70
 36 39 45 46 47 64 71 78
 36 39 45 46 47 64 71 76 77
 36 39 45 46 47 64 71 74 78
 36 39 45 46 47 64 71 74 76 77
 36 39 45 46 47 64 71 72 73 78
 36 39 45 46 47 64 71 72 73 76 77
 36 39 45 46 47 64 69 70 78
 36 39 45 46 47 64 69 70 76 77
 36 39 45 46 47 64 69 70 74 78
 36 39 45 46 47 64 69 70 74 76 77
 36 39 45 46 47 64 69 70 72 73 78
 36 39 45 46 47 64 69 70 72 73 76 77
 36 39 45 46 47 51 64 71
 36 39 45 46 47 51 64 71 74
 36 39 45 46 47 51 64 71 72 73
 36 39 45 46 47 51 64 69 70
 36 39 45 46 47 51 64 69 70 74
 36 39 45 46 47 51 64 69 70 72 73
 36 39 44 48 64 72 74 78
 36 39 44 48 64 72 74 76 77
 36 39 44 48 64 72 73 78
 36 39 44 48 64 72 73 76 77
 36 39 44 48 64 70 71 74 78
 36 39 44 48 64 70 71 74 76 77
 36 39 44 48 64 70 71 72 73 78
 36 39 44 48 64 70 71 72 73 76 77
 36 39 44 48 51 64 72 74
 36 39 44 48 51 64 72 73
 36 39 44 48 51 64 70 71 74
 36 39 44 48 51 64 70 71 72 73
 36 39 44 47 48 64 72 78
 36 39 44 47 48 64 72 76 77
 36 39 44 47 48 64 70 71 78
 36 39 44 47 48 64 70 71 76 77
 36 39 44 47 48 51 64 72
 36 39 44 47 48 51 64 70 71
 36 39 44 46 47 64 72 78
 36 39 44 46 47 64 72 76 77
 36 39 44 46 47 64 72 74 78
 36 39 44 46 47 64 72 74 76 77
 36 39 44 46 47 64 72 73 78
 36 39 44 46 47 64 72 73 76 77
 36 39 44 46 47 64 70 71 78
 36 39 44 46 47 64 70 71 76 77
 36 39 44 46 47 64 70 71 74 78
 36 39 44 46 47 64 70 71 74 76 77
 36 39 44 46 47 64 70 71 72 73 78
 36 39 44 46 47 64 70 71 72 73 76 77
 36 39 44 46 47 51 64 72
 36 39 44 46 47 51 64 72 74
 36 39 44 46 47 51 64 72 73
 36 39 44 46 47 51 64 70 71
 36 39 44 46 47 51 64 70 71 74
 36 39 44 46 47 51 64 70 71 72 73
 36 39 44 45 48 64 74 78
 36 39 44 45 48 64 74 76 77
 36 39 44 45 48 64 72 73 78
 36 39 44 45 48 64 72 73 76 77
 36 39 44 45 48 51 64 74
 36 39 44 45 48 51 64 72 73
 36 39 44 45 47 48 64 78
 36 39 44 45 47 48 64 76 77
 36 39 44 45 47 48 51 64
 36 39 44 45 46 47 64 78
 36 39 44 45 46 47 64 76 77
 36 39 44 45 46 47 64 74 78
 36 39 44 45 46 47 64 74 76 77
 36 39 44 45 46 47 64 72 73 78
 36 39 44 45 46 47 64 72 73 76 77
 36 39 44 45 46 47 51 64
 36 39 44 45 46 47 51 64 74
 36 39 44 45 46 47 51 64 72 73
 36 37 38 48 64 71 72 74 78
 36 37 38 48 64 71 72 74 76 77
 36 37 38 48 64 71 72 73 78
 36 37 38 48 64 71 72 73 76 77
 36 37 38 48 64 70 71 74 78
 36 37 38 48 64 70 71 74 76 77
 36 37 38 48 64 70 71 72 73 78
 36 37 38 48 64 70 71 72 73 76 77
 36 37 38 48 64 69 70 72 74 78
 36 37 38 48 64 69 70 72 74 76 77
 36 37 38 48 64 69 70 72 73 78
 36 37 38 48 64 69 70 72 73 76 77
 36 37 38 48 64 69 70 71 74 78
 36 37 38 48 64 69 70 71 74 76 77
 36 37 38 48 64 69 70 71 72 73 78
 36 37 38 48 64 69 70 71 72 73 76 77
 36 37 38 48 51 64 71 72 74
 36 37 38 48 51 64 71 72 73
 36 37 38 48 51 64 70 71 74
 36 37 38 48 51 64 70 71 72 73
 36 37 38 48 51 64 69 70 72 74
 36 37 38 48 51 64 69 70 72 73
 36 37 38 48 51 64 69 70 71 74
 36 37 38 48 51 64 69 70 71 72 73
 36 37 38 47 48 64 71 72 78
 36 37 38 47 48 64 71 72 76 77
 36 37 38 47 48 64 70 71 78
 36 37 38 47 48 64 70 71 76 77
 36 37 38 47 48 64 69 70 72 78
 36 37 38 47 48 64 69 70 72 76 77
 36 37 38 47 48 64 69 70 71 78
 36 37 38 47 48 64 69 70 71 76 77
 36 37 38 47 48 51 64 71 72
 36 37 38 47 48 51 64 70 71
 36 37 38 47 48 51 64 69 70 72
 36 37 38 47 48 51 64 69 70 71
 36 37 38 46 47 64 71 72 78
 36 37 38 46 47 64 71 72 76 77
 36 37 38 46 47 64 71 72 74 78
 36 37 38 46 47 64 71 72 74 76 77
 36 37 38 46 47 64 71 72 73 78
 36 37 38 46 47 64 71 72 73 76 77
 36 37 38 46 47 64 70 71 78
 36 37 38 46 47 64 70 71 76 77
 36 37 38 46 47 64 70 71 74 78
 36 37 38 46 47 64 70 71 74 76 77
 36 37 38 46 47 64 70 71 72 73 78
 36 37 38 46 47 64 70 71 72 73 76 77
 36 37 38 46 47 64 69 70 72 78
 36 37 38 46 47 64 69 70 72 76 77
 36 37 38 46 47 64 69 70 72 74 78
 36 37 38 46 47 64 69 70 72 74 76 77
 36 37 38 46 47 64 69 70 72 73 78
 36 37 38 46 47 64 69 70 72 73 76 77
 36 37 38 46 47 64 69 70 71 78
 36 37 38 46 47 64 69 70 71 76 77
 36 37 38 46 47 64 69 70 71 74 78
 36 37 38 46 47 64 69 70 71 74 76 77
 36 37 38 46 47 64 69 70 71 72 73 78
 36 37 38 46 47 64 69 70 71 72 73 76 77
 36 37 38 46 47 51 64 71 72
 36 37 38 46 47 51 64 71 72 74
 36 37 38 46 47 51 64 71 72 73
 36 37 38 46 47 51 64 70 71
 36 37 38 46 47 51 64 70 71 74
 36 37 38 46 47 51 64 70 71 72 73
 36 37 38 46 47 51 64 69 70 72
 36 37 38 46 47 51 64 69 70 72 74
 36 37 38 46 47 51 64 69 70 72 73
 36 37 38 46 47 51 64 69 70 71
 36 37 38 46 47 51 64 69 70 71 74
 36 37 38 46 47 51 64 69 70 71 72 73
 36 37 38 45 48 64 71 74 78
 36 37 38 45 48 64 71 74 76 77
 36 37 38 45 48 64 71 72 73 78
 36 37 38 45 48 64 71 72 73 76 77
 36 37 38 45 48 64 69 70 74 78
 36 37 38 45 48 64 69 70 74 76 77
 36 37 38 45 48 64 69 70 72 73 78
 36 37 38 45 48 64 69 70 72 73 76 77
 36 37 38 45 48 51 64 71 74
 36 37 38 45 48 51 64 71 72 73
 36 37 38 45 48 51 64 69 70 74
 36 37 38 45 48 51 64 69 70 72 73
 36 37 38 45 47 48 64 71 78
 36 37 38 45 47 48 64 71 76 77
 36 37 38 45 47 48 64 69 70 78
 36 37 38 45 47 48 64 69 70 76 77
 36 37 38 45 47 48 51 64 71
 36 37 38 45 47 48 51 64 69 70
 36 37 38 45 46 47 64 71 78
 36 37 38 45 46 47 64 71 76 77
 36 37 38 45 46 47 64 71 74 78
 36 37 38 45 46 47 64 71 74 76 77
 36 37 38 45 46 47 64 71 72 73 78
 36 37 38 45 46 47 64 71 72 73 76 77
 36 37 38 45 46 47 64 69 70 78
 36 37 38 45 46 47 64 69 70 76 77
 36 37 38 45 46 47 64 69 70 74 78
 36 37 38 45 46 47 64 69 70 74 76 77
 36 37 38 45 46 47 64 69 70 72 73 78
 36 37 38 45 46 47 64 69 70 72 73 76 77
 36 37 38 45 46 47 51 64 71
 36 37 38 45 46 47 51 64 71 74
 36 37 38 45 46 47 51 64 71 72 73
 36 37 38 45 46 47 51 64 69 70
 36 37 38 45 46 47 51 64 69 70 74
 36 37 38 45 46 47 51 64 69 70 72 73
 36 37 38 44 48 64 72 74 78
 36 37 38 44 48 64 72 74 76 77
 36 37 38 44 48 64 72 73 78
 36 37 38 44 48 64 72 73 76 77
 36 37 38 44 48 64 70 71 74 78
 36 37 38 44 48 64 70 71 74 76 77
 36 37 38 44 48 64 70 71 72 73 78
 36 37 38 44 48 64 70 71 72 73 76 77
 36 37 38 44 48 51 64 72 74
 36 37 38 44 48 51 64 72 73
 36 37 38 44 48 51 64 70 71 74
 36 37 38 44 48 51 64 70 71 72 73
 36 37 38 44 47 48 64 72 78
 36 37 38 44 47 48 64 72 76 77
 36 37 38 44 47 48 64 70 71 78
 36 37 38 44 47 48 64 70 71 76 77
 36 37 38 44 47 48 51 64 72
 36 37 38 44 47 48 51 64 70 71
 36 37 38 44 46 47 64 72 78
 36 37 38 44 46 47 64 72 76 77
 36 37 38 44 46 47 64 72 74 78
 36 37 38 44 46 47 64 72 74 76 77
 36 37 38 44 46 47 64 72 73 78
 36 37 38 44 46 47 64 72 73 76 77
 36 37 38 44 46 47 64 70 71 78
 36 37 38 44 46 47 64 70 71 76 77
 36 37 38 44 46 47 64 70 71 74 78
 36 37 38 44 46 47 64 70 71 74 76 77
 36 37 38 44 46 47 64 70 71 72 73 78
 36 37 38 44 46 47 64 70 71 72 73 76 77
 36 37 38 44 46 47 51 64 72
 36 37 38 44 46 47 51 64 72 74
 36 37 38 44 46 47 51 64 72 73
 36 37 38 44 46 47 51 64 70 71
 36 37 38 44 46 47 51 64 70 71 74
 36 37 38 44 46 47 51 64 70 71 72 73
 36 37 38 44 45 48 64 74 78
 36 37 38 44 45 48 64 74 76 77
 36 37 38 44 45 48 64 72 73 78
 36 37 38 44 45 48 64 72 73 76 77
 36 37 38 44 45 48 51 64 74
 36 37 38 44 45 48 51 64 72 73
 36 37 38 44 45 47 48 64 78
 36 37 38 44 45 47 48 64 76 77
 36 37 38 44 45 47 48 51 64
 36 37 38 44 45 46 47 64 78
 36 37 38 44 45 46 47 64 76 77
 36 37 38 44 45 46 47 64 74 78
 36 37 38 44 45 46 47 64 74 76 77
 36 37 38 44 45 46 47 64 72 73 78
 36 37 38 44 45 46 47 64 72 73 76 77
 36 37 38 44 45 46 47 51 64
 36 37 38 44 45 46 47 51 64 74
 36 37 38 44 45 46 47 51 64 72 73
 21 39 64 72 74 78
 21 39 64 72 74 76 77
 21 39 64 72 73 78
 21 39 64 72 73 76 77
 21 39 64 70 71 74 78
 21 39 64 70 71 74 76 77
 21 39 64 70 71 72 73 78
 21 39 64 70 71 72 73 76 77
 21 39 63 64 71 72 74 78
 21 39 63 64 71 72 74 76 77
 21 39 63 64 71 72 73 78
 21 39 63 64 71 72 73 76 77
 21 39 63 64 70 71 74 78
 21 39 63 64 70 71 74 76 77
 21 39 63 64 70 71 72 73 78
 21 39 63 64 70 71 72 73 76 77
 21 39 63 64 69 70 72 74 78
 21 39 63 64 69 70 72 74 76 77
 21 39 63 64 69 70 72 73 78
 21 39 63 64 69 70 72 73 76 77
 21 39 63 64 69 70 71 74 78
 21 39 63 64 69 70 71 74 76 77
 21 39 63 64 69 70 71 72 73 78
 21 39 63 64 69 70 71 72 73 76 77
 21 39 61 62 64 71 72 74 78
 21 39 61 62 64 71 72 74 76 77
 21 39 61 62 64 71 72 73 78
 21 39 61 62 64 71 72 73 76 77
 21 39 61 62 64 70 71 74 78
 21 39 61 62 64 70 71 74 76 77
 21 39 61 62 64 70 71 72 73 78
 21 39 61 62 64 70 71 72 73 76 77
 21 39 61 62 64 69 70 72 74 78
 21 39 61 62 64 69 70 72 74 76 77
 21 39 61 62 64 69 70 72 73 78
 21 39 61 62 64 69 70 72 73 76 77
 21 39 61 62 64 69 70 71 74 78
 21 39 61 62 64 69 70 71 74 76 77
 21 39 61 62 64 69 70 71 72 73 78
 21 39 61 62 64 69 70 71 72 73 76 77
 21 39 51 64 72 74
 21 39 51 64 72 73
 21 39 51 64 70 71 74
 21 39 51 64 70 71 72 73
 21 39 51 63 64 71 72 74
 21 39 51 63 64 71 72 73
 21 39 51 63 64 70 71 74
 21 39 51 63 64 70 71 72 73
 21 39 51 63 64 69 70 72 74
 21 39 51 63 64 69 70 72 73
 21 39 51 63 64 69 70 71 74
 21 39 51 63 64 69 70 71 72 73
 21 39 51 61 62 64 71 72 74
 21 39 51 61 62 64 71 72 73
 21 39 51 61 62 64 70 71 74
 21 39 51 61 62 64 70 71 72 73
 21 39 51 61 62 64 69 70 72 74
 21 39 51 61 62 64 69 70 72 73
 21 39 51 61 62 64 69 70 71 74
 21 39 51 61 62 64 69 70 71 72 73
 21 39 47 64 72 78
 21 39 47 64 72 76 77
 21 39 47 64 70 71 78
 21 39 47 64 70 71 76 77
 21 39 47 63 64 71 72 78
 21 39 47 63 64 71 72 76 77
 21 39 47 63 64 70 71 78
 21 39 47 63 64 70 71 76 77
 21 39 47 63 64 69 70 72 78
 21 39 47 63 64 69 70 72 76 77
 21 39 47 63 64 69 70 71 78
 21 39 47 63 64 69 70 71 76 77
 21 39 47 61 62 64 71 72 78
 21 39 47 61 62 64 71 72 76 77
 21 39 47 61 62 64 70 71 78
 21 39 47 61 62 64 70 71 76 77
 21 39 47 61 62 64 69 70 72 78
 21 39 47 61 62 64 69 70 72 76 77
 21 39 47 61 62 64 69 70 71 78
 21 39 47 61 62 64 69 70 71 76 77
 21 39 47 51 64 72
 21 39 47 51 64 70 71
 21 39 47 51 63 64 71 72
 21 39 47 51 63 64 70 71
 21 39 47 51 63 64 69 70 72
 21 39 47 51 63 64 69 70 71
 21 39 47 51 61 62 64 71 72
 21 39 47 51 61 62 64 70 71
 21 39 47 51 61 62 64 69 70 72
 21 39 47 51 61 62 64 69 70 71
 21 39 45 64 74 78
 21 39 45 64 74 76 77
 21 39 45 64 72 73 78
 21 39 45 64 72 73 76 77
 21 39 45 63 64 71 74 78
 21 39 45 63 64 71 74 76 77
 21 39 45 63 64 71 72 73 78
 21 39 45 63 64 71 72 73 76 77
 21 39 45 63 64 69 70 74 78
 21 39 45 63 64 69 70 74 76 77
 21 39 45 63 64 69 70 72 73 78
 21 39 45 63 64 69 70 72 73 76 77
 21 39 45 61 62 64 71 74 78
 21 39 45 61 62 64 71 74 76 77
 21 39 45 61 62 64 71 72 73 78
 21 39 45 61 62 64 71 72 73 76 77
 21 39 45 61 62 64 69 70 74 78
 21 39 45 61 62 64 69 70 74 76 77
 21 39 45 61 62 64 69 70 72 73 78
 21 39 45 61 62 64 69 70 72 73 76 77
 21 39 45 51 64 74
 21 39 45 51 64 72 73
 21 39 45 51 63 64 71 74
 21 39 45 51 63 64 71 72 73
 21 39 45 51 63 64 69 70 74
 21 39 45 51 63 64 69 70 72 73
 21 39 45 51 61 62 64 71 74
 21 39 45 51 61 62 64 71 72 73
 21 39 45 51 61 62 64 69 70 74
 21 39 45 51 61 62 64 69 70 72 73
 21 39 45 47 64 78
 21 39 45 47 64 76 77
 21 39 45 47 63 64 71 78
 21 39 45 47 63 64 71 76 77
 21 39 45 47 63 64 69 70 78
 21 39 45 47 63 64 69 70 76 77
 21 39 45 47 61 62 64 71 78
 21 39 45 47 61 62 64 71 76 77
 21 39 45 47 61 62 64 69 70 78
 21 39 45 47 61 62 64 69 70 76 77
 21 39 45 47 51 64
 21 39 45 47 51 63 64 71
 21 39 45 47 51 63 64 69 70
 21 39 45 47 51 61 62 64 71
 21 39 45 47 51 61 62 64 69 70
 21 39 44 63 64 72 74 78
 21 39 44 63 64 72 74 76 77
 21 39 44 63 64 72 73 78
 21 39 44 63 64 72 73 76 77
 21 39 44 63 64 70 71 74 78
 21 39 44 63 64 70 71 74 76 77
 21 39 44 63 64 70 71 72 73 78
 21 39 44 63 64 70 71 72 73 76 77
 21 39 44 61 62 64 72 74 78
 21 39 44 61 62 64 72 74 76 77
 21 39 44 61 62 64 72 73 78
 21 39 44 61 62 64 72 73 76 77
 21 39 44 61 62 64 70 71 74 78
 21 39 44 61 62 64 70 71 74 76 77
 21 39 44 61 62 64 70 71 72 73 78
 21 39 44 61 62 64 70 71 72 73 76 77
 21 39 44 51 63 64 72 74
 21 39 44 51 63 64 72 73
 21 39 44 51 63 64 70 71 74
 21 39 44 51 63 64 70 71 72 73
 21 39 44 51 61 62 64 72 74
 21 39 44 51 61 62 64 72 73
 21 39 44 51 61 62 64 70 71 74
 21 39 44 51 61 62 64 70 71 72 73
 21 39 44 47 63 64 72 78
 21 39 44 47 63 64 72 76 77
 21 39 44 47 63 64 70 71 78
 21 39 44 47 63 64 70 71 76 77
 21 39 44 47 61 62 64 72 78
 21 39 44 47 61 62 64 72 76 77
 21 39 44 47 61 62 64 70 71 78
 21 39 44 47 61 62 64 70 71 76 77
 21 39 44 47 51 63 64 72
 21 39 44 47 51 63 64 70 71
 21 39 44 47 51 61 62 64 72
 21 39 44 47 51 61 62 64 70 71
 21 39 44 45 63 64 74 78
 21 39 44 45 63 64 74 76 77
 21 39 44 45 63 64 72 73 78
 21 39 44 45 63 64 72 73 76 77
 21 39 44 45 61 62 64 74 78
 21 39 44 45 61 62 64 74 76 77
 21 39 44 45 61 62 64 72 73 78
 21 39 44 45 61 62 64 72 73 76 77
 21 39 44 45 51 63 64 74
 21 39 44 45 51 63 64 72 73
 21 39 44 45 51 61 62 64 74
 21 39 44 45 51 61 62 64 72 73
 21 39 44 45 47 63 64 78
 21 39 44 45 47 63 64 76 77
 21 39 44 45 47 61 62 64 78
 21 39 44 45 47 61 62 64 76 77
 21 39 44 45 47 51 63 64
 21 39 44 45 47 51 61 62 64
 21 37 38 64 72 74 78
 21 37 38 64 72 74 76 77
 21 37 38 64 72 73 78
 21 37 38 64 72 73 76 77
 21 37 38 64 70 71 74 78
 21 37 38 64 70 71 74 76 77
 21 37 38 64 70 71 72 73 78
 21 37 38 64 70 71 72 73 76 77
 21 37 38 63 64 71 72 74 78
 21 37 38 63 64 71 72 74 76 77
 21 37 38 63 64 71 72 73 78
 21 37 38 63 64 71 72 73 76 77
 21 37 38 63 64 70 71 74 78
 21 37 38 63 64 70 71 74 76 77
 21 37 38 63 64 70 71 72 73 78
 21 37 38 63 64 70 71 72 73 76 77
 21 37 38 63 64 69 70 72 74 78
 21 37 38 63 64 69 70 72 74 76 77
 21 37 38 63 64 69 70 72 73 78
 21 37 38 63 64 69 70 72 73 76 77
 21 37 38 63 64 69 70 71 74 78
 21 37 38 63 64 69 70 71 74 76 77
 21 37 38 63 64 69 70 71 72 73 78
 21 37 38 63 64 69 70 71 72 73 76 77
 21 37 38 61 62 64 71 72 74 78
 21 37 38 61 62 64 71 72 74 76 77
 21 37 38 61 62 64 71 72 73 78
 21 37 38 61 62 64 71 72 73 76 77
 21 37 38 61 62 64 70 71 74 78
 21 37 38 61 62 64 70 71 74 76 77
 21 37 38 61 62 64 70 71 72 73 78
 21 37 38 61 62 64 70 71 72 73 76 77
 21 37 38 61 62 64 69 70 72 74 78
 21 37 38 61 62 64 69 70 72 74 76 77
 21 37 38 61 62 64 69 70 72 73 78
 21 37 38 61 62 64 69 70 72 73 76 77
 21 37 38 61 62 64 69 70 71 74 78
 21 37 38 61 62 64 69 70 71 74 76 77
 21 37 38 61 62 64 69 70 71 72 73 78
 21 37 38 61 62 64 69 70 71 72 73 76 77
 21 37 38 51 64 72 74
 21 37 38 51 64 72 73
 21 37 38 51 64 70 71 74
 21 37 38 51 64 70 71 72 73
 21 37 38 51 63 64 71 72 74
 21 37 38 51 63 64 71 72 73
 21 37 38 51 63 64 70 71 74
 21 37 38 51 63 64 70 71 72 73
 21 37 38 51 63 64 69 70 72 74
 21 37 38 51 63 64 69 70 72 73
 21 37 38 51 63 64 69 70 71 74
 21 37 38 51 63 64 69 70 71 72 73
 21 37 38 51 61 62 64 71 72 74
 21 37 38 51 61 62 64 71 72 73
 21 37 38 51 61 62 64 70 71 74
 21 37 38 51 61 62 64 70 71 72 73
 21 37 38 51 61 62 64 69 70 72 74
 21 37 38 51 61 62 64 69 70 72 73
 21 37 38 51 61 62 64 69 70 71 74
 21 37 38 51 61 62 64 69 70 71 72 73
 21 37 38 47 64 72 78
 21 37 38 47 64 72 76 77
 21 37 38 47 64 70 71 78
 21 37 38 47 64 70 71 76 77
 21 37 38 47 63 64 71 72 78
 21 37 38 47 63 64 71 72 76 77
 21 37 38 47 63 64 70 71 78
 21 37 38 47 63 64 70 71 76 77
 21 37 38 47 63 64 69 70 72 78
 21 37 38 47 63 64 69 70 72 76 77
 21 37 38 47 63 64 69 70 71 78
 21 37 38 47 63 64 69 70 71 76 77
 21 37 38 47 61 62 64 71 72 78
 21 37 38 47 61 62 64 71 72 76 77
 21 37 38 47 61 62 64 70 71 78
 21 37 38 47 61 62 64 70 71 76 77
 21 37 38 47 61 62 64 69 70 72 78
 21 37 38 47 61 62 64 69 70 72 76 77
 21 37 38 47 61 62 64 69 70 71 78
 21 37 38 47 61 62 64 69 70 71 76 77
 21 37 38 47 51 64 72
 21 37 38 47 51 64 70 71
 21 37 38 47 51 63 64 71 72
 21 37 38 47 51 63 64 70 71
 21 37 38 47 51 63 64 69 70 72
 21 37 38 47 51 63 64 69 70 71
 21 37 38 47 51 61 62 64 71 72
 21 37 38 47 51 61 62 64 70 71
 21 37 38 47 51 61 62 64 69 70 72
 21 37 38 47 51 61 62 64 69 70 71
 21 37 38 45 64 74 78
 21 37 38 45 64 74 76 77
 21 37 38 45 64 72 73 78
 21 37 38 45 64 72 73 76 77
 21 37 38 45 63 64 71 74 78
 21 37 38 45 63 64 71 74 76 77
 21 37 38 45 63 64 71 72 73 78
 21 37 38 45 63 64 71 72 73 76 77
 21 37 38 45 63 64 69 70 74 78
 21 37 38 45 63 64 69 70 74 76 77
 21 37 38 45 63 64 69 70 72 73 78
 21 37 38 45 63 64 69 70 72 73 76 77
 21 37 38 45 61 62 64 71 74 78
 21 37 38 45 61 62 64 71 74 76 77
 21 37 38 45 61 62 64 71 72 73 78
 21 37 38 45 61 62 64 71 72 73 76 77
 21 37 38 45 61 62 64 69 70 74 78
 21 37 38 45 61 62 64 69 70 74 76 77
 21 37 38 45 61 62 64 69 70 72 73 78
 21 37 38 45 61 62 64 69 70 72 73 76 77
 21 37 38 45 51 64 74
 21 37 38 45 51 64 72 73
 21 37 38 45 51 63 64 71 74
 21 37 38 45 51 63 64 71 72 73
 21 37 38 45 51 63 64 69 70 74
 21 37 38 45 51 63 64 69 70 72 73
 21 37 38 45 51 61 62 64 71 74
 21 37 38 45 51 61 62 64 71 72 73
 21 37 38 45 51 61 62 64 69 70 74
 21 37 38 45 51 61 62 64 69 70 72 73
 21 37 38 45 47 64 78
 21 37 38 45 47 64 76 77
 21 37 38 45 47 63 64 71 78
 21 37 38 45 47 63 64 71 76 77
 21 37 38 45 47 63 64 69 70 78
 21 37 38 45 47 63 64 69 70 76 77
 21 37 38 45 47 61 62 64 71 78
 21 37 38 45 47 61 62 64 71 76 77
 21 37 38 45 47 61 62 64 69 70 78
 21 37 38 45 47 61 62 64 69 70 76 77
 21 37 38 45 47 51 64
 21 37 38 45 47 51 63 64 71
 21 37 38 45 47 51 63 64 69 70
 21 37 38 45 47 51 61 62 64 71
 21 37 38 45 47 51 61 62 64 69 70
 21 37 38 44 63 64 72 74 78
 21 37 38 44 63 64 72 74 76 77
 21 37 38 44 63 64 72 73 78
 21 37 38 44 63 64 72 73 76 77
 21 37 38 44 63 64 70 71 74 78
 21 37 38 44 63 64 70 71 74 76 77
 21 37 38 44 63 64 70 71 72 73 78
 21 37 38 44 63 64 70 71 72 73 76 77
 21 37 38 44 61 62 64 72 74 78
 21 37 38 44 61 62 64 72 74 76 77
 21 37 38 44 61 62 64 72 73 78
 21 37 38 44 61 62 64 72 73 76 77
 21 37 38 44 61 62 64 70 71 74 78
 21 37 38 44 61 62 64 70 71 74 76 77
 21 37 38 44 61 62 64 70 71 72 73 78
 21 37 38 44 61 62 64 70 71 72 73 76 77
 21 37 38 44 51 63 64 72 74
 21 37 38 44 51 63 64 72 73
 21 37 38 44 51 63 64 70 71 74
 21 37 38 44 51 63 64 70 71 72 73
 21 37 38 44 51 61 62 64 72 74
 21 37 38 44 51 61 62 64 72 73
 21 37 38 44 51 61 62 64 70 71 74
 21 37 38 44 51 61 62 64 70 71 72 73
 21 37 38 44 47 63 64 72 78
 21 37 38 44 47 63 64 72 76 77
 21 37 38 44 47 63 64 70 71 78
 21 37 38 44 47 63 64 70 71 76 77
 21 37 38 44 47 61 62 64 72 78
 21 37 38 44 47 61 62 64 72 76 77
 21 37 38 44 47 61 62 64 70 71 78
 21 37 38 44 47 61 62 64 70 71 76 77
 21 37 38 44 47 51 63 64 72
 21 37 38 44 47 51 63 64 70 71
 21 37 38 44 47 51 61 62 64 72
 21 37 38 44 47 51 61 62 64 70 71
 21 37 38 44 45 63 64 74 78
 21 37 38 44 45 63 64 74 76 77
 21 37 38 44 45 63 64 72 73 78
 21 37 38 44 45 63 64 72 73 76 77
 21 37 38 44 45 61 62 64 74 78
 21 37 38 44 45 61 62 64 74 76 77
 21 37 38 44 45 61 62 64 72 73 78
 21 37 38 44 45 61 62 64 72 73 76 77
 21 37 38 44 45 51 63 64 74
 21 37 38 44 45 51 63 64 72 73
 21 37 38 44 45 51 61 62 64 74
 21 37 38 44 45 51 61 62 64 72 73
 21 37 38 44 45 47 63 64 78
 21 37 38 44 45 47 63 64 76 77
 21 37 38 44 45 47 61 62 64 78
 21 37 38 44 45 47 61 62 64 76 77
 21 37 38 44 45 47 51 63 64
 21 37 38 44 45 47 51 61 62 64
 21 36 39 64 71 72 74 78
 21 36 39 64 71 72 74 76 77
 21 36 39 64 71 72 73 78
 21 36 39 64 71 72 73 76 77
 21 36 39 64 70 71 74 78
 21 36 39 64 70 71 74 76 77
 21 36 39 64 70 71 72 73 78
 21 36 39 64 70 71 72 73 76 77
 21 36 39 64 69 70 72 74 78
 21 36 39 64 69 70 72 74 76 77
 21 36 39 64 69 70 72 73 78
 21 36 39 64 69 70 72 73 76 77
 21 36 39 64 69 70 71 74 78
 21 36 39 64 69 70 71 74 76 77
 21 36 39 64 69 70 71 72 73 78
 21 36 39 64 69 70 71 72 73 76 77
 21 36 39 51 64 71 72 74
 21 36 39 51 64 71 72 73
 21 36 39 51 64 70 71 74
 21 36 39 51 64 70 71 72 73
 21 36 39 51 64 69 70 72 74
 21 36 39 51 64 69 70 72 73
 21 36 39 51 64 69 70 71 74
 21 36 39 51 64 69 70 71 72 73
 21 36 39 47 64 71 72 78
 21 36 39 47 64 71 72 76 77
 21 36 39 47 64 70 71 78
 21 36 39 47 64 70 71 76 77
 21 36 39 47 64 69 70 72 78
 21 36 39 47 64 69 70 72 76 77
 21 36 39 47 64 69 70 71 78
 21 36 39 47 64 69 70 71 76 77
 21 36 39 47 51 64 71 72
 21 36 39 47 51 64 70 71
 21 36 39 47 51 64 69 70 72
 21 36 39 47 51 64 69 70 71
 21 36 39 45 64 71 74 78
 21 36 39 45 64 71 74 76 77
 21 36 39 45 64 71 72 73 78
 21 36 39 45 64 71 72 73 76 77
 21 36 39 45 64 69 70 74 78
 21 36 39 45 64 69 70 74 76 77
 21 36 39 45 64 69 70 72 73 78
 21 36 39 45 64 69 70 72 73 76 77
 21 36 39 45 51 64 71 74
 21 36 39 45 51 64 71 72 73
 21 36 39 45 51 64 69 70 74
 21 36 39 45 51 64 69 70 72 73
 21 36 39 45 47 64 71 78
 21 36 39 45 47 64 71 76 77
 21 36 39 45 47 64 69 70 78
 21 36 39 45 47 64 69 70 76 77
 21 36 39 45 47 51 64 71
 21 36 39 45 47 51 64 69 70
 21 36 39 44 64 72 74 78
 21 36 39 44 64 72 74 76 77
 21 36 39 44 64 72 73 78
 21 36 39 44 64 72 73 76 77
 21 36 39 44 64 70 71 74 78
 21 36 39 44 64 70 71 74 76 77
 21 36 39 44 64 70 71 72 73 78
 21 36 39 44 64 70 71 72 73 76 77
 21 36 39 44 51 64 72 74
 21 36 39 44 51 64 72 73
 21 36 39 44 51 64 70 71 74
 21 36 39 44 51 64 70 71 72 73
 21 36 39 44 47 64 72 78
 21 36 39 44 47 64 72 76 77
 21 36 39 44 47 64 70 71 78
 21 36 39 44 47 64 70 71 76 77
 21 36 39 44 47 51 64 72
 21 36 39 44 47 51 64 70 71
 21 36 39 44 45 64 74 78
 21 36 39 44 45 64 74 76 77
 21 36 39 44 45 64 72 73 78
 21 36 39 44 45 64 72 73 76 77
 21 36 39 44 45 51 64 74
 21 36 39 44 45 51 64 72 73
 21 36 39 44 45 47 64 78
 21 36 39 44 45 47 64 76 77
 21 36 39 44 45 47 51 64
 21 36 37 38 64 71 72 74 78
 21 36 37 38 64 71 72 74 76 77
 21 36 37 38 64 71 72 73 78
 21 36 37 38 64 71 72 73 76 77
 21 36 37 38 64 70 71 74 78
 21 36 37 38 64 70 71 74 76 77
 21 36 37 38 64 70 71 72 73 78
 21 36 37 38 64 70 71 72 73 76 77
 21 36 37 38 64 69 70 72 74 78
 21 36 37 38 64 69 70 72 74 76 77
 21 36 37 38 64 69 70 72 73 78
 21 36 37 38 64 69 70 72 73 76 77
 21 36 37 38 64 69 70 71 74 78
 21 36 37 38 64 69 70 71 74 76 77
 21 36 37 38 64 69 70 71 72 73 78
 21 36 37 38 64 69 70 71 72 73 76 77
 21 36 37 38 51 64 71 72 74
 21 36 37 38 51 64 71 72 73
 21 36 37 38 51 64 70 71 74
 21 36 37 38 51 64 70 71 72 73
 21 36 37 38 51 64 69 70 72 74
 21 36 37 38 51 64 69 70 72 73
 21 36 37 38 51 64 69 70 71 74
 21 36 37 38 51 64 69 70 71 72 73
 21 36 37 38 47 64 71 72 78
 21 36 37 38 47 64 71 72 76 77
 21 36 37 38 47 64 70 71 78
 21 36 37 38 47 64 70 71 76 77
 21 36 37 38 47 64 69 70 72 78
 21 36 37 38 47 64 69 70 72 76 77
 21 36 37 38 47 64 69 70 71 78
 21 36 37 38 47 64 69 70 71 76 77
 21 36 37 38 47 51 64 71 72
 21 36 37 38 47 51 64 70 71
 21 36 37 38 47 51 64 69 70 72
 21 36 37 38 47 51 64 69 70 71
 21 36 37 38 45 64 71 74 78
 21 36 37 38 45 64 71 74 76 77
 21 36 37 38 45 64 71 72 73 78
 21 36 37 38 45 64 71 72 73 76 77
 21 36 37 38 45 64 69 70 74 78
 21 36 37 38 45 64 69 70 74 76 77
 21 36 37 38 45 64 69 70 72 73 78
 21 36 37 38 45 64 69 70 72 73 76 77
 21 36 37 38 45 51 64 71 74
 21 36 37 38 45 51 64 71 72 73
 21 36 37 38 45 51 64 69 70 74
 21 36 37 38 45 51 64 69 70 72 73
 21 36 37 38 45 47 64 71 78
 21 36 37 38 45 47 64 71 76 77
 21 36 37 38 45 47 64 69 70 78
 21 36 37 38 45 47 64 69 70 76 77
 21 36 37 38 45 47 51 64 71
 21 36 37 38 45 47 51 64 69 70
 21 36 37 38 44 64 72 74 78
 21 36 37 38 44 64 72 74 76 77
 21 36 37 38 44 64 72 73 78
 21 36 37 38 44 64 72 73 76 77
 21 36 37 38 44 64 70 71 74 78
 21 36 37 38 44 64 70 71 74 76 77
 21 36 37 38 44 64 70 71 72 73 78
 21 36 37 38 44 64 70 71 72 73 76 77
 21 36 37 38 44 51 64 72 74
 21 36 37 38 44 51 64 72 73
 21 36 37 38 44 51 64 70 71 74
 21 36 37 38 44 51 64 70 71 72 73
 21 36 37 38 44 47 64 72 78
 21 36 37 38 44 47 64 72 76 77
 21 36 37 38 44 47 64 70 71 78
 21 36 37 38 44 47 64 70 71 76 77
 21 36 37 38 44 47 51 64 72
 21 36 37 38 44 47 51 64 70 71
 21 36 37 38 44 45 64 74 78
 21 36 37 38 44 45 64 74 76 77
 21 36 37 38 44 45 64 72 73 78
 21 36 37 38 44 45 64 72 73 76 77
 21 36 37 38 44 45 51 64 74
 21 36 37 38 44 45 51 64 72 73
 21 36 37 38 44 45 47 64 78
 21 36 37 38 44 45 47 64 76 77
 21 36 37 38 44 45 47 51 64
 12 48 64 72 74 78
 12 48 64 72 74 76 77
 12 48 64 72 73 78
 12 48 64 72 73 76 77
 12 48 64 70 71 74 78
 12 48 64 70 71 74 76 77
 12 48 64 70 71 72 73 78
 12 48 64 70 71 72 73 76 77
 12 48 63 64 71 72 74 78
 12 48 63 64 71 72 74 76 77
 12 48 63 64 71 72 73 78
 12 48 63 64 71 72 73 76 77
 12 48 63 64 70 71 74 78
 12 48 63 64 70 71 74 76 77
 12 48 63 64 70 71 72 73 78
 12 48 63 64 70 71 72 73 76 77
 12 48 63 64 69 70 72 74 78
 12 48 63 64 69 70 72 74 76 77
 12 48 63 64 69 70 72 73 78
 12 48 63 64 69 70 72 73 76 77
 12 48 63 64 69 70 71 74 78
 12 48 63 64 69 70 71 74 76 77
 12 48 63 64 69 70 71 72 73 78
 12 48 63 64 69 70 71 72 73 76 77
 12 48 61 62 64 71 72 74 78
 12 48 61 62 64 71 72 74 76 77
 12 48 61 62 64 71 72 73 78
 12 48 61 62 64 71 72 73 76 77
 12 48 61 62 64 70 71 74 78
 12 48 61 62 64 70 71 74 76 77
 12 48 61 62 64 70 71 72 73 78
 12 48 61 62 64 70 71 72 73 76 77
 12 48 61 62 64 69 70 72 74 78
 12 48 61 62 64 69 70 72 74 76 77
 12 48 61 62 64 69 70 72 73 78
 12 48 61 62 64 69 70 72 73 76 77
 12 48 61 62 64 69 70 71 74 78
 12 48 61 62 64 69 70 71 74 76 77
 12 48 61 62 64 69 70 71 72 73 78
 12 48 61 62 64 69 70 71 72 73 76 77
 12 48 51 64 72 74
 12 48 51 64 72 73
 12 48 51 64 70 71 74
 12 48 51 64 70 71 72 73
 12 48 51 63 64 71 72 74
 12 48 51 63 64 71 72 73
 12 48 51 63 64 70 71 74
 12 48 51 63 64 70 71 72 73
 12 48 51 63 64 69 70 72 74
 12 48 51 63 64 69 70 72 73
 12 48 51 63 64 69 70 71 74
 12 48 51 63 64 69 70 71 72 73
 12 48 51 61 62 64 71 72 74
 12 48 51 61 62 64 71 72 73
 12 48 51 61 62 64 70 71 74
 12 48 51 61 62 64 70 71 72 73
 12 48 51 61 62 64 69 70 72 74
 12 48 51 61 62 64 69 70 72 73
 12 48 51 61 62 64 69 70 71 74
 12 48 51 61 62 64 69 70 71 72 73
 12 47 48 64 72 78
 12 47 48 64 72 76 77
 12 47 48 64 70 71 78
 12 47 48 64 70 71 76 77
 12 47 48 63 64 71 72 78
 12 47 48 63 64 71 72 76 77
 12 47 48 63 64 70 71 78
 12 47 48 63 64 70 71 76 77
 12 47 48 63 64 69 70 72 78
 12 47 48 63 64 69 70 72 76 77
 12 47 48 63 64 69 70 71 78
 12 47 48 63 64 69 70 71 76 77
 12 47 48 61 62 64 71 72 78
 12 47 48 61 62 64 71 72 76 77
 12 47 48 61 62 64 70 71 78
 12 47 48 61 62 64 70 71 76 77
 12 47 48 61 62 64 69 70 72 78
 12 47 48 61 62 64 69 70 72 76 77
 12 47 48 61 62 64 69 70 71 78
 12 47 48 61 62 64 69 70 71 76 77
 12 47 48 51 64 72
 12 47 48 51 64 70 71
 12 47 48 51 63 64 71 72
 12 47 48 51 63 64 70 71
 12 47 48 51 63 64 69 70 72
 12 47 48 51 63 64 69 70 71
 12 47 48 51 61 62 64 71 72
 12 47 48 51 61 62 64 70 71
 12 47 48 51 61 62 64 69 70 72
 12 47 48 51 61 62 64 69 70 71
 12 46 47 64 72 78
 12 46 47 64 72 76 77
 12 46 47 64 72 74 78
 12 46 47 64 72 74 76 77
 12 46 47 64 72 73 78
 12 46 47 64 72 73 76 77
 12 46 47 64 70 71 78
 12 46 47 64 70 71 76 77
 12 46 47 64 70 71 74 78
 12 46 47 64 70 71 74 76 77
 12 46 47 64 70 71 72 73 78
 12 46 47 64 70 71 72 73 76 77
 12 46 47 63 64 71 72 78
 12 46 47 63 64 71 72 76 77
 12 46 47 63 64 71 72 74 78
 12 46 47 63 64 71 72 74 76 77
 12 46 47 63 64 71 72 73 78
 12 46 47 63 64 71 72 73 76 77
 12 46 47 63 64 70 71 78
 12 46 47 63 64 70 71 76 77
 12 46 47 63 64 70 71 74 78
 12 46 47 63 64 70 71 74 76 77
 12 46 47 63 64 70 71 72 73 78
 12 46 47 63 64 70 71 72 73 76 77
 12 46 47 63 64 69 70 72 78
 12 46 47 63 64 69 70 72 76 77
 12 46 47 63 64 69 70 72 74 78
 12 46 47 63 64 69 70 72 74 76 77
 12 46 47 63 64 69 70 72 73 78
 12 46 47 63 64 69 70 72 73 76 77
 12 46 47 63 64 69 70 71 78
 12 46 47 63 64 69 70 71 76 77
 12 46 47 63 64 69 70 71 74 78
 12 46 47 63 64 69 70 71 74 76 77
 12 46 47 63 64 69 70 71 72 73 78
 12 46 47 63 64 69 70 71 72 73 76 77
 12 46 47 61 62 64 71 72 78
 12 46 47 61 62 64 71 72 76 77
 12 46 47 61 62 64 71 72 74 78
 12 46 47 61 62 64 71 72 74 76 77
 12 46 47 61 62 64 71 72 73 78
 12 46 47 61 62 64 71 72 73 76 77
 12 46 47 61 62 64 70 71 78
 12 46 47 61 62 64 70 71 76 77
 12 46 47 61 62 64 70 71 74 78
 12 46 47 61 62 64 70 71 74 76 77
 12 46 47 61 62 64 70 71 72 73 78
 12 46 47 61 62 64 70 71 72 73 76 77
 12 46 47 61 62 64 69 70 72 78
 12 46 47 61 62 64 69 70 72 76 77
 12 46 47 61 62 64 69 70 72 74 78
 12 46 47 61 62 64 69 70 72 74 76 77
 12 46 47 61 62 64 69 70 72 73 78
 12 46 47 61 62 64 69 70 72 73 76 77
 12 46 47 61 62 64 69 70 71 78
 12 46 47 61 62 64 69 70 71 76 77
 12 46 47 61 62 64 69 70 71 74 78
 12 46 47 61 62 64 69 70 71 74 76 77
 12 46 47 61 62 64 69 70 71 72 73 78
 12 46 47 61 62 64 69 70 71 72 73 76 77
 12 46 47 51 64 72
 12 46 47 51 64 72 74
 12 46 47 51 64 72 73
 12 46 47 51 64 70 71
 12 46 47 51 64 70 71 74
 12 46 47 51 64 70 71 72 73
 12 46 47 51 63 64 71 72
 12 46 47 51 63 64 71 72 74
 12 46 47 51 63 64 71 72 73
 12 46 47 51 63 64 70 71
 12 46 47 51 63 64 70 71 74
 12 46 47 51 63 64 70 71 72 73
 12 46 47 51 63 64 69 70 72
 12 46 47 51 63 64 69 70 72 74
 12 46 47 51 63 64 69 70 72 73
 12 46 47 51 63 64 69 70 71
 12 46 47 51 63 64 69 70 71 74
 12 46 47 51 63 64 69 70 71 72 73
 12 46 47 51 61 62 64 71 72
 12 46 47 51 61 62 64 71 72 74
 12 46 47 51 61 62 64 71 72 73
 12 46 47 51 61 62 64 70 71
 12 46 47 51 61 62 64 70 71 74
 12 46 47 51 61 62 64 70 71 72 73
 12 46 47 51 61 62 64 69 70 72
 12 46 47 51 61 62 64 69 70 72 74
 12 46 47 51 61 62 64 69 70 72 73
 12 46 47 51 61 62 64 69 70 71
 12 46 47 51 61 62 64 69 70 71 74
 12 46 47 51 61 62 64 69 70 71 72 73
 12 45 48 64 74 78
 12 45 48 64 74 76 77
 12 45 48 64 72 73 78
 12 45 48 64 72 73 76 77
 12 45 48 63 64 71 74 78
 12 45 48 63 64 71 74 76 77
 12 45 48 63 64 71 72 73 78
 12 45 48 63 64 71 72 73 76 77
 12 45 48 63 64 69 70 74 78
 12 45 48 63 64 69 70 74 76 77
 12 45 48 63 64 69 70 72 73 78
 12 45 48 63 64 69 70 72 73 76 77
 12 45 48 61 62 64 71 74 78
 12 45 48 61 62 64 71 74 76 77
 12 45 48 61 62 64 71 72 73 78
 12 45 48 61 62 64 71 72 73 76 77
 12 45 48 61 62 64 69 70 74 78
 12 45 48 61 62 64 69 70 74 76 77
 12 45 48 61 62 64 69 70 72 73 78
 12 45 48 61 62 64 69 70 72 73 76 77
 12 45 48 51 64 74
 12 45 48 51 64 72 73
 12 45 48 51 63 64 71 74
 12 45 48 51 63 64 71 72 73
 12 45 48 51 63 64 69 70 74
 12 45 48 51 63 64 69 70 72 73
 12 45 48 51 61 62 64 71 74
 12 45 48 51 61 62 64 71 72 73
 12 45 48 51 61 62 64 69 70 74
 12 45 48 51 61 62 64 69 70 72 73
 12 45 47 48 64 78
 12 45 47 48 64 76 77
 12 45 47 48 63 64 71 78
 12 45 47 48 63 64 71 76 77
 12 45 47 48 63 64 69 70 78
 12 45 47 48 63 64 69 70 76 77
 12 45 47 48 61 62 64 71 78
 12 45 47 48 61 62 64 71 76 77
 12 45 47 48 61 62 64 69 70 78
 12 45 47 48 61 62 64 69 70 76 77
 12 45 47 48 51 64
 12 45 47 48 51 63 64 71
 12 45 47 48 51 63 64 69 70
 12 45 47 48 51 61 62 64 71
 12 45 47 48 51 61 62 64 69 70
 12 45 46 47 64 78
 12 45 46 47 64 76 77
 12 45 46 47 64 74 78
 12 45 46 47 64 74 76 77
 12 45 46 47 64 72 73 78
 12 45 46 47 64 72 73 76 77
 12 45 46 47 63 64 71 78
 12 45 46 47 63 64 71 76 77
 12 45 46 47 63 64 71 74 78
 12 45 46 47 63 64 71 74 76 77
 12 45 46 47 63 64 71 72 73 78
 12 45 46 47 63 64 71 72 73 76 77
 12 45 46 47 63 64 69 70 78
 12 45 46 47 63 64 69 70 76 77
 12 45 46 47 63 64 69 70 74 78
 12 45 46 47 63 64 69 70 74 76 77
 12 45 46 47 63 64 69 70 72 73 78
 12 45 46 47 63 64 69 70 72 73 76 77
 12 45 46 47 61 62 64 71 78
 12 45 46 47 61 62 64 71 76 77
 12 45 46 47 61 62 64 71 74 78
 12 45 46 47 61 62 64 71 74 76 77
 12 45 46 47 61 62 64 71 72 73 78
 12 45 46 47 61 62 64 71 72 73 76 77
 12 45 46 47 61 62 64 69 70 78
 12 45 46 47 61 62 64 69 70 76 77
 12 45 46 47 61 62 64 69 70 74 78
 12 45 46 47 61 62 64 69 70 74 76 77
 12 45 46 47 61 62 64 69 70 72 73 78
 12 45 46 47 61 62 64 69 70 72 73 76 77
 12 45 46 47 51 64
 12 45 46 47 51 64 74
 12 45 46 47 51 64 72 73
 12 45 46 47 51 63 64 71
 12 45 46 47 51 63 64 71 74
 12 45 46 47 51 63 64 71 72 73
 12 45 46 47 51 63 64 69 70
 12 45 46 47 51 63 64 69 70 74
 12 45 46 47 51 63 64 69 70 72 73
 12 45 46 47 51 61 62 64 71
 12 45 46 47 51 61 62 64 71 74
 12 45 46 47 51 61 62 64 71 72 73
 12 45 46 47 51 61 62 64 69 70
 12 45 46 47 51 61 62 64 69 70 74
 12 45 46 47 51 61 62 64 69 70 72 73
 12 44 48 63 64 72 74 78
 12 44 48 63 64 72 74 76 77
 12 44 48 63 64 72 73 78
 12 44 48 63 64 72 73 76 77
 12 44 48 63 64 70 71 74 78
 12 44 48 63 64 70 71 74 76 77
 12 44 48 63 64 70 71 72 73 78
 12 44 48 63 64 70 71 72 73 76 77
 12 44 48 61 62 64 72 74 78
 12 44 48 61 62 64 72 74 76 77
 12 44 48 61 62 64 72 73 78
 12 44 48 61 62 64 72 73 76 77
 12 44 48 61 62 64 70 71 74 78
 12 44 48 61 62 64 70 71 74 76 77
 12 44 48 61 62 64 70 71 72 73 78
 12 44 48 61 62 64 70 71 72 73 76 77
 12 44 48 51 63 64 72 74
 12 44 48 51 63 64 72 73
 12 44 48 51 63 64 70 71 74
 12 44 48 51 63 64 70 71 72 73
 12 44 48 51 61 62 64 72 74
 12 44 48 51 61 62 64 72 73
 12 44 48 51 61 62 64 70 71 74
 12 44 48 51 61 62 64 70 71 72 73
 12 44 47 48 63 64 72 78
 12 44 47 48 63 64 72 76 77
 12 44 47 48 63 64 70 71 78
 12 44 47 48 63 64 70 71 76 77
 12 44 47 48 61 62 64 72 78
 12 44 47 48 61 62 64 72 76 77
 12 44 47 48 61 62 64 70 71 78
 12 44 47 48 61 62 64 70 71 76 77
 12 44 47 48 51 63 64 72
 12 44 47 48 51 63 64 70 71
 12 44 47 48 51 61 62 64 72
 12 44 47 48 51 61 62 64 70 71
 12 44 46 47 63 64 72 78
 12 44 46 47 63 64 72 76 77
 12 44 46 47 63 64 72 74 78
 12 44 46 47 63 64 72 74 76 77
 12 44 46 47 63 64 72 73 78
 12 44 46 47 63 64 72 73 76 77
 12 44 46 47 63 64 70 71 78
 12 44 46 47 63 64 70 71 76 77
 12 44 46 47 63 64 70 71 74 78
 12 44 46 47 63 64 70 71 74 76 77
 12 44 46 47 63 64 70 71 72 73 78
 12 44 46 47 63 64 70 71 72 73 76 77
 12 44 46 47 61 62 64 72 78
 12 44 46 47 61 62 64 72 76 77
 12 44 46 47 61 62 64 72 74 78
 12 44 46 47 61 62 64 72 74 76 77
 12 44 46 47 61 62 64 72 73 78
 12 44 46 47 61 62 64 72 73 76 77
 12 44 46 47 61 62 64 70 71 78
 12 44 46 47 61 62 64 70 71 76 77
 12 44 46 47 61 62 64 70 71 74 78
 12 44 46 47 61 62 64 70 71 74 76 77
 12 44 46 47 61 62 64 70 71 72 73 78
 12 44 46 47 61 62 64 70 71 72 73 76 77
 12 44 46 47 51 63 64 72
 12 44 46 47 51 63 64 72 74
 12 44 46 47 51 63 64 72 73
 12 44 46 47 51 63 64 70 71
 12 44 46 47 51 63 64 70 71 74
 12 44 46 47 51 63 64 70 71 72 73
 12 44 46 47 51 61 62 64 72
 12 44 46 47 51 61 62 64 72 74
 12 44 46 47 51 61 62 64 72 73
 12 44 46 47 51 61 62 64 70 71
 12 44 46 47 51 61 62 64 70 71 74
 12 44 46 47 51 61 62 64 70 71 72 73
 12 44 45 48 63 64 74 78
 12 44 45 48 63 64 74 76 77
 12 44 45 48 63 64 72 73 78
 12 44 45 48 63 64 72 73 76 77
 12 44 45 48 61 62 64 74 78
 12 44 45 48 61 62 64 74 76 77
 12 44 45 48 61 62 64 72 73 78
 12 44 45 48 61 62 64 72 73 76 77
 12 44 45 48 51 63 64 74
 12 44 45 48 51 63 64 72 73
 12 44 45 48 51 61 62 64 74
 12 44 45 48 51 61 62 64 72 73
 12 44 45 47 48 63 64 78
 12 44 45 47 48 63 64 76 77
 12 44 45 47 48 61 62 64 78
 12 44 45 47 48 61 62 64 76 77
 12 44 45 47 48 51 63 64
 12 44 45 47 48 51 61 62 64
 12 44 45 46 47 63 64 78
 12 44 45 46 47 63 64 76 77
 12 44 45 46 47 63 64 74 78
 12 44 45 46 47 63 64 74 76 77
 12 44 45 46 47 63 64 72 73 78
 12 44 45 46 47 63 64 72 73 76 77
 12 44 45 46 47 61 62 64 78
 12 44 45 46 47 61 62 64 76 77
 12 44 45 46 47 61 62 64 74 78
 12 44 45 46 47 61 62 64 74 76 77
 12 44 45 46 47 61 62 64 72 73 78
 12 44 45 46 47 61 62 64 72 73 76 77
 12 44 45 46 47 51 63 64
 12 44 45 46 47 51 63 64 74
 12 44 45 46 47 51 63 64 72 73
 12 44 45 46 47 51 61 62 64
 12 44 45 46 47 51 61 62 64 74
 12 44 45 46 47 51 61 62 64 72 73
 12 36 48 64 71 72 74 78
 12 36 48 64 71 72 74 76 77
 12 36 48 64 71 72 73 78
 12 36 48 64 71 72 73 76 77
 12 36 48 64 70 71 74 78
 12 36 48 64 70 71 74 76 77
 12 36 48 64 70 71 72 73 78
 12 36 48 64 70 71 72 73 76 77
 12 36 48 64 69 70 72 74 78
 12 36 48 64 69 70 72 74 76 77
 12 36 48 64 69 70 72 73 78
 12 36 48 64 69 70 72 73 76 77
 12 36 48 64 69 70 71 74 78
 12 36 48 64 69 70 71 74 76 77
 12 36 48 64 69 70 71 72 73 78
 12 36 48 64 69 70 71 72 73 76 77
 12 36 48 51 64 71 72 74
 12 36 48 51 64 71 72 73
 12 36 48 51 64 70 71 74
 12 36 48 51 64 70 71 72 73
 12 36 48 51 64 69 70 72 74
 12 36 48 51 64 69 70 72 73
 12 36 48 51 64 69 70 71 74
 12 36 48 51 64 69 70 71 72 73
 12 36 47 48 64 71 72 78
 12 36 47 48 64 71 72 76 77
 12 36 47 48 64 70 71 78
 12 36 47 48 64 70 71 76 77
 12 36 47 48 64 69 70 72 78
 12 36 47 48 64 69 70 72 76 77
 12 36 47 48 64 69 70 71 78
 12 36 47 48 64 69 70 71 76 77
 12 36 47 48 51 64 71 72
 12 36 47 48 51 64 70 71
 12 36 47 48 51 64 69 70 72
 12 36 47 48 51 64 69 70 71
 12 36 46 47 64 71 72 78
 12 36 46 47 64 71 72 76 77
 12 36 46 47 64 71 72 74 78
 12 36 46 47 64 71 72 74 76 77
 12 36 46 47 64 71 72 73 78
 12 36 46 47 64 71 72 73 76 77
 12 36 46 47 64 70 71 78
 12 36 46 47 64 70 71 76 77
 12 36 46 47 64 70 71 74 78
 12 36 46 47 64 70 71 74 76 77
 12 36 46 47 64 70 71 72 73 78
 12 36 46 47 64 70 71 72 73 76 77
 12 36 46 47 64 69 70 72 78
 12 36 46 47 64 69 70 72 76 77
 12 36 46 47 64 69 70 72 74 78
 12 36 46 47 64 69 70 72 74 76 77
 12 36 46 47 64 69 70 72 73 78
 12 36 46 47 64 69 70 72 73 76 77
 12 36 46 47 64 69 70 71 78
 12 36 46 47 64 69 70 71 76 77
 12 36 46 47 64 69 70 71 74 78
 12 36 46 47 64 69 70 71 74 76 77
 12 36 46 47 64 69 70 71 72 73 78
 12 36 46 47 64 69 70 71 72 73 76 77
 12 36 46 47 51 64 71 72
 12 36 46 47 51 64 71 72 74
 12 36 46 47 51 64 71 72 73
 12 36 46 47 51 64 70 71
 12 36 46 47 51 64 70 71 74
 12 36 46 47 51 64 70 71 72 73
 12 36 46 47 51 64 69 70 72
 12 36 46 47 51 64 69 70 72 74
 12 36 46 47 51 64 69 70 72 73
 12 36 46 47 51 64 69 70 71
 12 36 46 47 51 64 69 70 71 74
 12 36 46 47 51 64 69 70 71 72 73
 12 36 45 48 64 71 74 78
 12 36 45 48 64 71 74 76 77
 12 36 45 48 64 71 72 73 78
 12 36 45 48 64 71 72 73 76 77
 12 36 45 48 64 69 70 74 78
 12 36 45 48 64 69 70 74 76 77
 12 36 45 48 64 69 70 72 73 78
 12 36 45 48 64 69 70 72 73 76 77
 12 36 45 48 51 64 71 74
 12 36 45 48 51 64 71 72 73
 12 36 45 48 51 64 69 70 74
 12 36 45 48 51 64 69 70 72 73
 12 36 45 47 48 64 71 78
 12 36 45 47 48 64 71 76 77
 12 36 45 47 48 64 69 70 78
 12 36 45 47 48 64 69 70 76 77
 12 36 45 47 48 51 64 71
 12 36 45 47 48 51 64 69 70
 12 36 45 46 47 64 71 78
 12 36 45 46 47 64 71 76 77
 12 36 45 46 47 64 71 74 78
 12 36 45 46 47 64 71 74 76 77
 12 36 45 46 47 64 71 72 73 78
 12 36 45 46 47 64 71 72 73 76 77
 12 36 45 46 47 64 69 70 78
 12 36 45 46 47 64 69 70 76 77
 12 36 45 46 47 64 69 70 74 78
 12 36 45 46 47 64 69 70 74 76 77
 12 36 45 46 47 64 69 70 72 73 78
 12 36 45 46 47 64 69 70 72 73 76 77
 12 36 45 46 47 51 64 71
 12 36 45 46 47 51 64 71 74
 12 36 45 46 47 51 64 71 72 73
 12 36 45 46 47 51 64 69 70
 12 36 45 46 47 51 64 69 70 74
 12 36 45 46 47 51 64 69 70 72 73
 12 36 44 48 64 72 74 78
 12 36 44 48 64 72 74 76 77
 12 36 44 48 64 72 73 78
 12 36 44 48 64 72 73 76 77
 12 36 44 48 64 70 71 74 78
 12 36 44 48 64 70 71 74 76 77
 12 36 44 48 64 70 71 72 73 78
 12 36 44 48 64 70 71 72 73 76 77
 12 36 44 48 51 64 72 74
 12 36 44 48 51 64 72 73
 12 36 44 48 51 64 70 71 74
 12 36 44 48 51 64 70 71 72 73
 12 36 44 47 48 64 72 78
 12 36 44 47 48 64 72 76 77
 12 36 44 47 48 64 70 71 78
 12 36 44 47 48 64 70 71 76 77
 12 36 44 47 48 51 64 72
 12 36 44 47 48 51 64 70 71
 12 36 44 46 47 64 72 78
 12 36 44 46 47 64 72 76 77
 12 36 44 46 47 64 72 74 78
 12 36 44 46 47 64 72 74 76 77
 12 36 44 46 47 64 72 73 78
 12 36 44 46 47 64 72 73 76 77
 12 36 44 46 47 64 70 71 78
 12 36 44 46 47 64 70 71 76 77
 12 36 44 46 47 64 70 71 74 78
 12 36 44 46 47 64 70 71 74 76 77
 12 36 44 46 47 64 70 71 72 73 78
 12 36 44 46 47 64 70 71 72 73 76 77
 12 36 44 46 47 51 64 72
 12 36 44 46 47 51 64 72 74
 12 36 44 46 47 51 64 72 73
 12 36 44 46 47 51 64 70 71
 12 36 44 46 47 51 64 70 71 74
 12 36 44 46 47 51 64 70 71 72 73
 12 36 44 45 48 64 74 78
 12 36 44 45 48 64 74 76 77
 12 36 44 45 48 64 72 73 78
 12 36 44 45 48 64 72 73 76 77
 12 36 44 45 48 51 64 74
 12 36 44 45 48 51 64 72 73
 12 36 44 45 47 48 64 78
 12 36 44 45 47 48 64 76 77
 12 36 44 45 47 48 51 64
 12 36 44 45 46 47 64 78
 12 36 44 45 46 47 64 76 77
 12 36 44 45 46 47 64 74 78
 12 36 44 45 46 47 64 74 76 77
 12 36 44 45 46 47 64 72 73 78
 12 36 44 45 46 47 64 72 73 76 77
 12 36 44 45 46 47 51 64
 12 36 44 45 46 47 51 64 74
 12 36 44 45 46 47 51 64 72 73
 12 21 64 72 74 78
 12 21 64 72 74 76 77
 12 21 64 72 73 78
 12 21 64 72 73 76 77
 12 21 64 70 71 74 78
 12 21 64 70 71 74 76 77
 12 21 64 70 71 72 73 78
 12 21 64 70 71 72 73 76 77
 12 21 63 64 71 72 74 78
 12 21 63 64 71 72 74 76 77
 12 21 63 64 71 72 73 78
 12 21 63 64 71 72 73 76 77
 12 21 63 64 70 71 74 78
 12 21 63 64 70 71 74 76 77
 12 21 63 64 70 71 72 73 78
 12 21 63 64 70 71 72 73 76 77
 12 21 63 64 69 70 72 74 78
 12 21 63 64 69 70 72 74 76 77
 12 21 63 64 69 70 72 73 78
 12 21 63 64 69 70 72 73 76 77
 12 21 63 64 69 70 71 74 78
 12 21 63 64 69 70 71 74 76 77
 12 21 63 64 69 70 71 72 73 78
 12 21 63 64 69 70 71 72 73 76 77
 12 21 61 62 64 71 72 74 78
 12 21 61 62 64 71 72 74 76 77
 12 21 61 62 64 71 72 73 78
 12 21 61 62 64 71 72 73 76 77
 12 21 61 62 64 70 71 74 78
 12 21 61 62 64 70 71 74 76 77
 12 21 61 62 64 70 71 72 73 78
 12 21 61 62 64 70 71 72 73 76 77
 12 21 61 62 64 69 70 72 74 78
 12 21 61 62 64 69 70 72 74 76 77
 12 21 61 62 64 69 70 72 73 78
 12 21 61 62 64 69 70 72 73 76 77
 12 21 61 62 64 69 70 71 74 78
 12 21 61 62 64 69 70 71 74 76 77
 12 21 61 62 64 69 70 71 72 73 78
 12 21 61 62 64 69 70 71 72 73 76 77
 12 21 51 64 72 74
 12 21 51 64 72 73
 12 21 51 64 70 71 74
 12 21 51 64 70 71 72 73
 12 21 51 63 64 71 72 74
 12 21 51 63 64 71 72 73
 12 21 51 63 64 70 71 74
 12 21 51 63 64 70 71 72 73
 12 21 51 63 64 69 70 72 74
 12 21 51 63 64 69 70 72 73
 12 21 51 63 64 69 70 71 74
 12 21 51 63 64 69 70 71 72 73
 12 21 51 61 62 64 71 72 74
 12 21 51 61 62 64 71 72 73
 12 21 51 61 62 64 70 71 74
 12 21 51 61 62 64 70 71 72 73
 12 21 51 61 62 64 69 70 72 74
 12 21 51 61 62 64 69 70 72 73
 12 21 51 61 62 64 69 70 71 74
 12 21 51 61 62 64 69 70 71 72 73
 12 21 47 64 72 78
 12 21 47 64 72 76 77
 12 21 47 64 70 71 78
 12 21 47 64 70 71 76 77
 12 21 47 63 64 71 72 78
 12 21 47 63 64 71 72 76 77
 12 21 47 63 64 70 71 78
 12 21 47 63 64 70 71 76 77
 12 21 47 63 64 69 70 72 78
 12 21 47 63 64 69 70 72 76 77
 12 21 47 63 64 69 70 71 78
 12 21 47 63 64 69 70 71 76 77
 12 21 47 61 62 64 71 72 78
 12 21 47 61 62 64 71 72 76 77
 12 21 47 61 62 64 70 71 78
 12 21 47 61 62 64 70 71 76 77
 12 21 47 61 62 64 69 70 72 78
 12 21 47 61 62 64 69 70 72 76 77
 12 21 47 61 62 64 69 70 71 78
 12 21 47 61 62 64 69 70 71 76 77
 12 21 47 51 64 72
 12 21 47 51 64 70 71
 12 21 47 51 63 64 71 72
 12 21 47 51 63 64 70 71
 12 21 47 51 63 64 69 70 72
 12 21 47 51 63 64 69 70 71
 12 21 47 51 61 62 64 71 72
 12 21 47 51 61 62 64 70 71
 12 21 47 51 61 62 64 69 70 72
 12 21 47 51 61 62 64 69 70 71
 12 21 45 64 74 78
 12 21 45 64 74 76 77
 12 21 45 64 72 73 78
 12 21 45 64 72 73 76 77
 12 21 45 63 64 71 74 78
 12 21 45 63 64 71 74 76 77
 12 21 45 63 64 71 72 73 78
 12 21 45 63 64 71 72 73 76 77
 12 21 45 63 64 69 70 74 78
 12 21 45 63 64 69 70 74 76 77
 12 21 45 63 64 69 70 72 73 78
 12 21 45 63 64 69 70 72 73 76 77
 12 21 45 61 62 64 71 74 78
 12 21 45 61 62 64 71 74 76 77
 12 21 45 61 62 64 71 72 73 78
 12 21 45 61 62 64 71 72 73 76 77
 12 21 45 61 62 64 69 70 74 78
 12 21 45 61 62 64 69 70 74 76 77
 12 21 45 61 62 64 69 70 72 73 78
 12 21 45 61 62 64 69 70 72 73 76 77
 12 21 45 51 64 74
 12 21 45 51 64 72 73
 12 21 45 51 63 64 71 74
 12 21 45 51 63 64 71 72 73
 12 21 45 51 63 64 69 70 74
 12 21 45 51 63 64 69 70 72 73
 12 21 45 51 61 62 64 71 74
 12 21 45 51 61 62 64 71 72 73
 12 21 45 51 61 62 64 69 70 74
 12 21 45 51 61 62 64 69 70 72 73
 12 21 45 47 64 78
 12 21 45 47 64 76 77
 12 21 45 47 63 64 71 78
 12 21 45 47 63 64 71 76 77
 12 21 45 47 63 64 69 70 78
 12 21 45 47 63 64 69 70 76 77
 12 21 45 47 61 62 64 71 78
 12 21 45 47 61 62 64 71 76 77
 12 21 45 47 61 62 64 69 70 78
 12 21 45 47 61 62 64 69 70 76 77
 12 21 45 47 51 64
 12 21 45 47 51 63 64 71
 12 21 45 47 51 63 64 69 70
 12 21 45 47 51 61 62 64 71
 12 21 45 47 51 61 62 64 69 70
 12 21 44 63 64 72 74 78
 12 21 44 63 64 72 74 76 77
 12 21 44 63 64 72 73 78
 12 21 44 63 64 72 73 76 77
 12 21 44 63 64 70 71 74 78
 12 21 44 63 64 70 71 74 76 77
 12 21 44 63 64 70 71 72 73 78
 12 21 44 63 64 70 71 72 73 76 77
 12 21 44 61 62 64 72 74 78
 12 21 44 61 62 64 72 74 76 77
 12 21 44 61 62 64 72 73 78
 12 21 44 61 62 64 72 73 76 77
 12 21 44 61 62 64 70 71 74 78
 12 21 44 61 62 64 70 71 74 76 77
 12 21 44 61 62 64 70 71 72 73 78
 12 21 44 61 62 64 70 71 72 73 76 77
 12 21 44 51 63 64 72 74
 12 21 44 51 63 64 72 73
 12 21 44 51 63 64 70 71 74
 12 21 44 51 63 64 70 71 72 73
 12 21 44 51 61 62 64 72 74
 12 21 44 51 61 62 64 72 73
 12 21 44 51 61 62 64 70 71 74
 12 21 44 51 61 62 64 70 71 72 73
 12 21 44 47 63 64 72 78
 12 21 44 47 63 64 72 76 77
 12 21 44 47 63 64 70 71 78
 12 21 44 47 63 64 70 71 76 77
 12 21 44 47 61 62 64 72 78
 12 21 44 47 61 62 64 72 76 77
 12 21 44 47 61 62 64 70 71 78
 12 21 44 47 61 62 64 70 71 76 77
 12 21 44 47 51 63 64 72
 12 21 44 47 51 63 64 70 71
 12 21 44 47 51 61 62 64 72
 12 21 44 47 51 61 62 64 70 71
 12 21 44 45 63 64 74 78
 12 21 44 45 63 64 74 76 77
 12 21 44 45 63 64 72 73 78
 12 21 44 45 63 64 72 73 76 77
 12 21 44 45 61 62 64 74 78
 12 21 44 45 61 62 64 74 76 77
 12 21 44 45 61 62 64 72 73 78
 12 21 44 45 61 62 64 72 73 76 77
 12 21 44 45 51 63 64 74
 12 21 44 45 51 63 64 72 73
 12 21 44 45 51 61 62 64 74
 12 21 44 45 51 61 62 64 72 73
 12 21 44 45 47 63 64 78
 12 21 44 45 47 63 64 76 77
 12 21 44 45 47 61 62 64 78
 12 21 44 45 47 61 62 64 76 77
 12 21 44 45 47 51 63 64
 12 21 44 45 47 51 61 62 64
 12 21 36 64 71 72 74 78
 12 21 36 64 71 72 74 76 77
 12 21 36 64 71 72 73 78
 12 21 36 64 71 72 73 76 77
 12 21 36 64 70 71 74 78
 12 21 36 64 70 71 74 76 77
 12 21 36 64 70 71 72 73 78
 12 21 36 64 70 71 72 73 76 77
 12 21 36 64 69 70 72 74 78
 12 21 36 64 69 70 72 74 76 77
 12 21 36 64 69 70 72 73 78
 12 21 36 64 69 70 72 73 76 77
 12 21 36 64 69 70 71 74 78
 12 21 36 64 69 70 71 74 76 77
 12 21 36 64 69 70 71 72 73 78
 12 21 36 64 69 70 71 72 73 76 77
 12 21 36 51 64 71 72 74
 12 21 36 51 64 71 72 73
 12 21 36 51 64 70 71 74
 12 21 36 51 64 70 71 72 73
 12 21 36 51 64 69 70 72 74
 12 21 36 51 64 69 70 72 73
 12 21 36 51 64 69 70 71 74
 12 21 36 51 64 69 70 71 72 73
 12 21 36 47 64 71 72 78
 12 21 36 47 64 71 72 76 77
 12 21 36 47 64 70 71 78
 12 21 36 47 64 70 71 76 77
 12 21 36 47 64 69 70 72 78
 12 21 36 47 64 69 70 72 76 77
 12 21 36 47 64 69 70 71 78
 12 21 36 47 64 69 70 71 76 77
 12 21 36 47 51 64 71 72
 12 21 36 47 51 64 70 71
 12 21 36 47 51 64 69 70 72
 12 21 36 47 51 64 69 70 71
 12 21 36 45 64 71 74 78
 12 21 36 45 64 71 74 76 77
 12 21 36 45 64 71 72 73 78
 12 21 36 45 64 71 72 73 76 77
 12 21 36 45 64 69 70 74 78
 12 21 36 45 64 69 70 74 76 77
 12 21 36 45 64 69 70 72 73 78
 12 21 36 45 64 69 70 72 73 76 77
 12 21 36 45 51 64 71 74
 12 21 36 45 51 64 71 72 73
 12 21 36 45 51 64 69 70 74
 12 21 36 45 51 64 69 70 72 73
 12 21 36 45 47 64 71 78
 12 21 36 45 47 64 71 76 77
 12 21 36 45 47 64 69 70 78
 12 21 36 45 47 64 69 70 76 77
 12 21 36 45 47 51 64 71
 12 21 36 45 47 51 64 69 70
 12 21 36 44 64 72 74 78
 12 21 36 44 64 72 74 76 77
 12 21 36 44 64 72 73 78
 12 21 36 44 64 72 73 76 77
 12 21 36 44 64 70 71 74 78
 12 21 36 44 64 70 71 74 76 77
 12 21 36 44 64 70 71 72 73 78
 12 21 36 44 64 70 71 72 73 76 77
 12 21 36 44 51 64 72 74
 12 21 36 44 51 64 72 73
 12 21 36 44 51 64 70 71 74
 12 21 36 44 51 64 70 71 72 73
 12 21 36 44 47 64 72 78
 12 21 36 44 47 64 72 76 77
 12 21 36 44 47 64 70 71 78
 12 21 36 44 47 64 70 71 76 77
 12 21 36 44 47 51 64 72
 12 21 36 44 47 51 64 70 71
 12 21 36 44 45 64 74 78
 12 21 36 44 45 64 74 76 77
 12 21 36 44 45 64 72 73 78
 12 21 36 44 45 64 72 73 76 77
 12 21 36 44 45 51 64 74
 12 21 36 44 45 51 64 72 73
 12 21 36 44 45 47 64 78
 12 21 36 44 45 47 64 76 77
 12 21 36 44 45 47 51 64
