 68
 68 78
 68 76 77
 68 73 78
 68 73 76 77
 68 71 72 78
 68 71 72 76 77
 68 69
 68 69 78
 68 69 76 78
 68 69 74 75 78
 68 69 74 75 76 77
 67 68
 67 68 78
 67 68 76 77
 65 66 68 76 78
 65 66 68 76 77
 65 66 68 74 75 78
 65 66 68 74 75 76 77
 64 68 78
 64 68 76 77
 64 65 67
 64 65 67 68
 64 65 66 68
 64 65 66 67
 63 68 73
 63 68 71 72
 63 68 69
 63 68 69 78
 63 68 69 76 77
 63 67 68
 63 67 68 78
 63 67 68 76 77
 63 64 68
 63 64 67
 63 64 67 68
 63 64 66 67
 63 64 65 66 68
 61 68 69 78
 61 68 69 76 77
 61 67 68 78
 61 67 68 76 77
 61 64 67 78 79
 61 64 67 68
 61 64 65 66 78 79
 61 64 65 66 68
 61 63 68
 61 62 68
 61 62 68 73
 61 62 68 71 72
 61 62 68 69
 61 62 68 69 78
 61 62 68 69 76 77
 61 62 67 68
 61 62 67 68 78
 61 62 67 68 76 77
 61 62 64 68
 60 68 78
 60 68 76 77
 60 68 69
 60 67 68
 59 68
 59 68 69
 59 67 68
 59 60 68 69
 59 60 68 69 78
 59 60 68 69 76 77
 59 60 67 68
 59 60 67 68 78
 59 60 67 68 76 77
 59 60 64 67 78 79
 59 60 64 67 68
 59 60 64 65 66 78 79
 59 60 64 65 66 68
 59 60 63 68
 59 60 61 62 68
 58 68 76 78
 58 68 76 77
 58 68 74 78
 58 68 74 76 77
 58 68 74 75 78
 58 68 74 75 76 77
 58 68 72 73 78
 58 68 72 73 76 77
 58 64 68 78 79
 58 64 68 76 77 78 79
 58 63 68 76
 58 63 68 74 75
 58 63 68 69
 58 63 67 68
 58 61 68 78
 58 61 68 76 77
 58 61 64 68 78 79
 58 61 64 68 76 77 78 79
 58 61 63 68
 58 61 62 68
 58 61 62 68 76
 58 61 62 68 74 75
 58 61 62 68 69
 58 61 62 67 68
 58 60 68 69
 58 60 68 69 74
 58 60 68 69 72 73
 58 60 67 68
 58 60 67 68 74
 58 60 67 68 72 73
 58 60 63 68
 58 60 63 68 69 74
 58 60 63 68 69 74 78
 58 60 63 68 69 74 76 77
 58 60 63 68 69 72 73
 58 60 63 68 69 72 73 78
 58 60 63 68 69 72 73 76 77
 58 60 63 67 68 74
 58 60 63 67 68 74 78
 58 60 63 67 68 74 76 77
 58 60 63 67 68 72 73
 58 60 63 67 68 72 73 78
 58 60 63 67 68 72 73 76 77
 58 60 61 68 69
 58 60 61 67 68
 58 60 61 63 68
 58 60 61 62 68 69 74
 58 60 61 62 68 69 74 78
 58 60 61 62 68 69 74 76 77
 58 60 61 62 68 69 72 73
 58 60 61 62 68 69 72 73 78
 58 60 61 62 68 69 72 73 76 77
 58 60 61 62 67 68 74
 58 60 61 62 67 68 74 78
 58 60 61 62 67 68 74 76 77
 58 60 61 62 67 68 72 73
 58 60 61 62 67 68 72 73 78
 58 60 61 62 67 68 72 73 76 77
 58 59 60 68 78
 58 59 60 68 76 77
 58 59 60 64 68 78 79
 58 59 60 64 68 76 77 78 79
 57 58 68
 57 58 68 69
 57 58 67 68
 56 67 78 79
 56 65
 56 65 66
 56 65 66 78 79
 56 64 67 78 79
 56 64 65 69
 56 64 65 67 68
 56 64 65 66 78 79
 56 64 65 66 69
 56 64 65 66 67 68
 56 63 64
 56 63 64 69
 56 63 64 67 68
 56 63 64 66
 56 63 64 66 69
 56 63 64 66 67 68
 56 61 64 67
 56 61 64 67 78
 56 61 64 67 76 77
 56 61 64 65 67
 56 61 64 65 67 78
 56 61 64 65 67 76 77
 56 61 64 65 66
 56 61 64 65 66 78
 56 61 64 65 66 76 77
 56 61 64 65 66 67
 56 61 64 65 66 67 78
 56 61 64 65 66 67 76 77
 56 61 63 64 67
 56 61 63 64 67 78
 56 61 63 64 67 76 77
 56 61 63 64 66 67
 56 61 63 64 66 67 78
 56 61 63 64 66 67 76 77
 56 59 60 64 67
 56 59 60 64 67 78
 56 59 60 64 67 76 77
 56 59 60 64 65 67
 56 59 60 64 65 67 78
 56 59 60 64 65 67 76 77
 56 59 60 64 65 66
 56 59 60 64 65 66 78
 56 59 60 64 65 66 76 77
 56 59 60 64 65 66 67
 56 59 60 64 65 66 67 78
 56 59 60 64 65 66 67 76 77
 56 59 60 63 64 67
 56 59 60 63 64 67 78
 56 59 60 63 64 67 76 77
 56 59 60 63 64 66 67
 56 59 60 63 64 66 67 78
 56 59 60 63 64 66 67 76 77
 56 58 60 63 68
 56 58 60 63 68 69
 56 58 60 63 67 68
 56 58 60 61 63 68
 56 58 60 61 62 68 69
 56 58 60 61 62 67 68
 56 58 59 60 63 68
 56 58 59 60 61 62 68
 55 58 62 68 78
 55 58 62 68 76 77
 55 58 61 62 68 78
 55 58 61 62 68 76 77
 55 58 59 60 62 68 78
 55 58 59 60 62 68 76 77
 54 64 67
 54 64 66 67
 54 64 65 67
 54 64 65 66 67
 54 63 64 67
 54 63 64 66 67
 54 61 64 67
 54 61 64 66 67
 54 61 64 65 67
 54 61 64 65 66 67
 54 61 63 64 67
 54 61 63 64 66 67
 54 59 60 68 69
 54 59 60 67 68
 54 59 60 64 67
 54 59 60 64 66 67
 54 59 60 64 65 67
 54 59 60 64 65 66 67
 54 59 60 63 64 67
 54 59 60 63 64 66 67
 54 58 60 68 69
 54 58 60 68 69 74
 54 58 60 68 69 72
 54 58 60 68 69 72 73
 54 58 60 68 69 70 71
 54 58 60 67 68
 54 58 60 67 68 74
 54 58 60 67 68 72
 54 58 60 67 68 72 73
 54 58 60 67 68 70 71
 54 58 60 63 68
 54 58 60 61 63 68
 54 58 59 60 68 69 74
 54 58 59 60 68 69 72 73
 54 58 59 60 67 68 74
 54 58 59 60 67 68 72 73
 54 57 58 60 68 69 74
 54 57 58 60 68 69 72 73
 54 57 58 60 67 68 74
 54 57 58 60 67 68 72 73
 54 57 58 60 63 68
 54 57 58 60 61 62 68
 54 56 64 65
 54 56 64 65 66
 54 56 63 64
 54 56 63 64 66
 54 55 56 58 60 68 69
 54 55 56 58 60 67 68
 53 61 64 67
 53 61 64 65 66
 53 59 60 64 67
 53 59 60 64 65 66
 53 58 64 68 78
 53 58 64 68 76 77
 53 58 61 64 68 78
 53 58 61 64 68 76 77
 53 58 59 60 64 68 78
 53 58 59 60 64 68 76 77
 53 56 67
 53 56 65 66
 53 56 64 67
 53 56 64 65 66
 52 64 67 78 79
 52 64 67 68
 52 64 65
 52 64 65 66
 52 64 65 66 78 79
 52 64 65 66 68
 52 63 64
 52 63 64 66
 52 56 64 67
 52 56 64 67 78
 52 56 64 67 76 77
 52 56 64 65 67
 52 56 64 65 67 78
 52 56 64 65 67 76 77
 52 56 64 65 66
 52 56 64 65 66 78
 52 56 64 65 66 76 77
 52 56 64 65 66 67
 52 56 64 65 66 67 78
 52 56 64 65 66 67 76 77
 52 56 63 64 67
 52 56 63 64 67 78
 52 56 63 64 67 76 77
 52 56 63 64 66 67
 52 56 63 64 66 67 78
 52 56 63 64 66 67 76 77
 52 54 64 67
 52 54 64 66 67
 52 54 64 65 67
 52 54 64 65 66 67
 52 54 63 64 67
 52 54 63 64 66 67
 52 53 64 67
 52 53 64 65 66
 52 53 61 64 67
 52 53 61 64 66 67
 52 53 61 64 65 67
 52 53 61 64 65 66 67
 52 53 61 63 64 67
 52 53 61 63 64 66 67
 52 53 59 60 68 69
 52 53 59 60 67 68
 52 53 59 60 64 67
 52 53 59 60 64 66 67
 52 53 59 60 64 65 67
 52 53 59 60 64 65 66 67
 52 53 59 60 63 64 67
 52 53 59 60 63 64 66 67
 52 53 58 60 68 69
 52 53 58 60 68 69 74
 52 53 58 60 68 69 72
 52 53 58 60 68 69 72 73
 52 53 58 60 68 69 70 71
 52 53 58 60 67 68
 52 53 58 60 67 68 74
 52 53 58 60 67 68 72
 52 53 58 60 67 68 72 73
 52 53 58 60 67 68 70 71
 52 53 58 60 63 68
 52 53 58 60 61 63 68
 52 53 58 59 60 68 69 74
 52 53 58 59 60 68 69 72 73
 52 53 58 59 60 67 68 74
 52 53 58 59 60 67 68 72 73
 52 53 57 58 60 68 69 74
 52 53 57 58 60 68 69 72 73
 52 53 57 58 60 67 68 74
 52 53 57 58 60 67 68 72 73
 52 53 57 58 60 63 68
 52 53 57 58 60 61 62 68
 52 53 56 64 65
 52 53 56 64 65 66
 52 53 56 63 64
 52 53 56 63 64 66
 52 53 55 56 58 60 68 69
 52 53 55 56 58 60 67 68
 51 68
 51 68 73
 51 68 71 72
 51 68 69
 51 68 69 76
 51 68 69 74 75
 51 67 68
 51 65 66 68 76
 51 65 66 68 74 75
 51 64 68
 51 63 68 69
 51 63 67 68
 51 61 68 69
 51 61 67 68
 51 61 62 68 69
 51 61 62 67 68
 51 60 68
 51 59 60 68 69
 51 59 60 67 68
 51 58 68 76
 51 58 68 74
 51 58 68 74 75
 51 58 68 72 73
 51 58 64 68 78 79
 51 58 61 68
 51 58 61 64 68 78 79
 51 58 60 63 68 69 74
 51 58 60 63 68 69 72 73
 51 58 60 63 67 68 74
 51 58 60 63 67 68 72 73
 51 58 60 61 62 68 69 74
 51 58 60 61 62 68 69 72 73
 51 58 60 61 62 67 68 74
 51 58 60 61 62 67 68 72 73
 51 58 59 60 68
 51 58 59 60 64 68 78 79
 51 56 61 64 67
 51 56 61 64 65 67
 51 56 61 64 65 66
 51 56 61 64 65 66 67
 51 56 61 63 64 67
 51 56 61 63 64 66 67
 51 56 59 60 64 67
 51 56 59 60 64 65 67
 51 56 59 60 64 65 66
 51 56 59 60 64 65 66 67
 51 56 59 60 63 64 67
 51 56 59 60 63 64 66 67
 51 55 58 62 68
 51 55 58 61 62 68
 51 55 58 59 60 62 68
 51 53 58 64 68
 51 53 58 61 64 68
 51 53 58 59 60 64 68
 51 52 56 64 67
 51 52 56 64 65 67
 51 52 56 64 65 66
 51 52 56 64 65 66 67
 51 52 56 63 64 67
 51 52 56 63 64 66 67
 50 51 64 67 78 79
 50 51 64 67 68
 50 51 64 65
 50 51 64 65 66
 50 51 64 65 66 78 79
 50 51 64 65 66 68
 50 51 63 64
 50 51 63 64 66
 50 51 56 64 67 78
 50 51 56 64 67 76 77
 50 51 56 64 65 67 78
 50 51 56 64 65 67 76 77
 50 51 56 64 65 66 78
 50 51 56 64 65 66 76 77
 50 51 56 64 65 66 67 78
 50 51 56 64 65 66 67 76 77
 50 51 56 63 64 67 78
 50 51 56 63 64 67 76 77
 50 51 56 63 64 66 67 78
 50 51 56 63 64 66 67 76 77
 50 51 54 64 67
 50 51 54 64 66 67
 50 51 54 64 65 67
 50 51 54 64 65 66 67
 50 51 54 63 64 67
 50 51 54 63 64 66 67
 50 51 53 64 67
 50 51 53 64 65 66
 50 51 52 53 64 67
 50 51 52 53 64 66 67
 50 51 52 53 64 65 67
 50 51 52 53 64 65 66 67
 50 51 52 53 63 64 67
 50 51 52 53 63 64 66 67
 49 68 69 78
 49 68 69 76 77
 49 65 66 68 78
 49 65 66 68 76 77
 49 58 68 78
 49 58 68 76 77
 49 58 63 68
 49 58 61 62 68
 49 51 68 69
 49 51 65 66 68
 49 51 58 68
 47 58 68 78
 47 58 68 76 77
 47 58 60 68 69
 47 58 60 67 68
 47 58 60 63 68 69
 47 58 60 63 68 69 78
 47 58 60 63 68 69 76 77
 47 58 60 63 67 68
 47 58 60 63 67 68 78
 47 58 60 63 67 68 76 77
 47 58 60 61 62 68 69
 47 58 60 61 62 68 69 78
 47 58 60 61 62 68 69 76 77
 47 58 60 61 62 67 68
 47 58 60 61 62 67 68 78
 47 58 60 61 62 67 68 76 77
 47 54 58 60 68 69
 47 54 58 60 67 68
 47 54 58 59 60 68 69
 47 54 58 59 60 67 68
 47 54 57 58 60 68 69
 47 54 57 58 60 67 68
 47 52 53 58 60 68 69
 47 52 53 58 60 67 68
 47 52 53 58 59 60 68 69
 47 52 53 58 59 60 67 68
 47 52 53 57 58 60 68 69
 47 52 53 57 58 60 67 68
 47 51 58 68
 47 51 58 60 63 68 69
 47 51 58 60 63 67 68
 47 51 58 60 61 62 68 69
 47 51 58 60 61 62 67 68
 46 68 78
 46 68 76 77
 46 63 68
 46 61 62 68
 46 58 62 68 78
 46 58 62 68 76 77
 46 58 61 62 68 78
 46 58 61 62 68 76 77
 46 58 59 60 62 68 78
 46 58 59 60 62 68 76 77
 46 51 68
 46 51 58 62 68
 46 51 58 61 62 68
 46 51 58 59 60 62 68
 45 54 58 60 68 69
 45 54 58 60 67 68
 45 52 53 58 60 68 69
 45 52 53 58 60 67 68
 44 67 68 76 78
 44 67 68 76 77
 44 67 68 74 75 78
 44 67 68 74 75 76 77
 44 65 66 68 76 78
 44 65 66 68 76 77
 44 65 66 68 74 75 78
 44 65 66 68 74 75 76 77
 44 63 67 68
 44 63 65 66 68
 44 61 62 67 68
 44 61 62 65 66 68
 44 58 64 68 78
 44 58 64 68 76 77
 44 58 63 67 68
 44 58 63 65 66 68
 44 58 61 64 68 78
 44 58 61 64 68 76 77
 44 58 61 62 67 68
 44 58 61 62 65 66 68
 44 58 59 60 64 68 78
 44 58 59 60 64 68 76 77
 44 51 67 68 76
 44 51 67 68 74 75
 44 51 65 66 68 76
 44 51 65 66 68 74 75
 44 51 58 64 68
 44 51 58 61 64 68
 44 51 58 59 60 64 68
 44 49 67 68 78
 44 49 67 68 76 77
 44 49 65 66 68 78
 44 49 65 66 68 76 77
 44 49 51 67 68
 44 49 51 65 66 68
 43 58 68 74 78
 43 58 68 74 76 77
 43 58 68 72 73 78
 43 58 68 72 73 76 77
 43 58 63 68 74
 43 58 63 68 72 73
 43 58 61 62 68 74
 43 58 61 62 68 72 73
 43 51 58 68 74
 43 51 58 68 72 73
 43 47 58 68 78
 43 47 58 68 76 77
 43 47 58 63 68
 43 47 58 61 62 68
 43 47 51 58 68
 42 68
 42 68 78
 42 68 76 78
 42 68 74 75 78
 42 68 74 75 76 77
 42 63 68
 42 63 68 78
 42 63 68 76 77
 42 61 68 78
 42 61 68 76 77
 42 61 62 68
 42 61 62 68 78
 42 61 62 68 76 77
 42 60 68
 42 59 68
 42 59 60 68
 42 59 60 68 78
 42 59 60 68 76 77
 42 58 68 74 78
 42 58 68 74 76 77
 42 58 68 72 73 78
 42 58 68 72 73 76 77
 42 58 63 68
 42 58 63 68 74
 42 58 63 68 72 73
 42 58 61 62 68
 42 58 61 62 68 74
 42 58 61 62 68 72 73
 42 58 60 68
 42 58 60 68 74
 42 58 60 68 72 73
 42 58 60 63 68 74
 42 58 60 63 68 74 78
 42 58 60 63 68 74 76 77
 42 58 60 63 68 72 73
 42 58 60 63 68 72 73 78
 42 58 60 63 68 72 73 76 77
 42 58 60 61 68
 42 58 60 61 62 68 74
 42 58 60 61 62 68 74 78
 42 58 60 61 62 68 74 76 77
 42 58 60 61 62 68 72 73
 42 58 60 61 62 68 72 73 78
 42 58 60 61 62 68 72 73 76 77
 42 57 58 68
 42 56 64 65
 42 56 64 65 66
 42 56 63 64
 42 56 63 64 66
 42 56 58 60 63 68
 42 56 58 60 61 62 68
 42 54 59 60 68
 42 54 58 60 68
 42 54 58 60 68 74
 42 54 58 60 68 72
 42 54 58 60 68 72 73
 42 54 58 60 68 70 71
 42 54 58 59 60 68 74
 42 54 58 59 60 68 72 73
 42 54 57 58 60 68 74
 42 54 57 58 60 68 72 73
 42 54 55 56 58 60 68
 42 52 53 59 60 68
 42 52 53 58 60 68
 42 52 53 58 60 68 74
 42 52 53 58 60 68 72
 42 52 53 58 60 68 72 73
 42 52 53 58 60 68 70 71
 42 52 53 58 59 60 68 74
 42 52 53 58 59 60 68 72 73
 42 52 53 57 58 60 68 74
 42 52 53 57 58 60 68 72 73
 42 52 53 55 56 58 60 68
 42 51 68
 42 51 68 76
 42 51 68 74 75
 42 51 63 68
 42 51 61 68
 42 51 61 62 68
 42 51 59 60 68
 42 51 58 68 74
 42 51 58 68 72 73
 42 51 58 60 63 68 74
 42 51 58 60 63 68 72 73
 42 51 58 60 61 62 68 74
 42 51 58 60 61 62 68 72 73
 42 49 68 78
 42 49 68 76 77
 42 49 51 68
 42 47 58 68 78
 42 47 58 68 76 77
 42 47 58 63 68
 42 47 58 61 62 68
 42 47 58 60 68
 42 47 58 60 63 68
 42 47 58 60 63 68 78
 42 47 58 60 63 68 76 77
 42 47 58 60 61 62 68
 42 47 58 60 61 62 68 78
 42 47 58 60 61 62 68 76 77
 42 47 54 58 60 68
 42 47 54 58 59 60 68
 42 47 54 57 58 60 68
 42 47 52 53 58 60 68
 42 47 52 53 58 59 60 68
 42 47 52 53 57 58 60 68
 42 47 51 58 68
 42 47 51 58 60 63 68
 42 47 51 58 60 61 62 68
 42 45 54 58 60 68
 42 45 52 53 58 60 68
 42 43 67 68 76 78
 42 43 67 68 76 77
 42 43 67 68 74 75 78
 42 43 67 68 74 75 76 77
 42 43 65 66 68 76 78
 42 43 65 66 68 76 77
 42 43 65 66 68 74 75 78
 42 43 65 66 68 74 75 76 77
 42 43 63 67 68
 42 43 63 65 66 68
 42 43 61 62 67 68
 42 43 61 62 65 66 68
 42 43 58 63 67 68
 42 43 58 63 65 66 68
 42 43 58 61 62 67 68
 42 43 58 61 62 65 66 68
 42 43 51 67 68 76
 42 43 51 67 68 74 75
 42 43 51 65 66 68 76
 42 43 51 65 66 68 74 75
 42 43 49 67 68 78
 42 43 49 67 68 76 77
 42 43 49 65 66 68 78
 42 43 49 65 66 68 76 77
 42 43 49 51 67 68
 42 43 49 51 65 66 68
 40 68 76 78
 40 68 76 77
 40 68 74 75 78
 40 68 74 75 76 77
 40 64 65
 40 64 65 68
 40 64 65 66
 40 63 64
 40 63 64 68
 40 63 64 66
 40 61 64 78 79
 40 61 64 68
 40 59 60 64 78 79
 40 59 60 64 68
 40 56 78 79
 40 56 64 78 79
 40 56 61 64
 40 56 61 64 78
 40 56 61 64 76 77
 40 56 61 64 65
 40 56 61 64 65 78
 40 56 61 64 65 76 77
 40 56 61 64 65 66
 40 56 61 64 65 66 78
 40 56 61 64 65 66 76 77
 40 56 61 63 64
 40 56 61 63 64 78
 40 56 61 63 64 76 77
 40 56 61 63 64 66
 40 56 61 63 64 66 78
 40 56 61 63 64 66 76 77
 40 56 59 60 64
 40 56 59 60 64 78
 40 56 59 60 64 76 77
 40 56 59 60 64 65
 40 56 59 60 64 65 78
 40 56 59 60 64 65 76 77
 40 56 59 60 64 65 66
 40 56 59 60 64 65 66 78
 40 56 59 60 64 65 66 76 77
 40 56 59 60 63 64
 40 56 59 60 63 64 78
 40 56 59 60 63 64 76 77
 40 56 59 60 63 64 66
 40 56 59 60 63 64 66 78
 40 56 59 60 63 64 66 76 77
 40 54 64
 40 54 64 66
 40 54 64 65
 40 54 64 65 66
 40 54 63 64
 40 54 63 64 66
 40 54 61 64
 40 54 61 64 66
 40 54 61 64 65
 40 54 61 64 65 66
 40 54 61 63 64
 40 54 61 63 64 66
 40 54 59 60 64
 40 54 59 60 64 66
 40 54 59 60 64 65
 40 54 59 60 64 65 66
 40 54 59 60 63 64
 40 54 59 60 63 64 66
 40 53 61 64
 40 53 59 60 64
 40 53 56
 40 53 56 64
 40 52 64 78 79
 40 52 64 68
 40 52 56 64
 40 52 56 64 78
 40 52 56 64 76 77
 40 52 56 64 65
 40 52 56 64 65 78
 40 52 56 64 65 76 77
 40 52 56 64 65 66
 40 52 56 64 65 66 78
 40 52 56 64 65 66 76 77
 40 52 56 63 64
 40 52 56 63 64 78
 40 52 56 63 64 76 77
 40 52 56 63 64 66
 40 52 56 63 64 66 78
 40 52 56 63 64 66 76 77
 40 52 54 64
 40 52 54 64 66
 40 52 54 64 65
 40 52 54 64 65 66
 40 52 54 63 64
 40 52 54 63 64 66
 40 52 53 64
 40 52 53 61 64
 40 52 53 61 64 66
 40 52 53 61 64 65
 40 52 53 61 64 65 66
 40 52 53 61 63 64
 40 52 53 61 63 64 66
 40 52 53 59 60 64
 40 52 53 59 60 64 66
 40 52 53 59 60 64 65
 40 52 53 59 60 64 65 66
 40 52 53 59 60 63 64
 40 52 53 59 60 63 64 66
 40 51 68 76
 40 51 68 74 75
 40 51 56 61 64
 40 51 56 61 64 65
 40 51 56 61 64 65 66
 40 51 56 61 63 64
 40 51 56 61 63 64 66
 40 51 56 59 60 64
 40 51 56 59 60 64 65
 40 51 56 59 60 64 65 66
 40 51 56 59 60 63 64
 40 51 56 59 60 63 64 66
 40 51 52 56 64
 40 51 52 56 64 65
 40 51 52 56 64 65 66
 40 51 52 56 63 64
 40 51 52 56 63 64 66
 40 50 51 64 78 79
 40 50 51 64 68
 40 50 51 56 64 78
 40 50 51 56 64 76 77
 40 50 51 56 64 65 78
 40 50 51 56 64 65 76 77
 40 50 51 56 64 65 66 78
 40 50 51 56 64 65 66 76 77
 40 50 51 56 63 64 78
 40 50 51 56 63 64 76 77
 40 50 51 56 63 64 66 78
 40 50 51 56 63 64 66 76 77
 40 50 51 54 64
 40 50 51 54 64 66
 40 50 51 54 64 65
 40 50 51 54 64 65 66
 40 50 51 54 63 64
 40 50 51 54 63 64 66
 40 50 51 53 64
 40 50 51 52 53 64
 40 50 51 52 53 64 66
 40 50 51 52 53 64 65
 40 50 51 52 53 64 65 66
 40 50 51 52 53 63 64
 40 50 51 52 53 63 64 66
 40 49 68 78
 40 49 68 76 77
 40 49 51 68
 40 44 68 76 78
 40 44 68 76 77
 40 44 68 74 75 78
 40 44 68 74 75 76 77
 40 44 63 68
 40 44 61 62 68
 40 44 58 63 68
 40 44 58 61 62 68
 40 44 51 68 76
 40 44 51 68 74 75
 40 44 49 68 78
 40 44 49 68 76 77
 40 44 49 51 68
 40 42 43 68 76 78
 40 42 43 68 76 77
 40 42 43 68 74 75 78
 40 42 43 68 74 75 76 77
 40 42 43 63 68
 40 42 43 61 62 68
 40 42 43 58 63 68
 40 42 43 58 61 62 68
 40 42 43 51 68 76
 40 42 43 51 68 74 75
 40 42 43 49 68 78
 40 42 43 49 68 76 77
 40 42 43 49 51 68
 39 40 42 58 68 74 78
 39 40 42 58 68 74 76 77
 39 40 42 58 68 72 73 78
 39 40 42 58 68 72 73 76 77
 39 40 42 58 63 68 74
 39 40 42 58 63 68 72 73
 39 40 42 58 61 62 68 74
 39 40 42 58 61 62 68 72 73
 39 40 42 51 58 68 74
 39 40 42 51 58 68 72 73
 39 40 42 47 58 68 78
 39 40 42 47 58 68 76 77
 39 40 42 47 58 63 68
 39 40 42 47 58 61 62 68
 39 40 42 47 51 58 68
 39 40 41 58 68 74 78
 39 40 41 58 68 74 76 77
 39 40 41 58 68 72 73 78
 39 40 41 58 68 72 73 76 77
 39 40 41 58 63 68 74
 39 40 41 58 63 68 72 73
 39 40 41 58 61 62 68 74
 39 40 41 58 61 62 68 72 73
 39 40 41 51 58 68 74
 39 40 41 51 58 68 72 73
 39 40 41 47 58 68 78
 39 40 41 47 58 68 76 77
 39 40 41 47 58 63 68
 39 40 41 47 58 61 62 68
 39 40 41 47 51 58 68
 38 64 67
 38 64 67 68
 38 64 66 67
 38 64 65 66 68
 38 56
 38 56 66
 38 56 64 69
 38 56 64 67 68
 38 56 64 66 69
 38 56 64 66 67 68
 38 56 61 64 67
 38 56 61 64 67 78
 38 56 61 64 67 76 77
 38 56 61 64 66 67
 38 56 61 64 66 67 78
 38 56 61 64 66 67 76 77
 38 56 59 60 64 67
 38 56 59 60 64 67 78
 38 56 59 60 64 67 76 77
 38 56 59 60 64 66 67
 38 56 59 60 64 66 67 78
 38 56 59 60 64 66 67 76 77
 38 54 64 67
 38 54 64 66 67
 38 54 61 64 67
 38 54 61 64 66 67
 38 54 59 60 64 67
 38 54 59 60 64 66 67
 38 54 56 64
 38 54 56 64 66
 38 52 64
 38 52 64 66
 38 52 56 64 67
 38 52 56 64 67 78
 38 52 56 64 67 76 77
 38 52 56 64 66 67
 38 52 56 64 66 67 78
 38 52 56 64 66 67 76 77
 38 52 54 64 67
 38 52 54 64 66 67
 38 52 53 61 64 67
 38 52 53 61 64 66 67
 38 52 53 59 60 64 67
 38 52 53 59 60 64 66 67
 38 52 53 56 64
 38 52 53 56 64 66
 38 51 56 61 64 67
 38 51 56 61 64 66 67
 38 51 56 59 60 64 67
 38 51 56 59 60 64 66 67
 38 51 52 56 64 67
 38 51 52 56 64 66 67
 38 50 51 64
 38 50 51 64 66
 38 50 51 56 64 67 78
 38 50 51 56 64 67 76 77
 38 50 51 56 64 66 67 78
 38 50 51 56 64 66 67 76 77
 38 50 51 54 64 67
 38 50 51 54 64 66 67
 38 50 51 52 53 64 67
 38 50 51 52 53 64 66 67
 38 42 56 64
 38 42 56 64 66
 38 40 64
 38 40 64 68
 38 40 64 66
 38 40 56 61 64
 38 40 56 61 64 78
 38 40 56 61 64 76 77
 38 40 56 61 64 66
 38 40 56 61 64 66 78
 38 40 56 61 64 66 76 77
 38 40 56 59 60 64
 38 40 56 59 60 64 78
 38 40 56 59 60 64 76 77
 38 40 56 59 60 64 66
 38 40 56 59 60 64 66 78
 38 40 56 59 60 64 66 76 77
 38 40 54 64
 38 40 54 64 66
 38 40 54 61 64
 38 40 54 61 64 66
 38 40 54 59 60 64
 38 40 54 59 60 64 66
 38 40 52 56 64
 38 40 52 56 64 78
 38 40 52 56 64 76 77
 38 40 52 56 64 66
 38 40 52 56 64 66 78
 38 40 52 56 64 66 76 77
 38 40 52 54 64
 38 40 52 54 64 66
 38 40 52 53 61 64
 38 40 52 53 61 64 66
 38 40 52 53 59 60 64
 38 40 52 53 59 60 64 66
 38 40 51 56 61 64
 38 40 51 56 61 64 66
 38 40 51 56 59 60 64
 38 40 51 56 59 60 64 66
 38 40 51 52 56 64
 38 40 51 52 56 64 66
 38 40 50 51 56 64 78
 38 40 50 51 56 64 76 77
 38 40 50 51 56 64 66 78
 38 40 50 51 56 64 66 76 77
 38 40 50 51 54 64
 38 40 50 51 54 64 66
 38 40 50 51 52 53 64
 38 40 50 51 52 53 64 66
 36 68 73
 36 68 71 72
 36 68 69
 36 68 69 78
 36 68 69 76 77
 36 67 68
 36 67 68 78
 36 67 68 76 77
 36 64 68
 36 61 68
 36 59 60 68
 36 58 68 76
 36 58 68 74 75
 36 58 68 69
 36 58 67 68
 36 58 61 68
 36 58 60 68
 36 58 60 68 69 74
 36 58 60 68 69 74 78
 36 58 60 68 69 74 76 77
 36 58 60 68 69 72 73
 36 58 60 68 69 72 73 78
 36 58 60 68 69 72 73 76 77
 36 58 60 67 68 74
 36 58 60 67 68 74 78
 36 58 60 67 68 74 76 77
 36 58 60 67 68 72 73
 36 58 60 67 68 72 73 78
 36 58 60 67 68 72 73 76 77
 36 58 60 61 68
 36 56 58 60 68
 36 56 58 60 68 69
 36 56 58 60 67 68
 36 56 58 60 61 68
 36 56 58 59 60 68
 36 54 58 60 68
 36 54 58 60 61 68
 36 54 57 58 60 68
 36 52 53 58 60 68
 36 52 53 58 60 61 68
 36 52 53 57 58 60 68
 36 51 68 69
 36 51 67 68
 36 51 58 60 68 69 74
 36 51 58 60 68 69 72 73
 36 51 58 60 67 68 74
 36 51 58 60 67 68 72 73
 36 49 58 68
 36 47 58 60 68 69
 36 47 58 60 68 69 78
 36 47 58 60 68 69 76 77
 36 47 58 60 67 68
 36 47 58 60 67 68 78
 36 47 58 60 67 68 76 77
 36 47 51 58 60 68 69
 36 47 51 58 60 67 68
 36 46 68
 36 44 67 68
 36 44 65 66 68
 36 44 58 67 68
 36 44 58 65 66 68
 36 43 58 68 74
 36 43 58 68 72 73
 36 43 47 58 68
 36 42 68
 36 42 68 78
 36 42 68 76 77
 36 42 58 68
 36 42 58 68 74
 36 42 58 68 72 73
 36 42 58 60 68 74
 36 42 58 60 68 74 78
 36 42 58 60 68 74 76 77
 36 42 58 60 68 72 73
 36 42 58 60 68 72 73 78
 36 42 58 60 68 72 73 76 77
 36 42 56 58 60 68
 36 42 51 68
 36 42 51 58 60 68 74
 36 42 51 58 60 68 72 73
 36 42 47 58 68
 36 42 47 58 60 68
 36 42 47 58 60 68 78
 36 42 47 58 60 68 76 77
 36 42 47 51 58 60 68
 36 42 43 67 68
 36 42 43 65 66 68
 36 42 43 58 67 68
 36 42 43 58 65 66 68
 36 40 44 68
 36 40 44 58 68
 36 40 42 43 68
 36 40 42 43 58 68
 36 39 40 42 58 68 74
 36 39 40 42 58 68 72 73
 36 39 40 42 47 58 68
 36 39 40 41 58 68 74
 36 39 40 41 58 68 72 73
 36 39 40 41 47 58 68
 35 68 78
 35 68 76 77
 35 51 68
 34 68 78
 34 68 76 77
 34 68 69 78
 34 68 69 76 77
 34 67 68 78
 34 67 68 76 77
 34 64 67 78 79
 34 64 67 68
 34 64 65 66 78 79
 34 64 65 66 68
 34 58 68 78
 34 58 68 76 77
 34 58 64 68 78 79
 34 58 64 68 76 77 78 79
 34 58 63 68
 34 58 61 62 68
 34 58 60 68 69
 34 58 60 67 68
 34 58 60 63 68
 34 58 60 61 62 68
 34 56 64 67
 34 56 64 67 78
 34 56 64 67 76 77
 34 56 64 65 67
 34 56 64 65 67 78
 34 56 64 65 67 76 77
 34 56 64 65 66
 34 56 64 65 66 78
 34 56 64 65 66 76 77
 34 56 64 65 66 67
 34 56 64 65 66 67 78
 34 56 64 65 66 67 76 77
 34 56 63 64 67
 34 56 63 64 67 78
 34 56 63 64 67 76 77
 34 56 63 64 66 67
 34 56 63 64 66 67 78
 34 56 63 64 66 67 76 77
 34 56 58 60 63 68
 34 56 58 60 61 62 68
 34 55 58 62 68 78
 34 55 58 62 68 76 77
 34 54 64 67
 34 54 64 66 67
 34 54 64 65 67
 34 54 64 65 66 67
 34 54 63 64 67
 34 54 63 64 66 67
 34 54 58 60 63 68
 34 54 58 60 61 62 68
 34 53 64 67
 34 53 64 65 66
 34 53 58 64 68 78
 34 53 58 64 68 76 77
 34 52 53 64 67
 34 52 53 64 66 67
 34 52 53 64 65 67
 34 52 53 64 65 66 67
 34 52 53 63 64 67
 34 52 53 63 64 66 67
 34 52 53 58 60 63 68
 34 52 53 58 60 61 62 68
 34 51 68
 34 51 68 69
 34 51 67 68
 34 51 58 68
 34 51 58 64 68 78 79
 34 51 56 64 67
 34 51 56 64 65 67
 34 51 56 64 65 66
 34 51 56 64 65 66 67
 34 51 56 63 64 67
 34 51 56 63 64 66 67
 34 51 55 58 62 68
 34 51 53 58 64 68
 34 46 58 62 68 78
 34 46 58 62 68 76 77
 34 46 51 58 62 68
 34 44 58 64 68 78
 34 44 58 64 68 76 77
 34 44 51 58 64 68
 34 42 68 78
 34 42 68 76 77
 34 42 58 60 68
 34 42 51 68
 34 40 64 78 79
 34 40 64 68
 34 40 56 64
 34 40 56 64 78
 34 40 56 64 76 77
 34 40 56 64 65
 34 40 56 64 65 78
 34 40 56 64 65 76 77
 34 40 56 64 65 66
 34 40 56 64 65 66 78
 34 40 56 64 65 66 76 77
 34 40 56 63 64
 34 40 56 63 64 78
 34 40 56 63 64 76 77
 34 40 56 63 64 66
 34 40 56 63 64 66 78
 34 40 56 63 64 66 76 77
 34 40 54 64
 34 40 54 64 66
 34 40 54 64 65
 34 40 54 64 65 66
 34 40 54 63 64
 34 40 54 63 64 66
 34 40 53 64
 34 40 52 53 64
 34 40 52 53 64 66
 34 40 52 53 64 65
 34 40 52 53 64 65 66
 34 40 52 53 63 64
 34 40 52 53 63 64 66
 34 40 51 56 64
 34 40 51 56 64 65
 34 40 51 56 64 65 66
 34 40 51 56 63 64
 34 40 51 56 63 64 66
 34 38 56 64 67
 34 38 56 64 67 78
 34 38 56 64 67 76 77
 34 38 56 64 66 67
 34 38 56 64 66 67 78
 34 38 56 64 66 67 76 77
 34 38 54 64 67
 34 38 54 64 66 67
 34 38 52 53 64 67
 34 38 52 53 64 66 67
 34 38 51 56 64 67
 34 38 51 56 64 66 67
 34 38 40 56 64
 34 38 40 56 64 78
 34 38 40 56 64 76 77
 34 38 40 56 64 66
 34 38 40 56 64 66 78
 34 38 40 56 64 66 76 77
 34 38 40 54 64
 34 38 40 54 64 66
 34 38 40 52 53 64
 34 38 40 52 53 64 66
 34 38 40 51 56 64
 34 38 40 51 56 64 66
 34 36 58 68
 34 36 58 60 68
 34 36 56 58 60 68
 34 36 54 58 60 68
 34 36 52 53 58 60 68
 33 34 68 78
 33 34 68 76 77
 33 34 51 68
 32 68
 32 68 69
 32 67 68
 32 64 65 67
 32 64 65 66 67
 32 63 64 67
 32 63 64 66 67
 32 60 68 69
 32 60 67 68
 32 58 60 68 69
 32 58 60 67 68
 32 56 64 67
 32 56 64 66 67
 32 54 64 67
 32 54 64 66 67
 32 54 60 68 69
 32 54 60 67 68
 32 54 58 60 68 69 74
 32 54 58 60 68 69 72 73
 32 54 58 60 67 68 74
 32 54 58 60 67 68 72 73
 32 54 58 60 63 68
 32 54 58 60 61 62 68
 32 52 53 64 67
 32 52 53 64 66 67
 32 52 53 60 68 69
 32 52 53 60 67 68
 32 52 53 58 60 68 69 74
 32 52 53 58 60 68 69 72 73
 32 52 53 58 60 67 68 74
 32 52 53 58 60 67 68 72 73
 32 52 53 58 60 63 68
 32 52 53 58 60 61 62 68
 32 47 54 58 60 68 69
 32 47 54 58 60 67 68
 32 47 52 53 58 60 68 69
 32 47 52 53 58 60 67 68
 32 42 68
 32 42 60 68
 32 42 58 60 68
 32 42 54 60 68
 32 42 54 58 60 68 74
 32 42 54 58 60 68 72 73
 32 42 52 53 60 68
 32 42 52 53 58 60 68 74
 32 42 52 53 58 60 68 72 73
 32 42 47 54 58 60 68
 32 42 47 52 53 58 60 68
 32 40 64 65
 32 40 64 65 66
 32 40 63 64
 32 40 63 64 66
 32 40 56 64
 32 40 56 64 66
 32 40 54 64
 32 40 54 64 66
 32 40 52 53 64
 32 40 52 53 64 66
 32 38 64 67
 32 38 64 66 67
 32 38 40 64
 32 38 40 64 66
 32 36 54 58 60 68
 32 36 52 53 58 60 68
 30 54 58 60 68 69
 30 54 58 60 67 68
 30 52 53 58 60 68 69
 30 52 53 58 60 67 68
 30 42 54 58 60 68
 30 42 52 53 58 60 68
 28 58 68 74 78
 28 58 68 74 76 77
 28 58 68 72 73 78
 28 58 68 72 73 76 77
 28 58 63 68 74
 28 58 63 68 72 73
 28 58 61 62 68 74
 28 58 61 62 68 72 73
 28 51 58 68 74
 28 51 58 68 72 73
 28 47 58 68 78
 28 47 58 68 76 77
 28 47 58 63 68
 28 47 58 61 62 68
 28 47 51 58 68
 28 36 58 68 74
 28 36 58 68 72 73
 28 36 47 58 68
 27 64 67
 27 64 66 67
 27 64 65 67
 27 64 65 66 67
 27 63 64 67
 27 63 64 66 67
 27 61 64 67
 27 61 64 66 67
 27 61 64 65 67
 27 61 64 65 66 67
 27 61 63 64 67
 27 61 63 64 66 67
 27 59 60 68 69
 27 59 60 67 68
 27 59 60 64 67
 27 59 60 64 66 67
 27 59 60 64 65 67
 27 59 60 64 65 66 67
 27 59 60 63 64 67
 27 59 60 63 64 66 67
 27 58 60 68 69
 27 58 60 68 69 74
 27 58 60 68 69 72
 27 58 60 68 69 72 73
 27 58 60 68 69 70 71
 27 58 60 67 68
 27 58 60 67 68 74
 27 58 60 67 68 72
 27 58 60 67 68 72 73
 27 58 60 67 68 70 71
 27 58 60 63 68
 27 58 60 61 63 68
 27 58 59 60 68 69 74
 27 58 59 60 68 69 72 73
 27 58 59 60 67 68 74
 27 58 59 60 67 68 72 73
 27 57 58 60 68 69 74
 27 57 58 60 68 69 72 73
 27 57 58 60 67 68 74
 27 57 58 60 67 68 72 73
 27 57 58 60 63 68
 27 57 58 60 61 62 68
 27 56 64 65
 27 56 64 65 66
 27 56 63 64
 27 56 63 64 66
 27 55 56 58 60 68 69
 27 55 56 58 60 67 68
 27 52 64 67
 27 52 64 66 67
 27 52 64 65 67
 27 52 64 65 66 67
 27 52 63 64 67
 27 52 63 64 66 67
 27 50 51 64 67
 27 50 51 64 66 67
 27 50 51 64 65 67
 27 50 51 64 65 66 67
 27 50 51 63 64 67
 27 50 51 63 64 66 67
 27 47 58 60 68 69
 27 47 58 60 67 68
 27 47 58 59 60 68 69
 27 47 58 59 60 67 68
 27 47 57 58 60 68 69
 27 47 57 58 60 67 68
 27 45 58 60 68 69
 27 45 58 60 67 68
 27 42 59 60 68
 27 42 58 60 68
 27 42 58 60 68 74
 27 42 58 60 68 72
 27 42 58 60 68 72 73
 27 42 58 60 68 70 71
 27 42 58 59 60 68 74
 27 42 58 59 60 68 72 73
 27 42 57 58 60 68 74
 27 42 57 58 60 68 72 73
 27 42 55 56 58 60 68
 27 42 47 58 60 68
 27 42 47 58 59 60 68
 27 42 47 57 58 60 68
 27 42 45 58 60 68
 27 40 64
 27 40 64 66
 27 40 64 65
 27 40 64 65 66
 27 40 63 64
 27 40 63 64 66
 27 40 61 64
 27 40 61 64 66
 27 40 61 64 65
 27 40 61 64 65 66
 27 40 61 63 64
 27 40 61 63 64 66
 27 40 59 60 64
 27 40 59 60 64 66
 27 40 59 60 64 65
 27 40 59 60 64 65 66
 27 40 59 60 63 64
 27 40 59 60 63 64 66
 27 40 52 64
 27 40 52 64 66
 27 40 52 64 65
 27 40 52 64 65 66
 27 40 52 63 64
 27 40 52 63 64 66
 27 40 50 51 64
 27 40 50 51 64 66
 27 40 50 51 64 65
 27 40 50 51 64 65 66
 27 40 50 51 63 64
 27 40 50 51 63 64 66
 27 38 64 67
 27 38 64 66 67
 27 38 61 64 67
 27 38 61 64 66 67
 27 38 59 60 64 67
 27 38 59 60 64 66 67
 27 38 56 64
 27 38 56 64 66
 27 38 52 64 67
 27 38 52 64 66 67
 27 38 50 51 64 67
 27 38 50 51 64 66 67
 27 38 40 64
 27 38 40 64 66
 27 38 40 61 64
 27 38 40 61 64 66
 27 38 40 59 60 64
 27 38 40 59 60 64 66
 27 38 40 52 64
 27 38 40 52 64 66
 27 38 40 50 51 64
 27 38 40 50 51 64 66
 27 36 58 60 68
 27 36 58 60 61 68
 27 36 57 58 60 68
 27 34 64 67
 27 34 64 66 67
 27 34 64 65 67
 27 34 64 65 66 67
 27 34 63 64 67
 27 34 63 64 66 67
 27 34 58 60 63 68
 27 34 58 60 61 62 68
 27 34 40 64
 27 34 40 64 66
 27 34 40 64 65
 27 34 40 64 65 66
 27 34 40 63 64
 27 34 40 63 64 66
 27 34 38 64 67
 27 34 38 64 66 67
 27 34 38 40 64
 27 34 38 40 64 66
 27 34 36 58 60 68
 27 32 64 67
 27 32 64 66 67
 27 32 60 68 69
 27 32 60 67 68
 27 32 58 60 68 69 74
 27 32 58 60 68 69 72 73
 27 32 58 60 67 68 74
 27 32 58 60 67 68 72 73
 27 32 58 60 63 68
 27 32 58 60 61 62 68
 27 32 47 58 60 68 69
 27 32 47 58 60 67 68
 27 32 42 60 68
 27 32 42 58 60 68 74
 27 32 42 58 60 68 72 73
 27 32 42 47 58 60 68
 27 32 40 64
 27 32 40 64 66
 27 32 36 58 60 68
 27 30 58 60 68 69
 27 30 58 60 67 68
 27 30 42 58 60 68
 26
 26 78
 26 76 77
 26 73 78
 26 73 76 77
 26 71 72 78
 26 71 72 76 77
 26 69
 26 69 78
 26 69 76 78
 26 69 74 75 78
 26 69 74 75 76 77
 26 67 76 78
 26 67 76 77
 26 67 74 75 78
 26 67 74 75 76 77
 26 67 68
 26 67 68 78
 26 67 68 76 78
 26 67 68 74 75 78
 26 67 68 74 75 76 77
 26 65 66 76 78
 26 65 66 76 77
 26 65 66 74 75 78
 26 65 66 74 75 76 77
 26 64 78
 26 64 76 77
 26 63 73
 26 63 71 72
 26 63 69
 26 63 69 78
 26 63 69 76 77
 26 63 67 68
 26 63 67 68 78
 26 63 67 68 76 77
 26 63 64
 26 61 69 78
 26 61 69 76 77
 26 61 67 68 78
 26 61 67 68 76 77
 26 61 63
 26 61 62
 26 61 62 73
 26 61 62 71 72
 26 61 62 69
 26 61 62 69 78
 26 61 62 69 76 77
 26 61 62 67 68
 26 61 62 67 68 78
 26 61 62 67 68 76 77
 26 61 62 64
 26 60 78
 26 60 76 77
 26 60 69
 26 60 67 68
 26 59
 26 59 69
 26 59 67 68
 26 59 60 69
 26 59 60 69 78
 26 59 60 69 76 77
 26 59 60 67 68
 26 59 60 67 68 78
 26 59 60 67 68 76 77
 26 59 60 63
 26 59 60 61 62
 26 58 76 78
 26 58 76 77
 26 58 74 78
 26 58 74 76 77
 26 58 74 75 78
 26 58 74 75 76 77
 26 58 72 73 78
 26 58 72 73 76 77
 26 58 64 78 79
 26 58 64 76 77 78 79
 26 58 63 76
 26 58 63 74 75
 26 58 63 69
 26 58 63 67 68
 26 58 61 78
 26 58 61 76 77
 26 58 61 64 78 79
 26 58 61 64 76 77 78 79
 26 58 61 63
 26 58 61 62
 26 58 61 62 76
 26 58 61 62 74 75
 26 58 61 62 69
 26 58 61 62 67 68
 26 58 60 69
 26 58 60 69 74
 26 58 60 69 72 73
 26 58 60 67 68
 26 58 60 67 68 74
 26 58 60 67 68 72 73
 26 58 60 63
 26 58 60 63 69 74
 26 58 60 63 69 74 78
 26 58 60 63 69 74 76 77
 26 58 60 63 69 72 73
 26 58 60 63 69 72 73 78
 26 58 60 63 69 72 73 76 77
 26 58 60 63 67 68 74
 26 58 60 63 67 68 74 78
 26 58 60 63 67 68 74 76 77
 26 58 60 63 67 68 72 73
 26 58 60 63 67 68 72 73 78
 26 58 60 63 67 68 72 73 76 77
 26 58 60 61 69
 26 58 60 61 67 68
 26 58 60 61 63
 26 58 60 61 62 69 74
 26 58 60 61 62 69 74 78
 26 58 60 61 62 69 74 76 77
 26 58 60 61 62 69 72 73
 26 58 60 61 62 69 72 73 78
 26 58 60 61 62 69 72 73 76 77
 26 58 60 61 62 67 68 74
 26 58 60 61 62 67 68 74 78
 26 58 60 61 62 67 68 74 76 77
 26 58 60 61 62 67 68 72 73
 26 58 60 61 62 67 68 72 73 78
 26 58 60 61 62 67 68 72 73 76 77
 26 58 59 60 78
 26 58 59 60 76 77
 26 58 59 60 64 78 79
 26 58 59 60 64 76 77 78 79
 26 57 58
 26 57 58 69
 26 57 58 67 68
 26 56 58 60 63
 26 56 58 60 63 69
 26 56 58 60 63 67 68
 26 56 58 60 61 63
 26 56 58 60 61 62 69
 26 56 58 60 61 62 67 68
 26 56 58 59 60 63
 26 56 58 59 60 61 62
 26 55 58 62 78
 26 55 58 62 76 77
 26 55 58 61 62 78
 26 55 58 61 62 76 77
 26 55 58 59 60 62 78
 26 55 58 59 60 62 76 77
 26 54 59 60 69
 26 54 59 60 67 68
 26 54 58 60 69
 26 54 58 60 69 74
 26 54 58 60 69 72
 26 54 58 60 69 72 73
 26 54 58 60 69 70 71
 26 54 58 60 67 68
 26 54 58 60 67 68 74
 26 54 58 60 67 68 72
 26 54 58 60 67 68 72 73
 26 54 58 60 67 68 70 71
 26 54 58 60 63
 26 54 58 60 61 63
 26 54 58 59 60 69 74
 26 54 58 59 60 69 72 73
 26 54 58 59 60 67 68 74
 26 54 58 59 60 67 68 72 73
 26 54 57 58 60 69 74
 26 54 57 58 60 69 72 73
 26 54 57 58 60 67 68 74
 26 54 57 58 60 67 68 72 73
 26 54 57 58 60 63
 26 54 57 58 60 61 62
 26 54 55 56 58 60 69
 26 54 55 56 58 60 67 68
 26 53 58 64 78
 26 53 58 64 76 77
 26 53 58 61 64 78
 26 53 58 61 64 76 77
 26 53 58 59 60 64 78
 26 53 58 59 60 64 76 77
 26 52 53 59 60 69
 26 52 53 59 60 67 68
 26 52 53 58 60 69
 26 52 53 58 60 69 74
 26 52 53 58 60 69 72
 26 52 53 58 60 69 72 73
 26 52 53 58 60 69 70 71
 26 52 53 58 60 67 68
 26 52 53 58 60 67 68 74
 26 52 53 58 60 67 68 72
 26 52 53 58 60 67 68 72 73
 26 52 53 58 60 67 68 70 71
 26 52 53 58 60 63
 26 52 53 58 60 61 63
 26 52 53 58 59 60 69 74
 26 52 53 58 59 60 69 72 73
 26 52 53 58 59 60 67 68 74
 26 52 53 58 59 60 67 68 72 73
 26 52 53 57 58 60 69 74
 26 52 53 57 58 60 69 72 73
 26 52 53 57 58 60 67 68 74
 26 52 53 57 58 60 67 68 72 73
 26 52 53 57 58 60 63
 26 52 53 57 58 60 61 62
 26 52 53 55 56 58 60 69
 26 52 53 55 56 58 60 67 68
 26 51
 26 51 73
 26 51 71 72
 26 51 69
 26 51 69 76
 26 51 69 74 75
 26 51 67 76
 26 51 67 74 75
 26 51 67 68
 26 51 67 68 76
 26 51 67 68 74 75
 26 51 65 66 76
 26 51 65 66 74 75
 26 51 64
 26 51 63 69
 26 51 63 67 68
 26 51 61 69
 26 51 61 67 68
 26 51 61 62 69
 26 51 61 62 67 68
 26 51 60
 26 51 59 60 69
 26 51 59 60 67 68
 26 51 58 76
 26 51 58 74
 26 51 58 74 75
 26 51 58 72 73
 26 51 58 64 78 79
 26 51 58 61
 26 51 58 61 64 78 79
 26 51 58 60 63 69 74
 26 51 58 60 63 69 72 73
 26 51 58 60 63 67 68 74
 26 51 58 60 63 67 68 72 73
 26 51 58 60 61 62 69 74
 26 51 58 60 61 62 69 72 73
 26 51 58 60 61 62 67 68 74
 26 51 58 60 61 62 67 68 72 73
 26 51 58 59 60
 26 51 58 59 60 64 78 79
 26 51 55 58 62
 26 51 55 58 61 62
 26 51 55 58 59 60 62
 26 51 53 58 64
 26 51 53 58 61 64
 26 51 53 58 59 60 64
 26 49 69 78
 26 49 69 76 77
 26 49 67 78
 26 49 67 76 77
 26 49 67 68 78
 26 49 67 68 76 77
 26 49 65 66 78
 26 49 65 66 76 77
 26 49 58 78
 26 49 58 76 77
 26 49 58 63
 26 49 58 61 62
 26 49 51 69
 26 49 51 67
 26 49 51 67 68
 26 49 51 65 66
 26 49 51 58
 26 47 58 78
 26 47 58 76 77
 26 47 58 60 69
 26 47 58 60 67 68
 26 47 58 60 63 69
 26 47 58 60 63 69 78
 26 47 58 60 63 69 76 77
 26 47 58 60 63 67 68
 26 47 58 60 63 67 68 78
 26 47 58 60 63 67 68 76 77
 26 47 58 60 61 62 69
 26 47 58 60 61 62 69 78
 26 47 58 60 61 62 69 76 77
 26 47 58 60 61 62 67 68
 26 47 58 60 61 62 67 68 78
 26 47 58 60 61 62 67 68 76 77
 26 47 54 58 60 69
 26 47 54 58 60 67 68
 26 47 54 58 59 60 69
 26 47 54 58 59 60 67 68
 26 47 54 57 58 60 69
 26 47 54 57 58 60 67 68
 26 47 52 53 58 60 69
 26 47 52 53 58 60 67 68
 26 47 52 53 58 59 60 69
 26 47 52 53 58 59 60 67 68
 26 47 52 53 57 58 60 69
 26 47 52 53 57 58 60 67 68
 26 47 51 58
 26 47 51 58 60 63 69
 26 47 51 58 60 63 67 68
 26 47 51 58 60 61 62 69
 26 47 51 58 60 61 62 67 68
 26 46 78
 26 46 76 77
 26 46 63
 26 46 61 62
 26 46 58 62 78
 26 46 58 62 76 77
 26 46 58 61 62 78
 26 46 58 61 62 76 77
 26 46 58 59 60 62 78
 26 46 58 59 60 62 76 77
 26 46 51
 26 46 51 58 62
 26 46 51 58 61 62
 26 46 51 58 59 60 62
 26 45 54 58 60 69
 26 45 54 58 60 67 68
 26 45 52 53 58 60 69
 26 45 52 53 58 60 67 68
 26 44 67 76 78
 26 44 67 76 77
 26 44 67 74 75 78
 26 44 67 74 75 76 77
 26 44 65 66 76 78
 26 44 65 66 76 77
 26 44 65 66 74 75 78
 26 44 65 66 74 75 76 77
 26 44 63 67
 26 44 63 65 66
 26 44 61 62 67
 26 44 61 62 65 66
 26 44 58 64 78
 26 44 58 64 76 77
 26 44 58 63 67
 26 44 58 63 65 66
 26 44 58 61 64 78
 26 44 58 61 64 76 77
 26 44 58 61 62 67
 26 44 58 61 62 65 66
 26 44 58 59 60 64 78
 26 44 58 59 60 64 76 77
 26 44 51 67 76
 26 44 51 67 74 75
 26 44 51 65 66 76
 26 44 51 65 66 74 75
 26 44 51 58 64
 26 44 51 58 61 64
 26 44 51 58 59 60 64
 26 44 49 67 78
 26 44 49 67 76 77
 26 44 49 65 66 78
 26 44 49 65 66 76 77
 26 44 49 51 67
 26 44 49 51 65 66
 26 43 58 74 78
 26 43 58 74 76 77
 26 43 58 72 73 78
 26 43 58 72 73 76 77
 26 43 58 63 74
 26 43 58 63 72 73
 26 43 58 61 62 74
 26 43 58 61 62 72 73
 26 43 51 58 74
 26 43 51 58 72 73
 26 43 47 58 78
 26 43 47 58 76 77
 26 43 47 58 63
 26 43 47 58 61 62
 26 43 47 51 58
 26 42
 26 42 78
 26 42 76 78
 26 42 74 75 78
 26 42 74 75 76 77
 26 42 63
 26 42 63 78
 26 42 63 76 77
 26 42 61 78
 26 42 61 76 77
 26 42 61 62
 26 42 61 62 78
 26 42 61 62 76 77
 26 42 60
 26 42 59
 26 42 59 60
 26 42 59 60 78
 26 42 59 60 76 77
 26 42 58 74 78
 26 42 58 74 76 77
 26 42 58 72 73 78
 26 42 58 72 73 76 77
 26 42 58 63
 26 42 58 63 74
 26 42 58 63 72 73
 26 42 58 61 62
 26 42 58 61 62 74
 26 42 58 61 62 72 73
 26 42 58 60
 26 42 58 60 74
 26 42 58 60 72 73
 26 42 58 60 63 74
 26 42 58 60 63 74 78
 26 42 58 60 63 74 76 77
 26 42 58 60 63 72 73
 26 42 58 60 63 72 73 78
 26 42 58 60 63 72 73 76 77
 26 42 58 60 61
 26 42 58 60 61 62 74
 26 42 58 60 61 62 74 78
 26 42 58 60 61 62 74 76 77
 26 42 58 60 61 62 72 73
 26 42 58 60 61 62 72 73 78
 26 42 58 60 61 62 72 73 76 77
 26 42 57 58
 26 42 56 58 60 63
 26 42 56 58 60 61 62
 26 42 54 59 60
 26 42 54 58 60
 26 42 54 58 60 74
 26 42 54 58 60 72
 26 42 54 58 60 72 73
 26 42 54 58 60 70 71
 26 42 54 58 59 60 74
 26 42 54 58 59 60 72 73
 26 42 54 57 58 60 74
 26 42 54 57 58 60 72 73
 26 42 54 55 56 58 60
 26 42 52 53 59 60
 26 42 52 53 58 60
 26 42 52 53 58 60 74
 26 42 52 53 58 60 72
 26 42 52 53 58 60 72 73
 26 42 52 53 58 60 70 71
 26 42 52 53 58 59 60 74
 26 42 52 53 58 59 60 72 73
 26 42 52 53 57 58 60 74
 26 42 52 53 57 58 60 72 73
 26 42 52 53 55 56 58 60
 26 42 51
 26 42 51 76
 26 42 51 74 75
 26 42 51 63
 26 42 51 61
 26 42 51 61 62
 26 42 51 59 60
 26 42 51 58 74
 26 42 51 58 72 73
 26 42 51 58 60 63 74
 26 42 51 58 60 63 72 73
 26 42 51 58 60 61 62 74
 26 42 51 58 60 61 62 72 73
 26 42 49 78
 26 42 49 76 77
 26 42 49 51
 26 42 47 58 78
 26 42 47 58 76 77
 26 42 47 58 63
 26 42 47 58 61 62
 26 42 47 58 60
 26 42 47 58 60 63
 26 42 47 58 60 63 78
 26 42 47 58 60 63 76 77
 26 42 47 58 60 61 62
 26 42 47 58 60 61 62 78
 26 42 47 58 60 61 62 76 77
 26 42 47 54 58 60
 26 42 47 54 58 59 60
 26 42 47 54 57 58 60
 26 42 47 52 53 58 60
 26 42 47 52 53 58 59 60
 26 42 47 52 53 57 58 60
 26 42 47 51 58
 26 42 47 51 58 60 63
 26 42 47 51 58 60 61 62
 26 42 45 54 58 60
 26 42 45 52 53 58 60
 26 42 43 67 76 78
 26 42 43 67 76 77
 26 42 43 67 74 75 78
 26 42 43 67 74 75 76 77
 26 42 43 65 66 76 78
 26 42 43 65 66 76 77
 26 42 43 65 66 74 75 78
 26 42 43 65 66 74 75 76 77
 26 42 43 63 67
 26 42 43 63 65 66
 26 42 43 61 62 67
 26 42 43 61 62 65 66
 26 42 43 58 63 67
 26 42 43 58 63 65 66
 26 42 43 58 61 62 67
 26 42 43 58 61 62 65 66
 26 42 43 51 67 76
 26 42 43 51 67 74 75
 26 42 43 51 65 66 76
 26 42 43 51 65 66 74 75
 26 42 43 49 67 78
 26 42 43 49 67 76 77
 26 42 43 49 65 66 78
 26 42 43 49 65 66 76 77
 26 42 43 49 51 67
 26 42 43 49 51 65 66
 26 40 76 78
 26 40 76 77
 26 40 74 75 78
 26 40 74 75 76 77
 26 40 51 76
 26 40 51 74 75
 26 40 49 78
 26 40 49 76 77
 26 40 49 51
 26 40 44 76 78
 26 40 44 76 77
 26 40 44 74 75 78
 26 40 44 74 75 76 77
 26 40 44 63
 26 40 44 61 62
 26 40 44 58 63
 26 40 44 58 61 62
 26 40 44 51 76
 26 40 44 51 74 75
 26 40 44 49 78
 26 40 44 49 76 77
 26 40 44 49 51
 26 40 42 43 76 78
 26 40 42 43 76 77
 26 40 42 43 74 75 78
 26 40 42 43 74 75 76 77
 26 40 42 43 63
 26 40 42 43 61 62
 26 40 42 43 58 63
 26 40 42 43 58 61 62
 26 40 42 43 51 76
 26 40 42 43 51 74 75
 26 40 42 43 49 78
 26 40 42 43 49 76 77
 26 40 42 43 49 51
 26 39 40 42 58 74 78
 26 39 40 42 58 74 76 77
 26 39 40 42 58 72 73 78
 26 39 40 42 58 72 73 76 77
 26 39 40 42 58 63 74
 26 39 40 42 58 63 72 73
 26 39 40 42 58 61 62 74
 26 39 40 42 58 61 62 72 73
 26 39 40 42 51 58 74
 26 39 40 42 51 58 72 73
 26 39 40 42 47 58 78
 26 39 40 42 47 58 76 77
 26 39 40 42 47 58 63
 26 39 40 42 47 58 61 62
 26 39 40 42 47 51 58
 26 39 40 41 58 74 78
 26 39 40 41 58 74 76 77
 26 39 40 41 58 72 73 78
 26 39 40 41 58 72 73 76 77
 26 39 40 41 58 63 74
 26 39 40 41 58 63 72 73
 26 39 40 41 58 61 62 74
 26 39 40 41 58 61 62 72 73
 26 39 40 41 51 58 74
 26 39 40 41 51 58 72 73
 26 39 40 41 47 58 78
 26 39 40 41 47 58 76 77
 26 39 40 41 47 58 63
 26 39 40 41 47 58 61 62
 26 39 40 41 47 51 58
 26 36 73
 26 36 71 72
 26 36 69
 26 36 69 78
 26 36 69 76 77
 26 36 67 68
 26 36 67 68 78
 26 36 67 68 76 77
 26 36 64
 26 36 61
 26 36 59 60
 26 36 58 76
 26 36 58 74 75
 26 36 58 69
 26 36 58 67 68
 26 36 58 61
 26 36 58 60
 26 36 58 60 69 74
 26 36 58 60 69 74 78
 26 36 58 60 69 74 76 77
 26 36 58 60 69 72 73
 26 36 58 60 69 72 73 78
 26 36 58 60 69 72 73 76 77
 26 36 58 60 67 68 74
 26 36 58 60 67 68 74 78
 26 36 58 60 67 68 74 76 77
 26 36 58 60 67 68 72 73
 26 36 58 60 67 68 72 73 78
 26 36 58 60 67 68 72 73 76 77
 26 36 58 60 61
 26 36 56 58 60
 26 36 56 58 60 69
 26 36 56 58 60 67 68
 26 36 56 58 60 61
 26 36 56 58 59 60
 26 36 54 58 60
 26 36 54 58 60 61
 26 36 54 57 58 60
 26 36 52 53 58 60
 26 36 52 53 58 60 61
 26 36 52 53 57 58 60
 26 36 51 69
 26 36 51 67 68
 26 36 51 58 60 69 74
 26 36 51 58 60 69 72 73
 26 36 51 58 60 67 68 74
 26 36 51 58 60 67 68 72 73
 26 36 49 58
 26 36 47 58 60 69
 26 36 47 58 60 69 78
 26 36 47 58 60 69 76 77
 26 36 47 58 60 67 68
 26 36 47 58 60 67 68 78
 26 36 47 58 60 67 68 76 77
 26 36 47 51 58 60 69
 26 36 47 51 58 60 67 68
 26 36 46
 26 36 44 67
 26 36 44 65 66
 26 36 44 58 67
 26 36 44 58 65 66
 26 36 43 58 74
 26 36 43 58 72 73
 26 36 43 47 58
 26 36 42
 26 36 42 78
 26 36 42 76 77
 26 36 42 58
 26 36 42 58 74
 26 36 42 58 72 73
 26 36 42 58 60 74
 26 36 42 58 60 74 78
 26 36 42 58 60 74 76 77
 26 36 42 58 60 72 73
 26 36 42 58 60 72 73 78
 26 36 42 58 60 72 73 76 77
 26 36 42 56 58 60
 26 36 42 51
 26 36 42 51 58 60 74
 26 36 42 51 58 60 72 73
 26 36 42 47 58
 26 36 42 47 58 60
 26 36 42 47 58 60 78
 26 36 42 47 58 60 76 77
 26 36 42 47 51 58 60
 26 36 42 43 67
 26 36 42 43 65 66
 26 36 42 43 58 67
 26 36 42 43 58 65 66
 26 36 40 44
 26 36 40 44 58
 26 36 40 42 43
 26 36 40 42 43 58
 26 36 39 40 42 58 74
 26 36 39 40 42 58 72 73
 26 36 39 40 42 47 58
 26 36 39 40 41 58 74
 26 36 39 40 41 58 72 73
 26 36 39 40 41 47 58
 26 35 78
 26 35 76 77
 26 35 51
 26 34 78
 26 34 76 77
 26 34 69 78
 26 34 69 76 77
 26 34 67 68 78
 26 34 67 68 76 77
 26 34 58 78
 26 34 58 76 77
 26 34 58 64 78 79
 26 34 58 64 76 77 78 79
 26 34 58 63
 26 34 58 61 62
 26 34 58 60 69
 26 34 58 60 67 68
 26 34 58 60 63
 26 34 58 60 61 62
 26 34 56 58 60 63
 26 34 56 58 60 61 62
 26 34 55 58 62 78
 26 34 55 58 62 76 77
 26 34 54 58 60 63
 26 34 54 58 60 61 62
 26 34 53 58 64 78
 26 34 53 58 64 76 77
 26 34 52 53 58 60 63
 26 34 52 53 58 60 61 62
 26 34 51
 26 34 51 69
 26 34 51 67 68
 26 34 51 58
 26 34 51 58 64 78 79
 26 34 51 55 58 62
 26 34 51 53 58 64
 26 34 46 58 62 78
 26 34 46 58 62 76 77
 26 34 46 51 58 62
 26 34 44 58 64 78
 26 34 44 58 64 76 77
 26 34 44 51 58 64
 26 34 42 78
 26 34 42 76 77
 26 34 42 58 60
 26 34 42 51
 26 34 36 58
 26 34 36 58 60
 26 34 36 56 58 60
 26 34 36 54 58 60
 26 34 36 52 53 58 60
 26 33 34 78
 26 33 34 76 77
 26 33 34 51
 26 32
 26 32 69
 26 32 67 68
 26 32 60 69
 26 32 60 67 68
 26 32 58 60 69
 26 32 58 60 67 68
 26 32 54 60 69
 26 32 54 60 67 68
 26 32 54 58 60 69 74
 26 32 54 58 60 69 72 73
 26 32 54 58 60 67 68 74
 26 32 54 58 60 67 68 72 73
 26 32 54 58 60 63
 26 32 54 58 60 61 62
 26 32 52 53 60 69
 26 32 52 53 60 67 68
 26 32 52 53 58 60 69 74
 26 32 52 53 58 60 69 72 73
 26 32 52 53 58 60 67 68 74
 26 32 52 53 58 60 67 68 72 73
 26 32 52 53 58 60 63
 26 32 52 53 58 60 61 62
 26 32 47 54 58 60 69
 26 32 47 54 58 60 67 68
 26 32 47 52 53 58 60 69
 26 32 47 52 53 58 60 67 68
 26 32 42
 26 32 42 60
 26 32 42 58 60
 26 32 42 54 60
 26 32 42 54 58 60 74
 26 32 42 54 58 60 72 73
 26 32 42 52 53 60
 26 32 42 52 53 58 60 74
 26 32 42 52 53 58 60 72 73
 26 32 42 47 54 58 60
 26 32 42 47 52 53 58 60
 26 32 36 54 58 60
 26 32 36 52 53 58 60
 26 30 54 58 60 69
 26 30 54 58 60 67 68
 26 30 52 53 58 60 69
 26 30 52 53 58 60 67 68
 26 30 42 54 58 60
 26 30 42 52 53 58 60
 26 28 58 74 78
 26 28 58 74 76 77
 26 28 58 72 73 78
 26 28 58 72 73 76 77
 26 28 58 63 74
 26 28 58 63 72 73
 26 28 58 61 62 74
 26 28 58 61 62 72 73
 26 28 51 58 74
 26 28 51 58 72 73
 26 28 47 58 78
 26 28 47 58 76 77
 26 28 47 58 63
 26 28 47 58 61 62
 26 28 47 51 58
 26 28 36 58 74
 26 28 36 58 72 73
 26 28 36 47 58
 26 27 59 60 69
 26 27 59 60 67 68
 26 27 58 74 78
 26 27 58 74 76 77
 26 27 58 72 73 78
 26 27 58 72 73 76 77
 26 27 58 68 74 78
 26 27 58 68 74 76 77
 26 27 58 68 72 73 78
 26 27 58 68 72 73 76 77
 26 27 58 63 74
 26 27 58 63 72 73
 26 27 58 63 68 74
 26 27 58 63 68 72 73
 26 27 58 61 62 74
 26 27 58 61 62 72 73
 26 27 58 61 62 68 74
 26 27 58 61 62 68 72 73
 26 27 58 60 69
 26 27 58 60 69 74
 26 27 58 60 69 72
 26 27 58 60 69 72 73
 26 27 58 60 69 70 71
 26 27 58 60 67 68
 26 27 58 60 67 68 74
 26 27 58 60 67 68 72
 26 27 58 60 67 68 72 73
 26 27 58 60 67 68 70 71
 26 27 58 60 63
 26 27 58 60 61 63
 26 27 58 59 60 69 74
 26 27 58 59 60 69 72 73
 26 27 58 59 60 67 68 74
 26 27 58 59 60 67 68 72 73
 26 27 57 58 60 69 74
 26 27 57 58 60 69 72 73
 26 27 57 58 60 67 68 74
 26 27 57 58 60 67 68 72 73
 26 27 57 58 60 63
 26 27 57 58 60 61 62
 26 27 55 56 58 60 69
 26 27 55 56 58 60 67 68
 26 27 51 58 74
 26 27 51 58 72 73
 26 27 51 58 68 74
 26 27 51 58 68 72 73
 26 27 47 58 78
 26 27 47 58 76 77
 26 27 47 58 68 78
 26 27 47 58 68 76 77
 26 27 47 58 63
 26 27 47 58 63 68
 26 27 47 58 61 62
 26 27 47 58 61 62 68
 26 27 47 58 60 69
 26 27 47 58 60 67 68
 26 27 47 58 59 60 69
 26 27 47 58 59 60 67 68
 26 27 47 57 58 60 69
 26 27 47 57 58 60 67 68
 26 27 47 51 58
 26 27 47 51 58 68
 26 27 45 58 60 69
 26 27 45 58 60 67 68
 26 27 42 59 60
 26 27 42 58 60
 26 27 42 58 60 74
 26 27 42 58 60 72
 26 27 42 58 60 72 73
 26 27 42 58 60 70 71
 26 27 42 58 59 60 74
 26 27 42 58 59 60 72 73
 26 27 42 57 58 60 74
 26 27 42 57 58 60 72 73
 26 27 42 55 56 58 60
 26 27 42 47 58 60
 26 27 42 47 58 59 60
 26 27 42 47 57 58 60
 26 27 42 45 58 60
 26 27 36 58 74
 26 27 36 58 72 73
 26 27 36 58 68 74
 26 27 36 58 68 72 73
 26 27 36 58 60
 26 27 36 58 60 61
 26 27 36 57 58 60
 26 27 36 47 58
 26 27 36 47 58 68
 26 27 34 58 60 63
 26 27 34 58 60 61 62
 26 27 34 36 58 60
 26 27 32 60 69
 26 27 32 60 67 68
 26 27 32 58 60 69 74
 26 27 32 58 60 69 72 73
 26 27 32 58 60 67 68 74
 26 27 32 58 60 67 68 72 73
 26 27 32 58 60 63
 26 27 32 58 60 61 62
 26 27 32 47 58 60 69
 26 27 32 47 58 60 67 68
 26 27 32 42 60
 26 27 32 42 58 60 74
 26 27 32 42 58 60 72 73
 26 27 32 42 47 58 60
 26 27 32 36 58 60
 26 27 30 58 60 69
 26 27 30 58 60 67 68
 26 27 30 42 58 60
 25 68 78
 25 68 76 77
 25 64 67 78 79
 25 64 67 68
 25 64 65
 25 64 65 66
 25 64 65 66 78 79
 25 64 65 66 68
 25 63 68
 25 63 64
 25 63 64 66
 25 61 62 68
 25 56 64 67
 25 56 64 67 78
 25 56 64 67 76 77
 25 56 64 65 67
 25 56 64 65 67 78
 25 56 64 65 67 76 77
 25 56 64 65 66
 25 56 64 65 66 78
 25 56 64 65 66 76 77
 25 56 64 65 66 67
 25 56 64 65 66 67 78
 25 56 64 65 66 67 76 77
 25 56 63 64 67
 25 56 63 64 67 78
 25 56 63 64 67 76 77
 25 56 63 64 66 67
 25 56 63 64 66 67 78
 25 56 63 64 66 67 76 77
 25 54 64 67
 25 54 64 66 67
 25 54 64 65 67
 25 54 64 65 66 67
 25 54 63 64 67
 25 54 63 64 66 67
 25 53 64 67
 25 53 64 65 66
 25 52 53 64 67
 25 52 53 64 66 67
 25 52 53 64 65 67
 25 52 53 64 65 66 67
 25 52 53 63 64 67
 25 52 53 63 64 66 67
 25 51 68
 25 51 56 64 67
 25 51 56 64 65 67
 25 51 56 64 65 66
 25 51 56 64 65 66 67
 25 51 56 63 64 67
 25 51 56 63 64 66 67
 25 40 64 78 79
 25 40 64 68
 25 40 56 64
 25 40 56 64 78
 25 40 56 64 76 77
 25 40 56 64 65
 25 40 56 64 65 78
 25 40 56 64 65 76 77
 25 40 56 64 65 66
 25 40 56 64 65 66 78
 25 40 56 64 65 66 76 77
 25 40 56 63 64
 25 40 56 63 64 78
 25 40 56 63 64 76 77
 25 40 56 63 64 66
 25 40 56 63 64 66 78
 25 40 56 63 64 66 76 77
 25 40 54 64
 25 40 54 64 66
 25 40 54 64 65
 25 40 54 64 65 66
 25 40 54 63 64
 25 40 54 63 64 66
 25 40 53 64
 25 40 52 53 64
 25 40 52 53 64 66
 25 40 52 53 64 65
 25 40 52 53 64 65 66
 25 40 52 53 63 64
 25 40 52 53 63 64 66
 25 40 51 56 64
 25 40 51 56 64 65
 25 40 51 56 64 65 66
 25 40 51 56 63 64
 25 40 51 56 63 64 66
 25 38 64
 25 38 64 66
 25 38 56 64 67
 25 38 56 64 67 78
 25 38 56 64 67 76 77
 25 38 56 64 66 67
 25 38 56 64 66 67 78
 25 38 56 64 66 67 76 77
 25 38 54 64 67
 25 38 54 64 66 67
 25 38 52 53 64 67
 25 38 52 53 64 66 67
 25 38 51 56 64 67
 25 38 51 56 64 66 67
 25 38 40 56 64
 25 38 40 56 64 78
 25 38 40 56 64 76 77
 25 38 40 56 64 66
 25 38 40 56 64 66 78
 25 38 40 56 64 66 76 77
 25 38 40 54 64
 25 38 40 54 64 66
 25 38 40 52 53 64
 25 38 40 52 53 64 66
 25 38 40 51 56 64
 25 38 40 51 56 64 66
 25 36 68
 25 27 64 67
 25 27 64 66 67
 25 27 64 65 67
 25 27 64 65 66 67
 25 27 63 64 67
 25 27 63 64 66 67
 25 27 40 64
 25 27 40 64 66
 25 27 40 64 65
 25 27 40 64 65 66
 25 27 40 63 64
 25 27 40 63 64 66
 25 27 38 64 67
 25 27 38 64 66 67
 25 27 38 40 64
 25 27 38 40 64 66
 25 26 78
 25 26 76 77
 25 26 63
 25 26 61 62
 25 26 51
 25 26 36
 24 25
 24 25 73 78
 24 25 73 76 77
 24 25 71 72 78
 24 25 71 72 76 77
 24 25 69
 24 25 69 78
 24 25 69 76 78
 24 25 69 74 75 78
 24 25 69 74 75 76 77
 24 25 67 76 78
 24 25 67 76 77
 24 25 67 74 75 78
 24 25 67 74 75 76 77
 24 25 67 68
 24 25 67 68 78
 24 25 67 68 76 78
 24 25 67 68 74 75 78
 24 25 67 68 74 75 76 77
 24 25 65 66 76 78
 24 25 65 66 76 77
 24 25 65 66 74 75 78
 24 25 65 66 74 75 76 77
 24 25 64 78
 24 25 64 76 77
 24 25 63
 24 25 63 73
 24 25 63 71 72
 24 25 63 69
 24 25 63 69 78
 24 25 63 69 76 77
 24 25 63 67 68
 24 25 63 67 68 78
 24 25 63 67 68 76 77
 24 25 63 64
 24 25 61 69 78
 24 25 61 69 76 77
 24 25 61 67 68 78
 24 25 61 67 68 76 77
 24 25 61 63
 24 25 61 62 73
 24 25 61 62 71 72
 24 25 61 62 69
 24 25 61 62 69 78
 24 25 61 62 69 76 77
 24 25 61 62 67 68
 24 25 61 62 67 68 78
 24 25 61 62 67 68 76 77
 24 25 61 62 64
 24 25 60 78
 24 25 60 76 77
 24 25 60 69
 24 25 60 67 68
 24 25 59
 24 25 59 69
 24 25 59 67 68
 24 25 59 60 69
 24 25 59 60 69 78
 24 25 59 60 69 76 77
 24 25 59 60 67 68
 24 25 59 60 67 68 78
 24 25 59 60 67 68 76 77
 24 25 59 60 63
 24 25 59 60 61 62
 24 25 58 76 78
 24 25 58 76 77
 24 25 58 74 78
 24 25 58 74 76 77
 24 25 58 74 75 78
 24 25 58 74 75 76 77
 24 25 58 72 73 78
 24 25 58 72 73 76 77
 24 25 58 64 78 79
 24 25 58 64 76 77 78 79
 24 25 58 63 76
 24 25 58 63 74 75
 24 25 58 63 69
 24 25 58 63 67 68
 24 25 58 61 78
 24 25 58 61 76 77
 24 25 58 61 64 78 79
 24 25 58 61 64 76 77 78 79
 24 25 58 61 63
 24 25 58 61 62
 24 25 58 61 62 76
 24 25 58 61 62 74 75
 24 25 58 61 62 69
 24 25 58 61 62 67 68
 24 25 58 60 69
 24 25 58 60 69 74
 24 25 58 60 69 72 73
 24 25 58 60 67 68
 24 25 58 60 67 68 74
 24 25 58 60 67 68 72 73
 24 25 58 60 63
 24 25 58 60 63 69 74
 24 25 58 60 63 69 74 78
 24 25 58 60 63 69 74 76 77
 24 25 58 60 63 69 72 73
 24 25 58 60 63 69 72 73 78
 24 25 58 60 63 69 72 73 76 77
 24 25 58 60 63 67 68 74
 24 25 58 60 63 67 68 74 78
 24 25 58 60 63 67 68 74 76 77
 24 25 58 60 63 67 68 72 73
 24 25 58 60 63 67 68 72 73 78
 24 25 58 60 63 67 68 72 73 76 77
 24 25 58 60 61 69
 24 25 58 60 61 67 68
 24 25 58 60 61 63
 24 25 58 60 61 62 69 74
 24 25 58 60 61 62 69 74 78
 24 25 58 60 61 62 69 74 76 77
 24 25 58 60 61 62 69 72 73
 24 25 58 60 61 62 69 72 73 78
 24 25 58 60 61 62 69 72 73 76 77
 24 25 58 60 61 62 67 68 74
 24 25 58 60 61 62 67 68 74 78
 24 25 58 60 61 62 67 68 74 76 77
 24 25 58 60 61 62 67 68 72 73
 24 25 58 60 61 62 67 68 72 73 78
 24 25 58 60 61 62 67 68 72 73 76 77
 24 25 58 59 60 78
 24 25 58 59 60 76 77
 24 25 58 59 60 64 78 79
 24 25 58 59 60 64 76 77 78 79
 24 25 57 58
 24 25 57 58 69
 24 25 57 58 67 68
 24 25 56 58 60 63
 24 25 56 58 60 63 69
 24 25 56 58 60 63 67 68
 24 25 56 58 60 61 63
 24 25 56 58 60 61 62 69
 24 25 56 58 60 61 62 67 68
 24 25 56 58 59 60 63
 24 25 56 58 59 60 61 62
 24 25 55 58 62 78
 24 25 55 58 62 76 77
 24 25 55 58 61 62 78
 24 25 55 58 61 62 76 77
 24 25 55 58 59 60 62 78
 24 25 55 58 59 60 62 76 77
 24 25 54 59 60 69
 24 25 54 59 60 67 68
 24 25 54 58 60 69
 24 25 54 58 60 69 74
 24 25 54 58 60 69 72
 24 25 54 58 60 69 72 73
 24 25 54 58 60 69 70 71
 24 25 54 58 60 67 68
 24 25 54 58 60 67 68 74
 24 25 54 58 60 67 68 72
 24 25 54 58 60 67 68 72 73
 24 25 54 58 60 67 68 70 71
 24 25 54 58 60 63
 24 25 54 58 60 61 63
 24 25 54 58 59 60 69 74
 24 25 54 58 59 60 69 72 73
 24 25 54 58 59 60 67 68 74
 24 25 54 58 59 60 67 68 72 73
 24 25 54 57 58 60 69 74
 24 25 54 57 58 60 69 72 73
 24 25 54 57 58 60 67 68 74
 24 25 54 57 58 60 67 68 72 73
 24 25 54 57 58 60 63
 24 25 54 57 58 60 61 62
 24 25 54 55 56 58 60 69
 24 25 54 55 56 58 60 67 68
 24 25 53 58 64 78
 24 25 53 58 64 76 77
 24 25 53 58 61 64 78
 24 25 53 58 61 64 76 77
 24 25 53 58 59 60 64 78
 24 25 53 58 59 60 64 76 77
 24 25 52 53 59 60 69
 24 25 52 53 59 60 67 68
 24 25 52 53 58 60 69
 24 25 52 53 58 60 69 74
 24 25 52 53 58 60 69 72
 24 25 52 53 58 60 69 72 73
 24 25 52 53 58 60 69 70 71
 24 25 52 53 58 60 67 68
 24 25 52 53 58 60 67 68 74
 24 25 52 53 58 60 67 68 72
 24 25 52 53 58 60 67 68 72 73
 24 25 52 53 58 60 67 68 70 71
 24 25 52 53 58 60 63
 24 25 52 53 58 60 61 63
 24 25 52 53 58 59 60 69 74
 24 25 52 53 58 59 60 69 72 73
 24 25 52 53 58 59 60 67 68 74
 24 25 52 53 58 59 60 67 68 72 73
 24 25 52 53 57 58 60 69 74
 24 25 52 53 57 58 60 69 72 73
 24 25 52 53 57 58 60 67 68 74
 24 25 52 53 57 58 60 67 68 72 73
 24 25 52 53 57 58 60 63
 24 25 52 53 57 58 60 61 62
 24 25 52 53 55 56 58 60 69
 24 25 52 53 55 56 58 60 67 68
 24 25 51 73
 24 25 51 71 72
 24 25 51 69
 24 25 51 69 76
 24 25 51 69 74 75
 24 25 51 67 76
 24 25 51 67 74 75
 24 25 51 67 68
 24 25 51 67 68 76
 24 25 51 67 68 74 75
 24 25 51 65 66 76
 24 25 51 65 66 74 75
 24 25 51 64
 24 25 51 63 69
 24 25 51 63 67 68
 24 25 51 61 69
 24 25 51 61 67 68
 24 25 51 61 62 69
 24 25 51 61 62 67 68
 24 25 51 60
 24 25 51 59 60 69
 24 25 51 59 60 67 68
 24 25 51 58 76
 24 25 51 58 74
 24 25 51 58 74 75
 24 25 51 58 72 73
 24 25 51 58 64 78 79
 24 25 51 58 61
 24 25 51 58 61 64 78 79
 24 25 51 58 60 63 69 74
 24 25 51 58 60 63 69 72 73
 24 25 51 58 60 63 67 68 74
 24 25 51 58 60 63 67 68 72 73
 24 25 51 58 60 61 62 69 74
 24 25 51 58 60 61 62 69 72 73
 24 25 51 58 60 61 62 67 68 74
 24 25 51 58 60 61 62 67 68 72 73
 24 25 51 58 59 60
 24 25 51 58 59 60 64 78 79
 24 25 51 55 58 62
 24 25 51 55 58 61 62
 24 25 51 55 58 59 60 62
 24 25 51 53 58 64
 24 25 51 53 58 61 64
 24 25 51 53 58 59 60 64
 24 25 49 69 78
 24 25 49 69 76 77
 24 25 49 67 78
 24 25 49 67 76 77
 24 25 49 67 68 78
 24 25 49 67 68 76 77
 24 25 49 65 66 78
 24 25 49 65 66 76 77
 24 25 49 58 78
 24 25 49 58 76 77
 24 25 49 58 63
 24 25 49 58 61 62
 24 25 49 51 69
 24 25 49 51 67
 24 25 49 51 67 68
 24 25 49 51 65 66
 24 25 49 51 58
 24 25 47 58 78
 24 25 47 58 76 77
 24 25 47 58 60 69
 24 25 47 58 60 67 68
 24 25 47 58 60 63 69
 24 25 47 58 60 63 69 78
 24 25 47 58 60 63 69 76 77
 24 25 47 58 60 63 67 68
 24 25 47 58 60 63 67 68 78
 24 25 47 58 60 63 67 68 76 77
 24 25 47 58 60 61 62 69
 24 25 47 58 60 61 62 69 78
 24 25 47 58 60 61 62 69 76 77
 24 25 47 58 60 61 62 67 68
 24 25 47 58 60 61 62 67 68 78
 24 25 47 58 60 61 62 67 68 76 77
 24 25 47 54 58 60 69
 24 25 47 54 58 60 67 68
 24 25 47 54 58 59 60 69
 24 25 47 54 58 59 60 67 68
 24 25 47 54 57 58 60 69
 24 25 47 54 57 58 60 67 68
 24 25 47 52 53 58 60 69
 24 25 47 52 53 58 60 67 68
 24 25 47 52 53 58 59 60 69
 24 25 47 52 53 58 59 60 67 68
 24 25 47 52 53 57 58 60 69
 24 25 47 52 53 57 58 60 67 68
 24 25 47 51 58
 24 25 47 51 58 60 63 69
 24 25 47 51 58 60 63 67 68
 24 25 47 51 58 60 61 62 69
 24 25 47 51 58 60 61 62 67 68
 24 25 46 78
 24 25 46 76 77
 24 25 46 63
 24 25 46 61 62
 24 25 46 58 62 78
 24 25 46 58 62 76 77
 24 25 46 58 61 62 78
 24 25 46 58 61 62 76 77
 24 25 46 58 59 60 62 78
 24 25 46 58 59 60 62 76 77
 24 25 46 51
 24 25 46 51 58 62
 24 25 46 51 58 61 62
 24 25 46 51 58 59 60 62
 24 25 45 54 58 60 69
 24 25 45 54 58 60 67 68
 24 25 45 52 53 58 60 69
 24 25 45 52 53 58 60 67 68
 24 25 44 67 76 78
 24 25 44 67 76 77
 24 25 44 67 74 75 78
 24 25 44 67 74 75 76 77
 24 25 44 65 66 76 78
 24 25 44 65 66 76 77
 24 25 44 65 66 74 75 78
 24 25 44 65 66 74 75 76 77
 24 25 44 63 67
 24 25 44 63 65 66
 24 25 44 61 62 67
 24 25 44 61 62 65 66
 24 25 44 58 64 78
 24 25 44 58 64 76 77
 24 25 44 58 63 67
 24 25 44 58 63 65 66
 24 25 44 58 61 64 78
 24 25 44 58 61 64 76 77
 24 25 44 58 61 62 67
 24 25 44 58 61 62 65 66
 24 25 44 58 59 60 64 78
 24 25 44 58 59 60 64 76 77
 24 25 44 51 67 76
 24 25 44 51 67 74 75
 24 25 44 51 65 66 76
 24 25 44 51 65 66 74 75
 24 25 44 51 58 64
 24 25 44 51 58 61 64
 24 25 44 51 58 59 60 64
 24 25 44 49 67 78
 24 25 44 49 67 76 77
 24 25 44 49 65 66 78
 24 25 44 49 65 66 76 77
 24 25 44 49 51 67
 24 25 44 49 51 65 66
 24 25 43 58 74 78
 24 25 43 58 74 76 77
 24 25 43 58 72 73 78
 24 25 43 58 72 73 76 77
 24 25 43 58 63 74
 24 25 43 58 63 72 73
 24 25 43 58 61 62 74
 24 25 43 58 61 62 72 73
 24 25 43 51 58 74
 24 25 43 51 58 72 73
 24 25 43 47 58 78
 24 25 43 47 58 76 77
 24 25 43 47 58 63
 24 25 43 47 58 61 62
 24 25 43 47 51 58
 24 25 42
 24 25 42 78
 24 25 42 76 78
 24 25 42 74 75 78
 24 25 42 74 75 76 77
 24 25 42 63
 24 25 42 63 78
 24 25 42 63 76 77
 24 25 42 61 78
 24 25 42 61 76 77
 24 25 42 61 62
 24 25 42 61 62 78
 24 25 42 61 62 76 77
 24 25 42 60
 24 25 42 59
 24 25 42 59 60
 24 25 42 59 60 78
 24 25 42 59 60 76 77
 24 25 42 58 74 78
 24 25 42 58 74 76 77
 24 25 42 58 72 73 78
 24 25 42 58 72 73 76 77
 24 25 42 58 63
 24 25 42 58 63 74
 24 25 42 58 63 72 73
 24 25 42 58 61 62
 24 25 42 58 61 62 74
 24 25 42 58 61 62 72 73
 24 25 42 58 60
 24 25 42 58 60 74
 24 25 42 58 60 72 73
 24 25 42 58 60 63 74
 24 25 42 58 60 63 74 78
 24 25 42 58 60 63 74 76 77
 24 25 42 58 60 63 72 73
 24 25 42 58 60 63 72 73 78
 24 25 42 58 60 63 72 73 76 77
 24 25 42 58 60 61
 24 25 42 58 60 61 62 74
 24 25 42 58 60 61 62 74 78
 24 25 42 58 60 61 62 74 76 77
 24 25 42 58 60 61 62 72 73
 24 25 42 58 60 61 62 72 73 78
 24 25 42 58 60 61 62 72 73 76 77
 24 25 42 57 58
 24 25 42 56 58 60 63
 24 25 42 56 58 60 61 62
 24 25 42 54 59 60
 24 25 42 54 58 60
 24 25 42 54 58 60 74
 24 25 42 54 58 60 72
 24 25 42 54 58 60 72 73
 24 25 42 54 58 60 70 71
 24 25 42 54 58 59 60 74
 24 25 42 54 58 59 60 72 73
 24 25 42 54 57 58 60 74
 24 25 42 54 57 58 60 72 73
 24 25 42 54 55 56 58 60
 24 25 42 52 53 59 60
 24 25 42 52 53 58 60
 24 25 42 52 53 58 60 74
 24 25 42 52 53 58 60 72
 24 25 42 52 53 58 60 72 73
 24 25 42 52 53 58 60 70 71
 24 25 42 52 53 58 59 60 74
 24 25 42 52 53 58 59 60 72 73
 24 25 42 52 53 57 58 60 74
 24 25 42 52 53 57 58 60 72 73
 24 25 42 52 53 55 56 58 60
 24 25 42 51
 24 25 42 51 76
 24 25 42 51 74 75
 24 25 42 51 63
 24 25 42 51 61
 24 25 42 51 61 62
 24 25 42 51 59 60
 24 25 42 51 58 74
 24 25 42 51 58 72 73
 24 25 42 51 58 60 63 74
 24 25 42 51 58 60 63 72 73
 24 25 42 51 58 60 61 62 74
 24 25 42 51 58 60 61 62 72 73
 24 25 42 49 78
 24 25 42 49 76 77
 24 25 42 49 51
 24 25 42 47 58 78
 24 25 42 47 58 76 77
 24 25 42 47 58 63
 24 25 42 47 58 61 62
 24 25 42 47 58 60
 24 25 42 47 58 60 63
 24 25 42 47 58 60 63 78
 24 25 42 47 58 60 63 76 77
 24 25 42 47 58 60 61 62
 24 25 42 47 58 60 61 62 78
 24 25 42 47 58 60 61 62 76 77
 24 25 42 47 54 58 60
 24 25 42 47 54 58 59 60
 24 25 42 47 54 57 58 60
 24 25 42 47 52 53 58 60
 24 25 42 47 52 53 58 59 60
 24 25 42 47 52 53 57 58 60
 24 25 42 47 51 58
 24 25 42 47 51 58 60 63
 24 25 42 47 51 58 60 61 62
 24 25 42 45 54 58 60
 24 25 42 45 52 53 58 60
 24 25 42 43 67 76 78
 24 25 42 43 67 76 77
 24 25 42 43 67 74 75 78
 24 25 42 43 67 74 75 76 77
 24 25 42 43 65 66 76 78
 24 25 42 43 65 66 76 77
 24 25 42 43 65 66 74 75 78
 24 25 42 43 65 66 74 75 76 77
 24 25 42 43 63 67
 24 25 42 43 63 65 66
 24 25 42 43 61 62 67
 24 25 42 43 61 62 65 66
 24 25 42 43 58 63 67
 24 25 42 43 58 63 65 66
 24 25 42 43 58 61 62 67
 24 25 42 43 58 61 62 65 66
 24 25 42 43 51 67 76
 24 25 42 43 51 67 74 75
 24 25 42 43 51 65 66 76
 24 25 42 43 51 65 66 74 75
 24 25 42 43 49 67 78
 24 25 42 43 49 67 76 77
 24 25 42 43 49 65 66 78
 24 25 42 43 49 65 66 76 77
 24 25 42 43 49 51 67
 24 25 42 43 49 51 65 66
 24 25 40 76 78
 24 25 40 76 77
 24 25 40 74 75 78
 24 25 40 74 75 76 77
 24 25 40 51 76
 24 25 40 51 74 75
 24 25 40 49 78
 24 25 40 49 76 77
 24 25 40 49 51
 24 25 40 44 76 78
 24 25 40 44 76 77
 24 25 40 44 74 75 78
 24 25 40 44 74 75 76 77
 24 25 40 44 63
 24 25 40 44 61 62
 24 25 40 44 58 63
 24 25 40 44 58 61 62
 24 25 40 44 51 76
 24 25 40 44 51 74 75
 24 25 40 44 49 78
 24 25 40 44 49 76 77
 24 25 40 44 49 51
 24 25 40 42 43 76 78
 24 25 40 42 43 76 77
 24 25 40 42 43 74 75 78
 24 25 40 42 43 74 75 76 77
 24 25 40 42 43 63
 24 25 40 42 43 61 62
 24 25 40 42 43 58 63
 24 25 40 42 43 58 61 62
 24 25 40 42 43 51 76
 24 25 40 42 43 51 74 75
 24 25 40 42 43 49 78
 24 25 40 42 43 49 76 77
 24 25 40 42 43 49 51
 24 25 39 40 42 58 74 78
 24 25 39 40 42 58 74 76 77
 24 25 39 40 42 58 72 73 78
 24 25 39 40 42 58 72 73 76 77
 24 25 39 40 42 58 63 74
 24 25 39 40 42 58 63 72 73
 24 25 39 40 42 58 61 62 74
 24 25 39 40 42 58 61 62 72 73
 24 25 39 40 42 51 58 74
 24 25 39 40 42 51 58 72 73
 24 25 39 40 42 47 58 78
 24 25 39 40 42 47 58 76 77
 24 25 39 40 42 47 58 63
 24 25 39 40 42 47 58 61 62
 24 25 39 40 42 47 51 58
 24 25 39 40 41 58 74 78
 24 25 39 40 41 58 74 76 77
 24 25 39 40 41 58 72 73 78
 24 25 39 40 41 58 72 73 76 77
 24 25 39 40 41 58 63 74
 24 25 39 40 41 58 63 72 73
 24 25 39 40 41 58 61 62 74
 24 25 39 40 41 58 61 62 72 73
 24 25 39 40 41 51 58 74
 24 25 39 40 41 51 58 72 73
 24 25 39 40 41 47 58 78
 24 25 39 40 41 47 58 76 77
 24 25 39 40 41 47 58 63
 24 25 39 40 41 47 58 61 62
 24 25 39 40 41 47 51 58
 24 25 36
 24 25 36 73
 24 25 36 71 72
 24 25 36 69
 24 25 36 69 78
 24 25 36 69 76 77
 24 25 36 67 68
 24 25 36 67 68 78
 24 25 36 67 68 76 77
 24 25 36 64
 24 25 36 61
 24 25 36 59 60
 24 25 36 58 76
 24 25 36 58 74 75
 24 25 36 58 69
 24 25 36 58 67 68
 24 25 36 58 61
 24 25 36 58 60
 24 25 36 58 60 69 74
 24 25 36 58 60 69 74 78
 24 25 36 58 60 69 74 76 77
 24 25 36 58 60 69 72 73
 24 25 36 58 60 69 72 73 78
 24 25 36 58 60 69 72 73 76 77
 24 25 36 58 60 67 68 74
 24 25 36 58 60 67 68 74 78
 24 25 36 58 60 67 68 74 76 77
 24 25 36 58 60 67 68 72 73
 24 25 36 58 60 67 68 72 73 78
 24 25 36 58 60 67 68 72 73 76 77
 24 25 36 58 60 61
 24 25 36 56 58 60
 24 25 36 56 58 60 69
 24 25 36 56 58 60 67 68
 24 25 36 56 58 60 61
 24 25 36 56 58 59 60
 24 25 36 54 58 60
 24 25 36 54 58 60 61
 24 25 36 54 57 58 60
 24 25 36 52 53 58 60
 24 25 36 52 53 58 60 61
 24 25 36 52 53 57 58 60
 24 25 36 51 69
 24 25 36 51 67 68
 24 25 36 51 58 60 69 74
 24 25 36 51 58 60 69 72 73
 24 25 36 51 58 60 67 68 74
 24 25 36 51 58 60 67 68 72 73
 24 25 36 49 58
 24 25 36 47 58 60 69
 24 25 36 47 58 60 69 78
 24 25 36 47 58 60 69 76 77
 24 25 36 47 58 60 67 68
 24 25 36 47 58 60 67 68 78
 24 25 36 47 58 60 67 68 76 77
 24 25 36 47 51 58 60 69
 24 25 36 47 51 58 60 67 68
 24 25 36 46
 24 25 36 44 67
 24 25 36 44 65 66
 24 25 36 44 58 67
 24 25 36 44 58 65 66
 24 25 36 43 58 74
 24 25 36 43 58 72 73
 24 25 36 43 47 58
 24 25 36 42
 24 25 36 42 78
 24 25 36 42 76 77
 24 25 36 42 58
 24 25 36 42 58 74
 24 25 36 42 58 72 73
 24 25 36 42 58 60 74
 24 25 36 42 58 60 74 78
 24 25 36 42 58 60 74 76 77
 24 25 36 42 58 60 72 73
 24 25 36 42 58 60 72 73 78
 24 25 36 42 58 60 72 73 76 77
 24 25 36 42 56 58 60
 24 25 36 42 51
 24 25 36 42 51 58 60 74
 24 25 36 42 51 58 60 72 73
 24 25 36 42 47 58
 24 25 36 42 47 58 60
 24 25 36 42 47 58 60 78
 24 25 36 42 47 58 60 76 77
 24 25 36 42 47 51 58 60
 24 25 36 42 43 67
 24 25 36 42 43 65 66
 24 25 36 42 43 58 67
 24 25 36 42 43 58 65 66
 24 25 36 40 44
 24 25 36 40 44 58
 24 25 36 40 42 43
 24 25 36 40 42 43 58
 24 25 36 39 40 42 58 74
 24 25 36 39 40 42 58 72 73
 24 25 36 39 40 42 47 58
 24 25 36 39 40 41 58 74
 24 25 36 39 40 41 58 72 73
 24 25 36 39 40 41 47 58
 24 25 35 78
 24 25 35 76 77
 24 25 35 51
 24 25 34 78
 24 25 34 76 77
 24 25 34 69 78
 24 25 34 69 76 77
 24 25 34 67 68 78
 24 25 34 67 68 76 77
 24 25 34 58 78
 24 25 34 58 76 77
 24 25 34 58 64 78 79
 24 25 34 58 64 76 77 78 79
 24 25 34 58 63
 24 25 34 58 61 62
 24 25 34 58 60 69
 24 25 34 58 60 67 68
 24 25 34 58 60 63
 24 25 34 58 60 61 62
 24 25 34 56 58 60 63
 24 25 34 56 58 60 61 62
 24 25 34 55 58 62 78
 24 25 34 55 58 62 76 77
 24 25 34 54 58 60 63
 24 25 34 54 58 60 61 62
 24 25 34 53 58 64 78
 24 25 34 53 58 64 76 77
 24 25 34 52 53 58 60 63
 24 25 34 52 53 58 60 61 62
 24 25 34 51
 24 25 34 51 69
 24 25 34 51 67 68
 24 25 34 51 58
 24 25 34 51 58 64 78 79
 24 25 34 51 55 58 62
 24 25 34 51 53 58 64
 24 25 34 46 58 62 78
 24 25 34 46 58 62 76 77
 24 25 34 46 51 58 62
 24 25 34 44 58 64 78
 24 25 34 44 58 64 76 77
 24 25 34 44 51 58 64
 24 25 34 42 78
 24 25 34 42 76 77
 24 25 34 42 58 60
 24 25 34 42 51
 24 25 34 36 58
 24 25 34 36 58 60
 24 25 34 36 56 58 60
 24 25 34 36 54 58 60
 24 25 34 36 52 53 58 60
 24 25 33 34 78
 24 25 33 34 76 77
 24 25 33 34 51
 24 25 32
 24 25 32 69
 24 25 32 67 68
 24 25 32 60 69
 24 25 32 60 67 68
 24 25 32 58 60 69
 24 25 32 58 60 67 68
 24 25 32 54 60 69
 24 25 32 54 60 67 68
 24 25 32 54 58 60 69 74
 24 25 32 54 58 60 69 72 73
 24 25 32 54 58 60 67 68 74
 24 25 32 54 58 60 67 68 72 73
 24 25 32 54 58 60 63
 24 25 32 54 58 60 61 62
 24 25 32 52 53 60 69
 24 25 32 52 53 60 67 68
 24 25 32 52 53 58 60 69 74
 24 25 32 52 53 58 60 69 72 73
 24 25 32 52 53 58 60 67 68 74
 24 25 32 52 53 58 60 67 68 72 73
 24 25 32 52 53 58 60 63
 24 25 32 52 53 58 60 61 62
 24 25 32 47 54 58 60 69
 24 25 32 47 54 58 60 67 68
 24 25 32 47 52 53 58 60 69
 24 25 32 47 52 53 58 60 67 68
 24 25 32 42
 24 25 32 42 60
 24 25 32 42 58 60
 24 25 32 42 54 60
 24 25 32 42 54 58 60 74
 24 25 32 42 54 58 60 72 73
 24 25 32 42 52 53 60
 24 25 32 42 52 53 58 60 74
 24 25 32 42 52 53 58 60 72 73
 24 25 32 42 47 54 58 60
 24 25 32 42 47 52 53 58 60
 24 25 32 36 54 58 60
 24 25 32 36 52 53 58 60
 24 25 30 54 58 60 69
 24 25 30 54 58 60 67 68
 24 25 30 52 53 58 60 69
 24 25 30 52 53 58 60 67 68
 24 25 30 42 54 58 60
 24 25 30 42 52 53 58 60
 24 25 28 58 74 78
 24 25 28 58 74 76 77
 24 25 28 58 72 73 78
 24 25 28 58 72 73 76 77
 24 25 28 58 63 74
 24 25 28 58 63 72 73
 24 25 28 58 61 62 74
 24 25 28 58 61 62 72 73
 24 25 28 51 58 74
 24 25 28 51 58 72 73
 24 25 28 47 58 78
 24 25 28 47 58 76 77
 24 25 28 47 58 63
 24 25 28 47 58 61 62
 24 25 28 47 51 58
 24 25 28 36 58 74
 24 25 28 36 58 72 73
 24 25 28 36 47 58
 24 25 27 59 60 69
 24 25 27 59 60 67 68
 24 25 27 58 60 69
 24 25 27 58 60 69 74
 24 25 27 58 60 69 72
 24 25 27 58 60 69 72 73
 24 25 27 58 60 69 70 71
 24 25 27 58 60 67 68
 24 25 27 58 60 67 68 74
 24 25 27 58 60 67 68 72
 24 25 27 58 60 67 68 72 73
 24 25 27 58 60 67 68 70 71
 24 25 27 58 60 63
 24 25 27 58 60 61 63
 24 25 27 58 59 60 69 74
 24 25 27 58 59 60 69 72 73
 24 25 27 58 59 60 67 68 74
 24 25 27 58 59 60 67 68 72 73
 24 25 27 57 58 60 69 74
 24 25 27 57 58 60 69 72 73
 24 25 27 57 58 60 67 68 74
 24 25 27 57 58 60 67 68 72 73
 24 25 27 57 58 60 63
 24 25 27 57 58 60 61 62
 24 25 27 55 56 58 60 69
 24 25 27 55 56 58 60 67 68
 24 25 27 47 58 60 69
 24 25 27 47 58 60 67 68
 24 25 27 47 58 59 60 69
 24 25 27 47 58 59 60 67 68
 24 25 27 47 57 58 60 69
 24 25 27 47 57 58 60 67 68
 24 25 27 45 58 60 69
 24 25 27 45 58 60 67 68
 24 25 27 42 59 60
 24 25 27 42 58 60
 24 25 27 42 58 60 74
 24 25 27 42 58 60 72
 24 25 27 42 58 60 72 73
 24 25 27 42 58 60 70 71
 24 25 27 42 58 59 60 74
 24 25 27 42 58 59 60 72 73
 24 25 27 42 57 58 60 74
 24 25 27 42 57 58 60 72 73
 24 25 27 42 55 56 58 60
 24 25 27 42 47 58 60
 24 25 27 42 47 58 59 60
 24 25 27 42 47 57 58 60
 24 25 27 42 45 58 60
 24 25 27 36 58 60
 24 25 27 36 58 60 61
 24 25 27 36 57 58 60
 24 25 27 34 58 60 63
 24 25 27 34 58 60 61 62
 24 25 27 34 36 58 60
 24 25 27 32 60 69
 24 25 27 32 60 67 68
 24 25 27 32 58 60 69 74
 24 25 27 32 58 60 69 72 73
 24 25 27 32 58 60 67 68 74
 24 25 27 32 58 60 67 68 72 73
 24 25 27 32 58 60 63
 24 25 27 32 58 60 61 62
 24 25 27 32 47 58 60 69
 24 25 27 32 47 58 60 67 68
 24 25 27 32 42 60
 24 25 27 32 42 58 60 74
 24 25 27 32 42 58 60 72 73
 24 25 27 32 42 47 58 60
 24 25 27 32 36 58 60
 24 25 27 30 58 60 69
 24 25 27 30 58 60 67 68
 24 25 27 30 42 58 60
 24 25 26 27 58 74 78
 24 25 26 27 58 74 76 77
 24 25 26 27 58 72 73 78
 24 25 26 27 58 72 73 76 77
 24 25 26 27 58 63 74
 24 25 26 27 58 63 72 73
 24 25 26 27 58 61 62 74
 24 25 26 27 58 61 62 72 73
 24 25 26 27 51 58 74
 24 25 26 27 51 58 72 73
 24 25 26 27 47 58 78
 24 25 26 27 47 58 76 77
 24 25 26 27 47 58 63
 24 25 26 27 47 58 61 62
 24 25 26 27 47 51 58
 24 25 26 27 36 58 74
 24 25 26 27 36 58 72 73
 24 25 26 27 36 47 58
 19 56 67 78 79
 19 56 65 66 78 79
 19 56 64 67 78 79
 19 56 64 65 66 78 79
 19 56 61 64 67
 19 56 61 64 65 67
 19 56 61 64 65 66
 19 56 61 64 65 66 67
 19 56 61 63 64 67
 19 56 61 63 64 66 67
 19 56 59 60 64 67
 19 56 59 60 64 65 67
 19 56 59 60 64 65 66
 19 56 59 60 64 65 66 67
 19 56 59 60 63 64 67
 19 56 59 60 63 64 66 67
 19 53 56 67
 19 53 56 65 66
 19 53 56 64 67
 19 53 56 64 65 66
 19 52 56 64 67
 19 52 56 64 65 67
 19 52 56 64 65 66
 19 52 56 64 65 66 67
 19 52 56 63 64 67
 19 52 56 63 64 66 67
 19 50 51 56 64 67
 19 50 51 56 64 65 67
 19 50 51 56 64 65 66
 19 50 51 56 64 65 66 67
 19 50 51 56 63 64 67
 19 50 51 56 63 64 66 67
 19 40 56 78 79
 19 40 56 64 78 79
 19 40 56 61 64
 19 40 56 61 64 65
 19 40 56 61 64 65 66
 19 40 56 61 63 64
 19 40 56 61 63 64 66
 19 40 56 59 60 64
 19 40 56 59 60 64 65
 19 40 56 59 60 64 65 66
 19 40 56 59 60 63 64
 19 40 56 59 60 63 64 66
 19 40 53 56
 19 40 53 56 64
 19 40 52 56 64
 19 40 52 56 64 65
 19 40 52 56 64 65 66
 19 40 52 56 63 64
 19 40 52 56 63 64 66
 19 40 50 51 56 64
 19 40 50 51 56 64 65
 19 40 50 51 56 64 65 66
 19 40 50 51 56 63 64
 19 40 50 51 56 63 64 66
 19 38 56 61 64 67
 19 38 56 61 64 66 67
 19 38 56 59 60 64 67
 19 38 56 59 60 64 66 67
 19 38 52 56 64 67
 19 38 52 56 64 66 67
 19 38 50 51 56 64 67
 19 38 50 51 56 64 66 67
 19 38 40 56 61 64
 19 38 40 56 61 64 66
 19 38 40 56 59 60 64
 19 38 40 56 59 60 64 66
 19 38 40 52 56 64
 19 38 40 52 56 64 66
 19 38 40 50 51 56 64
 19 38 40 50 51 56 64 66
 19 34 56 64 67
 19 34 56 64 65 67
 19 34 56 64 65 66
 19 34 56 64 65 66 67
 19 34 56 63 64 67
 19 34 56 63 64 66 67
 19 34 40 56 64
 19 34 40 56 64 65
 19 34 40 56 64 65 66
 19 34 40 56 63 64
 19 34 40 56 63 64 66
 19 34 38 56 64 67
 19 34 38 56 64 66 67
 19 34 38 40 56 64
 19 34 38 40 56 64 66
 19 25 56 64 67
 19 25 56 64 65 67
 19 25 56 64 65 66
 19 25 56 64 65 66 67
 19 25 56 63 64 67
 19 25 56 63 64 66 67
 19 25 40 56 64
 19 25 40 56 64 65
 19 25 40 56 64 65 66
 19 25 40 56 63 64
 19 25 40 56 63 64 66
 19 25 38 56 64 67
 19 25 38 56 64 66 67
 19 25 38 40 56 64
 19 25 38 40 56 64 66
 17 63 67 68
 17 63 65 66 68
 17 61 62 67 68
 17 61 62 65 66 68
 17 58 63 67 68
 17 58 63 65 66 68
 17 58 61 62 67 68
 17 58 61 62 65 66 68
 17 56 67 78 79
 17 56 67 68 78
 17 56 67 68 78 79
 17 56 67 68 76 77
 17 56 65 67 68 78 79
 17 56 65 66 78 79
 17 56 65 66 68 78
 17 56 65 66 68 76 77
 17 56 63 64 67 68 78 79
 17 56 63 64 65 66 68 78 79
 17 54 67 78 79
 17 54 67 68 78 79
 17 54 65 67 68 78 79
 17 54 65 66 78 79
 17 54 63 64 67 68 78 79
 17 54 63 64 65 66 68 78 79
 17 53 56 67
 17 53 56 67 68
 17 53 56 65 67 68
 17 53 56 65 66
 17 53 56 63 64 67 68
 17 53 56 63 64 65 66 68
 17 53 54 67
 17 53 54 67 68
 17 53 54 65 67 68
 17 53 54 65 66
 17 53 54 63 64 67 68
 17 53 54 63 64 65 66 68
 17 52 53 67
 17 52 53 67 78 79
 17 52 53 67 68
 17 52 53 67 68 78 79
 17 52 53 65 67 68
 17 52 53 65 67 68 78 79
 17 52 53 65 66
 17 52 53 65 66 78 79
 17 52 53 63 64 67 68
 17 52 53 63 64 67 68 78 79
 17 52 53 63 64 65 66 68
 17 52 53 63 64 65 66 68 78 79
 17 51 56 67 68
 17 51 56 65 66 68
 17 40 63 68
 17 40 61 62 68
 17 40 58 63 68
 17 40 58 61 62 68
 17 40 56 78 79
 17 40 56 68 78
 17 40 56 68 78 79
 17 40 56 68 76 77
 17 40 56 65 68 78 79
 17 40 56 63 64 68 78 79
 17 40 54 78 79
 17 40 54 68 78 79
 17 40 54 65 68 78 79
 17 40 54 63 64 68 78 79
 17 40 53 56
 17 40 53 56 68
 17 40 53 56 65 68
 17 40 53 56 63 64 68
 17 40 53 54
 17 40 53 54 68
 17 40 53 54 65 68
 17 40 53 54 63 64 68
 17 40 52 53
 17 40 52 53 78 79
 17 40 52 53 68
 17 40 52 53 68 78 79
 17 40 52 53 65 68
 17 40 52 53 65 68 78 79
 17 40 52 53 63 64 68
 17 40 52 53 63 64 68 78 79
 17 40 51 56 68
 17 38 56 67 68 78 79
 17 38 56 65 66 68 78 79
 17 38 54 67 68 78 79
 17 38 54 65 66 68 78 79
 17 38 53 56 67 68
 17 38 53 56 65 66 68
 17 38 53 54 67 68
 17 38 53 54 65 66 68
 17 38 52 53 67 68
 17 38 52 53 67 68 78 79
 17 38 52 53 65 66 68
 17 38 52 53 65 66 68 78 79
 17 38 40 56 68 78 79
 17 38 40 54 68 78 79
 17 38 40 53 56 68
 17 38 40 53 54 68
 17 38 40 52 53 68
 17 38 40 52 53 68 78 79
 17 36 67 68
 17 36 65 66 68
 17 36 58 67 68
 17 36 58 65 66 68
 17 36 40 68
 17 36 40 58 68
 17 27 67 78 79
 17 27 67 68 78 79
 17 27 65 67 68 78 79
 17 27 65 66 78 79
 17 27 63 64 67 68 78 79
 17 27 63 64 65 66 68 78 79
 17 27 53 67
 17 27 53 67 68
 17 27 53 65 67 68
 17 27 53 65 66
 17 27 53 63 64 67 68
 17 27 53 63 64 65 66 68
 17 27 40 78 79
 17 27 40 68 78 79
 17 27 40 65 68 78 79
 17 27 40 63 64 68 78 79
 17 27 40 53
 17 27 40 53 68
 17 27 40 53 65 68
 17 27 40 53 63 64 68
 17 27 38 67 68 78 79
 17 27 38 65 66 68 78 79
 17 27 38 53 67 68
 17 27 38 53 65 66 68
 17 27 38 40 68 78 79
 17 27 38 40 53 68
 17 26 63 67
 17 26 63 65 66
 17 26 61 62 67
 17 26 61 62 65 66
 17 26 58 63 67
 17 26 58 63 65 66
 17 26 58 61 62 67
 17 26 58 61 62 65 66
 17 26 40 63
 17 26 40 61 62
 17 26 40 58 63
 17 26 40 58 61 62
 17 26 36 67
 17 26 36 65 66
 17 26 36 58 67
 17 26 36 58 65 66
 17 26 36 40
 17 26 36 40 58
 17 24 25 63 67
 17 24 25 63 65 66
 17 24 25 61 62 67
 17 24 25 61 62 65 66
 17 24 25 58 63 67
 17 24 25 58 63 65 66
 17 24 25 58 61 62 67
 17 24 25 58 61 62 65 66
 17 24 25 40 63
 17 24 25 40 61 62
 17 24 25 40 58 63
 17 24 25 40 58 61 62
 17 24 25 36 67
 17 24 25 36 65 66
 17 24 25 36 58 67
 17 24 25 36 58 65 66
 17 24 25 36 40
 17 24 25 36 40 58
 16 68 78
 16 68 76 77
 16 63 68
 16 63 68 69
 16 63 67 68
 16 61 62 68
 16 61 62 68 69
 16 61 62 67 68
 16 58 68 74 78
 16 58 68 74 76 77
 16 58 68 72 73 78
 16 58 68 72 73 76 77
 16 58 63 68 74
 16 58 63 68 72 73
 16 58 61 62 68 74
 16 58 61 62 68 72 73
 16 51 68
 16 51 58 68 74
 16 51 58 68 72 73
 16 47 58 68 78
 16 47 58 68 76 77
 16 47 58 63 68
 16 47 58 61 62 68
 16 47 51 58 68
 16 44 63 67 68
 16 44 63 65 66 68
 16 44 61 62 67 68
 16 44 61 62 65 66 68
 16 42 63 68
 16 42 61 62 68
 16 42 43 63 67 68
 16 42 43 63 65 66 68
 16 42 43 61 62 67 68
 16 42 43 61 62 65 66 68
 16 40 44 63 68
 16 40 44 61 62 68
 16 40 42 43 63 68
 16 40 42 43 61 62 68
 16 36 68
 16 36 68 69
 16 36 67 68
 16 36 58 68 74
 16 36 58 68 72 73
 16 36 47 58 68
 16 36 44 67 68
 16 36 44 65 66 68
 16 36 42 68
 16 36 42 43 67 68
 16 36 42 43 65 66 68
 16 36 40 44 68
 16 36 40 42 43 68
 16 26 78
 16 26 76 77
 16 26 63
 16 26 63 69
 16 26 63 67 68
 16 26 61 62
 16 26 61 62 69
 16 26 61 62 67 68
 16 26 58 74 78
 16 26 58 74 76 77
 16 26 58 72 73 78
 16 26 58 72 73 76 77
 16 26 58 63 74
 16 26 58 63 72 73
 16 26 58 61 62 74
 16 26 58 61 62 72 73
 16 26 51
 16 26 51 58 74
 16 26 51 58 72 73
 16 26 47 58 78
 16 26 47 58 76 77
 16 26 47 58 63
 16 26 47 58 61 62
 16 26 47 51 58
 16 26 44 63 67
 16 26 44 63 65 66
 16 26 44 61 62 67
 16 26 44 61 62 65 66
 16 26 42 63
 16 26 42 61 62
 16 26 42 43 63 67
 16 26 42 43 63 65 66
 16 26 42 43 61 62 67
 16 26 42 43 61 62 65 66
 16 26 40 44 63
 16 26 40 44 61 62
 16 26 40 42 43 63
 16 26 40 42 43 61 62
 16 26 36
 16 26 36 69
 16 26 36 67 68
 16 26 36 58 74
 16 26 36 58 72 73
 16 26 36 47 58
 16 26 36 44 67
 16 26 36 44 65 66
 16 26 36 42
 16 26 36 42 43 67
 16 26 36 42 43 65 66
 16 26 36 40 44
 16 26 36 40 42 43
 16 24 25 78
 16 24 25 76 77
 16 24 25 63
 16 24 25 63 69
 16 24 25 63 67 68
 16 24 25 61 62
 16 24 25 61 62 69
 16 24 25 61 62 67 68
 16 24 25 58 74 78
 16 24 25 58 74 76 77
 16 24 25 58 72 73 78
 16 24 25 58 72 73 76 77
 16 24 25 58 63 74
 16 24 25 58 63 72 73
 16 24 25 58 61 62 74
 16 24 25 58 61 62 72 73
 16 24 25 51
 16 24 25 51 58 74
 16 24 25 51 58 72 73
 16 24 25 47 58 78
 16 24 25 47 58 76 77
 16 24 25 47 58 63
 16 24 25 47 58 61 62
 16 24 25 47 51 58
 16 24 25 44 63 67
 16 24 25 44 63 65 66
 16 24 25 44 61 62 67
 16 24 25 44 61 62 65 66
 16 24 25 42 63
 16 24 25 42 61 62
 16 24 25 42 43 63 67
 16 24 25 42 43 63 65 66
 16 24 25 42 43 61 62 67
 16 24 25 42 43 61 62 65 66
 16 24 25 40 44 63
 16 24 25 40 44 61 62
 16 24 25 40 42 43 63
 16 24 25 40 42 43 61 62
 16 24 25 36
 16 24 25 36 69
 16 24 25 36 67 68
 16 24 25 36 58 74
 16 24 25 36 58 72 73
 16 24 25 36 47 58
 16 24 25 36 44 67
 16 24 25 36 44 65 66
 16 24 25 36 42
 16 24 25 36 42 43 67
 16 24 25 36 42 43 65 66
 16 24 25 36 40 44
 16 24 25 36 40 42 43
 16 17 63 67 68
 16 17 63 65 66 68
 16 17 61 62 67 68
 16 17 61 62 65 66 68
 16 17 40 63 68
 16 17 40 61 62 68
 16 17 36 67 68
 16 17 36 65 66 68
 16 17 36 40 68
 16 17 26 63 67
 16 17 26 63 65 66
 16 17 26 61 62 67
 16 17 26 61 62 65 66
 16 17 26 40 63
 16 17 26 40 61 62
 16 17 26 36 67
 16 17 26 36 65 66
 16 17 26 36 40
 16 17 24 25 63 67
 16 17 24 25 63 65 66
 16 17 24 25 61 62 67
 16 17 24 25 61 62 65 66
 16 17 24 25 40 63
 16 17 24 25 40 61 62
 16 17 24 25 36 67
 16 17 24 25 36 65 66
 16 17 24 25 36 40
 15 58 68 74 78
 15 58 68 74 76 77
 15 58 68 72 73 78
 15 58 68 72 73 76 77
 15 58 63 68 74
 15 58 63 68 72 73
 15 58 61 62 68 74
 15 58 61 62 68 72 73
 15 51 58 68 74
 15 51 58 68 72 73
 15 47 58 68 78
 15 47 58 68 76 77
 15 47 58 63 68
 15 47 58 61 62 68
 15 47 51 58 68
 15 41 58 68 74 78
 15 41 58 68 74 76 77
 15 41 58 68 72 73 78
 15 41 58 68 72 73 76 77
 15 41 58 63 68 74
 15 41 58 63 68 72 73
 15 41 58 61 62 68 74
 15 41 58 61 62 68 72 73
 15 41 51 58 68 74
 15 41 51 58 68 72 73
 15 41 47 58 68 78
 15 41 47 58 68 76 77
 15 41 47 58 63 68
 15 41 47 58 61 62 68
 15 41 47 51 58 68
 15 39 40 58 68 74 78
 15 39 40 58 68 74 76 77
 15 39 40 58 68 72 73 78
 15 39 40 58 68 72 73 76 77
 15 39 40 58 63 68 74
 15 39 40 58 63 68 72 73
 15 39 40 58 61 62 68 74
 15 39 40 58 61 62 68 72 73
 15 39 40 51 58 68 74
 15 39 40 51 58 68 72 73
 15 39 40 47 58 68 78
 15 39 40 47 58 68 76 77
 15 39 40 47 58 63 68
 15 39 40 47 58 61 62 68
 15 39 40 47 51 58 68
 15 36 58 68 74
 15 36 58 68 72 73
 15 36 47 58 68
 15 36 41 58 68 74
 15 36 41 58 68 72 73
 15 36 41 47 58 68
 15 36 39 40 58 68 74
 15 36 39 40 58 68 72 73
 15 36 39 40 47 58 68
 15 26 58 74 78
 15 26 58 74 76 77
 15 26 58 72 73 78
 15 26 58 72 73 76 77
 15 26 58 63 74
 15 26 58 63 72 73
 15 26 58 61 62 74
 15 26 58 61 62 72 73
 15 26 51 58 74
 15 26 51 58 72 73
 15 26 47 58 78
 15 26 47 58 76 77
 15 26 47 58 63
 15 26 47 58 61 62
 15 26 47 51 58
 15 26 41 58 74 78
 15 26 41 58 74 76 77
 15 26 41 58 72 73 78
 15 26 41 58 72 73 76 77
 15 26 41 58 63 74
 15 26 41 58 63 72 73
 15 26 41 58 61 62 74
 15 26 41 58 61 62 72 73
 15 26 41 51 58 74
 15 26 41 51 58 72 73
 15 26 41 47 58 78
 15 26 41 47 58 76 77
 15 26 41 47 58 63
 15 26 41 47 58 61 62
 15 26 41 47 51 58
 15 26 39 40 58 74 78
 15 26 39 40 58 74 76 77
 15 26 39 40 58 72 73 78
 15 26 39 40 58 72 73 76 77
 15 26 39 40 58 63 74
 15 26 39 40 58 63 72 73
 15 26 39 40 58 61 62 74
 15 26 39 40 58 61 62 72 73
 15 26 39 40 51 58 74
 15 26 39 40 51 58 72 73
 15 26 39 40 47 58 78
 15 26 39 40 47 58 76 77
 15 26 39 40 47 58 63
 15 26 39 40 47 58 61 62
 15 26 39 40 47 51 58
 15 26 36 58 74
 15 26 36 58 72 73
 15 26 36 47 58
 15 26 36 41 58 74
 15 26 36 41 58 72 73
 15 26 36 41 47 58
 15 26 36 39 40 58 74
 15 26 36 39 40 58 72 73
 15 26 36 39 40 47 58
 15 24 25 58 74 78
 15 24 25 58 74 76 77
 15 24 25 58 72 73 78
 15 24 25 58 72 73 76 77
 15 24 25 58 63 74
 15 24 25 58 63 72 73
 15 24 25 58 61 62 74
 15 24 25 58 61 62 72 73
 15 24 25 51 58 74
 15 24 25 51 58 72 73
 15 24 25 47 58 78
 15 24 25 47 58 76 77
 15 24 25 47 58 63
 15 24 25 47 58 61 62
 15 24 25 47 51 58
 15 24 25 41 58 74 78
 15 24 25 41 58 74 76 77
 15 24 25 41 58 72 73 78
 15 24 25 41 58 72 73 76 77
 15 24 25 41 58 63 74
 15 24 25 41 58 63 72 73
 15 24 25 41 58 61 62 74
 15 24 25 41 58 61 62 72 73
 15 24 25 41 51 58 74
 15 24 25 41 51 58 72 73
 15 24 25 41 47 58 78
 15 24 25 41 47 58 76 77
 15 24 25 41 47 58 63
 15 24 25 41 47 58 61 62
 15 24 25 41 47 51 58
 15 24 25 39 40 58 74 78
 15 24 25 39 40 58 74 76 77
 15 24 25 39 40 58 72 73 78
 15 24 25 39 40 58 72 73 76 77
 15 24 25 39 40 58 63 74
 15 24 25 39 40 58 63 72 73
 15 24 25 39 40 58 61 62 74
 15 24 25 39 40 58 61 62 72 73
 15 24 25 39 40 51 58 74
 15 24 25 39 40 51 58 72 73
 15 24 25 39 40 47 58 78
 15 24 25 39 40 47 58 76 77
 15 24 25 39 40 47 58 63
 15 24 25 39 40 47 58 61 62
 15 24 25 39 40 47 51 58
 15 24 25 36 58 74
 15 24 25 36 58 72 73
 15 24 25 36 47 58
 15 24 25 36 41 58 74
 15 24 25 36 41 58 72 73
 15 24 25 36 41 47 58
 15 24 25 36 39 40 58 74
 15 24 25 36 39 40 58 72 73
 15 24 25 36 39 40 47 58
 14 42 58 68 74 78
 14 42 58 68 74 76 77
 14 42 58 68 72 73 78
 14 42 58 68 72 73 76 77
 14 42 58 63 68 74
 14 42 58 63 68 72 73
 14 42 58 61 62 68 74
 14 42 58 61 62 68 72 73
 14 42 51 58 68 74
 14 42 51 58 68 72 73
 14 42 47 58 68 78
 14 42 47 58 68 76 77
 14 42 47 58 63 68
 14 42 47 58 61 62 68
 14 42 47 51 58 68
 14 40 41 58 68 74 78
 14 40 41 58 68 74 76 77
 14 40 41 58 68 72 73 78
 14 40 41 58 68 72 73 76 77
 14 40 41 58 63 68 74
 14 40 41 58 63 68 72 73
 14 40 41 58 61 62 68 74
 14 40 41 58 61 62 68 72 73
 14 40 41 51 58 68 74
 14 40 41 51 58 68 72 73
 14 40 41 47 58 68 78
 14 40 41 47 58 68 76 77
 14 40 41 47 58 63 68
 14 40 41 47 58 61 62 68
 14 40 41 47 51 58 68
 14 36 42 58 68 74
 14 36 42 58 68 72 73
 14 36 42 47 58 68
 14 36 40 41 58 68 74
 14 36 40 41 58 68 72 73
 14 36 40 41 47 58 68
 14 26 42 58 74 78
 14 26 42 58 74 76 77
 14 26 42 58 72 73 78
 14 26 42 58 72 73 76 77
 14 26 42 58 63 74
 14 26 42 58 63 72 73
 14 26 42 58 61 62 74
 14 26 42 58 61 62 72 73
 14 26 42 51 58 74
 14 26 42 51 58 72 73
 14 26 42 47 58 78
 14 26 42 47 58 76 77
 14 26 42 47 58 63
 14 26 42 47 58 61 62
 14 26 42 47 51 58
 14 26 40 41 58 74 78
 14 26 40 41 58 74 76 77
 14 26 40 41 58 72 73 78
 14 26 40 41 58 72 73 76 77
 14 26 40 41 58 63 74
 14 26 40 41 58 63 72 73
 14 26 40 41 58 61 62 74
 14 26 40 41 58 61 62 72 73
 14 26 40 41 51 58 74
 14 26 40 41 51 58 72 73
 14 26 40 41 47 58 78
 14 26 40 41 47 58 76 77
 14 26 40 41 47 58 63
 14 26 40 41 47 58 61 62
 14 26 40 41 47 51 58
 14 26 36 42 58 74
 14 26 36 42 58 72 73
 14 26 36 42 47 58
 14 26 36 40 41 58 74
 14 26 36 40 41 58 72 73
 14 26 36 40 41 47 58
 14 24 25 42 58 74 78
 14 24 25 42 58 74 76 77
 14 24 25 42 58 72 73 78
 14 24 25 42 58 72 73 76 77
 14 24 25 42 58 63 74
 14 24 25 42 58 63 72 73
 14 24 25 42 58 61 62 74
 14 24 25 42 58 61 62 72 73
 14 24 25 42 51 58 74
 14 24 25 42 51 58 72 73
 14 24 25 42 47 58 78
 14 24 25 42 47 58 76 77
 14 24 25 42 47 58 63
 14 24 25 42 47 58 61 62
 14 24 25 42 47 51 58
 14 24 25 40 41 58 74 78
 14 24 25 40 41 58 74 76 77
 14 24 25 40 41 58 72 73 78
 14 24 25 40 41 58 72 73 76 77
 14 24 25 40 41 58 63 74
 14 24 25 40 41 58 63 72 73
 14 24 25 40 41 58 61 62 74
 14 24 25 40 41 58 61 62 72 73
 14 24 25 40 41 51 58 74
 14 24 25 40 41 51 58 72 73
 14 24 25 40 41 47 58 78
 14 24 25 40 41 47 58 76 77
 14 24 25 40 41 47 58 63
 14 24 25 40 41 47 58 61 62
 14 24 25 40 41 47 51 58
 14 24 25 36 42 58 74
 14 24 25 36 42 58 72 73
 14 24 25 36 42 47 58
 14 24 25 36 40 41 58 74
 14 24 25 36 40 41 58 72 73
 14 24 25 36 40 41 47 58
 14 15 63 68 69
 14 15 63 67 68
 14 15 61 62 68 69
 14 15 61 62 67 68
 14 15 58 68 74 78
 14 15 58 68 74 76 77
 14 15 58 68 72 73 78
 14 15 58 68 72 73 76 77
 14 15 58 63 68 74
 14 15 58 63 68 72 73
 14 15 58 61 62 68 74
 14 15 58 61 62 68 72 73
 14 15 51 58 68 74
 14 15 51 58 68 72 73
 14 15 47 58 68 78
 14 15 47 58 68 76 77
 14 15 47 58 63 68
 14 15 47 58 61 62 68
 14 15 47 51 58 68
 14 15 44 63 67 68
 14 15 44 63 65 66 68
 14 15 44 61 62 67 68
 14 15 44 61 62 65 66 68
 14 15 42 63 68
 14 15 42 61 62 68
 14 15 42 43 63 67 68
 14 15 42 43 63 65 66 68
 14 15 42 43 61 62 67 68
 14 15 42 43 61 62 65 66 68
 14 15 40 44 63 68
 14 15 40 44 61 62 68
 14 15 40 42 43 63 68
 14 15 40 42 43 61 62 68
 14 15 36 68 69
 14 15 36 67 68
 14 15 36 58 68 74
 14 15 36 58 68 72 73
 14 15 36 47 58 68
 14 15 36 44 67 68
 14 15 36 44 65 66 68
 14 15 36 42 68
 14 15 36 42 43 67 68
 14 15 36 42 43 65 66 68
 14 15 36 40 44 68
 14 15 36 40 42 43 68
 14 15 26 63 69
 14 15 26 63 67 68
 14 15 26 61 62 69
 14 15 26 61 62 67 68
 14 15 26 58 74 78
 14 15 26 58 74 76 77
 14 15 26 58 72 73 78
 14 15 26 58 72 73 76 77
 14 15 26 58 63 74
 14 15 26 58 63 72 73
 14 15 26 58 61 62 74
 14 15 26 58 61 62 72 73
 14 15 26 51 58 74
 14 15 26 51 58 72 73
 14 15 26 47 58 78
 14 15 26 47 58 76 77
 14 15 26 47 58 63
 14 15 26 47 58 61 62
 14 15 26 47 51 58
 14 15 26 44 63 67
 14 15 26 44 63 65 66
 14 15 26 44 61 62 67
 14 15 26 44 61 62 65 66
 14 15 26 42 63
 14 15 26 42 61 62
 14 15 26 42 43 63 67
 14 15 26 42 43 63 65 66
 14 15 26 42 43 61 62 67
 14 15 26 42 43 61 62 65 66
 14 15 26 40 44 63
 14 15 26 40 44 61 62
 14 15 26 40 42 43 63
 14 15 26 40 42 43 61 62
 14 15 26 36 69
 14 15 26 36 67 68
 14 15 26 36 58 74
 14 15 26 36 58 72 73
 14 15 26 36 47 58
 14 15 26 36 44 67
 14 15 26 36 44 65 66
 14 15 26 36 42
 14 15 26 36 42 43 67
 14 15 26 36 42 43 65 66
 14 15 26 36 40 44
 14 15 26 36 40 42 43
 14 15 24 25 63 69
 14 15 24 25 63 67 68
 14 15 24 25 61 62 69
 14 15 24 25 61 62 67 68
 14 15 24 25 58 74 78
 14 15 24 25 58 74 76 77
 14 15 24 25 58 72 73 78
 14 15 24 25 58 72 73 76 77
 14 15 24 25 58 63 74
 14 15 24 25 58 63 72 73
 14 15 24 25 58 61 62 74
 14 15 24 25 58 61 62 72 73
 14 15 24 25 51 58 74
 14 15 24 25 51 58 72 73
 14 15 24 25 47 58 78
 14 15 24 25 47 58 76 77
 14 15 24 25 47 58 63
 14 15 24 25 47 58 61 62
 14 15 24 25 47 51 58
 14 15 24 25 44 63 67
 14 15 24 25 44 63 65 66
 14 15 24 25 44 61 62 67
 14 15 24 25 44 61 62 65 66
 14 15 24 25 42 63
 14 15 24 25 42 61 62
 14 15 24 25 42 43 63 67
 14 15 24 25 42 43 63 65 66
 14 15 24 25 42 43 61 62 67
 14 15 24 25 42 43 61 62 65 66
 14 15 24 25 40 44 63
 14 15 24 25 40 44 61 62
 14 15 24 25 40 42 43 63
 14 15 24 25 40 42 43 61 62
 14 15 24 25 36 69
 14 15 24 25 36 67 68
 14 15 24 25 36 58 74
 14 15 24 25 36 58 72 73
 14 15 24 25 36 47 58
 14 15 24 25 36 44 67
 14 15 24 25 36 44 65 66
 14 15 24 25 36 42
 14 15 24 25 36 42 43 67
 14 15 24 25 36 42 43 65 66
 14 15 24 25 36 40 44
 14 15 24 25 36 40 42 43
 14 15 17 63 67 68
 14 15 17 63 65 66 68
 14 15 17 61 62 67 68
 14 15 17 61 62 65 66 68
 14 15 17 40 63 68
 14 15 17 40 61 62 68
 14 15 17 36 67 68
 14 15 17 36 65 66 68
 14 15 17 36 40 68
 14 15 17 26 63 67
 14 15 17 26 63 65 66
 14 15 17 26 61 62 67
 14 15 17 26 61 62 65 66
 14 15 17 26 40 63
 14 15 17 26 40 61 62
 14 15 17 26 36 67
 14 15 17 26 36 65 66
 14 15 17 26 36 40
 14 15 17 24 25 63 67
 14 15 17 24 25 63 65 66
 14 15 17 24 25 61 62 67
 14 15 17 24 25 61 62 65 66
 14 15 17 24 25 40 63
 14 15 17 24 25 40 61 62
 14 15 17 24 25 36 67
 14 15 17 24 25 36 65 66
 14 15 17 24 25 36 40
 8 68 78
 8 68 76 77
 8 51 68
 8 26 78
 8 26 76 77
 8 26 51
 8 24 25 78
 8 24 25 76 77
 8 24 25 51
 4 58 62 68 78
 4 58 62 68 76 77
 4 58 61 62 68 78
 4 58 61 62 68 76 77
 4 58 59 60 62 68 78
 4 58 59 60 62 68 76 77
 4 51 58 62 68
 4 51 58 61 62 68
 4 51 58 59 60 62 68
 4 34 58 62 68 78
 4 34 58 62 68 76 77
 4 34 51 58 62 68
 4 26 58 62 78
 4 26 58 62 76 77
 4 26 58 61 62 78
 4 26 58 61 62 76 77
 4 26 58 59 60 62 78
 4 26 58 59 60 62 76 77
 4 26 51 58 62
 4 26 51 58 61 62
 4 26 51 58 59 60 62
 4 26 34 58 62 78
 4 26 34 58 62 76 77
 4 26 34 51 58 62
 4 24 25 58 62 78
 4 24 25 58 62 76 77
 4 24 25 58 61 62 78
 4 24 25 58 61 62 76 77
 4 24 25 58 59 60 62 78
 4 24 25 58 59 60 62 76 77
 4 24 25 51 58 62
 4 24 25 51 58 61 62
 4 24 25 51 58 59 60 62
 4 24 25 34 58 62 78
 4 24 25 34 58 62 76 77
 4 24 25 34 51 58 62
 2 58 64 68 78
 2 58 64 68 76 77
 2 58 61 64 68 78
 2 58 61 64 68 76 77
 2 58 59 60 64 68 78
 2 58 59 60 64 68 76 77
 2 51 58 64 68
 2 51 58 61 64 68
 2 51 58 59 60 64 68
 2 34 58 64 68 78
 2 34 58 64 68 76 77
 2 34 51 58 64 68
 2 26 58 64 78
 2 26 58 64 76 77
 2 26 58 61 64 78
 2 26 58 61 64 76 77
 2 26 58 59 60 64 78
 2 26 58 59 60 64 76 77
 2 26 51 58 64
 2 26 51 58 61 64
 2 26 51 58 59 60 64
 2 26 34 58 64 78
 2 26 34 58 64 76 77
 2 26 34 51 58 64
 2 24 25 58 64 78
 2 24 25 58 64 76 77
 2 24 25 58 61 64 78
 2 24 25 58 61 64 76 77
 2 24 25 58 59 60 64 78
 2 24 25 58 59 60 64 76 77
 2 24 25 51 58 64
 2 24 25 51 58 61 64
 2 24 25 51 58 59 60 64
 2 24 25 34 58 64 78
 2 24 25 34 58 64 76 77
 2 24 25 34 51 58 64
 2 3 58 62 68 78
 2 3 58 62 68 76 77
 2 3 58 61 62 68 78
 2 3 58 61 62 68 76 77
 2 3 58 59 60 62 68 78
 2 3 58 59 60 62 68 76 77
 2 3 51 58 62 68
 2 3 51 58 61 62 68
 2 3 51 58 59 60 62 68
 2 3 34 58 62 68 78
 2 3 34 58 62 68 76 77
 2 3 34 51 58 62 68
 2 3 26 58 62 78
 2 3 26 58 62 76 77
 2 3 26 58 61 62 78
 2 3 26 58 61 62 76 77
 2 3 26 58 59 60 62 78
 2 3 26 58 59 60 62 76 77
 2 3 26 51 58 62
 2 3 26 51 58 61 62
 2 3 26 51 58 59 60 62
 2 3 26 34 58 62 78
 2 3 26 34 58 62 76 77
 2 3 26 34 51 58 62
 2 3 24 25 58 62 78
 2 3 24 25 58 62 76 77
 2 3 24 25 58 61 62 78
 2 3 24 25 58 61 62 76 77
 2 3 24 25 58 59 60 62 78
 2 3 24 25 58 59 60 62 76 77
 2 3 24 25 51 58 62
 2 3 24 25 51 58 61 62
 2 3 24 25 51 58 59 60 62
 2 3 24 25 34 58 62 78
 2 3 24 25 34 58 62 76 77
 2 3 24 25 34 51 58 62
 1 58 68 74 78
 1 58 68 74 76 77
 1 58 68 72 73 78
 1 58 68 72 73 76 77
 1 58 63 68 74
 1 58 63 68 72 73
 1 58 61 62 68 74
 1 58 61 62 68 72 73
 1 51 58 68 74
 1 51 58 68 72 73
 1 47 58 68 78
 1 47 58 68 76 77
 1 47 58 63 68
 1 47 58 61 62 68
 1 47 51 58 68
 1 36 58 68 74
 1 36 58 68 72 73
 1 36 47 58 68
 1 26 58 74 78
 1 26 58 74 76 77
 1 26 58 72 73 78
 1 26 58 72 73 76 77
 1 26 58 63 74
 1 26 58 63 72 73
 1 26 58 61 62 74
 1 26 58 61 62 72 73
 1 26 51 58 74
 1 26 51 58 72 73
 1 26 47 58 78
 1 26 47 58 76 77
 1 26 47 58 63
 1 26 47 58 61 62
 1 26 47 51 58
 1 26 36 58 74
 1 26 36 58 72 73
 1 26 36 47 58
 1 24 25 58 74 78
 1 24 25 58 74 76 77
 1 24 25 58 72 73 78
 1 24 25 58 72 73 76 77
 1 24 25 58 63 74
 1 24 25 58 63 72 73
 1 24 25 58 61 62 74
 1 24 25 58 61 62 72 73
 1 24 25 51 58 74
 1 24 25 51 58 72 73
 1 24 25 47 58 78
 1 24 25 47 58 76 77
 1 24 25 47 58 63
 1 24 25 47 58 61 62
 1 24 25 47 51 58
 1 24 25 36 58 74
 1 24 25 36 58 72 73
 1 24 25 36 47 58
 0 1 58 64 68 78
 0 1 58 64 68 76 77
 0 1 58 61 64 68 78
 0 1 58 61 64 68 76 77
 0 1 58 59 60 64 68 78
 0 1 58 59 60 64 68 76 77
 0 1 51 58 64 68
 0 1 51 58 61 64 68
 0 1 51 58 59 60 64 68
 0 1 34 58 64 68 78
 0 1 34 58 64 68 76 77
 0 1 34 51 58 64 68
 0 1 26 58 64 78
 0 1 26 58 64 76 77
 0 1 26 58 61 64 78
 0 1 26 58 61 64 76 77
 0 1 26 58 59 60 64 78
 0 1 26 58 59 60 64 76 77
 0 1 26 51 58 64
 0 1 26 51 58 61 64
 0 1 26 51 58 59 60 64
 0 1 26 34 58 64 78
 0 1 26 34 58 64 76 77
 0 1 26 34 51 58 64
 0 1 24 25 58 64 78
 0 1 24 25 58 64 76 77
 0 1 24 25 58 61 64 78
 0 1 24 25 58 61 64 76 77
 0 1 24 25 58 59 60 64 78
 0 1 24 25 58 59 60 64 76 77
 0 1 24 25 51 58 64
 0 1 24 25 51 58 61 64
 0 1 24 25 51 58 59 60 64
 0 1 24 25 34 58 64 78
 0 1 24 25 34 58 64 76 77
 0 1 24 25 34 51 58 64
