 67 78
 67 76 77
 65 66 78
 65 66 76 77
 61 67 68 78
 61 67 68 76 77
 61 65 66 68 78
 61 65 66 68 76 77
 59 68 69
 59 67 68
 59 60 67 68 78
 59 60 67 68 76 77
 59 60 65 66 68 78
 59 60 65 66 68 76 77
 58 67 68 78
 58 67 68 76 77
 58 65 66 68 78
 58 65 66 68 76 77
 58 63 68
 58 63 67 68
 58 63 65 66 68
 58 61 67 68 78
 58 61 67 68 76 77
 58 61 65 66 68 78
 58 61 65 66 68 76 77
 58 61 63 67 68
 58 61 63 65 66 68
 58 61 62 68
 58 59 60 67 68 78
 58 59 60 67 68 76 77
 58 59 60 65 66 68 78
 58 59 60 65 66 68 76 77
 58 59 60 63 67 68
 58 59 60 63 65 66 68
 58 59 60 61 62 67 68
 58 59 60 61 62 65 66 68
 57 58 68 69
 57 58 67 68
 52 78 79
 52 71
 52 69 70
 52 67 78 79
 52 67 71
 52 67 69 70
 52 67 68 78
 52 67 68 76 77
 52 65 66 78 79
 52 65 66 71
 52 65 66 69 70
 52 65 66 68 78
 52 65 66 68 76 77
 52 64 69
 52 64 67 68
 52 60 69 78
 52 60 69 76 77
 52 60 67 68 78
 52 60 67 68 76 77
 52 60 66 69 78
 52 60 66 69 76 77
 52 60 66 67 68 78
 52 60 66 67 68 76 77
 52 58
 52 58 78
 52 58 76 77
 52 58 69
 52 58 69 78
 52 58 69 76 77
 52 58 67 78
 52 58 67 76 77
 52 58 67 69
 52 58 67 69 78
 52 58 67 69 76 77
 52 58 65 66 78
 52 58 65 66 76 77
 52 58 65 66 69
 52 58 65 66 69 78
 52 58 65 66 69 76 77
 52 58 65 66 67 68
 52 58 65 66 67 68 78
 52 58 65 66 67 68 76 77
 52 58 64
 52 58 64 69
 52 58 64 67
 52 58 64 67 69
 52 58 64 65 68 69
 52 58 64 65 67 68
 52 58 64 65 66
 52 58 64 65 66 69
 52 58 64 65 66 67 68
 52 58 63 64 68 69
 52 58 63 64 67 68
 52 57 58
 52 57 58 67
 52 57 58 65 66
 52 56 64 68 69
 52 56 64 67 69
 52 56 64 67 68
 52 56 64 67 68 69
 52 56 64 65 66 69
 52 56 64 65 66 68 69
 52 56 58
 52 53
 52 53 67
 52 53 65 66
 51 67
 51 65 66
 51 61 67 68
 51 61 65 66 68
 51 59 60 67 68
 51 59 60 65 66 68
 51 58 67 68
 51 58 65 66 68
 51 58 61 67 68
 51 58 61 65 66 68
 51 58 59 60 67 68
 51 58 59 60 65 66 68
 51 52 67 68
 51 52 65 66 68
 51 52 60 69
 51 52 60 67 68
 51 52 60 66 69
 51 52 60 66 67 68
 51 52 58
 51 52 58 69
 51 52 58 67
 51 52 58 67 69
 51 52 58 65 66
 51 52 58 65 66 69
 51 52 58 65 66 67 68
 50 52
 50 52 67
 50 52 65 66
 50 51
 50 51 78 79
 50 51 71
 50 51 69 70
 50 51 67
 50 51 67 78 79
 50 51 67 71
 50 51 67 69 70
 50 51 67 68
 50 51 67 68 78
 50 51 67 68 76 77
 50 51 65 66
 50 51 65 66 78 79
 50 51 65 66 71
 50 51 65 66 69 70
 50 51 65 66 68
 50 51 65 66 68 78
 50 51 65 66 68 76 77
 50 51 64 69
 50 51 64 67 68
 50 51 60 69
 50 51 60 69 78
 50 51 60 69 76 77
 50 51 60 67 68
 50 51 60 67 68 78
 50 51 60 67 68 76 77
 50 51 60 66 69
 50 51 60 66 69 78
 50 51 60 66 69 76 77
 50 51 60 66 67 68
 50 51 60 66 67 68 78
 50 51 60 66 67 68 76 77
 50 51 58 78
 50 51 58 76 77
 50 51 58 69 78
 50 51 58 69 76 77
 50 51 58 67
 50 51 58 67 78
 50 51 58 67 76 77
 50 51 58 67 69 78
 50 51 58 67 69 76 77
 50 51 58 65 66
 50 51 58 65 66 78
 50 51 58 65 66 76 77
 50 51 58 65 66 69 78
 50 51 58 65 66 69 76 77
 50 51 58 65 66 67 68 78
 50 51 58 65 66 67 68 76 77
 50 51 58 64
 50 51 58 64 69
 50 51 58 64 67
 50 51 58 64 67 69
 50 51 58 64 65 68 69
 50 51 58 64 65 67 68
 50 51 58 64 65 66
 50 51 58 64 65 66 69
 50 51 58 64 65 66 67 68
 50 51 58 63 64 68 69
 50 51 58 63 64 67 68
 50 51 57 58
 50 51 57 58 67
 50 51 57 58 65 66
 50 51 56 64 68 69
 50 51 56 64 67 69
 50 51 56 64 67 68
 50 51 56 64 67 68 69
 50 51 56 64 65 66 69
 50 51 56 64 65 66 68 69
 50 51 56 58
 50 51 53
 50 51 53 67
 50 51 53 65 66
 48 55 62 68 72
 48 55 62 68 70 71
 48 55 59 64 68
 48 55 57 58 64 68
 48 49 52
 48 49 52 67
 48 49 52 65 66
 48 49 50 51
 48 49 50 51 67
 48 49 50 51 65 66
 46 47 55 62 68 72
 46 47 55 62 68 70 71
 46 47 55 59 64 68
 46 47 55 57 58 64 68
 45 48 55 62 68
 45 46 47 55 62 68
 44 52
 44 52 67
 44 52 65 66
 44 50 51
 44 50 51 67
 44 50 51 65 66
 42 59 68
 42 57 58 68
 42 52 64
 42 52 60 78
 42 52 60 76 77
 42 52 60 66 78
 42 52 60 66 76 77
 42 52 58
 42 52 58 78
 42 52 58 76 77
 42 52 58 67
 42 52 58 67 78
 42 52 58 67 76 77
 42 52 58 65 66
 42 52 58 65 66 78
 42 52 58 65 66 76 77
 42 52 58 64
 42 52 58 64 67
 42 52 58 64 65 68
 42 52 58 64 65 66
 42 52 58 63 64 68
 42 52 56 64 68
 42 52 56 64 67
 42 52 56 64 67 68
 42 52 56 64 65 66
 42 52 56 64 65 66 68
 42 51 52 60
 42 51 52 60 66
 42 51 52 58
 42 51 52 58 67
 42 51 52 58 65 66
 42 50 51 64
 42 50 51 60
 42 50 51 60 78
 42 50 51 60 76 77
 42 50 51 60 66
 42 50 51 60 66 78
 42 50 51 60 66 76 77
 42 50 51 58 78
 42 50 51 58 76 77
 42 50 51 58 67 78
 42 50 51 58 67 76 77
 42 50 51 58 65 66 78
 42 50 51 58 65 66 76 77
 42 50 51 58 64
 42 50 51 58 64 67
 42 50 51 58 64 65 68
 42 50 51 58 64 65 66
 42 50 51 58 63 64 68
 42 50 51 56 64 68
 42 50 51 56 64 67
 42 50 51 56 64 67 68
 42 50 51 56 64 65 66
 42 50 51 56 64 65 66 68
 41 52
 41 52 67
 41 52 65 66
 41 50 51
 41 50 51 67
 41 50 51 65 66
 40 78
 40 76 77
 40 61 68 78
 40 61 68 76 77
 40 59 60 68 78
 40 59 60 68 76 77
 40 58 68 78
 40 58 68 76 77
 40 58 63 68
 40 58 61 68 78
 40 58 61 68 76 77
 40 58 61 63 68
 40 58 59 60 68 78
 40 58 59 60 68 76 77
 40 58 59 60 63 68
 40 58 59 60 61 62 68
 40 52 78 79
 40 52 71
 40 52 69 70
 40 52 68 78
 40 52 68 76 77
 40 52 58 78
 40 52 58 76 77
 40 52 58 69
 40 52 58 69 78
 40 52 58 69 76 77
 40 52 58 67 68
 40 52 58 67 68 78
 40 52 58 67 68 76 77
 40 52 58 64
 40 52 58 64 69
 40 52 58 64 67 68
 40 52 57 58
 40 52 56 64 69
 40 52 56 64 68 69
 40 52 53
 40 51
 40 51 61 68
 40 51 59 60 68
 40 51 58 68
 40 51 58 61 68
 40 51 58 59 60 68
 40 51 52 68
 40 51 52 58
 40 51 52 58 69
 40 51 52 58 67 68
 40 50 52
 40 50 51
 40 50 51 78 79
 40 50 51 71
 40 50 51 69 70
 40 50 51 68
 40 50 51 68 78
 40 50 51 68 76 77
 40 50 51 58
 40 50 51 58 78
 40 50 51 58 76 77
 40 50 51 58 69 78
 40 50 51 58 69 76 77
 40 50 51 58 67 68 78
 40 50 51 58 67 68 76 77
 40 50 51 58 64
 40 50 51 58 64 69
 40 50 51 58 64 67 68
 40 50 51 57 58
 40 50 51 56 64 69
 40 50 51 56 64 68 69
 40 50 51 53
 40 48 49 52
 40 48 49 50 51
 40 44 52
 40 44 50 51
 40 42 52 58
 40 42 52 58 78
 40 42 52 58 76 77
 40 42 52 58 64
 40 42 52 56 64
 40 42 52 56 64 68
 40 42 51 52 58
 40 42 50 51 58 78
 40 42 50 51 58 76 77
 40 42 50 51 58 64
 40 42 50 51 56 64
 40 42 50 51 56 64 68
 40 41 52
 40 41 50 51
 39 48 62 68 72
 39 48 62 68 70 71
 39 48 59 64 68
 39 48 58 63 64 68 72 74
 39 48 58 63 64 68 72 73
 39 48 58 63 64 68 70 71 74
 39 48 58 63 64 68 70 71 72 73
 39 48 58 61 62 64 68 72 74
 39 48 58 61 62 64 68 72 73
 39 48 58 61 62 64 68 70 71 74
 39 48 58 61 62 64 68 70 71 72 73
 39 48 57 58 64 68
 39 47 48 58 63 64 68 72
 39 47 48 58 63 64 68 70 71
 39 47 48 58 61 62 64 68 72
 39 47 48 58 61 62 64 68 70 71
 39 46 47 62 68 72
 39 46 47 62 68 70 71
 39 46 47 59 64 68
 39 46 47 58 63 64 68 72
 39 46 47 58 63 64 68 72 74
 39 46 47 58 63 64 68 72 73
 39 46 47 58 63 64 68 70 71
 39 46 47 58 63 64 68 70 71 74
 39 46 47 58 63 64 68 70 71 72 73
 39 46 47 58 61 62 64 68 72
 39 46 47 58 61 62 64 68 72 74
 39 46 47 58 61 62 64 68 72 73
 39 46 47 58 61 62 64 68 70 71
 39 46 47 58 61 62 64 68 70 71 74
 39 46 47 58 61 62 64 68 70 71 72 73
 39 46 47 57 58 64 68
 39 45 48 62 68
 39 45 48 58 63 64 68 74
 39 45 48 58 63 64 68 72 73
 39 45 48 58 61 62 64 68 74
 39 45 48 58 61 62 64 68 72 73
 39 45 47 48 58 63 64 68
 39 45 47 48 58 61 62 64 68
 39 45 46 47 62 68
 39 45 46 47 58 63 64 68
 39 45 46 47 58 63 64 68 74
 39 45 46 47 58 63 64 68 72 73
 39 45 46 47 58 61 62 64 68
 39 45 46 47 58 61 62 64 68 74
 39 45 46 47 58 61 62 64 68 72 73
 39 40 52 67
 39 40 52 65 66
 39 40 50 51 67
 39 40 50 51 65 66
 38 52 58 64 68 69
 38 52 58 64 67 68
 38 50 51 58 64 68 69
 38 50 51 58 64 67 68
 38 42 52 58 64 68
 38 42 50 51 58 64 68
 37 38 48 62 68 72
 37 38 48 62 68 70 71
 37 38 48 59 64 68
 37 38 48 58 63 64 68 72 74
 37 38 48 58 63 64 68 72 73
 37 38 48 58 63 64 68 70 71 74
 37 38 48 58 63 64 68 70 71 72 73
 37 38 48 58 61 62 64 68 72 74
 37 38 48 58 61 62 64 68 72 73
 37 38 48 58 61 62 64 68 70 71 74
 37 38 48 58 61 62 64 68 70 71 72 73
 37 38 48 57 58 64 68
 37 38 47 48 58 63 64 68 72
 37 38 47 48 58 63 64 68 70 71
 37 38 47 48 58 61 62 64 68 72
 37 38 47 48 58 61 62 64 68 70 71
 37 38 46 47 62 68 72
 37 38 46 47 62 68 70 71
 37 38 46 47 59 64 68
 37 38 46 47 58 63 64 68 72
 37 38 46 47 58 63 64 68 72 74
 37 38 46 47 58 63 64 68 72 73
 37 38 46 47 58 63 64 68 70 71
 37 38 46 47 58 63 64 68 70 71 74
 37 38 46 47 58 63 64 68 70 71 72 73
 37 38 46 47 58 61 62 64 68 72
 37 38 46 47 58 61 62 64 68 72 74
 37 38 46 47 58 61 62 64 68 72 73
 37 38 46 47 58 61 62 64 68 70 71
 37 38 46 47 58 61 62 64 68 70 71 74
 37 38 46 47 58 61 62 64 68 70 71 72 73
 37 38 46 47 57 58 64 68
 37 38 45 48 62 68
 37 38 45 48 58 63 64 68 74
 37 38 45 48 58 63 64 68 72 73
 37 38 45 48 58 61 62 64 68 74
 37 38 45 48 58 61 62 64 68 72 73
 37 38 45 47 48 58 63 64 68
 37 38 45 47 48 58 61 62 64 68
 37 38 45 46 47 62 68
 37 38 45 46 47 58 63 64 68
 37 38 45 46 47 58 63 64 68 74
 37 38 45 46 47 58 63 64 68 72 73
 37 38 45 46 47 58 61 62 64 68
 37 38 45 46 47 58 61 62 64 68 74
 37 38 45 46 47 58 61 62 64 68 72 73
 36 58 68
 36 58 67 68
 36 58 65 66 68
 36 58 61 67 68
 36 58 61 65 66 68
 36 58 59 60 67 68
 36 58 59 60 65 66 68
 36 40 58 68
 36 40 58 61 68
 36 40 58 59 60 68
 36 39 48 58 64 68 72 74
 36 39 48 58 64 68 72 73
 36 39 48 58 64 68 70 71 74
 36 39 48 58 64 68 70 71 72 73
 36 39 47 48 58 64 68 72
 36 39 47 48 58 64 68 70 71
 36 39 46 47 58 64 68 72
 36 39 46 47 58 64 68 72 74
 36 39 46 47 58 64 68 72 73
 36 39 46 47 58 64 68 70 71
 36 39 46 47 58 64 68 70 71 74
 36 39 46 47 58 64 68 70 71 72 73
 36 39 45 48 58 64 68 74
 36 39 45 48 58 64 68 72 73
 36 39 45 47 48 58 64 68
 36 39 45 46 47 58 64 68
 36 39 45 46 47 58 64 68 74
 36 39 45 46 47 58 64 68 72 73
 36 37 38 48 58 64 68 72 74
 36 37 38 48 58 64 68 72 73
 36 37 38 48 58 64 68 70 71 74
 36 37 38 48 58 64 68 70 71 72 73
 36 37 38 47 48 58 64 68 72
 36 37 38 47 48 58 64 68 70 71
 36 37 38 46 47 58 64 68 72
 36 37 38 46 47 58 64 68 72 74
 36 37 38 46 47 58 64 68 72 73
 36 37 38 46 47 58 64 68 70 71
 36 37 38 46 47 58 64 68 70 71 74
 36 37 38 46 47 58 64 68 70 71 72 73
 36 37 38 45 48 58 64 68 74
 36 37 38 45 48 58 64 68 72 73
 36 37 38 45 47 48 58 64 68
 36 37 38 45 46 47 58 64 68
 36 37 38 45 46 47 58 64 68 74
 36 37 38 45 46 47 58 64 68 72 73
 34 58 67 68 78
 34 58 67 68 76 77
 34 58 65 66 68 78
 34 58 65 66 68 76 77
 34 58 63 67 68
 34 58 63 65 66 68
 34 58 61 62 67 68
 34 58 61 62 65 66 68
 34 51 58 67 68
 34 51 58 65 66 68
 34 40 58 68 78
 34 40 58 68 76 77
 34 40 58 63 68
 34 40 58 61 62 68
 34 40 51 58 68
 34 36 58 67 68
 34 36 58 65 66 68
 34 36 40 58 68
 32 68 69
 32 67 78
 32 67 76 77
 32 67 68
 32 67 68 78
 32 67 68 76 77
 32 65 66 78
 32 65 66 76 77
 32 65 66 68 78
 32 65 66 68 76 77
 32 52
 32 52 67
 32 52 65 66
 32 51 67
 32 51 67 68
 32 51 65 66
 32 51 65 66 68
 32 50 51
 32 50 51 67
 32 50 51 65 66
 32 48 55 64 68
 32 46 47 55 64 68
 32 42 68
 32 40 78
 32 40 76 77
 32 40 68 78
 32 40 68 76 77
 32 40 52
 32 40 51
 32 40 51 68
 32 40 50 51
 32 39 48 64 68
 32 39 46 47 64 68
 32 37 38 48 64 68
 32 37 38 46 47 64 68
 30 67 68 78
 30 67 68 76 77
 30 65 66 68 78
 30 65 66 68 76 77
 30 52 71
 30 52 69
 30 52 68 69
 30 52 67 71
 30 52 67 68
 30 52 67 68 69
 30 52 65 66 71
 30 52 65 66 68 69
 30 52 65 66 67 68 70
 30 52 65 66 67 68 69
 30 52 62
 30 52 62 67
 30 52 62 65 66
 30 52 60
 30 52 60 67
 30 52 60 65 66
 30 52 58 69
 30 52 58 67 69
 30 52 58 65 66 69
 30 52 58 65 66 67 68
 30 52 58 64 65 68 69
 30 52 58 64 65 67 68
 30 52 58 63 64 68 69
 30 52 58 63 64 67 68
 30 52 58 59
 30 52 58 59 67
 30 52 58 59 65 66
 30 52 57
 30 52 57 67
 30 52 57 65 66
 30 52 56
 30 52 56 69
 30 52 56 69 78
 30 52 56 69 76 77
 30 52 56 67
 30 52 56 67 69 78
 30 52 56 67 69 76 77
 30 52 56 67 68
 30 52 56 65 66
 30 52 56 65 66 69 78
 30 52 56 65 66 69 76 77
 30 52 56 65 66 67 68 78
 30 52 56 65 66 67 68 76 77
 30 52 56 64 68 69
 30 52 56 64 67 68 69
 30 52 56 64 65 66 68 69
 30 52 56 64 65 66 67 68
 30 52 54 55
 30 52 54 55 67
 30 52 54 55 65 66
 30 52 53
 30 52 53 67
 30 52 53 65 66
 30 51 67 68
 30 51 65 66 68
 30 51 52 61
 30 51 52 61 67
 30 51 52 61 65 66
 30 51 52 59 60
 30 51 52 59 60 67
 30 51 52 59 60 65 66
 30 51 52 56 69
 30 51 52 56 67 69
 30 51 52 56 65 66 69
 30 51 52 56 65 66 67 68
 30 50 51
 30 50 51 71
 30 50 51 69
 30 50 51 68 69
 30 50 51 67
 30 50 51 67 71
 30 50 51 67 68
 30 50 51 67 68 69
 30 50 51 65 66
 30 50 51 65 66 71
 30 50 51 65 66 68 69
 30 50 51 65 66 67 68 70
 30 50 51 65 66 67 68 69
 30 50 51 62
 30 50 51 62 67
 30 50 51 62 65 66
 30 50 51 61
 30 50 51 61 67
 30 50 51 61 65 66
 30 50 51 60
 30 50 51 60 67
 30 50 51 60 65 66
 30 50 51 59 60
 30 50 51 59 60 67
 30 50 51 59 60 65 66
 30 50 51 58 69
 30 50 51 58 67 69
 30 50 51 58 65 66 69
 30 50 51 58 65 66 67 68
 30 50 51 58 64 65 68 69
 30 50 51 58 64 65 67 68
 30 50 51 58 63 64 68 69
 30 50 51 58 63 64 67 68
 30 50 51 58 59
 30 50 51 58 59 67
 30 50 51 58 59 65 66
 30 50 51 57
 30 50 51 57 67
 30 50 51 57 65 66
 30 50 51 56
 30 50 51 56 69 78
 30 50 51 56 69 76 77
 30 50 51 56 67
 30 50 51 56 67 69
 30 50 51 56 67 69 78
 30 50 51 56 67 69 76 77
 30 50 51 56 67 68
 30 50 51 56 65 66
 30 50 51 56 65 66 69
 30 50 51 56 65 66 69 78
 30 50 51 56 65 66 69 76 77
 30 50 51 56 65 66 67 68
 30 50 51 56 65 66 67 68 78
 30 50 51 56 65 66 67 68 76 77
 30 50 51 56 64 68 69
 30 50 51 56 64 67 68 69
 30 50 51 56 64 65 66 68 69
 30 50 51 56 64 65 66 67 68
 30 50 51 54 55
 30 50 51 54 55 67
 30 50 51 54 55 65 66
 30 50 51 53
 30 50 51 53 67
 30 50 51 53 65 66
 30 50 51 52
 30 50 51 52 67
 30 50 51 52 65 66
 30 49 50 52
 30 49 50 52 67
 30 49 50 52 65 66
 30 49 50 52 61
 30 49 50 52 61 67
 30 49 50 52 61 65 66
 30 49 50 52 59 60
 30 49 50 52 59 60 67
 30 49 50 52 59 60 65 66
 30 49 50 51
 30 49 50 51 67
 30 49 50 51 65 66
 30 49 50 51 61
 30 49 50 51 61 67
 30 49 50 51 61 65 66
 30 49 50 51 59 60
 30 49 50 51 59 60 67
 30 49 50 51 59 60 65 66
 30 44 52
 30 44 52 67
 30 44 52 65 66
 30 44 50 51
 30 44 50 51 67
 30 44 50 51 65 66
 30 43 52 69
 30 43 52 67 69
 30 43 52 65 66 69
 30 43 52 65 66 67 68
 30 43 50 51 69
 30 43 50 51 67 69
 30 43 50 51 65 66 69
 30 43 50 51 65 66 67 68
 30 42 52
 30 42 52 70
 30 42 52 68 69
 30 42 52 67 70
 30 42 52 67 68 69
 30 42 52 65 66 70
 30 42 52 65 66 68 69
 30 42 52 58
 30 42 52 58 67
 30 42 52 58 65 66
 30 42 52 58 64 65 68
 30 42 52 58 63 64 68
 30 42 52 56
 30 42 52 56 78
 30 42 52 56 76 77
 30 42 52 56 67 78
 30 42 52 56 67 76 77
 30 42 52 56 65 66 78
 30 42 52 56 65 66 76 77
 30 42 52 56 64 68
 30 42 52 56 64 67 68
 30 42 52 56 64 65 66 68
 30 42 51 52 56
 30 42 51 52 56 67
 30 42 51 52 56 65 66
 30 42 50 51
 30 42 50 51 70
 30 42 50 51 68 69
 30 42 50 51 67 70
 30 42 50 51 67 68 69
 30 42 50 51 65 66 70
 30 42 50 51 65 66 68 69
 30 42 50 51 58
 30 42 50 51 58 67
 30 42 50 51 58 65 66
 30 42 50 51 58 64 65 68
 30 42 50 51 58 63 64 68
 30 42 50 51 56 78
 30 42 50 51 56 76 77
 30 42 50 51 56 67
 30 42 50 51 56 67 78
 30 42 50 51 56 67 76 77
 30 42 50 51 56 65 66
 30 42 50 51 56 65 66 78
 30 42 50 51 56 65 66 76 77
 30 42 50 51 56 64 68
 30 42 50 51 56 64 67 68
 30 42 50 51 56 64 65 66 68
 30 42 43 52
 30 42 43 52 67
 30 42 43 52 65 66
 30 42 43 50 51
 30 42 43 50 51 67
 30 42 43 50 51 65 66
 30 40 68 78
 30 40 68 76 77
 30 40 52 71
 30 40 52 68 69
 30 40 52 67 68 70
 30 40 52 67 68 69
 30 40 52 62
 30 40 52 60
 30 40 52 58 69
 30 40 52 58 67 68
 30 40 52 58 59
 30 40 52 57
 30 40 52 56
 30 40 52 56 69 78
 30 40 52 56 69 76 77
 30 40 52 56 67 68 78
 30 40 52 56 67 68 76 77
 30 40 52 56 64 68 69
 30 40 52 56 64 67 68
 30 40 52 54 55
 30 40 52 53
 30 40 51 68
 30 40 51 52 61
 30 40 51 52 59 60
 30 40 51 52 56 69
 30 40 51 52 56 67 68
 30 40 50 51
 30 40 50 51 71
 30 40 50 51 68 69
 30 40 50 51 67 68 70
 30 40 50 51 67 68 69
 30 40 50 51 62
 30 40 50 51 61
 30 40 50 51 60
 30 40 50 51 59 60
 30 40 50 51 58 69
 30 40 50 51 58 67 68
 30 40 50 51 58 59
 30 40 50 51 57
 30 40 50 51 56
 30 40 50 51 56 69
 30 40 50 51 56 69 78
 30 40 50 51 56 69 76 77
 30 40 50 51 56 67 68
 30 40 50 51 56 67 68 78
 30 40 50 51 56 67 68 76 77
 30 40 50 51 56 64 68 69
 30 40 50 51 56 64 67 68
 30 40 50 51 54 55
 30 40 50 51 53
 30 40 50 51 52
 30 40 49 50 52
 30 40 49 50 52 61
 30 40 49 50 52 59 60
 30 40 49 50 51
 30 40 49 50 51 61
 30 40 49 50 51 59 60
 30 40 44 52
 30 40 44 50 51
 30 40 43 52 69
 30 40 43 52 67 68
 30 40 43 50 51 69
 30 40 43 50 51 67 68
 30 40 42 52 70
 30 40 42 52 68 69
 30 40 42 52 58
 30 40 42 52 56 78
 30 40 42 52 56 76 77
 30 40 42 52 56 64 68
 30 40 42 51 52 56
 30 40 42 50 51 70
 30 40 42 50 51 68 69
 30 40 42 50 51 58
 30 40 42 50 51 56
 30 40 42 50 51 56 78
 30 40 42 50 51 56 76 77
 30 40 42 50 51 56 64 68
 30 40 42 43 52
 30 40 42 43 50 51
 30 38 52
 30 38 52 67
 30 38 52 65 66
 30 38 52 58 64 68 69
 30 38 52 58 64 67 68
 30 38 50 51
 30 38 50 51 67
 30 38 50 51 65 66
 30 38 50 51 58 64 68 69
 30 38 50 51 58 64 67 68
 30 38 42 52 58 64 68
 30 38 42 50 51 58 64 68
 30 38 40 52
 30 38 40 50 51
 30 36 37 52
 30 36 37 52 67
 30 36 37 52 65 66
 30 36 37 50 51
 30 36 37 50 51 67
 30 36 37 50 51 65 66
 30 36 37 40 52
 30 36 37 40 50 51
 30 34 51 52
 30 34 51 52 67
 30 34 51 52 65 66
 30 34 50 51
 30 34 50 51 67
 30 34 50 51 65 66
 30 34 49 50 52
 30 34 49 50 52 67
 30 34 49 50 52 65 66
 30 34 49 50 51
 30 34 49 50 51 67
 30 34 49 50 51 65 66
 30 34 40 51 52
 30 34 40 50 51
 30 34 40 49 50 52
 30 34 40 49 50 51
 30 33 52
 30 33 52 67
 30 33 52 65 66
 30 33 50 51
 30 33 50 51 67
 30 33 50 51 65 66
 30 33 40 52
 30 33 40 50 51
 30 31 52
 30 31 52 67
 30 31 52 65 66
 30 31 50 51
 30 31 50 51 67
 30 31 50 51 65 66
 30 31 40 52
 30 31 40 50 51
 29 30 52
 29 30 52 67
 29 30 52 65 66
 29 30 50 51
 29 30 50 51 67
 29 30 50 51 65 66
 29 30 40 52
 29 30 40 50 51
 26 59 69
 26 59 67 68
 26 58 67 78
 26 58 67 76 77
 26 58 65 66 78
 26 58 65 66 76 77
 26 58 63
 26 58 63 67
 26 58 63 65 66
 26 58 61 67 78
 26 58 61 67 76 77
 26 58 61 65 66 78
 26 58 61 65 66 76 77
 26 58 61 63 67
 26 58 61 63 65 66
 26 58 61 62
 26 58 59 60 67 78
 26 58 59 60 67 76 77
 26 58 59 60 65 66 78
 26 58 59 60 65 66 76 77
 26 58 59 60 63 67
 26 58 59 60 63 65 66
 26 58 59 60 61 62 67
 26 58 59 60 61 62 65 66
 26 57 58 69
 26 57 58 67 68
 26 51 58 67
 26 51 58 65 66
 26 51 58 61 67
 26 51 58 61 65 66
 26 51 58 59 60 67
 26 51 58 59 60 65 66
 26 48 55 62 72
 26 48 55 62 70 71
 26 48 55 59 64
 26 48 55 57 58 64
 26 46 47 55 62 72
 26 46 47 55 62 70 71
 26 46 47 55 59 64
 26 46 47 55 57 58 64
 26 45 48 55 62
 26 45 46 47 55 62
 26 42 59
 26 42 57 58
 26 40 58 78
 26 40 58 76 77
 26 40 58 63
 26 40 58 61 78
 26 40 58 61 76 77
 26 40 58 61 63
 26 40 58 59 60 78
 26 40 58 59 60 76 77
 26 40 58 59 60 63
 26 40 58 59 60 61 62
 26 40 51 58
 26 40 51 58 61
 26 40 51 58 59 60
 26 39 48 62 72
 26 39 48 62 70 71
 26 39 48 59 64
 26 39 48 58 63 64 72 74
 26 39 48 58 63 64 72 73
 26 39 48 58 63 64 70 71 74
 26 39 48 58 63 64 70 71 72 73
 26 39 48 58 61 62 64 72 74
 26 39 48 58 61 62 64 72 73
 26 39 48 58 61 62 64 70 71 74
 26 39 48 58 61 62 64 70 71 72 73
 26 39 48 57 58 64
 26 39 47 48 58 63 64 72
 26 39 47 48 58 63 64 70 71
 26 39 47 48 58 61 62 64 72
 26 39 47 48 58 61 62 64 70 71
 26 39 46 47 62 72
 26 39 46 47 62 70 71
 26 39 46 47 59 64
 26 39 46 47 58 63 64 72
 26 39 46 47 58 63 64 72 74
 26 39 46 47 58 63 64 72 73
 26 39 46 47 58 63 64 70 71
 26 39 46 47 58 63 64 70 71 74
 26 39 46 47 58 63 64 70 71 72 73
 26 39 46 47 58 61 62 64 72
 26 39 46 47 58 61 62 64 72 74
 26 39 46 47 58 61 62 64 72 73
 26 39 46 47 58 61 62 64 70 71
 26 39 46 47 58 61 62 64 70 71 74
 26 39 46 47 58 61 62 64 70 71 72 73
 26 39 46 47 57 58 64
 26 39 45 48 62
 26 39 45 48 58 63 64 74
 26 39 45 48 58 63 64 72 73
 26 39 45 48 58 61 62 64 74
 26 39 45 48 58 61 62 64 72 73
 26 39 45 47 48 58 63 64
 26 39 45 47 48 58 61 62 64
 26 39 45 46 47 62
 26 39 45 46 47 58 63 64
 26 39 45 46 47 58 63 64 74
 26 39 45 46 47 58 63 64 72 73
 26 39 45 46 47 58 61 62 64
 26 39 45 46 47 58 61 62 64 74
 26 39 45 46 47 58 61 62 64 72 73
 26 37 38 48 62 72
 26 37 38 48 62 70 71
 26 37 38 48 59 64
 26 37 38 48 58 63 64 72 74
 26 37 38 48 58 63 64 72 73
 26 37 38 48 58 63 64 70 71 74
 26 37 38 48 58 63 64 70 71 72 73
 26 37 38 48 58 61 62 64 72 74
 26 37 38 48 58 61 62 64 72 73
 26 37 38 48 58 61 62 64 70 71 74
 26 37 38 48 58 61 62 64 70 71 72 73
 26 37 38 48 57 58 64
 26 37 38 47 48 58 63 64 72
 26 37 38 47 48 58 63 64 70 71
 26 37 38 47 48 58 61 62 64 72
 26 37 38 47 48 58 61 62 64 70 71
 26 37 38 46 47 62 72
 26 37 38 46 47 62 70 71
 26 37 38 46 47 59 64
 26 37 38 46 47 58 63 64 72
 26 37 38 46 47 58 63 64 72 74
 26 37 38 46 47 58 63 64 72 73
 26 37 38 46 47 58 63 64 70 71
 26 37 38 46 47 58 63 64 70 71 74
 26 37 38 46 47 58 63 64 70 71 72 73
 26 37 38 46 47 58 61 62 64 72
 26 37 38 46 47 58 61 62 64 72 74
 26 37 38 46 47 58 61 62 64 72 73
 26 37 38 46 47 58 61 62 64 70 71
 26 37 38 46 47 58 61 62 64 70 71 74
 26 37 38 46 47 58 61 62 64 70 71 72 73
 26 37 38 46 47 57 58 64
 26 37 38 45 48 62
 26 37 38 45 48 58 63 64 74
 26 37 38 45 48 58 63 64 72 73
 26 37 38 45 48 58 61 62 64 74
 26 37 38 45 48 58 61 62 64 72 73
 26 37 38 45 47 48 58 63 64
 26 37 38 45 47 48 58 61 62 64
 26 37 38 45 46 47 62
 26 37 38 45 46 47 58 63 64
 26 37 38 45 46 47 58 63 64 74
 26 37 38 45 46 47 58 63 64 72 73
 26 37 38 45 46 47 58 61 62 64
 26 37 38 45 46 47 58 61 62 64 74
 26 37 38 45 46 47 58 61 62 64 72 73
 26 36 58
 26 36 58 67
 26 36 58 65 66
 26 36 58 61 67
 26 36 58 61 65 66
 26 36 58 59 60 67
 26 36 58 59 60 65 66
 26 36 40 58
 26 36 40 58 61
 26 36 40 58 59 60
 26 36 39 48 58 64 72 74
 26 36 39 48 58 64 72 73
 26 36 39 48 58 64 70 71 74
 26 36 39 48 58 64 70 71 72 73
 26 36 39 47 48 58 64 72
 26 36 39 47 48 58 64 70 71
 26 36 39 46 47 58 64 72
 26 36 39 46 47 58 64 72 74
 26 36 39 46 47 58 64 72 73
 26 36 39 46 47 58 64 70 71
 26 36 39 46 47 58 64 70 71 74
 26 36 39 46 47 58 64 70 71 72 73
 26 36 39 45 48 58 64 74
 26 36 39 45 48 58 64 72 73
 26 36 39 45 47 48 58 64
 26 36 39 45 46 47 58 64
 26 36 39 45 46 47 58 64 74
 26 36 39 45 46 47 58 64 72 73
 26 36 37 38 48 58 64 72 74
 26 36 37 38 48 58 64 72 73
 26 36 37 38 48 58 64 70 71 74
 26 36 37 38 48 58 64 70 71 72 73
 26 36 37 38 47 48 58 64 72
 26 36 37 38 47 48 58 64 70 71
 26 36 37 38 46 47 58 64 72
 26 36 37 38 46 47 58 64 72 74
 26 36 37 38 46 47 58 64 72 73
 26 36 37 38 46 47 58 64 70 71
 26 36 37 38 46 47 58 64 70 71 74
 26 36 37 38 46 47 58 64 70 71 72 73
 26 36 37 38 45 48 58 64 74
 26 36 37 38 45 48 58 64 72 73
 26 36 37 38 45 47 48 58 64
 26 36 37 38 45 46 47 58 64
 26 36 37 38 45 46 47 58 64 74
 26 36 37 38 45 46 47 58 64 72 73
 26 34 58 67 78
 26 34 58 67 76 77
 26 34 58 65 66 78
 26 34 58 65 66 76 77
 26 34 58 63 67
 26 34 58 63 65 66
 26 34 58 61 62 67
 26 34 58 61 62 65 66
 26 34 51 58 67
 26 34 51 58 65 66
 26 34 40 58 78
 26 34 40 58 76 77
 26 34 40 58 63
 26 34 40 58 61 62
 26 34 40 51 58
 26 34 36 58 67
 26 34 36 58 65 66
 26 34 36 40 58
 26 32 69
 26 32 67 68
 26 32 48 55 64
 26 32 46 47 55 64
 26 32 42
 26 32 39 48 64
 26 32 39 46 47 64
 26 32 37 38 48 64
 26 32 37 38 46 47 64
 26 30 52
 26 30 52 67
 26 30 52 65 66
 26 30 50 51
 26 30 50 51 67
 26 30 50 51 65 66
 26 30 40 52
 26 30 40 50 51
 25 78 79
 25 71
 25 69 70
 25 67 78 79
 25 67 71
 25 67 69 70
 25 67 68 78
 25 67 68 76 77
 25 65 66 78 79
 25 65 66 71
 25 65 66 69 70
 25 65 66 68 78
 25 65 66 68 76 77
 25 64 69
 25 64 67 68
 25 60 69 78
 25 60 69 76 77
 25 60 67 68 78
 25 60 67 68 76 77
 25 60 66 69 78
 25 60 66 69 76 77
 25 60 66 67 68 78
 25 60 66 67 68 76 77
 25 58
 25 58 78
 25 58 76 77
 25 58 69
 25 58 69 78
 25 58 69 76 77
 25 58 67 78
 25 58 67 76 77
 25 58 67 69
 25 58 67 69 78
 25 58 67 69 76 77
 25 58 67 68 78
 25 58 67 68 76 77
 25 58 65 66 78
 25 58 65 66 76 77
 25 58 65 66 69
 25 58 65 66 69 78
 25 58 65 66 69 76 77
 25 58 65 66 68 78
 25 58 65 66 68 76 77
 25 58 65 66 67 68
 25 58 65 66 67 68 78
 25 58 65 66 67 68 76 77
 25 58 64
 25 58 64 69
 25 58 64 67
 25 58 64 67 69
 25 58 64 65 68 69
 25 58 64 65 67 68
 25 58 64 65 66
 25 58 64 65 66 69
 25 58 64 65 66 67 68
 25 58 63 67 68
 25 58 63 65 66 68
 25 58 63 64 68 69
 25 58 63 64 67 68
 25 58 61 67 68 78
 25 58 61 67 68 76 77
 25 58 61 65 66 68 78
 25 58 61 65 66 68 76 77
 25 58 61 63 67 68
 25 58 61 63 65 66 68
 25 58 59 60 67 68 78
 25 58 59 60 67 68 76 77
 25 58 59 60 65 66 68 78
 25 58 59 60 65 66 68 76 77
 25 58 59 60 63 67 68
 25 58 59 60 63 65 66 68
 25 58 59 60 61 62 67 68
 25 58 59 60 61 62 65 66 68
 25 57 58
 25 57 58 67
 25 57 58 65 66
 25 56 64 68 69
 25 56 64 67 69
 25 56 64 67 68
 25 56 64 67 68 69
 25 56 64 65 66 69
 25 56 64 65 66 68 69
 25 56 58
 25 53
 25 53 67
 25 53 65 66
 25 51 67 68
 25 51 65 66 68
 25 51 60 69
 25 51 60 67 68
 25 51 60 66 69
 25 51 60 66 67 68
 25 51 58
 25 51 58 69
 25 51 58 67
 25 51 58 67 69
 25 51 58 67 68
 25 51 58 65 66
 25 51 58 65 66 69
 25 51 58 65 66 68
 25 51 58 65 66 67 68
 25 51 58 61 67 68
 25 51 58 61 65 66 68
 25 51 58 59 60 67 68
 25 51 58 59 60 65 66 68
 25 50
 25 50 67
 25 50 65 66
 25 48 49
 25 48 49 67
 25 48 49 65 66
 25 44
 25 44 67
 25 44 65 66
 25 42 64
 25 42 60 78
 25 42 60 76 77
 25 42 60 66 78
 25 42 60 66 76 77
 25 42 58
 25 42 58 78
 25 42 58 76 77
 25 42 58 67
 25 42 58 67 78
 25 42 58 67 76 77
 25 42 58 65 66
 25 42 58 65 66 78
 25 42 58 65 66 76 77
 25 42 58 64
 25 42 58 64 67
 25 42 58 64 65 68
 25 42 58 64 65 66
 25 42 58 63 64 68
 25 42 56 64 68
 25 42 56 64 67
 25 42 56 64 67 68
 25 42 56 64 65 66
 25 42 56 64 65 66 68
 25 42 51 60
 25 42 51 60 66
 25 42 51 58
 25 42 51 58 67
 25 42 51 58 65 66
 25 41
 25 41 67
 25 41 65 66
 25 40 78 79
 25 40 71
 25 40 69 70
 25 40 68 78
 25 40 68 76 77
 25 40 58 78
 25 40 58 76 77
 25 40 58 69
 25 40 58 69 78
 25 40 58 69 76 77
 25 40 58 68 78
 25 40 58 68 76 77
 25 40 58 67 68
 25 40 58 67 68 78
 25 40 58 67 68 76 77
 25 40 58 64
 25 40 58 64 69
 25 40 58 64 67 68
 25 40 58 63 68
 25 40 58 61 68 78
 25 40 58 61 68 76 77
 25 40 58 61 63 68
 25 40 58 59 60 68 78
 25 40 58 59 60 68 76 77
 25 40 58 59 60 63 68
 25 40 58 59 60 61 62 68
 25 40 57 58
 25 40 56 64 69
 25 40 56 64 68 69
 25 40 53
 25 40 51 68
 25 40 51 58
 25 40 51 58 69
 25 40 51 58 68
 25 40 51 58 67 68
 25 40 51 58 61 68
 25 40 51 58 59 60 68
 25 40 50
 25 40 48 49
 25 40 44
 25 40 42 58
 25 40 42 58 78
 25 40 42 58 76 77
 25 40 42 58 64
 25 40 42 56 64
 25 40 42 56 64 68
 25 40 42 51 58
 25 40 41
 25 39 40 67
 25 39 40 65 66
 25 38 58 64 68 69
 25 38 58 64 67 68
 25 38 42 58 64 68
 25 36 58 67 68
 25 36 58 65 66 68
 25 36 58 61 67 68
 25 36 58 61 65 66 68
 25 36 58 59 60 67 68
 25 36 58 59 60 65 66 68
 25 36 40 58 68
 25 36 40 58 61 68
 25 36 40 58 59 60 68
 25 34 58 67 68 78
 25 34 58 67 68 76 77
 25 34 58 65 66 68 78
 25 34 58 65 66 68 76 77
 25 34 58 63 67 68
 25 34 58 63 65 66 68
 25 34 58 61 62 67 68
 25 34 58 61 62 65 66 68
 25 34 51 58 67 68
 25 34 51 58 65 66 68
 25 34 40 58 68 78
 25 34 40 58 68 76 77
 25 34 40 58 63 68
 25 34 40 58 61 62 68
 25 34 40 51 58 68
 25 34 36 58 67 68
 25 34 36 58 65 66 68
 25 34 36 40 58 68
 25 32
 25 32 67
 25 32 65 66
 25 32 40
 25 30 71
 25 30 69
 25 30 68 69
 25 30 67 71
 25 30 67 68
 25 30 67 68 69
 25 30 65 66 71
 25 30 65 66 68 69
 25 30 65 66 67 68 70
 25 30 65 66 67 68 69
 25 30 62
 25 30 62 67
 25 30 62 65 66
 25 30 60
 25 30 60 67
 25 30 60 65 66
 25 30 58 69
 25 30 58 67 69
 25 30 58 65 66 69
 25 30 58 65 66 67 68
 25 30 58 64 65 68 69
 25 30 58 64 65 67 68
 25 30 58 63 64 68 69
 25 30 58 63 64 67 68
 25 30 58 59
 25 30 58 59 67
 25 30 58 59 65 66
 25 30 57
 25 30 57 67
 25 30 57 65 66
 25 30 56
 25 30 56 69
 25 30 56 69 78
 25 30 56 69 76 77
 25 30 56 67
 25 30 56 67 69 78
 25 30 56 67 69 76 77
 25 30 56 67 68
 25 30 56 65 66
 25 30 56 65 66 69 78
 25 30 56 65 66 69 76 77
 25 30 56 65 66 67 68 78
 25 30 56 65 66 67 68 76 77
 25 30 56 64 68 69
 25 30 56 64 67 68 69
 25 30 56 64 65 66 68 69
 25 30 56 64 65 66 67 68
 25 30 54 55
 25 30 54 55 67
 25 30 54 55 65 66
 25 30 53
 25 30 53 67
 25 30 53 65 66
 25 30 51
 25 30 51 67
 25 30 51 65 66
 25 30 51 61
 25 30 51 61 67
 25 30 51 61 65 66
 25 30 51 59 60
 25 30 51 59 60 67
 25 30 51 59 60 65 66
 25 30 51 56 69
 25 30 51 56 67 69
 25 30 51 56 65 66 69
 25 30 51 56 65 66 67 68
 25 30 51 52
 25 30 51 52 67
 25 30 51 52 65 66
 25 30 49 50
 25 30 49 50 67
 25 30 49 50 65 66
 25 30 49 50 61
 25 30 49 50 61 67
 25 30 49 50 61 65 66
 25 30 49 50 59 60
 25 30 49 50 59 60 67
 25 30 49 50 59 60 65 66
 25 30 44
 25 30 44 67
 25 30 44 65 66
 25 30 43 69
 25 30 43 67 69
 25 30 43 65 66 69
 25 30 43 65 66 67 68
 25 30 42
 25 30 42 70
 25 30 42 68 69
 25 30 42 67 70
 25 30 42 67 68 69
 25 30 42 65 66 70
 25 30 42 65 66 68 69
 25 30 42 58
 25 30 42 58 67
 25 30 42 58 65 66
 25 30 42 58 64 65 68
 25 30 42 58 63 64 68
 25 30 42 56
 25 30 42 56 78
 25 30 42 56 76 77
 25 30 42 56 67 78
 25 30 42 56 67 76 77
 25 30 42 56 65 66 78
 25 30 42 56 65 66 76 77
 25 30 42 56 64 68
 25 30 42 56 64 67 68
 25 30 42 56 64 65 66 68
 25 30 42 51 56
 25 30 42 51 56 67
 25 30 42 51 56 65 66
 25 30 42 43
 25 30 42 43 67
 25 30 42 43 65 66
 25 30 40 71
 25 30 40 68 69
 25 30 40 67 68 70
 25 30 40 67 68 69
 25 30 40 62
 25 30 40 60
 25 30 40 58 69
 25 30 40 58 67 68
 25 30 40 58 59
 25 30 40 57
 25 30 40 56
 25 30 40 56 69 78
 25 30 40 56 69 76 77
 25 30 40 56 67 68 78
 25 30 40 56 67 68 76 77
 25 30 40 56 64 68 69
 25 30 40 56 64 67 68
 25 30 40 54 55
 25 30 40 53
 25 30 40 51
 25 30 40 51 61
 25 30 40 51 59 60
 25 30 40 51 56 69
 25 30 40 51 56 67 68
 25 30 40 51 52
 25 30 40 49 50
 25 30 40 49 50 61
 25 30 40 49 50 59 60
 25 30 40 44
 25 30 40 43 69
 25 30 40 43 67 68
 25 30 40 42 70
 25 30 40 42 68 69
 25 30 40 42 58
 25 30 40 42 56 78
 25 30 40 42 56 76 77
 25 30 40 42 56 64 68
 25 30 40 42 51 56
 25 30 40 42 43
 25 30 38
 25 30 38 67
 25 30 38 65 66
 25 30 38 58 64 68 69
 25 30 38 58 64 67 68
 25 30 38 42 58 64 68
 25 30 38 40
 25 30 36 37
 25 30 36 37 67
 25 30 36 37 65 66
 25 30 36 37 40
 25 30 34 51
 25 30 34 51 67
 25 30 34 51 65 66
 25 30 34 49 50
 25 30 34 49 50 67
 25 30 34 49 50 65 66
 25 30 34 40 51
 25 30 34 40 49 50
 25 30 33
 25 30 33 67
 25 30 33 65 66
 25 30 33 40
 25 30 31
 25 30 31 67
 25 30 31 65 66
 25 30 31 40
 25 29 30
 25 29 30 67
 25 29 30 65 66
 25 29 30 40
 25 26 58 67 78
 25 26 58 67 76 77
 25 26 58 65 66 78
 25 26 58 65 66 76 77
 25 26 58 63 67
 25 26 58 63 65 66
 25 26 58 61 67 78
 25 26 58 61 67 76 77
 25 26 58 61 65 66 78
 25 26 58 61 65 66 76 77
 25 26 58 61 63 67
 25 26 58 61 63 65 66
 25 26 58 59 60 67 78
 25 26 58 59 60 67 76 77
 25 26 58 59 60 65 66 78
 25 26 58 59 60 65 66 76 77
 25 26 58 59 60 63 67
 25 26 58 59 60 63 65 66
 25 26 58 59 60 61 62 67
 25 26 58 59 60 61 62 65 66
 25 26 51 58 67
 25 26 51 58 65 66
 25 26 51 58 61 67
 25 26 51 58 61 65 66
 25 26 51 58 59 60 67
 25 26 51 58 59 60 65 66
 25 26 40 58 78
 25 26 40 58 76 77
 25 26 40 58 63
 25 26 40 58 61 78
 25 26 40 58 61 76 77
 25 26 40 58 61 63
 25 26 40 58 59 60 78
 25 26 40 58 59 60 76 77
 25 26 40 58 59 60 63
 25 26 40 58 59 60 61 62
 25 26 40 51 58
 25 26 40 51 58 61
 25 26 40 51 58 59 60
 25 26 36 58 67
 25 26 36 58 65 66
 25 26 36 58 61 67
 25 26 36 58 61 65 66
 25 26 36 58 59 60 67
 25 26 36 58 59 60 65 66
 25 26 36 40 58
 25 26 36 40 58 61
 25 26 36 40 58 59 60
 25 26 34 58 67 78
 25 26 34 58 67 76 77
 25 26 34 58 65 66 78
 25 26 34 58 65 66 76 77
 25 26 34 58 63 67
 25 26 34 58 63 65 66
 25 26 34 58 61 62 67
 25 26 34 58 61 62 65 66
 25 26 34 51 58 67
 25 26 34 51 58 65 66
 25 26 34 40 58 78
 25 26 34 40 58 76 77
 25 26 34 40 58 63
 25 26 34 40 58 61 62
 25 26 34 40 51 58
 25 26 34 36 58 67
 25 26 34 36 58 65 66
 25 26 34 36 40 58
 25 26 30
 25 26 30 67
 25 26 30 65 66
 25 26 30 40
 24 30 52
 24 30 52 67
 24 30 52 65 66
 24 30 52 61
 24 30 52 61 67
 24 30 52 61 65 66
 24 30 52 59 60
 24 30 52 59 60 67
 24 30 52 59 60 65 66
 24 30 50 51
 24 30 50 51 67
 24 30 50 51 65 66
 24 30 50 51 61
 24 30 50 51 61 67
 24 30 50 51 61 65 66
 24 30 50 51 59 60
 24 30 50 51 59 60 67
 24 30 50 51 59 60 65 66
 24 30 40 52
 24 30 40 52 61
 24 30 40 52 59 60
 24 30 40 50 51
 24 30 40 50 51 61
 24 30 40 50 51 59 60
 24 30 34 52
 24 30 34 52 67
 24 30 34 52 65 66
 24 30 34 50 51
 24 30 34 50 51 67
 24 30 34 50 51 65 66
 24 30 34 40 52
 24 30 34 40 50 51
 24 25 59 69
 24 25 59 67 68
 24 25 58 63
 24 25 58 61 62
 24 25 57 58 69
 24 25 57 58 67 68
 24 25 48 55 62 72
 24 25 48 55 62 70 71
 24 25 48 55 59 64
 24 25 48 55 57 58 64
 24 25 46 47 55 62 72
 24 25 46 47 55 62 70 71
 24 25 46 47 55 59 64
 24 25 46 47 55 57 58 64
 24 25 45 48 55 62
 24 25 45 46 47 55 62
 24 25 42 59
 24 25 42 57 58
 24 25 39 48 62 72
 24 25 39 48 62 70 71
 24 25 39 48 59 64
 24 25 39 48 58 63 64 72 74
 24 25 39 48 58 63 64 72 73
 24 25 39 48 58 63 64 70 71 74
 24 25 39 48 58 63 64 70 71 72 73
 24 25 39 48 58 61 62 64 72 74
 24 25 39 48 58 61 62 64 72 73
 24 25 39 48 58 61 62 64 70 71 74
 24 25 39 48 58 61 62 64 70 71 72 73
 24 25 39 48 57 58 64
 24 25 39 47 48 58 63 64 72
 24 25 39 47 48 58 63 64 70 71
 24 25 39 47 48 58 61 62 64 72
 24 25 39 47 48 58 61 62 64 70 71
 24 25 39 46 47 62 72
 24 25 39 46 47 62 70 71
 24 25 39 46 47 59 64
 24 25 39 46 47 58 63 64 72
 24 25 39 46 47 58 63 64 72 74
 24 25 39 46 47 58 63 64 72 73
 24 25 39 46 47 58 63 64 70 71
 24 25 39 46 47 58 63 64 70 71 74
 24 25 39 46 47 58 63 64 70 71 72 73
 24 25 39 46 47 58 61 62 64 72
 24 25 39 46 47 58 61 62 64 72 74
 24 25 39 46 47 58 61 62 64 72 73
 24 25 39 46 47 58 61 62 64 70 71
 24 25 39 46 47 58 61 62 64 70 71 74
 24 25 39 46 47 58 61 62 64 70 71 72 73
 24 25 39 46 47 57 58 64
 24 25 39 45 48 62
 24 25 39 45 48 58 63 64 74
 24 25 39 45 48 58 63 64 72 73
 24 25 39 45 48 58 61 62 64 74
 24 25 39 45 48 58 61 62 64 72 73
 24 25 39 45 47 48 58 63 64
 24 25 39 45 47 48 58 61 62 64
 24 25 39 45 46 47 62
 24 25 39 45 46 47 58 63 64
 24 25 39 45 46 47 58 63 64 74
 24 25 39 45 46 47 58 63 64 72 73
 24 25 39 45 46 47 58 61 62 64
 24 25 39 45 46 47 58 61 62 64 74
 24 25 39 45 46 47 58 61 62 64 72 73
 24 25 37 38 48 62 72
 24 25 37 38 48 62 70 71
 24 25 37 38 48 59 64
 24 25 37 38 48 58 63 64 72 74
 24 25 37 38 48 58 63 64 72 73
 24 25 37 38 48 58 63 64 70 71 74
 24 25 37 38 48 58 63 64 70 71 72 73
 24 25 37 38 48 58 61 62 64 72 74
 24 25 37 38 48 58 61 62 64 72 73
 24 25 37 38 48 58 61 62 64 70 71 74
 24 25 37 38 48 58 61 62 64 70 71 72 73
 24 25 37 38 48 57 58 64
 24 25 37 38 47 48 58 63 64 72
 24 25 37 38 47 48 58 63 64 70 71
 24 25 37 38 47 48 58 61 62 64 72
 24 25 37 38 47 48 58 61 62 64 70 71
 24 25 37 38 46 47 62 72
 24 25 37 38 46 47 62 70 71
 24 25 37 38 46 47 59 64
 24 25 37 38 46 47 58 63 64 72
 24 25 37 38 46 47 58 63 64 72 74
 24 25 37 38 46 47 58 63 64 72 73
 24 25 37 38 46 47 58 63 64 70 71
 24 25 37 38 46 47 58 63 64 70 71 74
 24 25 37 38 46 47 58 63 64 70 71 72 73
 24 25 37 38 46 47 58 61 62 64 72
 24 25 37 38 46 47 58 61 62 64 72 74
 24 25 37 38 46 47 58 61 62 64 72 73
 24 25 37 38 46 47 58 61 62 64 70 71
 24 25 37 38 46 47 58 61 62 64 70 71 74
 24 25 37 38 46 47 58 61 62 64 70 71 72 73
 24 25 37 38 46 47 57 58 64
 24 25 37 38 45 48 62
 24 25 37 38 45 48 58 63 64 74
 24 25 37 38 45 48 58 63 64 72 73
 24 25 37 38 45 48 58 61 62 64 74
 24 25 37 38 45 48 58 61 62 64 72 73
 24 25 37 38 45 47 48 58 63 64
 24 25 37 38 45 47 48 58 61 62 64
 24 25 37 38 45 46 47 62
 24 25 37 38 45 46 47 58 63 64
 24 25 37 38 45 46 47 58 63 64 74
 24 25 37 38 45 46 47 58 63 64 72 73
 24 25 37 38 45 46 47 58 61 62 64
 24 25 37 38 45 46 47 58 61 62 64 74
 24 25 37 38 45 46 47 58 61 62 64 72 73
 24 25 36 58
 24 25 36 39 48 58 64 72 74
 24 25 36 39 48 58 64 72 73
 24 25 36 39 48 58 64 70 71 74
 24 25 36 39 48 58 64 70 71 72 73
 24 25 36 39 47 48 58 64 72
 24 25 36 39 47 48 58 64 70 71
 24 25 36 39 46 47 58 64 72
 24 25 36 39 46 47 58 64 72 74
 24 25 36 39 46 47 58 64 72 73
 24 25 36 39 46 47 58 64 70 71
 24 25 36 39 46 47 58 64 70 71 74
 24 25 36 39 46 47 58 64 70 71 72 73
 24 25 36 39 45 48 58 64 74
 24 25 36 39 45 48 58 64 72 73
 24 25 36 39 45 47 48 58 64
 24 25 36 39 45 46 47 58 64
 24 25 36 39 45 46 47 58 64 74
 24 25 36 39 45 46 47 58 64 72 73
 24 25 36 37 38 48 58 64 72 74
 24 25 36 37 38 48 58 64 72 73
 24 25 36 37 38 48 58 64 70 71 74
 24 25 36 37 38 48 58 64 70 71 72 73
 24 25 36 37 38 47 48 58 64 72
 24 25 36 37 38 47 48 58 64 70 71
 24 25 36 37 38 46 47 58 64 72
 24 25 36 37 38 46 47 58 64 72 74
 24 25 36 37 38 46 47 58 64 72 73
 24 25 36 37 38 46 47 58 64 70 71
 24 25 36 37 38 46 47 58 64 70 71 74
 24 25 36 37 38 46 47 58 64 70 71 72 73
 24 25 36 37 38 45 48 58 64 74
 24 25 36 37 38 45 48 58 64 72 73
 24 25 36 37 38 45 47 48 58 64
 24 25 36 37 38 45 46 47 58 64
 24 25 36 37 38 45 46 47 58 64 74
 24 25 36 37 38 45 46 47 58 64 72 73
 24 25 32 69
 24 25 32 67 68
 24 25 32 48 55 64
 24 25 32 46 47 55 64
 24 25 32 42
 24 25 32 39 48 64
 24 25 32 39 46 47 64
 24 25 32 37 38 48 64
 24 25 32 37 38 46 47 64
 24 25 30
 24 25 30 67
 24 25 30 65 66
 24 25 30 61
 24 25 30 61 67
 24 25 30 61 65 66
 24 25 30 59 60
 24 25 30 59 60 67
 24 25 30 59 60 65 66
 24 25 30 40
 24 25 30 40 61
 24 25 30 40 59 60
 24 25 30 34
 24 25 30 34 67
 24 25 30 34 65 66
 24 25 30 34 40
 23 52
 23 52 67
 23 52 65 66
 23 50 51
 23 50 51 67
 23 50 51 65 66
 23 40 52
 23 40 50 51
 23 25
 23 25 67
 23 25 65 66
 23 25 40
 21 55 62 68 72
 21 55 62 68 70 71
 21 55 59 64 68
 21 55 57 58 64 68
 21 45 55 62 68
 21 39 62 68 72
 21 39 62 68 70 71
 21 39 59 64 68
 21 39 58 63 64 68 72 74
 21 39 58 63 64 68 72 73
 21 39 58 63 64 68 70 71 74
 21 39 58 63 64 68 70 71 72 73
 21 39 58 61 62 64 68 72 74
 21 39 58 61 62 64 68 72 73
 21 39 58 61 62 64 68 70 71 74
 21 39 58 61 62 64 68 70 71 72 73
 21 39 57 58 64 68
 21 39 47 58 63 64 68 72
 21 39 47 58 63 64 68 70 71
 21 39 47 58 61 62 64 68 72
 21 39 47 58 61 62 64 68 70 71
 21 39 45 62 68
 21 39 45 58 63 64 68 74
 21 39 45 58 63 64 68 72 73
 21 39 45 58 61 62 64 68 74
 21 39 45 58 61 62 64 68 72 73
 21 39 45 47 58 63 64 68
 21 39 45 47 58 61 62 64 68
 21 37 38 62 68 72
 21 37 38 62 68 70 71
 21 37 38 59 64 68
 21 37 38 58 63 64 68 72 74
 21 37 38 58 63 64 68 72 73
 21 37 38 58 63 64 68 70 71 74
 21 37 38 58 63 64 68 70 71 72 73
 21 37 38 58 61 62 64 68 72 74
 21 37 38 58 61 62 64 68 72 73
 21 37 38 58 61 62 64 68 70 71 74
 21 37 38 58 61 62 64 68 70 71 72 73
 21 37 38 57 58 64 68
 21 37 38 47 58 63 64 68 72
 21 37 38 47 58 63 64 68 70 71
 21 37 38 47 58 61 62 64 68 72
 21 37 38 47 58 61 62 64 68 70 71
 21 37 38 45 62 68
 21 37 38 45 58 63 64 68 74
 21 37 38 45 58 63 64 68 72 73
 21 37 38 45 58 61 62 64 68 74
 21 37 38 45 58 61 62 64 68 72 73
 21 37 38 45 47 58 63 64 68
 21 37 38 45 47 58 61 62 64 68
 21 36 39 58 64 68 72 74
 21 36 39 58 64 68 72 73
 21 36 39 58 64 68 70 71 74
 21 36 39 58 64 68 70 71 72 73
 21 36 39 47 58 64 68 72
 21 36 39 47 58 64 68 70 71
 21 36 39 45 58 64 68 74
 21 36 39 45 58 64 68 72 73
 21 36 39 45 47 58 64 68
 21 36 37 38 58 64 68 72 74
 21 36 37 38 58 64 68 72 73
 21 36 37 38 58 64 68 70 71 74
 21 36 37 38 58 64 68 70 71 72 73
 21 36 37 38 47 58 64 68 72
 21 36 37 38 47 58 64 68 70 71
 21 36 37 38 45 58 64 68 74
 21 36 37 38 45 58 64 68 72 73
 21 36 37 38 45 47 58 64 68
 21 32 55 64 68
 21 32 39 64 68
 21 32 37 38 64 68
 21 26 55 62 72
 21 26 55 62 70 71
 21 26 55 59 64
 21 26 55 57 58 64
 21 26 45 55 62
 21 26 39 62 72
 21 26 39 62 70 71
 21 26 39 59 64
 21 26 39 58 63 64 72 74
 21 26 39 58 63 64 72 73
 21 26 39 58 63 64 70 71 74
 21 26 39 58 63 64 70 71 72 73
 21 26 39 58 61 62 64 72 74
 21 26 39 58 61 62 64 72 73
 21 26 39 58 61 62 64 70 71 74
 21 26 39 58 61 62 64 70 71 72 73
 21 26 39 57 58 64
 21 26 39 47 58 63 64 72
 21 26 39 47 58 63 64 70 71
 21 26 39 47 58 61 62 64 72
 21 26 39 47 58 61 62 64 70 71
 21 26 39 45 62
 21 26 39 45 58 63 64 74
 21 26 39 45 58 63 64 72 73
 21 26 39 45 58 61 62 64 74
 21 26 39 45 58 61 62 64 72 73
 21 26 39 45 47 58 63 64
 21 26 39 45 47 58 61 62 64
 21 26 37 38 62 72
 21 26 37 38 62 70 71
 21 26 37 38 59 64
 21 26 37 38 58 63 64 72 74
 21 26 37 38 58 63 64 72 73
 21 26 37 38 58 63 64 70 71 74
 21 26 37 38 58 63 64 70 71 72 73
 21 26 37 38 58 61 62 64 72 74
 21 26 37 38 58 61 62 64 72 73
 21 26 37 38 58 61 62 64 70 71 74
 21 26 37 38 58 61 62 64 70 71 72 73
 21 26 37 38 57 58 64
 21 26 37 38 47 58 63 64 72
 21 26 37 38 47 58 63 64 70 71
 21 26 37 38 47 58 61 62 64 72
 21 26 37 38 47 58 61 62 64 70 71
 21 26 37 38 45 62
 21 26 37 38 45 58 63 64 74
 21 26 37 38 45 58 63 64 72 73
 21 26 37 38 45 58 61 62 64 74
 21 26 37 38 45 58 61 62 64 72 73
 21 26 37 38 45 47 58 63 64
 21 26 37 38 45 47 58 61 62 64
 21 26 36 39 58 64 72 74
 21 26 36 39 58 64 72 73
 21 26 36 39 58 64 70 71 74
 21 26 36 39 58 64 70 71 72 73
 21 26 36 39 47 58 64 72
 21 26 36 39 47 58 64 70 71
 21 26 36 39 45 58 64 74
 21 26 36 39 45 58 64 72 73
 21 26 36 39 45 47 58 64
 21 26 36 37 38 58 64 72 74
 21 26 36 37 38 58 64 72 73
 21 26 36 37 38 58 64 70 71 74
 21 26 36 37 38 58 64 70 71 72 73
 21 26 36 37 38 47 58 64 72
 21 26 36 37 38 47 58 64 70 71
 21 26 36 37 38 45 58 64 74
 21 26 36 37 38 45 58 64 72 73
 21 26 36 37 38 45 47 58 64
 21 26 32 55 64
 21 26 32 39 64
 21 26 32 37 38 64
 21 24 25 55 62 72
 21 24 25 55 62 70 71
 21 24 25 55 59 64
 21 24 25 55 57 58 64
 21 24 25 45 55 62
 21 24 25 39 62 72
 21 24 25 39 62 70 71
 21 24 25 39 59 64
 21 24 25 39 58 63 64 72 74
 21 24 25 39 58 63 64 72 73
 21 24 25 39 58 63 64 70 71 74
 21 24 25 39 58 63 64 70 71 72 73
 21 24 25 39 58 61 62 64 72 74
 21 24 25 39 58 61 62 64 72 73
 21 24 25 39 58 61 62 64 70 71 74
 21 24 25 39 58 61 62 64 70 71 72 73
 21 24 25 39 57 58 64
 21 24 25 39 47 58 63 64 72
 21 24 25 39 47 58 63 64 70 71
 21 24 25 39 47 58 61 62 64 72
 21 24 25 39 47 58 61 62 64 70 71
 21 24 25 39 45 62
 21 24 25 39 45 58 63 64 74
 21 24 25 39 45 58 63 64 72 73
 21 24 25 39 45 58 61 62 64 74
 21 24 25 39 45 58 61 62 64 72 73
 21 24 25 39 45 47 58 63 64
 21 24 25 39 45 47 58 61 62 64
 21 24 25 37 38 62 72
 21 24 25 37 38 62 70 71
 21 24 25 37 38 59 64
 21 24 25 37 38 58 63 64 72 74
 21 24 25 37 38 58 63 64 72 73
 21 24 25 37 38 58 63 64 70 71 74
 21 24 25 37 38 58 63 64 70 71 72 73
 21 24 25 37 38 58 61 62 64 72 74
 21 24 25 37 38 58 61 62 64 72 73
 21 24 25 37 38 58 61 62 64 70 71 74
 21 24 25 37 38 58 61 62 64 70 71 72 73
 21 24 25 37 38 57 58 64
 21 24 25 37 38 47 58 63 64 72
 21 24 25 37 38 47 58 63 64 70 71
 21 24 25 37 38 47 58 61 62 64 72
 21 24 25 37 38 47 58 61 62 64 70 71
 21 24 25 37 38 45 62
 21 24 25 37 38 45 58 63 64 74
 21 24 25 37 38 45 58 63 64 72 73
 21 24 25 37 38 45 58 61 62 64 74
 21 24 25 37 38 45 58 61 62 64 72 73
 21 24 25 37 38 45 47 58 63 64
 21 24 25 37 38 45 47 58 61 62 64
 21 24 25 36 39 58 64 72 74
 21 24 25 36 39 58 64 72 73
 21 24 25 36 39 58 64 70 71 74
 21 24 25 36 39 58 64 70 71 72 73
 21 24 25 36 39 47 58 64 72
 21 24 25 36 39 47 58 64 70 71
 21 24 25 36 39 45 58 64 74
 21 24 25 36 39 45 58 64 72 73
 21 24 25 36 39 45 47 58 64
 21 24 25 36 37 38 58 64 72 74
 21 24 25 36 37 38 58 64 72 73
 21 24 25 36 37 38 58 64 70 71 74
 21 24 25 36 37 38 58 64 70 71 72 73
 21 24 25 36 37 38 47 58 64 72
 21 24 25 36 37 38 47 58 64 70 71
 21 24 25 36 37 38 45 58 64 74
 21 24 25 36 37 38 45 58 64 72 73
 21 24 25 36 37 38 45 47 58 64
 21 24 25 32 55 64
 21 24 25 32 39 64
 21 24 25 32 37 38 64
 19 52
 19 52 67
 19 52 65 66
 19 50 51
 19 50 51 67
 19 50 51 65 66
 19 40 52
 19 40 50 51
 19 30 67 78
 19 30 67 76 77
 19 30 65 66 78
 19 30 65 66 76 77
 19 30 51 67
 19 30 51 65 66
 19 30 40 78
 19 30 40 76 77
 19 30 40 51
 19 25
 19 25 67
 19 25 65 66
 19 25 40
 17 52
 17 52 67
 17 52 65 66
 17 50 51
 17 50 51 67
 17 50 51 65 66
 17 40 52
 17 40 50 51
 17 32 52
 17 32 52 67
 17 32 52 65 66
 17 32 50 51
 17 32 50 51 67
 17 32 50 51 65 66
 17 32 40 52
 17 32 40 50 51
 17 30 67 78
 17 30 67 76 77
 17 30 65 66 78
 17 30 65 66 76 77
 17 30 51 67
 17 30 51 65 66
 17 30 40 78
 17 30 40 76 77
 17 30 40 51
 17 25
 17 25 67
 17 25 65 66
 17 25 40
 17 25 32
 17 25 32 67
 17 25 32 65 66
 17 25 32 40
 14 52
 14 52 67
 14 52 65 66
 14 50 51
 14 50 51 67
 14 50 51 65 66
 14 40 52
 14 40 50 51
 14 25
 14 25 67
 14 25 65 66
 14 25 40
 12 48 62 68 72
 12 48 62 68 70 71
 12 48 59 64 68
 12 48 58 63 64 68 72 74
 12 48 58 63 64 68 72 73
 12 48 58 63 64 68 70 71 74
 12 48 58 63 64 68 70 71 72 73
 12 48 58 61 62 64 68 72 74
 12 48 58 61 62 64 68 72 73
 12 48 58 61 62 64 68 70 71 74
 12 48 58 61 62 64 68 70 71 72 73
 12 48 57 58 64 68
 12 47 48 58 63 64 68 72
 12 47 48 58 63 64 68 70 71
 12 47 48 58 61 62 64 68 72
 12 47 48 58 61 62 64 68 70 71
 12 46 47 62 68 72
 12 46 47 62 68 70 71
 12 46 47 59 64 68
 12 46 47 58 63 64 68 72
 12 46 47 58 63 64 68 72 74
 12 46 47 58 63 64 68 72 73
 12 46 47 58 63 64 68 70 71
 12 46 47 58 63 64 68 70 71 74
 12 46 47 58 63 64 68 70 71 72 73
 12 46 47 58 61 62 64 68 72
 12 46 47 58 61 62 64 68 72 74
 12 46 47 58 61 62 64 68 72 73
 12 46 47 58 61 62 64 68 70 71
 12 46 47 58 61 62 64 68 70 71 74
 12 46 47 58 61 62 64 68 70 71 72 73
 12 46 47 57 58 64 68
 12 45 48 62 68
 12 45 48 58 63 64 68 74
 12 45 48 58 63 64 68 72 73
 12 45 48 58 61 62 64 68 74
 12 45 48 58 61 62 64 68 72 73
 12 45 47 48 58 63 64 68
 12 45 47 48 58 61 62 64 68
 12 45 46 47 62 68
 12 45 46 47 58 63 64 68
 12 45 46 47 58 63 64 68 74
 12 45 46 47 58 63 64 68 72 73
 12 45 46 47 58 61 62 64 68
 12 45 46 47 58 61 62 64 68 74
 12 45 46 47 58 61 62 64 68 72 73
 12 36 48 58 64 68 72 74
 12 36 48 58 64 68 72 73
 12 36 48 58 64 68 70 71 74
 12 36 48 58 64 68 70 71 72 73
 12 36 47 48 58 64 68 72
 12 36 47 48 58 64 68 70 71
 12 36 46 47 58 64 68 72
 12 36 46 47 58 64 68 72 74
 12 36 46 47 58 64 68 72 73
 12 36 46 47 58 64 68 70 71
 12 36 46 47 58 64 68 70 71 74
 12 36 46 47 58 64 68 70 71 72 73
 12 36 45 48 58 64 68 74
 12 36 45 48 58 64 68 72 73
 12 36 45 47 48 58 64 68
 12 36 45 46 47 58 64 68
 12 36 45 46 47 58 64 68 74
 12 36 45 46 47 58 64 68 72 73
 12 32 48 64 68
 12 32 46 47 64 68
 12 26 48 62 72
 12 26 48 62 70 71
 12 26 48 59 64
 12 26 48 58 63 64 72 74
 12 26 48 58 63 64 72 73
 12 26 48 58 63 64 70 71 74
 12 26 48 58 63 64 70 71 72 73
 12 26 48 58 61 62 64 72 74
 12 26 48 58 61 62 64 72 73
 12 26 48 58 61 62 64 70 71 74
 12 26 48 58 61 62 64 70 71 72 73
 12 26 48 57 58 64
 12 26 47 48 58 63 64 72
 12 26 47 48 58 63 64 70 71
 12 26 47 48 58 61 62 64 72
 12 26 47 48 58 61 62 64 70 71
 12 26 46 47 62 72
 12 26 46 47 62 70 71
 12 26 46 47 59 64
 12 26 46 47 58 63 64 72
 12 26 46 47 58 63 64 72 74
 12 26 46 47 58 63 64 72 73
 12 26 46 47 58 63 64 70 71
 12 26 46 47 58 63 64 70 71 74
 12 26 46 47 58 63 64 70 71 72 73
 12 26 46 47 58 61 62 64 72
 12 26 46 47 58 61 62 64 72 74
 12 26 46 47 58 61 62 64 72 73
 12 26 46 47 58 61 62 64 70 71
 12 26 46 47 58 61 62 64 70 71 74
 12 26 46 47 58 61 62 64 70 71 72 73
 12 26 46 47 57 58 64
 12 26 45 48 62
 12 26 45 48 58 63 64 74
 12 26 45 48 58 63 64 72 73
 12 26 45 48 58 61 62 64 74
 12 26 45 48 58 61 62 64 72 73
 12 26 45 47 48 58 63 64
 12 26 45 47 48 58 61 62 64
 12 26 45 46 47 62
 12 26 45 46 47 58 63 64
 12 26 45 46 47 58 63 64 74
 12 26 45 46 47 58 63 64 72 73
 12 26 45 46 47 58 61 62 64
 12 26 45 46 47 58 61 62 64 74
 12 26 45 46 47 58 61 62 64 72 73
 12 26 36 48 58 64 72 74
 12 26 36 48 58 64 72 73
 12 26 36 48 58 64 70 71 74
 12 26 36 48 58 64 70 71 72 73
 12 26 36 47 48 58 64 72
 12 26 36 47 48 58 64 70 71
 12 26 36 46 47 58 64 72
 12 26 36 46 47 58 64 72 74
 12 26 36 46 47 58 64 72 73
 12 26 36 46 47 58 64 70 71
 12 26 36 46 47 58 64 70 71 74
 12 26 36 46 47 58 64 70 71 72 73
 12 26 36 45 48 58 64 74
 12 26 36 45 48 58 64 72 73
 12 26 36 45 47 48 58 64
 12 26 36 45 46 47 58 64
 12 26 36 45 46 47 58 64 74
 12 26 36 45 46 47 58 64 72 73
 12 26 32 48 64
 12 26 32 46 47 64
 12 24 25 48 62 72
 12 24 25 48 62 70 71
 12 24 25 48 59 64
 12 24 25 48 58 63 64 72 74
 12 24 25 48 58 63 64 72 73
 12 24 25 48 58 63 64 70 71 74
 12 24 25 48 58 63 64 70 71 72 73
 12 24 25 48 58 61 62 64 72 74
 12 24 25 48 58 61 62 64 72 73
 12 24 25 48 58 61 62 64 70 71 74
 12 24 25 48 58 61 62 64 70 71 72 73
 12 24 25 48 57 58 64
 12 24 25 47 48 58 63 64 72
 12 24 25 47 48 58 63 64 70 71
 12 24 25 47 48 58 61 62 64 72
 12 24 25 47 48 58 61 62 64 70 71
 12 24 25 46 47 62 72
 12 24 25 46 47 62 70 71
 12 24 25 46 47 59 64
 12 24 25 46 47 58 63 64 72
 12 24 25 46 47 58 63 64 72 74
 12 24 25 46 47 58 63 64 72 73
 12 24 25 46 47 58 63 64 70 71
 12 24 25 46 47 58 63 64 70 71 74
 12 24 25 46 47 58 63 64 70 71 72 73
 12 24 25 46 47 58 61 62 64 72
 12 24 25 46 47 58 61 62 64 72 74
 12 24 25 46 47 58 61 62 64 72 73
 12 24 25 46 47 58 61 62 64 70 71
 12 24 25 46 47 58 61 62 64 70 71 74
 12 24 25 46 47 58 61 62 64 70 71 72 73
 12 24 25 46 47 57 58 64
 12 24 25 45 48 62
 12 24 25 45 48 58 63 64 74
 12 24 25 45 48 58 63 64 72 73
 12 24 25 45 48 58 61 62 64 74
 12 24 25 45 48 58 61 62 64 72 73
 12 24 25 45 47 48 58 63 64
 12 24 25 45 47 48 58 61 62 64
 12 24 25 45 46 47 62
 12 24 25 45 46 47 58 63 64
 12 24 25 45 46 47 58 63 64 74
 12 24 25 45 46 47 58 63 64 72 73
 12 24 25 45 46 47 58 61 62 64
 12 24 25 45 46 47 58 61 62 64 74
 12 24 25 45 46 47 58 61 62 64 72 73
 12 24 25 36 48 58 64 72 74
 12 24 25 36 48 58 64 72 73
 12 24 25 36 48 58 64 70 71 74
 12 24 25 36 48 58 64 70 71 72 73
 12 24 25 36 47 48 58 64 72
 12 24 25 36 47 48 58 64 70 71
 12 24 25 36 46 47 58 64 72
 12 24 25 36 46 47 58 64 72 74
 12 24 25 36 46 47 58 64 72 73
 12 24 25 36 46 47 58 64 70 71
 12 24 25 36 46 47 58 64 70 71 74
 12 24 25 36 46 47 58 64 70 71 72 73
 12 24 25 36 45 48 58 64 74
 12 24 25 36 45 48 58 64 72 73
 12 24 25 36 45 47 48 58 64
 12 24 25 36 45 46 47 58 64
 12 24 25 36 45 46 47 58 64 74
 12 24 25 36 45 46 47 58 64 72 73
 12 24 25 32 48 64
 12 24 25 32 46 47 64
 12 21 62 68 72
 12 21 62 68 70 71
 12 21 59 64 68
 12 21 58 63 64 68 72 74
 12 21 58 63 64 68 72 73
 12 21 58 63 64 68 70 71 74
 12 21 58 63 64 68 70 71 72 73
 12 21 58 61 62 64 68 72 74
 12 21 58 61 62 64 68 72 73
 12 21 58 61 62 64 68 70 71 74
 12 21 58 61 62 64 68 70 71 72 73
 12 21 57 58 64 68
 12 21 47 58 63 64 68 72
 12 21 47 58 63 64 68 70 71
 12 21 47 58 61 62 64 68 72
 12 21 47 58 61 62 64 68 70 71
 12 21 45 62 68
 12 21 45 58 63 64 68 74
 12 21 45 58 63 64 68 72 73
 12 21 45 58 61 62 64 68 74
 12 21 45 58 61 62 64 68 72 73
 12 21 45 47 58 63 64 68
 12 21 45 47 58 61 62 64 68
 12 21 36 58 64 68 72 74
 12 21 36 58 64 68 72 73
 12 21 36 58 64 68 70 71 74
 12 21 36 58 64 68 70 71 72 73
 12 21 36 47 58 64 68 72
 12 21 36 47 58 64 68 70 71
 12 21 36 45 58 64 68 74
 12 21 36 45 58 64 68 72 73
 12 21 36 45 47 58 64 68
 12 21 32 64 68
 12 21 26 62 72
 12 21 26 62 70 71
 12 21 26 59 64
 12 21 26 58 63 64 72 74
 12 21 26 58 63 64 72 73
 12 21 26 58 63 64 70 71 74
 12 21 26 58 63 64 70 71 72 73
 12 21 26 58 61 62 64 72 74
 12 21 26 58 61 62 64 72 73
 12 21 26 58 61 62 64 70 71 74
 12 21 26 58 61 62 64 70 71 72 73
 12 21 26 57 58 64
 12 21 26 47 58 63 64 72
 12 21 26 47 58 63 64 70 71
 12 21 26 47 58 61 62 64 72
 12 21 26 47 58 61 62 64 70 71
 12 21 26 45 62
 12 21 26 45 58 63 64 74
 12 21 26 45 58 63 64 72 73
 12 21 26 45 58 61 62 64 74
 12 21 26 45 58 61 62 64 72 73
 12 21 26 45 47 58 63 64
 12 21 26 45 47 58 61 62 64
 12 21 26 36 58 64 72 74
 12 21 26 36 58 64 72 73
 12 21 26 36 58 64 70 71 74
 12 21 26 36 58 64 70 71 72 73
 12 21 26 36 47 58 64 72
 12 21 26 36 47 58 64 70 71
 12 21 26 36 45 58 64 74
 12 21 26 36 45 58 64 72 73
 12 21 26 36 45 47 58 64
 12 21 26 32 64
 12 21 24 25 62 72
 12 21 24 25 62 70 71
 12 21 24 25 59 64
 12 21 24 25 58 63 64 72 74
 12 21 24 25 58 63 64 72 73
 12 21 24 25 58 63 64 70 71 74
 12 21 24 25 58 63 64 70 71 72 73
 12 21 24 25 58 61 62 64 72 74
 12 21 24 25 58 61 62 64 72 73
 12 21 24 25 58 61 62 64 70 71 74
 12 21 24 25 58 61 62 64 70 71 72 73
 12 21 24 25 57 58 64
 12 21 24 25 47 58 63 64 72
 12 21 24 25 47 58 63 64 70 71
 12 21 24 25 47 58 61 62 64 72
 12 21 24 25 47 58 61 62 64 70 71
 12 21 24 25 45 62
 12 21 24 25 45 58 63 64 74
 12 21 24 25 45 58 63 64 72 73
 12 21 24 25 45 58 61 62 64 74
 12 21 24 25 45 58 61 62 64 72 73
 12 21 24 25 45 47 58 63 64
 12 21 24 25 45 47 58 61 62 64
 12 21 24 25 36 58 64 72 74
 12 21 24 25 36 58 64 72 73
 12 21 24 25 36 58 64 70 71 74
 12 21 24 25 36 58 64 70 71 72 73
 12 21 24 25 36 47 58 64 72
 12 21 24 25 36 47 58 64 70 71
 12 21 24 25 36 45 58 64 74
 12 21 24 25 36 45 58 64 72 73
 12 21 24 25 36 45 47 58 64
 12 21 24 25 32 64
 11 30 52
 11 30 52 67
 11 30 52 65 66
 11 30 50 51
 11 30 50 51 67
 11 30 50 51 65 66
 11 30 40 52
 11 30 40 50 51
 11 25 30
 11 25 30 67
 11 25 30 65 66
 11 25 30 40
 5 52
 5 52 67
 5 52 65 66
 5 50 51
 5 50 51 67
 5 50 51 65 66
 5 40 52
 5 40 50 51
 5 25
 5 25 67
 5 25 65 66
 5 25 40
