 58 63 74
 58 63 72 73
 58 61 62 74
 58 61 62 72 73
 58 60 62 63 74
 58 60 62 63 72 73
 58 60 61 62 74
 58 60 61 62 72 73
 58 59 60 63 74
 58 59 60 63 72 73
 58 59 60 61 62 74
 58 59 60 61 62 72 73
 57 58 63 74
 57 58 63 72 73
 57 58 61 62 74
 57 58 61 62 72 73
 57 58 60 63 74
 57 58 60 63 72 73
 57 58 60 61 62 74
 57 58 60 61 62 72 73
 47 58 63
 47 58 61 62
 47 58 60 62 63
 47 58 60 61 62
 47 58 59 60 63
 47 58 59 60 61 62
 47 57 58 63
 47 57 58 61 62
 47 57 58 60 63
 47 57 58 60 61 62
 46 58 60 63
 46 58 60 61 63
 46 58 60 61 63 74
 46 58 60 61 63 72 73
 46 58 60 61 62 74
 46 58 60 61 62 72 73
 46 58 59 60 63
 46 58 59 60 63 74
 46 58 59 60 63 72 73
 46 58 59 60 61 62
 46 58 59 60 61 62 74
 46 58 59 60 61 62 72 73
 46 55 56 63 74
 46 55 56 63 72 73
 46 55 56 61 62 74
 46 55 56 61 62 72 73
 46 55 56 59 63
 46 55 56 59 61 63
 46 55 56 59 60 63
 46 55 56 59 60 61 62
 46 55 56 57 58 63
 46 55 56 57 58 61 63
 46 55 56 57 58 59 60 63
 46 55 56 57 58 59 60 61 62
 46 47 58 60 61 63
 46 47 58 60 61 62
 46 47 58 59 60 63
 46 47 58 59 60 61 62
 46 47 55 56 63
 46 47 55 56 61 62
 44 45 58 60 63
 44 45 58 60 61 63
 44 45 58 60 61 63 74
 44 45 58 60 61 63 72 73
 44 45 58 60 61 62 74
 44 45 58 60 61 62 72 73
 44 45 58 59 60 63
 44 45 58 59 60 63 74
 44 45 58 59 60 63 72 73
 44 45 58 59 60 61 62
 44 45 58 59 60 61 62 74
 44 45 58 59 60 61 62 72 73
 44 45 55 56 63 74
 44 45 55 56 63 72 73
 44 45 55 56 61 62 74
 44 45 55 56 61 62 72 73
 44 45 55 56 59 63
 44 45 55 56 59 61 63
 44 45 55 56 59 60 63
 44 45 55 56 59 60 61 62
 44 45 55 56 57 58 63
 44 45 55 56 57 58 61 63
 44 45 55 56 57 58 59 60 63
 44 45 55 56 57 58 59 60 61 62
 44 45 47 58 60 61 63
 44 45 47 58 60 61 62
 44 45 47 58 59 60 63
 44 45 47 58 59 60 61 62
 44 45 47 55 56 63
 44 45 47 55 56 61 62
 36 58 74
 36 58 72 73
 36 58 60 62 74
 36 58 60 62 72 73
 36 58 59 60 74
 36 58 59 60 72 73
 36 57 58 74
 36 57 58 72 73
 36 57 58 60 74
 36 57 58 60 72 73
 36 47 58
 36 47 58 60 62
 36 47 58 59 60
 36 47 57 58
 36 47 57 58 60
 36 46 58 60
 36 46 58 60 61
 36 46 58 60 61 74
 36 46 58 60 61 72 73
 36 46 58 59 60
 36 46 58 59 60 74
 36 46 58 59 60 72 73
 36 46 55 56 74
 36 46 55 56 72 73
 36 46 55 56 59
 36 46 55 56 59 61
 36 46 55 56 59 60
 36 46 55 56 57 58
 36 46 55 56 57 58 61
 36 46 55 56 57 58 59 60
 36 46 47 58 60 61
 36 46 47 58 59 60
 36 46 47 55 56
 36 44 45 58 60
 36 44 45 58 60 61
 36 44 45 58 60 61 74
 36 44 45 58 60 61 72 73
 36 44 45 58 59 60
 36 44 45 58 59 60 74
 36 44 45 58 59 60 72 73
 36 44 45 55 56 74
 36 44 45 55 56 72 73
 36 44 45 55 56 59
 36 44 45 55 56 59 61
 36 44 45 55 56 59 60
 36 44 45 55 56 57 58
 36 44 45 55 56 57 58 61
 36 44 45 55 56 57 58 59 60
 36 44 45 47 58 60 61
 36 44 45 47 58 59 60
 36 44 45 47 55 56
 34 46 58 60 63
 34 46 58 60 63 74
 34 46 58 60 63 72 73
 34 46 58 60 61 62
 34 46 58 60 61 62 74
 34 46 58 60 61 62 72 73
 34 46 55 56 59 63
 34 46 55 56 59 61 62
 34 46 55 56 57 58 63
 34 46 55 56 57 58 61 62
 34 46 47 58 60 63
 34 46 47 58 60 61 62
 34 44 45 58 60 63
 34 44 45 58 60 63 74
 34 44 45 58 60 63 72 73
 34 44 45 58 60 61 62
 34 44 45 58 60 61 62 74
 34 44 45 58 60 61 62 72 73
 34 44 45 55 56 59 63
 34 44 45 55 56 59 61 62
 34 44 45 55 56 57 58 63
 34 44 45 55 56 57 58 61 62
 34 44 45 47 58 60 63
 34 44 45 47 58 60 61 62
 34 36 46 58 60
 34 36 46 58 60 74
 34 36 46 58 60 72 73
 34 36 46 55 56 59
 34 36 46 55 56 57 58
 34 36 46 47 58 60
 34 36 44 45 58 60
 34 36 44 45 58 60 74
 34 36 44 45 58 60 72 73
 34 36 44 45 55 56 59
 34 36 44 45 55 56 57 58
 34 36 44 45 47 58 60
 32 58 60 63 74
 32 58 60 63 72 73
 32 58 60 61 62 74
 32 58 60 61 62 72 73
 32 47 58 60 63
 32 47 58 60 61 62
 32 46 55 56 63
 32 46 55 56 61 63
 32 46 55 56 59 60 63
 32 46 55 56 59 60 61 62
 32 44 45 55 56 63
 32 44 45 55 56 61 63
 32 44 45 55 56 59 60 63
 32 44 45 55 56 59 60 61 62
 32 36 58 60 74
 32 36 58 60 72 73
 32 36 47 58 60
 32 36 46 55 56
 32 36 46 55 56 61
 32 36 46 55 56 59 60
 32 36 44 45 55 56
 32 36 44 45 55 56 61
 32 36 44 45 55 56 59 60
 32 34 46 55 56 63
 32 34 46 55 56 61 62
 32 34 44 45 55 56 63
 32 34 44 45 55 56 61 62
 32 34 36 46 55 56
 32 34 36 44 45 55 56
 30 58 63 74
 30 58 63 72 73
 30 58 61 62 74
 30 58 61 62 72 73
 30 47 58 63
 30 47 58 61 62
 30 36 58 74
 30 36 58 72 73
 30 36 47 58
 29 58 63 74
 29 58 63 72 73
 29 58 61 62 74
 29 58 61 62 72 73
 29 58 60 62 63 74
 29 58 60 62 63 72 73
 29 58 60 61 62 74
 29 58 60 61 62 72 73
 29 58 59 60 63 74
 29 58 59 60 63 72 73
 29 58 59 60 61 62 74
 29 58 59 60 61 62 72 73
 29 57 58 60 63 74
 29 57 58 60 63 72 73
 29 57 58 60 61 62 74
 29 57 58 60 61 62 72 73
 29 47 58 63
 29 47 58 61 62
 29 47 58 60 62 63
 29 47 58 60 61 62
 29 47 58 59 60 63
 29 47 58 59 60 61 62
 29 47 57 58 60 63
 29 47 57 58 60 61 62
 29 46 58 60 61 63 74
 29 46 58 60 61 63 72 73
 29 46 58 60 61 62 74
 29 46 58 60 61 62 72 73
 29 46 58 59 60 63 74
 29 46 58 59 60 63 72 73
 29 46 58 59 60 61 62 74
 29 46 58 59 60 61 62 72 73
 29 46 47 58 60 61 63
 29 46 47 58 60 61 62
 29 46 47 58 59 60 63
 29 46 47 58 59 60 61 62
 29 44 45 58 60 61 63 74
 29 44 45 58 60 61 63 72 73
 29 44 45 58 60 61 62 74
 29 44 45 58 60 61 62 72 73
 29 44 45 58 59 60 63 74
 29 44 45 58 59 60 63 72 73
 29 44 45 58 59 60 61 62 74
 29 44 45 58 59 60 61 62 72 73
 29 44 45 47 58 60 61 63
 29 44 45 47 58 60 61 62
 29 44 45 47 58 59 60 63
 29 44 45 47 58 59 60 61 62
 29 36 58 74
 29 36 58 72 73
 29 36 58 60 62 74
 29 36 58 60 62 72 73
 29 36 58 59 60 74
 29 36 58 59 60 72 73
 29 36 57 58 60 74
 29 36 57 58 60 72 73
 29 36 47 58
 29 36 47 58 60 62
 29 36 47 58 59 60
 29 36 47 57 58 60
 29 36 46 58 60 61 74
 29 36 46 58 60 61 72 73
 29 36 46 58 59 60 74
 29 36 46 58 59 60 72 73
 29 36 46 47 58 60 61
 29 36 46 47 58 59 60
 29 36 44 45 58 60 61 74
 29 36 44 45 58 60 61 72 73
 29 36 44 45 58 59 60 74
 29 36 44 45 58 59 60 72 73
 29 36 44 45 47 58 60 61
 29 36 44 45 47 58 59 60
 29 34 46 58 60 63 74
 29 34 46 58 60 63 72 73
 29 34 46 58 60 61 62 74
 29 34 46 58 60 61 62 72 73
 29 34 46 47 58 60 63
 29 34 46 47 58 60 61 62
 29 34 44 45 58 60 63 74
 29 34 44 45 58 60 63 72 73
 29 34 44 45 58 60 61 62 74
 29 34 44 45 58 60 61 62 72 73
 29 34 44 45 47 58 60 63
 29 34 44 45 47 58 60 61 62
 29 34 36 46 58 60 74
 29 34 36 46 58 60 72 73
 29 34 36 46 47 58 60
 29 34 36 44 45 58 60 74
 29 34 36 44 45 58 60 72 73
 29 34 36 44 45 47 58 60
 29 32 58 60 63 74
 29 32 58 60 63 72 73
 29 32 58 60 61 62 74
 29 32 58 60 61 62 72 73
 29 32 47 58 60 63
 29 32 47 58 60 61 62
 29 32 36 58 60 74
 29 32 36 58 60 72 73
 29 32 36 47 58 60
 28 58 63 74
 28 58 63 72 73
 28 58 61 62 74
 28 58 61 62 72 73
 28 47 58 63
 28 47 58 61 62
 28 36 58 74
 28 36 58 72 73
 28 36 47 58
 27 46 55 56 63 74
 27 46 55 56 63 72 73
 27 46 55 56 61 62 74
 27 46 55 56 61 62 72 73
 27 46 55 56 59 63
 27 46 55 56 59 61 63
 27 46 55 56 59 60 63
 27 46 55 56 59 60 61 62
 27 46 55 56 57 58 63
 27 46 55 56 57 58 61 63
 27 46 55 56 57 58 59 60 63
 27 46 55 56 57 58 59 60 61 62
 27 46 47 55 56 63
 27 46 47 55 56 61 62
 27 44 45 55 56 63 74
 27 44 45 55 56 63 72 73
 27 44 45 55 56 61 62 74
 27 44 45 55 56 61 62 72 73
 27 44 45 55 56 59 63
 27 44 45 55 56 59 61 63
 27 44 45 55 56 59 60 63
 27 44 45 55 56 59 60 61 62
 27 44 45 55 56 57 58 63
 27 44 45 55 56 57 58 61 63
 27 44 45 55 56 57 58 59 60 63
 27 44 45 55 56 57 58 59 60 61 62
 27 44 45 47 55 56 63
 27 44 45 47 55 56 61 62
 27 36 46 55 56 74
 27 36 46 55 56 72 73
 27 36 46 55 56 59
 27 36 46 55 56 59 61
 27 36 46 55 56 59 60
 27 36 46 55 56 57 58
 27 36 46 55 56 57 58 61
 27 36 46 55 56 57 58 59 60
 27 36 46 47 55 56
 27 36 44 45 55 56 74
 27 36 44 45 55 56 72 73
 27 36 44 45 55 56 59
 27 36 44 45 55 56 59 61
 27 36 44 45 55 56 59 60
 27 36 44 45 55 56 57 58
 27 36 44 45 55 56 57 58 61
 27 36 44 45 55 56 57 58 59 60
 27 36 44 45 47 55 56
 27 34 46 55 56 59 63
 27 34 46 55 56 59 61 62
 27 34 46 55 56 57 58 63
 27 34 46 55 56 57 58 61 62
 27 34 44 45 55 56 59 63
 27 34 44 45 55 56 59 61 62
 27 34 44 45 55 56 57 58 63
 27 34 44 45 55 56 57 58 61 62
 27 34 36 46 55 56 59
 27 34 36 46 55 56 57 58
 27 34 36 44 45 55 56 59
 27 34 36 44 45 55 56 57 58
 27 32 46 55 56 63
 27 32 46 55 56 61 63
 27 32 46 55 56 59 60 63
 27 32 46 55 56 59 60 61 62
 27 32 44 45 55 56 63
 27 32 44 45 55 56 61 63
 27 32 44 45 55 56 59 60 63
 27 32 44 45 55 56 59 60 61 62
 27 32 36 46 55 56
 27 32 36 46 55 56 61
 27 32 36 46 55 56 59 60
 27 32 36 44 45 55 56
 27 32 36 44 45 55 56 61
 27 32 36 44 45 55 56 59 60
 27 32 34 46 55 56 63
 27 32 34 46 55 56 61 62
 27 32 34 44 45 55 56 63
 27 32 34 44 45 55 56 61 62
 27 32 34 36 46 55 56
 27 32 34 36 44 45 55 56
 27 28 58 60 62 63 74
 27 28 58 60 62 63 72 73
 27 28 58 60 61 62 74
 27 28 58 60 61 62 72 73
 27 28 58 59 60 63 74
 27 28 58 59 60 63 72 73
 27 28 58 59 60 61 62 74
 27 28 58 59 60 61 62 72 73
 27 28 57 58 60 63 74
 27 28 57 58 60 63 72 73
 27 28 57 58 60 61 62 74
 27 28 57 58 60 61 62 72 73
 27 28 47 58 60 62 63
 27 28 47 58 60 61 62
 27 28 47 58 59 60 63
 27 28 47 58 59 60 61 62
 27 28 47 57 58 60 63
 27 28 47 57 58 60 61 62
 27 28 46 58 60 61 63 74
 27 28 46 58 60 61 63 72 73
 27 28 46 58 60 61 62 74
 27 28 46 58 60 61 62 72 73
 27 28 46 58 59 60 63 74
 27 28 46 58 59 60 63 72 73
 27 28 46 58 59 60 61 62 74
 27 28 46 58 59 60 61 62 72 73
 27 28 46 47 58 60 61 63
 27 28 46 47 58 60 61 62
 27 28 46 47 58 59 60 63
 27 28 46 47 58 59 60 61 62
 27 28 44 45 58 60 61 63 74
 27 28 44 45 58 60 61 63 72 73
 27 28 44 45 58 60 61 62 74
 27 28 44 45 58 60 61 62 72 73
 27 28 44 45 58 59 60 63 74
 27 28 44 45 58 59 60 63 72 73
 27 28 44 45 58 59 60 61 62 74
 27 28 44 45 58 59 60 61 62 72 73
 27 28 44 45 47 58 60 61 63
 27 28 44 45 47 58 60 61 62
 27 28 44 45 47 58 59 60 63
 27 28 44 45 47 58 59 60 61 62
 27 28 36 58 60 62 74
 27 28 36 58 60 62 72 73
 27 28 36 58 59 60 74
 27 28 36 58 59 60 72 73
 27 28 36 57 58 60 74
 27 28 36 57 58 60 72 73
 27 28 36 47 58 60 62
 27 28 36 47 58 59 60
 27 28 36 47 57 58 60
 27 28 36 46 58 60 61 74
 27 28 36 46 58 60 61 72 73
 27 28 36 46 58 59 60 74
 27 28 36 46 58 59 60 72 73
 27 28 36 46 47 58 60 61
 27 28 36 46 47 58 59 60
 27 28 36 44 45 58 60 61 74
 27 28 36 44 45 58 60 61 72 73
 27 28 36 44 45 58 59 60 74
 27 28 36 44 45 58 59 60 72 73
 27 28 36 44 45 47 58 60 61
 27 28 36 44 45 47 58 59 60
 27 28 34 46 58 60 63 74
 27 28 34 46 58 60 63 72 73
 27 28 34 46 58 60 61 62 74
 27 28 34 46 58 60 61 62 72 73
 27 28 34 46 47 58 60 63
 27 28 34 46 47 58 60 61 62
 27 28 34 44 45 58 60 63 74
 27 28 34 44 45 58 60 63 72 73
 27 28 34 44 45 58 60 61 62 74
 27 28 34 44 45 58 60 61 62 72 73
 27 28 34 44 45 47 58 60 63
 27 28 34 44 45 47 58 60 61 62
 27 28 34 36 46 58 60 74
 27 28 34 36 46 58 60 72 73
 27 28 34 36 46 47 58 60
 27 28 34 36 44 45 58 60 74
 27 28 34 36 44 45 58 60 72 73
 27 28 34 36 44 45 47 58 60
 27 28 32 58 60 63 74
 27 28 32 58 60 63 72 73
 27 28 32 58 60 61 62 74
 27 28 32 58 60 61 62 72 73
 27 28 32 47 58 60 63
 27 28 32 47 58 60 61 62
 27 28 32 36 58 60 74
 27 28 32 36 58 60 72 73
 27 28 32 36 47 58 60
 26 27 58 63 74
 26 27 58 63 72 73
 26 27 58 61 62 74
 26 27 58 61 62 72 73
 26 27 47 58 63
 26 27 47 58 61 62
 26 27 36 58 74
 26 27 36 58 72 73
 26 27 36 47 58
 26 27 29 58 63 74
 26 27 29 58 63 72 73
 26 27 29 58 61 62 74
 26 27 29 58 61 62 72 73
 26 27 29 47 58 63
 26 27 29 47 58 61 62
 26 27 29 36 58 74
 26 27 29 36 58 72 73
 26 27 29 36 47 58
 26 27 28 58 63 74
 26 27 28 58 63 72 73
 26 27 28 58 61 62 74
 26 27 28 58 61 62 72 73
 26 27 28 47 58 63
 26 27 28 47 58 61 62
 26 27 28 36 58 74
 26 27 28 36 58 72 73
 26 27 28 36 47 58
 25 26 46 55 56 63 74
 25 26 46 55 56 63 72 73
 25 26 46 55 56 61 62 74
 25 26 46 55 56 61 62 72 73
 25 26 46 55 56 59 63
 25 26 46 55 56 59 61 63
 25 26 46 55 56 59 60 63
 25 26 46 55 56 59 60 61 62
 25 26 46 55 56 57 58 63
 25 26 46 55 56 57 58 61 63
 25 26 46 55 56 57 58 59 60 63
 25 26 46 55 56 57 58 59 60 61 62
 25 26 46 47 55 56 63
 25 26 46 47 55 56 61 62
 25 26 44 45 55 56 63 74
 25 26 44 45 55 56 63 72 73
 25 26 44 45 55 56 61 62 74
 25 26 44 45 55 56 61 62 72 73
 25 26 44 45 55 56 59 63
 25 26 44 45 55 56 59 61 63
 25 26 44 45 55 56 59 60 63
 25 26 44 45 55 56 59 60 61 62
 25 26 44 45 55 56 57 58 63
 25 26 44 45 55 56 57 58 61 63
 25 26 44 45 55 56 57 58 59 60 63
 25 26 44 45 55 56 57 58 59 60 61 62
 25 26 44 45 47 55 56 63
 25 26 44 45 47 55 56 61 62
 25 26 36 46 55 56 74
 25 26 36 46 55 56 72 73
 25 26 36 46 55 56 59
 25 26 36 46 55 56 59 61
 25 26 36 46 55 56 59 60
 25 26 36 46 55 56 57 58
 25 26 36 46 55 56 57 58 61
 25 26 36 46 55 56 57 58 59 60
 25 26 36 46 47 55 56
 25 26 36 44 45 55 56 74
 25 26 36 44 45 55 56 72 73
 25 26 36 44 45 55 56 59
 25 26 36 44 45 55 56 59 61
 25 26 36 44 45 55 56 59 60
 25 26 36 44 45 55 56 57 58
 25 26 36 44 45 55 56 57 58 61
 25 26 36 44 45 55 56 57 58 59 60
 25 26 36 44 45 47 55 56
 25 26 34 46 55 56 59 63
 25 26 34 46 55 56 59 61 62
 25 26 34 46 55 56 57 58 63
 25 26 34 46 55 56 57 58 61 62
 25 26 34 44 45 55 56 59 63
 25 26 34 44 45 55 56 59 61 62
 25 26 34 44 45 55 56 57 58 63
 25 26 34 44 45 55 56 57 58 61 62
 25 26 34 36 46 55 56 59
 25 26 34 36 46 55 56 57 58
 25 26 34 36 44 45 55 56 59
 25 26 34 36 44 45 55 56 57 58
 25 26 32 46 55 56 63
 25 26 32 46 55 56 61 63
 25 26 32 46 55 56 59 60 63
 25 26 32 46 55 56 59 60 61 62
 25 26 32 44 45 55 56 63
 25 26 32 44 45 55 56 61 63
 25 26 32 44 45 55 56 59 60 63
 25 26 32 44 45 55 56 59 60 61 62
 25 26 32 36 46 55 56
 25 26 32 36 46 55 56 61
 25 26 32 36 46 55 56 59 60
 25 26 32 36 44 45 55 56
 25 26 32 36 44 45 55 56 61
 25 26 32 36 44 45 55 56 59 60
 25 26 32 34 46 55 56 63
 25 26 32 34 46 55 56 61 62
 25 26 32 34 44 45 55 56 63
 25 26 32 34 44 45 55 56 61 62
 25 26 32 34 36 46 55 56
 25 26 32 34 36 44 45 55 56
 19 58 60 63
 19 58 60 61 63
 19 58 60 61 63 74
 19 58 60 61 63 72 73
 19 58 60 61 62 74
 19 58 60 61 62 72 73
 19 58 59 60 63
 19 58 59 60 63 74
 19 58 59 60 63 72 73
 19 58 59 60 61 62
 19 58 59 60 61 62 74
 19 58 59 60 61 62 72 73
 19 55 56 63 74
 19 55 56 63 72 73
 19 55 56 61 62 74
 19 55 56 61 62 72 73
 19 55 56 59 63
 19 55 56 59 61 63
 19 55 56 59 60 63
 19 55 56 59 60 61 62
 19 55 56 57 58 63
 19 55 56 57 58 61 63
 19 55 56 57 58 59 60 63
 19 55 56 57 58 59 60 61 62
 19 47 58 60 61 63
 19 47 58 60 61 62
 19 47 58 59 60 63
 19 47 58 59 60 61 62
 19 47 55 56 63
 19 47 55 56 61 62
 19 36 58 60
 19 36 58 60 61
 19 36 58 60 61 74
 19 36 58 60 61 72 73
 19 36 58 59 60
 19 36 58 59 60 74
 19 36 58 59 60 72 73
 19 36 55 56 74
 19 36 55 56 72 73
 19 36 55 56 59
 19 36 55 56 59 61
 19 36 55 56 59 60
 19 36 55 56 57 58
 19 36 55 56 57 58 61
 19 36 55 56 57 58 59 60
 19 36 47 58 60 61
 19 36 47 58 59 60
 19 36 47 55 56
 19 34 58 60 63
 19 34 58 60 63 74
 19 34 58 60 63 72 73
 19 34 58 60 61 62
 19 34 58 60 61 62 74
 19 34 58 60 61 62 72 73
 19 34 55 56 59 63
 19 34 55 56 59 61 62
 19 34 55 56 57 58 63
 19 34 55 56 57 58 61 62
 19 34 47 58 60 63
 19 34 47 58 60 61 62
 19 34 36 58 60
 19 34 36 58 60 74
 19 34 36 58 60 72 73
 19 34 36 55 56 59
 19 34 36 55 56 57 58
 19 34 36 47 58 60
 19 32 55 56 63
 19 32 55 56 61 63
 19 32 55 56 59 60 63
 19 32 55 56 59 60 61 62
 19 32 36 55 56
 19 32 36 55 56 61
 19 32 36 55 56 59 60
 19 32 34 55 56 63
 19 32 34 55 56 61 62
 19 32 34 36 55 56
 19 29 58 60 61 63 74
 19 29 58 60 61 63 72 73
 19 29 58 60 61 62 74
 19 29 58 60 61 62 72 73
 19 29 58 59 60 63 74
 19 29 58 59 60 63 72 73
 19 29 58 59 60 61 62 74
 19 29 58 59 60 61 62 72 73
 19 29 47 58 60 61 63
 19 29 47 58 60 61 62
 19 29 47 58 59 60 63
 19 29 47 58 59 60 61 62
 19 29 36 58 60 61 74
 19 29 36 58 60 61 72 73
 19 29 36 58 59 60 74
 19 29 36 58 59 60 72 73
 19 29 36 47 58 60 61
 19 29 36 47 58 59 60
 19 29 34 58 60 63 74
 19 29 34 58 60 63 72 73
 19 29 34 58 60 61 62 74
 19 29 34 58 60 61 62 72 73
 19 29 34 47 58 60 63
 19 29 34 47 58 60 61 62
 19 29 34 36 58 60 74
 19 29 34 36 58 60 72 73
 19 29 34 36 47 58 60
 19 27 55 56 63 74
 19 27 55 56 63 72 73
 19 27 55 56 61 62 74
 19 27 55 56 61 62 72 73
 19 27 55 56 59 63
 19 27 55 56 59 61 63
 19 27 55 56 59 60 63
 19 27 55 56 59 60 61 62
 19 27 55 56 57 58 63
 19 27 55 56 57 58 61 63
 19 27 55 56 57 58 59 60 63
 19 27 55 56 57 58 59 60 61 62
 19 27 47 55 56 63
 19 27 47 55 56 61 62
 19 27 36 55 56 74
 19 27 36 55 56 72 73
 19 27 36 55 56 59
 19 27 36 55 56 59 61
 19 27 36 55 56 59 60
 19 27 36 55 56 57 58
 19 27 36 55 56 57 58 61
 19 27 36 55 56 57 58 59 60
 19 27 36 47 55 56
 19 27 34 55 56 59 63
 19 27 34 55 56 59 61 62
 19 27 34 55 56 57 58 63
 19 27 34 55 56 57 58 61 62
 19 27 34 36 55 56 59
 19 27 34 36 55 56 57 58
 19 27 32 55 56 63
 19 27 32 55 56 61 63
 19 27 32 55 56 59 60 63
 19 27 32 55 56 59 60 61 62
 19 27 32 36 55 56
 19 27 32 36 55 56 61
 19 27 32 36 55 56 59 60
 19 27 32 34 55 56 63
 19 27 32 34 55 56 61 62
 19 27 32 34 36 55 56
 19 27 28 58 60 61 63 74
 19 27 28 58 60 61 63 72 73
 19 27 28 58 60 61 62 74
 19 27 28 58 60 61 62 72 73
 19 27 28 58 59 60 63 74
 19 27 28 58 59 60 63 72 73
 19 27 28 58 59 60 61 62 74
 19 27 28 58 59 60 61 62 72 73
 19 27 28 47 58 60 61 63
 19 27 28 47 58 60 61 62
 19 27 28 47 58 59 60 63
 19 27 28 47 58 59 60 61 62
 19 27 28 36 58 60 61 74
 19 27 28 36 58 60 61 72 73
 19 27 28 36 58 59 60 74
 19 27 28 36 58 59 60 72 73
 19 27 28 36 47 58 60 61
 19 27 28 36 47 58 59 60
 19 27 28 34 58 60 63 74
 19 27 28 34 58 60 63 72 73
 19 27 28 34 58 60 61 62 74
 19 27 28 34 58 60 61 62 72 73
 19 27 28 34 47 58 60 63
 19 27 28 34 47 58 60 61 62
 19 27 28 34 36 58 60 74
 19 27 28 34 36 58 60 72 73
 19 27 28 34 36 47 58 60
 19 25 26 55 56 63 74
 19 25 26 55 56 63 72 73
 19 25 26 55 56 61 62 74
 19 25 26 55 56 61 62 72 73
 19 25 26 55 56 59 63
 19 25 26 55 56 59 61 63
 19 25 26 55 56 59 60 63
 19 25 26 55 56 59 60 61 62
 19 25 26 55 56 57 58 63
 19 25 26 55 56 57 58 61 63
 19 25 26 55 56 57 58 59 60 63
 19 25 26 55 56 57 58 59 60 61 62
 19 25 26 47 55 56 63
 19 25 26 47 55 56 61 62
 19 25 26 36 55 56 74
 19 25 26 36 55 56 72 73
 19 25 26 36 55 56 59
 19 25 26 36 55 56 59 61
 19 25 26 36 55 56 59 60
 19 25 26 36 55 56 57 58
 19 25 26 36 55 56 57 58 61
 19 25 26 36 55 56 57 58 59 60
 19 25 26 36 47 55 56
 19 25 26 34 55 56 59 63
 19 25 26 34 55 56 59 61 62
 19 25 26 34 55 56 57 58 63
 19 25 26 34 55 56 57 58 61 62
 19 25 26 34 36 55 56 59
 19 25 26 34 36 55 56 57 58
 19 25 26 32 55 56 63
 19 25 26 32 55 56 61 63
 19 25 26 32 55 56 59 60 63
 19 25 26 32 55 56 59 60 61 62
 19 25 26 32 36 55 56
 19 25 26 32 36 55 56 61
 19 25 26 32 36 55 56 59 60
 19 25 26 32 34 55 56 63
 19 25 26 32 34 55 56 61 62
 19 25 26 32 34 36 55 56
 15 58 63 74
 15 58 63 72 73
 15 58 61 62 74
 15 58 61 62 72 73
 15 47 58 63
 15 47 58 61 62
 15 36 58 74
 15 36 58 72 73
 15 36 47 58
 13 14 58 63 74
 13 14 58 63 72 73
 13 14 58 61 62 74
 13 14 58 61 62 72 73
 13 14 47 58 63
 13 14 47 58 61 62
 13 14 36 58 74
 13 14 36 58 72 73
 13 14 36 47 58
 3 58 63 74
 3 58 63 72 73
 3 58 61 62 74
 3 58 61 62 72 73
 3 47 58 63
 3 47 58 61 62
 3 36 58 74
 3 36 58 72 73
 3 36 47 58
 2 58 63 74
 2 58 63 72 73
 2 58 61 62 74
 2 58 61 62 72 73
 2 58 60 62 63 74
 2 58 60 62 63 72 73
 2 58 60 61 62 74
 2 58 60 61 62 72 73
 2 58 59 60 63 74
 2 58 59 60 63 72 73
 2 58 59 60 61 62 74
 2 58 59 60 61 62 72 73
 2 57 58 60 63 74
 2 57 58 60 63 72 73
 2 57 58 60 61 62 74
 2 57 58 60 61 62 72 73
 2 47 58 63
 2 47 58 61 62
 2 47 58 60 62 63
 2 47 58 60 61 62
 2 47 58 59 60 63
 2 47 58 59 60 61 62
 2 47 57 58 60 63
 2 47 57 58 60 61 62
 2 46 58 60 61 63 74
 2 46 58 60 61 63 72 73
 2 46 58 60 61 62 74
 2 46 58 60 61 62 72 73
 2 46 58 59 60 63 74
 2 46 58 59 60 63 72 73
 2 46 58 59 60 61 62 74
 2 46 58 59 60 61 62 72 73
 2 46 47 58 60 61 63
 2 46 47 58 60 61 62
 2 46 47 58 59 60 63
 2 46 47 58 59 60 61 62
 2 44 45 58 60 61 63 74
 2 44 45 58 60 61 63 72 73
 2 44 45 58 60 61 62 74
 2 44 45 58 60 61 62 72 73
 2 44 45 58 59 60 63 74
 2 44 45 58 59 60 63 72 73
 2 44 45 58 59 60 61 62 74
 2 44 45 58 59 60 61 62 72 73
 2 44 45 47 58 60 61 63
 2 44 45 47 58 60 61 62
 2 44 45 47 58 59 60 63
 2 44 45 47 58 59 60 61 62
 2 36 58 74
 2 36 58 72 73
 2 36 58 60 62 74
 2 36 58 60 62 72 73
 2 36 58 59 60 74
 2 36 58 59 60 72 73
 2 36 57 58 60 74
 2 36 57 58 60 72 73
 2 36 47 58
 2 36 47 58 60 62
 2 36 47 58 59 60
 2 36 47 57 58 60
 2 36 46 58 60 61 74
 2 36 46 58 60 61 72 73
 2 36 46 58 59 60 74
 2 36 46 58 59 60 72 73
 2 36 46 47 58 60 61
 2 36 46 47 58 59 60
 2 36 44 45 58 60 61 74
 2 36 44 45 58 60 61 72 73
 2 36 44 45 58 59 60 74
 2 36 44 45 58 59 60 72 73
 2 36 44 45 47 58 60 61
 2 36 44 45 47 58 59 60
 2 34 46 58 60 63 74
 2 34 46 58 60 63 72 73
 2 34 46 58 60 61 62 74
 2 34 46 58 60 61 62 72 73
 2 34 46 47 58 60 63
 2 34 46 47 58 60 61 62
 2 34 44 45 58 60 63 74
 2 34 44 45 58 60 63 72 73
 2 34 44 45 58 60 61 62 74
 2 34 44 45 58 60 61 62 72 73
 2 34 44 45 47 58 60 63
 2 34 44 45 47 58 60 61 62
 2 34 36 46 58 60 74
 2 34 36 46 58 60 72 73
 2 34 36 46 47 58 60
 2 34 36 44 45 58 60 74
 2 34 36 44 45 58 60 72 73
 2 34 36 44 45 47 58 60
 2 32 58 60 63 74
 2 32 58 60 63 72 73
 2 32 58 60 61 62 74
 2 32 58 60 61 62 72 73
 2 32 47 58 60 63
 2 32 47 58 60 61 62
 2 32 36 58 60 74
 2 32 36 58 60 72 73
 2 32 36 47 58 60
 2 28 58 63 74
 2 28 58 63 72 73
 2 28 58 61 62 74
 2 28 58 61 62 72 73
 2 28 47 58 63
 2 28 47 58 61 62
 2 28 36 58 74
 2 28 36 58 72 73
 2 28 36 47 58
 2 26 27 58 63 74
 2 26 27 58 63 72 73
 2 26 27 58 61 62 74
 2 26 27 58 61 62 72 73
 2 26 27 47 58 63
 2 26 27 47 58 61 62
 2 26 27 36 58 74
 2 26 27 36 58 72 73
 2 26 27 36 47 58
 2 19 58 60 61 63 74
 2 19 58 60 61 63 72 73
 2 19 58 60 61 62 74
 2 19 58 60 61 62 72 73
 2 19 58 59 60 63 74
 2 19 58 59 60 63 72 73
 2 19 58 59 60 61 62 74
 2 19 58 59 60 61 62 72 73
 2 19 47 58 60 61 63
 2 19 47 58 60 61 62
 2 19 47 58 59 60 63
 2 19 47 58 59 60 61 62
 2 19 36 58 60 61 74
 2 19 36 58 60 61 72 73
 2 19 36 58 59 60 74
 2 19 36 58 59 60 72 73
 2 19 36 47 58 60 61
 2 19 36 47 58 59 60
 2 19 34 58 60 63 74
 2 19 34 58 60 63 72 73
 2 19 34 58 60 61 62 74
 2 19 34 58 60 61 62 72 73
 2 19 34 47 58 60 63
 2 19 34 47 58 60 61 62
 2 19 34 36 58 60 74
 2 19 34 36 58 60 72 73
 2 19 34 36 47 58 60
 1 58 63 74
 1 58 63 72 73
 1 58 61 62 74
 1 58 61 62 72 73
 1 47 58 63
 1 47 58 61 62
 1 36 58 74
 1 36 58 72 73
 1 36 47 58
 1 29 58 63 74
 1 29 58 63 72 73
 1 29 58 61 62 74
 1 29 58 61 62 72 73
 1 29 47 58 63
 1 29 47 58 61 62
 1 29 36 58 74
 1 29 36 58 72 73
 1 29 36 47 58
 1 27 28 58 63 74
 1 27 28 58 63 72 73
 1 27 28 58 61 62 74
 1 27 28 58 61 62 72 73
 1 27 28 47 58 63
 1 27 28 47 58 61 62
 1 27 28 36 58 74
 1 27 28 36 58 72 73
 1 27 28 36 47 58
 1 2 58 63 74
 1 2 58 63 72 73
 1 2 58 61 62 74
 1 2 58 61 62 72 73
 1 2 47 58 63
 1 2 47 58 61 62
 1 2 36 58 74
 1 2 36 58 72 73
 1 2 36 47 58
 0 46 55 56 63 74
 0 46 55 56 63 72 73
 0 46 55 56 61 62 74
 0 46 55 56 61 62 72 73
 0 46 55 56 59 63
 0 46 55 56 59 61 63
 0 46 55 56 59 60 63
 0 46 55 56 59 60 61 62
 0 46 55 56 57 58 63
 0 46 55 56 57 58 61 63
 0 46 55 56 57 58 59 60 63
 0 46 55 56 57 58 59 60 61 62
 0 46 47 55 56 63
 0 46 47 55 56 61 62
 0 44 45 55 56 63 74
 0 44 45 55 56 63 72 73
 0 44 45 55 56 61 62 74
 0 44 45 55 56 61 62 72 73
 0 44 45 55 56 59 63
 0 44 45 55 56 59 61 63
 0 44 45 55 56 59 60 63
 0 44 45 55 56 59 60 61 62
 0 44 45 55 56 57 58 63
 0 44 45 55 56 57 58 61 63
 0 44 45 55 56 57 58 59 60 63
 0 44 45 55 56 57 58 59 60 61 62
 0 44 45 47 55 56 63
 0 44 45 47 55 56 61 62
 0 36 46 55 56 74
 0 36 46 55 56 72 73
 0 36 46 55 56 59
 0 36 46 55 56 59 61
 0 36 46 55 56 59 60
 0 36 46 55 56 57 58
 0 36 46 55 56 57 58 61
 0 36 46 55 56 57 58 59 60
 0 36 46 47 55 56
 0 36 44 45 55 56 74
 0 36 44 45 55 56 72 73
 0 36 44 45 55 56 59
 0 36 44 45 55 56 59 61
 0 36 44 45 55 56 59 60
 0 36 44 45 55 56 57 58
 0 36 44 45 55 56 57 58 61
 0 36 44 45 55 56 57 58 59 60
 0 36 44 45 47 55 56
 0 34 46 55 56 59 63
 0 34 46 55 56 59 61 62
 0 34 46 55 56 57 58 63
 0 34 46 55 56 57 58 61 62
 0 34 44 45 55 56 59 63
 0 34 44 45 55 56 59 61 62
 0 34 44 45 55 56 57 58 63
 0 34 44 45 55 56 57 58 61 62
 0 34 36 46 55 56 59
 0 34 36 46 55 56 57 58
 0 34 36 44 45 55 56 59
 0 34 36 44 45 55 56 57 58
 0 32 46 55 56 63
 0 32 46 55 56 61 63
 0 32 46 55 56 59 60 63
 0 32 46 55 56 59 60 61 62
 0 32 44 45 55 56 63
 0 32 44 45 55 56 61 63
 0 32 44 45 55 56 59 60 63
 0 32 44 45 55 56 59 60 61 62
 0 32 36 46 55 56
 0 32 36 46 55 56 61
 0 32 36 46 55 56 59 60
 0 32 36 44 45 55 56
 0 32 36 44 45 55 56 61
 0 32 36 44 45 55 56 59 60
 0 32 34 46 55 56 63
 0 32 34 46 55 56 61 62
 0 32 34 44 45 55 56 63
 0 32 34 44 45 55 56 61 62
 0 32 34 36 46 55 56
 0 32 34 36 44 45 55 56
 0 19 55 56 63 74
 0 19 55 56 63 72 73
 0 19 55 56 61 62 74
 0 19 55 56 61 62 72 73
 0 19 55 56 59 63
 0 19 55 56 59 61 63
 0 19 55 56 59 60 63
 0 19 55 56 59 60 61 62
 0 19 55 56 57 58 63
 0 19 55 56 57 58 61 63
 0 19 55 56 57 58 59 60 63
 0 19 55 56 57 58 59 60 61 62
 0 19 47 55 56 63
 0 19 47 55 56 61 62
 0 19 36 55 56 74
 0 19 36 55 56 72 73
 0 19 36 55 56 59
 0 19 36 55 56 59 61
 0 19 36 55 56 59 60
 0 19 36 55 56 57 58
 0 19 36 55 56 57 58 61
 0 19 36 55 56 57 58 59 60
 0 19 36 47 55 56
 0 19 34 55 56 59 63
 0 19 34 55 56 59 61 62
 0 19 34 55 56 57 58 63
 0 19 34 55 56 57 58 61 62
 0 19 34 36 55 56 59
 0 19 34 36 55 56 57 58
 0 19 32 55 56 63
 0 19 32 55 56 61 63
 0 19 32 55 56 59 60 63
 0 19 32 55 56 59 60 61 62
 0 19 32 36 55 56
 0 19 32 36 55 56 61
 0 19 32 36 55 56 59 60
 0 19 32 34 55 56 63
 0 19 32 34 55 56 61 62
 0 19 32 34 36 55 56
