 39 46 58 60 64 74 78 79
 39 46 58 60 64 72 73 78 79
 39 46 58 59 60 64 74
 39 46 58 59 60 64 72 73
 39 46 57 58 60 64 74
 39 46 57 58 60 64 72 73
 39 46 56 60 63 64 74
 39 46 56 60 63 64 72 73
 39 46 56 60 61 62 64 74
 39 46 56 60 61 62 64 72 73
 39 46 56 59 60 63 64 74
 39 46 56 59 60 63 64 72 73
 39 46 56 59 60 61 62 64 74
 39 46 56 59 60 61 62 64 72 73
 39 46 56 57 58 60 63 64 74
 39 46 56 57 58 60 63 64 72 73
 39 46 56 57 58 60 61 62 64 74
 39 46 56 57 58 60 61 62 64 72 73
 39 46 53 58 60 64 74
 39 46 53 58 60 64 72 73
 39 46 47 58 60 64 78 79
 39 46 47 58 59 60 64
 39 46 47 57 58 60 64
 39 46 47 56 60 63 64
 39 46 47 56 60 61 62 64
 39 46 47 56 59 60 63 64
 39 46 47 56 59 60 61 62 64
 39 46 47 56 57 58 60 63 64
 39 46 47 56 57 58 60 61 62 64
 39 46 47 53 58 60 64
 39 44 46 58 60 64 74
 39 44 46 58 60 64 72 73
 39 44 46 47 58 60 64
 39 44 45 58 60 64 74
 39 44 45 58 60 64 74 78 79
 39 44 45 58 60 64 72 73
 39 44 45 58 60 64 72 73 78 79
 39 44 45 58 59 60 64 74
 39 44 45 58 59 60 64 72 73
 39 44 45 57 58 60 64 74
 39 44 45 57 58 60 64 72 73
 39 44 45 56 60 63 64 74
 39 44 45 56 60 63 64 72 73
 39 44 45 56 60 61 62 64 74
 39 44 45 56 60 61 62 64 72 73
 39 44 45 56 59 60 63 64 74
 39 44 45 56 59 60 63 64 72 73
 39 44 45 56 59 60 61 62 64 74
 39 44 45 56 59 60 61 62 64 72 73
 39 44 45 56 57 58 60 63 64 74
 39 44 45 56 57 58 60 63 64 72 73
 39 44 45 56 57 58 60 61 62 64 74
 39 44 45 56 57 58 60 61 62 64 72 73
 39 44 45 53 58 60 64 74
 39 44 45 53 58 60 64 72 73
 39 44 45 47 58 60 64
 39 44 45 47 58 60 64 78 79
 39 44 45 47 58 59 60 64
 39 44 45 47 57 58 60 64
 39 44 45 47 56 60 63 64
 39 44 45 47 56 60 61 62 64
 39 44 45 47 56 59 60 63 64
 39 44 45 47 56 59 60 61 62 64
 39 44 45 47 56 57 58 60 63 64
 39 44 45 47 56 57 58 60 61 62 64
 39 44 45 47 53 58 60 64
 37 38 46 58 60 64 74 78 79
 37 38 46 58 60 64 72 73 78 79
 37 38 46 58 59 60 64 74
 37 38 46 58 59 60 64 72 73
 37 38 46 57 58 60 64 74
 37 38 46 57 58 60 64 72 73
 37 38 46 56 60 63 64 74
 37 38 46 56 60 63 64 72 73
 37 38 46 56 60 61 62 64 74
 37 38 46 56 60 61 62 64 72 73
 37 38 46 56 59 60 63 64 74
 37 38 46 56 59 60 63 64 72 73
 37 38 46 56 59 60 61 62 64 74
 37 38 46 56 59 60 61 62 64 72 73
 37 38 46 56 57 58 60 63 64 74
 37 38 46 56 57 58 60 63 64 72 73
 37 38 46 56 57 58 60 61 62 64 74
 37 38 46 56 57 58 60 61 62 64 72 73
 37 38 46 53 58 60 64 74
 37 38 46 53 58 60 64 72 73
 37 38 46 47 58 60 64 78 79
 37 38 46 47 58 59 60 64
 37 38 46 47 57 58 60 64
 37 38 46 47 56 60 63 64
 37 38 46 47 56 60 61 62 64
 37 38 46 47 56 59 60 63 64
 37 38 46 47 56 59 60 61 62 64
 37 38 46 47 56 57 58 60 63 64
 37 38 46 47 56 57 58 60 61 62 64
 37 38 46 47 53 58 60 64
 37 38 44 46 58 60 64 74
 37 38 44 46 58 60 64 72 73
 37 38 44 46 47 58 60 64
 37 38 44 45 58 60 64 74
 37 38 44 45 58 60 64 74 78 79
 37 38 44 45 58 60 64 72 73
 37 38 44 45 58 60 64 72 73 78 79
 37 38 44 45 58 59 60 64 74
 37 38 44 45 58 59 60 64 72 73
 37 38 44 45 57 58 60 64 74
 37 38 44 45 57 58 60 64 72 73
 37 38 44 45 56 60 63 64 74
 37 38 44 45 56 60 63 64 72 73
 37 38 44 45 56 60 61 62 64 74
 37 38 44 45 56 60 61 62 64 72 73
 37 38 44 45 56 59 60 63 64 74
 37 38 44 45 56 59 60 63 64 72 73
 37 38 44 45 56 59 60 61 62 64 74
 37 38 44 45 56 59 60 61 62 64 72 73
 37 38 44 45 56 57 58 60 63 64 74
 37 38 44 45 56 57 58 60 63 64 72 73
 37 38 44 45 56 57 58 60 61 62 64 74
 37 38 44 45 56 57 58 60 61 62 64 72 73
 37 38 44 45 53 58 60 64 74
 37 38 44 45 53 58 60 64 72 73
 37 38 44 45 47 58 60 64
 37 38 44 45 47 58 60 64 78 79
 37 38 44 45 47 58 59 60 64
 37 38 44 45 47 57 58 60 64
 37 38 44 45 47 56 60 63 64
 37 38 44 45 47 56 60 61 62 64
 37 38 44 45 47 56 59 60 63 64
 37 38 44 45 47 56 59 60 61 62 64
 37 38 44 45 47 56 57 58 60 63 64
 37 38 44 45 47 56 57 58 60 61 62 64
 37 38 44 45 47 53 58 60 64
 36 39 46 56 60 64 74
 36 39 46 56 60 64 72 73
 36 39 46 56 59 60 64 74
 36 39 46 56 59 60 64 72 73
 36 39 46 56 57 58 60 64 74
 36 39 46 56 57 58 60 64 72 73
 36 39 46 47 56 60 64
 36 39 46 47 56 59 60 64
 36 39 46 47 56 57 58 60 64
 36 39 44 45 56 60 64 74
 36 39 44 45 56 60 64 72 73
 36 39 44 45 56 59 60 64 74
 36 39 44 45 56 59 60 64 72 73
 36 39 44 45 56 57 58 60 64 74
 36 39 44 45 56 57 58 60 64 72 73
 36 39 44 45 47 56 60 64
 36 39 44 45 47 56 59 60 64
 36 39 44 45 47 56 57 58 60 64
 36 37 38 46 56 60 64 74
 36 37 38 46 56 60 64 72 73
 36 37 38 46 56 59 60 64 74
 36 37 38 46 56 59 60 64 72 73
 36 37 38 46 56 57 58 60 64 74
 36 37 38 46 56 57 58 60 64 72 73
 36 37 38 46 47 56 60 64
 36 37 38 46 47 56 59 60 64
 36 37 38 46 47 56 57 58 60 64
 36 37 38 44 45 56 60 64 74
 36 37 38 44 45 56 60 64 72 73
 36 37 38 44 45 56 59 60 64 74
 36 37 38 44 45 56 59 60 64 72 73
 36 37 38 44 45 56 57 58 60 64 74
 36 37 38 44 45 56 57 58 60 64 72 73
 36 37 38 44 45 47 56 60 64
 36 37 38 44 45 47 56 59 60 64
 36 37 38 44 45 47 56 57 58 60 64
 35 39 46 59 63
 35 39 46 59 61 62
 35 39 46 57 58 63
 35 39 46 57 58 61 62
 35 39 44 45 59 63
 35 39 44 45 59 61 62
 35 39 44 45 57 58 63
 35 39 44 45 57 58 61 62
 35 37 38 46 59 63
 35 37 38 46 59 61 62
 35 37 38 46 57 58 63
 35 37 38 46 57 58 61 62
 35 37 38 44 45 59 63
 35 37 38 44 45 59 61 62
 35 37 38 44 45 57 58 63
 35 37 38 44 45 57 58 61 62
 35 36 39 46 59
 35 36 39 46 57 58
 35 36 39 44 45 59
 35 36 39 44 45 57 58
 35 36 37 38 46 59
 35 36 37 38 46 57 58
 35 36 37 38 44 45 59
 35 36 37 38 44 45 57 58
 33 39 46 56 58 61 74
 33 39 46 56 58 61 72 73
 33 39 46 56 58 59 60 74
 33 39 46 56 58 59 60 72 73
 33 39 46 47 56 58 61
 33 39 46 47 56 58 59 60
 33 39 44 45 56 58 61 74
 33 39 44 45 56 58 61 72 73
 33 39 44 45 56 58 59 60 74
 33 39 44 45 56 58 59 60 72 73
 33 39 44 45 47 56 58 61
 33 39 44 45 47 56 58 59 60
 33 37 38 46 56 58 61 74
 33 37 38 46 56 58 61 72 73
 33 37 38 46 56 58 59 60 74
 33 37 38 46 56 58 59 60 72 73
 33 37 38 46 47 56 58 61
 33 37 38 46 47 56 58 59 60
 33 37 38 44 45 56 58 61 74
 33 37 38 44 45 56 58 61 72 73
 33 37 38 44 45 56 58 59 60 74
 33 37 38 44 45 56 58 59 60 72 73
 33 37 38 44 45 47 56 58 61
 33 37 38 44 45 47 56 58 59 60
 33 34 39 46 59 63
 33 34 39 46 59 61 62
 33 34 39 46 57 58 63
 33 34 39 46 57 58 61 62
 33 34 39 46 56 58 74
 33 34 39 46 56 58 72 73
 33 34 39 46 47 56 58
 33 34 39 44 45 59 63
 33 34 39 44 45 59 61 62
 33 34 39 44 45 57 58 63
 33 34 39 44 45 57 58 61 62
 33 34 39 44 45 56 58 74
 33 34 39 44 45 56 58 72 73
 33 34 39 44 45 47 56 58
 33 34 37 38 46 59 63
 33 34 37 38 46 59 61 62
 33 34 37 38 46 57 58 63
 33 34 37 38 46 57 58 61 62
 33 34 37 38 46 56 58 74
 33 34 37 38 46 56 58 72 73
 33 34 37 38 46 47 56 58
 33 34 37 38 44 45 59 63
 33 34 37 38 44 45 59 61 62
 33 34 37 38 44 45 57 58 63
 33 34 37 38 44 45 57 58 61 62
 33 34 37 38 44 45 56 58 74
 33 34 37 38 44 45 56 58 72 73
 33 34 37 38 44 45 47 56 58
 33 34 36 39 46 59
 33 34 36 39 46 57 58
 33 34 36 39 44 45 59
 33 34 36 39 44 45 57 58
 33 34 36 37 38 46 59
 33 34 36 37 38 46 57 58
 33 34 36 37 38 44 45 59
 33 34 36 37 38 44 45 57 58
 32 39 46 58 60 64 74
 32 39 46 58 60 64 72 73
 32 39 46 56 60 63 64 74
 32 39 46 56 60 63 64 72 73
 32 39 46 56 60 61 62 64 74
 32 39 46 56 60 61 62 64 72 73
 32 39 46 47 58 60 64
 32 39 46 47 56 60 63 64
 32 39 46 47 56 60 61 62 64
 32 39 44 45 58 60 64 74
 32 39 44 45 58 60 64 72 73
 32 39 44 45 56 60 63 64 74
 32 39 44 45 56 60 63 64 72 73
 32 39 44 45 56 60 61 62 64 74
 32 39 44 45 56 60 61 62 64 72 73
 32 39 44 45 47 58 60 64
 32 39 44 45 47 56 60 63 64
 32 39 44 45 47 56 60 61 62 64
 32 37 38 46 58 60 64 74
 32 37 38 46 58 60 64 72 73
 32 37 38 46 56 60 63 64 74
 32 37 38 46 56 60 63 64 72 73
 32 37 38 46 56 60 61 62 64 74
 32 37 38 46 56 60 61 62 64 72 73
 32 37 38 46 47 58 60 64
 32 37 38 46 47 56 60 63 64
 32 37 38 46 47 56 60 61 62 64
 32 37 38 44 45 58 60 64 74
 32 37 38 44 45 58 60 64 72 73
 32 37 38 44 45 56 60 63 64 74
 32 37 38 44 45 56 60 63 64 72 73
 32 37 38 44 45 56 60 61 62 64 74
 32 37 38 44 45 56 60 61 62 64 72 73
 32 37 38 44 45 47 58 60 64
 32 37 38 44 45 47 56 60 63 64
 32 37 38 44 45 47 56 60 61 62 64
 32 36 39 46 56 60 64 74
 32 36 39 46 56 60 64 72 73
 32 36 39 46 47 56 60 64
 32 36 39 44 45 56 60 64 74
 32 36 39 44 45 56 60 64 72 73
 32 36 39 44 45 47 56 60 64
 32 36 37 38 46 56 60 64 74
 32 36 37 38 46 56 60 64 72 73
 32 36 37 38 46 47 56 60 64
 32 36 37 38 44 45 56 60 64 74
 32 36 37 38 44 45 56 60 64 72 73
 32 36 37 38 44 45 47 56 60 64
 32 35 39 46 63
 32 35 39 46 61 62
 32 35 39 44 45 63
 32 35 39 44 45 61 62
 32 35 37 38 46 63
 32 35 37 38 46 61 62
 32 35 37 38 44 45 63
 32 35 37 38 44 45 61 62
 32 35 36 39 46
 32 35 36 39 44 45
 32 35 36 37 38 46
 32 35 36 37 38 44 45
 32 33 34 39 46 63
 32 33 34 39 46 61 62
 32 33 34 39 44 45 63
 32 33 34 39 44 45 61 62
 32 33 34 37 38 46 63
 32 33 34 37 38 46 61 62
 32 33 34 37 38 44 45 63
 32 33 34 37 38 44 45 61 62
 32 33 34 36 39 46
 32 33 34 36 39 44 45
 32 33 34 36 37 38 46
 32 33 34 36 37 38 44 45
 31 32 39 46 56 58 61 74
 31 32 39 46 56 58 61 72 73
 31 32 39 46 56 58 59 60 74
 31 32 39 46 56 58 59 60 72 73
 31 32 39 46 47 56 58 61
 31 32 39 46 47 56 58 59 60
 31 32 39 44 45 56 58 61 74
 31 32 39 44 45 56 58 61 72 73
 31 32 39 44 45 56 58 59 60 74
 31 32 39 44 45 56 58 59 60 72 73
 31 32 39 44 45 47 56 58 61
 31 32 39 44 45 47 56 58 59 60
 31 32 37 38 46 56 58 61 74
 31 32 37 38 46 56 58 61 72 73
 31 32 37 38 46 56 58 59 60 74
 31 32 37 38 46 56 58 59 60 72 73
 31 32 37 38 46 47 56 58 61
 31 32 37 38 46 47 56 58 59 60
 31 32 37 38 44 45 56 58 61 74
 31 32 37 38 44 45 56 58 61 72 73
 31 32 37 38 44 45 56 58 59 60 74
 31 32 37 38 44 45 56 58 59 60 72 73
 31 32 37 38 44 45 47 56 58 61
 31 32 37 38 44 45 47 56 58 59 60
 31 32 34 39 46 56 58 74
 31 32 34 39 46 56 58 72 73
 31 32 34 39 46 47 56 58
 31 32 34 39 44 45 56 58 74
 31 32 34 39 44 45 56 58 72 73
 31 32 34 39 44 45 47 56 58
 31 32 34 37 38 46 56 58 74
 31 32 34 37 38 46 56 58 72 73
 31 32 34 37 38 46 47 56 58
 31 32 34 37 38 44 45 56 58 74
 31 32 34 37 38 44 45 56 58 72 73
 31 32 34 37 38 44 45 47 56 58
 29 39 46 60 63 64 74
 29 39 46 60 63 64 72 73
 29 39 46 60 61 62 64 74
 29 39 46 60 61 62 64 72 73
 29 39 46 59 60 63 64 74
 29 39 46 59 60 63 64 72 73
 29 39 46 59 60 61 62 64 74
 29 39 46 59 60 61 62 64 72 73
 29 39 46 57 58 60 63 64 74
 29 39 46 57 58 60 63 64 72 73
 29 39 46 57 58 60 61 62 64 74
 29 39 46 57 58 60 61 62 64 72 73
 29 39 46 47 60 63 64
 29 39 46 47 60 61 62 64
 29 39 46 47 59 60 63 64
 29 39 46 47 59 60 61 62 64
 29 39 46 47 57 58 60 63 64
 29 39 46 47 57 58 60 61 62 64
 29 39 44 45 60 63 64 74
 29 39 44 45 60 63 64 72 73
 29 39 44 45 60 61 62 64 74
 29 39 44 45 60 61 62 64 72 73
 29 39 44 45 59 60 63 64 74
 29 39 44 45 59 60 63 64 72 73
 29 39 44 45 59 60 61 62 64 74
 29 39 44 45 59 60 61 62 64 72 73
 29 39 44 45 57 58 60 63 64 74
 29 39 44 45 57 58 60 63 64 72 73
 29 39 44 45 57 58 60 61 62 64 74
 29 39 44 45 57 58 60 61 62 64 72 73
 29 39 44 45 47 60 63 64
 29 39 44 45 47 60 61 62 64
 29 39 44 45 47 59 60 63 64
 29 39 44 45 47 59 60 61 62 64
 29 39 44 45 47 57 58 60 63 64
 29 39 44 45 47 57 58 60 61 62 64
 29 37 38 46 60 63 64 74
 29 37 38 46 60 63 64 72 73
 29 37 38 46 60 61 62 64 74
 29 37 38 46 60 61 62 64 72 73
 29 37 38 46 59 60 63 64 74
 29 37 38 46 59 60 63 64 72 73
 29 37 38 46 59 60 61 62 64 74
 29 37 38 46 59 60 61 62 64 72 73
 29 37 38 46 57 58 60 63 64 74
 29 37 38 46 57 58 60 63 64 72 73
 29 37 38 46 57 58 60 61 62 64 74
 29 37 38 46 57 58 60 61 62 64 72 73
 29 37 38 46 47 60 63 64
 29 37 38 46 47 60 61 62 64
 29 37 38 46 47 59 60 63 64
 29 37 38 46 47 59 60 61 62 64
 29 37 38 46 47 57 58 60 63 64
 29 37 38 46 47 57 58 60 61 62 64
 29 37 38 44 45 60 63 64 74
 29 37 38 44 45 60 63 64 72 73
 29 37 38 44 45 60 61 62 64 74
 29 37 38 44 45 60 61 62 64 72 73
 29 37 38 44 45 59 60 63 64 74
 29 37 38 44 45 59 60 63 64 72 73
 29 37 38 44 45 59 60 61 62 64 74
 29 37 38 44 45 59 60 61 62 64 72 73
 29 37 38 44 45 57 58 60 63 64 74
 29 37 38 44 45 57 58 60 63 64 72 73
 29 37 38 44 45 57 58 60 61 62 64 74
 29 37 38 44 45 57 58 60 61 62 64 72 73
 29 37 38 44 45 47 60 63 64
 29 37 38 44 45 47 60 61 62 64
 29 37 38 44 45 47 59 60 63 64
 29 37 38 44 45 47 59 60 61 62 64
 29 37 38 44 45 47 57 58 60 63 64
 29 37 38 44 45 47 57 58 60 61 62 64
 29 36 39 46 60 64 74
 29 36 39 46 60 64 72 73
 29 36 39 46 59 60 64 74
 29 36 39 46 59 60 64 72 73
 29 36 39 46 57 58 60 64 74
 29 36 39 46 57 58 60 64 72 73
 29 36 39 46 47 60 64
 29 36 39 46 47 59 60 64
 29 36 39 46 47 57 58 60 64
 29 36 39 44 45 60 64 74
 29 36 39 44 45 60 64 72 73
 29 36 39 44 45 59 60 64 74
 29 36 39 44 45 59 60 64 72 73
 29 36 39 44 45 57 58 60 64 74
 29 36 39 44 45 57 58 60 64 72 73
 29 36 39 44 45 47 60 64
 29 36 39 44 45 47 59 60 64
 29 36 39 44 45 47 57 58 60 64
 29 36 37 38 46 60 64 74
 29 36 37 38 46 60 64 72 73
 29 36 37 38 46 59 60 64 74
 29 36 37 38 46 59 60 64 72 73
 29 36 37 38 46 57 58 60 64 74
 29 36 37 38 46 57 58 60 64 72 73
 29 36 37 38 46 47 60 64
 29 36 37 38 46 47 59 60 64
 29 36 37 38 46 47 57 58 60 64
 29 36 37 38 44 45 60 64 74
 29 36 37 38 44 45 60 64 72 73
 29 36 37 38 44 45 59 60 64 74
 29 36 37 38 44 45 59 60 64 72 73
 29 36 37 38 44 45 57 58 60 64 74
 29 36 37 38 44 45 57 58 60 64 72 73
 29 36 37 38 44 45 47 60 64
 29 36 37 38 44 45 47 59 60 64
 29 36 37 38 44 45 47 57 58 60 64
 29 32 39 46 60 63 64 74
 29 32 39 46 60 63 64 72 73
 29 32 39 46 60 61 62 64 74
 29 32 39 46 60 61 62 64 72 73
 29 32 39 46 47 60 63 64
 29 32 39 46 47 60 61 62 64
 29 32 39 44 45 60 63 64 74
 29 32 39 44 45 60 63 64 72 73
 29 32 39 44 45 60 61 62 64 74
 29 32 39 44 45 60 61 62 64 72 73
 29 32 39 44 45 47 60 63 64
 29 32 39 44 45 47 60 61 62 64
 29 32 37 38 46 60 63 64 74
 29 32 37 38 46 60 63 64 72 73
 29 32 37 38 46 60 61 62 64 74
 29 32 37 38 46 60 61 62 64 72 73
 29 32 37 38 46 47 60 63 64
 29 32 37 38 46 47 60 61 62 64
 29 32 37 38 44 45 60 63 64 74
 29 32 37 38 44 45 60 63 64 72 73
 29 32 37 38 44 45 60 61 62 64 74
 29 32 37 38 44 45 60 61 62 64 72 73
 29 32 37 38 44 45 47 60 63 64
 29 32 37 38 44 45 47 60 61 62 64
 29 32 36 39 46 60 64 74
 29 32 36 39 46 60 64 72 73
 29 32 36 39 46 47 60 64
 29 32 36 39 44 45 60 64 74
 29 32 36 39 44 45 60 64 72 73
 29 32 36 39 44 45 47 60 64
 29 32 36 37 38 46 60 64 74
 29 32 36 37 38 46 60 64 72 73
 29 32 36 37 38 46 47 60 64
 29 32 36 37 38 44 45 60 64 74
 29 32 36 37 38 44 45 60 64 72 73
 29 32 36 37 38 44 45 47 60 64
 27 28 39 46 60 63 64 74
 27 28 39 46 60 63 64 72 73
 27 28 39 46 60 61 62 64 74
 27 28 39 46 60 61 62 64 72 73
 27 28 39 46 59 60 63 64 74
 27 28 39 46 59 60 63 64 72 73
 27 28 39 46 59 60 61 62 64 74
 27 28 39 46 59 60 61 62 64 72 73
 27 28 39 46 57 58 60 63 64 74
 27 28 39 46 57 58 60 63 64 72 73
 27 28 39 46 57 58 60 61 62 64 74
 27 28 39 46 57 58 60 61 62 64 72 73
 27 28 39 46 47 60 63 64
 27 28 39 46 47 60 61 62 64
 27 28 39 46 47 59 60 63 64
 27 28 39 46 47 59 60 61 62 64
 27 28 39 46 47 57 58 60 63 64
 27 28 39 46 47 57 58 60 61 62 64
 27 28 39 44 45 60 63 64 74
 27 28 39 44 45 60 63 64 72 73
 27 28 39 44 45 60 61 62 64 74
 27 28 39 44 45 60 61 62 64 72 73
 27 28 39 44 45 59 60 63 64 74
 27 28 39 44 45 59 60 63 64 72 73
 27 28 39 44 45 59 60 61 62 64 74
 27 28 39 44 45 59 60 61 62 64 72 73
 27 28 39 44 45 57 58 60 63 64 74
 27 28 39 44 45 57 58 60 63 64 72 73
 27 28 39 44 45 57 58 60 61 62 64 74
 27 28 39 44 45 57 58 60 61 62 64 72 73
 27 28 39 44 45 47 60 63 64
 27 28 39 44 45 47 60 61 62 64
 27 28 39 44 45 47 59 60 63 64
 27 28 39 44 45 47 59 60 61 62 64
 27 28 39 44 45 47 57 58 60 63 64
 27 28 39 44 45 47 57 58 60 61 62 64
 27 28 37 38 46 60 63 64 74
 27 28 37 38 46 60 63 64 72 73
 27 28 37 38 46 60 61 62 64 74
 27 28 37 38 46 60 61 62 64 72 73
 27 28 37 38 46 59 60 63 64 74
 27 28 37 38 46 59 60 63 64 72 73
 27 28 37 38 46 59 60 61 62 64 74
 27 28 37 38 46 59 60 61 62 64 72 73
 27 28 37 38 46 57 58 60 63 64 74
 27 28 37 38 46 57 58 60 63 64 72 73
 27 28 37 38 46 57 58 60 61 62 64 74
 27 28 37 38 46 57 58 60 61 62 64 72 73
 27 28 37 38 46 47 60 63 64
 27 28 37 38 46 47 60 61 62 64
 27 28 37 38 46 47 59 60 63 64
 27 28 37 38 46 47 59 60 61 62 64
 27 28 37 38 46 47 57 58 60 63 64
 27 28 37 38 46 47 57 58 60 61 62 64
 27 28 37 38 44 45 60 63 64 74
 27 28 37 38 44 45 60 63 64 72 73
 27 28 37 38 44 45 60 61 62 64 74
 27 28 37 38 44 45 60 61 62 64 72 73
 27 28 37 38 44 45 59 60 63 64 74
 27 28 37 38 44 45 59 60 63 64 72 73
 27 28 37 38 44 45 59 60 61 62 64 74
 27 28 37 38 44 45 59 60 61 62 64 72 73
 27 28 37 38 44 45 57 58 60 63 64 74
 27 28 37 38 44 45 57 58 60 63 64 72 73
 27 28 37 38 44 45 57 58 60 61 62 64 74
 27 28 37 38 44 45 57 58 60 61 62 64 72 73
 27 28 37 38 44 45 47 60 63 64
 27 28 37 38 44 45 47 60 61 62 64
 27 28 37 38 44 45 47 59 60 63 64
 27 28 37 38 44 45 47 59 60 61 62 64
 27 28 37 38 44 45 47 57 58 60 63 64
 27 28 37 38 44 45 47 57 58 60 61 62 64
 27 28 36 39 46 60 64 74
 27 28 36 39 46 60 64 72 73
 27 28 36 39 46 59 60 64 74
 27 28 36 39 46 59 60 64 72 73
 27 28 36 39 46 57 58 60 64 74
 27 28 36 39 46 57 58 60 64 72 73
 27 28 36 39 46 47 60 64
 27 28 36 39 46 47 59 60 64
 27 28 36 39 46 47 57 58 60 64
 27 28 36 39 44 45 60 64 74
 27 28 36 39 44 45 60 64 72 73
 27 28 36 39 44 45 59 60 64 74
 27 28 36 39 44 45 59 60 64 72 73
 27 28 36 39 44 45 57 58 60 64 74
 27 28 36 39 44 45 57 58 60 64 72 73
 27 28 36 39 44 45 47 60 64
 27 28 36 39 44 45 47 59 60 64
 27 28 36 39 44 45 47 57 58 60 64
 27 28 36 37 38 46 60 64 74
 27 28 36 37 38 46 60 64 72 73
 27 28 36 37 38 46 59 60 64 74
 27 28 36 37 38 46 59 60 64 72 73
 27 28 36 37 38 46 57 58 60 64 74
 27 28 36 37 38 46 57 58 60 64 72 73
 27 28 36 37 38 46 47 60 64
 27 28 36 37 38 46 47 59 60 64
 27 28 36 37 38 46 47 57 58 60 64
 27 28 36 37 38 44 45 60 64 74
 27 28 36 37 38 44 45 60 64 72 73
 27 28 36 37 38 44 45 59 60 64 74
 27 28 36 37 38 44 45 59 60 64 72 73
 27 28 36 37 38 44 45 57 58 60 64 74
 27 28 36 37 38 44 45 57 58 60 64 72 73
 27 28 36 37 38 44 45 47 60 64
 27 28 36 37 38 44 45 47 59 60 64
 27 28 36 37 38 44 45 47 57 58 60 64
 27 28 32 39 46 60 63 64 74
 27 28 32 39 46 60 63 64 72 73
 27 28 32 39 46 60 61 62 64 74
 27 28 32 39 46 60 61 62 64 72 73
 27 28 32 39 46 47 60 63 64
 27 28 32 39 46 47 60 61 62 64
 27 28 32 39 44 45 60 63 64 74
 27 28 32 39 44 45 60 63 64 72 73
 27 28 32 39 44 45 60 61 62 64 74
 27 28 32 39 44 45 60 61 62 64 72 73
 27 28 32 39 44 45 47 60 63 64
 27 28 32 39 44 45 47 60 61 62 64
 27 28 32 37 38 46 60 63 64 74
 27 28 32 37 38 46 60 63 64 72 73
 27 28 32 37 38 46 60 61 62 64 74
 27 28 32 37 38 46 60 61 62 64 72 73
 27 28 32 37 38 46 47 60 63 64
 27 28 32 37 38 46 47 60 61 62 64
 27 28 32 37 38 44 45 60 63 64 74
 27 28 32 37 38 44 45 60 63 64 72 73
 27 28 32 37 38 44 45 60 61 62 64 74
 27 28 32 37 38 44 45 60 61 62 64 72 73
 27 28 32 37 38 44 45 47 60 63 64
 27 28 32 37 38 44 45 47 60 61 62 64
 27 28 32 36 39 46 60 64 74
 27 28 32 36 39 46 60 64 72 73
 27 28 32 36 39 46 47 60 64
 27 28 32 36 39 44 45 60 64 74
 27 28 32 36 39 44 45 60 64 72 73
 27 28 32 36 39 44 45 47 60 64
 27 28 32 36 37 38 46 60 64 74
 27 28 32 36 37 38 46 60 64 72 73
 27 28 32 36 37 38 46 47 60 64
 27 28 32 36 37 38 44 45 60 64 74
 27 28 32 36 37 38 44 45 60 64 72 73
 27 28 32 36 37 38 44 45 47 60 64
 19 39 58 60 64 74 78 79
 19 39 58 60 64 72 73 78 79
 19 39 58 59 60 64 74
 19 39 58 59 60 64 72 73
 19 39 57 58 60 64 74
 19 39 57 58 60 64 72 73
 19 39 56 60 63 64 74
 19 39 56 60 63 64 72 73
 19 39 56 60 61 62 64 74
 19 39 56 60 61 62 64 72 73
 19 39 56 59 60 63 64 74
 19 39 56 59 60 63 64 72 73
 19 39 56 59 60 61 62 64 74
 19 39 56 59 60 61 62 64 72 73
 19 39 56 57 58 60 63 64 74
 19 39 56 57 58 60 63 64 72 73
 19 39 56 57 58 60 61 62 64 74
 19 39 56 57 58 60 61 62 64 72 73
 19 39 53 58 60 64 74
 19 39 53 58 60 64 72 73
 19 39 47 58 60 64 78 79
 19 39 47 58 59 60 64
 19 39 47 57 58 60 64
 19 39 47 56 60 63 64
 19 39 47 56 60 61 62 64
 19 39 47 56 59 60 63 64
 19 39 47 56 59 60 61 62 64
 19 39 47 56 57 58 60 63 64
 19 39 47 56 57 58 60 61 62 64
 19 39 47 53 58 60 64
 19 39 44 58 60 64 74
 19 39 44 58 60 64 72 73
 19 39 44 47 58 60 64
 19 37 38 58 60 64 74 78 79
 19 37 38 58 60 64 72 73 78 79
 19 37 38 58 59 60 64 74
 19 37 38 58 59 60 64 72 73
 19 37 38 57 58 60 64 74
 19 37 38 57 58 60 64 72 73
 19 37 38 56 60 63 64 74
 19 37 38 56 60 63 64 72 73
 19 37 38 56 60 61 62 64 74
 19 37 38 56 60 61 62 64 72 73
 19 37 38 56 59 60 63 64 74
 19 37 38 56 59 60 63 64 72 73
 19 37 38 56 59 60 61 62 64 74
 19 37 38 56 59 60 61 62 64 72 73
 19 37 38 56 57 58 60 63 64 74
 19 37 38 56 57 58 60 63 64 72 73
 19 37 38 56 57 58 60 61 62 64 74
 19 37 38 56 57 58 60 61 62 64 72 73
 19 37 38 53 58 60 64 74
 19 37 38 53 58 60 64 72 73
 19 37 38 47 58 60 64 78 79
 19 37 38 47 58 59 60 64
 19 37 38 47 57 58 60 64
 19 37 38 47 56 60 63 64
 19 37 38 47 56 60 61 62 64
 19 37 38 47 56 59 60 63 64
 19 37 38 47 56 59 60 61 62 64
 19 37 38 47 56 57 58 60 63 64
 19 37 38 47 56 57 58 60 61 62 64
 19 37 38 47 53 58 60 64
 19 37 38 44 58 60 64 74
 19 37 38 44 58 60 64 72 73
 19 37 38 44 47 58 60 64
 19 36 39 56 60 64 74
 19 36 39 56 60 64 72 73
 19 36 39 56 59 60 64 74
 19 36 39 56 59 60 64 72 73
 19 36 39 56 57 58 60 64 74
 19 36 39 56 57 58 60 64 72 73
 19 36 39 47 56 60 64
 19 36 39 47 56 59 60 64
 19 36 39 47 56 57 58 60 64
 19 36 37 38 56 60 64 74
 19 36 37 38 56 60 64 72 73
 19 36 37 38 56 59 60 64 74
 19 36 37 38 56 59 60 64 72 73
 19 36 37 38 56 57 58 60 64 74
 19 36 37 38 56 57 58 60 64 72 73
 19 36 37 38 47 56 60 64
 19 36 37 38 47 56 59 60 64
 19 36 37 38 47 56 57 58 60 64
 19 35 39 59 63
 19 35 39 59 61 62
 19 35 39 57 58 63
 19 35 39 57 58 61 62
 19 35 37 38 59 63
 19 35 37 38 59 61 62
 19 35 37 38 57 58 63
 19 35 37 38 57 58 61 62
 19 35 36 39 59
 19 35 36 39 57 58
 19 35 36 37 38 59
 19 35 36 37 38 57 58
 19 33 39 56 58 61 74
 19 33 39 56 58 61 72 73
 19 33 39 56 58 59 60 74
 19 33 39 56 58 59 60 72 73
 19 33 39 47 56 58 61
 19 33 39 47 56 58 59 60
 19 33 37 38 56 58 61 74
 19 33 37 38 56 58 61 72 73
 19 33 37 38 56 58 59 60 74
 19 33 37 38 56 58 59 60 72 73
 19 33 37 38 47 56 58 61
 19 33 37 38 47 56 58 59 60
 19 33 34 39 59 63
 19 33 34 39 59 61 62
 19 33 34 39 57 58 63
 19 33 34 39 57 58 61 62
 19 33 34 39 56 58 74
 19 33 34 39 56 58 72 73
 19 33 34 39 47 56 58
 19 33 34 37 38 59 63
 19 33 34 37 38 59 61 62
 19 33 34 37 38 57 58 63
 19 33 34 37 38 57 58 61 62
 19 33 34 37 38 56 58 74
 19 33 34 37 38 56 58 72 73
 19 33 34 37 38 47 56 58
 19 33 34 36 39 59
 19 33 34 36 39 57 58
 19 33 34 36 37 38 59
 19 33 34 36 37 38 57 58
 19 32 39 58 60 64 74
 19 32 39 58 60 64 72 73
 19 32 39 56 60 63 64 74
 19 32 39 56 60 63 64 72 73
 19 32 39 56 60 61 62 64 74
 19 32 39 56 60 61 62 64 72 73
 19 32 39 47 58 60 64
 19 32 39 47 56 60 63 64
 19 32 39 47 56 60 61 62 64
 19 32 37 38 58 60 64 74
 19 32 37 38 58 60 64 72 73
 19 32 37 38 56 60 63 64 74
 19 32 37 38 56 60 63 64 72 73
 19 32 37 38 56 60 61 62 64 74
 19 32 37 38 56 60 61 62 64 72 73
 19 32 37 38 47 58 60 64
 19 32 37 38 47 56 60 63 64
 19 32 37 38 47 56 60 61 62 64
 19 32 36 39 56 60 64 74
 19 32 36 39 56 60 64 72 73
 19 32 36 39 47 56 60 64
 19 32 36 37 38 56 60 64 74
 19 32 36 37 38 56 60 64 72 73
 19 32 36 37 38 47 56 60 64
 19 32 35 39 63
 19 32 35 39 61 62
 19 32 35 37 38 63
 19 32 35 37 38 61 62
 19 32 35 36 39
 19 32 35 36 37 38
 19 32 33 34 39 63
 19 32 33 34 39 61 62
 19 32 33 34 37 38 63
 19 32 33 34 37 38 61 62
 19 32 33 34 36 39
 19 32 33 34 36 37 38
 19 31 32 39 56 58 61 74
 19 31 32 39 56 58 61 72 73
 19 31 32 39 56 58 59 60 74
 19 31 32 39 56 58 59 60 72 73
 19 31 32 39 47 56 58 61
 19 31 32 39 47 56 58 59 60
 19 31 32 37 38 56 58 61 74
 19 31 32 37 38 56 58 61 72 73
 19 31 32 37 38 56 58 59 60 74
 19 31 32 37 38 56 58 59 60 72 73
 19 31 32 37 38 47 56 58 61
 19 31 32 37 38 47 56 58 59 60
 19 31 32 34 39 56 58 74
 19 31 32 34 39 56 58 72 73
 19 31 32 34 39 47 56 58
 19 31 32 34 37 38 56 58 74
 19 31 32 34 37 38 56 58 72 73
 19 31 32 34 37 38 47 56 58
 19 29 39 60 63 64 74
 19 29 39 60 63 64 72 73
 19 29 39 60 61 62 64 74
 19 29 39 60 61 62 64 72 73
 19 29 39 59 60 63 64 74
 19 29 39 59 60 63 64 72 73
 19 29 39 59 60 61 62 64 74
 19 29 39 59 60 61 62 64 72 73
 19 29 39 57 58 60 63 64 74
 19 29 39 57 58 60 63 64 72 73
 19 29 39 57 58 60 61 62 64 74
 19 29 39 57 58 60 61 62 64 72 73
 19 29 39 47 60 63 64
 19 29 39 47 60 61 62 64
 19 29 39 47 59 60 63 64
 19 29 39 47 59 60 61 62 64
 19 29 39 47 57 58 60 63 64
 19 29 39 47 57 58 60 61 62 64
 19 29 37 38 60 63 64 74
 19 29 37 38 60 63 64 72 73
 19 29 37 38 60 61 62 64 74
 19 29 37 38 60 61 62 64 72 73
 19 29 37 38 59 60 63 64 74
 19 29 37 38 59 60 63 64 72 73
 19 29 37 38 59 60 61 62 64 74
 19 29 37 38 59 60 61 62 64 72 73
 19 29 37 38 57 58 60 63 64 74
 19 29 37 38 57 58 60 63 64 72 73
 19 29 37 38 57 58 60 61 62 64 74
 19 29 37 38 57 58 60 61 62 64 72 73
 19 29 37 38 47 60 63 64
 19 29 37 38 47 60 61 62 64
 19 29 37 38 47 59 60 63 64
 19 29 37 38 47 59 60 61 62 64
 19 29 37 38 47 57 58 60 63 64
 19 29 37 38 47 57 58 60 61 62 64
 19 29 36 39 60 64 74
 19 29 36 39 60 64 72 73
 19 29 36 39 59 60 64 74
 19 29 36 39 59 60 64 72 73
 19 29 36 39 57 58 60 64 74
 19 29 36 39 57 58 60 64 72 73
 19 29 36 39 47 60 64
 19 29 36 39 47 59 60 64
 19 29 36 39 47 57 58 60 64
 19 29 36 37 38 60 64 74
 19 29 36 37 38 60 64 72 73
 19 29 36 37 38 59 60 64 74
 19 29 36 37 38 59 60 64 72 73
 19 29 36 37 38 57 58 60 64 74
 19 29 36 37 38 57 58 60 64 72 73
 19 29 36 37 38 47 60 64
 19 29 36 37 38 47 59 60 64
 19 29 36 37 38 47 57 58 60 64
 19 29 32 39 60 63 64 74
 19 29 32 39 60 63 64 72 73
 19 29 32 39 60 61 62 64 74
 19 29 32 39 60 61 62 64 72 73
 19 29 32 39 47 60 63 64
 19 29 32 39 47 60 61 62 64
 19 29 32 37 38 60 63 64 74
 19 29 32 37 38 60 63 64 72 73
 19 29 32 37 38 60 61 62 64 74
 19 29 32 37 38 60 61 62 64 72 73
 19 29 32 37 38 47 60 63 64
 19 29 32 37 38 47 60 61 62 64
 19 29 32 36 39 60 64 74
 19 29 32 36 39 60 64 72 73
 19 29 32 36 39 47 60 64
 19 29 32 36 37 38 60 64 74
 19 29 32 36 37 38 60 64 72 73
 19 29 32 36 37 38 47 60 64
 19 27 28 39 60 63 64 74
 19 27 28 39 60 63 64 72 73
 19 27 28 39 60 61 62 64 74
 19 27 28 39 60 61 62 64 72 73
 19 27 28 39 59 60 63 64 74
 19 27 28 39 59 60 63 64 72 73
 19 27 28 39 59 60 61 62 64 74
 19 27 28 39 59 60 61 62 64 72 73
 19 27 28 39 57 58 60 63 64 74
 19 27 28 39 57 58 60 63 64 72 73
 19 27 28 39 57 58 60 61 62 64 74
 19 27 28 39 57 58 60 61 62 64 72 73
 19 27 28 39 47 60 63 64
 19 27 28 39 47 60 61 62 64
 19 27 28 39 47 59 60 63 64
 19 27 28 39 47 59 60 61 62 64
 19 27 28 39 47 57 58 60 63 64
 19 27 28 39 47 57 58 60 61 62 64
 19 27 28 37 38 60 63 64 74
 19 27 28 37 38 60 63 64 72 73
 19 27 28 37 38 60 61 62 64 74
 19 27 28 37 38 60 61 62 64 72 73
 19 27 28 37 38 59 60 63 64 74
 19 27 28 37 38 59 60 63 64 72 73
 19 27 28 37 38 59 60 61 62 64 74
 19 27 28 37 38 59 60 61 62 64 72 73
 19 27 28 37 38 57 58 60 63 64 74
 19 27 28 37 38 57 58 60 63 64 72 73
 19 27 28 37 38 57 58 60 61 62 64 74
 19 27 28 37 38 57 58 60 61 62 64 72 73
 19 27 28 37 38 47 60 63 64
 19 27 28 37 38 47 60 61 62 64
 19 27 28 37 38 47 59 60 63 64
 19 27 28 37 38 47 59 60 61 62 64
 19 27 28 37 38 47 57 58 60 63 64
 19 27 28 37 38 47 57 58 60 61 62 64
 19 27 28 36 39 60 64 74
 19 27 28 36 39 60 64 72 73
 19 27 28 36 39 59 60 64 74
 19 27 28 36 39 59 60 64 72 73
 19 27 28 36 39 57 58 60 64 74
 19 27 28 36 39 57 58 60 64 72 73
 19 27 28 36 39 47 60 64
 19 27 28 36 39 47 59 60 64
 19 27 28 36 39 47 57 58 60 64
 19 27 28 36 37 38 60 64 74
 19 27 28 36 37 38 60 64 72 73
 19 27 28 36 37 38 59 60 64 74
 19 27 28 36 37 38 59 60 64 72 73
 19 27 28 36 37 38 57 58 60 64 74
 19 27 28 36 37 38 57 58 60 64 72 73
 19 27 28 36 37 38 47 60 64
 19 27 28 36 37 38 47 59 60 64
 19 27 28 36 37 38 47 57 58 60 64
 19 27 28 32 39 60 63 64 74
 19 27 28 32 39 60 63 64 72 73
 19 27 28 32 39 60 61 62 64 74
 19 27 28 32 39 60 61 62 64 72 73
 19 27 28 32 39 47 60 63 64
 19 27 28 32 39 47 60 61 62 64
 19 27 28 32 37 38 60 63 64 74
 19 27 28 32 37 38 60 63 64 72 73
 19 27 28 32 37 38 60 61 62 64 74
 19 27 28 32 37 38 60 61 62 64 72 73
 19 27 28 32 37 38 47 60 63 64
 19 27 28 32 37 38 47 60 61 62 64
 19 27 28 32 36 39 60 64 74
 19 27 28 32 36 39 60 64 72 73
 19 27 28 32 36 39 47 60 64
 19 27 28 32 36 37 38 60 64 74
 19 27 28 32 36 37 38 60 64 72 73
 19 27 28 32 36 37 38 47 60 64
 12 46 58 60 64 74 78 79
 12 46 58 60 64 72 73 78 79
 12 46 58 59 60 64 74
 12 46 58 59 60 64 72 73
 12 46 57 58 60 64 74
 12 46 57 58 60 64 72 73
 12 46 56 60 63 64 74
 12 46 56 60 63 64 72 73
 12 46 56 60 61 62 64 74
 12 46 56 60 61 62 64 72 73
 12 46 56 59 60 63 64 74
 12 46 56 59 60 63 64 72 73
 12 46 56 59 60 61 62 64 74
 12 46 56 59 60 61 62 64 72 73
 12 46 56 57 58 60 63 64 74
 12 46 56 57 58 60 63 64 72 73
 12 46 56 57 58 60 61 62 64 74
 12 46 56 57 58 60 61 62 64 72 73
 12 46 53 58 60 64 74
 12 46 53 58 60 64 72 73
 12 46 47 58 60 64 78 79
 12 46 47 58 59 60 64
 12 46 47 57 58 60 64
 12 46 47 56 60 63 64
 12 46 47 56 60 61 62 64
 12 46 47 56 59 60 63 64
 12 46 47 56 59 60 61 62 64
 12 46 47 56 57 58 60 63 64
 12 46 47 56 57 58 60 61 62 64
 12 46 47 53 58 60 64
 12 44 46 58 60 64 74
 12 44 46 58 60 64 72 73
 12 44 46 47 58 60 64
 12 44 45 58 60 64 74
 12 44 45 58 60 64 74 78 79
 12 44 45 58 60 64 72 73
 12 44 45 58 60 64 72 73 78 79
 12 44 45 58 59 60 64 74
 12 44 45 58 59 60 64 72 73
 12 44 45 57 58 60 64 74
 12 44 45 57 58 60 64 72 73
 12 44 45 56 60 63 64 74
 12 44 45 56 60 63 64 72 73
 12 44 45 56 60 61 62 64 74
 12 44 45 56 60 61 62 64 72 73
 12 44 45 56 59 60 63 64 74
 12 44 45 56 59 60 63 64 72 73
 12 44 45 56 59 60 61 62 64 74
 12 44 45 56 59 60 61 62 64 72 73
 12 44 45 56 57 58 60 63 64 74
 12 44 45 56 57 58 60 63 64 72 73
 12 44 45 56 57 58 60 61 62 64 74
 12 44 45 56 57 58 60 61 62 64 72 73
 12 44 45 53 58 60 64 74
 12 44 45 53 58 60 64 72 73
 12 44 45 47 58 60 64
 12 44 45 47 58 60 64 78 79
 12 44 45 47 58 59 60 64
 12 44 45 47 57 58 60 64
 12 44 45 47 56 60 63 64
 12 44 45 47 56 60 61 62 64
 12 44 45 47 56 59 60 63 64
 12 44 45 47 56 59 60 61 62 64
 12 44 45 47 56 57 58 60 63 64
 12 44 45 47 56 57 58 60 61 62 64
 12 44 45 47 53 58 60 64
 12 36 46 56 60 64 74
 12 36 46 56 60 64 72 73
 12 36 46 56 59 60 64 74
 12 36 46 56 59 60 64 72 73
 12 36 46 56 57 58 60 64 74
 12 36 46 56 57 58 60 64 72 73
 12 36 46 47 56 60 64
 12 36 46 47 56 59 60 64
 12 36 46 47 56 57 58 60 64
 12 36 44 45 56 60 64 74
 12 36 44 45 56 60 64 72 73
 12 36 44 45 56 59 60 64 74
 12 36 44 45 56 59 60 64 72 73
 12 36 44 45 56 57 58 60 64 74
 12 36 44 45 56 57 58 60 64 72 73
 12 36 44 45 47 56 60 64
 12 36 44 45 47 56 59 60 64
 12 36 44 45 47 56 57 58 60 64
 12 35 46 59 63
 12 35 46 59 61 62
 12 35 46 57 58 63
 12 35 46 57 58 61 62
 12 35 44 45 59 63
 12 35 44 45 59 61 62
 12 35 44 45 57 58 63
 12 35 44 45 57 58 61 62
 12 35 36 46 59
 12 35 36 46 57 58
 12 35 36 44 45 59
 12 35 36 44 45 57 58
 12 33 46 56 58 61 74
 12 33 46 56 58 61 72 73
 12 33 46 56 58 59 60 74
 12 33 46 56 58 59 60 72 73
 12 33 46 47 56 58 61
 12 33 46 47 56 58 59 60
 12 33 44 45 56 58 61 74
 12 33 44 45 56 58 61 72 73
 12 33 44 45 56 58 59 60 74
 12 33 44 45 56 58 59 60 72 73
 12 33 44 45 47 56 58 61
 12 33 44 45 47 56 58 59 60
 12 33 34 46 59 63
 12 33 34 46 59 61 62
 12 33 34 46 57 58 63
 12 33 34 46 57 58 61 62
 12 33 34 46 56 58 74
 12 33 34 46 56 58 72 73
 12 33 34 46 47 56 58
 12 33 34 44 45 59 63
 12 33 34 44 45 59 61 62
 12 33 34 44 45 57 58 63
 12 33 34 44 45 57 58 61 62
 12 33 34 44 45 56 58 74
 12 33 34 44 45 56 58 72 73
 12 33 34 44 45 47 56 58
 12 33 34 36 46 59
 12 33 34 36 46 57 58
 12 33 34 36 44 45 59
 12 33 34 36 44 45 57 58
 12 32 46 58 60 64 74
 12 32 46 58 60 64 72 73
 12 32 46 56 60 63 64 74
 12 32 46 56 60 63 64 72 73
 12 32 46 56 60 61 62 64 74
 12 32 46 56 60 61 62 64 72 73
 12 32 46 47 58 60 64
 12 32 46 47 56 60 63 64
 12 32 46 47 56 60 61 62 64
 12 32 44 45 58 60 64 74
 12 32 44 45 58 60 64 72 73
 12 32 44 45 56 60 63 64 74
 12 32 44 45 56 60 63 64 72 73
 12 32 44 45 56 60 61 62 64 74
 12 32 44 45 56 60 61 62 64 72 73
 12 32 44 45 47 58 60 64
 12 32 44 45 47 56 60 63 64
 12 32 44 45 47 56 60 61 62 64
 12 32 36 46 56 60 64 74
 12 32 36 46 56 60 64 72 73
 12 32 36 46 47 56 60 64
 12 32 36 44 45 56 60 64 74
 12 32 36 44 45 56 60 64 72 73
 12 32 36 44 45 47 56 60 64
 12 32 35 46 63
 12 32 35 46 61 62
 12 32 35 44 45 63
 12 32 35 44 45 61 62
 12 32 35 36 46
 12 32 35 36 44 45
 12 32 33 34 46 63
 12 32 33 34 46 61 62
 12 32 33 34 44 45 63
 12 32 33 34 44 45 61 62
 12 32 33 34 36 46
 12 32 33 34 36 44 45
 12 31 32 46 56 58 61 74
 12 31 32 46 56 58 61 72 73
 12 31 32 46 56 58 59 60 74
 12 31 32 46 56 58 59 60 72 73
 12 31 32 46 47 56 58 61
 12 31 32 46 47 56 58 59 60
 12 31 32 44 45 56 58 61 74
 12 31 32 44 45 56 58 61 72 73
 12 31 32 44 45 56 58 59 60 74
 12 31 32 44 45 56 58 59 60 72 73
 12 31 32 44 45 47 56 58 61
 12 31 32 44 45 47 56 58 59 60
 12 31 32 34 46 56 58 74
 12 31 32 34 46 56 58 72 73
 12 31 32 34 46 47 56 58
 12 31 32 34 44 45 56 58 74
 12 31 32 34 44 45 56 58 72 73
 12 31 32 34 44 45 47 56 58
 12 29 46 60 63 64 74
 12 29 46 60 63 64 72 73
 12 29 46 60 61 62 64 74
 12 29 46 60 61 62 64 72 73
 12 29 46 59 60 63 64 74
 12 29 46 59 60 63 64 72 73
 12 29 46 59 60 61 62 64 74
 12 29 46 59 60 61 62 64 72 73
 12 29 46 57 58 60 63 64 74
 12 29 46 57 58 60 63 64 72 73
 12 29 46 57 58 60 61 62 64 74
 12 29 46 57 58 60 61 62 64 72 73
 12 29 46 47 60 63 64
 12 29 46 47 60 61 62 64
 12 29 46 47 59 60 63 64
 12 29 46 47 59 60 61 62 64
 12 29 46 47 57 58 60 63 64
 12 29 46 47 57 58 60 61 62 64
 12 29 44 45 60 63 64 74
 12 29 44 45 60 63 64 72 73
 12 29 44 45 60 61 62 64 74
 12 29 44 45 60 61 62 64 72 73
 12 29 44 45 59 60 63 64 74
 12 29 44 45 59 60 63 64 72 73
 12 29 44 45 59 60 61 62 64 74
 12 29 44 45 59 60 61 62 64 72 73
 12 29 44 45 57 58 60 63 64 74
 12 29 44 45 57 58 60 63 64 72 73
 12 29 44 45 57 58 60 61 62 64 74
 12 29 44 45 57 58 60 61 62 64 72 73
 12 29 44 45 47 60 63 64
 12 29 44 45 47 60 61 62 64
 12 29 44 45 47 59 60 63 64
 12 29 44 45 47 59 60 61 62 64
 12 29 44 45 47 57 58 60 63 64
 12 29 44 45 47 57 58 60 61 62 64
 12 29 36 46 60 64 74
 12 29 36 46 60 64 72 73
 12 29 36 46 59 60 64 74
 12 29 36 46 59 60 64 72 73
 12 29 36 46 57 58 60 64 74
 12 29 36 46 57 58 60 64 72 73
 12 29 36 46 47 60 64
 12 29 36 46 47 59 60 64
 12 29 36 46 47 57 58 60 64
 12 29 36 44 45 60 64 74
 12 29 36 44 45 60 64 72 73
 12 29 36 44 45 59 60 64 74
 12 29 36 44 45 59 60 64 72 73
 12 29 36 44 45 57 58 60 64 74
 12 29 36 44 45 57 58 60 64 72 73
 12 29 36 44 45 47 60 64
 12 29 36 44 45 47 59 60 64
 12 29 36 44 45 47 57 58 60 64
 12 29 32 46 60 63 64 74
 12 29 32 46 60 63 64 72 73
 12 29 32 46 60 61 62 64 74
 12 29 32 46 60 61 62 64 72 73
 12 29 32 46 47 60 63 64
 12 29 32 46 47 60 61 62 64
 12 29 32 44 45 60 63 64 74
 12 29 32 44 45 60 63 64 72 73
 12 29 32 44 45 60 61 62 64 74
 12 29 32 44 45 60 61 62 64 72 73
 12 29 32 44 45 47 60 63 64
 12 29 32 44 45 47 60 61 62 64
 12 29 32 36 46 60 64 74
 12 29 32 36 46 60 64 72 73
 12 29 32 36 46 47 60 64
 12 29 32 36 44 45 60 64 74
 12 29 32 36 44 45 60 64 72 73
 12 29 32 36 44 45 47 60 64
 12 27 28 46 60 63 64 74
 12 27 28 46 60 63 64 72 73
 12 27 28 46 60 61 62 64 74
 12 27 28 46 60 61 62 64 72 73
 12 27 28 46 59 60 63 64 74
 12 27 28 46 59 60 63 64 72 73
 12 27 28 46 59 60 61 62 64 74
 12 27 28 46 59 60 61 62 64 72 73
 12 27 28 46 57 58 60 63 64 74
 12 27 28 46 57 58 60 63 64 72 73
 12 27 28 46 57 58 60 61 62 64 74
 12 27 28 46 57 58 60 61 62 64 72 73
 12 27 28 46 47 60 63 64
 12 27 28 46 47 60 61 62 64
 12 27 28 46 47 59 60 63 64
 12 27 28 46 47 59 60 61 62 64
 12 27 28 46 47 57 58 60 63 64
 12 27 28 46 47 57 58 60 61 62 64
 12 27 28 44 45 60 63 64 74
 12 27 28 44 45 60 63 64 72 73
 12 27 28 44 45 60 61 62 64 74
 12 27 28 44 45 60 61 62 64 72 73
 12 27 28 44 45 59 60 63 64 74
 12 27 28 44 45 59 60 63 64 72 73
 12 27 28 44 45 59 60 61 62 64 74
 12 27 28 44 45 59 60 61 62 64 72 73
 12 27 28 44 45 57 58 60 63 64 74
 12 27 28 44 45 57 58 60 63 64 72 73
 12 27 28 44 45 57 58 60 61 62 64 74
 12 27 28 44 45 57 58 60 61 62 64 72 73
 12 27 28 44 45 47 60 63 64
 12 27 28 44 45 47 60 61 62 64
 12 27 28 44 45 47 59 60 63 64
 12 27 28 44 45 47 59 60 61 62 64
 12 27 28 44 45 47 57 58 60 63 64
 12 27 28 44 45 47 57 58 60 61 62 64
 12 27 28 36 46 60 64 74
 12 27 28 36 46 60 64 72 73
 12 27 28 36 46 59 60 64 74
 12 27 28 36 46 59 60 64 72 73
 12 27 28 36 46 57 58 60 64 74
 12 27 28 36 46 57 58 60 64 72 73
 12 27 28 36 46 47 60 64
 12 27 28 36 46 47 59 60 64
 12 27 28 36 46 47 57 58 60 64
 12 27 28 36 44 45 60 64 74
 12 27 28 36 44 45 60 64 72 73
 12 27 28 36 44 45 59 60 64 74
 12 27 28 36 44 45 59 60 64 72 73
 12 27 28 36 44 45 57 58 60 64 74
 12 27 28 36 44 45 57 58 60 64 72 73
 12 27 28 36 44 45 47 60 64
 12 27 28 36 44 45 47 59 60 64
 12 27 28 36 44 45 47 57 58 60 64
 12 27 28 32 46 60 63 64 74
 12 27 28 32 46 60 63 64 72 73
 12 27 28 32 46 60 61 62 64 74
 12 27 28 32 46 60 61 62 64 72 73
 12 27 28 32 46 47 60 63 64
 12 27 28 32 46 47 60 61 62 64
 12 27 28 32 44 45 60 63 64 74
 12 27 28 32 44 45 60 63 64 72 73
 12 27 28 32 44 45 60 61 62 64 74
 12 27 28 32 44 45 60 61 62 64 72 73
 12 27 28 32 44 45 47 60 63 64
 12 27 28 32 44 45 47 60 61 62 64
 12 27 28 32 36 46 60 64 74
 12 27 28 32 36 46 60 64 72 73
 12 27 28 32 36 46 47 60 64
 12 27 28 32 36 44 45 60 64 74
 12 27 28 32 36 44 45 60 64 72 73
 12 27 28 32 36 44 45 47 60 64
 12 19 58 60 64 74 78 79
 12 19 58 60 64 72 73 78 79
 12 19 58 59 60 64 74
 12 19 58 59 60 64 72 73
 12 19 57 58 60 64 74
 12 19 57 58 60 64 72 73
 12 19 56 60 63 64 74
 12 19 56 60 63 64 72 73
 12 19 56 60 61 62 64 74
 12 19 56 60 61 62 64 72 73
 12 19 56 59 60 63 64 74
 12 19 56 59 60 63 64 72 73
 12 19 56 59 60 61 62 64 74
 12 19 56 59 60 61 62 64 72 73
 12 19 56 57 58 60 63 64 74
 12 19 56 57 58 60 63 64 72 73
 12 19 56 57 58 60 61 62 64 74
 12 19 56 57 58 60 61 62 64 72 73
 12 19 53 58 60 64 74
 12 19 53 58 60 64 72 73
 12 19 47 58 60 64 78 79
 12 19 47 58 59 60 64
 12 19 47 57 58 60 64
 12 19 47 56 60 63 64
 12 19 47 56 60 61 62 64
 12 19 47 56 59 60 63 64
 12 19 47 56 59 60 61 62 64
 12 19 47 56 57 58 60 63 64
 12 19 47 56 57 58 60 61 62 64
 12 19 47 53 58 60 64
 12 19 44 58 60 64 74
 12 19 44 58 60 64 72 73
 12 19 44 47 58 60 64
 12 19 36 56 60 64 74
 12 19 36 56 60 64 72 73
 12 19 36 56 59 60 64 74
 12 19 36 56 59 60 64 72 73
 12 19 36 56 57 58 60 64 74
 12 19 36 56 57 58 60 64 72 73
 12 19 36 47 56 60 64
 12 19 36 47 56 59 60 64
 12 19 36 47 56 57 58 60 64
 12 19 35 59 63
 12 19 35 59 61 62
 12 19 35 57 58 63
 12 19 35 57 58 61 62
 12 19 35 36 59
 12 19 35 36 57 58
 12 19 33 56 58 61 74
 12 19 33 56 58 61 72 73
 12 19 33 56 58 59 60 74
 12 19 33 56 58 59 60 72 73
 12 19 33 47 56 58 61
 12 19 33 47 56 58 59 60
 12 19 33 34 59 63
 12 19 33 34 59 61 62
 12 19 33 34 57 58 63
 12 19 33 34 57 58 61 62
 12 19 33 34 56 58 74
 12 19 33 34 56 58 72 73
 12 19 33 34 47 56 58
 12 19 33 34 36 59
 12 19 33 34 36 57 58
 12 19 32 58 60 64 74
 12 19 32 58 60 64 72 73
 12 19 32 56 60 63 64 74
 12 19 32 56 60 63 64 72 73
 12 19 32 56 60 61 62 64 74
 12 19 32 56 60 61 62 64 72 73
 12 19 32 47 58 60 64
 12 19 32 47 56 60 63 64
 12 19 32 47 56 60 61 62 64
 12 19 32 36 56 60 64 74
 12 19 32 36 56 60 64 72 73
 12 19 32 36 47 56 60 64
 12 19 32 35 63
 12 19 32 35 61 62
 12 19 32 35 36
 12 19 32 33 34 63
 12 19 32 33 34 61 62
 12 19 32 33 34 36
 12 19 31 32 56 58 61 74
 12 19 31 32 56 58 61 72 73
 12 19 31 32 56 58 59 60 74
 12 19 31 32 56 58 59 60 72 73
 12 19 31 32 47 56 58 61
 12 19 31 32 47 56 58 59 60
 12 19 31 32 34 56 58 74
 12 19 31 32 34 56 58 72 73
 12 19 31 32 34 47 56 58
 12 19 29 60 63 64 74
 12 19 29 60 63 64 72 73
 12 19 29 60 61 62 64 74
 12 19 29 60 61 62 64 72 73
 12 19 29 59 60 63 64 74
 12 19 29 59 60 63 64 72 73
 12 19 29 59 60 61 62 64 74
 12 19 29 59 60 61 62 64 72 73
 12 19 29 57 58 60 63 64 74
 12 19 29 57 58 60 63 64 72 73
 12 19 29 57 58 60 61 62 64 74
 12 19 29 57 58 60 61 62 64 72 73
 12 19 29 47 60 63 64
 12 19 29 47 60 61 62 64
 12 19 29 47 59 60 63 64
 12 19 29 47 59 60 61 62 64
 12 19 29 47 57 58 60 63 64
 12 19 29 47 57 58 60 61 62 64
 12 19 29 36 60 64 74
 12 19 29 36 60 64 72 73
 12 19 29 36 59 60 64 74
 12 19 29 36 59 60 64 72 73
 12 19 29 36 57 58 60 64 74
 12 19 29 36 57 58 60 64 72 73
 12 19 29 36 47 60 64
 12 19 29 36 47 59 60 64
 12 19 29 36 47 57 58 60 64
 12 19 29 32 60 63 64 74
 12 19 29 32 60 63 64 72 73
 12 19 29 32 60 61 62 64 74
 12 19 29 32 60 61 62 64 72 73
 12 19 29 32 47 60 63 64
 12 19 29 32 47 60 61 62 64
 12 19 29 32 36 60 64 74
 12 19 29 32 36 60 64 72 73
 12 19 29 32 36 47 60 64
 12 19 27 28 60 63 64 74
 12 19 27 28 60 63 64 72 73
 12 19 27 28 60 61 62 64 74
 12 19 27 28 60 61 62 64 72 73
 12 19 27 28 59 60 63 64 74
 12 19 27 28 59 60 63 64 72 73
 12 19 27 28 59 60 61 62 64 74
 12 19 27 28 59 60 61 62 64 72 73
 12 19 27 28 57 58 60 63 64 74
 12 19 27 28 57 58 60 63 64 72 73
 12 19 27 28 57 58 60 61 62 64 74
 12 19 27 28 57 58 60 61 62 64 72 73
 12 19 27 28 47 60 63 64
 12 19 27 28 47 60 61 62 64
 12 19 27 28 47 59 60 63 64
 12 19 27 28 47 59 60 61 62 64
 12 19 27 28 47 57 58 60 63 64
 12 19 27 28 47 57 58 60 61 62 64
 12 19 27 28 36 60 64 74
 12 19 27 28 36 60 64 72 73
 12 19 27 28 36 59 60 64 74
 12 19 27 28 36 59 60 64 72 73
 12 19 27 28 36 57 58 60 64 74
 12 19 27 28 36 57 58 60 64 72 73
 12 19 27 28 36 47 60 64
 12 19 27 28 36 47 59 60 64
 12 19 27 28 36 47 57 58 60 64
 12 19 27 28 32 60 63 64 74
 12 19 27 28 32 60 63 64 72 73
 12 19 27 28 32 60 61 62 64 74
 12 19 27 28 32 60 61 62 64 72 73
 12 19 27 28 32 47 60 63 64
 12 19 27 28 32 47 60 61 62 64
 12 19 27 28 32 36 60 64 74
 12 19 27 28 32 36 60 64 72 73
 12 19 27 28 32 36 47 60 64
 8 39 46 59 63
 8 39 46 59 61 62
 8 39 46 57 58 63
 8 39 46 57 58 61 62
 8 39 44 45 59 63
 8 39 44 45 59 61 62
 8 39 44 45 57 58 63
 8 39 44 45 57 58 61 62
 8 37 38 46 59 63
 8 37 38 46 59 61 62
 8 37 38 46 57 58 63
 8 37 38 46 57 58 61 62
 8 37 38 44 45 59 63
 8 37 38 44 45 59 61 62
 8 37 38 44 45 57 58 63
 8 37 38 44 45 57 58 61 62
 8 36 39 46 59
 8 36 39 46 57 58
 8 36 39 44 45 59
 8 36 39 44 45 57 58
 8 36 37 38 46 59
 8 36 37 38 46 57 58
 8 36 37 38 44 45 59
 8 36 37 38 44 45 57 58
 8 32 39 46 63
 8 32 39 46 61 62
 8 32 39 44 45 63
 8 32 39 44 45 61 62
 8 32 37 38 46 63
 8 32 37 38 46 61 62
 8 32 37 38 44 45 63
 8 32 37 38 44 45 61 62
 8 32 36 39 46
 8 32 36 39 44 45
 8 32 36 37 38 46
 8 32 36 37 38 44 45
 8 19 39 59 63
 8 19 39 59 61 62
 8 19 39 57 58 63
 8 19 39 57 58 61 62
 8 19 37 38 59 63
 8 19 37 38 59 61 62
 8 19 37 38 57 58 63
 8 19 37 38 57 58 61 62
 8 19 36 39 59
 8 19 36 39 57 58
 8 19 36 37 38 59
 8 19 36 37 38 57 58
 8 19 32 39 63
 8 19 32 39 61 62
 8 19 32 37 38 63
 8 19 32 37 38 61 62
 8 19 32 36 39
 8 19 32 36 37 38
 8 12 46 59 63
 8 12 46 59 61 62
 8 12 46 57 58 63
 8 12 46 57 58 61 62
 8 12 44 45 59 63
 8 12 44 45 59 61 62
 8 12 44 45 57 58 63
 8 12 44 45 57 58 61 62
 8 12 36 46 59
 8 12 36 46 57 58
 8 12 36 44 45 59
 8 12 36 44 45 57 58
 8 12 32 46 63
 8 12 32 46 61 62
 8 12 32 44 45 63
 8 12 32 44 45 61 62
 8 12 32 36 46
 8 12 32 36 44 45
 8 12 19 59 63
 8 12 19 59 61 62
 8 12 19 57 58 63
 8 12 19 57 58 61 62
 8 12 19 36 59
 8 12 19 36 57 58
 8 12 19 32 63
 8 12 19 32 61 62
 8 12 19 32 36
 6 39 46 56 58 61 74
 6 39 46 56 58 61 72 73
 6 39 46 56 58 59 60 74
 6 39 46 56 58 59 60 72 73
 6 39 46 47 56 58 61
 6 39 46 47 56 58 59 60
 6 39 44 45 56 58 61 74
 6 39 44 45 56 58 61 72 73
 6 39 44 45 56 58 59 60 74
 6 39 44 45 56 58 59 60 72 73
 6 39 44 45 47 56 58 61
 6 39 44 45 47 56 58 59 60
 6 37 38 46 56 58 61 74
 6 37 38 46 56 58 61 72 73
 6 37 38 46 56 58 59 60 74
 6 37 38 46 56 58 59 60 72 73
 6 37 38 46 47 56 58 61
 6 37 38 46 47 56 58 59 60
 6 37 38 44 45 56 58 61 74
 6 37 38 44 45 56 58 61 72 73
 6 37 38 44 45 56 58 59 60 74
 6 37 38 44 45 56 58 59 60 72 73
 6 37 38 44 45 47 56 58 61
 6 37 38 44 45 47 56 58 59 60
 6 34 39 46 56 58 74
 6 34 39 46 56 58 72 73
 6 34 39 46 47 56 58
 6 34 39 44 45 56 58 74
 6 34 39 44 45 56 58 72 73
 6 34 39 44 45 47 56 58
 6 34 37 38 46 56 58 74
 6 34 37 38 46 56 58 72 73
 6 34 37 38 46 47 56 58
 6 34 37 38 44 45 56 58 74
 6 34 37 38 44 45 56 58 72 73
 6 34 37 38 44 45 47 56 58
 6 19 39 56 58 61 74
 6 19 39 56 58 61 72 73
 6 19 39 56 58 59 60 74
 6 19 39 56 58 59 60 72 73
 6 19 39 47 56 58 61
 6 19 39 47 56 58 59 60
 6 19 37 38 56 58 61 74
 6 19 37 38 56 58 61 72 73
 6 19 37 38 56 58 59 60 74
 6 19 37 38 56 58 59 60 72 73
 6 19 37 38 47 56 58 61
 6 19 37 38 47 56 58 59 60
 6 19 34 39 56 58 74
 6 19 34 39 56 58 72 73
 6 19 34 39 47 56 58
 6 19 34 37 38 56 58 74
 6 19 34 37 38 56 58 72 73
 6 19 34 37 38 47 56 58
 6 12 46 56 58 61 74
 6 12 46 56 58 61 72 73
 6 12 46 56 58 59 60 74
 6 12 46 56 58 59 60 72 73
 6 12 46 47 56 58 61
 6 12 46 47 56 58 59 60
 6 12 44 45 56 58 61 74
 6 12 44 45 56 58 61 72 73
 6 12 44 45 56 58 59 60 74
 6 12 44 45 56 58 59 60 72 73
 6 12 44 45 47 56 58 61
 6 12 44 45 47 56 58 59 60
 6 12 34 46 56 58 74
 6 12 34 46 56 58 72 73
 6 12 34 46 47 56 58
 6 12 34 44 45 56 58 74
 6 12 34 44 45 56 58 72 73
 6 12 34 44 45 47 56 58
 6 12 19 56 58 61 74
 6 12 19 56 58 61 72 73
 6 12 19 56 58 59 60 74
 6 12 19 56 58 59 60 72 73
 6 12 19 47 56 58 61
 6 12 19 47 56 58 59 60
 6 12 19 34 56 58 74
 6 12 19 34 56 58 72 73
 6 12 19 34 47 56 58
 2 39 46 60 63 64 74
 2 39 46 60 63 64 72 73
 2 39 46 60 61 62 64 74
 2 39 46 60 61 62 64 72 73
 2 39 46 59 60 63 64 74
 2 39 46 59 60 63 64 72 73
 2 39 46 59 60 61 62 64 74
 2 39 46 59 60 61 62 64 72 73
 2 39 46 58 60 64 74
 2 39 46 58 60 64 72 73
 2 39 46 57 58 60 63 64 74
 2 39 46 57 58 60 63 64 72 73
 2 39 46 57 58 60 61 62 64 74
 2 39 46 57 58 60 61 62 64 72 73
 2 39 46 47 60 63 64
 2 39 46 47 60 61 62 64
 2 39 46 47 59 60 63 64
 2 39 46 47 59 60 61 62 64
 2 39 46 47 58 60 64
 2 39 46 47 57 58 60 63 64
 2 39 46 47 57 58 60 61 62 64
 2 39 44 45 60 63 64 74
 2 39 44 45 60 63 64 72 73
 2 39 44 45 60 61 62 64 74
 2 39 44 45 60 61 62 64 72 73
 2 39 44 45 59 60 63 64 74
 2 39 44 45 59 60 63 64 72 73
 2 39 44 45 59 60 61 62 64 74
 2 39 44 45 59 60 61 62 64 72 73
 2 39 44 45 58 60 64 74
 2 39 44 45 58 60 64 72 73
 2 39 44 45 57 58 60 63 64 74
 2 39 44 45 57 58 60 63 64 72 73
 2 39 44 45 57 58 60 61 62 64 74
 2 39 44 45 57 58 60 61 62 64 72 73
 2 39 44 45 47 60 63 64
 2 39 44 45 47 60 61 62 64
 2 39 44 45 47 59 60 63 64
 2 39 44 45 47 59 60 61 62 64
 2 39 44 45 47 58 60 64
 2 39 44 45 47 57 58 60 63 64
 2 39 44 45 47 57 58 60 61 62 64
 2 37 38 46 60 63 64 74
 2 37 38 46 60 63 64 72 73
 2 37 38 46 60 61 62 64 74
 2 37 38 46 60 61 62 64 72 73
 2 37 38 46 59 60 63 64 74
 2 37 38 46 59 60 63 64 72 73
 2 37 38 46 59 60 61 62 64 74
 2 37 38 46 59 60 61 62 64 72 73
 2 37 38 46 58 60 64 74
 2 37 38 46 58 60 64 72 73
 2 37 38 46 57 58 60 63 64 74
 2 37 38 46 57 58 60 63 64 72 73
 2 37 38 46 57 58 60 61 62 64 74
 2 37 38 46 57 58 60 61 62 64 72 73
 2 37 38 46 47 60 63 64
 2 37 38 46 47 60 61 62 64
 2 37 38 46 47 59 60 63 64
 2 37 38 46 47 59 60 61 62 64
 2 37 38 46 47 58 60 64
 2 37 38 46 47 57 58 60 63 64
 2 37 38 46 47 57 58 60 61 62 64
 2 37 38 44 45 60 63 64 74
 2 37 38 44 45 60 63 64 72 73
 2 37 38 44 45 60 61 62 64 74
 2 37 38 44 45 60 61 62 64 72 73
 2 37 38 44 45 59 60 63 64 74
 2 37 38 44 45 59 60 63 64 72 73
 2 37 38 44 45 59 60 61 62 64 74
 2 37 38 44 45 59 60 61 62 64 72 73
 2 37 38 44 45 58 60 64 74
 2 37 38 44 45 58 60 64 72 73
 2 37 38 44 45 57 58 60 63 64 74
 2 37 38 44 45 57 58 60 63 64 72 73
 2 37 38 44 45 57 58 60 61 62 64 74
 2 37 38 44 45 57 58 60 61 62 64 72 73
 2 37 38 44 45 47 60 63 64
 2 37 38 44 45 47 60 61 62 64
 2 37 38 44 45 47 59 60 63 64
 2 37 38 44 45 47 59 60 61 62 64
 2 37 38 44 45 47 58 60 64
 2 37 38 44 45 47 57 58 60 63 64
 2 37 38 44 45 47 57 58 60 61 62 64
 2 36 39 46 60 64 74
 2 36 39 46 60 64 72 73
 2 36 39 46 59 60 64 74
 2 36 39 46 59 60 64 72 73
 2 36 39 46 57 58 60 64 74
 2 36 39 46 57 58 60 64 72 73
 2 36 39 46 47 60 64
 2 36 39 46 47 59 60 64
 2 36 39 46 47 57 58 60 64
 2 36 39 44 45 60 64 74
 2 36 39 44 45 60 64 72 73
 2 36 39 44 45 59 60 64 74
 2 36 39 44 45 59 60 64 72 73
 2 36 39 44 45 57 58 60 64 74
 2 36 39 44 45 57 58 60 64 72 73
 2 36 39 44 45 47 60 64
 2 36 39 44 45 47 59 60 64
 2 36 39 44 45 47 57 58 60 64
 2 36 37 38 46 60 64 74
 2 36 37 38 46 60 64 72 73
 2 36 37 38 46 59 60 64 74
 2 36 37 38 46 59 60 64 72 73
 2 36 37 38 46 57 58 60 64 74
 2 36 37 38 46 57 58 60 64 72 73
 2 36 37 38 46 47 60 64
 2 36 37 38 46 47 59 60 64
 2 36 37 38 46 47 57 58 60 64
 2 36 37 38 44 45 60 64 74
 2 36 37 38 44 45 60 64 72 73
 2 36 37 38 44 45 59 60 64 74
 2 36 37 38 44 45 59 60 64 72 73
 2 36 37 38 44 45 57 58 60 64 74
 2 36 37 38 44 45 57 58 60 64 72 73
 2 36 37 38 44 45 47 60 64
 2 36 37 38 44 45 47 59 60 64
 2 36 37 38 44 45 47 57 58 60 64
 2 32 39 46 60 63 64 74
 2 32 39 46 60 63 64 72 73
 2 32 39 46 60 61 62 64 74
 2 32 39 46 60 61 62 64 72 73
 2 32 39 46 47 60 63 64
 2 32 39 46 47 60 61 62 64
 2 32 39 44 45 60 63 64 74
 2 32 39 44 45 60 63 64 72 73
 2 32 39 44 45 60 61 62 64 74
 2 32 39 44 45 60 61 62 64 72 73
 2 32 39 44 45 47 60 63 64
 2 32 39 44 45 47 60 61 62 64
 2 32 37 38 46 60 63 64 74
 2 32 37 38 46 60 63 64 72 73
 2 32 37 38 46 60 61 62 64 74
 2 32 37 38 46 60 61 62 64 72 73
 2 32 37 38 46 47 60 63 64
 2 32 37 38 46 47 60 61 62 64
 2 32 37 38 44 45 60 63 64 74
 2 32 37 38 44 45 60 63 64 72 73
 2 32 37 38 44 45 60 61 62 64 74
 2 32 37 38 44 45 60 61 62 64 72 73
 2 32 37 38 44 45 47 60 63 64
 2 32 37 38 44 45 47 60 61 62 64
 2 32 36 39 46 60 64 74
 2 32 36 39 46 60 64 72 73
 2 32 36 39 46 47 60 64
 2 32 36 39 44 45 60 64 74
 2 32 36 39 44 45 60 64 72 73
 2 32 36 39 44 45 47 60 64
 2 32 36 37 38 46 60 64 74
 2 32 36 37 38 46 60 64 72 73
 2 32 36 37 38 46 47 60 64
 2 32 36 37 38 44 45 60 64 74
 2 32 36 37 38 44 45 60 64 72 73
 2 32 36 37 38 44 45 47 60 64
 2 19 39 60 63 64 74
 2 19 39 60 63 64 72 73
 2 19 39 60 61 62 64 74
 2 19 39 60 61 62 64 72 73
 2 19 39 59 60 63 64 74
 2 19 39 59 60 63 64 72 73
 2 19 39 59 60 61 62 64 74
 2 19 39 59 60 61 62 64 72 73
 2 19 39 58 60 64 74
 2 19 39 58 60 64 72 73
 2 19 39 57 58 60 63 64 74
 2 19 39 57 58 60 63 64 72 73
 2 19 39 57 58 60 61 62 64 74
 2 19 39 57 58 60 61 62 64 72 73
 2 19 39 47 60 63 64
 2 19 39 47 60 61 62 64
 2 19 39 47 59 60 63 64
 2 19 39 47 59 60 61 62 64
 2 19 39 47 58 60 64
 2 19 39 47 57 58 60 63 64
 2 19 39 47 57 58 60 61 62 64
 2 19 37 38 60 63 64 74
 2 19 37 38 60 63 64 72 73
 2 19 37 38 60 61 62 64 74
 2 19 37 38 60 61 62 64 72 73
 2 19 37 38 59 60 63 64 74
 2 19 37 38 59 60 63 64 72 73
 2 19 37 38 59 60 61 62 64 74
 2 19 37 38 59 60 61 62 64 72 73
 2 19 37 38 58 60 64 74
 2 19 37 38 58 60 64 72 73
 2 19 37 38 57 58 60 63 64 74
 2 19 37 38 57 58 60 63 64 72 73
 2 19 37 38 57 58 60 61 62 64 74
 2 19 37 38 57 58 60 61 62 64 72 73
 2 19 37 38 47 60 63 64
 2 19 37 38 47 60 61 62 64
 2 19 37 38 47 59 60 63 64
 2 19 37 38 47 59 60 61 62 64
 2 19 37 38 47 58 60 64
 2 19 37 38 47 57 58 60 63 64
 2 19 37 38 47 57 58 60 61 62 64
 2 19 36 39 60 64 74
 2 19 36 39 60 64 72 73
 2 19 36 39 59 60 64 74
 2 19 36 39 59 60 64 72 73
 2 19 36 39 57 58 60 64 74
 2 19 36 39 57 58 60 64 72 73
 2 19 36 39 47 60 64
 2 19 36 39 47 59 60 64
 2 19 36 39 47 57 58 60 64
 2 19 36 37 38 60 64 74
 2 19 36 37 38 60 64 72 73
 2 19 36 37 38 59 60 64 74
 2 19 36 37 38 59 60 64 72 73
 2 19 36 37 38 57 58 60 64 74
 2 19 36 37 38 57 58 60 64 72 73
 2 19 36 37 38 47 60 64
 2 19 36 37 38 47 59 60 64
 2 19 36 37 38 47 57 58 60 64
 2 19 32 39 60 63 64 74
 2 19 32 39 60 63 64 72 73
 2 19 32 39 60 61 62 64 74
 2 19 32 39 60 61 62 64 72 73
 2 19 32 39 47 60 63 64
 2 19 32 39 47 60 61 62 64
 2 19 32 37 38 60 63 64 74
 2 19 32 37 38 60 63 64 72 73
 2 19 32 37 38 60 61 62 64 74
 2 19 32 37 38 60 61 62 64 72 73
 2 19 32 37 38 47 60 63 64
 2 19 32 37 38 47 60 61 62 64
 2 19 32 36 39 60 64 74
 2 19 32 36 39 60 64 72 73
 2 19 32 36 39 47 60 64
 2 19 32 36 37 38 60 64 74
 2 19 32 36 37 38 60 64 72 73
 2 19 32 36 37 38 47 60 64
 2 12 46 60 63 64 74
 2 12 46 60 63 64 72 73
 2 12 46 60 61 62 64 74
 2 12 46 60 61 62 64 72 73
 2 12 46 59 60 63 64 74
 2 12 46 59 60 63 64 72 73
 2 12 46 59 60 61 62 64 74
 2 12 46 59 60 61 62 64 72 73
 2 12 46 58 60 64 74
 2 12 46 58 60 64 72 73
 2 12 46 57 58 60 63 64 74
 2 12 46 57 58 60 63 64 72 73
 2 12 46 57 58 60 61 62 64 74
 2 12 46 57 58 60 61 62 64 72 73
 2 12 46 47 60 63 64
 2 12 46 47 60 61 62 64
 2 12 46 47 59 60 63 64
 2 12 46 47 59 60 61 62 64
 2 12 46 47 58 60 64
 2 12 46 47 57 58 60 63 64
 2 12 46 47 57 58 60 61 62 64
 2 12 44 45 60 63 64 74
 2 12 44 45 60 63 64 72 73
 2 12 44 45 60 61 62 64 74
 2 12 44 45 60 61 62 64 72 73
 2 12 44 45 59 60 63 64 74
 2 12 44 45 59 60 63 64 72 73
 2 12 44 45 59 60 61 62 64 74
 2 12 44 45 59 60 61 62 64 72 73
 2 12 44 45 58 60 64 74
 2 12 44 45 58 60 64 72 73
 2 12 44 45 57 58 60 63 64 74
 2 12 44 45 57 58 60 63 64 72 73
 2 12 44 45 57 58 60 61 62 64 74
 2 12 44 45 57 58 60 61 62 64 72 73
 2 12 44 45 47 60 63 64
 2 12 44 45 47 60 61 62 64
 2 12 44 45 47 59 60 63 64
 2 12 44 45 47 59 60 61 62 64
 2 12 44 45 47 58 60 64
 2 12 44 45 47 57 58 60 63 64
 2 12 44 45 47 57 58 60 61 62 64
 2 12 36 46 60 64 74
 2 12 36 46 60 64 72 73
 2 12 36 46 59 60 64 74
 2 12 36 46 59 60 64 72 73
 2 12 36 46 57 58 60 64 74
 2 12 36 46 57 58 60 64 72 73
 2 12 36 46 47 60 64
 2 12 36 46 47 59 60 64
 2 12 36 46 47 57 58 60 64
 2 12 36 44 45 60 64 74
 2 12 36 44 45 60 64 72 73
 2 12 36 44 45 59 60 64 74
 2 12 36 44 45 59 60 64 72 73
 2 12 36 44 45 57 58 60 64 74
 2 12 36 44 45 57 58 60 64 72 73
 2 12 36 44 45 47 60 64
 2 12 36 44 45 47 59 60 64
 2 12 36 44 45 47 57 58 60 64
 2 12 32 46 60 63 64 74
 2 12 32 46 60 63 64 72 73
 2 12 32 46 60 61 62 64 74
 2 12 32 46 60 61 62 64 72 73
 2 12 32 46 47 60 63 64
 2 12 32 46 47 60 61 62 64
 2 12 32 44 45 60 63 64 74
 2 12 32 44 45 60 63 64 72 73
 2 12 32 44 45 60 61 62 64 74
 2 12 32 44 45 60 61 62 64 72 73
 2 12 32 44 45 47 60 63 64
 2 12 32 44 45 47 60 61 62 64
 2 12 32 36 46 60 64 74
 2 12 32 36 46 60 64 72 73
 2 12 32 36 46 47 60 64
 2 12 32 36 44 45 60 64 74
 2 12 32 36 44 45 60 64 72 73
 2 12 32 36 44 45 47 60 64
 2 12 19 60 63 64 74
 2 12 19 60 63 64 72 73
 2 12 19 60 61 62 64 74
 2 12 19 60 61 62 64 72 73
 2 12 19 59 60 63 64 74
 2 12 19 59 60 63 64 72 73
 2 12 19 59 60 61 62 64 74
 2 12 19 59 60 61 62 64 72 73
 2 12 19 58 60 64 74
 2 12 19 58 60 64 72 73
 2 12 19 57 58 60 63 64 74
 2 12 19 57 58 60 63 64 72 73
 2 12 19 57 58 60 61 62 64 74
 2 12 19 57 58 60 61 62 64 72 73
 2 12 19 47 60 63 64
 2 12 19 47 60 61 62 64
 2 12 19 47 59 60 63 64
 2 12 19 47 59 60 61 62 64
 2 12 19 47 58 60 64
 2 12 19 47 57 58 60 63 64
 2 12 19 47 57 58 60 61 62 64
 2 12 19 36 60 64 74
 2 12 19 36 60 64 72 73
 2 12 19 36 59 60 64 74
 2 12 19 36 59 60 64 72 73
 2 12 19 36 57 58 60 64 74
 2 12 19 36 57 58 60 64 72 73
 2 12 19 36 47 60 64
 2 12 19 36 47 59 60 64
 2 12 19 36 47 57 58 60 64
 2 12 19 32 60 63 64 74
 2 12 19 32 60 63 64 72 73
 2 12 19 32 60 61 62 64 74
 2 12 19 32 60 61 62 64 72 73
 2 12 19 32 47 60 63 64
 2 12 19 32 47 60 61 62 64
 2 12 19 32 36 60 64 74
 2 12 19 32 36 60 64 72 73
 2 12 19 32 36 47 60 64
 0 1 39 46 58 60 64 74
 0 1 39 46 58 60 64 72 73
 0 1 39 46 47 58 60 64
 0 1 39 44 45 58 60 64 74
 0 1 39 44 45 58 60 64 72 73
 0 1 39 44 45 47 58 60 64
 0 1 37 38 46 58 60 64 74
 0 1 37 38 46 58 60 64 72 73
 0 1 37 38 46 47 58 60 64
 0 1 37 38 44 45 58 60 64 74
 0 1 37 38 44 45 58 60 64 72 73
 0 1 37 38 44 45 47 58 60 64
 0 1 19 39 58 60 64 74
 0 1 19 39 58 60 64 72 73
 0 1 19 39 47 58 60 64
 0 1 19 37 38 58 60 64 74
 0 1 19 37 38 58 60 64 72 73
 0 1 19 37 38 47 58 60 64
 0 1 12 46 58 60 64 74
 0 1 12 46 58 60 64 72 73
 0 1 12 46 47 58 60 64
 0 1 12 44 45 58 60 64 74
 0 1 12 44 45 58 60 64 72 73
 0 1 12 44 45 47 58 60 64
 0 1 12 19 58 60 64 74
 0 1 12 19 58 60 64 72 73
 0 1 12 19 47 58 60 64
