 68 69 74
 68 69 74 76
 68 69 74 75
 68 69 72 73
 68 69 72 73 76
 68 69 72 73 74 75
 67 68 74
 67 68 74 76
 67 68 74 75
 67 68 72 73
 67 68 72 73 76
 67 68 72 73 74 75
 63 64 68 69 74 76
 63 64 68 69 74 75
 63 64 68 69 72 73 76
 63 64 68 69 72 73 74 75
 63 64 67 68 74 76
 63 64 67 68 74 75
 63 64 67 68 72 73 76
 63 64 67 68 72 73 74 75
 61 62 64 68 69 74 76
 61 62 64 68 69 74 75
 61 62 64 68 69 72 73 76
 61 62 64 68 69 72 73 74 75
 61 62 64 67 68 74 76
 61 62 64 67 68 74 75
 61 62 64 67 68 72 73 76
 61 62 64 67 68 72 73 74 75
 60 68 69
 60 67 68
 60 64 65
 60 64 65 67
 60 64 65 66
 60 64 65 66 67
 60 63 64
 60 63 64 67
 60 63 64 66
 60 63 64 66 67
 59 61 68 69
 59 61 67 68
 59 60 68 69
 59 60 67 68
 57 58 61 68 69
 57 58 61 67 68
 57 58 59 60 68 69
 57 58 59 60 67 68
 55 63 68 69 74 76
 55 63 68 69 74 75
 55 63 68 69 72 73 76
 55 63 68 69 72 73 74 75
 55 63 67 68 74 76
 55 63 67 68 74 75
 55 63 67 68 72 73 76
 55 63 67 68 72 73 74 75
 55 61 62 68 69 74 76
 55 61 62 68 69 74 75
 55 61 62 68 69 72 73 76
 55 61 62 68 69 72 73 74 75
 55 61 62 67 68 74 76
 55 61 62 67 68 74 75
 55 61 62 67 68 72 73 76
 55 61 62 67 68 72 73 74 75
 49 68 69 74
 49 68 69 72 73
 49 67 68 74
 49 67 68 72 73
 49 63 64 68 69 74
 49 63 64 68 69 72 73
 49 63 64 67 68 74
 49 63 64 67 68 72 73
 49 61 62 64 68 69 74
 49 61 62 64 68 69 72 73
 49 61 62 64 67 68 74
 49 61 62 64 67 68 72 73
 49 55 63 68 69 74
 49 55 63 68 69 72 73
 49 55 63 67 68 74
 49 55 63 67 68 72 73
 49 55 61 62 68 69 74
 49 55 61 62 68 69 72 73
 49 55 61 62 67 68 74
 49 55 61 62 67 68 72 73
 48 52 69
 48 52 67 69
 48 52 65 66 69
 48 52 65 66 67 68
 48 52 64 69 78 79
 48 52 64 67 69 78 79
 48 52 64 65 66 69 78 79
 48 52 64 65 66 67 68 78 79
 48 52 53 64 69
 48 52 53 64 67 69
 48 52 53 64 65 66 69
 48 52 53 64 65 66 67 68
 48 50 51 69
 48 50 51 67 69
 48 50 51 65 66 69
 48 50 51 65 66 67 68
 48 50 51 64 69 78 79
 48 50 51 64 67 69 78 79
 48 50 51 64 65 66 69 78 79
 48 50 51 64 65 66 67 68 78 79
 48 50 51 53 64 69
 48 50 51 53 64 67 69
 48 50 51 53 64 65 66 69
 48 50 51 53 64 65 66 67 68
 47 68 69
 47 68 69 76
 47 68 69 74 75
 47 67 68
 47 67 68 76
 47 67 68 74 75
 47 63 64 68 69 76
 47 63 64 68 69 74 75
 47 63 64 67 68 76
 47 63 64 67 68 74 75
 47 61 62 64 68 69 76
 47 61 62 64 68 69 74 75
 47 61 62 64 67 68 76
 47 61 62 64 67 68 74 75
 47 55 63 68 69 76
 47 55 63 68 69 74 75
 47 55 63 67 68 76
 47 55 63 67 68 74 75
 47 55 61 62 68 69 76
 47 55 61 62 68 69 74 75
 47 55 61 62 67 68 76
 47 55 61 62 67 68 74 75
 47 49 68 69
 47 49 67 68
 47 49 63 64 68 69
 47 49 63 64 67 68
 47 49 61 62 64 68 69
 47 49 61 62 64 67 68
 47 49 55 63 68 69
 47 49 55 63 67 68
 47 49 55 61 62 68 69
 47 49 55 61 62 67 68
 46 47 52 69
 46 47 52 67 69
 46 47 52 65 66 69
 46 47 52 65 66 67 68
 46 47 52 64 69 78 79
 46 47 52 64 67 69 78 79
 46 47 52 64 65 66 69 78 79
 46 47 52 64 65 66 67 68 78 79
 46 47 52 53 64 69
 46 47 52 53 64 67 69
 46 47 52 53 64 65 66 69
 46 47 52 53 64 65 66 67 68
 46 47 50 51 69
 46 47 50 51 67 69
 46 47 50 51 65 66 69
 46 47 50 51 65 66 67 68
 46 47 50 51 64 69 78 79
 46 47 50 51 64 67 69 78 79
 46 47 50 51 64 65 66 69 78 79
 46 47 50 51 64 65 66 67 68 78 79
 46 47 50 51 53 64 69
 46 47 50 51 53 64 67 69
 46 47 50 51 53 64 65 66 69
 46 47 50 51 53 64 65 66 67 68
 44 59 69 74
 44 59 69 72 73
 44 59 67 68 74
 44 59 67 68 72 73
 44 57 58 69 74
 44 57 58 69 72 73
 44 57 58 67 68 74
 44 57 58 67 68 72 73
 44 47 59 69
 44 47 59 67 68
 44 47 57 58 69
 44 47 57 58 67 68
 42 68 74
 42 68 74 76
 42 68 74 75
 42 68 72 73
 42 68 72 73 76
 42 68 72 73 74 75
 42 63 64 68 74 76
 42 63 64 68 74 75
 42 63 64 68 72 73 76
 42 63 64 68 72 73 74 75
 42 61 62 64 68 74 76
 42 61 62 64 68 74 75
 42 61 62 64 68 72 73 76
 42 61 62 64 68 72 73 74 75
 42 60 68
 42 59 61 68
 42 59 60 68
 42 57 58 61 68
 42 57 58 59 60 68
 42 55 63 68 74 76
 42 55 63 68 74 75
 42 55 63 68 72 73 76
 42 55 63 68 72 73 74 75
 42 55 61 62 68 74 76
 42 55 61 62 68 74 75
 42 55 61 62 68 72 73 76
 42 55 61 62 68 72 73 74 75
 42 49 68 74
 42 49 68 72 73
 42 49 63 64 68 74
 42 49 63 64 68 72 73
 42 49 61 62 64 68 74
 42 49 61 62 64 68 72 73
 42 49 55 63 68 74
 42 49 55 63 68 72 73
 42 49 55 61 62 68 74
 42 49 55 61 62 68 72 73
 42 48 52
 42 48 52 67
 42 48 52 65 66
 42 48 52 64 78 79
 42 48 52 64 67 78 79
 42 48 52 64 65 66 78 79
 42 48 52 53 64
 42 48 52 53 64 67
 42 48 52 53 64 65 66
 42 48 50 51
 42 48 50 51 67
 42 48 50 51 65 66
 42 48 50 51 64 78 79
 42 48 50 51 64 67 78 79
 42 48 50 51 64 65 66 78 79
 42 48 50 51 53 64
 42 48 50 51 53 64 67
 42 48 50 51 53 64 65 66
 42 47 68
 42 47 68 76
 42 47 68 74 75
 42 47 63 64 68 76
 42 47 63 64 68 74 75
 42 47 61 62 64 68 76
 42 47 61 62 64 68 74 75
 42 47 55 63 68 76
 42 47 55 63 68 74 75
 42 47 55 61 62 68 76
 42 47 55 61 62 68 74 75
 42 47 49 68
 42 47 49 63 64 68
 42 47 49 61 62 64 68
 42 47 49 55 63 68
 42 47 49 55 61 62 68
 42 46 47 52
 42 46 47 52 67
 42 46 47 52 65 66
 42 46 47 52 64 78 79
 42 46 47 52 64 67 78 79
 42 46 47 52 64 65 66 78 79
 42 46 47 52 53 64
 42 46 47 52 53 64 67
 42 46 47 52 53 64 65 66
 42 46 47 50 51
 42 46 47 50 51 67
 42 46 47 50 51 65 66
 42 46 47 50 51 64 78 79
 42 46 47 50 51 64 67 78 79
 42 46 47 50 51 64 65 66 78 79
 42 46 47 50 51 53 64
 42 46 47 50 51 53 64 67
 42 46 47 50 51 53 64 65 66
 42 44 59 74
 42 44 59 72 73
 42 44 57 58 74
 42 44 57 58 72 73
 42 44 47 59
 42 44 47 57 58
 42 43 44 59 74
 42 43 44 59 72 73
 42 43 44 59 69 74
 42 43 44 59 69 72 73
 42 43 44 59 67 68 74
 42 43 44 59 67 68 72 73
 42 43 44 57 58 74
 42 43 44 57 58 72 73
 42 43 44 57 58 69 74
 42 43 44 57 58 69 72 73
 42 43 44 57 58 67 68 74
 42 43 44 57 58 67 68 72 73
 42 43 44 47 59
 42 43 44 47 59 69
 42 43 44 47 59 67 68
 42 43 44 47 57 58
 42 43 44 47 57 58 69
 42 43 44 47 57 58 67 68
 41 48 67 68
 41 48 65 66 68
 41 46 47 67 68
 41 46 47 65 66 68
 40 60 64 65
 40 60 64 65 66
 40 60 63 64
 40 60 63 64 66
 40 48 52 69
 40 48 52 67 68
 40 48 52 64 69 78 79
 40 48 52 64 67 68 78 79
 40 48 52 53 64 69
 40 48 52 53 64 67 68
 40 48 50 51 69
 40 48 50 51 67 68
 40 48 50 51 64 69 78 79
 40 48 50 51 64 67 68 78 79
 40 48 50 51 53 64 69
 40 48 50 51 53 64 67 68
 40 46 47 52 69
 40 46 47 52 67 68
 40 46 47 52 64 69 78 79
 40 46 47 52 64 67 68 78 79
 40 46 47 52 53 64 69
 40 46 47 52 53 64 67 68
 40 46 47 50 51 69
 40 46 47 50 51 67 68
 40 46 47 50 51 64 69 78 79
 40 46 47 50 51 64 67 68 78 79
 40 46 47 50 51 53 64 69
 40 46 47 50 51 53 64 67 68
 40 42 48 52
 40 42 48 52 64 78 79
 40 42 48 52 53 64
 40 42 48 50 51
 40 42 48 50 51 64 78 79
 40 42 48 50 51 53 64
 40 42 46 47 52
 40 42 46 47 52 64 78 79
 40 42 46 47 52 53 64
 40 42 46 47 50 51
 40 42 46 47 50 51 64 78 79
 40 42 46 47 50 51 53 64
 40 41 48 68
 40 41 46 47 68
 39 61 63 68
 39 61 62 68
 39 59 60 63 68
 39 59 60 61 62 68
 39 58 61 63 68
 39 58 61 62 68
 39 58 59 60 63 68
 39 58 59 60 61 62 68
 39 40 48 68
 39 40 48 67 68
 39 40 48 65 66 68
 39 40 46 47 68
 39 40 46 47 67 68
 39 40 46 47 65 66 68
 38 60 64
 38 60 64 67
 38 60 64 66
 38 60 64 66 67
 38 40 60 64
 38 40 60 64 66
 37 38 61 63 68
 37 38 61 62 68
 37 38 59 60 63 68
 37 38 59 60 61 62 68
 37 38 58 61 63 68
 37 38 58 61 62 68
 37 38 58 59 60 63 68
 37 38 58 59 60 61 62 68
 36 64 68 69 74 76
 36 64 68 69 74 75
 36 64 68 69 72 73 76
 36 64 68 69 72 73 74 75
 36 64 67 68 74 76
 36 64 67 68 74 75
 36 64 67 68 72 73 76
 36 64 67 68 72 73 74 75
 36 55 68 69 74 76
 36 55 68 69 74 75
 36 55 68 69 72 73 76
 36 55 68 69 72 73 74 75
 36 55 67 68 74 76
 36 55 67 68 74 75
 36 55 67 68 72 73 76
 36 55 67 68 72 73 74 75
 36 49 64 68 69 74
 36 49 64 68 69 72 73
 36 49 64 67 68 74
 36 49 64 67 68 72 73
 36 49 55 68 69 74
 36 49 55 68 69 72 73
 36 49 55 67 68 74
 36 49 55 67 68 72 73
 36 47 64 68 69 76
 36 47 64 68 69 74 75
 36 47 64 67 68 76
 36 47 64 67 68 74 75
 36 47 55 68 69 76
 36 47 55 68 69 74 75
 36 47 55 67 68 76
 36 47 55 67 68 74 75
 36 47 49 64 68 69
 36 47 49 64 67 68
 36 47 49 55 68 69
 36 47 49 55 67 68
 36 42 64 68 74 76
 36 42 64 68 74 75
 36 42 64 68 72 73 76
 36 42 64 68 72 73 74 75
 36 42 55 68 74 76
 36 42 55 68 74 75
 36 42 55 68 72 73 76
 36 42 55 68 72 73 74 75
 36 42 49 64 68 74
 36 42 49 64 68 72 73
 36 42 49 55 68 74
 36 42 49 55 68 72 73
 36 42 47 64 68 76
 36 42 47 64 68 74 75
 36 42 47 55 68 76
 36 42 47 55 68 74 75
 36 42 47 49 64 68
 36 42 47 49 55 68
 36 39 61 68
 36 39 59 60 68
 36 39 58 61 68
 36 39 58 59 60 68
 36 37 38 61 68
 36 37 38 59 60 68
 36 37 38 58 61 68
 36 37 38 58 59 60 68
 34 59 68 69
 34 59 67 68
 34 57 58 68 69
 34 57 58 67 68
 34 42 59 68
 34 42 57 58 68
 34 39 63 68
 34 39 61 62 68
 34 39 58 63 68
 34 39 58 61 62 68
 34 37 38 63 68
 34 37 38 61 62 68
 34 37 38 58 63 68
 34 37 38 58 61 62 68
 34 36 39 68
 34 36 39 58 68
 34 36 37 38 68
 34 36 37 38 58 68
 32 61 68 69
 32 61 67 68
 32 59 60 68 69
 32 59 60 67 68
 32 44 69 74
 32 44 69 72 73
 32 44 67 68 74
 32 44 67 68 72 73
 32 44 47 69
 32 44 47 67 68
 32 42 61 68
 32 42 59 60 68
 32 42 44 74
 32 42 44 72 73
 32 42 44 47
 32 42 43 44 74
 32 42 43 44 72 73
 32 42 43 44 69 74
 32 42 43 44 69 72 73
 32 42 43 44 67 68 74
 32 42 43 44 67 68 72 73
 32 42 43 44 47
 32 42 43 44 47 69
 32 42 43 44 47 67 68
 32 41 48 67 68
 32 41 48 65 66 68
 32 41 46 47 67 68
 32 41 46 47 65 66 68
 32 40 41 48 68
 32 40 41 46 47 68
 32 39 40 48 68
 32 39 40 48 67 68
 32 39 40 48 65 66 68
 32 39 40 46 47 68
 32 39 40 46 47 67 68
 32 39 40 46 47 65 66 68
 32 34 68 69
 32 34 67 68
 32 34 42 68
 30 48 52 69
 30 48 52 67 69
 30 48 52 65 66 69
 30 48 52 65 66 67 68
 30 48 52 64 69
 30 48 52 64 69 78 79
 30 48 52 64 67 69
 30 48 52 64 67 69 78 79
 30 48 52 64 65 66 69
 30 48 52 64 65 66 69 78 79
 30 48 52 64 65 66 67 68
 30 48 52 64 65 66 67 68 78 79
 30 48 52 53 64 69
 30 48 52 53 64 67 69
 30 48 52 53 64 65 66 69
 30 48 52 53 64 65 66 67 68
 30 48 50 51 69
 30 48 50 51 67 69
 30 48 50 51 65 66 69
 30 48 50 51 65 66 67 68
 30 48 50 51 64 69
 30 48 50 51 64 69 78 79
 30 48 50 51 64 67 69
 30 48 50 51 64 67 69 78 79
 30 48 50 51 64 65 66 69
 30 48 50 51 64 65 66 69 78 79
 30 48 50 51 64 65 66 67 68
 30 48 50 51 64 65 66 67 68 78 79
 30 48 50 51 53 64 69
 30 48 50 51 53 64 67 69
 30 48 50 51 53 64 65 66 69
 30 48 50 51 53 64 65 66 67 68
 30 46 47 52 69
 30 46 47 52 67 69
 30 46 47 52 65 66 69
 30 46 47 52 65 66 67 68
 30 46 47 52 64 69
 30 46 47 52 64 69 78 79
 30 46 47 52 64 67 69
 30 46 47 52 64 67 69 78 79
 30 46 47 52 64 65 66 69
 30 46 47 52 64 65 66 69 78 79
 30 46 47 52 64 65 66 67 68
 30 46 47 52 64 65 66 67 68 78 79
 30 46 47 52 53 64 69
 30 46 47 52 53 64 67 69
 30 46 47 52 53 64 65 66 69
 30 46 47 52 53 64 65 66 67 68
 30 46 47 50 51 69
 30 46 47 50 51 67 69
 30 46 47 50 51 65 66 69
 30 46 47 50 51 65 66 67 68
 30 46 47 50 51 64 69
 30 46 47 50 51 64 69 78 79
 30 46 47 50 51 64 67 69
 30 46 47 50 51 64 67 69 78 79
 30 46 47 50 51 64 65 66 69
 30 46 47 50 51 64 65 66 69 78 79
 30 46 47 50 51 64 65 66 67 68
 30 46 47 50 51 64 65 66 67 68 78 79
 30 46 47 50 51 53 64 69
 30 46 47 50 51 53 64 67 69
 30 46 47 50 51 53 64 65 66 69
 30 46 47 50 51 53 64 65 66 67 68
 30 42 48 52
 30 42 48 52 67
 30 42 48 52 65 66
 30 42 48 52 64
 30 42 48 52 64 78 79
 30 42 48 52 64 67
 30 42 48 52 64 67 78 79
 30 42 48 52 64 65 66
 30 42 48 52 64 65 66 78 79
 30 42 48 52 53 64
 30 42 48 52 53 64 67
 30 42 48 52 53 64 65 66
 30 42 48 50 51
 30 42 48 50 51 67
 30 42 48 50 51 65 66
 30 42 48 50 51 64
 30 42 48 50 51 64 78 79
 30 42 48 50 51 64 67
 30 42 48 50 51 64 67 78 79
 30 42 48 50 51 64 65 66
 30 42 48 50 51 64 65 66 78 79
 30 42 48 50 51 53 64
 30 42 48 50 51 53 64 67
 30 42 48 50 51 53 64 65 66
 30 42 46 47 52
 30 42 46 47 52 67
 30 42 46 47 52 65 66
 30 42 46 47 52 64
 30 42 46 47 52 64 78 79
 30 42 46 47 52 64 67
 30 42 46 47 52 64 67 78 79
 30 42 46 47 52 64 65 66
 30 42 46 47 52 64 65 66 78 79
 30 42 46 47 52 53 64
 30 42 46 47 52 53 64 67
 30 42 46 47 52 53 64 65 66
 30 42 46 47 50 51
 30 42 46 47 50 51 67
 30 42 46 47 50 51 65 66
 30 42 46 47 50 51 64
 30 42 46 47 50 51 64 78 79
 30 42 46 47 50 51 64 67
 30 42 46 47 50 51 64 67 78 79
 30 42 46 47 50 51 64 65 66
 30 42 46 47 50 51 64 65 66 78 79
 30 42 46 47 50 51 53 64
 30 42 46 47 50 51 53 64 67
 30 42 46 47 50 51 53 64 65 66
 30 40 48 52 69
 30 40 48 52 67 68
 30 40 48 52 64 69
 30 40 48 52 64 69 78 79
 30 40 48 52 64 67 68
 30 40 48 52 64 67 68 78 79
 30 40 48 52 53 64 69
 30 40 48 52 53 64 67 68
 30 40 48 50 51 69
 30 40 48 50 51 67 68
 30 40 48 50 51 64 69
 30 40 48 50 51 64 69 78 79
 30 40 48 50 51 64 67 68
 30 40 48 50 51 64 67 68 78 79
 30 40 48 50 51 53 64 69
 30 40 48 50 51 53 64 67 68
 30 40 46 47 52 69
 30 40 46 47 52 67 68
 30 40 46 47 52 64 69
 30 40 46 47 52 64 69 78 79
 30 40 46 47 52 64 67 68
 30 40 46 47 52 64 67 68 78 79
 30 40 46 47 52 53 64 69
 30 40 46 47 52 53 64 67 68
 30 40 46 47 50 51 69
 30 40 46 47 50 51 67 68
 30 40 46 47 50 51 64 69
 30 40 46 47 50 51 64 69 78 79
 30 40 46 47 50 51 64 67 68
 30 40 46 47 50 51 64 67 68 78 79
 30 40 46 47 50 51 53 64 69
 30 40 46 47 50 51 53 64 67 68
 30 40 42 48 52
 30 40 42 48 52 64
 30 40 42 48 52 64 78 79
 30 40 42 48 52 53 64
 30 40 42 48 50 51
 30 40 42 48 50 51 64
 30 40 42 48 50 51 64 78 79
 30 40 42 48 50 51 53 64
 30 40 42 46 47 52
 30 40 42 46 47 52 64
 30 40 42 46 47 52 64 78 79
 30 40 42 46 47 52 53 64
 30 40 42 46 47 50 51
 30 40 42 46 47 50 51 64
 30 40 42 46 47 50 51 64 78 79
 30 40 42 46 47 50 51 53 64
 28 63 68 69 74 76
 28 63 68 69 74 75
 28 63 68 69 72 73 76
 28 63 68 69 72 73 74 75
 28 63 67 68 74 76
 28 63 67 68 74 75
 28 63 67 68 72 73 76
 28 63 67 68 72 73 74 75
 28 61 62 68 69 74 76
 28 61 62 68 69 74 75
 28 61 62 68 69 72 73 76
 28 61 62 68 69 72 73 74 75
 28 61 62 67 68 74 76
 28 61 62 67 68 74 75
 28 61 62 67 68 72 73 76
 28 61 62 67 68 72 73 74 75
 28 49 63 68 69 74
 28 49 63 68 69 72 73
 28 49 63 67 68 74
 28 49 63 67 68 72 73
 28 49 61 62 68 69 74
 28 49 61 62 68 69 72 73
 28 49 61 62 67 68 74
 28 49 61 62 67 68 72 73
 28 47 63 68 69 76
 28 47 63 68 69 74 75
 28 47 63 67 68 76
 28 47 63 67 68 74 75
 28 47 61 62 68 69 76
 28 47 61 62 68 69 74 75
 28 47 61 62 67 68 76
 28 47 61 62 67 68 74 75
 28 47 49 63 68 69
 28 47 49 63 67 68
 28 47 49 61 62 68 69
 28 47 49 61 62 67 68
 28 42 63 68 74 76
 28 42 63 68 74 75
 28 42 63 68 72 73 76
 28 42 63 68 72 73 74 75
 28 42 61 62 68 74 76
 28 42 61 62 68 74 75
 28 42 61 62 68 72 73 76
 28 42 61 62 68 72 73 74 75
 28 42 49 63 68 74
 28 42 49 63 68 72 73
 28 42 49 61 62 68 74
 28 42 49 61 62 68 72 73
 28 42 47 63 68 76
 28 42 47 63 68 74 75
 28 42 47 61 62 68 76
 28 42 47 61 62 68 74 75
 28 42 47 49 63 68
 28 42 47 49 61 62 68
 28 36 68 69 74 76
 28 36 68 69 74 75
 28 36 68 69 72 73 76
 28 36 68 69 72 73 74 75
 28 36 67 68 74 76
 28 36 67 68 74 75
 28 36 67 68 72 73 76
 28 36 67 68 72 73 74 75
 28 36 49 68 69 74
 28 36 49 68 69 72 73
 28 36 49 67 68 74
 28 36 49 67 68 72 73
 28 36 47 68 69 76
 28 36 47 68 69 74 75
 28 36 47 67 68 76
 28 36 47 67 68 74 75
 28 36 47 49 68 69
 28 36 47 49 67 68
 28 36 42 68 74 76
 28 36 42 68 74 75
 28 36 42 68 72 73 76
 28 36 42 68 72 73 74 75
 28 36 42 49 68 74
 28 36 42 49 68 72 73
 28 36 42 47 68 76
 28 36 42 47 68 74 75
 28 36 42 47 49 68
 27 63 68 69 74 76
 27 63 68 69 74 75
 27 63 68 69 72 73 76
 27 63 68 69 72 73 74 75
 27 63 67 68 74 76
 27 63 67 68 74 75
 27 63 67 68 72 73 76
 27 63 67 68 72 73 74 75
 27 61 62 68 69 74 76
 27 61 62 68 69 74 75
 27 61 62 68 69 72 73 76
 27 61 62 68 69 72 73 74 75
 27 61 62 67 68 74 76
 27 61 62 67 68 74 75
 27 61 62 67 68 72 73 76
 27 61 62 67 68 72 73 74 75
 27 49 63 68 69 74
 27 49 63 68 69 72 73
 27 49 63 67 68 74
 27 49 63 67 68 72 73
 27 49 61 62 68 69 74
 27 49 61 62 68 69 72 73
 27 49 61 62 67 68 74
 27 49 61 62 67 68 72 73
 27 47 63 68 69 76
 27 47 63 68 69 74 75
 27 47 63 67 68 76
 27 47 63 67 68 74 75
 27 47 61 62 68 69 76
 27 47 61 62 68 69 74 75
 27 47 61 62 67 68 76
 27 47 61 62 67 68 74 75
 27 47 49 63 68 69
 27 47 49 63 67 68
 27 47 49 61 62 68 69
 27 47 49 61 62 67 68
 27 42 63 68 74 76
 27 42 63 68 74 75
 27 42 63 68 72 73 76
 27 42 63 68 72 73 74 75
 27 42 61 62 68 74 76
 27 42 61 62 68 74 75
 27 42 61 62 68 72 73 76
 27 42 61 62 68 72 73 74 75
 27 42 49 63 68 74
 27 42 49 63 68 72 73
 27 42 49 61 62 68 74
 27 42 49 61 62 68 72 73
 27 42 47 63 68 76
 27 42 47 63 68 74 75
 27 42 47 61 62 68 76
 27 42 47 61 62 68 74 75
 27 42 47 49 63 68
 27 42 47 49 61 62 68
 27 36 68 69 74 76
 27 36 68 69 74 75
 27 36 68 69 72 73 76
 27 36 68 69 72 73 74 75
 27 36 67 68 74 76
 27 36 67 68 74 75
 27 36 67 68 72 73 76
 27 36 67 68 72 73 74 75
 27 36 49 68 69 74
 27 36 49 68 69 72 73
 27 36 49 67 68 74
 27 36 49 67 68 72 73
 27 36 47 68 69 76
 27 36 47 68 69 74 75
 27 36 47 67 68 76
 27 36 47 67 68 74 75
 27 36 47 49 68 69
 27 36 47 49 67 68
 27 36 42 68 74 76
 27 36 42 68 74 75
 27 36 42 68 72 73 76
 27 36 42 68 72 73 74 75
 27 36 42 49 68 74
 27 36 42 49 68 72 73
 27 36 42 47 68 76
 27 36 42 47 68 74 75
 27 36 42 47 49 68
 26 69 74
 26 69 74 76
 26 69 74 75
 26 69 72 73
 26 69 72 73 76
 26 69 72 73 74 75
 26 67 68 74
 26 67 68 74 76
 26 67 68 74 75
 26 67 68 72 73
 26 67 68 72 73 76
 26 67 68 72 73 74 75
 26 63 64 69 74 76
 26 63 64 69 74 75
 26 63 64 69 72 73 76
 26 63 64 69 72 73 74 75
 26 63 64 67 68 74 76
 26 63 64 67 68 74 75
 26 63 64 67 68 72 73 76
 26 63 64 67 68 72 73 74 75
 26 61 62 64 69 74 76
 26 61 62 64 69 74 75
 26 61 62 64 69 72 73 76
 26 61 62 64 69 72 73 74 75
 26 61 62 64 67 68 74 76
 26 61 62 64 67 68 74 75
 26 61 62 64 67 68 72 73 76
 26 61 62 64 67 68 72 73 74 75
 26 60 69
 26 60 67 68
 26 59 61 69
 26 59 61 67 68
 26 59 60 69
 26 59 60 67 68
 26 57 58 61 69
 26 57 58 61 67 68
 26 57 58 59 60 69
 26 57 58 59 60 67 68
 26 55 63 69 74 76
 26 55 63 69 74 75
 26 55 63 69 72 73 76
 26 55 63 69 72 73 74 75
 26 55 63 67 68 74 76
 26 55 63 67 68 74 75
 26 55 63 67 68 72 73 76
 26 55 63 67 68 72 73 74 75
 26 55 61 62 69 74 76
 26 55 61 62 69 74 75
 26 55 61 62 69 72 73 76
 26 55 61 62 69 72 73 74 75
 26 55 61 62 67 68 74 76
 26 55 61 62 67 68 74 75
 26 55 61 62 67 68 72 73 76
 26 55 61 62 67 68 72 73 74 75
 26 49 69 74
 26 49 69 72 73
 26 49 67 68 74
 26 49 67 68 72 73
 26 49 63 64 69 74
 26 49 63 64 69 72 73
 26 49 63 64 67 68 74
 26 49 63 64 67 68 72 73
 26 49 61 62 64 69 74
 26 49 61 62 64 69 72 73
 26 49 61 62 64 67 68 74
 26 49 61 62 64 67 68 72 73
 26 49 55 63 69 74
 26 49 55 63 69 72 73
 26 49 55 63 67 68 74
 26 49 55 63 67 68 72 73
 26 49 55 61 62 69 74
 26 49 55 61 62 69 72 73
 26 49 55 61 62 67 68 74
 26 49 55 61 62 67 68 72 73
 26 47 69
 26 47 69 76
 26 47 69 74 75
 26 47 67 68
 26 47 67 68 76
 26 47 67 68 74 75
 26 47 63 64 69 76
 26 47 63 64 69 74 75
 26 47 63 64 67 68 76
 26 47 63 64 67 68 74 75
 26 47 61 62 64 69 76
 26 47 61 62 64 69 74 75
 26 47 61 62 64 67 68 76
 26 47 61 62 64 67 68 74 75
 26 47 55 63 69 76
 26 47 55 63 69 74 75
 26 47 55 63 67 68 76
 26 47 55 63 67 68 74 75
 26 47 55 61 62 69 76
 26 47 55 61 62 69 74 75
 26 47 55 61 62 67 68 76
 26 47 55 61 62 67 68 74 75
 26 47 49 69
 26 47 49 67 68
 26 47 49 63 64 69
 26 47 49 63 64 67 68
 26 47 49 61 62 64 69
 26 47 49 61 62 64 67 68
 26 47 49 55 63 69
 26 47 49 55 63 67 68
 26 47 49 55 61 62 69
 26 47 49 55 61 62 67 68
 26 42 74
 26 42 74 76
 26 42 74 75
 26 42 72 73
 26 42 72 73 76
 26 42 72 73 74 75
 26 42 63 64 74 76
 26 42 63 64 74 75
 26 42 63 64 72 73 76
 26 42 63 64 72 73 74 75
 26 42 61 62 64 74 76
 26 42 61 62 64 74 75
 26 42 61 62 64 72 73 76
 26 42 61 62 64 72 73 74 75
 26 42 60
 26 42 59 61
 26 42 59 60
 26 42 57 58 61
 26 42 57 58 59 60
 26 42 55 63 74 76
 26 42 55 63 74 75
 26 42 55 63 72 73 76
 26 42 55 63 72 73 74 75
 26 42 55 61 62 74 76
 26 42 55 61 62 74 75
 26 42 55 61 62 72 73 76
 26 42 55 61 62 72 73 74 75
 26 42 49 74
 26 42 49 72 73
 26 42 49 63 64 74
 26 42 49 63 64 72 73
 26 42 49 61 62 64 74
 26 42 49 61 62 64 72 73
 26 42 49 55 63 74
 26 42 49 55 63 72 73
 26 42 49 55 61 62 74
 26 42 49 55 61 62 72 73
 26 42 47
 26 42 47 76
 26 42 47 74 75
 26 42 47 63 64 76
 26 42 47 63 64 74 75
 26 42 47 61 62 64 76
 26 42 47 61 62 64 74 75
 26 42 47 55 63 76
 26 42 47 55 63 74 75
 26 42 47 55 61 62 76
 26 42 47 55 61 62 74 75
 26 42 47 49
 26 42 47 49 63 64
 26 42 47 49 61 62 64
 26 42 47 49 55 63
 26 42 47 49 55 61 62
 26 39 61 63
 26 39 61 62
 26 39 59 60 63
 26 39 59 60 61 62
 26 39 58 61 63
 26 39 58 61 62
 26 39 58 59 60 63
 26 39 58 59 60 61 62
 26 37 38 61 63
 26 37 38 61 62
 26 37 38 59 60 63
 26 37 38 59 60 61 62
 26 37 38 58 61 63
 26 37 38 58 61 62
 26 37 38 58 59 60 63
 26 37 38 58 59 60 61 62
 26 36 64 69 74 76
 26 36 64 69 74 75
 26 36 64 69 72 73 76
 26 36 64 69 72 73 74 75
 26 36 64 67 68 74 76
 26 36 64 67 68 74 75
 26 36 64 67 68 72 73 76
 26 36 64 67 68 72 73 74 75
 26 36 55 69 74 76
 26 36 55 69 74 75
 26 36 55 69 72 73 76
 26 36 55 69 72 73 74 75
 26 36 55 67 68 74 76
 26 36 55 67 68 74 75
 26 36 55 67 68 72 73 76
 26 36 55 67 68 72 73 74 75
 26 36 49 64 69 74
 26 36 49 64 69 72 73
 26 36 49 64 67 68 74
 26 36 49 64 67 68 72 73
 26 36 49 55 69 74
 26 36 49 55 69 72 73
 26 36 49 55 67 68 74
 26 36 49 55 67 68 72 73
 26 36 47 64 69 76
 26 36 47 64 69 74 75
 26 36 47 64 67 68 76
 26 36 47 64 67 68 74 75
 26 36 47 55 69 76
 26 36 47 55 69 74 75
 26 36 47 55 67 68 76
 26 36 47 55 67 68 74 75
 26 36 47 49 64 69
 26 36 47 49 64 67 68
 26 36 47 49 55 69
 26 36 47 49 55 67 68
 26 36 42 64 74 76
 26 36 42 64 74 75
 26 36 42 64 72 73 76
 26 36 42 64 72 73 74 75
 26 36 42 55 74 76
 26 36 42 55 74 75
 26 36 42 55 72 73 76
 26 36 42 55 72 73 74 75
 26 36 42 49 64 74
 26 36 42 49 64 72 73
 26 36 42 49 55 74
 26 36 42 49 55 72 73
 26 36 42 47 64 76
 26 36 42 47 64 74 75
 26 36 42 47 55 76
 26 36 42 47 55 74 75
 26 36 42 47 49 64
 26 36 42 47 49 55
 26 36 39 61
 26 36 39 59 60
 26 36 39 58 61
 26 36 39 58 59 60
 26 36 37 38 61
 26 36 37 38 59 60
 26 36 37 38 58 61
 26 36 37 38 58 59 60
 26 34 59 69
 26 34 59 67 68
 26 34 57 58 69
 26 34 57 58 67 68
 26 34 42 59
 26 34 42 57 58
 26 34 39 63
 26 34 39 61 62
 26 34 39 58 63
 26 34 39 58 61 62
 26 34 37 38 63
 26 34 37 38 61 62
 26 34 37 38 58 63
 26 34 37 38 58 61 62
 26 34 36 39
 26 34 36 39 58
 26 34 36 37 38
 26 34 36 37 38 58
 26 32 61 69
 26 32 61 67 68
 26 32 59 60 69
 26 32 59 60 67 68
 26 32 42 61
 26 32 42 59 60
 26 32 34 69
 26 32 34 67 68
 26 32 34 42
 26 28 63 69 74 76
 26 28 63 69 74 75
 26 28 63 69 72 73 76
 26 28 63 69 72 73 74 75
 26 28 63 67 68 74 76
 26 28 63 67 68 74 75
 26 28 63 67 68 72 73 76
 26 28 63 67 68 72 73 74 75
 26 28 61 62 69 74 76
 26 28 61 62 69 74 75
 26 28 61 62 69 72 73 76
 26 28 61 62 69 72 73 74 75
 26 28 61 62 67 68 74 76
 26 28 61 62 67 68 74 75
 26 28 61 62 67 68 72 73 76
 26 28 61 62 67 68 72 73 74 75
 26 28 49 63 69 74
 26 28 49 63 69 72 73
 26 28 49 63 67 68 74
 26 28 49 63 67 68 72 73
 26 28 49 61 62 69 74
 26 28 49 61 62 69 72 73
 26 28 49 61 62 67 68 74
 26 28 49 61 62 67 68 72 73
 26 28 47 63 69 76
 26 28 47 63 69 74 75
 26 28 47 63 67 68 76
 26 28 47 63 67 68 74 75
 26 28 47 61 62 69 76
 26 28 47 61 62 69 74 75
 26 28 47 61 62 67 68 76
 26 28 47 61 62 67 68 74 75
 26 28 47 49 63 69
 26 28 47 49 63 67 68
 26 28 47 49 61 62 69
 26 28 47 49 61 62 67 68
 26 28 42 63 74 76
 26 28 42 63 74 75
 26 28 42 63 72 73 76
 26 28 42 63 72 73 74 75
 26 28 42 61 62 74 76
 26 28 42 61 62 74 75
 26 28 42 61 62 72 73 76
 26 28 42 61 62 72 73 74 75
 26 28 42 49 63 74
 26 28 42 49 63 72 73
 26 28 42 49 61 62 74
 26 28 42 49 61 62 72 73
 26 28 42 47 63 76
 26 28 42 47 63 74 75
 26 28 42 47 61 62 76
 26 28 42 47 61 62 74 75
 26 28 42 47 49 63
 26 28 42 47 49 61 62
 26 28 36 69 74 76
 26 28 36 69 74 75
 26 28 36 69 72 73 76
 26 28 36 69 72 73 74 75
 26 28 36 67 68 74 76
 26 28 36 67 68 74 75
 26 28 36 67 68 72 73 76
 26 28 36 67 68 72 73 74 75
 26 28 36 49 69 74
 26 28 36 49 69 72 73
 26 28 36 49 67 68 74
 26 28 36 49 67 68 72 73
 26 28 36 47 69 76
 26 28 36 47 69 74 75
 26 28 36 47 67 68 76
 26 28 36 47 67 68 74 75
 26 28 36 47 49 69
 26 28 36 47 49 67 68
 26 28 36 42 74 76
 26 28 36 42 74 75
 26 28 36 42 72 73 76
 26 28 36 42 72 73 74 75
 26 28 36 42 49 74
 26 28 36 42 49 72 73
 26 28 36 42 47 76
 26 28 36 42 47 74 75
 26 28 36 42 47 49
 26 27 63 68 69 74 76
 26 27 63 68 69 74 75
 26 27 63 68 69 72 73 76
 26 27 63 68 69 72 73 74 75
 26 27 63 67 68 74 76
 26 27 63 67 68 74 75
 26 27 63 67 68 72 73 76
 26 27 63 67 68 72 73 74 75
 26 27 61 62 68 69 74 76
 26 27 61 62 68 69 74 75
 26 27 61 62 68 69 72 73 76
 26 27 61 62 68 69 72 73 74 75
 26 27 61 62 67 68 74 76
 26 27 61 62 67 68 74 75
 26 27 61 62 67 68 72 73 76
 26 27 61 62 67 68 72 73 74 75
 26 27 49 63 68 69 74
 26 27 49 63 68 69 72 73
 26 27 49 63 67 68 74
 26 27 49 63 67 68 72 73
 26 27 49 61 62 68 69 74
 26 27 49 61 62 68 69 72 73
 26 27 49 61 62 67 68 74
 26 27 49 61 62 67 68 72 73
 26 27 47 63 68 69 76
 26 27 47 63 68 69 74 75
 26 27 47 63 67 68 76
 26 27 47 63 67 68 74 75
 26 27 47 61 62 68 69 76
 26 27 47 61 62 68 69 74 75
 26 27 47 61 62 67 68 76
 26 27 47 61 62 67 68 74 75
 26 27 47 49 63 68 69
 26 27 47 49 63 67 68
 26 27 47 49 61 62 68 69
 26 27 47 49 61 62 67 68
 26 27 42 63 68 74 76
 26 27 42 63 68 74 75
 26 27 42 63 68 72 73 76
 26 27 42 63 68 72 73 74 75
 26 27 42 61 62 68 74 76
 26 27 42 61 62 68 74 75
 26 27 42 61 62 68 72 73 76
 26 27 42 61 62 68 72 73 74 75
 26 27 42 49 63 68 74
 26 27 42 49 63 68 72 73
 26 27 42 49 61 62 68 74
 26 27 42 49 61 62 68 72 73
 26 27 42 47 63 68 76
 26 27 42 47 63 68 74 75
 26 27 42 47 61 62 68 76
 26 27 42 47 61 62 68 74 75
 26 27 42 47 49 63 68
 26 27 42 47 49 61 62 68
 26 27 36 68 69 74 76
 26 27 36 68 69 74 75
 26 27 36 68 69 72 73 76
 26 27 36 68 69 72 73 74 75
 26 27 36 67 68 74 76
 26 27 36 67 68 74 75
 26 27 36 67 68 72 73 76
 26 27 36 67 68 72 73 74 75
 26 27 36 49 68 69 74
 26 27 36 49 68 69 72 73
 26 27 36 49 67 68 74
 26 27 36 49 67 68 72 73
 26 27 36 47 68 69 76
 26 27 36 47 68 69 74 75
 26 27 36 47 67 68 76
 26 27 36 47 67 68 74 75
 26 27 36 47 49 68 69
 26 27 36 47 49 67 68
 26 27 36 42 68 74 76
 26 27 36 42 68 74 75
 26 27 36 42 68 72 73 76
 26 27 36 42 68 72 73 74 75
 26 27 36 42 49 68 74
 26 27 36 42 49 68 72 73
 26 27 36 42 47 68 76
 26 27 36 42 47 68 74 75
 26 27 36 42 47 49 68
 25 48 69
 25 48 67 69
 25 48 65 66 69
 25 48 65 66 67 68
 25 48 64 69 78 79
 25 48 64 67 69 78 79
 25 48 64 65 66 69 78 79
 25 48 64 65 66 67 68 78 79
 25 48 53 64 69
 25 48 53 64 67 69
 25 48 53 64 65 66 69
 25 48 53 64 65 66 67 68
 25 46 47 69
 25 46 47 67 69
 25 46 47 65 66 69
 25 46 47 65 66 67 68
 25 46 47 64 69 78 79
 25 46 47 64 67 69 78 79
 25 46 47 64 65 66 69 78 79
 25 46 47 64 65 66 67 68 78 79
 25 46 47 53 64 69
 25 46 47 53 64 67 69
 25 46 47 53 64 65 66 69
 25 46 47 53 64 65 66 67 68
 25 42 48
 25 42 48 67
 25 42 48 65 66
 25 42 48 64 78 79
 25 42 48 64 67 78 79
 25 42 48 64 65 66 78 79
 25 42 48 53 64
 25 42 48 53 64 67
 25 42 48 53 64 65 66
 25 42 46 47
 25 42 46 47 67
 25 42 46 47 65 66
 25 42 46 47 64 78 79
 25 42 46 47 64 67 78 79
 25 42 46 47 64 65 66 78 79
 25 42 46 47 53 64
 25 42 46 47 53 64 67
 25 42 46 47 53 64 65 66
 25 40 48 69
 25 40 48 67 68
 25 40 48 64 69 78 79
 25 40 48 64 67 68 78 79
 25 40 48 53 64 69
 25 40 48 53 64 67 68
 25 40 46 47 69
 25 40 46 47 67 68
 25 40 46 47 64 69 78 79
 25 40 46 47 64 67 68 78 79
 25 40 46 47 53 64 69
 25 40 46 47 53 64 67 68
 25 40 42 48
 25 40 42 48 64 78 79
 25 40 42 48 53 64
 25 40 42 46 47
 25 40 42 46 47 64 78 79
 25 40 42 46 47 53 64
 25 30 48 69
 25 30 48 67 69
 25 30 48 65 66 69
 25 30 48 65 66 67 68
 25 30 48 64 69
 25 30 48 64 69 78 79
 25 30 48 64 67 69
 25 30 48 64 67 69 78 79
 25 30 48 64 65 66 69
 25 30 48 64 65 66 69 78 79
 25 30 48 64 65 66 67 68
 25 30 48 64 65 66 67 68 78 79
 25 30 48 53 64 69
 25 30 48 53 64 67 69
 25 30 48 53 64 65 66 69
 25 30 48 53 64 65 66 67 68
 25 30 46 47 69
 25 30 46 47 67 69
 25 30 46 47 65 66 69
 25 30 46 47 65 66 67 68
 25 30 46 47 64 69
 25 30 46 47 64 69 78 79
 25 30 46 47 64 67 69
 25 30 46 47 64 67 69 78 79
 25 30 46 47 64 65 66 69
 25 30 46 47 64 65 66 69 78 79
 25 30 46 47 64 65 66 67 68
 25 30 46 47 64 65 66 67 68 78 79
 25 30 46 47 53 64 69
 25 30 46 47 53 64 67 69
 25 30 46 47 53 64 65 66 69
 25 30 46 47 53 64 65 66 67 68
 25 30 42 48
 25 30 42 48 67
 25 30 42 48 65 66
 25 30 42 48 64
 25 30 42 48 64 78 79
 25 30 42 48 64 67
 25 30 42 48 64 67 78 79
 25 30 42 48 64 65 66
 25 30 42 48 64 65 66 78 79
 25 30 42 48 53 64
 25 30 42 48 53 64 67
 25 30 42 48 53 64 65 66
 25 30 42 46 47
 25 30 42 46 47 67
 25 30 42 46 47 65 66
 25 30 42 46 47 64
 25 30 42 46 47 64 78 79
 25 30 42 46 47 64 67
 25 30 42 46 47 64 67 78 79
 25 30 42 46 47 64 65 66
 25 30 42 46 47 64 65 66 78 79
 25 30 42 46 47 53 64
 25 30 42 46 47 53 64 67
 25 30 42 46 47 53 64 65 66
 25 30 40 48 69
 25 30 40 48 67 68
 25 30 40 48 64 69
 25 30 40 48 64 69 78 79
 25 30 40 48 64 67 68
 25 30 40 48 64 67 68 78 79
 25 30 40 48 53 64 69
 25 30 40 48 53 64 67 68
 25 30 40 46 47 69
 25 30 40 46 47 67 68
 25 30 40 46 47 64 69
 25 30 40 46 47 64 69 78 79
 25 30 40 46 47 64 67 68
 25 30 40 46 47 64 67 68 78 79
 25 30 40 46 47 53 64 69
 25 30 40 46 47 53 64 67 68
 25 30 40 42 48
 25 30 40 42 48 64
 25 30 40 42 48 64 78 79
 25 30 40 42 48 53 64
 25 30 40 42 46 47
 25 30 40 42 46 47 64
 25 30 40 42 46 47 64 78 79
 25 30 40 42 46 47 53 64
 25 26 63 69 74 76
 25 26 63 69 74 75
 25 26 63 69 72 73 76
 25 26 63 69 72 73 74 75
 25 26 63 68 69 74 76
 25 26 63 68 69 74 75
 25 26 63 68 69 72 73 76
 25 26 63 68 69 72 73 74 75
 25 26 61 62 69 74 76
 25 26 61 62 69 74 75
 25 26 61 62 69 72 73 76
 25 26 61 62 69 72 73 74 75
 25 26 61 62 68 69 74 76
 25 26 61 62 68 69 74 75
 25 26 61 62 68 69 72 73 76
 25 26 61 62 68 69 72 73 74 75
 25 26 49 63 69 74
 25 26 49 63 69 72 73
 25 26 49 63 68 69 74
 25 26 49 63 68 69 72 73
 25 26 49 61 62 69 74
 25 26 49 61 62 69 72 73
 25 26 49 61 62 68 69 74
 25 26 49 61 62 68 69 72 73
 25 26 47 63 69 76
 25 26 47 63 69 74 75
 25 26 47 63 68 69 76
 25 26 47 63 68 69 74 75
 25 26 47 61 62 69 76
 25 26 47 61 62 69 74 75
 25 26 47 61 62 68 69 76
 25 26 47 61 62 68 69 74 75
 25 26 47 49 63 69
 25 26 47 49 63 68 69
 25 26 47 49 61 62 69
 25 26 47 49 61 62 68 69
 25 26 42 63 74 76
 25 26 42 63 74 75
 25 26 42 63 72 73 76
 25 26 42 63 72 73 74 75
 25 26 42 63 68 74 76
 25 26 42 63 68 74 75
 25 26 42 63 68 72 73 76
 25 26 42 63 68 72 73 74 75
 25 26 42 61 62 74 76
 25 26 42 61 62 74 75
 25 26 42 61 62 72 73 76
 25 26 42 61 62 72 73 74 75
 25 26 42 61 62 68 74 76
 25 26 42 61 62 68 74 75
 25 26 42 61 62 68 72 73 76
 25 26 42 61 62 68 72 73 74 75
 25 26 42 49 63 74
 25 26 42 49 63 72 73
 25 26 42 49 63 68 74
 25 26 42 49 63 68 72 73
 25 26 42 49 61 62 74
 25 26 42 49 61 62 72 73
 25 26 42 49 61 62 68 74
 25 26 42 49 61 62 68 72 73
 25 26 42 47 63 76
 25 26 42 47 63 74 75
 25 26 42 47 63 68 76
 25 26 42 47 63 68 74 75
 25 26 42 47 61 62 76
 25 26 42 47 61 62 74 75
 25 26 42 47 61 62 68 76
 25 26 42 47 61 62 68 74 75
 25 26 42 47 49 63
 25 26 42 47 49 63 68
 25 26 42 47 49 61 62
 25 26 42 47 49 61 62 68
 25 26 36 69 74 76
 25 26 36 69 74 75
 25 26 36 69 72 73 76
 25 26 36 69 72 73 74 75
 25 26 36 68 69 74 76
 25 26 36 68 69 74 75
 25 26 36 68 69 72 73 76
 25 26 36 68 69 72 73 74 75
 25 26 36 49 69 74
 25 26 36 49 69 72 73
 25 26 36 49 68 69 74
 25 26 36 49 68 69 72 73
 25 26 36 47 69 76
 25 26 36 47 69 74 75
 25 26 36 47 68 69 76
 25 26 36 47 68 69 74 75
 25 26 36 47 49 69
 25 26 36 47 49 68 69
 25 26 36 42 74 76
 25 26 36 42 74 75
 25 26 36 42 72 73 76
 25 26 36 42 72 73 74 75
 25 26 36 42 68 74 76
 25 26 36 42 68 74 75
 25 26 36 42 68 72 73 76
 25 26 36 42 68 72 73 74 75
 25 26 36 42 49 74
 25 26 36 42 49 72 73
 25 26 36 42 49 68 74
 25 26 36 42 49 68 72 73
 25 26 36 42 47 76
 25 26 36 42 47 74 75
 25 26 36 42 47 68 76
 25 26 36 42 47 68 74 75
 25 26 36 42 47 49
 25 26 36 42 47 49 68
 24 25 69 74
 24 25 69 74 76
 24 25 69 74 75
 24 25 69 72 73
 24 25 69 72 73 76
 24 25 69 72 73 74 75
 24 25 67 68 74
 24 25 67 68 74 76
 24 25 67 68 74 75
 24 25 67 68 72 73
 24 25 67 68 72 73 76
 24 25 67 68 72 73 74 75
 24 25 63 64 69 74 76
 24 25 63 64 69 74 75
 24 25 63 64 69 72 73 76
 24 25 63 64 69 72 73 74 75
 24 25 63 64 67 68 74 76
 24 25 63 64 67 68 74 75
 24 25 63 64 67 68 72 73 76
 24 25 63 64 67 68 72 73 74 75
 24 25 61 62 64 69 74 76
 24 25 61 62 64 69 74 75
 24 25 61 62 64 69 72 73 76
 24 25 61 62 64 69 72 73 74 75
 24 25 61 62 64 67 68 74 76
 24 25 61 62 64 67 68 74 75
 24 25 61 62 64 67 68 72 73 76
 24 25 61 62 64 67 68 72 73 74 75
 24 25 60 69
 24 25 60 67 68
 24 25 59 61 69
 24 25 59 61 67 68
 24 25 59 60 69
 24 25 59 60 67 68
 24 25 57 58 61 69
 24 25 57 58 61 67 68
 24 25 57 58 59 60 69
 24 25 57 58 59 60 67 68
 24 25 55 63 69 74 76
 24 25 55 63 69 74 75
 24 25 55 63 69 72 73 76
 24 25 55 63 69 72 73 74 75
 24 25 55 63 67 68 74 76
 24 25 55 63 67 68 74 75
 24 25 55 63 67 68 72 73 76
 24 25 55 63 67 68 72 73 74 75
 24 25 55 61 62 69 74 76
 24 25 55 61 62 69 74 75
 24 25 55 61 62 69 72 73 76
 24 25 55 61 62 69 72 73 74 75
 24 25 55 61 62 67 68 74 76
 24 25 55 61 62 67 68 74 75
 24 25 55 61 62 67 68 72 73 76
 24 25 55 61 62 67 68 72 73 74 75
 24 25 49 69 74
 24 25 49 69 72 73
 24 25 49 67 68 74
 24 25 49 67 68 72 73
 24 25 49 63 64 69 74
 24 25 49 63 64 69 72 73
 24 25 49 63 64 67 68 74
 24 25 49 63 64 67 68 72 73
 24 25 49 61 62 64 69 74
 24 25 49 61 62 64 69 72 73
 24 25 49 61 62 64 67 68 74
 24 25 49 61 62 64 67 68 72 73
 24 25 49 55 63 69 74
 24 25 49 55 63 69 72 73
 24 25 49 55 63 67 68 74
 24 25 49 55 63 67 68 72 73
 24 25 49 55 61 62 69 74
 24 25 49 55 61 62 69 72 73
 24 25 49 55 61 62 67 68 74
 24 25 49 55 61 62 67 68 72 73
 24 25 47 69
 24 25 47 69 76
 24 25 47 69 74 75
 24 25 47 67 68
 24 25 47 67 68 76
 24 25 47 67 68 74 75
 24 25 47 63 64 69 76
 24 25 47 63 64 69 74 75
 24 25 47 63 64 67 68 76
 24 25 47 63 64 67 68 74 75
 24 25 47 61 62 64 69 76
 24 25 47 61 62 64 69 74 75
 24 25 47 61 62 64 67 68 76
 24 25 47 61 62 64 67 68 74 75
 24 25 47 55 63 69 76
 24 25 47 55 63 69 74 75
 24 25 47 55 63 67 68 76
 24 25 47 55 63 67 68 74 75
 24 25 47 55 61 62 69 76
 24 25 47 55 61 62 69 74 75
 24 25 47 55 61 62 67 68 76
 24 25 47 55 61 62 67 68 74 75
 24 25 47 49 69
 24 25 47 49 67 68
 24 25 47 49 63 64 69
 24 25 47 49 63 64 67 68
 24 25 47 49 61 62 64 69
 24 25 47 49 61 62 64 67 68
 24 25 47 49 55 63 69
 24 25 47 49 55 63 67 68
 24 25 47 49 55 61 62 69
 24 25 47 49 55 61 62 67 68
 24 25 42 74
 24 25 42 74 76
 24 25 42 74 75
 24 25 42 72 73
 24 25 42 72 73 76
 24 25 42 72 73 74 75
 24 25 42 63 64 74 76
 24 25 42 63 64 74 75
 24 25 42 63 64 72 73 76
 24 25 42 63 64 72 73 74 75
 24 25 42 61 62 64 74 76
 24 25 42 61 62 64 74 75
 24 25 42 61 62 64 72 73 76
 24 25 42 61 62 64 72 73 74 75
 24 25 42 60
 24 25 42 59 61
 24 25 42 59 60
 24 25 42 57 58 61
 24 25 42 57 58 59 60
 24 25 42 55 63 74 76
 24 25 42 55 63 74 75
 24 25 42 55 63 72 73 76
 24 25 42 55 63 72 73 74 75
 24 25 42 55 61 62 74 76
 24 25 42 55 61 62 74 75
 24 25 42 55 61 62 72 73 76
 24 25 42 55 61 62 72 73 74 75
 24 25 42 49 74
 24 25 42 49 72 73
 24 25 42 49 63 64 74
 24 25 42 49 63 64 72 73
 24 25 42 49 61 62 64 74
 24 25 42 49 61 62 64 72 73
 24 25 42 49 55 63 74
 24 25 42 49 55 63 72 73
 24 25 42 49 55 61 62 74
 24 25 42 49 55 61 62 72 73
 24 25 42 47
 24 25 42 47 76
 24 25 42 47 74 75
 24 25 42 47 63 64 76
 24 25 42 47 63 64 74 75
 24 25 42 47 61 62 64 76
 24 25 42 47 61 62 64 74 75
 24 25 42 47 55 63 76
 24 25 42 47 55 63 74 75
 24 25 42 47 55 61 62 76
 24 25 42 47 55 61 62 74 75
 24 25 42 47 49
 24 25 42 47 49 63 64
 24 25 42 47 49 61 62 64
 24 25 42 47 49 55 63
 24 25 42 47 49 55 61 62
 24 25 39 61 63
 24 25 39 61 62
 24 25 39 59 60 63
 24 25 39 59 60 61 62
 24 25 39 58 61 63
 24 25 39 58 61 62
 24 25 39 58 59 60 63
 24 25 39 58 59 60 61 62
 24 25 37 38 61 63
 24 25 37 38 61 62
 24 25 37 38 59 60 63
 24 25 37 38 59 60 61 62
 24 25 37 38 58 61 63
 24 25 37 38 58 61 62
 24 25 37 38 58 59 60 63
 24 25 37 38 58 59 60 61 62
 24 25 36 64 69 74 76
 24 25 36 64 69 74 75
 24 25 36 64 69 72 73 76
 24 25 36 64 69 72 73 74 75
 24 25 36 64 67 68 74 76
 24 25 36 64 67 68 74 75
 24 25 36 64 67 68 72 73 76
 24 25 36 64 67 68 72 73 74 75
 24 25 36 55 69 74 76
 24 25 36 55 69 74 75
 24 25 36 55 69 72 73 76
 24 25 36 55 69 72 73 74 75
 24 25 36 55 67 68 74 76
 24 25 36 55 67 68 74 75
 24 25 36 55 67 68 72 73 76
 24 25 36 55 67 68 72 73 74 75
 24 25 36 49 64 69 74
 24 25 36 49 64 69 72 73
 24 25 36 49 64 67 68 74
 24 25 36 49 64 67 68 72 73
 24 25 36 49 55 69 74
 24 25 36 49 55 69 72 73
 24 25 36 49 55 67 68 74
 24 25 36 49 55 67 68 72 73
 24 25 36 47 64 69 76
 24 25 36 47 64 69 74 75
 24 25 36 47 64 67 68 76
 24 25 36 47 64 67 68 74 75
 24 25 36 47 55 69 76
 24 25 36 47 55 69 74 75
 24 25 36 47 55 67 68 76
 24 25 36 47 55 67 68 74 75
 24 25 36 47 49 64 69
 24 25 36 47 49 64 67 68
 24 25 36 47 49 55 69
 24 25 36 47 49 55 67 68
 24 25 36 42 64 74 76
 24 25 36 42 64 74 75
 24 25 36 42 64 72 73 76
 24 25 36 42 64 72 73 74 75
 24 25 36 42 55 74 76
 24 25 36 42 55 74 75
 24 25 36 42 55 72 73 76
 24 25 36 42 55 72 73 74 75
 24 25 36 42 49 64 74
 24 25 36 42 49 64 72 73
 24 25 36 42 49 55 74
 24 25 36 42 49 55 72 73
 24 25 36 42 47 64 76
 24 25 36 42 47 64 74 75
 24 25 36 42 47 55 76
 24 25 36 42 47 55 74 75
 24 25 36 42 47 49 64
 24 25 36 42 47 49 55
 24 25 36 39 61
 24 25 36 39 59 60
 24 25 36 39 58 61
 24 25 36 39 58 59 60
 24 25 36 37 38 61
 24 25 36 37 38 59 60
 24 25 36 37 38 58 61
 24 25 36 37 38 58 59 60
 24 25 34 59 69
 24 25 34 59 67 68
 24 25 34 57 58 69
 24 25 34 57 58 67 68
 24 25 34 42 59
 24 25 34 42 57 58
 24 25 34 39 63
 24 25 34 39 61 62
 24 25 34 39 58 63
 24 25 34 39 58 61 62
 24 25 34 37 38 63
 24 25 34 37 38 61 62
 24 25 34 37 38 58 63
 24 25 34 37 38 58 61 62
 24 25 34 36 39
 24 25 34 36 39 58
 24 25 34 36 37 38
 24 25 34 36 37 38 58
 24 25 32 61 69
 24 25 32 61 67 68
 24 25 32 59 60 69
 24 25 32 59 60 67 68
 24 25 32 42 61
 24 25 32 42 59 60
 24 25 32 34 69
 24 25 32 34 67 68
 24 25 32 34 42
 24 25 28 63 69 74 76
 24 25 28 63 69 74 75
 24 25 28 63 69 72 73 76
 24 25 28 63 69 72 73 74 75
 24 25 28 63 67 68 74 76
 24 25 28 63 67 68 74 75
 24 25 28 63 67 68 72 73 76
 24 25 28 63 67 68 72 73 74 75
 24 25 28 61 62 69 74 76
 24 25 28 61 62 69 74 75
 24 25 28 61 62 69 72 73 76
 24 25 28 61 62 69 72 73 74 75
 24 25 28 61 62 67 68 74 76
 24 25 28 61 62 67 68 74 75
 24 25 28 61 62 67 68 72 73 76
 24 25 28 61 62 67 68 72 73 74 75
 24 25 28 49 63 69 74
 24 25 28 49 63 69 72 73
 24 25 28 49 63 67 68 74
 24 25 28 49 63 67 68 72 73
 24 25 28 49 61 62 69 74
 24 25 28 49 61 62 69 72 73
 24 25 28 49 61 62 67 68 74
 24 25 28 49 61 62 67 68 72 73
 24 25 28 47 63 69 76
 24 25 28 47 63 69 74 75
 24 25 28 47 63 67 68 76
 24 25 28 47 63 67 68 74 75
 24 25 28 47 61 62 69 76
 24 25 28 47 61 62 69 74 75
 24 25 28 47 61 62 67 68 76
 24 25 28 47 61 62 67 68 74 75
 24 25 28 47 49 63 69
 24 25 28 47 49 63 67 68
 24 25 28 47 49 61 62 69
 24 25 28 47 49 61 62 67 68
 24 25 28 42 63 74 76
 24 25 28 42 63 74 75
 24 25 28 42 63 72 73 76
 24 25 28 42 63 72 73 74 75
 24 25 28 42 61 62 74 76
 24 25 28 42 61 62 74 75
 24 25 28 42 61 62 72 73 76
 24 25 28 42 61 62 72 73 74 75
 24 25 28 42 49 63 74
 24 25 28 42 49 63 72 73
 24 25 28 42 49 61 62 74
 24 25 28 42 49 61 62 72 73
 24 25 28 42 47 63 76
 24 25 28 42 47 63 74 75
 24 25 28 42 47 61 62 76
 24 25 28 42 47 61 62 74 75
 24 25 28 42 47 49 63
 24 25 28 42 47 49 61 62
 24 25 28 36 69 74 76
 24 25 28 36 69 74 75
 24 25 28 36 69 72 73 76
 24 25 28 36 69 72 73 74 75
 24 25 28 36 67 68 74 76
 24 25 28 36 67 68 74 75
 24 25 28 36 67 68 72 73 76
 24 25 28 36 67 68 72 73 74 75
 24 25 28 36 49 69 74
 24 25 28 36 49 69 72 73
 24 25 28 36 49 67 68 74
 24 25 28 36 49 67 68 72 73
 24 25 28 36 47 69 76
 24 25 28 36 47 69 74 75
 24 25 28 36 47 67 68 76
 24 25 28 36 47 67 68 74 75
 24 25 28 36 47 49 69
 24 25 28 36 47 49 67 68
 24 25 28 36 42 74 76
 24 25 28 36 42 74 75
 24 25 28 36 42 72 73 76
 24 25 28 36 42 72 73 74 75
 24 25 28 36 42 49 74
 24 25 28 36 42 49 72 73
 24 25 28 36 42 47 76
 24 25 28 36 42 47 74 75
 24 25 28 36 42 47 49
 24 25 27 63 69 74 76
 24 25 27 63 69 74 75
 24 25 27 63 69 72 73 76
 24 25 27 63 69 72 73 74 75
 24 25 27 63 67 68 74 76
 24 25 27 63 67 68 74 75
 24 25 27 63 67 68 72 73 76
 24 25 27 63 67 68 72 73 74 75
 24 25 27 61 62 69 74 76
 24 25 27 61 62 69 74 75
 24 25 27 61 62 69 72 73 76
 24 25 27 61 62 69 72 73 74 75
 24 25 27 61 62 67 68 74 76
 24 25 27 61 62 67 68 74 75
 24 25 27 61 62 67 68 72 73 76
 24 25 27 61 62 67 68 72 73 74 75
 24 25 27 49 63 69 74
 24 25 27 49 63 69 72 73
 24 25 27 49 63 67 68 74
 24 25 27 49 63 67 68 72 73
 24 25 27 49 61 62 69 74
 24 25 27 49 61 62 69 72 73
 24 25 27 49 61 62 67 68 74
 24 25 27 49 61 62 67 68 72 73
 24 25 27 47 63 69 76
 24 25 27 47 63 69 74 75
 24 25 27 47 63 67 68 76
 24 25 27 47 63 67 68 74 75
 24 25 27 47 61 62 69 76
 24 25 27 47 61 62 69 74 75
 24 25 27 47 61 62 67 68 76
 24 25 27 47 61 62 67 68 74 75
 24 25 27 47 49 63 69
 24 25 27 47 49 63 67 68
 24 25 27 47 49 61 62 69
 24 25 27 47 49 61 62 67 68
 24 25 27 42 63 74 76
 24 25 27 42 63 74 75
 24 25 27 42 63 72 73 76
 24 25 27 42 63 72 73 74 75
 24 25 27 42 61 62 74 76
 24 25 27 42 61 62 74 75
 24 25 27 42 61 62 72 73 76
 24 25 27 42 61 62 72 73 74 75
 24 25 27 42 49 63 74
 24 25 27 42 49 63 72 73
 24 25 27 42 49 61 62 74
 24 25 27 42 49 61 62 72 73
 24 25 27 42 47 63 76
 24 25 27 42 47 63 74 75
 24 25 27 42 47 61 62 76
 24 25 27 42 47 61 62 74 75
 24 25 27 42 47 49 63
 24 25 27 42 47 49 61 62
 24 25 27 36 69 74 76
 24 25 27 36 69 74 75
 24 25 27 36 69 72 73 76
 24 25 27 36 69 72 73 74 75
 24 25 27 36 67 68 74 76
 24 25 27 36 67 68 74 75
 24 25 27 36 67 68 72 73 76
 24 25 27 36 67 68 72 73 74 75
 24 25 27 36 49 69 74
 24 25 27 36 49 69 72 73
 24 25 27 36 49 67 68 74
 24 25 27 36 49 67 68 72 73
 24 25 27 36 47 69 76
 24 25 27 36 47 69 74 75
 24 25 27 36 47 67 68 76
 24 25 27 36 47 67 68 74 75
 24 25 27 36 47 49 69
 24 25 27 36 47 49 67 68
 24 25 27 36 42 74 76
 24 25 27 36 42 74 75
 24 25 27 36 42 72 73 76
 24 25 27 36 42 72 73 74 75
 24 25 27 36 42 49 74
 24 25 27 36 42 49 72 73
 24 25 27 36 42 47 76
 24 25 27 36 42 47 74 75
 24 25 27 36 42 47 49
 24 25 26 63 69 74 76
 24 25 26 63 69 74 75
 24 25 26 63 69 72 73 76
 24 25 26 63 69 72 73 74 75
 24 25 26 63 67 68 74 76
 24 25 26 63 67 68 74 75
 24 25 26 63 67 68 72 73 76
 24 25 26 63 67 68 72 73 74 75
 24 25 26 61 62 69 74 76
 24 25 26 61 62 69 74 75
 24 25 26 61 62 69 72 73 76
 24 25 26 61 62 69 72 73 74 75
 24 25 26 61 62 67 68 74 76
 24 25 26 61 62 67 68 74 75
 24 25 26 61 62 67 68 72 73 76
 24 25 26 61 62 67 68 72 73 74 75
 24 25 26 49 63 69 74
 24 25 26 49 63 69 72 73
 24 25 26 49 63 67 68 74
 24 25 26 49 63 67 68 72 73
 24 25 26 49 61 62 69 74
 24 25 26 49 61 62 69 72 73
 24 25 26 49 61 62 67 68 74
 24 25 26 49 61 62 67 68 72 73
 24 25 26 47 63 69 76
 24 25 26 47 63 69 74 75
 24 25 26 47 63 67 68 76
 24 25 26 47 63 67 68 74 75
 24 25 26 47 61 62 69 76
 24 25 26 47 61 62 69 74 75
 24 25 26 47 61 62 67 68 76
 24 25 26 47 61 62 67 68 74 75
 24 25 26 47 49 63 69
 24 25 26 47 49 63 67 68
 24 25 26 47 49 61 62 69
 24 25 26 47 49 61 62 67 68
 24 25 26 42 63 74 76
 24 25 26 42 63 74 75
 24 25 26 42 63 72 73 76
 24 25 26 42 63 72 73 74 75
 24 25 26 42 61 62 74 76
 24 25 26 42 61 62 74 75
 24 25 26 42 61 62 72 73 76
 24 25 26 42 61 62 72 73 74 75
 24 25 26 42 49 63 74
 24 25 26 42 49 63 72 73
 24 25 26 42 49 61 62 74
 24 25 26 42 49 61 62 72 73
 24 25 26 42 47 63 76
 24 25 26 42 47 63 74 75
 24 25 26 42 47 61 62 76
 24 25 26 42 47 61 62 74 75
 24 25 26 42 47 49 63
 24 25 26 42 47 49 61 62
 24 25 26 36 69 74 76
 24 25 26 36 69 74 75
 24 25 26 36 69 72 73 76
 24 25 26 36 69 72 73 74 75
 24 25 26 36 67 68 74 76
 24 25 26 36 67 68 74 75
 24 25 26 36 67 68 72 73 76
 24 25 26 36 67 68 72 73 74 75
 24 25 26 36 49 69 74
 24 25 26 36 49 69 72 73
 24 25 26 36 49 67 68 74
 24 25 26 36 49 67 68 72 73
 24 25 26 36 47 69 76
 24 25 26 36 47 69 74 75
 24 25 26 36 47 67 68 76
 24 25 26 36 47 67 68 74 75
 24 25 26 36 47 49 69
 24 25 26 36 47 49 67 68
 24 25 26 36 42 74 76
 24 25 26 36 42 74 75
 24 25 26 36 42 72 73 76
 24 25 26 36 42 72 73 74 75
 24 25 26 36 42 49 74
 24 25 26 36 42 49 72 73
 24 25 26 36 42 47 76
 24 25 26 36 42 47 74 75
 24 25 26 36 42 47 49
 24 25 26 27 63 69 74 76
 24 25 26 27 63 69 74 75
 24 25 26 27 63 69 72 73 76
 24 25 26 27 63 69 72 73 74 75
 24 25 26 27 63 67 68 74 76
 24 25 26 27 63 67 68 74 75
 24 25 26 27 63 67 68 72 73 76
 24 25 26 27 63 67 68 72 73 74 75
 24 25 26 27 61 62 69 74 76
 24 25 26 27 61 62 69 74 75
 24 25 26 27 61 62 69 72 73 76
 24 25 26 27 61 62 69 72 73 74 75
 24 25 26 27 61 62 67 68 74 76
 24 25 26 27 61 62 67 68 74 75
 24 25 26 27 61 62 67 68 72 73 76
 24 25 26 27 61 62 67 68 72 73 74 75
 24 25 26 27 49 63 69 74
 24 25 26 27 49 63 69 72 73
 24 25 26 27 49 63 67 68 74
 24 25 26 27 49 63 67 68 72 73
 24 25 26 27 49 61 62 69 74
 24 25 26 27 49 61 62 69 72 73
 24 25 26 27 49 61 62 67 68 74
 24 25 26 27 49 61 62 67 68 72 73
 24 25 26 27 47 63 69 76
 24 25 26 27 47 63 69 74 75
 24 25 26 27 47 63 67 68 76
 24 25 26 27 47 63 67 68 74 75
 24 25 26 27 47 61 62 69 76
 24 25 26 27 47 61 62 69 74 75
 24 25 26 27 47 61 62 67 68 76
 24 25 26 27 47 61 62 67 68 74 75
 24 25 26 27 47 49 63 69
 24 25 26 27 47 49 63 67 68
 24 25 26 27 47 49 61 62 69
 24 25 26 27 47 49 61 62 67 68
 24 25 26 27 42 63 74 76
 24 25 26 27 42 63 74 75
 24 25 26 27 42 63 72 73 76
 24 25 26 27 42 63 72 73 74 75
 24 25 26 27 42 61 62 74 76
 24 25 26 27 42 61 62 74 75
 24 25 26 27 42 61 62 72 73 76
 24 25 26 27 42 61 62 72 73 74 75
 24 25 26 27 42 49 63 74
 24 25 26 27 42 49 63 72 73
 24 25 26 27 42 49 61 62 74
 24 25 26 27 42 49 61 62 72 73
 24 25 26 27 42 47 63 76
 24 25 26 27 42 47 63 74 75
 24 25 26 27 42 47 61 62 76
 24 25 26 27 42 47 61 62 74 75
 24 25 26 27 42 47 49 63
 24 25 26 27 42 47 49 61 62
 24 25 26 27 36 69 74 76
 24 25 26 27 36 69 74 75
 24 25 26 27 36 69 72 73 76
 24 25 26 27 36 69 72 73 74 75
 24 25 26 27 36 67 68 74 76
 24 25 26 27 36 67 68 74 75
 24 25 26 27 36 67 68 72 73 76
 24 25 26 27 36 67 68 72 73 74 75
 24 25 26 27 36 49 69 74
 24 25 26 27 36 49 69 72 73
 24 25 26 27 36 49 67 68 74
 24 25 26 27 36 49 67 68 72 73
 24 25 26 27 36 47 69 76
 24 25 26 27 36 47 69 74 75
 24 25 26 27 36 47 67 68 76
 24 25 26 27 36 47 67 68 74 75
 24 25 26 27 36 47 49 69
 24 25 26 27 36 47 49 67 68
 24 25 26 27 36 42 74 76
 24 25 26 27 36 42 74 75
 24 25 26 27 36 42 72 73 76
 24 25 26 27 36 42 72 73 74 75
 24 25 26 27 36 42 49 74
 24 25 26 27 36 42 49 72 73
 24 25 26 27 36 42 47 76
 24 25 26 27 36 42 47 74 75
 24 25 26 27 36 42 47 49
 21 52 69
 21 52 67 69
 21 52 65 66 69
 21 52 65 66 67 68
 21 52 64 69 78 79
 21 52 64 67 69 78 79
 21 52 64 65 66 69 78 79
 21 52 64 65 66 67 68 78 79
 21 52 53 64 69
 21 52 53 64 67 69
 21 52 53 64 65 66 69
 21 52 53 64 65 66 67 68
 21 50 51 69
 21 50 51 67 69
 21 50 51 65 66 69
 21 50 51 65 66 67 68
 21 50 51 64 69 78 79
 21 50 51 64 67 69 78 79
 21 50 51 64 65 66 69 78 79
 21 50 51 64 65 66 67 68 78 79
 21 50 51 53 64 69
 21 50 51 53 64 67 69
 21 50 51 53 64 65 66 69
 21 50 51 53 64 65 66 67 68
 21 42 52
 21 42 52 67
 21 42 52 65 66
 21 42 52 64 78 79
 21 42 52 64 67 78 79
 21 42 52 64 65 66 78 79
 21 42 52 53 64
 21 42 52 53 64 67
 21 42 52 53 64 65 66
 21 42 50 51
 21 42 50 51 67
 21 42 50 51 65 66
 21 42 50 51 64 78 79
 21 42 50 51 64 67 78 79
 21 42 50 51 64 65 66 78 79
 21 42 50 51 53 64
 21 42 50 51 53 64 67
 21 42 50 51 53 64 65 66
 21 41 67 68
 21 41 65 66 68
 21 40 52 69
 21 40 52 67 68
 21 40 52 64 69 78 79
 21 40 52 64 67 68 78 79
 21 40 52 53 64 69
 21 40 52 53 64 67 68
 21 40 50 51 69
 21 40 50 51 67 68
 21 40 50 51 64 69 78 79
 21 40 50 51 64 67 68 78 79
 21 40 50 51 53 64 69
 21 40 50 51 53 64 67 68
 21 40 42 52
 21 40 42 52 64 78 79
 21 40 42 52 53 64
 21 40 42 50 51
 21 40 42 50 51 64 78 79
 21 40 42 50 51 53 64
 21 40 41 68
 21 39 40 68
 21 39 40 67 68
 21 39 40 65 66 68
 21 32 41 67 68
 21 32 41 65 66 68
 21 32 40 41 68
 21 32 39 40 68
 21 32 39 40 67 68
 21 32 39 40 65 66 68
 21 30 52 69
 21 30 52 67 69
 21 30 52 65 66 69
 21 30 52 65 66 67 68
 21 30 52 64 69
 21 30 52 64 69 78 79
 21 30 52 64 67 69
 21 30 52 64 67 69 78 79
 21 30 52 64 65 66 69
 21 30 52 64 65 66 69 78 79
 21 30 52 64 65 66 67 68
 21 30 52 64 65 66 67 68 78 79
 21 30 52 53 64 69
 21 30 52 53 64 67 69
 21 30 52 53 64 65 66 69
 21 30 52 53 64 65 66 67 68
 21 30 50 51 69
 21 30 50 51 67 69
 21 30 50 51 65 66 69
 21 30 50 51 65 66 67 68
 21 30 50 51 64 69
 21 30 50 51 64 69 78 79
 21 30 50 51 64 67 69
 21 30 50 51 64 67 69 78 79
 21 30 50 51 64 65 66 69
 21 30 50 51 64 65 66 69 78 79
 21 30 50 51 64 65 66 67 68
 21 30 50 51 64 65 66 67 68 78 79
 21 30 50 51 53 64 69
 21 30 50 51 53 64 67 69
 21 30 50 51 53 64 65 66 69
 21 30 50 51 53 64 65 66 67 68
 21 30 42 52
 21 30 42 52 67
 21 30 42 52 65 66
 21 30 42 52 64
 21 30 42 52 64 78 79
 21 30 42 52 64 67
 21 30 42 52 64 67 78 79
 21 30 42 52 64 65 66
 21 30 42 52 64 65 66 78 79
 21 30 42 52 53 64
 21 30 42 52 53 64 67
 21 30 42 52 53 64 65 66
 21 30 42 50 51
 21 30 42 50 51 67
 21 30 42 50 51 65 66
 21 30 42 50 51 64
 21 30 42 50 51 64 78 79
 21 30 42 50 51 64 67
 21 30 42 50 51 64 67 78 79
 21 30 42 50 51 64 65 66
 21 30 42 50 51 64 65 66 78 79
 21 30 42 50 51 53 64
 21 30 42 50 51 53 64 67
 21 30 42 50 51 53 64 65 66
 21 30 40 52 69
 21 30 40 52 67 68
 21 30 40 52 64 69
 21 30 40 52 64 69 78 79
 21 30 40 52 64 67 68
 21 30 40 52 64 67 68 78 79
 21 30 40 52 53 64 69
 21 30 40 52 53 64 67 68
 21 30 40 50 51 69
 21 30 40 50 51 67 68
 21 30 40 50 51 64 69
 21 30 40 50 51 64 69 78 79
 21 30 40 50 51 64 67 68
 21 30 40 50 51 64 67 68 78 79
 21 30 40 50 51 53 64 69
 21 30 40 50 51 53 64 67 68
 21 30 40 42 52
 21 30 40 42 52 64
 21 30 40 42 52 64 78 79
 21 30 40 42 52 53 64
 21 30 40 42 50 51
 21 30 40 42 50 51 64
 21 30 40 42 50 51 64 78 79
 21 30 40 42 50 51 53 64
 21 25 69
 21 25 67 69
 21 25 65 66 69
 21 25 65 66 67 68
 21 25 64 69 78 79
 21 25 64 67 69 78 79
 21 25 64 65 66 69 78 79
 21 25 64 65 66 67 68 78 79
 21 25 53 64 69
 21 25 53 64 67 69
 21 25 53 64 65 66 69
 21 25 53 64 65 66 67 68
 21 25 42
 21 25 42 67
 21 25 42 65 66
 21 25 42 64 78 79
 21 25 42 64 67 78 79
 21 25 42 64 65 66 78 79
 21 25 42 53 64
 21 25 42 53 64 67
 21 25 42 53 64 65 66
 21 25 40 69
 21 25 40 67 68
 21 25 40 64 69 78 79
 21 25 40 64 67 68 78 79
 21 25 40 53 64 69
 21 25 40 53 64 67 68
 21 25 40 42
 21 25 40 42 64 78 79
 21 25 40 42 53 64
 21 25 30 69
 21 25 30 67 69
 21 25 30 65 66 69
 21 25 30 65 66 67 68
 21 25 30 64 69
 21 25 30 64 69 78 79
 21 25 30 64 67 69
 21 25 30 64 67 69 78 79
 21 25 30 64 65 66 69
 21 25 30 64 65 66 69 78 79
 21 25 30 64 65 66 67 68
 21 25 30 64 65 66 67 68 78 79
 21 25 30 53 64 69
 21 25 30 53 64 67 69
 21 25 30 53 64 65 66 69
 21 25 30 53 64 65 66 67 68
 21 25 30 42
 21 25 30 42 67
 21 25 30 42 65 66
 21 25 30 42 64
 21 25 30 42 64 78 79
 21 25 30 42 64 67
 21 25 30 42 64 67 78 79
 21 25 30 42 64 65 66
 21 25 30 42 64 65 66 78 79
 21 25 30 42 53 64
 21 25 30 42 53 64 67
 21 25 30 42 53 64 65 66
 21 25 30 40 69
 21 25 30 40 67 68
 21 25 30 40 64 69
 21 25 30 40 64 69 78 79
 21 25 30 40 64 67 68
 21 25 30 40 64 67 68 78 79
 21 25 30 40 53 64 69
 21 25 30 40 53 64 67 68
 21 25 30 40 42
 21 25 30 40 42 64
 21 25 30 40 42 64 78 79
 21 25 30 40 42 53 64
 17 44 59 69 74
 17 44 59 69 72 73
 17 44 59 67 68 74
 17 44 59 67 68 72 73
 17 44 57 58 69 74
 17 44 57 58 69 72 73
 17 44 57 58 67 68 74
 17 44 57 58 67 68 72 73
 17 44 47 59 69
 17 44 47 59 67 68
 17 44 47 57 58 69
 17 44 47 57 58 67 68
 17 42 44 59 74
 17 42 44 59 72 73
 17 42 44 57 58 74
 17 42 44 57 58 72 73
 17 42 44 47 59
 17 42 44 47 57 58
 17 32 44 69 74
 17 32 44 69 72 73
 17 32 44 67 68 74
 17 32 44 67 68 72 73
 17 32 44 47 69
 17 32 44 47 67 68
 17 32 42 44 74
 17 32 42 44 72 73
 17 32 42 44 47
 16 39 61 63 68
 16 39 61 62 68
 16 39 59 60 63 68
 16 39 59 60 61 62 68
 16 37 38 61 63 68
 16 37 38 61 62 68
 16 37 38 59 60 63 68
 16 37 38 59 60 61 62 68
 16 36 39 61 68
 16 36 39 59 60 68
 16 36 37 38 61 68
 16 36 37 38 59 60 68
 16 34 39 63 68
 16 34 39 61 62 68
 16 34 37 38 63 68
 16 34 37 38 61 62 68
 16 34 36 39 68
 16 34 36 37 38 68
 16 26 39 61 63
 16 26 39 61 62
 16 26 39 59 60 63
 16 26 39 59 60 61 62
 16 26 37 38 61 63
 16 26 37 38 61 62
 16 26 37 38 59 60 63
 16 26 37 38 59 60 61 62
 16 26 36 39 61
 16 26 36 39 59 60
 16 26 36 37 38 61
 16 26 36 37 38 59 60
 16 26 34 39 63
 16 26 34 39 61 62
 16 26 34 37 38 63
 16 26 34 37 38 61 62
 16 26 34 36 39
 16 26 34 36 37 38
 16 24 25 39 61 63
 16 24 25 39 61 62
 16 24 25 39 59 60 63
 16 24 25 39 59 60 61 62
 16 24 25 37 38 61 63
 16 24 25 37 38 61 62
 16 24 25 37 38 59 60 63
 16 24 25 37 38 59 60 61 62
 16 24 25 36 39 61
 16 24 25 36 39 59 60
 16 24 25 36 37 38 61
 16 24 25 36 37 38 59 60
 16 24 25 34 39 63
 16 24 25 34 39 61 62
 16 24 25 34 37 38 63
 16 24 25 34 37 38 61 62
 16 24 25 34 36 39
 16 24 25 34 36 37 38
 14 48 67 68
 14 48 65 66 68
 14 46 47 67 68
 14 46 47 65 66 68
 14 40 48 68
 14 40 46 47 68
 14 32 48 67 68
 14 32 48 65 66 68
 14 32 46 47 67 68
 14 32 46 47 65 66 68
 14 32 40 48 68
 14 32 40 46 47 68
 14 21 67 68
 14 21 65 66 68
 14 21 40 68
 14 21 32 67 68
 14 21 32 65 66 68
 14 21 32 40 68
 14 15 39 61 63 68
 14 15 39 61 62 68
 14 15 39 59 60 63 68
 14 15 39 59 60 61 62 68
 14 15 37 38 61 63 68
 14 15 37 38 61 62 68
 14 15 37 38 59 60 63 68
 14 15 37 38 59 60 61 62 68
 14 15 36 39 61 68
 14 15 36 39 59 60 68
 14 15 36 37 38 61 68
 14 15 36 37 38 59 60 68
 14 15 34 39 63 68
 14 15 34 39 61 62 68
 14 15 34 37 38 63 68
 14 15 34 37 38 61 62 68
 14 15 34 36 39 68
 14 15 34 36 37 38 68
 14 15 26 39 61 63
 14 15 26 39 61 62
 14 15 26 39 59 60 63
 14 15 26 39 59 60 61 62
 14 15 26 37 38 61 63
 14 15 26 37 38 61 62
 14 15 26 37 38 59 60 63
 14 15 26 37 38 59 60 61 62
 14 15 26 36 39 61
 14 15 26 36 39 59 60
 14 15 26 36 37 38 61
 14 15 26 36 37 38 59 60
 14 15 26 34 39 63
 14 15 26 34 39 61 62
 14 15 26 34 37 38 63
 14 15 26 34 37 38 61 62
 14 15 26 34 36 39
 14 15 26 34 36 37 38
 14 15 24 25 39 61 63
 14 15 24 25 39 61 62
 14 15 24 25 39 59 60 63
 14 15 24 25 39 59 60 61 62
 14 15 24 25 37 38 61 63
 14 15 24 25 37 38 61 62
 14 15 24 25 37 38 59 60 63
 14 15 24 25 37 38 59 60 61 62
 14 15 24 25 36 39 61
 14 15 24 25 36 39 59 60
 14 15 24 25 36 37 38 61
 14 15 24 25 36 37 38 59 60
 14 15 24 25 34 39 63
 14 15 24 25 34 39 61 62
 14 15 24 25 34 37 38 63
 14 15 24 25 34 37 38 61 62
 14 15 24 25 34 36 39
 14 15 24 25 34 36 37 38
 13 63 68 69 74 76
 13 63 68 69 74 75
 13 63 68 69 72 73 76
 13 63 68 69 72 73 74 75
 13 63 67 68 74 76
 13 63 67 68 74 75
 13 63 67 68 72 73 76
 13 63 67 68 72 73 74 75
 13 61 62 68 69 74 76
 13 61 62 68 69 74 75
 13 61 62 68 69 72 73 76
 13 61 62 68 69 72 73 74 75
 13 61 62 67 68 74 76
 13 61 62 67 68 74 75
 13 61 62 67 68 72 73 76
 13 61 62 67 68 72 73 74 75
 13 49 63 68 69 74
 13 49 63 68 69 72 73
 13 49 63 67 68 74
 13 49 63 67 68 72 73
 13 49 61 62 68 69 74
 13 49 61 62 68 69 72 73
 13 49 61 62 67 68 74
 13 49 61 62 67 68 72 73
 13 47 63 68 69 76
 13 47 63 68 69 74 75
 13 47 63 67 68 76
 13 47 63 67 68 74 75
 13 47 61 62 68 69 76
 13 47 61 62 68 69 74 75
 13 47 61 62 67 68 76
 13 47 61 62 67 68 74 75
 13 47 49 63 68 69
 13 47 49 63 67 68
 13 47 49 61 62 68 69
 13 47 49 61 62 67 68
 13 42 63 68 74 76
 13 42 63 68 74 75
 13 42 63 68 72 73 76
 13 42 63 68 72 73 74 75
 13 42 61 62 68 74 76
 13 42 61 62 68 74 75
 13 42 61 62 68 72 73 76
 13 42 61 62 68 72 73 74 75
 13 42 49 63 68 74
 13 42 49 63 68 72 73
 13 42 49 61 62 68 74
 13 42 49 61 62 68 72 73
 13 42 47 63 68 76
 13 42 47 63 68 74 75
 13 42 47 61 62 68 76
 13 42 47 61 62 68 74 75
 13 42 47 49 63 68
 13 42 47 49 61 62 68
 13 36 68 69 74 76
 13 36 68 69 74 75
 13 36 68 69 72 73 76
 13 36 68 69 72 73 74 75
 13 36 67 68 74 76
 13 36 67 68 74 75
 13 36 67 68 72 73 76
 13 36 67 68 72 73 74 75
 13 36 49 68 69 74
 13 36 49 68 69 72 73
 13 36 49 67 68 74
 13 36 49 67 68 72 73
 13 36 47 68 69 76
 13 36 47 68 69 74 75
 13 36 47 67 68 76
 13 36 47 67 68 74 75
 13 36 47 49 68 69
 13 36 47 49 67 68
 13 36 42 68 74 76
 13 36 42 68 74 75
 13 36 42 68 72 73 76
 13 36 42 68 72 73 74 75
 13 36 42 49 68 74
 13 36 42 49 68 72 73
 13 36 42 47 68 76
 13 36 42 47 68 74 75
 13 36 42 47 49 68
 13 26 63 69 74 76
 13 26 63 69 74 75
 13 26 63 69 72 73 76
 13 26 63 69 72 73 74 75
 13 26 63 67 68 74 76
 13 26 63 67 68 74 75
 13 26 63 67 68 72 73 76
 13 26 63 67 68 72 73 74 75
 13 26 61 62 69 74 76
 13 26 61 62 69 74 75
 13 26 61 62 69 72 73 76
 13 26 61 62 69 72 73 74 75
 13 26 61 62 67 68 74 76
 13 26 61 62 67 68 74 75
 13 26 61 62 67 68 72 73 76
 13 26 61 62 67 68 72 73 74 75
 13 26 49 63 69 74
 13 26 49 63 69 72 73
 13 26 49 63 67 68 74
 13 26 49 63 67 68 72 73
 13 26 49 61 62 69 74
 13 26 49 61 62 69 72 73
 13 26 49 61 62 67 68 74
 13 26 49 61 62 67 68 72 73
 13 26 47 63 69 76
 13 26 47 63 69 74 75
 13 26 47 63 67 68 76
 13 26 47 63 67 68 74 75
 13 26 47 61 62 69 76
 13 26 47 61 62 69 74 75
 13 26 47 61 62 67 68 76
 13 26 47 61 62 67 68 74 75
 13 26 47 49 63 69
 13 26 47 49 63 67 68
 13 26 47 49 61 62 69
 13 26 47 49 61 62 67 68
 13 26 42 63 74 76
 13 26 42 63 74 75
 13 26 42 63 72 73 76
 13 26 42 63 72 73 74 75
 13 26 42 61 62 74 76
 13 26 42 61 62 74 75
 13 26 42 61 62 72 73 76
 13 26 42 61 62 72 73 74 75
 13 26 42 49 63 74
 13 26 42 49 63 72 73
 13 26 42 49 61 62 74
 13 26 42 49 61 62 72 73
 13 26 42 47 63 76
 13 26 42 47 63 74 75
 13 26 42 47 61 62 76
 13 26 42 47 61 62 74 75
 13 26 42 47 49 63
 13 26 42 47 49 61 62
 13 26 36 69 74 76
 13 26 36 69 74 75
 13 26 36 69 72 73 76
 13 26 36 69 72 73 74 75
 13 26 36 67 68 74 76
 13 26 36 67 68 74 75
 13 26 36 67 68 72 73 76
 13 26 36 67 68 72 73 74 75
 13 26 36 49 69 74
 13 26 36 49 69 72 73
 13 26 36 49 67 68 74
 13 26 36 49 67 68 72 73
 13 26 36 47 69 76
 13 26 36 47 69 74 75
 13 26 36 47 67 68 76
 13 26 36 47 67 68 74 75
 13 26 36 47 49 69
 13 26 36 47 49 67 68
 13 26 36 42 74 76
 13 26 36 42 74 75
 13 26 36 42 72 73 76
 13 26 36 42 72 73 74 75
 13 26 36 42 49 74
 13 26 36 42 49 72 73
 13 26 36 42 47 76
 13 26 36 42 47 74 75
 13 26 36 42 47 49
 13 24 25 63 69 74 76
 13 24 25 63 69 74 75
 13 24 25 63 69 72 73 76
 13 24 25 63 69 72 73 74 75
 13 24 25 63 67 68 74 76
 13 24 25 63 67 68 74 75
 13 24 25 63 67 68 72 73 76
 13 24 25 63 67 68 72 73 74 75
 13 24 25 61 62 69 74 76
 13 24 25 61 62 69 74 75
 13 24 25 61 62 69 72 73 76
 13 24 25 61 62 69 72 73 74 75
 13 24 25 61 62 67 68 74 76
 13 24 25 61 62 67 68 74 75
 13 24 25 61 62 67 68 72 73 76
 13 24 25 61 62 67 68 72 73 74 75
 13 24 25 49 63 69 74
 13 24 25 49 63 69 72 73
 13 24 25 49 63 67 68 74
 13 24 25 49 63 67 68 72 73
 13 24 25 49 61 62 69 74
 13 24 25 49 61 62 69 72 73
 13 24 25 49 61 62 67 68 74
 13 24 25 49 61 62 67 68 72 73
 13 24 25 47 63 69 76
 13 24 25 47 63 69 74 75
 13 24 25 47 63 67 68 76
 13 24 25 47 63 67 68 74 75
 13 24 25 47 61 62 69 76
 13 24 25 47 61 62 69 74 75
 13 24 25 47 61 62 67 68 76
 13 24 25 47 61 62 67 68 74 75
 13 24 25 47 49 63 69
 13 24 25 47 49 63 67 68
 13 24 25 47 49 61 62 69
 13 24 25 47 49 61 62 67 68
 13 24 25 42 63 74 76
 13 24 25 42 63 74 75
 13 24 25 42 63 72 73 76
 13 24 25 42 63 72 73 74 75
 13 24 25 42 61 62 74 76
 13 24 25 42 61 62 74 75
 13 24 25 42 61 62 72 73 76
 13 24 25 42 61 62 72 73 74 75
 13 24 25 42 49 63 74
 13 24 25 42 49 63 72 73
 13 24 25 42 49 61 62 74
 13 24 25 42 49 61 62 72 73
 13 24 25 42 47 63 76
 13 24 25 42 47 63 74 75
 13 24 25 42 47 61 62 76
 13 24 25 42 47 61 62 74 75
 13 24 25 42 47 49 63
 13 24 25 42 47 49 61 62
 13 24 25 36 69 74 76
 13 24 25 36 69 74 75
 13 24 25 36 69 72 73 76
 13 24 25 36 69 72 73 74 75
 13 24 25 36 67 68 74 76
 13 24 25 36 67 68 74 75
 13 24 25 36 67 68 72 73 76
 13 24 25 36 67 68 72 73 74 75
 13 24 25 36 49 69 74
 13 24 25 36 49 69 72 73
 13 24 25 36 49 67 68 74
 13 24 25 36 49 67 68 72 73
 13 24 25 36 47 69 76
 13 24 25 36 47 69 74 75
 13 24 25 36 47 67 68 76
 13 24 25 36 47 67 68 74 75
 13 24 25 36 47 49 69
 13 24 25 36 47 49 67 68
 13 24 25 36 42 74 76
 13 24 25 36 42 74 75
 13 24 25 36 42 72 73 76
 13 24 25 36 42 72 73 74 75
 13 24 25 36 42 49 74
 13 24 25 36 42 49 72 73
 13 24 25 36 42 47 76
 13 24 25 36 42 47 74 75
 13 24 25 36 42 47 49
 12 61 63 68
 12 61 62 68
 12 59 60 63 68
 12 59 60 61 62 68
 12 58 61 63 68
 12 58 61 62 68
 12 58 59 60 63 68
 12 58 59 60 61 62 68
 12 36 61 68
 12 36 59 60 68
 12 36 58 61 68
 12 36 58 59 60 68
 12 34 63 68
 12 34 61 62 68
 12 34 58 63 68
 12 34 58 61 62 68
 12 34 36 68
 12 34 36 58 68
 12 26 61 63
 12 26 61 62
 12 26 59 60 63
 12 26 59 60 61 62
 12 26 58 61 63
 12 26 58 61 62
 12 26 58 59 60 63
 12 26 58 59 60 61 62
 12 26 36 61
 12 26 36 59 60
 12 26 36 58 61
 12 26 36 58 59 60
 12 26 34 63
 12 26 34 61 62
 12 26 34 58 63
 12 26 34 58 61 62
 12 26 34 36
 12 26 34 36 58
 12 24 25 61 63
 12 24 25 61 62
 12 24 25 59 60 63
 12 24 25 59 60 61 62
 12 24 25 58 61 63
 12 24 25 58 61 62
 12 24 25 58 59 60 63
 12 24 25 58 59 60 61 62
 12 24 25 36 61
 12 24 25 36 59 60
 12 24 25 36 58 61
 12 24 25 36 58 59 60
 12 24 25 34 63
 12 24 25 34 61 62
 12 24 25 34 58 63
 12 24 25 34 58 61 62
 12 24 25 34 36
 12 24 25 34 36 58
 12 16 61 63 68
 12 16 61 62 68
 12 16 59 60 63 68
 12 16 59 60 61 62 68
 12 16 36 61 68
 12 16 36 59 60 68
 12 16 34 63 68
 12 16 34 61 62 68
 12 16 34 36 68
 12 16 26 61 63
 12 16 26 61 62
 12 16 26 59 60 63
 12 16 26 59 60 61 62
 12 16 26 36 61
 12 16 26 36 59 60
 12 16 26 34 63
 12 16 26 34 61 62
 12 16 26 34 36
 12 16 24 25 61 63
 12 16 24 25 61 62
 12 16 24 25 59 60 63
 12 16 24 25 59 60 61 62
 12 16 24 25 36 61
 12 16 24 25 36 59 60
 12 16 24 25 34 63
 12 16 24 25 34 61 62
 12 16 24 25 34 36
 12 14 15 61 63 68
 12 14 15 61 62 68
 12 14 15 59 60 63 68
 12 14 15 59 60 61 62 68
 12 14 15 36 61 68
 12 14 15 36 59 60 68
 12 14 15 34 63 68
 12 14 15 34 61 62 68
 12 14 15 34 36 68
 12 14 15 26 61 63
 12 14 15 26 61 62
 12 14 15 26 59 60 63
 12 14 15 26 59 60 61 62
 12 14 15 26 36 61
 12 14 15 26 36 59 60
 12 14 15 26 34 63
 12 14 15 26 34 61 62
 12 14 15 26 34 36
 12 14 15 24 25 61 63
 12 14 15 24 25 61 62
 12 14 15 24 25 59 60 63
 12 14 15 24 25 59 60 61 62
 12 14 15 24 25 36 61
 12 14 15 24 25 36 59 60
 12 14 15 24 25 34 63
 12 14 15 24 25 34 61 62
 12 14 15 24 25 34 36
 11 12 63 68 69 74 76
 11 12 63 68 69 74 75
 11 12 63 68 69 72 73 76
 11 12 63 68 69 72 73 74 75
 11 12 63 67 68 74 76
 11 12 63 67 68 74 75
 11 12 63 67 68 72 73 76
 11 12 63 67 68 72 73 74 75
 11 12 61 62 68 69 74 76
 11 12 61 62 68 69 74 75
 11 12 61 62 68 69 72 73 76
 11 12 61 62 68 69 72 73 74 75
 11 12 61 62 67 68 74 76
 11 12 61 62 67 68 74 75
 11 12 61 62 67 68 72 73 76
 11 12 61 62 67 68 72 73 74 75
 11 12 49 63 68 69 74
 11 12 49 63 68 69 72 73
 11 12 49 63 67 68 74
 11 12 49 63 67 68 72 73
 11 12 49 61 62 68 69 74
 11 12 49 61 62 68 69 72 73
 11 12 49 61 62 67 68 74
 11 12 49 61 62 67 68 72 73
 11 12 47 63 68 69 76
 11 12 47 63 68 69 74 75
 11 12 47 63 67 68 76
 11 12 47 63 67 68 74 75
 11 12 47 61 62 68 69 76
 11 12 47 61 62 68 69 74 75
 11 12 47 61 62 67 68 76
 11 12 47 61 62 67 68 74 75
 11 12 47 49 63 68 69
 11 12 47 49 63 67 68
 11 12 47 49 61 62 68 69
 11 12 47 49 61 62 67 68
 11 12 42 63 68 74 76
 11 12 42 63 68 74 75
 11 12 42 63 68 72 73 76
 11 12 42 63 68 72 73 74 75
 11 12 42 61 62 68 74 76
 11 12 42 61 62 68 74 75
 11 12 42 61 62 68 72 73 76
 11 12 42 61 62 68 72 73 74 75
 11 12 42 49 63 68 74
 11 12 42 49 63 68 72 73
 11 12 42 49 61 62 68 74
 11 12 42 49 61 62 68 72 73
 11 12 42 47 63 68 76
 11 12 42 47 63 68 74 75
 11 12 42 47 61 62 68 76
 11 12 42 47 61 62 68 74 75
 11 12 42 47 49 63 68
 11 12 42 47 49 61 62 68
 11 12 36 68 69 74 76
 11 12 36 68 69 74 75
 11 12 36 68 69 72 73 76
 11 12 36 68 69 72 73 74 75
 11 12 36 67 68 74 76
 11 12 36 67 68 74 75
 11 12 36 67 68 72 73 76
 11 12 36 67 68 72 73 74 75
 11 12 36 49 68 69 74
 11 12 36 49 68 69 72 73
 11 12 36 49 67 68 74
 11 12 36 49 67 68 72 73
 11 12 36 47 68 69 76
 11 12 36 47 68 69 74 75
 11 12 36 47 67 68 76
 11 12 36 47 67 68 74 75
 11 12 36 47 49 68 69
 11 12 36 47 49 67 68
 11 12 36 42 68 74 76
 11 12 36 42 68 74 75
 11 12 36 42 68 72 73 76
 11 12 36 42 68 72 73 74 75
 11 12 36 42 49 68 74
 11 12 36 42 49 68 72 73
 11 12 36 42 47 68 76
 11 12 36 42 47 68 74 75
 11 12 36 42 47 49 68
 11 12 26 63 69 74 76
 11 12 26 63 69 74 75
 11 12 26 63 69 72 73 76
 11 12 26 63 69 72 73 74 75
 11 12 26 63 67 68 74 76
 11 12 26 63 67 68 74 75
 11 12 26 63 67 68 72 73 76
 11 12 26 63 67 68 72 73 74 75
 11 12 26 61 62 69 74 76
 11 12 26 61 62 69 74 75
 11 12 26 61 62 69 72 73 76
 11 12 26 61 62 69 72 73 74 75
 11 12 26 61 62 67 68 74 76
 11 12 26 61 62 67 68 74 75
 11 12 26 61 62 67 68 72 73 76
 11 12 26 61 62 67 68 72 73 74 75
 11 12 26 49 63 69 74
 11 12 26 49 63 69 72 73
 11 12 26 49 63 67 68 74
 11 12 26 49 63 67 68 72 73
 11 12 26 49 61 62 69 74
 11 12 26 49 61 62 69 72 73
 11 12 26 49 61 62 67 68 74
 11 12 26 49 61 62 67 68 72 73
 11 12 26 47 63 69 76
 11 12 26 47 63 69 74 75
 11 12 26 47 63 67 68 76
 11 12 26 47 63 67 68 74 75
 11 12 26 47 61 62 69 76
 11 12 26 47 61 62 69 74 75
 11 12 26 47 61 62 67 68 76
 11 12 26 47 61 62 67 68 74 75
 11 12 26 47 49 63 69
 11 12 26 47 49 63 67 68
 11 12 26 47 49 61 62 69
 11 12 26 47 49 61 62 67 68
 11 12 26 42 63 74 76
 11 12 26 42 63 74 75
 11 12 26 42 63 72 73 76
 11 12 26 42 63 72 73 74 75
 11 12 26 42 61 62 74 76
 11 12 26 42 61 62 74 75
 11 12 26 42 61 62 72 73 76
 11 12 26 42 61 62 72 73 74 75
 11 12 26 42 49 63 74
 11 12 26 42 49 63 72 73
 11 12 26 42 49 61 62 74
 11 12 26 42 49 61 62 72 73
 11 12 26 42 47 63 76
 11 12 26 42 47 63 74 75
 11 12 26 42 47 61 62 76
 11 12 26 42 47 61 62 74 75
 11 12 26 42 47 49 63
 11 12 26 42 47 49 61 62
 11 12 26 36 69 74 76
 11 12 26 36 69 74 75
 11 12 26 36 69 72 73 76
 11 12 26 36 69 72 73 74 75
 11 12 26 36 67 68 74 76
 11 12 26 36 67 68 74 75
 11 12 26 36 67 68 72 73 76
 11 12 26 36 67 68 72 73 74 75
 11 12 26 36 49 69 74
 11 12 26 36 49 69 72 73
 11 12 26 36 49 67 68 74
 11 12 26 36 49 67 68 72 73
 11 12 26 36 47 69 76
 11 12 26 36 47 69 74 75
 11 12 26 36 47 67 68 76
 11 12 26 36 47 67 68 74 75
 11 12 26 36 47 49 69
 11 12 26 36 47 49 67 68
 11 12 26 36 42 74 76
 11 12 26 36 42 74 75
 11 12 26 36 42 72 73 76
 11 12 26 36 42 72 73 74 75
 11 12 26 36 42 49 74
 11 12 26 36 42 49 72 73
 11 12 26 36 42 47 76
 11 12 26 36 42 47 74 75
 11 12 26 36 42 47 49
 11 12 24 25 63 69 74 76
 11 12 24 25 63 69 74 75
 11 12 24 25 63 69 72 73 76
 11 12 24 25 63 69 72 73 74 75
 11 12 24 25 63 67 68 74 76
 11 12 24 25 63 67 68 74 75
 11 12 24 25 63 67 68 72 73 76
 11 12 24 25 63 67 68 72 73 74 75
 11 12 24 25 61 62 69 74 76
 11 12 24 25 61 62 69 74 75
 11 12 24 25 61 62 69 72 73 76
 11 12 24 25 61 62 69 72 73 74 75
 11 12 24 25 61 62 67 68 74 76
 11 12 24 25 61 62 67 68 74 75
 11 12 24 25 61 62 67 68 72 73 76
 11 12 24 25 61 62 67 68 72 73 74 75
 11 12 24 25 49 63 69 74
 11 12 24 25 49 63 69 72 73
 11 12 24 25 49 63 67 68 74
 11 12 24 25 49 63 67 68 72 73
 11 12 24 25 49 61 62 69 74
 11 12 24 25 49 61 62 69 72 73
 11 12 24 25 49 61 62 67 68 74
 11 12 24 25 49 61 62 67 68 72 73
 11 12 24 25 47 63 69 76
 11 12 24 25 47 63 69 74 75
 11 12 24 25 47 63 67 68 76
 11 12 24 25 47 63 67 68 74 75
 11 12 24 25 47 61 62 69 76
 11 12 24 25 47 61 62 69 74 75
 11 12 24 25 47 61 62 67 68 76
 11 12 24 25 47 61 62 67 68 74 75
 11 12 24 25 47 49 63 69
 11 12 24 25 47 49 63 67 68
 11 12 24 25 47 49 61 62 69
 11 12 24 25 47 49 61 62 67 68
 11 12 24 25 42 63 74 76
 11 12 24 25 42 63 74 75
 11 12 24 25 42 63 72 73 76
 11 12 24 25 42 63 72 73 74 75
 11 12 24 25 42 61 62 74 76
 11 12 24 25 42 61 62 74 75
 11 12 24 25 42 61 62 72 73 76
 11 12 24 25 42 61 62 72 73 74 75
 11 12 24 25 42 49 63 74
 11 12 24 25 42 49 63 72 73
 11 12 24 25 42 49 61 62 74
 11 12 24 25 42 49 61 62 72 73
 11 12 24 25 42 47 63 76
 11 12 24 25 42 47 63 74 75
 11 12 24 25 42 47 61 62 76
 11 12 24 25 42 47 61 62 74 75
 11 12 24 25 42 47 49 63
 11 12 24 25 42 47 49 61 62
 11 12 24 25 36 69 74 76
 11 12 24 25 36 69 74 75
 11 12 24 25 36 69 72 73 76
 11 12 24 25 36 69 72 73 74 75
 11 12 24 25 36 67 68 74 76
 11 12 24 25 36 67 68 74 75
 11 12 24 25 36 67 68 72 73 76
 11 12 24 25 36 67 68 72 73 74 75
 11 12 24 25 36 49 69 74
 11 12 24 25 36 49 69 72 73
 11 12 24 25 36 49 67 68 74
 11 12 24 25 36 49 67 68 72 73
 11 12 24 25 36 47 69 76
 11 12 24 25 36 47 69 74 75
 11 12 24 25 36 47 67 68 76
 11 12 24 25 36 47 67 68 74 75
 11 12 24 25 36 47 49 69
 11 12 24 25 36 47 49 67 68
 11 12 24 25 36 42 74 76
 11 12 24 25 36 42 74 75
 11 12 24 25 36 42 72 73 76
 11 12 24 25 36 42 72 73 74 75
 11 12 24 25 36 42 49 74
 11 12 24 25 36 42 49 72 73
 11 12 24 25 36 42 47 76
 11 12 24 25 36 42 47 74 75
 11 12 24 25 36 42 47 49
 2 44 59 69 74
 2 44 59 69 72 73
 2 44 59 67 68 74
 2 44 59 67 68 72 73
 2 44 57 58 69 74
 2 44 57 58 69 72 73
 2 44 57 58 67 68 74
 2 44 57 58 67 68 72 73
 2 44 47 59 69
 2 44 47 59 67 68
 2 44 47 57 58 69
 2 44 47 57 58 67 68
 2 42 44 59 74
 2 42 44 59 72 73
 2 42 44 57 58 74
 2 42 44 57 58 72 73
 2 42 44 47 59
 2 42 44 47 57 58
 2 42 43 59 74
 2 42 43 59 72 73
 2 42 43 59 69 74
 2 42 43 59 69 72 73
 2 42 43 59 67 68 74
 2 42 43 59 67 68 72 73
 2 42 43 57 58 74
 2 42 43 57 58 72 73
 2 42 43 57 58 69 74
 2 42 43 57 58 69 72 73
 2 42 43 57 58 67 68 74
 2 42 43 57 58 67 68 72 73
 2 42 43 47 59
 2 42 43 47 59 69
 2 42 43 47 59 67 68
 2 42 43 47 57 58
 2 42 43 47 57 58 69
 2 42 43 47 57 58 67 68
 2 32 44 69 74
 2 32 44 69 72 73
 2 32 44 67 68 74
 2 32 44 67 68 72 73
 2 32 44 47 69
 2 32 44 47 67 68
 2 32 42 44 74
 2 32 42 44 72 73
 2 32 42 44 47
 2 32 42 43 74
 2 32 42 43 72 73
 2 32 42 43 69 74
 2 32 42 43 69 72 73
 2 32 42 43 67 68 74
 2 32 42 43 67 68 72 73
 2 32 42 43 47
 2 32 42 43 47 69
 2 32 42 43 47 67 68
 2 17 59 69 74
 2 17 59 69 72 73
 2 17 59 67 68 74
 2 17 59 67 68 72 73
 2 17 57 58 69 74
 2 17 57 58 69 72 73
 2 17 57 58 67 68 74
 2 17 57 58 67 68 72 73
 2 17 47 59 69
 2 17 47 59 67 68
 2 17 47 57 58 69
 2 17 47 57 58 67 68
 2 17 42 59 74
 2 17 42 59 72 73
 2 17 42 57 58 74
 2 17 42 57 58 72 73
 2 17 42 47 59
 2 17 42 47 57 58
 2 17 32 69 74
 2 17 32 69 72 73
 2 17 32 67 68 74
 2 17 32 67 68 72 73
 2 17 32 47 69
 2 17 32 47 67 68
 2 17 32 42 74
 2 17 32 42 72 73
 2 17 32 42 47
 1 63 68 69 74 76
 1 63 68 69 74 75
 1 63 68 69 72 73 76
 1 63 68 69 72 73 74 75
 1 63 67 68 74 76
 1 63 67 68 74 75
 1 63 67 68 72 73 76
 1 63 67 68 72 73 74 75
 1 61 62 68 69 74 76
 1 61 62 68 69 74 75
 1 61 62 68 69 72 73 76
 1 61 62 68 69 72 73 74 75
 1 61 62 67 68 74 76
 1 61 62 67 68 74 75
 1 61 62 67 68 72 73 76
 1 61 62 67 68 72 73 74 75
 1 49 63 68 69 74
 1 49 63 68 69 72 73
 1 49 63 67 68 74
 1 49 63 67 68 72 73
 1 49 61 62 68 69 74
 1 49 61 62 68 69 72 73
 1 49 61 62 67 68 74
 1 49 61 62 67 68 72 73
 1 47 63 68 69 76
 1 47 63 68 69 74 75
 1 47 63 67 68 76
 1 47 63 67 68 74 75
 1 47 61 62 68 69 76
 1 47 61 62 68 69 74 75
 1 47 61 62 67 68 76
 1 47 61 62 67 68 74 75
 1 47 49 63 68 69
 1 47 49 63 67 68
 1 47 49 61 62 68 69
 1 47 49 61 62 67 68
 1 42 63 68 74 76
 1 42 63 68 74 75
 1 42 63 68 72 73 76
 1 42 63 68 72 73 74 75
 1 42 61 62 68 74 76
 1 42 61 62 68 74 75
 1 42 61 62 68 72 73 76
 1 42 61 62 68 72 73 74 75
 1 42 49 63 68 74
 1 42 49 63 68 72 73
 1 42 49 61 62 68 74
 1 42 49 61 62 68 72 73
 1 42 47 63 68 76
 1 42 47 63 68 74 75
 1 42 47 61 62 68 76
 1 42 47 61 62 68 74 75
 1 42 47 49 63 68
 1 42 47 49 61 62 68
 1 36 68 69 74 76
 1 36 68 69 74 75
 1 36 68 69 72 73 76
 1 36 68 69 72 73 74 75
 1 36 67 68 74 76
 1 36 67 68 74 75
 1 36 67 68 72 73 76
 1 36 67 68 72 73 74 75
 1 36 49 68 69 74
 1 36 49 68 69 72 73
 1 36 49 67 68 74
 1 36 49 67 68 72 73
 1 36 47 68 69 76
 1 36 47 68 69 74 75
 1 36 47 67 68 76
 1 36 47 67 68 74 75
 1 36 47 49 68 69
 1 36 47 49 67 68
 1 36 42 68 74 76
 1 36 42 68 74 75
 1 36 42 68 72 73 76
 1 36 42 68 72 73 74 75
 1 36 42 49 68 74
 1 36 42 49 68 72 73
 1 36 42 47 68 76
 1 36 42 47 68 74 75
 1 36 42 47 49 68
 1 26 63 69 74 76
 1 26 63 69 74 75
 1 26 63 69 72 73 76
 1 26 63 69 72 73 74 75
 1 26 63 67 68 74 76
 1 26 63 67 68 74 75
 1 26 63 67 68 72 73 76
 1 26 63 67 68 72 73 74 75
 1 26 61 62 69 74 76
 1 26 61 62 69 74 75
 1 26 61 62 69 72 73 76
 1 26 61 62 69 72 73 74 75
 1 26 61 62 67 68 74 76
 1 26 61 62 67 68 74 75
 1 26 61 62 67 68 72 73 76
 1 26 61 62 67 68 72 73 74 75
 1 26 49 63 69 74
 1 26 49 63 69 72 73
 1 26 49 63 67 68 74
 1 26 49 63 67 68 72 73
 1 26 49 61 62 69 74
 1 26 49 61 62 69 72 73
 1 26 49 61 62 67 68 74
 1 26 49 61 62 67 68 72 73
 1 26 47 63 69 76
 1 26 47 63 69 74 75
 1 26 47 63 67 68 76
 1 26 47 63 67 68 74 75
 1 26 47 61 62 69 76
 1 26 47 61 62 69 74 75
 1 26 47 61 62 67 68 76
 1 26 47 61 62 67 68 74 75
 1 26 47 49 63 69
 1 26 47 49 63 67 68
 1 26 47 49 61 62 69
 1 26 47 49 61 62 67 68
 1 26 42 63 74 76
 1 26 42 63 74 75
 1 26 42 63 72 73 76
 1 26 42 63 72 73 74 75
 1 26 42 61 62 74 76
 1 26 42 61 62 74 75
 1 26 42 61 62 72 73 76
 1 26 42 61 62 72 73 74 75
 1 26 42 49 63 74
 1 26 42 49 63 72 73
 1 26 42 49 61 62 74
 1 26 42 49 61 62 72 73
 1 26 42 47 63 76
 1 26 42 47 63 74 75
 1 26 42 47 61 62 76
 1 26 42 47 61 62 74 75
 1 26 42 47 49 63
 1 26 42 47 49 61 62
 1 26 36 69 74 76
 1 26 36 69 74 75
 1 26 36 69 72 73 76
 1 26 36 69 72 73 74 75
 1 26 36 67 68 74 76
 1 26 36 67 68 74 75
 1 26 36 67 68 72 73 76
 1 26 36 67 68 72 73 74 75
 1 26 36 49 69 74
 1 26 36 49 69 72 73
 1 26 36 49 67 68 74
 1 26 36 49 67 68 72 73
 1 26 36 47 69 76
 1 26 36 47 69 74 75
 1 26 36 47 67 68 76
 1 26 36 47 67 68 74 75
 1 26 36 47 49 69
 1 26 36 47 49 67 68
 1 26 36 42 74 76
 1 26 36 42 74 75
 1 26 36 42 72 73 76
 1 26 36 42 72 73 74 75
 1 26 36 42 49 74
 1 26 36 42 49 72 73
 1 26 36 42 47 76
 1 26 36 42 47 74 75
 1 26 36 42 47 49
 1 24 25 63 69 74 76
 1 24 25 63 69 74 75
 1 24 25 63 69 72 73 76
 1 24 25 63 69 72 73 74 75
 1 24 25 63 67 68 74 76
 1 24 25 63 67 68 74 75
 1 24 25 63 67 68 72 73 76
 1 24 25 63 67 68 72 73 74 75
 1 24 25 61 62 69 74 76
 1 24 25 61 62 69 74 75
 1 24 25 61 62 69 72 73 76
 1 24 25 61 62 69 72 73 74 75
 1 24 25 61 62 67 68 74 76
 1 24 25 61 62 67 68 74 75
 1 24 25 61 62 67 68 72 73 76
 1 24 25 61 62 67 68 72 73 74 75
 1 24 25 49 63 69 74
 1 24 25 49 63 69 72 73
 1 24 25 49 63 67 68 74
 1 24 25 49 63 67 68 72 73
 1 24 25 49 61 62 69 74
 1 24 25 49 61 62 69 72 73
 1 24 25 49 61 62 67 68 74
 1 24 25 49 61 62 67 68 72 73
 1 24 25 47 63 69 76
 1 24 25 47 63 69 74 75
 1 24 25 47 63 67 68 76
 1 24 25 47 63 67 68 74 75
 1 24 25 47 61 62 69 76
 1 24 25 47 61 62 69 74 75
 1 24 25 47 61 62 67 68 76
 1 24 25 47 61 62 67 68 74 75
 1 24 25 47 49 63 69
 1 24 25 47 49 63 67 68
 1 24 25 47 49 61 62 69
 1 24 25 47 49 61 62 67 68
 1 24 25 42 63 74 76
 1 24 25 42 63 74 75
 1 24 25 42 63 72 73 76
 1 24 25 42 63 72 73 74 75
 1 24 25 42 61 62 74 76
 1 24 25 42 61 62 74 75
 1 24 25 42 61 62 72 73 76
 1 24 25 42 61 62 72 73 74 75
 1 24 25 42 49 63 74
 1 24 25 42 49 63 72 73
 1 24 25 42 49 61 62 74
 1 24 25 42 49 61 62 72 73
 1 24 25 42 47 63 76
 1 24 25 42 47 63 74 75
 1 24 25 42 47 61 62 76
 1 24 25 42 47 61 62 74 75
 1 24 25 42 47 49 63
 1 24 25 42 47 49 61 62
 1 24 25 36 69 74 76
 1 24 25 36 69 74 75
 1 24 25 36 69 72 73 76
 1 24 25 36 69 72 73 74 75
 1 24 25 36 67 68 74 76
 1 24 25 36 67 68 74 75
 1 24 25 36 67 68 72 73 76
 1 24 25 36 67 68 72 73 74 75
 1 24 25 36 49 69 74
 1 24 25 36 49 69 72 73
 1 24 25 36 49 67 68 74
 1 24 25 36 49 67 68 72 73
 1 24 25 36 47 69 76
 1 24 25 36 47 69 74 75
 1 24 25 36 47 67 68 76
 1 24 25 36 47 67 68 74 75
 1 24 25 36 47 49 69
 1 24 25 36 47 49 67 68
 1 24 25 36 42 74 76
 1 24 25 36 42 74 75
 1 24 25 36 42 72 73 76
 1 24 25 36 42 72 73 74 75
 1 24 25 36 42 49 74
 1 24 25 36 42 49 72 73
 1 24 25 36 42 47 76
 1 24 25 36 42 47 74 75
 1 24 25 36 42 47 49
 0 63 68 69 74 76
 0 63 68 69 74 75
 0 63 68 69 72 73 76
 0 63 68 69 72 73 74 75
 0 63 67 68 74 76
 0 63 67 68 74 75
 0 63 67 68 72 73 76
 0 63 67 68 72 73 74 75
 0 61 62 68 69 74 76
 0 61 62 68 69 74 75
 0 61 62 68 69 72 73 76
 0 61 62 68 69 72 73 74 75
 0 61 62 67 68 74 76
 0 61 62 67 68 74 75
 0 61 62 67 68 72 73 76
 0 61 62 67 68 72 73 74 75
 0 49 63 68 69 74
 0 49 63 68 69 72 73
 0 49 63 67 68 74
 0 49 63 67 68 72 73
 0 49 61 62 68 69 74
 0 49 61 62 68 69 72 73
 0 49 61 62 67 68 74
 0 49 61 62 67 68 72 73
 0 47 63 68 69 76
 0 47 63 68 69 74 75
 0 47 63 67 68 76
 0 47 63 67 68 74 75
 0 47 61 62 68 69 76
 0 47 61 62 68 69 74 75
 0 47 61 62 67 68 76
 0 47 61 62 67 68 74 75
 0 47 49 63 68 69
 0 47 49 63 67 68
 0 47 49 61 62 68 69
 0 47 49 61 62 67 68
 0 42 63 68 74 76
 0 42 63 68 74 75
 0 42 63 68 72 73 76
 0 42 63 68 72 73 74 75
 0 42 61 62 68 74 76
 0 42 61 62 68 74 75
 0 42 61 62 68 72 73 76
 0 42 61 62 68 72 73 74 75
 0 42 49 63 68 74
 0 42 49 63 68 72 73
 0 42 49 61 62 68 74
 0 42 49 61 62 68 72 73
 0 42 47 63 68 76
 0 42 47 63 68 74 75
 0 42 47 61 62 68 76
 0 42 47 61 62 68 74 75
 0 42 47 49 63 68
 0 42 47 49 61 62 68
 0 36 68 69 74 76
 0 36 68 69 74 75
 0 36 68 69 72 73 76
 0 36 68 69 72 73 74 75
 0 36 67 68 74 76
 0 36 67 68 74 75
 0 36 67 68 72 73 76
 0 36 67 68 72 73 74 75
 0 36 49 68 69 74
 0 36 49 68 69 72 73
 0 36 49 67 68 74
 0 36 49 67 68 72 73
 0 36 47 68 69 76
 0 36 47 68 69 74 75
 0 36 47 67 68 76
 0 36 47 67 68 74 75
 0 36 47 49 68 69
 0 36 47 49 67 68
 0 36 42 68 74 76
 0 36 42 68 74 75
 0 36 42 68 72 73 76
 0 36 42 68 72 73 74 75
 0 36 42 49 68 74
 0 36 42 49 68 72 73
 0 36 42 47 68 76
 0 36 42 47 68 74 75
 0 36 42 47 49 68
 0 26 63 69 74 76
 0 26 63 69 74 75
 0 26 63 69 72 73 76
 0 26 63 69 72 73 74 75
 0 26 63 67 68 74 76
 0 26 63 67 68 74 75
 0 26 63 67 68 72 73 76
 0 26 63 67 68 72 73 74 75
 0 26 61 62 69 74 76
 0 26 61 62 69 74 75
 0 26 61 62 69 72 73 76
 0 26 61 62 69 72 73 74 75
 0 26 61 62 67 68 74 76
 0 26 61 62 67 68 74 75
 0 26 61 62 67 68 72 73 76
 0 26 61 62 67 68 72 73 74 75
 0 26 49 63 69 74
 0 26 49 63 69 72 73
 0 26 49 63 67 68 74
 0 26 49 63 67 68 72 73
 0 26 49 61 62 69 74
 0 26 49 61 62 69 72 73
 0 26 49 61 62 67 68 74
 0 26 49 61 62 67 68 72 73
 0 26 47 63 69 76
 0 26 47 63 69 74 75
 0 26 47 63 67 68 76
 0 26 47 63 67 68 74 75
 0 26 47 61 62 69 76
 0 26 47 61 62 69 74 75
 0 26 47 61 62 67 68 76
 0 26 47 61 62 67 68 74 75
 0 26 47 49 63 69
 0 26 47 49 63 67 68
 0 26 47 49 61 62 69
 0 26 47 49 61 62 67 68
 0 26 42 63 74 76
 0 26 42 63 74 75
 0 26 42 63 72 73 76
 0 26 42 63 72 73 74 75
 0 26 42 61 62 74 76
 0 26 42 61 62 74 75
 0 26 42 61 62 72 73 76
 0 26 42 61 62 72 73 74 75
 0 26 42 49 63 74
 0 26 42 49 63 72 73
 0 26 42 49 61 62 74
 0 26 42 49 61 62 72 73
 0 26 42 47 63 76
 0 26 42 47 63 74 75
 0 26 42 47 61 62 76
 0 26 42 47 61 62 74 75
 0 26 42 47 49 63
 0 26 42 47 49 61 62
 0 26 36 69 74 76
 0 26 36 69 74 75
 0 26 36 69 72 73 76
 0 26 36 69 72 73 74 75
 0 26 36 67 68 74 76
 0 26 36 67 68 74 75
 0 26 36 67 68 72 73 76
 0 26 36 67 68 72 73 74 75
 0 26 36 49 69 74
 0 26 36 49 69 72 73
 0 26 36 49 67 68 74
 0 26 36 49 67 68 72 73
 0 26 36 47 69 76
 0 26 36 47 69 74 75
 0 26 36 47 67 68 76
 0 26 36 47 67 68 74 75
 0 26 36 47 49 69
 0 26 36 47 49 67 68
 0 26 36 42 74 76
 0 26 36 42 74 75
 0 26 36 42 72 73 76
 0 26 36 42 72 73 74 75
 0 26 36 42 49 74
 0 26 36 42 49 72 73
 0 26 36 42 47 76
 0 26 36 42 47 74 75
 0 26 36 42 47 49
 0 24 25 63 69 74 76
 0 24 25 63 69 74 75
 0 24 25 63 69 72 73 76
 0 24 25 63 69 72 73 74 75
 0 24 25 63 67 68 74 76
 0 24 25 63 67 68 74 75
 0 24 25 63 67 68 72 73 76
 0 24 25 63 67 68 72 73 74 75
 0 24 25 61 62 69 74 76
 0 24 25 61 62 69 74 75
 0 24 25 61 62 69 72 73 76
 0 24 25 61 62 69 72 73 74 75
 0 24 25 61 62 67 68 74 76
 0 24 25 61 62 67 68 74 75
 0 24 25 61 62 67 68 72 73 76
 0 24 25 61 62 67 68 72 73 74 75
 0 24 25 49 63 69 74
 0 24 25 49 63 69 72 73
 0 24 25 49 63 67 68 74
 0 24 25 49 63 67 68 72 73
 0 24 25 49 61 62 69 74
 0 24 25 49 61 62 69 72 73
 0 24 25 49 61 62 67 68 74
 0 24 25 49 61 62 67 68 72 73
 0 24 25 47 63 69 76
 0 24 25 47 63 69 74 75
 0 24 25 47 63 67 68 76
 0 24 25 47 63 67 68 74 75
 0 24 25 47 61 62 69 76
 0 24 25 47 61 62 69 74 75
 0 24 25 47 61 62 67 68 76
 0 24 25 47 61 62 67 68 74 75
 0 24 25 47 49 63 69
 0 24 25 47 49 63 67 68
 0 24 25 47 49 61 62 69
 0 24 25 47 49 61 62 67 68
 0 24 25 42 63 74 76
 0 24 25 42 63 74 75
 0 24 25 42 63 72 73 76
 0 24 25 42 63 72 73 74 75
 0 24 25 42 61 62 74 76
 0 24 25 42 61 62 74 75
 0 24 25 42 61 62 72 73 76
 0 24 25 42 61 62 72 73 74 75
 0 24 25 42 49 63 74
 0 24 25 42 49 63 72 73
 0 24 25 42 49 61 62 74
 0 24 25 42 49 61 62 72 73
 0 24 25 42 47 63 76
 0 24 25 42 47 63 74 75
 0 24 25 42 47 61 62 76
 0 24 25 42 47 61 62 74 75
 0 24 25 42 47 49 63
 0 24 25 42 47 49 61 62
 0 24 25 36 69 74 76
 0 24 25 36 69 74 75
 0 24 25 36 69 72 73 76
 0 24 25 36 69 72 73 74 75
 0 24 25 36 67 68 74 76
 0 24 25 36 67 68 74 75
 0 24 25 36 67 68 72 73 76
 0 24 25 36 67 68 72 73 74 75
 0 24 25 36 49 69 74
 0 24 25 36 49 69 72 73
 0 24 25 36 49 67 68 74
 0 24 25 36 49 67 68 72 73
 0 24 25 36 47 69 76
 0 24 25 36 47 69 74 75
 0 24 25 36 47 67 68 76
 0 24 25 36 47 67 68 74 75
 0 24 25 36 47 49 69
 0 24 25 36 47 49 67 68
 0 24 25 36 42 74 76
 0 24 25 36 42 74 75
 0 24 25 36 42 72 73 76
 0 24 25 36 42 72 73 74 75
 0 24 25 36 42 49 74
 0 24 25 36 42 49 72 73
 0 24 25 36 42 47 76
 0 24 25 36 42 47 74 75
 0 24 25 36 42 47 49
 0 1 44 59 69 74
 0 1 44 59 69 72 73
 0 1 44 59 67 68 74
 0 1 44 59 67 68 72 73
 0 1 44 57 58 69 74
 0 1 44 57 58 69 72 73
 0 1 44 57 58 67 68 74
 0 1 44 57 58 67 68 72 73
 0 1 44 47 59 69
 0 1 44 47 59 67 68
 0 1 44 47 57 58 69
 0 1 44 47 57 58 67 68
 0 1 42 44 59 74
 0 1 42 44 59 72 73
 0 1 42 44 57 58 74
 0 1 42 44 57 58 72 73
 0 1 42 44 47 59
 0 1 42 44 47 57 58
 0 1 42 43 59 74
 0 1 42 43 59 72 73
 0 1 42 43 59 69 74
 0 1 42 43 59 69 72 73
 0 1 42 43 59 67 68 74
 0 1 42 43 59 67 68 72 73
 0 1 42 43 57 58 74
 0 1 42 43 57 58 72 73
 0 1 42 43 57 58 69 74
 0 1 42 43 57 58 69 72 73
 0 1 42 43 57 58 67 68 74
 0 1 42 43 57 58 67 68 72 73
 0 1 42 43 47 59
 0 1 42 43 47 59 69
 0 1 42 43 47 59 67 68
 0 1 42 43 47 57 58
 0 1 42 43 47 57 58 69
 0 1 42 43 47 57 58 67 68
 0 1 32 44 69 74
 0 1 32 44 69 72 73
 0 1 32 44 67 68 74
 0 1 32 44 67 68 72 73
 0 1 32 44 47 69
 0 1 32 44 47 67 68
 0 1 32 42 44 74
 0 1 32 42 44 72 73
 0 1 32 42 44 47
 0 1 32 42 43 74
 0 1 32 42 43 72 73
 0 1 32 42 43 69 74
 0 1 32 42 43 69 72 73
 0 1 32 42 43 67 68 74
 0 1 32 42 43 67 68 72 73
 0 1 32 42 43 47
 0 1 32 42 43 47 69
 0 1 32 42 43 47 67 68
 0 1 17 59 69 74
 0 1 17 59 69 72 73
 0 1 17 59 67 68 74
 0 1 17 59 67 68 72 73
 0 1 17 57 58 69 74
 0 1 17 57 58 69 72 73
 0 1 17 57 58 67 68 74
 0 1 17 57 58 67 68 72 73
 0 1 17 47 59 69
 0 1 17 47 59 67 68
 0 1 17 47 57 58 69
 0 1 17 47 57 58 67 68
 0 1 17 42 59 74
 0 1 17 42 59 72 73
 0 1 17 42 57 58 74
 0 1 17 42 57 58 72 73
 0 1 17 42 47 59
 0 1 17 42 47 57 58
 0 1 17 32 69 74
 0 1 17 32 69 72 73
 0 1 17 32 67 68 74
 0 1 17 32 67 68 72 73
 0 1 17 32 47 69
 0 1 17 32 47 67 68
 0 1 17 32 42 74
 0 1 17 32 42 72 73
 0 1 17 32 42 47
