 58 61 63 68
 58 61 62 68
 58 59 60 63 68
 58 59 60 61 62 68
 54 58 63 68
 54 58 61 63 68
 54 58 59 60 63 68
 54 58 59 60 61 62 68
 52 53 58 63 68
 52 53 58 61 63 68
 52 53 58 59 60 63 68
 52 53 58 59 60 61 62 68
 36 58 61 68
 36 58 59 60 68
 36 54 58 68
 36 54 58 61 68
 36 54 58 59 60 68
 36 52 53 58 68
 36 52 53 58 61 68
 36 52 53 58 59 60 68
 34 58 63 68
 34 58 61 62 68
 34 54 58 63 68
 34 54 58 61 62 68
 34 52 53 58 63 68
 34 52 53 58 61 62 68
 34 36 58 68
 34 36 54 58 68
 34 36 52 53 58 68
 27 58 63 68
 27 58 61 63 68
 27 58 59 60 63 68
 27 58 59 60 61 62 68
 27 36 58 68
 27 36 58 61 68
 27 36 58 59 60 68
 27 34 58 63 68
 27 34 58 61 62 68
 27 34 36 58 68
 26 58 61 63
 26 58 61 62
 26 58 59 60 63
 26 58 59 60 61 62
 26 54 58 63
 26 54 58 61 63
 26 54 58 59 60 63
 26 54 58 59 60 61 62
 26 52 53 58 63
 26 52 53 58 61 63
 26 52 53 58 59 60 63
 26 52 53 58 59 60 61 62
 26 36 58 61
 26 36 58 59 60
 26 36 54 58
 26 36 54 58 61
 26 36 54 58 59 60
 26 36 52 53 58
 26 36 52 53 58 61
 26 36 52 53 58 59 60
 26 34 58 63
 26 34 58 61 62
 26 34 54 58 63
 26 34 54 58 61 62
 26 34 52 53 58 63
 26 34 52 53 58 61 62
 26 34 36 58
 26 34 36 54 58
 26 34 36 52 53 58
 26 27 58 63
 26 27 58 61 63
 26 27 58 59 60 63
 26 27 58 59 60 61 62
 26 27 36 58
 26 27 36 58 61
 26 27 36 58 59 60
 26 27 34 58 63
 26 27 34 58 61 62
 26 27 34 36 58
 24 25 58 61 63
 24 25 58 61 62
 24 25 58 59 60 63
 24 25 58 59 60 61 62
 24 25 54 58 63
 24 25 54 58 61 63
 24 25 54 58 59 60 63
 24 25 54 58 59 60 61 62
 24 25 52 53 58 63
 24 25 52 53 58 61 63
 24 25 52 53 58 59 60 63
 24 25 52 53 58 59 60 61 62
 24 25 36 58 61
 24 25 36 58 59 60
 24 25 36 54 58
 24 25 36 54 58 61
 24 25 36 54 58 59 60
 24 25 36 52 53 58
 24 25 36 52 53 58 61
 24 25 36 52 53 58 59 60
 24 25 34 58 63
 24 25 34 58 61 62
 24 25 34 54 58 63
 24 25 34 54 58 61 62
 24 25 34 52 53 58 63
 24 25 34 52 53 58 61 62
 24 25 34 36 58
 24 25 34 36 54 58
 24 25 34 36 52 53 58
 24 25 27 58 63
 24 25 27 58 61 63
 24 25 27 58 59 60 63
 24 25 27 58 59 60 61 62
 24 25 27 36 58
 24 25 27 36 58 61
 24 25 27 36 58 59 60
 24 25 27 34 58 63
 24 25 27 34 58 61 62
 24 25 27 34 36 58
