 59 74
 59 72 73
 58 59 60 63
 58 59 60 63 69
 58 59 60 63 67 68
 58 59 60 61 62
 58 59 60 61 62 69
 58 59 60 61 62 67 68
 57 58 74
 57 58 72 73
 57 58 60 63
 57 58 60 63 69
 57 58 60 63 67 68
 57 58 60 61 62
 57 58 60 61 62 69
 57 58 60 61 62 67 68
 47 59
 47 57 58
 46 59 64
 46 59 63
 46 59 61 62
 46 58 59 64
 46 57 59
 46 57 58 63
 46 57 58 61 62
 46 57 58 59
 46 55 59
 46 55 58 59
 46 54 59
 46 54 57 58
 46 52 53 59
 46 52 53 57 58
 44 45 59 64
 44 45 59 63
 44 45 59 61 62
 44 45 58 59 64
 44 45 57 59
 44 45 57 58 63
 44 45 57 58 61 62
 44 45 57 58 59
 44 45 55 59
 44 45 55 58 59
 44 45 54 59
 44 45 54 57 58
 44 45 52 53 59
 44 45 52 53 57 58
 42 58 59 60 63
 42 58 59 60 61 62
 42 57 58 60 63
 42 57 58 60 61 62
 36 58 59 60
 36 58 59 60 69
 36 58 59 60 67 68
 36 57 58 60
 36 57 58 60 69
 36 57 58 60 67 68
 36 46 59
 36 46 57 58
 36 44 45 59
 36 44 45 57 58
 36 42 58 59 60
 36 42 57 58 60
 33 63 74
 33 63 72 73
 33 61 62 74
 33 61 62 72 73
 33 47 63
 33 47 61 62
 33 46 74
 33 46 74 76
 33 46 74 75
 33 46 72 73
 33 46 72 73 76
 33 46 72 73 74 75
 33 46 63 74
 33 46 63 72 73
 33 46 61 62 74
 33 46 61 62 72 73
 33 46 60
 33 46 59 76
 33 46 59 74
 33 46 59 74 75
 33 46 59 72 73
 33 46 59 63
 33 46 59 61
 33 46 59 61 62
 33 46 59 60
 33 46 57 58 76
 33 46 57 58 74
 33 46 57 58 74 75
 33 46 57 58 72 73
 33 46 57 58 63
 33 46 57 58 61
 33 46 57 58 61 62
 33 46 57 58 59 60
 33 46 49 74
 33 46 49 72 73
 33 46 49 59
 33 46 49 57 58
 33 46 47
 33 46 47 76
 33 46 47 74 75
 33 46 47 63
 33 46 47 61 62
 33 46 47 59
 33 46 47 57 58
 33 46 47 49
 33 44 45 74
 33 44 45 74 76
 33 44 45 74 75
 33 44 45 72 73
 33 44 45 72 73 76
 33 44 45 72 73 74 75
 33 44 45 63 74
 33 44 45 63 72 73
 33 44 45 61 62 74
 33 44 45 61 62 72 73
 33 44 45 60
 33 44 45 59 76
 33 44 45 59 74
 33 44 45 59 74 75
 33 44 45 59 72 73
 33 44 45 59 63
 33 44 45 59 61
 33 44 45 59 61 62
 33 44 45 59 60
 33 44 45 57 58 76
 33 44 45 57 58 74
 33 44 45 57 58 74 75
 33 44 45 57 58 72 73
 33 44 45 57 58 63
 33 44 45 57 58 61
 33 44 45 57 58 61 62
 33 44 45 57 58 59 60
 33 44 45 49 74
 33 44 45 49 72 73
 33 44 45 49 59
 33 44 45 49 57 58
 33 44 45 47
 33 44 45 47 76
 33 44 45 47 74 75
 33 44 45 47 63
 33 44 45 47 61 62
 33 44 45 47 59
 33 44 45 47 57 58
 33 44 45 47 49
 33 36 74
 33 36 72 73
 33 36 47
 33 36 46 74
 33 36 46 72 73
 33 36 46 59
 33 36 46 57 58
 33 36 46 47
 33 36 44 45 74
 33 36 44 45 72 73
 33 36 44 45 59
 33 36 44 45 57 58
 33 36 44 45 47
 33 34 46 59
 33 34 46 57 58
 33 34 44 45 59
 33 34 44 45 57 58
 32 74
 32 72 73
 32 58 60 63
 32 58 60 63 69
 32 58 60 63 67 68
 32 58 60 61 62
 32 58 60 61 62 69
 32 58 60 61 62 67 68
 32 47
 32 46 64
 32 46 63
 32 46 61 62
 32 46 58 64
 32 46 57
 32 46 57 58
 32 46 55
 32 46 55 58
 32 46 54
 32 46 52 53
 32 44 45 64
 32 44 45 63
 32 44 45 61 62
 32 44 45 58 64
 32 44 45 57
 32 44 45 57 58
 32 44 45 55
 32 44 45 55 58
 32 44 45 54
 32 44 45 52 53
 32 42 58 60 63
 32 42 58 60 61 62
 32 36 58 60
 32 36 58 60 69
 32 36 58 60 67 68
 32 36 46
 32 36 44 45
 32 36 42 58 60
 32 33 46 76
 32 33 46 74
 32 33 46 74 75
 32 33 46 72 73
 32 33 46 63
 32 33 46 61
 32 33 46 61 62
 32 33 46 59 60
 32 33 46 49
 32 33 46 47
 32 33 44 45 76
 32 33 44 45 74
 32 33 44 45 74 75
 32 33 44 45 72 73
 32 33 44 45 63
 32 33 44 45 61
 32 33 44 45 61 62
 32 33 44 45 59 60
 32 33 44 45 49
 32 33 44 45 47
 32 33 36 46
 32 33 36 44 45
 32 33 34 46
 32 33 34 44 45
 31 46 59 63
 31 46 59 61 62
 31 46 57 58 63
 31 46 57 58 61 62
 31 46 54 59
 31 46 54 57 58
 31 46 52 53 59
 31 46 52 53 57 58
 31 44 45 59 63
 31 44 45 59 61 62
 31 44 45 57 58 63
 31 44 45 57 58 61 62
 31 44 45 54 59
 31 44 45 54 57 58
 31 44 45 52 53 59
 31 44 45 52 53 57 58
 31 36 46 59
 31 36 46 57 58
 31 36 44 45 59
 31 36 44 45 57 58
 31 32 63 74
 31 32 63 72 73
 31 32 61 62 74
 31 32 61 62 72 73
 31 32 47 63
 31 32 47 61 62
 31 32 46 76
 31 32 46 74 76
 31 32 46 72 73 76
 31 32 46 72 73 74 75
 31 32 46 63 74
 31 32 46 63 72 73
 31 32 46 61
 31 32 46 61 62 74
 31 32 46 61 62 72 73
 31 32 46 60
 31 32 46 59 76
 31 32 46 59 74
 31 32 46 59 74 75
 31 32 46 59 72 73
 31 32 46 59 63
 31 32 46 59 61
 31 32 46 59 61 62
 31 32 46 57 58 76
 31 32 46 57 58 74
 31 32 46 57 58 74 75
 31 32 46 57 58 72 73
 31 32 46 57 58 63
 31 32 46 57 58 61
 31 32 46 57 58 61 62
 31 32 46 57 58 59 60
 31 32 46 54
 31 32 46 52 53
 31 32 46 49
 31 32 46 49 74
 31 32 46 49 72 73
 31 32 46 49 59
 31 32 46 49 57 58
 31 32 46 47 76
 31 32 46 47 74 75
 31 32 46 47 63
 31 32 46 47 61 62
 31 32 46 47 59
 31 32 46 47 57 58
 31 32 46 47 49
 31 32 44 45 76
 31 32 44 45 74 76
 31 32 44 45 72 73 76
 31 32 44 45 72 73 74 75
 31 32 44 45 63 74
 31 32 44 45 63 72 73
 31 32 44 45 61
 31 32 44 45 61 62 74
 31 32 44 45 61 62 72 73
 31 32 44 45 60
 31 32 44 45 59 76
 31 32 44 45 59 74
 31 32 44 45 59 74 75
 31 32 44 45 59 72 73
 31 32 44 45 59 63
 31 32 44 45 59 61
 31 32 44 45 59 61 62
 31 32 44 45 57 58 76
 31 32 44 45 57 58 74
 31 32 44 45 57 58 74 75
 31 32 44 45 57 58 72 73
 31 32 44 45 57 58 63
 31 32 44 45 57 58 61
 31 32 44 45 57 58 61 62
 31 32 44 45 57 58 59 60
 31 32 44 45 54
 31 32 44 45 52 53
 31 32 44 45 49
 31 32 44 45 49 74
 31 32 44 45 49 72 73
 31 32 44 45 49 59
 31 32 44 45 49 57 58
 31 32 44 45 47 76
 31 32 44 45 47 74 75
 31 32 44 45 47 63
 31 32 44 45 47 61 62
 31 32 44 45 47 59
 31 32 44 45 47 57 58
 31 32 44 45 47 49
 31 32 36 74
 31 32 36 72 73
 31 32 36 47
 31 32 36 46 74
 31 32 36 46 72 73
 31 32 36 46 59
 31 32 36 46 57 58
 31 32 36 46 47
 31 32 36 44 45 74
 31 32 36 44 45 72 73
 31 32 36 44 45 59
 31 32 36 44 45 57 58
 31 32 36 44 45 47
 31 32 34 46
 31 32 34 46 59
 31 32 34 46 57 58
 31 32 34 44 45
 31 32 34 44 45 59
 31 32 34 44 45 57 58
 29 33 46 61 74
 29 33 46 61 72 73
 29 33 46 59 61
 29 33 46 59 60
 29 33 46 59 60 74
 29 33 46 59 60 72 73
 29 33 46 57 58 61
 29 33 46 57 58 59 60
 29 33 46 47 61
 29 33 46 47 59 60
 29 33 44 45 61 74
 29 33 44 45 61 72 73
 29 33 44 45 59 61
 29 33 44 45 59 60
 29 33 44 45 59 60 74
 29 33 44 45 59 60 72 73
 29 33 44 45 57 58 61
 29 33 44 45 57 58 59 60
 29 33 44 45 47 61
 29 33 44 45 47 59 60
 29 33 34 46 74
 29 33 34 46 72 73
 29 33 34 46 59
 29 33 34 46 57 58
 29 33 34 46 47
 29 33 34 44 45 74
 29 33 34 44 45 72 73
 29 33 34 44 45 59
 29 33 34 44 45 57 58
 29 33 34 44 45 47
 29 32 33 46 61
 29 32 33 46 59 60
 29 32 33 44 45 61
 29 32 33 44 45 59 60
 29 32 33 34 46
 29 32 33 34 44 45
 29 31 32 46 61
 29 31 32 46 61 74
 29 31 32 46 61 72 73
 29 31 32 46 59 61
 29 31 32 46 59 60 74
 29 31 32 46 59 60 72 73
 29 31 32 46 57 58 61
 29 31 32 46 57 58 59 60
 29 31 32 46 47 61
 29 31 32 46 47 59 60
 29 31 32 44 45 61
 29 31 32 44 45 61 74
 29 31 32 44 45 61 72 73
 29 31 32 44 45 59 61
 29 31 32 44 45 59 60 74
 29 31 32 44 45 59 60 72 73
 29 31 32 44 45 57 58 61
 29 31 32 44 45 57 58 59 60
 29 31 32 44 45 47 61
 29 31 32 44 45 47 59 60
 29 31 32 34 46
 29 31 32 34 46 74
 29 31 32 34 46 72 73
 29 31 32 34 46 59
 29 31 32 34 46 57 58
 29 31 32 34 46 47
 29 31 32 34 44 45
 29 31 32 34 44 45 74
 29 31 32 34 44 45 72 73
 29 31 32 34 44 45 59
 29 31 32 34 44 45 57 58
 29 31 32 34 44 45 47
 29 30 46 59 63
 29 30 46 59 61 62
 29 30 46 57 58 63
 29 30 46 57 58 61 62
 29 30 46 54 59
 29 30 46 54 57 58
 29 30 46 52 53 59
 29 30 46 52 53 57 58
 29 30 44 45 59 63
 29 30 44 45 59 61 62
 29 30 44 45 57 58 63
 29 30 44 45 57 58 61 62
 29 30 44 45 54 59
 29 30 44 45 54 57 58
 29 30 44 45 52 53 59
 29 30 44 45 52 53 57 58
 29 30 36 46 59
 29 30 36 46 57 58
 29 30 36 44 45 59
 29 30 36 44 45 57 58
 29 30 32 46 63
 29 30 32 46 61 62
 29 30 32 46 54
 29 30 32 46 52 53
 29 30 32 44 45 63
 29 30 32 44 45 61 62
 29 30 32 44 45 54
 29 30 32 44 45 52 53
 29 30 32 36 46
 29 30 32 36 44 45
 27 46 59
 27 46 57 58
 27 44 45 59
 27 44 45 57 58
 27 32 46
 27 32 44 45
 27 31 46 59
 27 31 46 57 58
 27 31 44 45 59
 27 31 44 45 57 58
 27 31 32 46
 27 31 32 44 45
 27 29 30 46 59
 27 29 30 46 57 58
 27 29 30 44 45 59
 27 29 30 44 45 57 58
 27 29 30 32 46
 27 29 30 32 44 45
 27 28 33 46 61 74
 27 28 33 46 61 72 73
 27 28 33 46 59 61
 27 28 33 46 59 60
 27 28 33 46 59 60 74
 27 28 33 46 59 60 72 73
 27 28 33 46 57 58 61
 27 28 33 46 57 58 59 60
 27 28 33 46 47 61
 27 28 33 46 47 59 60
 27 28 33 44 45 61 74
 27 28 33 44 45 61 72 73
 27 28 33 44 45 59 61
 27 28 33 44 45 59 60
 27 28 33 44 45 59 60 74
 27 28 33 44 45 59 60 72 73
 27 28 33 44 45 57 58 61
 27 28 33 44 45 57 58 59 60
 27 28 33 44 45 47 61
 27 28 33 44 45 47 59 60
 27 28 33 34 46 74
 27 28 33 34 46 72 73
 27 28 33 34 46 59
 27 28 33 34 46 57 58
 27 28 33 34 46 47
 27 28 33 34 44 45 74
 27 28 33 34 44 45 72 73
 27 28 33 34 44 45 59
 27 28 33 34 44 45 57 58
 27 28 33 34 44 45 47
 27 28 32 33 46 61
 27 28 32 33 46 59 60
 27 28 32 33 44 45 61
 27 28 32 33 44 45 59 60
 27 28 32 33 34 46
 27 28 32 33 34 44 45
 27 28 31 32 46 61
 27 28 31 32 46 61 74
 27 28 31 32 46 61 72 73
 27 28 31 32 46 59 61
 27 28 31 32 46 59 60 74
 27 28 31 32 46 59 60 72 73
 27 28 31 32 46 57 58 61
 27 28 31 32 46 57 58 59 60
 27 28 31 32 46 47 61
 27 28 31 32 46 47 59 60
 27 28 31 32 44 45 61
 27 28 31 32 44 45 61 74
 27 28 31 32 44 45 61 72 73
 27 28 31 32 44 45 59 61
 27 28 31 32 44 45 59 60 74
 27 28 31 32 44 45 59 60 72 73
 27 28 31 32 44 45 57 58 61
 27 28 31 32 44 45 57 58 59 60
 27 28 31 32 44 45 47 61
 27 28 31 32 44 45 47 59 60
 27 28 31 32 34 46
 27 28 31 32 34 46 74
 27 28 31 32 34 46 72 73
 27 28 31 32 34 46 59
 27 28 31 32 34 46 57 58
 27 28 31 32 34 46 47
 27 28 31 32 34 44 45
 27 28 31 32 34 44 45 74
 27 28 31 32 34 44 45 72 73
 27 28 31 32 34 44 45 59
 27 28 31 32 34 44 45 57 58
 27 28 31 32 34 44 45 47
 25 46 59 64
 25 46 57 59
 25 46 57 58
 25 46 57 58 64
 25 46 55 59
 25 46 55 57 58
 25 44 45 59 64
 25 44 45 57 59
 25 44 45 57 58
 25 44 45 57 58 64
 25 44 45 55 59
 25 44 45 55 57 58
 25 32 46 64
 25 32 46 57
 25 32 46 55
 25 32 44 45 64
 25 32 44 45 57
 25 32 44 45 55
 19 59 64
 19 59 63
 19 59 61 62
 19 58 59 64
 19 57 59
 19 57 58 63
 19 57 58 61 62
 19 57 58 59
 19 55 59
 19 55 58 59
 19 54 59
 19 54 57 58
 19 52 53 59
 19 52 53 57 58
 19 36 59
 19 36 57 58
 19 33 74
 19 33 74 76
 19 33 74 75
 19 33 72 73
 19 33 72 73 76
 19 33 72 73 74 75
 19 33 63 74
 19 33 63 72 73
 19 33 61 62 74
 19 33 61 62 72 73
 19 33 60
 19 33 59 76
 19 33 59 74
 19 33 59 74 75
 19 33 59 72 73
 19 33 59 63
 19 33 59 61
 19 33 59 61 62
 19 33 59 60
 19 33 57 58 76
 19 33 57 58 74
 19 33 57 58 74 75
 19 33 57 58 72 73
 19 33 57 58 63
 19 33 57 58 61
 19 33 57 58 61 62
 19 33 57 58 59 60
 19 33 49 74
 19 33 49 72 73
 19 33 49 59
 19 33 49 57 58
 19 33 47
 19 33 47 76
 19 33 47 74 75
 19 33 47 63
 19 33 47 61 62
 19 33 47 59
 19 33 47 57 58
 19 33 47 49
 19 33 36 74
 19 33 36 72 73
 19 33 36 59
 19 33 36 57 58
 19 33 36 47
 19 33 34 59
 19 33 34 57 58
 19 32 64
 19 32 63
 19 32 61 62
 19 32 58 64
 19 32 57
 19 32 57 58
 19 32 55
 19 32 55 58
 19 32 54
 19 32 52 53
 19 32 36
 19 32 33 76
 19 32 33 74
 19 32 33 74 75
 19 32 33 72 73
 19 32 33 63
 19 32 33 61
 19 32 33 61 62
 19 32 33 59 60
 19 32 33 49
 19 32 33 47
 19 32 33 36
 19 32 33 34
 19 31 59 63
 19 31 59 61 62
 19 31 57 58 63
 19 31 57 58 61 62
 19 31 54 59
 19 31 54 57 58
 19 31 52 53 59
 19 31 52 53 57 58
 19 31 36 59
 19 31 36 57 58
 19 31 32 76
 19 31 32 74 76
 19 31 32 72 73 76
 19 31 32 72 73 74 75
 19 31 32 63 74
 19 31 32 63 72 73
 19 31 32 61
 19 31 32 61 62 74
 19 31 32 61 62 72 73
 19 31 32 60
 19 31 32 59 76
 19 31 32 59 74
 19 31 32 59 74 75
 19 31 32 59 72 73
 19 31 32 59 63
 19 31 32 59 61
 19 31 32 59 61 62
 19 31 32 57 58 76
 19 31 32 57 58 74
 19 31 32 57 58 74 75
 19 31 32 57 58 72 73
 19 31 32 57 58 63
 19 31 32 57 58 61
 19 31 32 57 58 61 62
 19 31 32 57 58 59 60
 19 31 32 54
 19 31 32 52 53
 19 31 32 49
 19 31 32 49 74
 19 31 32 49 72 73
 19 31 32 49 59
 19 31 32 49 57 58
 19 31 32 47 76
 19 31 32 47 74 75
 19 31 32 47 63
 19 31 32 47 61 62
 19 31 32 47 59
 19 31 32 47 57 58
 19 31 32 47 49
 19 31 32 36 74
 19 31 32 36 72 73
 19 31 32 36 59
 19 31 32 36 57 58
 19 31 32 36 47
 19 31 32 34
 19 31 32 34 59
 19 31 32 34 57 58
 19 29 33 61 74
 19 29 33 61 72 73
 19 29 33 59 61
 19 29 33 59 60
 19 29 33 59 60 74
 19 29 33 59 60 72 73
 19 29 33 57 58 61
 19 29 33 57 58 59 60
 19 29 33 47 61
 19 29 33 47 59 60
 19 29 33 34 74
 19 29 33 34 72 73
 19 29 33 34 59
 19 29 33 34 57 58
 19 29 33 34 47
 19 29 32 33 61
 19 29 32 33 59 60
 19 29 32 33 34
 19 29 31 32 61
 19 29 31 32 61 74
 19 29 31 32 61 72 73
 19 29 31 32 59 61
 19 29 31 32 59 60 74
 19 29 31 32 59 60 72 73
 19 29 31 32 57 58 61
 19 29 31 32 57 58 59 60
 19 29 31 32 47 61
 19 29 31 32 47 59 60
 19 29 31 32 34
 19 29 31 32 34 74
 19 29 31 32 34 72 73
 19 29 31 32 34 59
 19 29 31 32 34 57 58
 19 29 31 32 34 47
 19 29 30 59 63
 19 29 30 59 61 62
 19 29 30 57 58 63
 19 29 30 57 58 61 62
 19 29 30 54 59
 19 29 30 54 57 58
 19 29 30 52 53 59
 19 29 30 52 53 57 58
 19 29 30 36 59
 19 29 30 36 57 58
 19 29 30 32 63
 19 29 30 32 61 62
 19 29 30 32 54
 19 29 30 32 52 53
 19 29 30 32 36
 19 27 59
 19 27 57 58
 19 27 32
 19 27 31 59
 19 27 31 57 58
 19 27 31 32
 19 27 29 30 59
 19 27 29 30 57 58
 19 27 29 30 32
 19 27 28 33 61 74
 19 27 28 33 61 72 73
 19 27 28 33 59 61
 19 27 28 33 59 60
 19 27 28 33 59 60 74
 19 27 28 33 59 60 72 73
 19 27 28 33 57 58 61
 19 27 28 33 57 58 59 60
 19 27 28 33 47 61
 19 27 28 33 47 59 60
 19 27 28 33 34 74
 19 27 28 33 34 72 73
 19 27 28 33 34 59
 19 27 28 33 34 57 58
 19 27 28 33 34 47
 19 27 28 32 33 61
 19 27 28 32 33 59 60
 19 27 28 32 33 34
 19 27 28 31 32 61
 19 27 28 31 32 61 74
 19 27 28 31 32 61 72 73
 19 27 28 31 32 59 61
 19 27 28 31 32 59 60 74
 19 27 28 31 32 59 60 72 73
 19 27 28 31 32 57 58 61
 19 27 28 31 32 57 58 59 60
 19 27 28 31 32 47 61
 19 27 28 31 32 47 59 60
 19 27 28 31 32 34
 19 27 28 31 32 34 74
 19 27 28 31 32 34 72 73
 19 27 28 31 32 34 59
 19 27 28 31 32 34 57 58
 19 27 28 31 32 34 47
 19 25 59 64
 19 25 57 59
 19 25 57 58
 19 25 57 58 64
 19 25 55 59
 19 25 55 57 58
 19 25 32 64
 19 25 32 57
 19 25 32 55
 15 46 59
 15 46 58 59
 15 44 45 59
 15 44 45 58 59
 15 32 46
 15 32 46 58
 15 32 44 45
 15 32 44 45 58
 15 25 46 59
 15 25 46 57 58
 15 25 44 45 59
 15 25 44 45 57 58
 15 25 32 46
 15 25 32 44 45
 15 19 59
 15 19 58 59
 15 19 32
 15 19 32 58
 15 19 25 59
 15 19 25 57 58
 15 19 25 32
 13 46 59
 13 46 58 59
 13 44 45 59
 13 44 45 58 59
 13 32 46
 13 32 46 58
 13 32 44 45
 13 32 44 45 58
 13 25 46 59
 13 25 46 57 58
 13 25 44 45 59
 13 25 44 45 57 58
 13 25 32 46
 13 25 32 44 45
 13 19 59
 13 19 58 59
 13 19 32
 13 19 32 58
 13 19 25 59
 13 19 25 57 58
 13 19 25 32
 13 14 46 59
 13 14 46 58 59
 13 14 44 45 59
 13 14 44 45 58 59
 13 14 32 46
 13 14 32 46 58
 13 14 32 44 45
 13 14 32 44 45 58
 13 14 25 46 59
 13 14 25 46 57 58
 13 14 25 44 45 59
 13 14 25 44 45 57 58
 13 14 25 32 46
 13 14 25 32 44 45
 13 14 19 59
 13 14 19 58 59
 13 14 19 32
 13 14 19 32 58
 13 14 19 25 59
 13 14 19 25 57 58
 13 14 19 25 32
 11 12 46 59
 11 12 46 58 59
 11 12 44 45 59
 11 12 44 45 58 59
 11 12 32 46
 11 12 32 46 58
 11 12 32 44 45
 11 12 32 44 45 58
 11 12 25 46 59
 11 12 25 46 57 58
 11 12 25 44 45 59
 11 12 25 44 45 57 58
 11 12 25 32 46
 11 12 25 32 44 45
 11 12 19 59
 11 12 19 58 59
 11 12 19 32
 11 12 19 32 58
 11 12 19 25 59
 11 12 19 25 57 58
 11 12 19 25 32
 6 63 74
 6 63 72 73
 6 61 62 74
 6 61 62 72 73
 6 47 63
 6 47 61 62
 6 46 74
 6 46 74 76
 6 46 74 75
 6 46 72 73
 6 46 72 73 76
 6 46 72 73 74 75
 6 46 63 74
 6 46 63 72 73
 6 46 61 62 74
 6 46 61 62 72 73
 6 46 60
 6 46 59 76
 6 46 59 74
 6 46 59 74 75
 6 46 59 72 73
 6 46 59 63
 6 46 59 61
 6 46 59 61 62
 6 46 59 60
 6 46 57 58 76
 6 46 57 58 74
 6 46 57 58 74 75
 6 46 57 58 72 73
 6 46 57 58 63
 6 46 57 58 61
 6 46 57 58 61 62
 6 46 57 58 59 60
 6 46 49 74
 6 46 49 72 73
 6 46 49 59
 6 46 49 57 58
 6 46 47
 6 46 47 76
 6 46 47 74 75
 6 46 47 63
 6 46 47 61 62
 6 46 47 59
 6 46 47 57 58
 6 46 47 49
 6 44 45 74
 6 44 45 74 76
 6 44 45 74 75
 6 44 45 72 73
 6 44 45 72 73 76
 6 44 45 72 73 74 75
 6 44 45 63 74
 6 44 45 63 72 73
 6 44 45 61 62 74
 6 44 45 61 62 72 73
 6 44 45 60
 6 44 45 59 76
 6 44 45 59 74
 6 44 45 59 74 75
 6 44 45 59 72 73
 6 44 45 59 63
 6 44 45 59 61
 6 44 45 59 61 62
 6 44 45 59 60
 6 44 45 57 58 76
 6 44 45 57 58 74
 6 44 45 57 58 74 75
 6 44 45 57 58 72 73
 6 44 45 57 58 63
 6 44 45 57 58 61
 6 44 45 57 58 61 62
 6 44 45 57 58 59 60
 6 44 45 49 74
 6 44 45 49 72 73
 6 44 45 49 59
 6 44 45 49 57 58
 6 44 45 47
 6 44 45 47 76
 6 44 45 47 74 75
 6 44 45 47 63
 6 44 45 47 61 62
 6 44 45 47 59
 6 44 45 47 57 58
 6 44 45 47 49
 6 36 74
 6 36 72 73
 6 36 47
 6 36 46 74
 6 36 46 72 73
 6 36 46 59
 6 36 46 57 58
 6 36 46 47
 6 36 44 45 74
 6 36 44 45 72 73
 6 36 44 45 59
 6 36 44 45 57 58
 6 36 44 45 47
 6 34 46 59
 6 34 46 57 58
 6 34 44 45 59
 6 34 44 45 57 58
 6 32 46 76
 6 32 46 74
 6 32 46 74 75
 6 32 46 72 73
 6 32 46 63
 6 32 46 61
 6 32 46 61 62
 6 32 46 59 60
 6 32 46 49
 6 32 46 47
 6 32 44 45 76
 6 32 44 45 74
 6 32 44 45 74 75
 6 32 44 45 72 73
 6 32 44 45 63
 6 32 44 45 61
 6 32 44 45 61 62
 6 32 44 45 59 60
 6 32 44 45 49
 6 32 44 45 47
 6 32 36 46
 6 32 36 44 45
 6 32 34 46
 6 32 34 44 45
 6 29 46 61 74
 6 29 46 61 72 73
 6 29 46 59 61
 6 29 46 59 60
 6 29 46 59 60 74
 6 29 46 59 60 72 73
 6 29 46 57 58 61
 6 29 46 57 58 59 60
 6 29 46 47 61
 6 29 46 47 59 60
 6 29 44 45 61 74
 6 29 44 45 61 72 73
 6 29 44 45 59 61
 6 29 44 45 59 60
 6 29 44 45 59 60 74
 6 29 44 45 59 60 72 73
 6 29 44 45 57 58 61
 6 29 44 45 57 58 59 60
 6 29 44 45 47 61
 6 29 44 45 47 59 60
 6 29 34 46 74
 6 29 34 46 72 73
 6 29 34 46 59
 6 29 34 46 57 58
 6 29 34 46 47
 6 29 34 44 45 74
 6 29 34 44 45 72 73
 6 29 34 44 45 59
 6 29 34 44 45 57 58
 6 29 34 44 45 47
 6 29 32 46 61
 6 29 32 46 59 60
 6 29 32 44 45 61
 6 29 32 44 45 59 60
 6 29 32 34 46
 6 29 32 34 44 45
 6 27 28 46 61 74
 6 27 28 46 61 72 73
 6 27 28 46 59 61
 6 27 28 46 59 60
 6 27 28 46 59 60 74
 6 27 28 46 59 60 72 73
 6 27 28 46 57 58 61
 6 27 28 46 57 58 59 60
 6 27 28 46 47 61
 6 27 28 46 47 59 60
 6 27 28 44 45 61 74
 6 27 28 44 45 61 72 73
 6 27 28 44 45 59 61
 6 27 28 44 45 59 60
 6 27 28 44 45 59 60 74
 6 27 28 44 45 59 60 72 73
 6 27 28 44 45 57 58 61
 6 27 28 44 45 57 58 59 60
 6 27 28 44 45 47 61
 6 27 28 44 45 47 59 60
 6 27 28 34 46 74
 6 27 28 34 46 72 73
 6 27 28 34 46 59
 6 27 28 34 46 57 58
 6 27 28 34 46 47
 6 27 28 34 44 45 74
 6 27 28 34 44 45 72 73
 6 27 28 34 44 45 59
 6 27 28 34 44 45 57 58
 6 27 28 34 44 45 47
 6 27 28 32 46 61
 6 27 28 32 46 59 60
 6 27 28 32 44 45 61
 6 27 28 32 44 45 59 60
 6 27 28 32 34 46
 6 27 28 32 34 44 45
 6 19 74
 6 19 74 76
 6 19 74 75
 6 19 72 73
 6 19 72 73 76
 6 19 72 73 74 75
 6 19 63 74
 6 19 63 72 73
 6 19 61 62 74
 6 19 61 62 72 73
 6 19 60
 6 19 59 76
 6 19 59 74
 6 19 59 74 75
 6 19 59 72 73
 6 19 59 63
 6 19 59 61
 6 19 59 61 62
 6 19 59 60
 6 19 57 58 76
 6 19 57 58 74
 6 19 57 58 74 75
 6 19 57 58 72 73
 6 19 57 58 63
 6 19 57 58 61
 6 19 57 58 61 62
 6 19 57 58 59 60
 6 19 49 74
 6 19 49 72 73
 6 19 49 59
 6 19 49 57 58
 6 19 47
 6 19 47 76
 6 19 47 74 75
 6 19 47 63
 6 19 47 61 62
 6 19 47 59
 6 19 47 57 58
 6 19 47 49
 6 19 36 74
 6 19 36 72 73
 6 19 36 59
 6 19 36 57 58
 6 19 36 47
 6 19 34 59
 6 19 34 57 58
 6 19 32 76
 6 19 32 74
 6 19 32 74 75
 6 19 32 72 73
 6 19 32 63
 6 19 32 61
 6 19 32 61 62
 6 19 32 59 60
 6 19 32 49
 6 19 32 47
 6 19 32 36
 6 19 32 34
 6 19 29 61 74
 6 19 29 61 72 73
 6 19 29 59 61
 6 19 29 59 60
 6 19 29 59 60 74
 6 19 29 59 60 72 73
 6 19 29 57 58 61
 6 19 29 57 58 59 60
 6 19 29 47 61
 6 19 29 47 59 60
 6 19 29 34 74
 6 19 29 34 72 73
 6 19 29 34 59
 6 19 29 34 57 58
 6 19 29 34 47
 6 19 29 32 61
 6 19 29 32 59 60
 6 19 29 32 34
 6 19 27 28 61 74
 6 19 27 28 61 72 73
 6 19 27 28 59 61
 6 19 27 28 59 60
 6 19 27 28 59 60 74
 6 19 27 28 59 60 72 73
 6 19 27 28 57 58 61
 6 19 27 28 57 58 59 60
 6 19 27 28 47 61
 6 19 27 28 47 59 60
 6 19 27 28 34 74
 6 19 27 28 34 72 73
 6 19 27 28 34 59
 6 19 27 28 34 57 58
 6 19 27 28 34 47
 6 19 27 28 32 61
 6 19 27 28 32 59 60
 6 19 27 28 32 34
 4 46 59 63
 4 46 59 61 62
 4 46 57 58 63
 4 46 57 58 61 62
 4 46 54 59
 4 46 54 57 58
 4 46 52 53 59
 4 46 52 53 57 58
 4 44 45 59 63
 4 44 45 59 61 62
 4 44 45 57 58 63
 4 44 45 57 58 61 62
 4 44 45 54 59
 4 44 45 54 57 58
 4 44 45 52 53 59
 4 44 45 52 53 57 58
 4 36 46 59
 4 36 46 57 58
 4 36 44 45 59
 4 36 44 45 57 58
 4 32 46 63
 4 32 46 61 62
 4 32 46 54
 4 32 46 52 53
 4 32 44 45 63
 4 32 44 45 61 62
 4 32 44 45 54
 4 32 44 45 52 53
 4 32 36 46
 4 32 36 44 45
 4 27 46 59
 4 27 46 57 58
 4 27 44 45 59
 4 27 44 45 57 58
 4 27 32 46
 4 27 32 44 45
 4 19 59 63
 4 19 59 61 62
 4 19 57 58 63
 4 19 57 58 61 62
 4 19 54 59
 4 19 54 57 58
 4 19 52 53 59
 4 19 52 53 57 58
 4 19 36 59
 4 19 36 57 58
 4 19 32 63
 4 19 32 61 62
 4 19 32 54
 4 19 32 52 53
 4 19 32 36
 4 19 27 59
 4 19 27 57 58
 4 19 27 32
 2 33 46 61 74
 2 33 46 61 72 73
 2 33 46 59 61
 2 33 46 59 60
 2 33 46 59 60 74
 2 33 46 59 60 72 73
 2 33 46 57 58 61
 2 33 46 57 58 59 60
 2 33 46 47 61
 2 33 46 47 59 60
 2 33 44 45 61 74
 2 33 44 45 61 72 73
 2 33 44 45 59 61
 2 33 44 45 59 60
 2 33 44 45 59 60 74
 2 33 44 45 59 60 72 73
 2 33 44 45 57 58 61
 2 33 44 45 57 58 59 60
 2 33 44 45 47 61
 2 33 44 45 47 59 60
 2 33 34 46 74
 2 33 34 46 72 73
 2 33 34 46 59
 2 33 34 46 57 58
 2 33 34 46 47
 2 33 34 44 45 74
 2 33 34 44 45 72 73
 2 33 34 44 45 59
 2 33 34 44 45 57 58
 2 33 34 44 45 47
 2 32 33 46 61
 2 32 33 46 59 60
 2 32 33 44 45 61
 2 32 33 44 45 59 60
 2 32 33 34 46
 2 32 33 34 44 45
 2 31 32 46 61
 2 31 32 46 61 74
 2 31 32 46 61 72 73
 2 31 32 46 59 61
 2 31 32 46 59 60 74
 2 31 32 46 59 60 72 73
 2 31 32 46 57 58 61
 2 31 32 46 57 58 59 60
 2 31 32 46 47 61
 2 31 32 46 47 59 60
 2 31 32 44 45 61
 2 31 32 44 45 61 74
 2 31 32 44 45 61 72 73
 2 31 32 44 45 59 61
 2 31 32 44 45 59 60 74
 2 31 32 44 45 59 60 72 73
 2 31 32 44 45 57 58 61
 2 31 32 44 45 57 58 59 60
 2 31 32 44 45 47 61
 2 31 32 44 45 47 59 60
 2 31 32 34 46
 2 31 32 34 46 74
 2 31 32 34 46 72 73
 2 31 32 34 46 59
 2 31 32 34 46 57 58
 2 31 32 34 46 47
 2 31 32 34 44 45
 2 31 32 34 44 45 74
 2 31 32 34 44 45 72 73
 2 31 32 34 44 45 59
 2 31 32 34 44 45 57 58
 2 31 32 34 44 45 47
 2 19 33 61 74
 2 19 33 61 72 73
 2 19 33 59 61
 2 19 33 59 60
 2 19 33 59 60 74
 2 19 33 59 60 72 73
 2 19 33 57 58 61
 2 19 33 57 58 59 60
 2 19 33 47 61
 2 19 33 47 59 60
 2 19 33 34 74
 2 19 33 34 72 73
 2 19 33 34 59
 2 19 33 34 57 58
 2 19 33 34 47
 2 19 32 33 61
 2 19 32 33 59 60
 2 19 32 33 34
 2 19 31 32 61
 2 19 31 32 61 74
 2 19 31 32 61 72 73
 2 19 31 32 59 61
 2 19 31 32 59 60 74
 2 19 31 32 59 60 72 73
 2 19 31 32 57 58 61
 2 19 31 32 57 58 59 60
 2 19 31 32 47 61
 2 19 31 32 47 59 60
 2 19 31 32 34
 2 19 31 32 34 74
 2 19 31 32 34 72 73
 2 19 31 32 34 59
 2 19 31 32 34 57 58
 2 19 31 32 34 47
 2 6 46 61 74
 2 6 46 61 72 73
 2 6 46 59 61
 2 6 46 59 60
 2 6 46 59 60 74
 2 6 46 59 60 72 73
 2 6 46 57 58 61
 2 6 46 57 58 59 60
 2 6 46 47 61
 2 6 46 47 59 60
 2 6 44 45 61 74
 2 6 44 45 61 72 73
 2 6 44 45 59 61
 2 6 44 45 59 60
 2 6 44 45 59 60 74
 2 6 44 45 59 60 72 73
 2 6 44 45 57 58 61
 2 6 44 45 57 58 59 60
 2 6 44 45 47 61
 2 6 44 45 47 59 60
 2 6 34 46 74
 2 6 34 46 72 73
 2 6 34 46 59
 2 6 34 46 57 58
 2 6 34 46 47
 2 6 34 44 45 74
 2 6 34 44 45 72 73
 2 6 34 44 45 59
 2 6 34 44 45 57 58
 2 6 34 44 45 47
 2 6 32 46 61
 2 6 32 46 59 60
 2 6 32 44 45 61
 2 6 32 44 45 59 60
 2 6 32 34 46
 2 6 32 34 44 45
 2 6 19 61 74
 2 6 19 61 72 73
 2 6 19 59 61
 2 6 19 59 60
 2 6 19 59 60 74
 2 6 19 59 60 72 73
 2 6 19 57 58 61
 2 6 19 57 58 59 60
 2 6 19 47 61
 2 6 19 47 59 60
 2 6 19 34 74
 2 6 19 34 72 73
 2 6 19 34 59
 2 6 19 34 57 58
 2 6 19 34 47
 2 6 19 32 61
 2 6 19 32 59 60
 2 6 19 32 34
