 63
 63 69
 63 67 68
 62 69 72
 62 69 71 72
 62 69 70 72
 62 69 70 71
 62 67 68 72
 62 67 68 71 72
 62 67 68 69 70 72
 62 67 68 69 70 71
 61
 61 62
 61 62 69
 61 62 67 68
 59 62 69 78 79
 59 62 69 74 78 79
 59 62 69 72
 59 62 69 72 73 78 79
 59 62 69 71 74 78 79
 59 62 69 71 72 73 78 79
 59 62 69 70 74 78 79
 59 62 69 70 72 73 78 79
 59 62 69 70 71
 59 62 67 68 78 79
 59 62 67 68 74 78 79
 59 62 67 68 72
 59 62 67 68 72 73 78 79
 59 62 67 68 71 74 78 79
 59 62 67 68 71 72 73 78 79
 59 62 67 68 70 71
 59 62 67 68 69 70 74 78 79
 59 62 67 68 69 70 72 73 78 79
 59 60
 58 63 69
 58 63 67 68
 58 62 69 72
 58 62 69 71
 58 62 69 70
 58 62 69 70 71
 58 62 67 68 72
 58 62 67 68 71
 58 62 67 68 70 71
 58 62 67 68 69 70
 58 61 69 71
 58 61 69 70
 58 61 67 68 71
 58 61 67 68 69 70
 58 61 62 69
 58 61 62 67 68
 58 60 69
 58 60 67 68
 58 59 78
 58 59 76 78
 58 59 74 75 78
 58 59 74 75 76 77
 58 59 62 69
 58 59 62 69 74 78 79
 58 59 62 69 72 73 78 79
 58 59 62 67 68
 58 59 62 67 68 74 78 79
 58 59 62 67 68 72 73 78 79
 58 59 61 69
 58 59 61 67 68
 58 59 60 69
 58 59 60 69 71
 58 59 60 69 70
 58 59 60 67 68
 58 59 60 67 68 71
 58 59 60 67 68 69 70
 57 58 78
 57 58 76 78
 57 58 74 75 78
 57 58 74 75 76 77
 57 58 62 69
 57 58 62 69 78 79
 57 58 62 69 72
 57 58 62 69 71 74 78 79
 57 58 62 69 71 72 73 78 79
 57 58 62 69 70 74 78 79
 57 58 62 69 70 72 73 78 79
 57 58 62 69 70 71
 57 58 62 67 68
 57 58 62 67 68 78 79
 57 58 62 67 68 72
 57 58 62 67 68 71 74 78 79
 57 58 62 67 68 71 72 73 78 79
 57 58 62 67 68 70 71
 57 58 62 67 68 69 70 74 78 79
 57 58 62 67 68 69 70 72 73 78 79
 57 58 61 69
 57 58 61 67 68
 57 58 59 60 69
 57 58 59 60 67 68
 54 58 59 60 63 74
 54 58 59 60 63 72 73
 54 58 59 60 61 62 74
 54 58 59 60 61 62 72 73
 54 57 58 60 63 74
 54 57 58 60 63 72 73
 54 57 58 60 61 62 74
 54 57 58 60 61 62 72 73
 53 59 62 69
 53 59 62 69 74
 53 59 62 69 72 73
 53 59 62 69 71 74
 53 59 62 69 71 72 73
 53 59 62 69 70 74
 53 59 62 69 70 72 73
 53 59 62 67 68
 53 59 62 67 68 74
 53 59 62 67 68 72 73
 53 59 62 67 68 71 74
 53 59 62 67 68 71 72 73
 53 59 62 67 68 69 70 74
 53 59 62 67 68 69 70 72 73
 53 58 59 62 69 74
 53 58 59 62 69 72 73
 53 58 59 62 67 68 74
 53 58 59 62 67 68 72 73
 53 57 58 62 69
 53 57 58 62 69 71 74
 53 57 58 62 69 71 72 73
 53 57 58 62 69 70 74
 53 57 58 62 69 70 72 73
 53 57 58 62 67 68
 53 57 58 62 67 68 71 74
 53 57 58 62 67 68 71 72 73
 53 57 58 62 67 68 69 70 74
 53 57 58 62 67 68 69 70 72 73
 52 58 60 69
 52 58 60 67 68
 52 58 59 63 74
 52 58 59 63 72 73
 52 58 59 61 62 74
 52 58 59 61 62 72 73
 52 57 58 63 74
 52 57 58 63 72 73
 52 57 58 61 62 74
 52 57 58 61 62 72 73
 52 53 58 59 60 63 74
 52 53 58 59 60 63 72 73
 52 53 58 59 60 61 62 74
 52 53 58 59 60 61 62 72 73
 52 53 57 58 60 63 74
 52 53 57 58 60 63 72 73
 52 53 57 58 60 61 62 74
 52 53 57 58 60 61 62 72 73
 51 58 59
 51 58 59 76
 51 58 59 74 75
 51 57 58
 51 57 58 76
 51 57 58 74 75
 50 51 58 60 69
 50 51 58 60 67 68
 50 51 58 59 63 74
 50 51 58 59 63 72 73
 50 51 58 59 61 62 74
 50 51 58 59 61 62 72 73
 50 51 57 58 63 74
 50 51 57 58 63 72 73
 50 51 57 58 61 62 74
 50 51 57 58 61 62 72 73
 49 58 59 78
 49 58 59 76 77
 49 57 58 78
 49 57 58 76 77
 49 51 58 59
 49 51 57 58
 47 59 62 69 78 79
 47 59 62 69 71 78 79
 47 59 62 69 70 78 79
 47 59 62 67 68 78 79
 47 59 62 67 68 71 78 79
 47 59 62 67 68 69 70 78 79
 47 58 59 62 69 78 79
 47 58 59 62 67 68 78 79
 47 57 58 62 69 71 78 79
 47 57 58 62 69 70 78 79
 47 57 58 62 67 68 71 78 79
 47 57 58 62 67 68 69 70 78 79
 47 54 58 59 60 63
 47 54 58 59 60 61 62
 47 54 57 58 60 63
 47 54 57 58 60 61 62
 47 53 59 62 69
 47 53 59 62 69 71
 47 53 59 62 69 70
 47 53 59 62 67 68
 47 53 59 62 67 68 71
 47 53 59 62 67 68 69 70
 47 53 58 59 62 69
 47 53 58 59 62 67 68
 47 53 57 58 62 69 71
 47 53 57 58 62 69 70
 47 53 57 58 62 67 68 71
 47 53 57 58 62 67 68 69 70
 47 52 58 59 63
 47 52 58 59 61 62
 47 52 57 58 63
 47 52 57 58 61 62
 47 52 53 58 59 60 63
 47 52 53 58 59 60 61 62
 47 52 53 57 58 60 63
 47 52 53 57 58 60 61 62
 47 50 51 58 59 63
 47 50 51 58 59 61 62
 47 50 51 57 58 63
 47 50 51 57 58 61 62
 45 62 69
 45 62 69 71
 45 62 69 70
 45 62 67 68
 45 62 67 68 71
 45 62 67 68 69 70
 45 59 62 69
 45 59 62 67 68
 45 58 62 69
 45 58 62 67 68
 45 57 58 62 69
 45 57 58 62 67 68
 44 63 67
 44 63 65 66
 44 62 69 72
 44 62 69 70 71
 44 62 67 68 72
 44 62 67 68 70 71
 44 61 62 67
 44 61 62 65 66
 44 59 69
 44 59 67 68
 44 59 62 69
 44 59 62 69 74 78 79
 44 59 62 69 72 73 78 79
 44 59 62 69 71 74
 44 59 62 69 71 72 73
 44 59 62 69 70 74
 44 59 62 69 70 72 73
 44 59 62 67 68
 44 59 62 67 68 74 78 79
 44 59 62 67 68 72 73 78 79
 44 59 62 67 68 71 74
 44 59 62 67 68 71 72 73
 44 59 62 67 68 69 70 74
 44 59 62 67 68 69 70 72 73
 44 58 63 67
 44 58 63 65 66
 44 58 62 69
 44 58 62 67 68
 44 58 61 69
 44 58 61 67 68
 44 58 61 62 67
 44 58 61 62 65 66
 44 58 59 62 69 74
 44 58 59 62 69 72 73
 44 58 59 62 67 68 74
 44 58 59 62 67 68 72 73
 44 58 59 60 69
 44 58 59 60 67 68
 44 57 58 69
 44 57 58 67 68
 44 57 58 62 69
 44 57 58 62 69 74
 44 57 58 62 69 74 78 79
 44 57 58 62 69 72 73
 44 57 58 62 69 72 73 78 79
 44 57 58 62 69 71 74
 44 57 58 62 69 71 72 73
 44 57 58 62 69 70 74
 44 57 58 62 69 70 72 73
 44 57 58 62 67 68
 44 57 58 62 67 68 74
 44 57 58 62 67 68 74 78 79
 44 57 58 62 67 68 72 73
 44 57 58 62 67 68 72 73 78 79
 44 57 58 62 67 68 71 74
 44 57 58 62 67 68 71 72 73
 44 57 58 62 67 68 69 70 74
 44 57 58 62 67 68 69 70 72 73
 44 53 59 62 69 74
 44 53 59 62 69 72 73
 44 53 59 62 67 68 74
 44 53 59 62 67 68 72 73
 44 53 57 58 62 69 74
 44 53 57 58 62 69 72 73
 44 53 57 58 62 67 68 74
 44 53 57 58 62 67 68 72 73
 44 47 59 62 69 78 79
 44 47 59 62 69 71
 44 47 59 62 69 70
 44 47 59 62 67 68 78 79
 44 47 59 62 67 68 71
 44 47 59 62 67 68 69 70
 44 47 58 59 62 69
 44 47 58 59 62 67 68
 44 47 57 58 62 69
 44 47 57 58 62 69 78 79
 44 47 57 58 62 69 71
 44 47 57 58 62 69 70
 44 47 57 58 62 67 68
 44 47 57 58 62 67 68 78 79
 44 47 57 58 62 67 68 71
 44 47 57 58 62 67 68 69 70
 44 47 53 59 62 69
 44 47 53 59 62 67 68
 44 47 53 57 58 62 69
 44 47 53 57 58 62 67 68
 44 45 62 69
 44 45 62 67 68
 42 63
 42 62 72
 42 62 71 72
 42 62 69 70 72
 42 62 69 70 71
 42 61 62
 42 59 62 78 79
 42 59 62 74 78 79
 42 59 62 72
 42 59 62 72 73 78 79
 42 59 62 71 74 78 79
 42 59 62 71 72 73 78 79
 42 59 62 70 71
 42 59 62 69 70 74 78 79
 42 59 62 69 70 72 73 78 79
 42 58 63
 42 58 62 72
 42 58 62 71
 42 58 62 70 71
 42 58 62 69 70
 42 58 61 71
 42 58 61 69 70
 42 58 61 62
 42 58 60
 42 58 59 62
 42 58 59 62 74 78 79
 42 58 59 62 72 73 78 79
 42 58 59 61
 42 58 59 60
 42 58 59 60 71
 42 58 59 60 69 70
 42 57 58 62
 42 57 58 62 78 79
 42 57 58 62 72
 42 57 58 62 71 74 78 79
 42 57 58 62 71 72 73 78 79
 42 57 58 62 70 71
 42 57 58 62 69 70 74 78 79
 42 57 58 62 69 70 72 73 78 79
 42 57 58 61
 42 57 58 59 60
 42 53 59 62
 42 53 59 62 74
 42 53 59 62 72 73
 42 53 59 62 71 74
 42 53 59 62 71 72 73
 42 53 59 62 69 70 74
 42 53 59 62 69 70 72 73
 42 53 58 59 62 74
 42 53 58 59 62 72 73
 42 53 57 58 62
 42 53 57 58 62 71 74
 42 53 57 58 62 71 72 73
 42 53 57 58 62 69 70 74
 42 53 57 58 62 69 70 72 73
 42 52 58 60
 42 50 51 58 60
 42 47 59 62 78 79
 42 47 59 62 71 78 79
 42 47 59 62 69 70 78 79
 42 47 58 59 62 78 79
 42 47 57 58 62 71 78 79
 42 47 57 58 62 69 70 78 79
 42 47 53 59 62
 42 47 53 59 62 71
 42 47 53 59 62 69 70
 42 47 53 58 59 62
 42 47 53 57 58 62 71
 42 47 53 57 58 62 69 70
 42 45 62
 42 45 62 71
 42 45 62 69 70
 42 45 59 62
 42 45 58 62
 42 45 57 58 62
 42 44 62 72
 42 44 62 70 71
 42 44 59
 42 44 59 62
 42 44 59 62 74 78 79
 42 44 59 62 72 73 78 79
 42 44 59 62 71 74
 42 44 59 62 71 72 73
 42 44 59 62 69 70 74
 42 44 59 62 69 70 72 73
 42 44 58 62
 42 44 58 61
 42 44 58 59 62 74
 42 44 58 59 62 72 73
 42 44 58 59 60
 42 44 57 58
 42 44 57 58 62
 42 44 57 58 62 74
 42 44 57 58 62 74 78 79
 42 44 57 58 62 72 73
 42 44 57 58 62 72 73 78 79
 42 44 57 58 62 71 74
 42 44 57 58 62 71 72 73
 42 44 57 58 62 69 70 74
 42 44 57 58 62 69 70 72 73
 42 44 53 59 62 74
 42 44 53 59 62 72 73
 42 44 53 57 58 62 74
 42 44 53 57 58 62 72 73
 42 44 47 59 62 78 79
 42 44 47 59 62 71
 42 44 47 59 62 69 70
 42 44 47 58 59 62
 42 44 47 57 58 62
 42 44 47 57 58 62 78 79
 42 44 47 57 58 62 71
 42 44 47 57 58 62 69 70
 42 44 47 53 59 62
 42 44 47 53 57 58 62
 42 44 45 62
 42 43 63 67
 42 43 63 65 66
 42 43 61 62 67
 42 43 61 62 65 66
 42 43 58 63 67
 42 43 58 63 65 66
 42 43 58 61 62 67
 42 43 58 61 62 65 66
 40 44 63
 40 44 61 62
 40 44 58 63
 40 44 58 61 62
 40 42 43 63
 40 42 43 61 62
 40 42 43 58 63
 40 42 43 58 61 62
 36
 36 69
 36 67 68
 36 58 69
 36 58 67 68
 36 54 58 59 60 74
 36 54 58 59 60 72 73
 36 54 57 58 60 74
 36 54 57 58 60 72 73
 36 52 58 59 74
 36 52 58 59 72 73
 36 52 57 58 74
 36 52 57 58 72 73
 36 52 53 58 59 60 74
 36 52 53 58 59 60 72 73
 36 52 53 57 58 60 74
 36 52 53 57 58 60 72 73
 36 50 51 58 59 74
 36 50 51 58 59 72 73
 36 50 51 57 58 74
 36 50 51 57 58 72 73
 36 47 54 58 59 60
 36 47 54 57 58 60
 36 47 52 58 59
 36 47 52 57 58
 36 47 52 53 58 59 60
 36 47 52 53 57 58 60
 36 47 50 51 58 59
 36 47 50 51 57 58
 36 44 67
 36 44 65 66
 36 44 58 67
 36 44 58 65 66
 36 42
 36 42 58
 36 42 43 67
 36 42 43 65 66
 36 42 43 58 67
 36 42 43 58 65 66
 36 40 44
 36 40 44 58
 36 40 42 43
 36 40 42 43 58
 35 78
 35 76 77
 35 51
 34
 34 58 69 71
 34 58 69 70
 34 58 67 68 71
 34 58 67 68 69 70
 34 58 59 69
 34 58 59 67 68
 34 57 58 69
 34 57 58 67 68
 34 44 58 69
 34 44 58 67 68
 34 42 58 71
 34 42 58 69 70
 34 42 58 59
 34 42 57 58
 34 42 44 58
 33 34 78
 33 34 76 77
 33 34 51
 32 62 69 78 79
 32 62 69 71 74 78 79
 32 62 69 71 72 73 78 79
 32 62 69 70 74 78 79
 32 62 69 70 72 73 78 79
 32 62 67 68 78 79
 32 62 67 68 71 74 78 79
 32 62 67 68 71 72 73 78 79
 32 62 67 68 69 70 74 78 79
 32 62 67 68 69 70 72 73 78 79
 32 59 62 69 74 78 79
 32 59 62 69 72 73 78 79
 32 59 62 67 68 74 78 79
 32 59 62 67 68 72 73 78 79
 32 58 78
 32 58 76 78
 32 58 74 75 78
 32 58 74 75 76 77
 32 58 62 69 74 78 79
 32 58 62 69 72 73 78 79
 32 58 62 67 68 74 78 79
 32 58 62 67 68 72 73 78 79
 32 57 58 62 69 74 78 79
 32 57 58 62 69 72 73 78 79
 32 57 58 62 67 68 74 78 79
 32 57 58 62 67 68 72 73 78 79
 32 54 58 60 63 74
 32 54 58 60 63 72 73
 32 54 58 60 61 62 74
 32 54 58 60 61 62 72 73
 32 53 62 69
 32 53 62 69 71 74
 32 53 62 69 71 72 73
 32 53 62 69 70 74
 32 53 62 69 70 72 73
 32 53 62 67 68
 32 53 62 67 68 71 74
 32 53 62 67 68 71 72 73
 32 53 62 67 68 69 70 74
 32 53 62 67 68 69 70 72 73
 32 53 59 62 69 74
 32 53 59 62 69 72 73
 32 53 59 62 67 68 74
 32 53 59 62 67 68 72 73
 32 53 58 62 69 74
 32 53 58 62 69 72 73
 32 53 58 62 67 68 74
 32 53 58 62 67 68 72 73
 32 53 57 58 62 69 74
 32 53 57 58 62 69 72 73
 32 53 57 58 62 67 68 74
 32 53 57 58 62 67 68 72 73
 32 52 58 63 74
 32 52 58 63 72 73
 32 52 58 61 62 74
 32 52 58 61 62 72 73
 32 52 53 58 60 63 74
 32 52 53 58 60 63 72 73
 32 52 53 58 60 61 62 74
 32 52 53 58 60 61 62 72 73
 32 51 58
 32 51 58 76
 32 51 58 74 75
 32 50 51 58 63 74
 32 50 51 58 63 72 73
 32 50 51 58 61 62 74
 32 50 51 58 61 62 72 73
 32 49 58 78
 32 49 58 76 77
 32 49 51 58
 32 47 62 69 71 78 79
 32 47 62 69 70 78 79
 32 47 62 67 68 71 78 79
 32 47 62 67 68 69 70 78 79
 32 47 59 62 69 78 79
 32 47 59 62 67 68 78 79
 32 47 58 62 69 78 79
 32 47 58 62 67 68 78 79
 32 47 57 58 62 69 78 79
 32 47 57 58 62 67 68 78 79
 32 47 54 58 60 63
 32 47 54 58 60 61 62
 32 47 53 62 69 71
 32 47 53 62 69 70
 32 47 53 62 67 68 71
 32 47 53 62 67 68 69 70
 32 47 53 59 62 69
 32 47 53 59 62 67 68
 32 47 53 58 62 69
 32 47 53 58 62 67 68
 32 47 53 57 58 62 69
 32 47 53 57 58 62 67 68
 32 47 52 58 63
 32 47 52 58 61 62
 32 47 52 53 58 60 63
 32 47 52 53 58 60 61 62
 32 47 50 51 58 63
 32 47 50 51 58 61 62
 32 44 69
 32 44 67 68
 32 44 62 69
 32 44 62 69 74
 32 44 62 69 74 78 79
 32 44 62 69 72 73
 32 44 62 69 72 73 78 79
 32 44 62 69 71 74
 32 44 62 69 71 72 73
 32 44 62 69 70 74
 32 44 62 69 70 72 73
 32 44 62 67 68
 32 44 62 67 68 74
 32 44 62 67 68 74 78 79
 32 44 62 67 68 72 73
 32 44 62 67 68 72 73 78 79
 32 44 62 67 68 71 74
 32 44 62 67 68 71 72 73
 32 44 62 67 68 69 70 74
 32 44 62 67 68 69 70 72 73
 32 44 59 62 69 74
 32 44 59 62 69 72 73
 32 44 59 62 67 68 74
 32 44 59 62 67 68 72 73
 32 44 58 62 69 74
 32 44 58 62 69 72 73
 32 44 58 62 67 68 74
 32 44 58 62 67 68 72 73
 32 44 57 58 62 69 74
 32 44 57 58 62 69 72 73
 32 44 57 58 62 67 68 74
 32 44 57 58 62 67 68 72 73
 32 44 53 62 69 74
 32 44 53 62 69 72 73
 32 44 53 62 67 68 74
 32 44 53 62 67 68 72 73
 32 44 47 62 69
 32 44 47 62 69 78 79
 32 44 47 62 69 71
 32 44 47 62 69 70
 32 44 47 62 67 68
 32 44 47 62 67 68 78 79
 32 44 47 62 67 68 71
 32 44 47 62 67 68 69 70
 32 44 47 59 62 69
 32 44 47 59 62 67 68
 32 44 47 58 62 69
 32 44 47 58 62 67 68
 32 44 47 57 58 62 69
 32 44 47 57 58 62 67 68
 32 44 47 53 62 69
 32 44 47 53 62 67 68
 32 42 62 78 79
 32 42 62 71 74 78 79
 32 42 62 71 72 73 78 79
 32 42 62 69 70 74 78 79
 32 42 62 69 70 72 73 78 79
 32 42 59 62 74 78 79
 32 42 59 62 72 73 78 79
 32 42 58 62 74 78 79
 32 42 58 62 72 73 78 79
 32 42 57 58 62 74 78 79
 32 42 57 58 62 72 73 78 79
 32 42 53 62
 32 42 53 62 71 74
 32 42 53 62 71 72 73
 32 42 53 62 69 70 74
 32 42 53 62 69 70 72 73
 32 42 53 59 62 74
 32 42 53 59 62 72 73
 32 42 53 58 62 74
 32 42 53 58 62 72 73
 32 42 53 57 58 62 74
 32 42 53 57 58 62 72 73
 32 42 47 62 71 78 79
 32 42 47 62 69 70 78 79
 32 42 47 59 62 78 79
 32 42 47 58 62 78 79
 32 42 47 57 58 62 78 79
 32 42 47 53 62 71
 32 42 47 53 62 69 70
 32 42 47 53 59 62
 32 42 47 53 58 62
 32 42 47 53 57 58 62
 32 42 44
 32 42 44 62
 32 42 44 62 74
 32 42 44 62 74 78 79
 32 42 44 62 72 73
 32 42 44 62 72 73 78 79
 32 42 44 62 71 74
 32 42 44 62 71 72 73
 32 42 44 62 69 70 74
 32 42 44 62 69 70 72 73
 32 42 44 59 62 74
 32 42 44 59 62 72 73
 32 42 44 58 62 74
 32 42 44 58 62 72 73
 32 42 44 57 58 62 74
 32 42 44 57 58 62 72 73
 32 42 44 53 62 74
 32 42 44 53 62 72 73
 32 42 44 47 62
 32 42 44 47 62 78 79
 32 42 44 47 62 71
 32 42 44 47 62 69 70
 32 42 44 47 59 62
 32 42 44 47 58 62
 32 42 44 47 57 58 62
 32 42 44 47 53 62
 32 36 54 58 60 74
 32 36 54 58 60 72 73
 32 36 52 58 74
 32 36 52 58 72 73
 32 36 52 53 58 60 74
 32 36 52 53 58 60 72 73
 32 36 50 51 58 74
 32 36 50 51 58 72 73
 32 36 47 54 58 60
 32 36 47 52 58
 32 36 47 52 53 58 60
 32 36 47 50 51 58
 29 58 60 61 69
 29 58 60 61 67 68
 29 58 59 60 69
 29 58 59 60 67 68
 29 42 58 60 61
 29 42 58 59 60
 29 34 58 60 69
 29 34 58 60 67 68
 29 34 42 58 60
 28 35 63
 28 35 61 62
 28 35 36
 28 33 34 63
 28 33 34 61 62
 28 33 34 36
 27 58 59 60 63 74
 27 58 59 60 63 72 73
 27 58 59 60 61 62 74
 27 58 59 60 61 62 72 73
 27 57 58 60 63 74
 27 57 58 60 63 72 73
 27 57 58 60 61 62 74
 27 57 58 60 61 62 72 73
 27 47 58 59 60 63
 27 47 58 59 60 61 62
 27 47 57 58 60 63
 27 47 57 58 60 61 62
 27 36 58 59 60 74
 27 36 58 59 60 72 73
 27 36 57 58 60 74
 27 36 57 58 60 72 73
 27 36 47 58 59 60
 27 36 47 57 58 60
 27 32 58 60 63 74
 27 32 58 60 63 72 73
 27 32 58 60 61 62 74
 27 32 58 60 61 62 72 73
 27 32 47 58 60 63
 27 32 47 58 60 61 62
 27 32 36 58 60 74
 27 32 36 58 60 72 73
 27 32 36 47 58 60
 27 28 58 60 61 69
 27 28 58 60 61 67 68
 27 28 58 59 60 69
 27 28 58 59 60 67 68
 27 28 42 58 60 61
 27 28 42 58 59 60
 27 28 34 58 60 69
 27 28 34 58 60 67 68
 27 28 34 42 58 60
 26 27 35 63
 26 27 35 61 62
 26 27 35 36
 26 27 33 34 63
 26 27 33 34 61 62
 26 27 33 34 36
 25 58 60 69
 25 58 60 67 68
 25 58 59 63 74
 25 58 59 63 72 73
 25 58 59 61 62 74
 25 58 59 61 62 72 73
 25 57 58 63 74
 25 57 58 63 72 73
 25 57 58 61 62 74
 25 57 58 61 62 72 73
 25 47 58 59 63
 25 47 58 59 61 62
 25 47 57 58 63
 25 47 57 58 61 62
 25 42 58 60
 25 36 58 59 74
 25 36 58 59 72 73
 25 36 57 58 74
 25 36 57 58 72 73
 25 36 47 58 59
 25 36 47 57 58
 25 32 58 63 74
 25 32 58 63 72 73
 25 32 58 61 62 74
 25 32 58 61 62 72 73
 25 32 47 58 63
 25 32 47 58 61 62
 25 32 36 58 74
 25 32 36 58 72 73
 25 32 36 47 58
 18 54 58 59 63 74
 18 54 58 59 63 72 73
 18 54 58 59 61 62 74
 18 54 58 59 61 62 72 73
 18 54 57 58 63 74
 18 54 57 58 63 72 73
 18 54 57 58 61 62 74
 18 54 57 58 61 62 72 73
 18 52 53 58 59 63 74
 18 52 53 58 59 63 72 73
 18 52 53 58 59 61 62 74
 18 52 53 58 59 61 62 72 73
 18 52 53 57 58 63 74
 18 52 53 57 58 63 72 73
 18 52 53 57 58 61 62 74
 18 52 53 57 58 61 62 72 73
 18 47 54 58 59 63
 18 47 54 58 59 61 62
 18 47 54 57 58 63
 18 47 54 57 58 61 62
 18 47 52 53 58 59 63
 18 47 52 53 58 59 61 62
 18 47 52 53 57 58 63
 18 47 52 53 57 58 61 62
 18 36 54 58 59 74
 18 36 54 58 59 72 73
 18 36 54 57 58 74
 18 36 54 57 58 72 73
 18 36 52 53 58 59 74
 18 36 52 53 58 59 72 73
 18 36 52 53 57 58 74
 18 36 52 53 57 58 72 73
 18 36 47 54 58 59
 18 36 47 54 57 58
 18 36 47 52 53 58 59
 18 36 47 52 53 57 58
 18 32 54 58 63 74
 18 32 54 58 63 72 73
 18 32 54 58 61 62 74
 18 32 54 58 61 62 72 73
 18 32 52 53 58 63 74
 18 32 52 53 58 63 72 73
 18 32 52 53 58 61 62 74
 18 32 52 53 58 61 62 72 73
 18 32 47 54 58 63
 18 32 47 54 58 61 62
 18 32 47 52 53 58 63
 18 32 47 52 53 58 61 62
 18 32 36 54 58 74
 18 32 36 54 58 72 73
 18 32 36 52 53 58 74
 18 32 36 52 53 58 72 73
 18 32 36 47 54 58
 18 32 36 47 52 53 58
 18 27 58 59 63 74
 18 27 58 59 63 72 73
 18 27 58 59 61 62 74
 18 27 58 59 61 62 72 73
 18 27 57 58 63 74
 18 27 57 58 63 72 73
 18 27 57 58 61 62 74
 18 27 57 58 61 62 72 73
 18 27 47 58 59 63
 18 27 47 58 59 61 62
 18 27 47 57 58 63
 18 27 47 57 58 61 62
 18 27 36 58 59 74
 18 27 36 58 59 72 73
 18 27 36 57 58 74
 18 27 36 57 58 72 73
 18 27 36 47 58 59
 18 27 36 47 57 58
 18 27 32 58 63 74
 18 27 32 58 63 72 73
 18 27 32 58 61 62 74
 18 27 32 58 61 62 72 73
 18 27 32 47 58 63
 18 27 32 47 58 61 62
 18 27 32 36 58 74
 18 27 32 36 58 72 73
 18 27 32 36 47 58
 17 63 67
 17 63 65 66
 17 61 62 67
 17 61 62 65 66
 17 58 63 67
 17 58 63 65 66
 17 58 61 62 67
 17 58 61 62 65 66
 17 40 63
 17 40 61 62
 17 40 58 63
 17 40 58 61 62
 17 36 67
 17 36 65 66
 17 36 58 67
 17 36 58 65 66
 17 36 40
 17 36 40 58
 16 63 69
 16 63 67 68
 16 61 62 69
 16 61 62 67 68
 16 44 63 67
 16 44 63 65 66
 16 44 61 62 67
 16 44 61 62 65 66
 16 42 63
 16 42 61 62
 16 42 43 63 67
 16 42 43 63 65 66
 16 42 43 61 62 67
 16 42 43 61 62 65 66
 16 40 44 63
 16 40 44 61 62
 16 40 42 43 63
 16 40 42 43 61 62
 16 36 69
 16 36 67 68
 16 36 44 67
 16 36 44 65 66
 16 36 42
 16 36 42 43 67
 16 36 42 43 65 66
 16 36 40 44
 16 36 40 42 43
 16 17 63 67
 16 17 63 65 66
 16 17 61 62 67
 16 17 61 62 65 66
 16 17 54 58 59 63 74
 16 17 54 58 59 63 72 73
 16 17 54 58 59 61 62 74
 16 17 54 58 59 61 62 72 73
 16 17 54 57 58 63 74
 16 17 54 57 58 63 72 73
 16 17 54 57 58 61 62 74
 16 17 54 57 58 61 62 72 73
 16 17 52 53 58 59 63 74
 16 17 52 53 58 59 63 72 73
 16 17 52 53 58 59 61 62 74
 16 17 52 53 58 59 61 62 72 73
 16 17 52 53 57 58 63 74
 16 17 52 53 57 58 63 72 73
 16 17 52 53 57 58 61 62 74
 16 17 52 53 57 58 61 62 72 73
 16 17 47 54 58 59 63
 16 17 47 54 58 59 61 62
 16 17 47 54 57 58 63
 16 17 47 54 57 58 61 62
 16 17 47 52 53 58 59 63
 16 17 47 52 53 58 59 61 62
 16 17 47 52 53 57 58 63
 16 17 47 52 53 57 58 61 62
 16 17 40 63
 16 17 40 61 62
 16 17 36 67
 16 17 36 65 66
 16 17 36 54 58 59 74
 16 17 36 54 58 59 72 73
 16 17 36 54 57 58 74
 16 17 36 54 57 58 72 73
 16 17 36 52 53 58 59 74
 16 17 36 52 53 58 59 72 73
 16 17 36 52 53 57 58 74
 16 17 36 52 53 57 58 72 73
 16 17 36 47 54 58 59
 16 17 36 47 54 57 58
 16 17 36 47 52 53 58 59
 16 17 36 47 52 53 57 58
 16 17 36 40
 16 17 32 54 58 63 74
 16 17 32 54 58 63 72 73
 16 17 32 54 58 61 62 74
 16 17 32 54 58 61 62 72 73
 16 17 32 52 53 58 63 74
 16 17 32 52 53 58 63 72 73
 16 17 32 52 53 58 61 62 74
 16 17 32 52 53 58 61 62 72 73
 16 17 32 47 54 58 63
 16 17 32 47 54 58 61 62
 16 17 32 47 52 53 58 63
 16 17 32 47 52 53 58 61 62
 16 17 32 36 54 58 74
 16 17 32 36 54 58 72 73
 16 17 32 36 52 53 58 74
 16 17 32 36 52 53 58 72 73
 16 17 32 36 47 54 58
 16 17 32 36 47 52 53 58
 16 17 27 58 59 63 74
 16 17 27 58 59 63 72 73
 16 17 27 58 59 61 62 74
 16 17 27 58 59 61 62 72 73
 16 17 27 57 58 63 74
 16 17 27 57 58 63 72 73
 16 17 27 57 58 61 62 74
 16 17 27 57 58 61 62 72 73
 16 17 27 47 58 59 63
 16 17 27 47 58 59 61 62
 16 17 27 47 57 58 63
 16 17 27 47 57 58 61 62
 16 17 27 36 58 59 74
 16 17 27 36 58 59 72 73
 16 17 27 36 57 58 74
 16 17 27 36 57 58 72 73
 16 17 27 36 47 58 59
 16 17 27 36 47 57 58
 16 17 27 32 58 63 74
 16 17 27 32 58 63 72 73
 16 17 27 32 58 61 62 74
 16 17 27 32 58 61 62 72 73
 16 17 27 32 47 58 63
 16 17 27 32 47 58 61 62
 16 17 27 32 36 58 74
 16 17 27 32 36 58 72 73
 16 17 27 32 36 47 58
 14 15 63 69
 14 15 63 67 68
 14 15 61 62 69
 14 15 61 62 67 68
 14 15 44 63 67
 14 15 44 63 65 66
 14 15 44 61 62 67
 14 15 44 61 62 65 66
 14 15 42 63
 14 15 42 61 62
 14 15 42 43 63 67
 14 15 42 43 63 65 66
 14 15 42 43 61 62 67
 14 15 42 43 61 62 65 66
 14 15 40 44 63
 14 15 40 44 61 62
 14 15 40 42 43 63
 14 15 40 42 43 61 62
 14 15 36 69
 14 15 36 67 68
 14 15 36 44 67
 14 15 36 44 65 66
 14 15 36 42
 14 15 36 42 43 67
 14 15 36 42 43 65 66
 14 15 36 40 44
 14 15 36 40 42 43
 14 15 17 63 67
 14 15 17 63 65 66
 14 15 17 61 62 67
 14 15 17 61 62 65 66
 14 15 17 40 63
 14 15 17 40 61 62
 14 15 17 36 67
 14 15 17 36 65 66
 14 15 17 36 40
 8 78
 8 76 77
 8 51
 8 28 63
 8 28 61 62
 8 28 36
 8 26 27 63
 8 26 27 61 62
 8 26 27 36
 2 59 69
 2 59 67 68
 2 59 62 69
 2 59 62 69 74
 2 59 62 69 72 73
 2 59 62 69 71 74
 2 59 62 69 71 72 73
 2 59 62 69 70 74
 2 59 62 69 70 72 73
 2 59 62 67 68
 2 59 62 67 68 74
 2 59 62 67 68 72 73
 2 59 62 67 68 71 74
 2 59 62 67 68 71 72 73
 2 59 62 67 68 69 70 74
 2 59 62 67 68 69 70 72 73
 2 58 60 61 69
 2 58 60 61 67 68
 2 58 59 62 69 74
 2 58 59 62 69 72 73
 2 58 59 62 67 68 74
 2 58 59 62 67 68 72 73
 2 58 59 60 69
 2 58 59 60 67 68
 2 57 58 69
 2 57 58 67 68
 2 57 58 62 69
 2 57 58 62 69 71 74
 2 57 58 62 69 71 72 73
 2 57 58 62 69 70 74
 2 57 58 62 69 70 72 73
 2 57 58 62 67 68
 2 57 58 62 67 68 71 74
 2 57 58 62 67 68 71 72 73
 2 57 58 62 67 68 69 70 74
 2 57 58 62 67 68 69 70 72 73
 2 47 59 62 69
 2 47 59 62 69 71
 2 47 59 62 69 70
 2 47 59 62 67 68
 2 47 59 62 67 68 71
 2 47 59 62 67 68 69 70
 2 47 58 59 62 69
 2 47 58 59 62 67 68
 2 47 57 58 62 69 71
 2 47 57 58 62 69 70
 2 47 57 58 62 67 68 71
 2 47 57 58 62 67 68 69 70
 2 44 59 62 69 74
 2 44 59 62 69 72 73
 2 44 59 62 67 68 74
 2 44 59 62 67 68 72 73
 2 44 57 58 62 69 74
 2 44 57 58 62 69 72 73
 2 44 57 58 62 67 68 74
 2 44 57 58 62 67 68 72 73
 2 44 47 59 62 69
 2 44 47 59 62 67 68
 2 44 47 57 58 62 69
 2 44 47 57 58 62 67 68
 2 42 59
 2 42 59 62
 2 42 59 62 74
 2 42 59 62 72 73
 2 42 59 62 71 74
 2 42 59 62 71 72 73
 2 42 59 62 69 70 74
 2 42 59 62 69 70 72 73
 2 42 58 60 61
 2 42 58 59 62 74
 2 42 58 59 62 72 73
 2 42 58 59 60
 2 42 57 58
 2 42 57 58 62
 2 42 57 58 62 71 74
 2 42 57 58 62 71 72 73
 2 42 57 58 62 69 70 74
 2 42 57 58 62 69 70 72 73
 2 42 47 59 62
 2 42 47 59 62 71
 2 42 47 59 62 69 70
 2 42 47 58 59 62
 2 42 47 57 58 62 71
 2 42 47 57 58 62 69 70
 2 42 44 59 62 74
 2 42 44 59 62 72 73
 2 42 44 57 58 62 74
 2 42 44 57 58 62 72 73
 2 42 44 47 59 62
 2 42 44 47 57 58 62
 2 34 58 60 69
 2 34 58 60 67 68
 2 34 42 58 60
 2 32 69
 2 32 67 68
 2 32 62 69
 2 32 62 69 71 74
 2 32 62 69 71 72 73
 2 32 62 69 70 74
 2 32 62 69 70 72 73
 2 32 62 67 68
 2 32 62 67 68 71 74
 2 32 62 67 68 71 72 73
 2 32 62 67 68 69 70 74
 2 32 62 67 68 69 70 72 73
 2 32 59 62 69 74
 2 32 59 62 69 72 73
 2 32 59 62 67 68 74
 2 32 59 62 67 68 72 73
 2 32 58 62 69 74
 2 32 58 62 69 72 73
 2 32 58 62 67 68 74
 2 32 58 62 67 68 72 73
 2 32 57 58 62 69 74
 2 32 57 58 62 69 72 73
 2 32 57 58 62 67 68 74
 2 32 57 58 62 67 68 72 73
 2 32 47 62 69 71
 2 32 47 62 69 70
 2 32 47 62 67 68 71
 2 32 47 62 67 68 69 70
 2 32 47 59 62 69
 2 32 47 59 62 67 68
 2 32 47 58 62 69
 2 32 47 58 62 67 68
 2 32 47 57 58 62 69
 2 32 47 57 58 62 67 68
 2 32 44 62 69 74
 2 32 44 62 69 72 73
 2 32 44 62 67 68 74
 2 32 44 62 67 68 72 73
 2 32 44 47 62 69
 2 32 44 47 62 67 68
 2 32 42
 2 32 42 62
 2 32 42 62 71 74
 2 32 42 62 71 72 73
 2 32 42 62 69 70 74
 2 32 42 62 69 70 72 73
 2 32 42 59 62 74
 2 32 42 59 62 72 73
 2 32 42 58 62 74
 2 32 42 58 62 72 73
 2 32 42 57 58 62 74
 2 32 42 57 58 62 72 73
 2 32 42 47 62 71
 2 32 42 47 62 69 70
 2 32 42 47 59 62
 2 32 42 47 58 62
 2 32 42 47 57 58 62
 2 32 42 44 62 74
 2 32 42 44 62 72 73
 2 32 42 44 47 62
 1 35 63
 1 35 61 62
 1 35 36
 1 33 34 63
 1 33 34 61 62
 1 33 34 36
 1 8 63
 1 8 61 62
 1 8 36
 0 1 59 69
 0 1 59 67 68
 0 1 59 62 69
 0 1 59 62 69 74
 0 1 59 62 69 72 73
 0 1 59 62 69 71 74
 0 1 59 62 69 71 72 73
 0 1 59 62 69 70 74
 0 1 59 62 69 70 72 73
 0 1 59 62 67 68
 0 1 59 62 67 68 74
 0 1 59 62 67 68 72 73
 0 1 59 62 67 68 71 74
 0 1 59 62 67 68 71 72 73
 0 1 59 62 67 68 69 70 74
 0 1 59 62 67 68 69 70 72 73
 0 1 58 59 62 69 74
 0 1 58 59 62 69 72 73
 0 1 58 59 62 67 68 74
 0 1 58 59 62 67 68 72 73
 0 1 57 58 69
 0 1 57 58 67 68
 0 1 57 58 62 69
 0 1 57 58 62 69 71 74
 0 1 57 58 62 69 71 72 73
 0 1 57 58 62 69 70 74
 0 1 57 58 62 69 70 72 73
 0 1 57 58 62 67 68
 0 1 57 58 62 67 68 71 74
 0 1 57 58 62 67 68 71 72 73
 0 1 57 58 62 67 68 69 70 74
 0 1 57 58 62 67 68 69 70 72 73
 0 1 47 59 62 69
 0 1 47 59 62 69 71
 0 1 47 59 62 69 70
 0 1 47 59 62 67 68
 0 1 47 59 62 67 68 71
 0 1 47 59 62 67 68 69 70
 0 1 47 58 59 62 69
 0 1 47 58 59 62 67 68
 0 1 47 57 58 62 69 71
 0 1 47 57 58 62 69 70
 0 1 47 57 58 62 67 68 71
 0 1 47 57 58 62 67 68 69 70
 0 1 44 59 62 69 74
 0 1 44 59 62 69 72 73
 0 1 44 59 62 67 68 74
 0 1 44 59 62 67 68 72 73
 0 1 44 57 58 62 69 74
 0 1 44 57 58 62 69 72 73
 0 1 44 57 58 62 67 68 74
 0 1 44 57 58 62 67 68 72 73
 0 1 44 47 59 62 69
 0 1 44 47 59 62 67 68
 0 1 44 47 57 58 62 69
 0 1 44 47 57 58 62 67 68
 0 1 42 59
 0 1 42 59 62
 0 1 42 59 62 74
 0 1 42 59 62 72 73
 0 1 42 59 62 71 74
 0 1 42 59 62 71 72 73
 0 1 42 59 62 69 70 74
 0 1 42 59 62 69 70 72 73
 0 1 42 58 59 62 74
 0 1 42 58 59 62 72 73
 0 1 42 57 58
 0 1 42 57 58 62
 0 1 42 57 58 62 71 74
 0 1 42 57 58 62 71 72 73
 0 1 42 57 58 62 69 70 74
 0 1 42 57 58 62 69 70 72 73
 0 1 42 47 59 62
 0 1 42 47 59 62 71
 0 1 42 47 59 62 69 70
 0 1 42 47 58 59 62
 0 1 42 47 57 58 62 71
 0 1 42 47 57 58 62 69 70
 0 1 42 44 59 62 74
 0 1 42 44 59 62 72 73
 0 1 42 44 57 58 62 74
 0 1 42 44 57 58 62 72 73
 0 1 42 44 47 59 62
 0 1 42 44 47 57 58 62
 0 1 32 69
 0 1 32 67 68
 0 1 32 62 69
 0 1 32 62 69 71 74
 0 1 32 62 69 71 72 73
 0 1 32 62 69 70 74
 0 1 32 62 69 70 72 73
 0 1 32 62 67 68
 0 1 32 62 67 68 71 74
 0 1 32 62 67 68 71 72 73
 0 1 32 62 67 68 69 70 74
 0 1 32 62 67 68 69 70 72 73
 0 1 32 59 62 69 74
 0 1 32 59 62 69 72 73
 0 1 32 59 62 67 68 74
 0 1 32 59 62 67 68 72 73
 0 1 32 58 62 69 74
 0 1 32 58 62 69 72 73
 0 1 32 58 62 67 68 74
 0 1 32 58 62 67 68 72 73
 0 1 32 57 58 62 69 74
 0 1 32 57 58 62 69 72 73
 0 1 32 57 58 62 67 68 74
 0 1 32 57 58 62 67 68 72 73
 0 1 32 47 62 69 71
 0 1 32 47 62 69 70
 0 1 32 47 62 67 68 71
 0 1 32 47 62 67 68 69 70
 0 1 32 47 59 62 69
 0 1 32 47 59 62 67 68
 0 1 32 47 58 62 69
 0 1 32 47 58 62 67 68
 0 1 32 47 57 58 62 69
 0 1 32 47 57 58 62 67 68
 0 1 32 44 62 69 74
 0 1 32 44 62 69 72 73
 0 1 32 44 62 67 68 74
 0 1 32 44 62 67 68 72 73
 0 1 32 44 47 62 69
 0 1 32 44 47 62 67 68
 0 1 32 42
 0 1 32 42 62
 0 1 32 42 62 71 74
 0 1 32 42 62 71 72 73
 0 1 32 42 62 69 70 74
 0 1 32 42 62 69 70 72 73
 0 1 32 42 59 62 74
 0 1 32 42 59 62 72 73
 0 1 32 42 58 62 74
 0 1 32 42 58 62 72 73
 0 1 32 42 57 58 62 74
 0 1 32 42 57 58 62 72 73
 0 1 32 42 47 62 71
 0 1 32 42 47 62 69 70
 0 1 32 42 47 59 62
 0 1 32 42 47 58 62
 0 1 32 42 47 57 58 62
 0 1 32 42 44 62 74
 0 1 32 42 44 62 72 73
 0 1 32 42 44 47 62
