 58 60 61 63
 58 60 61 62
 58 59 60 63
 58 59 60 61 62
 36 58 60 61
 36 58 59 60
 34 58 60 63
 34 58 60 61 62
 34 36 58 60
 27 58 60 61 63
 27 58 60 61 63 68
 27 58 60 61 62
 27 58 60 61 62 68
 27 58 59 60 63
 27 58 59 60 63 68
 27 58 59 60 61 62
 27 58 59 60 61 62 68
 27 36 58 60 61
 27 36 58 60 61 68
 27 36 58 59 60
 27 36 58 59 60 68
 27 34 58 60 63
 27 34 58 60 63 68
 27 34 58 60 61 62
 27 34 58 60 61 62 68
 27 34 36 58 60
 27 34 36 58 60 68
 26 27 58 60 61 63
 26 27 58 60 61 62
 26 27 58 59 60 63
 26 27 58 59 60 61 62
 26 27 36 58 60 61
 26 27 36 58 59 60
 26 27 34 58 60 63
 26 27 34 58 60 61 62
 26 27 34 36 58 60
 24 25 27 58 60 61 63
 24 25 27 58 60 61 62
 24 25 27 58 59 60 63
 24 25 27 58 59 60 61 62
 24 25 27 36 58 60 61
 24 25 27 36 58 59 60
 24 25 27 34 58 60 63
 24 25 27 34 58 60 61 62
 24 25 27 34 36 58 60
