 46 58 61 67 68 76 78
 46 58 61 67 68 76 77
 46 58 61 67 68 74 75 78
 46 58 61 67 68 74 75 76 77
 46 58 61 65 66 68 76 78
 46 58 61 65 66 68 76 77
 46 58 61 65 66 68 74 75 78
 46 58 61 65 66 68 74 75 76 77
 46 58 59 60 67 68 76 78
 46 58 59 60 67 68 76 77
 46 58 59 60 67 68 74 75 78
 46 58 59 60 67 68 74 75 76 77
 46 58 59 60 65 66 68 76 78
 46 58 59 60 65 66 68 76 77
 46 58 59 60 65 66 68 74 75 78
 46 58 59 60 65 66 68 74 75 76 77
 46 51 58 61 67 68 76
 46 51 58 61 67 68 74 75
 46 51 58 61 65 66 68 76
 46 51 58 61 65 66 68 74 75
 46 51 58 59 60 67 68 76
 46 51 58 59 60 67 68 74 75
 46 51 58 59 60 65 66 68 76
 46 51 58 59 60 65 66 68 74 75
 46 49 58 61 67 68 78
 46 49 58 61 67 68 76 77
 46 49 58 61 65 66 68 78
 46 49 58 61 65 66 68 76 77
 46 49 58 59 60 67 68 78
 46 49 58 59 60 67 68 76 77
 46 49 58 59 60 65 66 68 78
 46 49 58 59 60 65 66 68 76 77
 46 49 51 58 61 67 68
 46 49 51 58 61 65 66 68
 46 49 51 58 59 60 67 68
 46 49 51 58 59 60 65 66 68
 44 45 58 61 67 68 76 78
 44 45 58 61 67 68 76 77
 44 45 58 61 67 68 74 75 78
 44 45 58 61 67 68 74 75 76 77
 44 45 58 61 65 66 68 76 78
 44 45 58 61 65 66 68 76 77
 44 45 58 61 65 66 68 74 75 78
 44 45 58 61 65 66 68 74 75 76 77
 44 45 58 59 60 67 68 76 78
 44 45 58 59 60 67 68 76 77
 44 45 58 59 60 67 68 74 75 78
 44 45 58 59 60 67 68 74 75 76 77
 44 45 58 59 60 65 66 68 76 78
 44 45 58 59 60 65 66 68 76 77
 44 45 58 59 60 65 66 68 74 75 78
 44 45 58 59 60 65 66 68 74 75 76 77
 44 45 51 58 61 67 68 76
 44 45 51 58 61 67 68 74 75
 44 45 51 58 61 65 66 68 76
 44 45 51 58 61 65 66 68 74 75
 44 45 51 58 59 60 67 68 76
 44 45 51 58 59 60 67 68 74 75
 44 45 51 58 59 60 65 66 68 76
 44 45 51 58 59 60 65 66 68 74 75
 44 45 49 58 61 67 68 78
 44 45 49 58 61 67 68 76 77
 44 45 49 58 61 65 66 68 78
 44 45 49 58 61 65 66 68 76 77
 44 45 49 58 59 60 67 68 78
 44 45 49 58 59 60 67 68 76 77
 44 45 49 58 59 60 65 66 68 78
 44 45 49 58 59 60 65 66 68 76 77
 44 45 49 51 58 61 67 68
 44 45 49 51 58 61 65 66 68
 44 45 49 51 58 59 60 67 68
 44 45 49 51 58 59 60 65 66 68
 40 46 58 61 68 76 78
 40 46 58 61 68 76 77
 40 46 58 61 68 74 75 78
 40 46 58 61 68 74 75 76 77
 40 46 58 59 60 68 76 78
 40 46 58 59 60 68 76 77
 40 46 58 59 60 68 74 75 78
 40 46 58 59 60 68 74 75 76 77
 40 46 51 58 61 68 76
 40 46 51 58 61 68 74 75
 40 46 51 58 59 60 68 76
 40 46 51 58 59 60 68 74 75
 40 46 49 58 61 68 78
 40 46 49 58 61 68 76 77
 40 46 49 58 59 60 68 78
 40 46 49 58 59 60 68 76 77
 40 46 49 51 58 61 68
 40 46 49 51 58 59 60 68
 40 44 45 58 61 68 76 78
 40 44 45 58 61 68 76 77
 40 44 45 58 61 68 74 75 78
 40 44 45 58 61 68 74 75 76 77
 40 44 45 58 59 60 68 76 78
 40 44 45 58 59 60 68 76 77
 40 44 45 58 59 60 68 74 75 78
 40 44 45 58 59 60 68 74 75 76 77
 40 44 45 51 58 61 68 76
 40 44 45 51 58 61 68 74 75
 40 44 45 51 58 59 60 68 76
 40 44 45 51 58 59 60 68 74 75
 40 44 45 49 58 61 68 78
 40 44 45 49 58 61 68 76 77
 40 44 45 49 58 59 60 68 78
 40 44 45 49 58 59 60 68 76 77
 40 44 45 49 51 58 61 68
 40 44 45 49 51 58 59 60 68
 34 46 58 67 68 76 78
 34 46 58 67 68 76 77
 34 46 58 67 68 74 75 78
 34 46 58 67 68 74 75 76 77
 34 46 58 65 66 68 76 78
 34 46 58 65 66 68 76 77
 34 46 58 65 66 68 74 75 78
 34 46 58 65 66 68 74 75 76 77
 34 46 51 58 67 68 76
 34 46 51 58 67 68 74 75
 34 46 51 58 65 66 68 76
 34 46 51 58 65 66 68 74 75
 34 46 49 58 67 68 78
 34 46 49 58 67 68 76 77
 34 46 49 58 65 66 68 78
 34 46 49 58 65 66 68 76 77
 34 46 49 51 58 67 68
 34 46 49 51 58 65 66 68
 34 44 45 58 67 68 76 78
 34 44 45 58 67 68 76 77
 34 44 45 58 67 68 74 75 78
 34 44 45 58 67 68 74 75 76 77
 34 44 45 58 65 66 68 76 78
 34 44 45 58 65 66 68 76 77
 34 44 45 58 65 66 68 74 75 78
 34 44 45 58 65 66 68 74 75 76 77
 34 44 45 51 58 67 68 76
 34 44 45 51 58 67 68 74 75
 34 44 45 51 58 65 66 68 76
 34 44 45 51 58 65 66 68 74 75
 34 44 45 49 58 67 68 78
 34 44 45 49 58 67 68 76 77
 34 44 45 49 58 65 66 68 78
 34 44 45 49 58 65 66 68 76 77
 34 44 45 49 51 58 67 68
 34 44 45 49 51 58 65 66 68
 34 40 46 58 68 76 78
 34 40 46 58 68 76 77
 34 40 46 58 68 74 75 78
 34 40 46 58 68 74 75 76 77
 34 40 46 51 58 68 76
 34 40 46 51 58 68 74 75
 34 40 46 49 58 68 78
 34 40 46 49 58 68 76 77
 34 40 46 49 51 58 68
 34 40 44 45 58 68 76 78
 34 40 44 45 58 68 76 77
 34 40 44 45 58 68 74 75 78
 34 40 44 45 58 68 74 75 76 77
 34 40 44 45 51 58 68 76
 34 40 44 45 51 58 68 74 75
 34 40 44 45 49 58 68 78
 34 40 44 45 49 58 68 76 77
 34 40 44 45 49 51 58 68
 26 46 58 61 67 76 78
 26 46 58 61 67 76 77
 26 46 58 61 67 74 75 78
 26 46 58 61 67 74 75 76 77
 26 46 58 61 65 66 76 78
 26 46 58 61 65 66 76 77
 26 46 58 61 65 66 74 75 78
 26 46 58 61 65 66 74 75 76 77
 26 46 58 59 60 67 76 78
 26 46 58 59 60 67 76 77
 26 46 58 59 60 67 74 75 78
 26 46 58 59 60 67 74 75 76 77
 26 46 58 59 60 65 66 76 78
 26 46 58 59 60 65 66 76 77
 26 46 58 59 60 65 66 74 75 78
 26 46 58 59 60 65 66 74 75 76 77
 26 46 51 58 61 67 76
 26 46 51 58 61 67 74 75
 26 46 51 58 61 65 66 76
 26 46 51 58 61 65 66 74 75
 26 46 51 58 59 60 67 76
 26 46 51 58 59 60 67 74 75
 26 46 51 58 59 60 65 66 76
 26 46 51 58 59 60 65 66 74 75
 26 46 49 58 61 67 78
 26 46 49 58 61 67 76 77
 26 46 49 58 61 65 66 78
 26 46 49 58 61 65 66 76 77
 26 46 49 58 59 60 67 78
 26 46 49 58 59 60 67 76 77
 26 46 49 58 59 60 65 66 78
 26 46 49 58 59 60 65 66 76 77
 26 46 49 51 58 61 67
 26 46 49 51 58 61 65 66
 26 46 49 51 58 59 60 67
 26 46 49 51 58 59 60 65 66
 26 44 45 58 61 67 76 78
 26 44 45 58 61 67 76 77
 26 44 45 58 61 67 74 75 78
 26 44 45 58 61 67 74 75 76 77
 26 44 45 58 61 65 66 76 78
 26 44 45 58 61 65 66 76 77
 26 44 45 58 61 65 66 74 75 78
 26 44 45 58 61 65 66 74 75 76 77
 26 44 45 58 59 60 67 76 78
 26 44 45 58 59 60 67 76 77
 26 44 45 58 59 60 67 74 75 78
 26 44 45 58 59 60 67 74 75 76 77
 26 44 45 58 59 60 65 66 76 78
 26 44 45 58 59 60 65 66 76 77
 26 44 45 58 59 60 65 66 74 75 78
 26 44 45 58 59 60 65 66 74 75 76 77
 26 44 45 51 58 61 67 76
 26 44 45 51 58 61 67 74 75
 26 44 45 51 58 61 65 66 76
 26 44 45 51 58 61 65 66 74 75
 26 44 45 51 58 59 60 67 76
 26 44 45 51 58 59 60 67 74 75
 26 44 45 51 58 59 60 65 66 76
 26 44 45 51 58 59 60 65 66 74 75
 26 44 45 49 58 61 67 78
 26 44 45 49 58 61 67 76 77
 26 44 45 49 58 61 65 66 78
 26 44 45 49 58 61 65 66 76 77
 26 44 45 49 58 59 60 67 78
 26 44 45 49 58 59 60 67 76 77
 26 44 45 49 58 59 60 65 66 78
 26 44 45 49 58 59 60 65 66 76 77
 26 44 45 49 51 58 61 67
 26 44 45 49 51 58 61 65 66
 26 44 45 49 51 58 59 60 67
 26 44 45 49 51 58 59 60 65 66
 26 40 46 58 61 76 78
 26 40 46 58 61 76 77
 26 40 46 58 61 74 75 78
 26 40 46 58 61 74 75 76 77
 26 40 46 58 59 60 76 78
 26 40 46 58 59 60 76 77
 26 40 46 58 59 60 74 75 78
 26 40 46 58 59 60 74 75 76 77
 26 40 46 51 58 61 76
 26 40 46 51 58 61 74 75
 26 40 46 51 58 59 60 76
 26 40 46 51 58 59 60 74 75
 26 40 46 49 58 61 78
 26 40 46 49 58 61 76 77
 26 40 46 49 58 59 60 78
 26 40 46 49 58 59 60 76 77
 26 40 46 49 51 58 61
 26 40 46 49 51 58 59 60
 26 40 44 45 58 61 76 78
 26 40 44 45 58 61 76 77
 26 40 44 45 58 61 74 75 78
 26 40 44 45 58 61 74 75 76 77
 26 40 44 45 58 59 60 76 78
 26 40 44 45 58 59 60 76 77
 26 40 44 45 58 59 60 74 75 78
 26 40 44 45 58 59 60 74 75 76 77
 26 40 44 45 51 58 61 76
 26 40 44 45 51 58 61 74 75
 26 40 44 45 51 58 59 60 76
 26 40 44 45 51 58 59 60 74 75
 26 40 44 45 49 58 61 78
 26 40 44 45 49 58 61 76 77
 26 40 44 45 49 58 59 60 78
 26 40 44 45 49 58 59 60 76 77
 26 40 44 45 49 51 58 61
 26 40 44 45 49 51 58 59 60
 26 34 46 58 67 76 78
 26 34 46 58 67 76 77
 26 34 46 58 67 74 75 78
 26 34 46 58 67 74 75 76 77
 26 34 46 58 65 66 76 78
 26 34 46 58 65 66 76 77
 26 34 46 58 65 66 74 75 78
 26 34 46 58 65 66 74 75 76 77
 26 34 46 51 58 67 76
 26 34 46 51 58 67 74 75
 26 34 46 51 58 65 66 76
 26 34 46 51 58 65 66 74 75
 26 34 46 49 58 67 78
 26 34 46 49 58 67 76 77
 26 34 46 49 58 65 66 78
 26 34 46 49 58 65 66 76 77
 26 34 46 49 51 58 67
 26 34 46 49 51 58 65 66
 26 34 44 45 58 67 76 78
 26 34 44 45 58 67 76 77
 26 34 44 45 58 67 74 75 78
 26 34 44 45 58 67 74 75 76 77
 26 34 44 45 58 65 66 76 78
 26 34 44 45 58 65 66 76 77
 26 34 44 45 58 65 66 74 75 78
 26 34 44 45 58 65 66 74 75 76 77
 26 34 44 45 51 58 67 76
 26 34 44 45 51 58 67 74 75
 26 34 44 45 51 58 65 66 76
 26 34 44 45 51 58 65 66 74 75
 26 34 44 45 49 58 67 78
 26 34 44 45 49 58 67 76 77
 26 34 44 45 49 58 65 66 78
 26 34 44 45 49 58 65 66 76 77
 26 34 44 45 49 51 58 67
 26 34 44 45 49 51 58 65 66
 26 34 40 46 58 76 78
 26 34 40 46 58 76 77
 26 34 40 46 58 74 75 78
 26 34 40 46 58 74 75 76 77
 26 34 40 46 51 58 76
 26 34 40 46 51 58 74 75
 26 34 40 46 49 58 78
 26 34 40 46 49 58 76 77
 26 34 40 46 49 51 58
 26 34 40 44 45 58 76 78
 26 34 40 44 45 58 76 77
 26 34 40 44 45 58 74 75 78
 26 34 40 44 45 58 74 75 76 77
 26 34 40 44 45 51 58 76
 26 34 40 44 45 51 58 74 75
 26 34 40 44 45 49 58 78
 26 34 40 44 45 49 58 76 77
 26 34 40 44 45 49 51 58
 24 25 46 58 61 67 76 78
 24 25 46 58 61 67 76 77
 24 25 46 58 61 67 74 75 78
 24 25 46 58 61 67 74 75 76 77
 24 25 46 58 61 65 66 76 78
 24 25 46 58 61 65 66 76 77
 24 25 46 58 61 65 66 74 75 78
 24 25 46 58 61 65 66 74 75 76 77
 24 25 46 58 59 60 67 76 78
 24 25 46 58 59 60 67 76 77
 24 25 46 58 59 60 67 74 75 78
 24 25 46 58 59 60 67 74 75 76 77
 24 25 46 58 59 60 65 66 76 78
 24 25 46 58 59 60 65 66 76 77
 24 25 46 58 59 60 65 66 74 75 78
 24 25 46 58 59 60 65 66 74 75 76 77
 24 25 46 51 58 61 67 76
 24 25 46 51 58 61 67 74 75
 24 25 46 51 58 61 65 66 76
 24 25 46 51 58 61 65 66 74 75
 24 25 46 51 58 59 60 67 76
 24 25 46 51 58 59 60 67 74 75
 24 25 46 51 58 59 60 65 66 76
 24 25 46 51 58 59 60 65 66 74 75
 24 25 46 49 58 61 67 78
 24 25 46 49 58 61 67 76 77
 24 25 46 49 58 61 65 66 78
 24 25 46 49 58 61 65 66 76 77
 24 25 46 49 58 59 60 67 78
 24 25 46 49 58 59 60 67 76 77
 24 25 46 49 58 59 60 65 66 78
 24 25 46 49 58 59 60 65 66 76 77
 24 25 46 49 51 58 61 67
 24 25 46 49 51 58 61 65 66
 24 25 46 49 51 58 59 60 67
 24 25 46 49 51 58 59 60 65 66
 24 25 44 45 58 61 67 76 78
 24 25 44 45 58 61 67 76 77
 24 25 44 45 58 61 67 74 75 78
 24 25 44 45 58 61 67 74 75 76 77
 24 25 44 45 58 61 65 66 76 78
 24 25 44 45 58 61 65 66 76 77
 24 25 44 45 58 61 65 66 74 75 78
 24 25 44 45 58 61 65 66 74 75 76 77
 24 25 44 45 58 59 60 67 76 78
 24 25 44 45 58 59 60 67 76 77
 24 25 44 45 58 59 60 67 74 75 78
 24 25 44 45 58 59 60 67 74 75 76 77
 24 25 44 45 58 59 60 65 66 76 78
 24 25 44 45 58 59 60 65 66 76 77
 24 25 44 45 58 59 60 65 66 74 75 78
 24 25 44 45 58 59 60 65 66 74 75 76 77
 24 25 44 45 51 58 61 67 76
 24 25 44 45 51 58 61 67 74 75
 24 25 44 45 51 58 61 65 66 76
 24 25 44 45 51 58 61 65 66 74 75
 24 25 44 45 51 58 59 60 67 76
 24 25 44 45 51 58 59 60 67 74 75
 24 25 44 45 51 58 59 60 65 66 76
 24 25 44 45 51 58 59 60 65 66 74 75
 24 25 44 45 49 58 61 67 78
 24 25 44 45 49 58 61 67 76 77
 24 25 44 45 49 58 61 65 66 78
 24 25 44 45 49 58 61 65 66 76 77
 24 25 44 45 49 58 59 60 67 78
 24 25 44 45 49 58 59 60 67 76 77
 24 25 44 45 49 58 59 60 65 66 78
 24 25 44 45 49 58 59 60 65 66 76 77
 24 25 44 45 49 51 58 61 67
 24 25 44 45 49 51 58 61 65 66
 24 25 44 45 49 51 58 59 60 67
 24 25 44 45 49 51 58 59 60 65 66
 24 25 40 46 58 61 76 78
 24 25 40 46 58 61 76 77
 24 25 40 46 58 61 74 75 78
 24 25 40 46 58 61 74 75 76 77
 24 25 40 46 58 59 60 76 78
 24 25 40 46 58 59 60 76 77
 24 25 40 46 58 59 60 74 75 78
 24 25 40 46 58 59 60 74 75 76 77
 24 25 40 46 51 58 61 76
 24 25 40 46 51 58 61 74 75
 24 25 40 46 51 58 59 60 76
 24 25 40 46 51 58 59 60 74 75
 24 25 40 46 49 58 61 78
 24 25 40 46 49 58 61 76 77
 24 25 40 46 49 58 59 60 78
 24 25 40 46 49 58 59 60 76 77
 24 25 40 46 49 51 58 61
 24 25 40 46 49 51 58 59 60
 24 25 40 44 45 58 61 76 78
 24 25 40 44 45 58 61 76 77
 24 25 40 44 45 58 61 74 75 78
 24 25 40 44 45 58 61 74 75 76 77
 24 25 40 44 45 58 59 60 76 78
 24 25 40 44 45 58 59 60 76 77
 24 25 40 44 45 58 59 60 74 75 78
 24 25 40 44 45 58 59 60 74 75 76 77
 24 25 40 44 45 51 58 61 76
 24 25 40 44 45 51 58 61 74 75
 24 25 40 44 45 51 58 59 60 76
 24 25 40 44 45 51 58 59 60 74 75
 24 25 40 44 45 49 58 61 78
 24 25 40 44 45 49 58 61 76 77
 24 25 40 44 45 49 58 59 60 78
 24 25 40 44 45 49 58 59 60 76 77
 24 25 40 44 45 49 51 58 61
 24 25 40 44 45 49 51 58 59 60
 24 25 34 46 58 67 76 78
 24 25 34 46 58 67 76 77
 24 25 34 46 58 67 74 75 78
 24 25 34 46 58 67 74 75 76 77
 24 25 34 46 58 65 66 76 78
 24 25 34 46 58 65 66 76 77
 24 25 34 46 58 65 66 74 75 78
 24 25 34 46 58 65 66 74 75 76 77
 24 25 34 46 51 58 67 76
 24 25 34 46 51 58 67 74 75
 24 25 34 46 51 58 65 66 76
 24 25 34 46 51 58 65 66 74 75
 24 25 34 46 49 58 67 78
 24 25 34 46 49 58 67 76 77
 24 25 34 46 49 58 65 66 78
 24 25 34 46 49 58 65 66 76 77
 24 25 34 46 49 51 58 67
 24 25 34 46 49 51 58 65 66
 24 25 34 44 45 58 67 76 78
 24 25 34 44 45 58 67 76 77
 24 25 34 44 45 58 67 74 75 78
 24 25 34 44 45 58 67 74 75 76 77
 24 25 34 44 45 58 65 66 76 78
 24 25 34 44 45 58 65 66 76 77
 24 25 34 44 45 58 65 66 74 75 78
 24 25 34 44 45 58 65 66 74 75 76 77
 24 25 34 44 45 51 58 67 76
 24 25 34 44 45 51 58 67 74 75
 24 25 34 44 45 51 58 65 66 76
 24 25 34 44 45 51 58 65 66 74 75
 24 25 34 44 45 49 58 67 78
 24 25 34 44 45 49 58 67 76 77
 24 25 34 44 45 49 58 65 66 78
 24 25 34 44 45 49 58 65 66 76 77
 24 25 34 44 45 49 51 58 67
 24 25 34 44 45 49 51 58 65 66
 24 25 34 40 46 58 76 78
 24 25 34 40 46 58 76 77
 24 25 34 40 46 58 74 75 78
 24 25 34 40 46 58 74 75 76 77
 24 25 34 40 46 51 58 76
 24 25 34 40 46 51 58 74 75
 24 25 34 40 46 49 58 78
 24 25 34 40 46 49 58 76 77
 24 25 34 40 46 49 51 58
 24 25 34 40 44 45 58 76 78
 24 25 34 40 44 45 58 76 77
 24 25 34 40 44 45 58 74 75 78
 24 25 34 40 44 45 58 74 75 76 77
 24 25 34 40 44 45 51 58 76
 24 25 34 40 44 45 51 58 74 75
 24 25 34 40 44 45 49 58 78
 24 25 34 40 44 45 49 58 76 77
 24 25 34 40 44 45 49 51 58
 19 58 61 67 68 76 78
 19 58 61 67 68 76 77
 19 58 61 67 68 74 75 78
 19 58 61 67 68 74 75 76 77
 19 58 61 65 66 68 76 78
 19 58 61 65 66 68 76 77
 19 58 61 65 66 68 74 75 78
 19 58 61 65 66 68 74 75 76 77
 19 58 59 60 67 68 76 78
 19 58 59 60 67 68 76 77
 19 58 59 60 67 68 74 75 78
 19 58 59 60 67 68 74 75 76 77
 19 58 59 60 65 66 68 76 78
 19 58 59 60 65 66 68 76 77
 19 58 59 60 65 66 68 74 75 78
 19 58 59 60 65 66 68 74 75 76 77
 19 51 58 61 67 68 76
 19 51 58 61 67 68 74 75
 19 51 58 61 65 66 68 76
 19 51 58 61 65 66 68 74 75
 19 51 58 59 60 67 68 76
 19 51 58 59 60 67 68 74 75
 19 51 58 59 60 65 66 68 76
 19 51 58 59 60 65 66 68 74 75
 19 49 58 61 67 68 78
 19 49 58 61 67 68 76 77
 19 49 58 61 65 66 68 78
 19 49 58 61 65 66 68 76 77
 19 49 58 59 60 67 68 78
 19 49 58 59 60 67 68 76 77
 19 49 58 59 60 65 66 68 78
 19 49 58 59 60 65 66 68 76 77
 19 49 51 58 61 67 68
 19 49 51 58 61 65 66 68
 19 49 51 58 59 60 67 68
 19 49 51 58 59 60 65 66 68
 19 40 58 61 68 76 78
 19 40 58 61 68 76 77
 19 40 58 61 68 74 75 78
 19 40 58 61 68 74 75 76 77
 19 40 58 59 60 68 76 78
 19 40 58 59 60 68 76 77
 19 40 58 59 60 68 74 75 78
 19 40 58 59 60 68 74 75 76 77
 19 40 51 58 61 68 76
 19 40 51 58 61 68 74 75
 19 40 51 58 59 60 68 76
 19 40 51 58 59 60 68 74 75
 19 40 49 58 61 68 78
 19 40 49 58 61 68 76 77
 19 40 49 58 59 60 68 78
 19 40 49 58 59 60 68 76 77
 19 40 49 51 58 61 68
 19 40 49 51 58 59 60 68
 19 34 58 67 68 76 78
 19 34 58 67 68 76 77
 19 34 58 67 68 74 75 78
 19 34 58 67 68 74 75 76 77
 19 34 58 65 66 68 76 78
 19 34 58 65 66 68 76 77
 19 34 58 65 66 68 74 75 78
 19 34 58 65 66 68 74 75 76 77
 19 34 51 58 67 68 76
 19 34 51 58 67 68 74 75
 19 34 51 58 65 66 68 76
 19 34 51 58 65 66 68 74 75
 19 34 49 58 67 68 78
 19 34 49 58 67 68 76 77
 19 34 49 58 65 66 68 78
 19 34 49 58 65 66 68 76 77
 19 34 49 51 58 67 68
 19 34 49 51 58 65 66 68
 19 34 40 58 68 76 78
 19 34 40 58 68 76 77
 19 34 40 58 68 74 75 78
 19 34 40 58 68 74 75 76 77
 19 34 40 51 58 68 76
 19 34 40 51 58 68 74 75
 19 34 40 49 58 68 78
 19 34 40 49 58 68 76 77
 19 34 40 49 51 58 68
 19 26 58 61 67 76 78
 19 26 58 61 67 76 77
 19 26 58 61 67 74 75 78
 19 26 58 61 67 74 75 76 77
 19 26 58 61 65 66 76 78
 19 26 58 61 65 66 76 77
 19 26 58 61 65 66 74 75 78
 19 26 58 61 65 66 74 75 76 77
 19 26 58 59 60 67 76 78
 19 26 58 59 60 67 76 77
 19 26 58 59 60 67 74 75 78
 19 26 58 59 60 67 74 75 76 77
 19 26 58 59 60 65 66 76 78
 19 26 58 59 60 65 66 76 77
 19 26 58 59 60 65 66 74 75 78
 19 26 58 59 60 65 66 74 75 76 77
 19 26 51 58 61 67 76
 19 26 51 58 61 67 74 75
 19 26 51 58 61 65 66 76
 19 26 51 58 61 65 66 74 75
 19 26 51 58 59 60 67 76
 19 26 51 58 59 60 67 74 75
 19 26 51 58 59 60 65 66 76
 19 26 51 58 59 60 65 66 74 75
 19 26 49 58 61 67 78
 19 26 49 58 61 67 76 77
 19 26 49 58 61 65 66 78
 19 26 49 58 61 65 66 76 77
 19 26 49 58 59 60 67 78
 19 26 49 58 59 60 67 76 77
 19 26 49 58 59 60 65 66 78
 19 26 49 58 59 60 65 66 76 77
 19 26 49 51 58 61 67
 19 26 49 51 58 61 65 66
 19 26 49 51 58 59 60 67
 19 26 49 51 58 59 60 65 66
 19 26 40 58 61 76 78
 19 26 40 58 61 76 77
 19 26 40 58 61 74 75 78
 19 26 40 58 61 74 75 76 77
 19 26 40 58 59 60 76 78
 19 26 40 58 59 60 76 77
 19 26 40 58 59 60 74 75 78
 19 26 40 58 59 60 74 75 76 77
 19 26 40 51 58 61 76
 19 26 40 51 58 61 74 75
 19 26 40 51 58 59 60 76
 19 26 40 51 58 59 60 74 75
 19 26 40 49 58 61 78
 19 26 40 49 58 61 76 77
 19 26 40 49 58 59 60 78
 19 26 40 49 58 59 60 76 77
 19 26 40 49 51 58 61
 19 26 40 49 51 58 59 60
 19 26 34 58 67 76 78
 19 26 34 58 67 76 77
 19 26 34 58 67 74 75 78
 19 26 34 58 67 74 75 76 77
 19 26 34 58 65 66 76 78
 19 26 34 58 65 66 76 77
 19 26 34 58 65 66 74 75 78
 19 26 34 58 65 66 74 75 76 77
 19 26 34 51 58 67 76
 19 26 34 51 58 67 74 75
 19 26 34 51 58 65 66 76
 19 26 34 51 58 65 66 74 75
 19 26 34 49 58 67 78
 19 26 34 49 58 67 76 77
 19 26 34 49 58 65 66 78
 19 26 34 49 58 65 66 76 77
 19 26 34 49 51 58 67
 19 26 34 49 51 58 65 66
 19 26 34 40 58 76 78
 19 26 34 40 58 76 77
 19 26 34 40 58 74 75 78
 19 26 34 40 58 74 75 76 77
 19 26 34 40 51 58 76
 19 26 34 40 51 58 74 75
 19 26 34 40 49 58 78
 19 26 34 40 49 58 76 77
 19 26 34 40 49 51 58
 19 24 25 58 61 67 76 78
 19 24 25 58 61 67 76 77
 19 24 25 58 61 67 74 75 78
 19 24 25 58 61 67 74 75 76 77
 19 24 25 58 61 65 66 76 78
 19 24 25 58 61 65 66 76 77
 19 24 25 58 61 65 66 74 75 78
 19 24 25 58 61 65 66 74 75 76 77
 19 24 25 58 59 60 67 76 78
 19 24 25 58 59 60 67 76 77
 19 24 25 58 59 60 67 74 75 78
 19 24 25 58 59 60 67 74 75 76 77
 19 24 25 58 59 60 65 66 76 78
 19 24 25 58 59 60 65 66 76 77
 19 24 25 58 59 60 65 66 74 75 78
 19 24 25 58 59 60 65 66 74 75 76 77
 19 24 25 51 58 61 67 76
 19 24 25 51 58 61 67 74 75
 19 24 25 51 58 61 65 66 76
 19 24 25 51 58 61 65 66 74 75
 19 24 25 51 58 59 60 67 76
 19 24 25 51 58 59 60 67 74 75
 19 24 25 51 58 59 60 65 66 76
 19 24 25 51 58 59 60 65 66 74 75
 19 24 25 49 58 61 67 78
 19 24 25 49 58 61 67 76 77
 19 24 25 49 58 61 65 66 78
 19 24 25 49 58 61 65 66 76 77
 19 24 25 49 58 59 60 67 78
 19 24 25 49 58 59 60 67 76 77
 19 24 25 49 58 59 60 65 66 78
 19 24 25 49 58 59 60 65 66 76 77
 19 24 25 49 51 58 61 67
 19 24 25 49 51 58 61 65 66
 19 24 25 49 51 58 59 60 67
 19 24 25 49 51 58 59 60 65 66
 19 24 25 40 58 61 76 78
 19 24 25 40 58 61 76 77
 19 24 25 40 58 61 74 75 78
 19 24 25 40 58 61 74 75 76 77
 19 24 25 40 58 59 60 76 78
 19 24 25 40 58 59 60 76 77
 19 24 25 40 58 59 60 74 75 78
 19 24 25 40 58 59 60 74 75 76 77
 19 24 25 40 51 58 61 76
 19 24 25 40 51 58 61 74 75
 19 24 25 40 51 58 59 60 76
 19 24 25 40 51 58 59 60 74 75
 19 24 25 40 49 58 61 78
 19 24 25 40 49 58 61 76 77
 19 24 25 40 49 58 59 60 78
 19 24 25 40 49 58 59 60 76 77
 19 24 25 40 49 51 58 61
 19 24 25 40 49 51 58 59 60
 19 24 25 34 58 67 76 78
 19 24 25 34 58 67 76 77
 19 24 25 34 58 67 74 75 78
 19 24 25 34 58 67 74 75 76 77
 19 24 25 34 58 65 66 76 78
 19 24 25 34 58 65 66 76 77
 19 24 25 34 58 65 66 74 75 78
 19 24 25 34 58 65 66 74 75 76 77
 19 24 25 34 51 58 67 76
 19 24 25 34 51 58 67 74 75
 19 24 25 34 51 58 65 66 76
 19 24 25 34 51 58 65 66 74 75
 19 24 25 34 49 58 67 78
 19 24 25 34 49 58 67 76 77
 19 24 25 34 49 58 65 66 78
 19 24 25 34 49 58 65 66 76 77
 19 24 25 34 49 51 58 67
 19 24 25 34 49 51 58 65 66
 19 24 25 34 40 58 76 78
 19 24 25 34 40 58 76 77
 19 24 25 34 40 58 74 75 78
 19 24 25 34 40 58 74 75 76 77
 19 24 25 34 40 51 58 76
 19 24 25 34 40 51 58 74 75
 19 24 25 34 40 49 58 78
 19 24 25 34 40 49 58 76 77
 19 24 25 34 40 49 51 58
