 39 46 58 63 72 74
 39 46 58 63 72 73
 39 46 58 63 70 71 74
 39 46 58 63 70 71 72 73
 39 46 58 61 62 72 74
 39 46 58 61 62 72 73
 39 46 58 61 62 70 71 74
 39 46 58 61 62 70 71 72 73
 39 46 47 58 63 72
 39 46 47 58 63 70 71
 39 46 47 58 61 62 72
 39 46 47 58 61 62 70 71
 39 45 46 58 63 74
 39 45 46 58 63 72 73
 39 45 46 58 61 62 74
 39 45 46 58 61 62 72 73
 39 45 46 47 58 63
 39 45 46 47 58 61 62
 39 44 45 58 63 74
 39 44 45 58 63 72 74
 39 44 45 58 63 70 71 74
 39 44 45 58 63 70 71 72 73
 39 44 45 58 61 62 74
 39 44 45 58 61 62 72 74
 39 44 45 58 61 62 70 71 74
 39 44 45 58 61 62 70 71 72 73
 39 44 45 47 58 63
 39 44 45 47 58 63 72
 39 44 45 47 58 63 70 71
 39 44 45 47 58 61 62
 39 44 45 47 58 61 62 72
 39 44 45 47 58 61 62 70 71
 37 38 46 58 63 72 74
 37 38 46 58 63 72 73
 37 38 46 58 63 70 71 74
 37 38 46 58 63 70 71 72 73
 37 38 46 58 61 62 72 74
 37 38 46 58 61 62 72 73
 37 38 46 58 61 62 70 71 74
 37 38 46 58 61 62 70 71 72 73
 37 38 46 47 58 63 72
 37 38 46 47 58 63 70 71
 37 38 46 47 58 61 62 72
 37 38 46 47 58 61 62 70 71
 37 38 45 46 58 63 74
 37 38 45 46 58 63 72 73
 37 38 45 46 58 61 62 74
 37 38 45 46 58 61 62 72 73
 37 38 45 46 47 58 63
 37 38 45 46 47 58 61 62
 37 38 44 45 58 63 74
 37 38 44 45 58 63 72 74
 37 38 44 45 58 63 70 71 74
 37 38 44 45 58 63 70 71 72 73
 37 38 44 45 58 61 62 74
 37 38 44 45 58 61 62 72 74
 37 38 44 45 58 61 62 70 71 74
 37 38 44 45 58 61 62 70 71 72 73
 37 38 44 45 47 58 63
 37 38 44 45 47 58 63 72
 37 38 44 45 47 58 63 70 71
 37 38 44 45 47 58 61 62
 37 38 44 45 47 58 61 62 72
 37 38 44 45 47 58 61 62 70 71
 36 39 46 58 72 74
 36 39 46 58 72 73
 36 39 46 58 70 71 74
 36 39 46 58 70 71 72 73
 36 39 46 47 58 72
 36 39 46 47 58 70 71
 36 39 45 46 58 74
 36 39 45 46 58 72 73
 36 39 45 46 47 58
 36 39 44 45 58 74
 36 39 44 45 58 72 74
 36 39 44 45 58 70 71 74
 36 39 44 45 58 70 71 72 73
 36 39 44 45 47 58
 36 39 44 45 47 58 72
 36 39 44 45 47 58 70 71
 36 37 38 46 58 72 74
 36 37 38 46 58 72 73
 36 37 38 46 58 70 71 74
 36 37 38 46 58 70 71 72 73
 36 37 38 46 47 58 72
 36 37 38 46 47 58 70 71
 36 37 38 45 46 58 74
 36 37 38 45 46 58 72 73
 36 37 38 45 46 47 58
 36 37 38 44 45 58 74
 36 37 38 44 45 58 72 74
 36 37 38 44 45 58 70 71 74
 36 37 38 44 45 58 70 71 72 73
 36 37 38 44 45 47 58
 36 37 38 44 45 47 58 72
 36 37 38 44 45 47 58 70 71
 19 39 58 63 72 74
 19 39 58 63 72 73
 19 39 58 63 70 71 74
 19 39 58 63 70 71 72 73
 19 39 58 61 62 72 74
 19 39 58 61 62 72 73
 19 39 58 61 62 70 71 74
 19 39 58 61 62 70 71 72 73
 19 39 47 58 63 72
 19 39 47 58 63 70 71
 19 39 47 58 61 62 72
 19 39 47 58 61 62 70 71
 19 39 45 58 63 74
 19 39 45 58 63 72 73
 19 39 45 58 61 62 74
 19 39 45 58 61 62 72 73
 19 39 45 47 58 63
 19 39 45 47 58 61 62
 19 37 38 58 63 72 74
 19 37 38 58 63 72 73
 19 37 38 58 63 70 71 74
 19 37 38 58 63 70 71 72 73
 19 37 38 58 61 62 72 74
 19 37 38 58 61 62 72 73
 19 37 38 58 61 62 70 71 74
 19 37 38 58 61 62 70 71 72 73
 19 37 38 47 58 63 72
 19 37 38 47 58 63 70 71
 19 37 38 47 58 61 62 72
 19 37 38 47 58 61 62 70 71
 19 37 38 45 58 63 74
 19 37 38 45 58 63 72 73
 19 37 38 45 58 61 62 74
 19 37 38 45 58 61 62 72 73
 19 37 38 45 47 58 63
 19 37 38 45 47 58 61 62
 19 36 39 58 72 74
 19 36 39 58 72 73
 19 36 39 58 70 71 74
 19 36 39 58 70 71 72 73
 19 36 39 47 58 72
 19 36 39 47 58 70 71
 19 36 39 45 58 74
 19 36 39 45 58 72 73
 19 36 39 45 47 58
 19 36 37 38 58 72 74
 19 36 37 38 58 72 73
 19 36 37 38 58 70 71 74
 19 36 37 38 58 70 71 72 73
 19 36 37 38 47 58 72
 19 36 37 38 47 58 70 71
 19 36 37 38 45 58 74
 19 36 37 38 45 58 72 73
 19 36 37 38 45 47 58
 12 46 58 63 72 74
 12 46 58 63 72 73
 12 46 58 63 70 71 74
 12 46 58 63 70 71 72 73
 12 46 58 61 62 72 74
 12 46 58 61 62 72 73
 12 46 58 61 62 70 71 74
 12 46 58 61 62 70 71 72 73
 12 46 47 58 63 72
 12 46 47 58 63 70 71
 12 46 47 58 61 62 72
 12 46 47 58 61 62 70 71
 12 45 46 58 63 74
 12 45 46 58 63 72 73
 12 45 46 58 61 62 74
 12 45 46 58 61 62 72 73
 12 45 46 47 58 63
 12 45 46 47 58 61 62
 12 44 45 58 63 74
 12 44 45 58 63 72 74
 12 44 45 58 63 70 71 74
 12 44 45 58 63 70 71 72 73
 12 44 45 58 61 62 74
 12 44 45 58 61 62 72 74
 12 44 45 58 61 62 70 71 74
 12 44 45 58 61 62 70 71 72 73
 12 44 45 47 58 63
 12 44 45 47 58 63 72
 12 44 45 47 58 63 70 71
 12 44 45 47 58 61 62
 12 44 45 47 58 61 62 72
 12 44 45 47 58 61 62 70 71
 12 36 46 58 72 74
 12 36 46 58 72 73
 12 36 46 58 70 71 74
 12 36 46 58 70 71 72 73
 12 36 46 47 58 72
 12 36 46 47 58 70 71
 12 36 45 46 58 74
 12 36 45 46 58 72 73
 12 36 45 46 47 58
 12 36 44 45 58 74
 12 36 44 45 58 72 74
 12 36 44 45 58 70 71 74
 12 36 44 45 58 70 71 72 73
 12 36 44 45 47 58
 12 36 44 45 47 58 72
 12 36 44 45 47 58 70 71
 12 19 58 63 72 74
 12 19 58 63 72 73
 12 19 58 63 70 71 74
 12 19 58 63 70 71 72 73
 12 19 58 61 62 72 74
 12 19 58 61 62 72 73
 12 19 58 61 62 70 71 74
 12 19 58 61 62 70 71 72 73
 12 19 47 58 63 72
 12 19 47 58 63 70 71
 12 19 47 58 61 62 72
 12 19 47 58 61 62 70 71
 12 19 45 58 63 74
 12 19 45 58 63 72 73
 12 19 45 58 61 62 74
 12 19 45 58 61 62 72 73
 12 19 45 47 58 63
 12 19 45 47 58 61 62
 12 19 36 58 72 74
 12 19 36 58 72 73
 12 19 36 58 70 71 74
 12 19 36 58 70 71 72 73
 12 19 36 47 58 72
 12 19 36 47 58 70 71
 12 19 36 45 58 74
 12 19 36 45 58 72 73
 12 19 36 45 47 58
