 48 64 72
 48 64 70 71
 48 62 72
 48 62 70 71
 48 55 72
 48 55 70 71
 46
 46 47 64 72
 46 47 64 70 71
 46 47 62 72
 46 47 62 70 71
 46 47 55 72
 46 47 55 70 71
 45 48 64
 45 48 62
 45 48 55
 45 46 47 64
 45 46 47 62
 45 46 47 55
 44 45
 39 48 72
 39 48 70 71
 39 46 47 72
 39 46 47 70 71
 39 45 48
 39 45 46 47
 37 38 48 72
 37 38 48 70 71
 37 38 46 47 72
 37 38 46 47 70 71
 37 38 45 48
 37 38 45 46 47
 21 64 72
 21 64 70 71
 21 62 72
 21 62 70 71
 21 55 72
 21 55 70 71
 21 45 64
 21 45 62
 21 45 55
 21 39 72
 21 39 70 71
 21 39 45
 21 37 38 72
 21 37 38 70 71
 21 37 38 45
 19
 12 48 72
 12 48 70 71
 12 46 47 72
 12 46 47 70 71
 12 45 48
 12 45 46 47
 12 21 72
 12 21 70 71
 12 21 45
