 42 46 58 61 76 78
 42 46 58 61 76 77
 42 46 58 61 74 75 78
 42 46 58 61 74 75 76 77
 42 46 58 59 60 76 78
 42 46 58 59 60 76 77
 42 46 58 59 60 74 75 78
 42 46 58 59 60 74 75 76 77
 42 46 51 58 61 76
 42 46 51 58 61 74 75
 42 46 51 58 59 60 76
 42 46 51 58 59 60 74 75
 42 46 49 58 61 78
 42 46 49 58 61 76 77
 42 46 49 58 59 60 78
 42 46 49 58 59 60 76 77
 42 46 49 51 58 61
 42 46 49 51 58 59 60
 42 44 45 58 61 76 78
 42 44 45 58 61 76 77
 42 44 45 58 61 74 75 78
 42 44 45 58 61 74 75 76 77
 42 44 45 58 59 60 76 78
 42 44 45 58 59 60 76 77
 42 44 45 58 59 60 74 75 78
 42 44 45 58 59 60 74 75 76 77
 42 44 45 51 58 61 76
 42 44 45 51 58 61 74 75
 42 44 45 51 58 59 60 76
 42 44 45 51 58 59 60 74 75
 42 44 45 49 58 61 78
 42 44 45 49 58 61 76 77
 42 44 45 49 58 59 60 78
 42 44 45 49 58 59 60 76 77
 42 44 45 49 51 58 61
 42 44 45 49 51 58 59 60
 40 41 46 58 61 76 78
 40 41 46 58 61 76 77
 40 41 46 58 61 74 75 78
 40 41 46 58 61 74 75 76 77
 40 41 46 58 59 60 76 78
 40 41 46 58 59 60 76 77
 40 41 46 58 59 60 74 75 78
 40 41 46 58 59 60 74 75 76 77
 40 41 46 51 58 61 76
 40 41 46 51 58 61 74 75
 40 41 46 51 58 59 60 76
 40 41 46 51 58 59 60 74 75
 40 41 46 49 58 61 78
 40 41 46 49 58 61 76 77
 40 41 46 49 58 59 60 78
 40 41 46 49 58 59 60 76 77
 40 41 46 49 51 58 61
 40 41 46 49 51 58 59 60
 40 41 44 45 58 61 76 78
 40 41 44 45 58 61 76 77
 40 41 44 45 58 61 74 75 78
 40 41 44 45 58 61 74 75 76 77
 40 41 44 45 58 59 60 76 78
 40 41 44 45 58 59 60 76 77
 40 41 44 45 58 59 60 74 75 78
 40 41 44 45 58 59 60 74 75 76 77
 40 41 44 45 51 58 61 76
 40 41 44 45 51 58 61 74 75
 40 41 44 45 51 58 59 60 76
 40 41 44 45 51 58 59 60 74 75
 40 41 44 45 49 58 61 78
 40 41 44 45 49 58 61 76 77
 40 41 44 45 49 58 59 60 78
 40 41 44 45 49 58 59 60 76 77
 40 41 44 45 49 51 58 61
 40 41 44 45 49 51 58 59 60
 34 42 46 58 76 78
 34 42 46 58 76 77
 34 42 46 58 74 75 78
 34 42 46 58 74 75 76 77
 34 42 46 51 58 76
 34 42 46 51 58 74 75
 34 42 46 49 58 78
 34 42 46 49 58 76 77
 34 42 46 49 51 58
 34 42 44 45 58 76 78
 34 42 44 45 58 76 77
 34 42 44 45 58 74 75 78
 34 42 44 45 58 74 75 76 77
 34 42 44 45 51 58 76
 34 42 44 45 51 58 74 75
 34 42 44 45 49 58 78
 34 42 44 45 49 58 76 77
 34 42 44 45 49 51 58
 34 40 41 46 58 76 78
 34 40 41 46 58 76 77
 34 40 41 46 58 74 75 78
 34 40 41 46 58 74 75 76 77
 34 40 41 46 51 58 76
 34 40 41 46 51 58 74 75
 34 40 41 46 49 58 78
 34 40 41 46 49 58 76 77
 34 40 41 46 49 51 58
 34 40 41 44 45 58 76 78
 34 40 41 44 45 58 76 77
 34 40 41 44 45 58 74 75 78
 34 40 41 44 45 58 74 75 76 77
 34 40 41 44 45 51 58 76
 34 40 41 44 45 51 58 74 75
 34 40 41 44 45 49 58 78
 34 40 41 44 45 49 58 76 77
 34 40 41 44 45 49 51 58
 19 42 58 61 76 78
 19 42 58 61 76 77
 19 42 58 61 74 75 78
 19 42 58 61 74 75 76 77
 19 42 58 59 60 76 78
 19 42 58 59 60 76 77
 19 42 58 59 60 74 75 78
 19 42 58 59 60 74 75 76 77
 19 42 51 58 61 76
 19 42 51 58 61 74 75
 19 42 51 58 59 60 76
 19 42 51 58 59 60 74 75
 19 42 49 58 61 78
 19 42 49 58 61 76 77
 19 42 49 58 59 60 78
 19 42 49 58 59 60 76 77
 19 42 49 51 58 61
 19 42 49 51 58 59 60
 19 40 41 58 61 76 78
 19 40 41 58 61 76 77
 19 40 41 58 61 74 75 78
 19 40 41 58 61 74 75 76 77
 19 40 41 58 59 60 76 78
 19 40 41 58 59 60 76 77
 19 40 41 58 59 60 74 75 78
 19 40 41 58 59 60 74 75 76 77
 19 40 41 51 58 61 76
 19 40 41 51 58 61 74 75
 19 40 41 51 58 59 60 76
 19 40 41 51 58 59 60 74 75
 19 40 41 49 58 61 78
 19 40 41 49 58 61 76 77
 19 40 41 49 58 59 60 78
 19 40 41 49 58 59 60 76 77
 19 40 41 49 51 58 61
 19 40 41 49 51 58 59 60
 19 34 42 58 76 78
 19 34 42 58 76 77
 19 34 42 58 74 75 78
 19 34 42 58 74 75 76 77
 19 34 42 51 58 76
 19 34 42 51 58 74 75
 19 34 42 49 58 78
 19 34 42 49 58 76 77
 19 34 42 49 51 58
 19 34 40 41 58 76 78
 19 34 40 41 58 76 77
 19 34 40 41 58 74 75 78
 19 34 40 41 58 74 75 76 77
 19 34 40 41 51 58 76
 19 34 40 41 51 58 74 75
 19 34 40 41 49 58 78
 19 34 40 41 49 58 76 77
 19 34 40 41 49 51 58
 15 46 58 61 76 78
 15 46 58 61 76 77
 15 46 58 61 74 75 78
 15 46 58 61 74 75 76 77
 15 46 58 59 60 76 78
 15 46 58 59 60 76 77
 15 46 58 59 60 74 75 78
 15 46 58 59 60 74 75 76 77
 15 46 51 58 61 76
 15 46 51 58 61 74 75
 15 46 51 58 59 60 76
 15 46 51 58 59 60 74 75
 15 46 49 58 61 78
 15 46 49 58 61 76 77
 15 46 49 58 59 60 78
 15 46 49 58 59 60 76 77
 15 46 49 51 58 61
 15 46 49 51 58 59 60
 15 44 45 58 61 76 78
 15 44 45 58 61 76 77
 15 44 45 58 61 74 75 78
 15 44 45 58 61 74 75 76 77
 15 44 45 58 59 60 76 78
 15 44 45 58 59 60 76 77
 15 44 45 58 59 60 74 75 78
 15 44 45 58 59 60 74 75 76 77
 15 44 45 51 58 61 76
 15 44 45 51 58 61 74 75
 15 44 45 51 58 59 60 76
 15 44 45 51 58 59 60 74 75
 15 44 45 49 58 61 78
 15 44 45 49 58 61 76 77
 15 44 45 49 58 59 60 78
 15 44 45 49 58 59 60 76 77
 15 44 45 49 51 58 61
 15 44 45 49 51 58 59 60
 15 34 46 58 76 78
 15 34 46 58 76 77
 15 34 46 58 74 75 78
 15 34 46 58 74 75 76 77
 15 34 46 51 58 76
 15 34 46 51 58 74 75
 15 34 46 49 58 78
 15 34 46 49 58 76 77
 15 34 46 49 51 58
 15 34 44 45 58 76 78
 15 34 44 45 58 76 77
 15 34 44 45 58 74 75 78
 15 34 44 45 58 74 75 76 77
 15 34 44 45 51 58 76
 15 34 44 45 51 58 74 75
 15 34 44 45 49 58 78
 15 34 44 45 49 58 76 77
 15 34 44 45 49 51 58
 15 19 58 61 76 78
 15 19 58 61 76 77
 15 19 58 61 74 75 78
 15 19 58 61 74 75 76 77
 15 19 58 59 60 76 78
 15 19 58 59 60 76 77
 15 19 58 59 60 74 75 78
 15 19 58 59 60 74 75 76 77
 15 19 51 58 61 76
 15 19 51 58 61 74 75
 15 19 51 58 59 60 76
 15 19 51 58 59 60 74 75
 15 19 49 58 61 78
 15 19 49 58 61 76 77
 15 19 49 58 59 60 78
 15 19 49 58 59 60 76 77
 15 19 49 51 58 61
 15 19 49 51 58 59 60
 15 19 34 58 76 78
 15 19 34 58 76 77
 15 19 34 58 74 75 78
 15 19 34 58 74 75 76 77
 15 19 34 51 58 76
 15 19 34 51 58 74 75
 15 19 34 49 58 78
 15 19 34 49 58 76 77
 15 19 34 49 51 58
