 60
 58 60
 58 60 61
 58 59 60
 39 48 58 59 63
 39 48 58 59 63 74
 39 48 58 59 63 72 73
 39 48 58 59 61 62
 39 48 58 59 61 62 74
 39 48 58 59 61 62 72 73
 39 48 57 58 63
 39 48 57 58 63 74
 39 48 57 58 63 72 73
 39 48 57 58 61 62
 39 48 57 58 61 62 74
 39 48 57 58 61 62 72 73
 39 47 48 58 59 63
 39 47 48 58 59 61 62
 39 47 48 57 58 63
 39 47 48 57 58 61 62
 39 46 60 63 64 71 74
 39 46 60 63 64 71 72 73
 39 46 60 63 64 69 70 74
 39 46 60 63 64 69 70 72 73
 39 46 60 61 62 64 71 74
 39 46 60 61 62 64 71 72 73
 39 46 60 61 62 64 69 70 74
 39 46 60 61 62 64 69 70 72 73
 39 46 59 60 63 64 74
 39 46 59 60 63 64 72 73
 39 46 59 60 61 62 64 74
 39 46 59 60 61 62 64 72 73
 39 46 57 58 60 63 64 74
 39 46 57 58 60 63 64 72 73
 39 46 57 58 60 61 62 64 74
 39 46 57 58 60 61 62 64 72 73
 39 46 47 60 63 64 71
 39 46 47 60 63 64 69 70
 39 46 47 60 61 62 64 71
 39 46 47 60 61 62 64 69 70
 39 46 47 59 60 63 64
 39 46 47 59 60 61 62 64
 39 46 47 58 59 63 74
 39 46 47 58 59 63 72 73
 39 46 47 58 59 61 62 74
 39 46 47 58 59 61 62 72 73
 39 46 47 57 58 63 74
 39 46 47 57 58 63 72 73
 39 46 47 57 58 61 62 74
 39 46 47 57 58 61 62 72 73
 39 46 47 57 58 60 63 64
 39 46 47 57 58 60 61 62 64
 39 44 46 60 63 64 74
 39 44 46 60 63 64 72 73
 39 44 46 60 61 62 64 74
 39 44 46 60 61 62 64 72 73
 39 44 46 47 60 63 64
 39 44 46 47 60 61 62 64
 39 44 45 60 63 64 74
 39 44 45 60 63 64 72 73
 39 44 45 60 63 64 71 74
 39 44 45 60 63 64 71 72 73
 39 44 45 60 63 64 69 70 74
 39 44 45 60 63 64 69 70 72 73
 39 44 45 60 61 62 64 74
 39 44 45 60 61 62 64 72 73
 39 44 45 60 61 62 64 71 74
 39 44 45 60 61 62 64 71 72 73
 39 44 45 60 61 62 64 69 70 74
 39 44 45 60 61 62 64 69 70 72 73
 39 44 45 59 60 63 64 74
 39 44 45 59 60 63 64 72 73
 39 44 45 59 60 61 62 64 74
 39 44 45 59 60 61 62 64 72 73
 39 44 45 57 58 60 63 64 74
 39 44 45 57 58 60 63 64 72 73
 39 44 45 57 58 60 61 62 64 74
 39 44 45 57 58 60 61 62 64 72 73
 39 44 45 47 60 63 64
 39 44 45 47 60 63 64 71
 39 44 45 47 60 63 64 69 70
 39 44 45 47 60 61 62 64
 39 44 45 47 60 61 62 64 71
 39 44 45 47 60 61 62 64 69 70
 39 44 45 47 59 60 63 64
 39 44 45 47 59 60 61 62 64
 39 44 45 47 57 58 60 63 64
 39 44 45 47 57 58 60 61 62 64
 37 38 48 58 59 63
 37 38 48 58 59 63 74
 37 38 48 58 59 63 72 73
 37 38 48 58 59 61 62
 37 38 48 58 59 61 62 74
 37 38 48 58 59 61 62 72 73
 37 38 48 57 58 63
 37 38 48 57 58 63 74
 37 38 48 57 58 63 72 73
 37 38 48 57 58 61 62
 37 38 48 57 58 61 62 74
 37 38 48 57 58 61 62 72 73
 37 38 47 48 58 59 63
 37 38 47 48 58 59 61 62
 37 38 47 48 57 58 63
 37 38 47 48 57 58 61 62
 37 38 46 60 63 64 71 74
 37 38 46 60 63 64 71 72 73
 37 38 46 60 63 64 69 70 74
 37 38 46 60 63 64 69 70 72 73
 37 38 46 60 61 62 64 71 74
 37 38 46 60 61 62 64 71 72 73
 37 38 46 60 61 62 64 69 70 74
 37 38 46 60 61 62 64 69 70 72 73
 37 38 46 59 60 63 64 74
 37 38 46 59 60 63 64 72 73
 37 38 46 59 60 61 62 64 74
 37 38 46 59 60 61 62 64 72 73
 37 38 46 57 58 60 63 64 74
 37 38 46 57 58 60 63 64 72 73
 37 38 46 57 58 60 61 62 64 74
 37 38 46 57 58 60 61 62 64 72 73
 37 38 46 47 60 63 64 71
 37 38 46 47 60 63 64 69 70
 37 38 46 47 60 61 62 64 71
 37 38 46 47 60 61 62 64 69 70
 37 38 46 47 59 60 63 64
 37 38 46 47 59 60 61 62 64
 37 38 46 47 58 59 63 74
 37 38 46 47 58 59 63 72 73
 37 38 46 47 58 59 61 62 74
 37 38 46 47 58 59 61 62 72 73
 37 38 46 47 57 58 63 74
 37 38 46 47 57 58 63 72 73
 37 38 46 47 57 58 61 62 74
 37 38 46 47 57 58 61 62 72 73
 37 38 46 47 57 58 60 63 64
 37 38 46 47 57 58 60 61 62 64
 37 38 44 46 60 63 64 74
 37 38 44 46 60 63 64 72 73
 37 38 44 46 60 61 62 64 74
 37 38 44 46 60 61 62 64 72 73
 37 38 44 46 47 60 63 64
 37 38 44 46 47 60 61 62 64
 37 38 44 45 60 63 64 74
 37 38 44 45 60 63 64 72 73
 37 38 44 45 60 63 64 71 74
 37 38 44 45 60 63 64 71 72 73
 37 38 44 45 60 63 64 69 70 74
 37 38 44 45 60 63 64 69 70 72 73
 37 38 44 45 60 61 62 64 74
 37 38 44 45 60 61 62 64 72 73
 37 38 44 45 60 61 62 64 71 74
 37 38 44 45 60 61 62 64 71 72 73
 37 38 44 45 60 61 62 64 69 70 74
 37 38 44 45 60 61 62 64 69 70 72 73
 37 38 44 45 59 60 63 64 74
 37 38 44 45 59 60 63 64 72 73
 37 38 44 45 59 60 61 62 64 74
 37 38 44 45 59 60 61 62 64 72 73
 37 38 44 45 57 58 60 63 64 74
 37 38 44 45 57 58 60 63 64 72 73
 37 38 44 45 57 58 60 61 62 64 74
 37 38 44 45 57 58 60 61 62 64 72 73
 37 38 44 45 47 60 63 64
 37 38 44 45 47 60 63 64 71
 37 38 44 45 47 60 63 64 69 70
 37 38 44 45 47 60 61 62 64
 37 38 44 45 47 60 61 62 64 71
 37 38 44 45 47 60 61 62 64 69 70
 37 38 44 45 47 59 60 63 64
 37 38 44 45 47 59 60 61 62 64
 37 38 44 45 47 57 58 60 63 64
 37 38 44 45 47 57 58 60 61 62 64
 36 39 48 58 59
 36 39 48 58 59 74
 36 39 48 58 59 72 73
 36 39 48 57 58
 36 39 48 57 58 74
 36 39 48 57 58 72 73
 36 39 47 48 58 59
 36 39 47 48 57 58
 36 39 46 60 64 71 74
 36 39 46 60 64 71 72 73
 36 39 46 60 64 69 70 74
 36 39 46 60 64 69 70 72 73
 36 39 46 59 60 64 74
 36 39 46 59 60 64 72 73
 36 39 46 57 58 60 64 74
 36 39 46 57 58 60 64 72 73
 36 39 46 47 60 64 71
 36 39 46 47 60 64 69 70
 36 39 46 47 59 60 64
 36 39 46 47 58 59 74
 36 39 46 47 58 59 72 73
 36 39 46 47 57 58 74
 36 39 46 47 57 58 72 73
 36 39 46 47 57 58 60 64
 36 39 44 46 60 64 74
 36 39 44 46 60 64 72 73
 36 39 44 46 47 60 64
 36 39 44 45 60 64 74
 36 39 44 45 60 64 72 73
 36 39 44 45 60 64 71 74
 36 39 44 45 60 64 71 72 73
 36 39 44 45 60 64 69 70 74
 36 39 44 45 60 64 69 70 72 73
 36 39 44 45 59 60 64 74
 36 39 44 45 59 60 64 72 73
 36 39 44 45 57 58 60 64 74
 36 39 44 45 57 58 60 64 72 73
 36 39 44 45 47 60 64
 36 39 44 45 47 60 64 71
 36 39 44 45 47 60 64 69 70
 36 39 44 45 47 59 60 64
 36 39 44 45 47 57 58 60 64
 36 37 38 48 58 59
 36 37 38 48 58 59 74
 36 37 38 48 58 59 72 73
 36 37 38 48 57 58
 36 37 38 48 57 58 74
 36 37 38 48 57 58 72 73
 36 37 38 47 48 58 59
 36 37 38 47 48 57 58
 36 37 38 46 60 64 71 74
 36 37 38 46 60 64 71 72 73
 36 37 38 46 60 64 69 70 74
 36 37 38 46 60 64 69 70 72 73
 36 37 38 46 59 60 64 74
 36 37 38 46 59 60 64 72 73
 36 37 38 46 57 58 60 64 74
 36 37 38 46 57 58 60 64 72 73
 36 37 38 46 47 60 64 71
 36 37 38 46 47 60 64 69 70
 36 37 38 46 47 59 60 64
 36 37 38 46 47 58 59 74
 36 37 38 46 47 58 59 72 73
 36 37 38 46 47 57 58 74
 36 37 38 46 47 57 58 72 73
 36 37 38 46 47 57 58 60 64
 36 37 38 44 46 60 64 74
 36 37 38 44 46 60 64 72 73
 36 37 38 44 46 47 60 64
 36 37 38 44 45 60 64 74
 36 37 38 44 45 60 64 72 73
 36 37 38 44 45 60 64 71 74
 36 37 38 44 45 60 64 71 72 73
 36 37 38 44 45 60 64 69 70 74
 36 37 38 44 45 60 64 69 70 72 73
 36 37 38 44 45 59 60 64 74
 36 37 38 44 45 59 60 64 72 73
 36 37 38 44 45 57 58 60 64 74
 36 37 38 44 45 57 58 60 64 72 73
 36 37 38 44 45 47 60 64
 36 37 38 44 45 47 60 64 71
 36 37 38 44 45 47 60 64 69 70
 36 37 38 44 45 47 59 60 64
 36 37 38 44 45 47 57 58 60 64
 34 58 60
 32 39 48 58 63
 32 39 48 58 63 74
 32 39 48 58 63 72 73
 32 39 48 58 61 62
 32 39 48 58 61 62 74
 32 39 48 58 61 62 72 73
 32 39 47 48 58 63
 32 39 47 48 58 61 62
 32 39 46 47 58 63 74
 32 39 46 47 58 63 72 73
 32 39 46 47 58 61 62 74
 32 39 46 47 58 61 62 72 73
 32 37 38 48 58 63
 32 37 38 48 58 63 74
 32 37 38 48 58 63 72 73
 32 37 38 48 58 61 62
 32 37 38 48 58 61 62 74
 32 37 38 48 58 61 62 72 73
 32 37 38 47 48 58 63
 32 37 38 47 48 58 61 62
 32 37 38 46 47 58 63 74
 32 37 38 46 47 58 63 72 73
 32 37 38 46 47 58 61 62 74
 32 37 38 46 47 58 61 62 72 73
 32 36 39 48 58
 32 36 39 48 58 74
 32 36 39 48 58 72 73
 32 36 39 47 48 58
 32 36 39 46 47 58 74
 32 36 39 46 47 58 72 73
 32 36 37 38 48 58
 32 36 37 38 48 58 74
 32 36 37 38 48 58 72 73
 32 36 37 38 47 48 58
 32 36 37 38 46 47 58 74
 32 36 37 38 46 47 58 72 73
 25 58 60 63
 25 58 60 61 62
 25 36 58 60
 25 29 58 60 61
 25 29 58 59 60
 25 29 34 58 60
 25 27 28 58 60 61
 25 27 28 58 59 60
 25 27 28 34 58 60
 21 39 58 59 63
 21 39 58 59 63 74
 21 39 58 59 63 72 73
 21 39 58 59 61 62
 21 39 58 59 61 62 74
 21 39 58 59 61 62 72 73
 21 39 57 58 63
 21 39 57 58 63 74
 21 39 57 58 63 72 73
 21 39 57 58 61 62
 21 39 57 58 61 62 74
 21 39 57 58 61 62 72 73
 21 39 47 58 59 63
 21 39 47 58 59 61 62
 21 39 47 57 58 63
 21 39 47 57 58 61 62
 21 37 38 58 59 63
 21 37 38 58 59 63 74
 21 37 38 58 59 63 72 73
 21 37 38 58 59 61 62
 21 37 38 58 59 61 62 74
 21 37 38 58 59 61 62 72 73
 21 37 38 57 58 63
 21 37 38 57 58 63 74
 21 37 38 57 58 63 72 73
 21 37 38 57 58 61 62
 21 37 38 57 58 61 62 74
 21 37 38 57 58 61 62 72 73
 21 37 38 47 58 59 63
 21 37 38 47 58 59 61 62
 21 37 38 47 57 58 63
 21 37 38 47 57 58 61 62
 21 36 39 58 59
 21 36 39 58 59 74
 21 36 39 58 59 72 73
 21 36 39 57 58
 21 36 39 57 58 74
 21 36 39 57 58 72 73
 21 36 39 47 58 59
 21 36 39 47 57 58
 21 36 37 38 58 59
 21 36 37 38 58 59 74
 21 36 37 38 58 59 72 73
 21 36 37 38 57 58
 21 36 37 38 57 58 74
 21 36 37 38 57 58 72 73
 21 36 37 38 47 58 59
 21 36 37 38 47 57 58
 21 32 39 58 63
 21 32 39 58 63 74
 21 32 39 58 63 72 73
 21 32 39 58 61 62
 21 32 39 58 61 62 74
 21 32 39 58 61 62 72 73
 21 32 39 47 58 63
 21 32 39 47 58 61 62
 21 32 37 38 58 63
 21 32 37 38 58 63 74
 21 32 37 38 58 63 72 73
 21 32 37 38 58 61 62
 21 32 37 38 58 61 62 74
 21 32 37 38 58 61 62 72 73
 21 32 37 38 47 58 63
 21 32 37 38 47 58 61 62
 21 32 36 39 58
 21 32 36 39 58 74
 21 32 36 39 58 72 73
 21 32 36 39 47 58
 21 32 36 37 38 58
 21 32 36 37 38 58 74
 21 32 36 37 38 58 72 73
 21 32 36 37 38 47 58
 19 39 60 63 64 71 74
 19 39 60 63 64 71 72 73
 19 39 60 63 64 69 70 74
 19 39 60 63 64 69 70 72 73
 19 39 60 61 62 64 71 74
 19 39 60 61 62 64 71 72 73
 19 39 60 61 62 64 69 70 74
 19 39 60 61 62 64 69 70 72 73
 19 39 59 60 63 64 74
 19 39 59 60 63 64 72 73
 19 39 59 60 61 62 64 74
 19 39 59 60 61 62 64 72 73
 19 39 57 58 60 63 64 74
 19 39 57 58 60 63 64 72 73
 19 39 57 58 60 61 62 64 74
 19 39 57 58 60 61 62 64 72 73
 19 39 47 60 63 64 71
 19 39 47 60 63 64 69 70
 19 39 47 60 61 62 64 71
 19 39 47 60 61 62 64 69 70
 19 39 47 59 60 63 64
 19 39 47 59 60 61 62 64
 19 39 47 57 58 60 63 64
 19 39 47 57 58 60 61 62 64
 19 39 44 60 63 64 74
 19 39 44 60 63 64 72 73
 19 39 44 60 61 62 64 74
 19 39 44 60 61 62 64 72 73
 19 39 44 47 60 63 64
 19 39 44 47 60 61 62 64
 19 37 38 60 63 64 71 74
 19 37 38 60 63 64 71 72 73
 19 37 38 60 63 64 69 70 74
 19 37 38 60 63 64 69 70 72 73
 19 37 38 60 61 62 64 71 74
 19 37 38 60 61 62 64 71 72 73
 19 37 38 60 61 62 64 69 70 74
 19 37 38 60 61 62 64 69 70 72 73
 19 37 38 59 60 63 64 74
 19 37 38 59 60 63 64 72 73
 19 37 38 59 60 61 62 64 74
 19 37 38 59 60 61 62 64 72 73
 19 37 38 57 58 60 63 64 74
 19 37 38 57 58 60 63 64 72 73
 19 37 38 57 58 60 61 62 64 74
 19 37 38 57 58 60 61 62 64 72 73
 19 37 38 47 60 63 64 71
 19 37 38 47 60 63 64 69 70
 19 37 38 47 60 61 62 64 71
 19 37 38 47 60 61 62 64 69 70
 19 37 38 47 59 60 63 64
 19 37 38 47 59 60 61 62 64
 19 37 38 47 57 58 60 63 64
 19 37 38 47 57 58 60 61 62 64
 19 37 38 44 60 63 64 74
 19 37 38 44 60 63 64 72 73
 19 37 38 44 60 61 62 64 74
 19 37 38 44 60 61 62 64 72 73
 19 37 38 44 47 60 63 64
 19 37 38 44 47 60 61 62 64
 19 36 39 60 64 71 74
 19 36 39 60 64 71 72 73
 19 36 39 60 64 69 70 74
 19 36 39 60 64 69 70 72 73
 19 36 39 59 60 64 74
 19 36 39 59 60 64 72 73
 19 36 39 57 58 60 64 74
 19 36 39 57 58 60 64 72 73
 19 36 39 47 60 64 71
 19 36 39 47 60 64 69 70
 19 36 39 47 59 60 64
 19 36 39 47 57 58 60 64
 19 36 39 44 60 64 74
 19 36 39 44 60 64 72 73
 19 36 39 44 47 60 64
 19 36 37 38 60 64 71 74
 19 36 37 38 60 64 71 72 73
 19 36 37 38 60 64 69 70 74
 19 36 37 38 60 64 69 70 72 73
 19 36 37 38 59 60 64 74
 19 36 37 38 59 60 64 72 73
 19 36 37 38 57 58 60 64 74
 19 36 37 38 57 58 60 64 72 73
 19 36 37 38 47 60 64 71
 19 36 37 38 47 60 64 69 70
 19 36 37 38 47 59 60 64
 19 36 37 38 47 57 58 60 64
 19 36 37 38 44 60 64 74
 19 36 37 38 44 60 64 72 73
 19 36 37 38 44 47 60 64
 12 48 58 59 63
 12 48 58 59 63 74
 12 48 58 59 63 72 73
 12 48 58 59 61 62
 12 48 58 59 61 62 74
 12 48 58 59 61 62 72 73
 12 48 57 58 63
 12 48 57 58 63 74
 12 48 57 58 63 72 73
 12 48 57 58 61 62
 12 48 57 58 61 62 74
 12 48 57 58 61 62 72 73
 12 47 48 58 59 63
 12 47 48 58 59 61 62
 12 47 48 57 58 63
 12 47 48 57 58 61 62
 12 46 60 63 64 71 74
 12 46 60 63 64 71 72 73
 12 46 60 63 64 69 70 74
 12 46 60 63 64 69 70 72 73
 12 46 60 61 62 64 71 74
 12 46 60 61 62 64 71 72 73
 12 46 60 61 62 64 69 70 74
 12 46 60 61 62 64 69 70 72 73
 12 46 59 60 63 64 74
 12 46 59 60 63 64 72 73
 12 46 59 60 61 62 64 74
 12 46 59 60 61 62 64 72 73
 12 46 57 58 60 63 64 74
 12 46 57 58 60 63 64 72 73
 12 46 57 58 60 61 62 64 74
 12 46 57 58 60 61 62 64 72 73
 12 46 47 60 63 64 71
 12 46 47 60 63 64 69 70
 12 46 47 60 61 62 64 71
 12 46 47 60 61 62 64 69 70
 12 46 47 59 60 63 64
 12 46 47 59 60 61 62 64
 12 46 47 58 59 63 74
 12 46 47 58 59 63 72 73
 12 46 47 58 59 61 62 74
 12 46 47 58 59 61 62 72 73
 12 46 47 57 58 63 74
 12 46 47 57 58 63 72 73
 12 46 47 57 58 61 62 74
 12 46 47 57 58 61 62 72 73
 12 46 47 57 58 60 63 64
 12 46 47 57 58 60 61 62 64
 12 44 46 60 63 64 74
 12 44 46 60 63 64 72 73
 12 44 46 60 61 62 64 74
 12 44 46 60 61 62 64 72 73
 12 44 46 47 60 63 64
 12 44 46 47 60 61 62 64
 12 44 45 60 63 64 74
 12 44 45 60 63 64 72 73
 12 44 45 60 63 64 71 74
 12 44 45 60 63 64 71 72 73
 12 44 45 60 63 64 69 70 74
 12 44 45 60 63 64 69 70 72 73
 12 44 45 60 61 62 64 74
 12 44 45 60 61 62 64 72 73
 12 44 45 60 61 62 64 71 74
 12 44 45 60 61 62 64 71 72 73
 12 44 45 60 61 62 64 69 70 74
 12 44 45 60 61 62 64 69 70 72 73
 12 44 45 59 60 63 64 74
 12 44 45 59 60 63 64 72 73
 12 44 45 59 60 61 62 64 74
 12 44 45 59 60 61 62 64 72 73
 12 44 45 57 58 60 63 64 74
 12 44 45 57 58 60 63 64 72 73
 12 44 45 57 58 60 61 62 64 74
 12 44 45 57 58 60 61 62 64 72 73
 12 44 45 47 60 63 64
 12 44 45 47 60 63 64 71
 12 44 45 47 60 63 64 69 70
 12 44 45 47 60 61 62 64
 12 44 45 47 60 61 62 64 71
 12 44 45 47 60 61 62 64 69 70
 12 44 45 47 59 60 63 64
 12 44 45 47 59 60 61 62 64
 12 44 45 47 57 58 60 63 64
 12 44 45 47 57 58 60 61 62 64
 12 36 48 58 59
 12 36 48 58 59 74
 12 36 48 58 59 72 73
 12 36 48 57 58
 12 36 48 57 58 74
 12 36 48 57 58 72 73
 12 36 47 48 58 59
 12 36 47 48 57 58
 12 36 46 60 64 71 74
 12 36 46 60 64 71 72 73
 12 36 46 60 64 69 70 74
 12 36 46 60 64 69 70 72 73
 12 36 46 59 60 64 74
 12 36 46 59 60 64 72 73
 12 36 46 57 58 60 64 74
 12 36 46 57 58 60 64 72 73
 12 36 46 47 60 64 71
 12 36 46 47 60 64 69 70
 12 36 46 47 59 60 64
 12 36 46 47 58 59 74
 12 36 46 47 58 59 72 73
 12 36 46 47 57 58 74
 12 36 46 47 57 58 72 73
 12 36 46 47 57 58 60 64
 12 36 44 46 60 64 74
 12 36 44 46 60 64 72 73
 12 36 44 46 47 60 64
 12 36 44 45 60 64 74
 12 36 44 45 60 64 72 73
 12 36 44 45 60 64 71 74
 12 36 44 45 60 64 71 72 73
 12 36 44 45 60 64 69 70 74
 12 36 44 45 60 64 69 70 72 73
 12 36 44 45 59 60 64 74
 12 36 44 45 59 60 64 72 73
 12 36 44 45 57 58 60 64 74
 12 36 44 45 57 58 60 64 72 73
 12 36 44 45 47 60 64
 12 36 44 45 47 60 64 71
 12 36 44 45 47 60 64 69 70
 12 36 44 45 47 59 60 64
 12 36 44 45 47 57 58 60 64
 12 32 48 58 63
 12 32 48 58 63 74
 12 32 48 58 63 72 73
 12 32 48 58 61 62
 12 32 48 58 61 62 74
 12 32 48 58 61 62 72 73
 12 32 47 48 58 63
 12 32 47 48 58 61 62
 12 32 46 47 58 63 74
 12 32 46 47 58 63 72 73
 12 32 46 47 58 61 62 74
 12 32 46 47 58 61 62 72 73
 12 32 36 48 58
 12 32 36 48 58 74
 12 32 36 48 58 72 73
 12 32 36 47 48 58
 12 32 36 46 47 58 74
 12 32 36 46 47 58 72 73
 12 21 58 59 63
 12 21 58 59 63 74
 12 21 58 59 63 72 73
 12 21 58 59 61 62
 12 21 58 59 61 62 74
 12 21 58 59 61 62 72 73
 12 21 57 58 63
 12 21 57 58 63 74
 12 21 57 58 63 72 73
 12 21 57 58 61 62
 12 21 57 58 61 62 74
 12 21 57 58 61 62 72 73
 12 21 47 58 59 63
 12 21 47 58 59 61 62
 12 21 47 57 58 63
 12 21 47 57 58 61 62
 12 21 36 58 59
 12 21 36 58 59 74
 12 21 36 58 59 72 73
 12 21 36 57 58
 12 21 36 57 58 74
 12 21 36 57 58 72 73
 12 21 36 47 58 59
 12 21 36 47 57 58
 12 21 32 58 63
 12 21 32 58 63 74
 12 21 32 58 63 72 73
 12 21 32 58 61 62
 12 21 32 58 61 62 74
 12 21 32 58 61 62 72 73
 12 21 32 47 58 63
 12 21 32 47 58 61 62
 12 21 32 36 58
 12 21 32 36 58 74
 12 21 32 36 58 72 73
 12 21 32 36 47 58
 12 19 60 63 64 71 74
 12 19 60 63 64 71 72 73
 12 19 60 63 64 69 70 74
 12 19 60 63 64 69 70 72 73
 12 19 60 61 62 64 71 74
 12 19 60 61 62 64 71 72 73
 12 19 60 61 62 64 69 70 74
 12 19 60 61 62 64 69 70 72 73
 12 19 59 60 63 64 74
 12 19 59 60 63 64 72 73
 12 19 59 60 61 62 64 74
 12 19 59 60 61 62 64 72 73
 12 19 57 58 60 63 64 74
 12 19 57 58 60 63 64 72 73
 12 19 57 58 60 61 62 64 74
 12 19 57 58 60 61 62 64 72 73
 12 19 47 60 63 64 71
 12 19 47 60 63 64 69 70
 12 19 47 60 61 62 64 71
 12 19 47 60 61 62 64 69 70
 12 19 47 59 60 63 64
 12 19 47 59 60 61 62 64
 12 19 47 57 58 60 63 64
 12 19 47 57 58 60 61 62 64
 12 19 44 60 63 64 74
 12 19 44 60 63 64 72 73
 12 19 44 60 61 62 64 74
 12 19 44 60 61 62 64 72 73
 12 19 44 47 60 63 64
 12 19 44 47 60 61 62 64
 12 19 36 60 64 71 74
 12 19 36 60 64 71 72 73
 12 19 36 60 64 69 70 74
 12 19 36 60 64 69 70 72 73
 12 19 36 59 60 64 74
 12 19 36 59 60 64 72 73
 12 19 36 57 58 60 64 74
 12 19 36 57 58 60 64 72 73
 12 19 36 47 60 64 71
 12 19 36 47 60 64 69 70
 12 19 36 47 59 60 64
 12 19 36 47 57 58 60 64
 12 19 36 44 60 64 74
 12 19 36 44 60 64 72 73
 12 19 36 44 47 60 64
 2 25 58 60 61
 2 25 58 59 60
 2 25 34 58 60
