 58 60 62 63 74
 58 60 62 63 72 73
 58 60 61 62 74
 58 60 61 62 72 73
 58 59 60 63 74
 58 59 60 63 72 73
 58 59 60 61 62 74
 58 59 60 61 62 72 73
 57 58 60 63 74
 57 58 60 63 72 73
 57 58 60 61 62 74
 57 58 60 61 62 72 73
 47 58 60 62 63
 47 58 60 61 62
 47 58 59 60 63
 47 58 59 60 61 62
 47 57 58 60 63
 47 57 58 60 61 62
 46 58 60 61 68
 46 58 60 61 63 74
 46 58 60 61 63 72 73
 46 58 60 61 62 74
 46 58 60 61 62 72 73
 46 58 59 60 68
 46 58 59 60 63 74
 46 58 59 60 63 72 73
 46 58 59 60 61 62 74
 46 58 59 60 61 62 72 73
 46 55 63 74
 46 55 63 72 73
 46 55 61 62 74
 46 55 61 62 72 73
 46 55 59 63
 46 55 59 61 63
 46 55 59 60 63
 46 55 59 60 61 62
 46 55 57 58 63
 46 55 57 58 61 63
 46 55 57 58 59 60 63
 46 55 57 58 59 60 61 62
 46 55 56 63 74
 46 55 56 63 72 73
 46 55 56 61 62 74
 46 55 56 61 62 72 73
 46 55 56 59 63
 46 55 56 59 61 63
 46 55 56 59 60 63
 46 55 56 59 60 61 62
 46 55 56 57 58 63
 46 55 56 57 58 61 63
 46 55 56 57 58 59 60 63
 46 55 56 57 58 59 60 61 62
 46 47 58 60 61 63
 46 47 58 60 61 62
 46 47 58 59 60 63
 46 47 58 59 60 61 62
 46 47 55 63
 46 47 55 61 62
 46 47 55 56 63
 46 47 55 56 61 62
 44 45 58 60 61 68
 44 45 58 60 61 63 74
 44 45 58 60 61 63 72 73
 44 45 58 60 61 62 74
 44 45 58 60 61 62 72 73
 44 45 58 59 60 68
 44 45 58 59 60 63 74
 44 45 58 59 60 63 72 73
 44 45 58 59 60 61 62 74
 44 45 58 59 60 61 62 72 73
 44 45 55 63 74
 44 45 55 63 72 73
 44 45 55 61 62 74
 44 45 55 61 62 72 73
 44 45 55 59 63
 44 45 55 59 61 63
 44 45 55 59 60 63
 44 45 55 59 60 61 62
 44 45 55 57 58 63
 44 45 55 57 58 61 63
 44 45 55 57 58 59 60 63
 44 45 55 57 58 59 60 61 62
 44 45 55 56 63 74
 44 45 55 56 63 72 73
 44 45 55 56 61 62 74
 44 45 55 56 61 62 72 73
 44 45 55 56 59 63
 44 45 55 56 59 61 63
 44 45 55 56 59 60 63
 44 45 55 56 59 60 61 62
 44 45 55 56 57 58 63
 44 45 55 56 57 58 61 63
 44 45 55 56 57 58 59 60 63
 44 45 55 56 57 58 59 60 61 62
 44 45 47 58 60 61 63
 44 45 47 58 60 61 62
 44 45 47 58 59 60 63
 44 45 47 58 59 60 61 62
 44 45 47 55 63
 44 45 47 55 61 62
 44 45 47 55 56 63
 44 45 47 55 56 61 62
 43 60 61 68
 43 59 60 68
 42 60 61 68
 42 59 60 68
 39 40 42 60 61 68
 39 40 42 59 60 68
 39 40 41 60 61 68
 39 40 41 59 60 68
 36 58 60 62 74
 36 58 60 62 72 73
 36 58 59 60 74
 36 58 59 60 72 73
 36 57 58 60 74
 36 57 58 60 72 73
 36 47 58 60 62
 36 47 58 59 60
 36 47 57 58 60
 36 46 58 60 61 74
 36 46 58 60 61 72 73
 36 46 58 59 60 74
 36 46 58 59 60 72 73
 36 46 55 74
 36 46 55 72 73
 36 46 55 59
 36 46 55 59 61
 36 46 55 59 60
 36 46 55 57 58
 36 46 55 57 58 61
 36 46 55 57 58 59 60
 36 46 55 56 74
 36 46 55 56 72 73
 36 46 55 56 59
 36 46 55 56 59 61
 36 46 55 56 59 60
 36 46 55 56 57 58
 36 46 55 56 57 58 61
 36 46 55 56 57 58 59 60
 36 46 47 58 60 61
 36 46 47 58 59 60
 36 46 47 55
 36 46 47 55 56
 36 44 45 58 60 61 74
 36 44 45 58 60 61 72 73
 36 44 45 58 59 60 74
 36 44 45 58 59 60 72 73
 36 44 45 55 74
 36 44 45 55 72 73
 36 44 45 55 59
 36 44 45 55 59 61
 36 44 45 55 59 60
 36 44 45 55 57 58
 36 44 45 55 57 58 61
 36 44 45 55 57 58 59 60
 36 44 45 55 56 74
 36 44 45 55 56 72 73
 36 44 45 55 56 59
 36 44 45 55 56 59 61
 36 44 45 55 56 59 60
 36 44 45 55 56 57 58
 36 44 45 55 56 57 58 61
 36 44 45 55 56 57 58 59 60
 36 44 45 47 58 60 61
 36 44 45 47 58 59 60
 36 44 45 47 55
 36 44 45 47 55 56
 35 44 46 60 61
 35 44 46 60 61 68
 35 44 46 59 60
 35 44 46 59 60 68
 35 44 45 60 61
 35 44 45 60 61 68
 35 44 45 59 60
 35 44 45 59 60 68
 35 42 43 46 60 61
 35 42 43 46 60 61 68
 35 42 43 46 59 60
 35 42 43 46 59 60 68
 35 42 43 44 45 60 61
 35 42 43 44 45 60 61 68
 35 42 43 44 45 59 60
 35 42 43 44 45 59 60 68
 34 46 58 60 68
 34 46 58 60 63 74
 34 46 58 60 63 72 73
 34 46 58 60 61 62 74
 34 46 58 60 61 62 72 73
 34 46 55 59 63
 34 46 55 59 61 62
 34 46 55 57 58 63
 34 46 55 57 58 61 62
 34 46 55 56 59 63
 34 46 55 56 59 61 62
 34 46 55 56 57 58 63
 34 46 55 56 57 58 61 62
 34 46 47 58 60 63
 34 46 47 58 60 61 62
 34 44 45 58 60 68
 34 44 45 58 60 63 74
 34 44 45 58 60 63 72 73
 34 44 45 58 60 61 62 74
 34 44 45 58 60 61 62 72 73
 34 44 45 55 59 63
 34 44 45 55 59 61 62
 34 44 45 55 57 58 63
 34 44 45 55 57 58 61 62
 34 44 45 55 56 59 63
 34 44 45 55 56 59 61 62
 34 44 45 55 56 57 58 63
 34 44 45 55 56 57 58 61 62
 34 44 45 47 58 60 63
 34 44 45 47 58 60 61 62
 34 43 60 68
 34 42 60 68
 34 39 40 42 60 68
 34 39 40 41 60 68
 34 36 46 58 60 74
 34 36 46 58 60 72 73
 34 36 46 55 59
 34 36 46 55 57 58
 34 36 46 55 56 59
 34 36 46 55 56 57 58
 34 36 46 47 58 60
 34 36 44 45 58 60 74
 34 36 44 45 58 60 72 73
 34 36 44 45 55 59
 34 36 44 45 55 57 58
 34 36 44 45 55 56 59
 34 36 44 45 55 56 57 58
 34 36 44 45 47 58 60
 34 35 44 46 60
 34 35 44 46 60 68
 34 35 44 45 60
 34 35 44 45 60 68
 34 35 42 43 46 60
 34 35 42 43 46 60 68
 34 35 42 43 44 45 60
 34 35 42 43 44 45 60 68
 33 34 44 46 60
 33 34 44 46 60 68
 33 34 44 46 60 61
 33 34 44 46 60 61 68
 33 34 44 46 59 60
 33 34 44 46 59 60 68
 33 34 44 45 60
 33 34 44 45 60 68
 33 34 44 45 60 61
 33 34 44 45 60 61 68
 33 34 44 45 59 60
 33 34 44 45 59 60 68
 33 34 42 43 46 60
 33 34 42 43 46 60 68
 33 34 42 43 46 60 61
 33 34 42 43 46 60 61 68
 33 34 42 43 46 59 60
 33 34 42 43 46 59 60 68
 33 34 42 43 44 45 60
 33 34 42 43 44 45 60 68
 33 34 42 43 44 45 60 61
 33 34 42 43 44 45 60 61 68
 33 34 42 43 44 45 59 60
 33 34 42 43 44 45 59 60 68
 32 58 60 63 74
 32 58 60 63 72 73
 32 58 60 61 62 74
 32 58 60 61 62 72 73
 32 47 58 60 63
 32 47 58 60 61 62
 32 46 55 63
 32 46 55 61 63
 32 46 55 59 60 63
 32 46 55 59 60 61 62
 32 46 55 56 63
 32 46 55 56 61 63
 32 46 55 56 59 60 63
 32 46 55 56 59 60 61 62
 32 44 45 55 63
 32 44 45 55 61 63
 32 44 45 55 59 60 63
 32 44 45 55 59 60 61 62
 32 44 45 55 56 63
 32 44 45 55 56 61 63
 32 44 45 55 56 59 60 63
 32 44 45 55 56 59 60 61 62
 32 36 58 60 74
 32 36 58 60 72 73
 32 36 47 58 60
 32 36 46 55
 32 36 46 55 61
 32 36 46 55 59 60
 32 36 46 55 56
 32 36 46 55 56 61
 32 36 46 55 56 59 60
 32 36 44 45 55
 32 36 44 45 55 61
 32 36 44 45 55 59 60
 32 36 44 45 55 56
 32 36 44 45 55 56 61
 32 36 44 45 55 56 59 60
 32 34 46 55 63
 32 34 46 55 61 62
 32 34 46 55 56 63
 32 34 46 55 56 61 62
 32 34 44 45 55 63
 32 34 44 45 55 61 62
 32 34 44 45 55 56 63
 32 34 44 45 55 56 61 62
 32 34 36 46 55
 32 34 36 46 55 56
 32 34 36 44 45 55
 32 34 36 44 45 55 56
 29 58 60 62 63 74
 29 58 60 62 63 72 73
 29 58 60 61 62 74
 29 58 60 61 62 72 73
 29 58 59 60 63 74
 29 58 59 60 63 72 73
 29 58 59 60 61 62 74
 29 58 59 60 61 62 72 73
 29 57 58 60 63 74
 29 57 58 60 63 72 73
 29 57 58 60 61 62 74
 29 57 58 60 61 62 72 73
 29 47 58 60 62 63
 29 47 58 60 61 62
 29 47 58 59 60 63
 29 47 58 59 60 61 62
 29 47 57 58 60 63
 29 47 57 58 60 61 62
 29 46 58 60 61 63 74
 29 46 58 60 61 63 72 73
 29 46 58 60 61 62 74
 29 46 58 60 61 62 72 73
 29 46 58 59 60 63 74
 29 46 58 59 60 63 72 73
 29 46 58 59 60 61 62 74
 29 46 58 59 60 61 62 72 73
 29 46 47 58 60 61 63
 29 46 47 58 60 61 62
 29 46 47 58 59 60 63
 29 46 47 58 59 60 61 62
 29 44 45 58 60 61 63 74
 29 44 45 58 60 61 63 72 73
 29 44 45 58 60 61 62 74
 29 44 45 58 60 61 62 72 73
 29 44 45 58 59 60 63 74
 29 44 45 58 59 60 63 72 73
 29 44 45 58 59 60 61 62 74
 29 44 45 58 59 60 61 62 72 73
 29 44 45 47 58 60 61 63
 29 44 45 47 58 60 61 62
 29 44 45 47 58 59 60 63
 29 44 45 47 58 59 60 61 62
 29 36 58 60 62 74
 29 36 58 60 62 72 73
 29 36 58 59 60 74
 29 36 58 59 60 72 73
 29 36 57 58 60 74
 29 36 57 58 60 72 73
 29 36 47 58 60 62
 29 36 47 58 59 60
 29 36 47 57 58 60
 29 36 46 58 60 61 74
 29 36 46 58 60 61 72 73
 29 36 46 58 59 60 74
 29 36 46 58 59 60 72 73
 29 36 46 47 58 60 61
 29 36 46 47 58 59 60
 29 36 44 45 58 60 61 74
 29 36 44 45 58 60 61 72 73
 29 36 44 45 58 59 60 74
 29 36 44 45 58 59 60 72 73
 29 36 44 45 47 58 60 61
 29 36 44 45 47 58 59 60
 29 34 46 58 60 63 74
 29 34 46 58 60 63 72 73
 29 34 46 58 60 61 62 74
 29 34 46 58 60 61 62 72 73
 29 34 46 47 58 60 63
 29 34 46 47 58 60 61 62
 29 34 44 45 58 60 63 74
 29 34 44 45 58 60 63 72 73
 29 34 44 45 58 60 61 62 74
 29 34 44 45 58 60 61 62 72 73
 29 34 44 45 47 58 60 63
 29 34 44 45 47 58 60 61 62
 29 34 36 46 58 60 74
 29 34 36 46 58 60 72 73
 29 34 36 46 47 58 60
 29 34 36 44 45 58 60 74
 29 34 36 44 45 58 60 72 73
 29 34 36 44 45 47 58 60
 29 32 58 60 63 74
 29 32 58 60 63 72 73
 29 32 58 60 61 62 74
 29 32 58 60 61 62 72 73
 29 32 47 58 60 63
 29 32 47 58 60 61 62
 29 32 36 58 60 74
 29 32 36 58 60 72 73
 29 32 36 47 58 60
 28 60 61 68
 28 59 60 68
 28 34 60 68
 27 46 55 63 74
 27 46 55 63 72 73
 27 46 55 61 62 74
 27 46 55 61 62 72 73
 27 46 55 59 63
 27 46 55 59 61 63
 27 46 55 59 60 63
 27 46 55 59 60 61 62
 27 46 55 57 58 63
 27 46 55 57 58 61 63
 27 46 55 57 58 59 60 63
 27 46 55 57 58 59 60 61 62
 27 46 55 56 63 74
 27 46 55 56 63 72 73
 27 46 55 56 61 62 74
 27 46 55 56 61 62 72 73
 27 46 55 56 59 63
 27 46 55 56 59 61 63
 27 46 55 56 59 60 63
 27 46 55 56 59 60 61 62
 27 46 55 56 57 58 63
 27 46 55 56 57 58 61 63
 27 46 55 56 57 58 59 60 63
 27 46 55 56 57 58 59 60 61 62
 27 46 47 55 63
 27 46 47 55 61 62
 27 46 47 55 56 63
 27 46 47 55 56 61 62
 27 44 45 55 63 74
 27 44 45 55 63 72 73
 27 44 45 55 61 62 74
 27 44 45 55 61 62 72 73
 27 44 45 55 59 63
 27 44 45 55 59 61 63
 27 44 45 55 59 60 63
 27 44 45 55 59 60 61 62
 27 44 45 55 57 58 63
 27 44 45 55 57 58 61 63
 27 44 45 55 57 58 59 60 63
 27 44 45 55 57 58 59 60 61 62
 27 44 45 55 56 63 74
 27 44 45 55 56 63 72 73
 27 44 45 55 56 61 62 74
 27 44 45 55 56 61 62 72 73
 27 44 45 55 56 59 63
 27 44 45 55 56 59 61 63
 27 44 45 55 56 59 60 63
 27 44 45 55 56 59 60 61 62
 27 44 45 55 56 57 58 63
 27 44 45 55 56 57 58 61 63
 27 44 45 55 56 57 58 59 60 63
 27 44 45 55 56 57 58 59 60 61 62
 27 44 45 47 55 63
 27 44 45 47 55 61 62
 27 44 45 47 55 56 63
 27 44 45 47 55 56 61 62
 27 36 46 55 74
 27 36 46 55 72 73
 27 36 46 55 59
 27 36 46 55 59 61
 27 36 46 55 59 60
 27 36 46 55 57 58
 27 36 46 55 57 58 61
 27 36 46 55 57 58 59 60
 27 36 46 55 56 74
 27 36 46 55 56 72 73
 27 36 46 55 56 59
 27 36 46 55 56 59 61
 27 36 46 55 56 59 60
 27 36 46 55 56 57 58
 27 36 46 55 56 57 58 61
 27 36 46 55 56 57 58 59 60
 27 36 46 47 55
 27 36 46 47 55 56
 27 36 44 45 55 74
 27 36 44 45 55 72 73
 27 36 44 45 55 59
 27 36 44 45 55 59 61
 27 36 44 45 55 59 60
 27 36 44 45 55 57 58
 27 36 44 45 55 57 58 61
 27 36 44 45 55 57 58 59 60
 27 36 44 45 55 56 74
 27 36 44 45 55 56 72 73
 27 36 44 45 55 56 59
 27 36 44 45 55 56 59 61
 27 36 44 45 55 56 59 60
 27 36 44 45 55 56 57 58
 27 36 44 45 55 56 57 58 61
 27 36 44 45 55 56 57 58 59 60
 27 36 44 45 47 55
 27 36 44 45 47 55 56
 27 34 46 55 59 63
 27 34 46 55 59 61 62
 27 34 46 55 57 58 63
 27 34 46 55 57 58 61 62
 27 34 46 55 56 59 63
 27 34 46 55 56 59 61 62
 27 34 46 55 56 57 58 63
 27 34 46 55 56 57 58 61 62
 27 34 44 45 55 59 63
 27 34 44 45 55 59 61 62
 27 34 44 45 55 57 58 63
 27 34 44 45 55 57 58 61 62
 27 34 44 45 55 56 59 63
 27 34 44 45 55 56 59 61 62
 27 34 44 45 55 56 57 58 63
 27 34 44 45 55 56 57 58 61 62
 27 34 36 46 55 59
 27 34 36 46 55 57 58
 27 34 36 46 55 56 59
 27 34 36 46 55 56 57 58
 27 34 36 44 45 55 59
 27 34 36 44 45 55 57 58
 27 34 36 44 45 55 56 59
 27 34 36 44 45 55 56 57 58
 27 32 46 55 63
 27 32 46 55 61 63
 27 32 46 55 59 60 63
 27 32 46 55 59 60 61 62
 27 32 46 55 56 63
 27 32 46 55 56 61 63
 27 32 46 55 56 59 60 63
 27 32 46 55 56 59 60 61 62
 27 32 44 45 55 63
 27 32 44 45 55 61 63
 27 32 44 45 55 59 60 63
 27 32 44 45 55 59 60 61 62
 27 32 44 45 55 56 63
 27 32 44 45 55 56 61 63
 27 32 44 45 55 56 59 60 63
 27 32 44 45 55 56 59 60 61 62
 27 32 36 46 55
 27 32 36 46 55 61
 27 32 36 46 55 59 60
 27 32 36 46 55 56
 27 32 36 46 55 56 61
 27 32 36 46 55 56 59 60
 27 32 36 44 45 55
 27 32 36 44 45 55 61
 27 32 36 44 45 55 59 60
 27 32 36 44 45 55 56
 27 32 36 44 45 55 56 61
 27 32 36 44 45 55 56 59 60
 27 32 34 46 55 63
 27 32 34 46 55 61 62
 27 32 34 46 55 56 63
 27 32 34 46 55 56 61 62
 27 32 34 44 45 55 63
 27 32 34 44 45 55 61 62
 27 32 34 44 45 55 56 63
 27 32 34 44 45 55 56 61 62
 27 32 34 36 46 55
 27 32 34 36 46 55 56
 27 32 34 36 44 45 55
 27 32 34 36 44 45 55 56
 27 28 58 60 62 63 74
 27 28 58 60 62 63 72 73
 27 28 58 60 61 62 74
 27 28 58 60 61 62 72 73
 27 28 58 59 60 63 74
 27 28 58 59 60 63 72 73
 27 28 58 59 60 61 62 74
 27 28 58 59 60 61 62 72 73
 27 28 57 58 60 63 74
 27 28 57 58 60 63 72 73
 27 28 57 58 60 61 62 74
 27 28 57 58 60 61 62 72 73
 27 28 47 58 60 62 63
 27 28 47 58 60 61 62
 27 28 47 58 59 60 63
 27 28 47 58 59 60 61 62
 27 28 47 57 58 60 63
 27 28 47 57 58 60 61 62
 27 28 46 58 60 61 63 74
 27 28 46 58 60 61 63 72 73
 27 28 46 58 60 61 62 74
 27 28 46 58 60 61 62 72 73
 27 28 46 58 59 60 63 74
 27 28 46 58 59 60 63 72 73
 27 28 46 58 59 60 61 62 74
 27 28 46 58 59 60 61 62 72 73
 27 28 46 47 58 60 61 63
 27 28 46 47 58 60 61 62
 27 28 46 47 58 59 60 63
 27 28 46 47 58 59 60 61 62
 27 28 44 45 58 60 61 63 74
 27 28 44 45 58 60 61 63 72 73
 27 28 44 45 58 60 61 62 74
 27 28 44 45 58 60 61 62 72 73
 27 28 44 45 58 59 60 63 74
 27 28 44 45 58 59 60 63 72 73
 27 28 44 45 58 59 60 61 62 74
 27 28 44 45 58 59 60 61 62 72 73
 27 28 44 45 47 58 60 61 63
 27 28 44 45 47 58 60 61 62
 27 28 44 45 47 58 59 60 63
 27 28 44 45 47 58 59 60 61 62
 27 28 36 58 60 62 74
 27 28 36 58 60 62 72 73
 27 28 36 58 59 60 74
 27 28 36 58 59 60 72 73
 27 28 36 57 58 60 74
 27 28 36 57 58 60 72 73
 27 28 36 47 58 60 62
 27 28 36 47 58 59 60
 27 28 36 47 57 58 60
 27 28 36 46 58 60 61 74
 27 28 36 46 58 60 61 72 73
 27 28 36 46 58 59 60 74
 27 28 36 46 58 59 60 72 73
 27 28 36 46 47 58 60 61
 27 28 36 46 47 58 59 60
 27 28 36 44 45 58 60 61 74
 27 28 36 44 45 58 60 61 72 73
 27 28 36 44 45 58 59 60 74
 27 28 36 44 45 58 59 60 72 73
 27 28 36 44 45 47 58 60 61
 27 28 36 44 45 47 58 59 60
 27 28 34 46 58 60 63 74
 27 28 34 46 58 60 63 72 73
 27 28 34 46 58 60 61 62 74
 27 28 34 46 58 60 61 62 72 73
 27 28 34 46 47 58 60 63
 27 28 34 46 47 58 60 61 62
 27 28 34 44 45 58 60 63 74
 27 28 34 44 45 58 60 63 72 73
 27 28 34 44 45 58 60 61 62 74
 27 28 34 44 45 58 60 61 62 72 73
 27 28 34 44 45 47 58 60 63
 27 28 34 44 45 47 58 60 61 62
 27 28 34 36 46 58 60 74
 27 28 34 36 46 58 60 72 73
 27 28 34 36 46 47 58 60
 27 28 34 36 44 45 58 60 74
 27 28 34 36 44 45 58 60 72 73
 27 28 34 36 44 45 47 58 60
 27 28 32 58 60 63 74
 27 28 32 58 60 63 72 73
 27 28 32 58 60 61 62 74
 27 28 32 58 60 61 62 72 73
 27 28 32 47 58 60 63
 27 28 32 47 58 60 61 62
 27 28 32 36 58 60 74
 27 28 32 36 58 60 72 73
 27 28 32 36 47 58 60
 26 46 58 60 61
 26 46 58 59 60
 26 44 45 58 60 61
 26 44 45 58 59 60
 26 43 60 61
 26 43 59 60
 26 42 60 61
 26 42 59 60
 26 39 40 42 60 61
 26 39 40 42 59 60
 26 39 40 41 60 61
 26 39 40 41 59 60
 26 35 44 46 60 61
 26 35 44 46 59 60
 26 35 44 45 60 61
 26 35 44 45 59 60
 26 35 42 43 46 60 61
 26 35 42 43 46 59 60
 26 35 42 43 44 45 60 61
 26 35 42 43 44 45 59 60
 26 34 46 58 60
 26 34 44 45 58 60
 26 34 43 60
 26 34 42 60
 26 34 39 40 42 60
 26 34 39 40 41 60
 26 34 35 44 46 60
 26 34 35 44 45 60
 26 34 35 42 43 46 60
 26 34 35 42 43 44 45 60
 26 33 34 44 46 60
 26 33 34 44 46 60 61
 26 33 34 44 46 59 60
 26 33 34 44 45 60
 26 33 34 44 45 60 61
 26 33 34 44 45 59 60
 26 33 34 42 43 46 60
 26 33 34 42 43 46 60 61
 26 33 34 42 43 46 59 60
 26 33 34 42 43 44 45 60
 26 33 34 42 43 44 45 60 61
 26 33 34 42 43 44 45 59 60
 26 28 60 61
 26 28 59 60
 26 28 34 60
 26 27 60 61
 26 27 60 61 68
 26 27 59 60
 26 27 59 60 68
 26 27 34 60
 26 27 34 60 68
 25 26 46 55 63 74
 25 26 46 55 63 72 73
 25 26 46 55 61 62 74
 25 26 46 55 61 62 72 73
 25 26 46 55 59 63
 25 26 46 55 59 61 63
 25 26 46 55 59 60 63
 25 26 46 55 59 60 61 62
 25 26 46 55 57 58 63
 25 26 46 55 57 58 61 63
 25 26 46 55 57 58 59 60 63
 25 26 46 55 57 58 59 60 61 62
 25 26 46 55 56 63 74
 25 26 46 55 56 63 72 73
 25 26 46 55 56 61 62 74
 25 26 46 55 56 61 62 72 73
 25 26 46 55 56 59 63
 25 26 46 55 56 59 61 63
 25 26 46 55 56 59 60 63
 25 26 46 55 56 59 60 61 62
 25 26 46 55 56 57 58 63
 25 26 46 55 56 57 58 61 63
 25 26 46 55 56 57 58 59 60 63
 25 26 46 55 56 57 58 59 60 61 62
 25 26 46 47 55 63
 25 26 46 47 55 61 62
 25 26 46 47 55 56 63
 25 26 46 47 55 56 61 62
 25 26 44 45 55 63 74
 25 26 44 45 55 63 72 73
 25 26 44 45 55 61 62 74
 25 26 44 45 55 61 62 72 73
 25 26 44 45 55 59 63
 25 26 44 45 55 59 61 63
 25 26 44 45 55 59 60 63
 25 26 44 45 55 59 60 61 62
 25 26 44 45 55 57 58 63
 25 26 44 45 55 57 58 61 63
 25 26 44 45 55 57 58 59 60 63
 25 26 44 45 55 57 58 59 60 61 62
 25 26 44 45 55 56 63 74
 25 26 44 45 55 56 63 72 73
 25 26 44 45 55 56 61 62 74
 25 26 44 45 55 56 61 62 72 73
 25 26 44 45 55 56 59 63
 25 26 44 45 55 56 59 61 63
 25 26 44 45 55 56 59 60 63
 25 26 44 45 55 56 59 60 61 62
 25 26 44 45 55 56 57 58 63
 25 26 44 45 55 56 57 58 61 63
 25 26 44 45 55 56 57 58 59 60 63
 25 26 44 45 55 56 57 58 59 60 61 62
 25 26 44 45 47 55 63
 25 26 44 45 47 55 61 62
 25 26 44 45 47 55 56 63
 25 26 44 45 47 55 56 61 62
 25 26 36 46 55 74
 25 26 36 46 55 72 73
 25 26 36 46 55 59
 25 26 36 46 55 59 61
 25 26 36 46 55 59 60
 25 26 36 46 55 57 58
 25 26 36 46 55 57 58 61
 25 26 36 46 55 57 58 59 60
 25 26 36 46 55 56 74
 25 26 36 46 55 56 72 73
 25 26 36 46 55 56 59
 25 26 36 46 55 56 59 61
 25 26 36 46 55 56 59 60
 25 26 36 46 55 56 57 58
 25 26 36 46 55 56 57 58 61
 25 26 36 46 55 56 57 58 59 60
 25 26 36 46 47 55
 25 26 36 46 47 55 56
 25 26 36 44 45 55 74
 25 26 36 44 45 55 72 73
 25 26 36 44 45 55 59
 25 26 36 44 45 55 59 61
 25 26 36 44 45 55 59 60
 25 26 36 44 45 55 57 58
 25 26 36 44 45 55 57 58 61
 25 26 36 44 45 55 57 58 59 60
 25 26 36 44 45 55 56 74
 25 26 36 44 45 55 56 72 73
 25 26 36 44 45 55 56 59
 25 26 36 44 45 55 56 59 61
 25 26 36 44 45 55 56 59 60
 25 26 36 44 45 55 56 57 58
 25 26 36 44 45 55 56 57 58 61
 25 26 36 44 45 55 56 57 58 59 60
 25 26 36 44 45 47 55
 25 26 36 44 45 47 55 56
 25 26 34 46 55 59 63
 25 26 34 46 55 59 61 62
 25 26 34 46 55 57 58 63
 25 26 34 46 55 57 58 61 62
 25 26 34 46 55 56 59 63
 25 26 34 46 55 56 59 61 62
 25 26 34 46 55 56 57 58 63
 25 26 34 46 55 56 57 58 61 62
 25 26 34 44 45 55 59 63
 25 26 34 44 45 55 59 61 62
 25 26 34 44 45 55 57 58 63
 25 26 34 44 45 55 57 58 61 62
 25 26 34 44 45 55 56 59 63
 25 26 34 44 45 55 56 59 61 62
 25 26 34 44 45 55 56 57 58 63
 25 26 34 44 45 55 56 57 58 61 62
 25 26 34 36 46 55 59
 25 26 34 36 46 55 57 58
 25 26 34 36 46 55 56 59
 25 26 34 36 46 55 56 57 58
 25 26 34 36 44 45 55 59
 25 26 34 36 44 45 55 57 58
 25 26 34 36 44 45 55 56 59
 25 26 34 36 44 45 55 56 57 58
 25 26 32 46 55 63
 25 26 32 46 55 61 63
 25 26 32 46 55 59 60 63
 25 26 32 46 55 59 60 61 62
 25 26 32 46 55 56 63
 25 26 32 46 55 56 61 63
 25 26 32 46 55 56 59 60 63
 25 26 32 46 55 56 59 60 61 62
 25 26 32 44 45 55 63
 25 26 32 44 45 55 61 63
 25 26 32 44 45 55 59 60 63
 25 26 32 44 45 55 59 60 61 62
 25 26 32 44 45 55 56 63
 25 26 32 44 45 55 56 61 63
 25 26 32 44 45 55 56 59 60 63
 25 26 32 44 45 55 56 59 60 61 62
 25 26 32 36 46 55
 25 26 32 36 46 55 61
 25 26 32 36 46 55 59 60
 25 26 32 36 46 55 56
 25 26 32 36 46 55 56 61
 25 26 32 36 46 55 56 59 60
 25 26 32 36 44 45 55
 25 26 32 36 44 45 55 61
 25 26 32 36 44 45 55 59 60
 25 26 32 36 44 45 55 56
 25 26 32 36 44 45 55 56 61
 25 26 32 36 44 45 55 56 59 60
 25 26 32 34 46 55 63
 25 26 32 34 46 55 61 62
 25 26 32 34 46 55 56 63
 25 26 32 34 46 55 56 61 62
 25 26 32 34 44 45 55 63
 25 26 32 34 44 45 55 61 62
 25 26 32 34 44 45 55 56 63
 25 26 32 34 44 45 55 56 61 62
 25 26 32 34 36 46 55
 25 26 32 34 36 46 55 56
 25 26 32 34 36 44 45 55
 25 26 32 34 36 44 45 55 56
 24 25 46 58 60 61
 24 25 46 58 59 60
 24 25 44 45 58 60 61
 24 25 44 45 58 59 60
 24 25 43 60 61
 24 25 43 59 60
 24 25 42 60 61
 24 25 42 59 60
 24 25 39 40 42 60 61
 24 25 39 40 42 59 60
 24 25 39 40 41 60 61
 24 25 39 40 41 59 60
 24 25 35 44 46 60 61
 24 25 35 44 46 59 60
 24 25 35 44 45 60 61
 24 25 35 44 45 59 60
 24 25 35 42 43 46 60 61
 24 25 35 42 43 46 59 60
 24 25 35 42 43 44 45 60 61
 24 25 35 42 43 44 45 59 60
 24 25 34 46 58 60
 24 25 34 44 45 58 60
 24 25 34 43 60
 24 25 34 42 60
 24 25 34 39 40 42 60
 24 25 34 39 40 41 60
 24 25 34 35 44 46 60
 24 25 34 35 44 45 60
 24 25 34 35 42 43 46 60
 24 25 34 35 42 43 44 45 60
 24 25 33 34 44 46 60
 24 25 33 34 44 46 60 61
 24 25 33 34 44 46 59 60
 24 25 33 34 44 45 60
 24 25 33 34 44 45 60 61
 24 25 33 34 44 45 59 60
 24 25 33 34 42 43 46 60
 24 25 33 34 42 43 46 60 61
 24 25 33 34 42 43 46 59 60
 24 25 33 34 42 43 44 45 60
 24 25 33 34 42 43 44 45 60 61
 24 25 33 34 42 43 44 45 59 60
 24 25 28 60 61
 24 25 28 59 60
 24 25 28 34 60
 24 25 26 27 60 61
 24 25 26 27 59 60
 24 25 26 27 34 60
 19 58 60 61 68
 19 58 60 61 63 74
 19 58 60 61 63 72 73
 19 58 60 61 62 74
 19 58 60 61 62 72 73
 19 58 59 60 68
 19 58 59 60 63 74
 19 58 59 60 63 72 73
 19 58 59 60 61 62 74
 19 58 59 60 61 62 72 73
 19 55 63 74
 19 55 63 72 73
 19 55 61 62 74
 19 55 61 62 72 73
 19 55 59 63
 19 55 59 61 63
 19 55 59 60 63
 19 55 59 60 61 62
 19 55 57 58 63
 19 55 57 58 61 63
 19 55 57 58 59 60 63
 19 55 57 58 59 60 61 62
 19 55 56 63 74
 19 55 56 63 72 73
 19 55 56 61 62 74
 19 55 56 61 62 72 73
 19 55 56 59 63
 19 55 56 59 61 63
 19 55 56 59 60 63
 19 55 56 59 60 61 62
 19 55 56 57 58 63
 19 55 56 57 58 61 63
 19 55 56 57 58 59 60 63
 19 55 56 57 58 59 60 61 62
 19 47 58 60 61 63
 19 47 58 60 61 62
 19 47 58 59 60 63
 19 47 58 59 60 61 62
 19 47 55 63
 19 47 55 61 62
 19 47 55 56 63
 19 47 55 56 61 62
 19 36 58 60 61 74
 19 36 58 60 61 72 73
 19 36 58 59 60 74
 19 36 58 59 60 72 73
 19 36 55 74
 19 36 55 72 73
 19 36 55 59
 19 36 55 59 61
 19 36 55 59 60
 19 36 55 57 58
 19 36 55 57 58 61
 19 36 55 57 58 59 60
 19 36 55 56 74
 19 36 55 56 72 73
 19 36 55 56 59
 19 36 55 56 59 61
 19 36 55 56 59 60
 19 36 55 56 57 58
 19 36 55 56 57 58 61
 19 36 55 56 57 58 59 60
 19 36 47 58 60 61
 19 36 47 58 59 60
 19 36 47 55
 19 36 47 55 56
 19 35 44 60 61
 19 35 44 60 61 68
 19 35 44 59 60
 19 35 44 59 60 68
 19 35 42 43 60 61
 19 35 42 43 60 61 68
 19 35 42 43 59 60
 19 35 42 43 59 60 68
 19 34 58 60 68
 19 34 58 60 63 74
 19 34 58 60 63 72 73
 19 34 58 60 61 62 74
 19 34 58 60 61 62 72 73
 19 34 55 59 63
 19 34 55 59 61 62
 19 34 55 57 58 63
 19 34 55 57 58 61 62
 19 34 55 56 59 63
 19 34 55 56 59 61 62
 19 34 55 56 57 58 63
 19 34 55 56 57 58 61 62
 19 34 47 58 60 63
 19 34 47 58 60 61 62
 19 34 36 58 60 74
 19 34 36 58 60 72 73
 19 34 36 55 59
 19 34 36 55 57 58
 19 34 36 55 56 59
 19 34 36 55 56 57 58
 19 34 36 47 58 60
 19 34 35 44 60
 19 34 35 44 60 68
 19 34 35 42 43 60
 19 34 35 42 43 60 68
 19 33 34 44 60
 19 33 34 44 60 68
 19 33 34 44 60 61
 19 33 34 44 60 61 68
 19 33 34 44 59 60
 19 33 34 44 59 60 68
 19 33 34 42 43 60
 19 33 34 42 43 60 68
 19 33 34 42 43 60 61
 19 33 34 42 43 60 61 68
 19 33 34 42 43 59 60
 19 33 34 42 43 59 60 68
 19 32 55 63
 19 32 55 61 63
 19 32 55 59 60 63
 19 32 55 59 60 61 62
 19 32 55 56 63
 19 32 55 56 61 63
 19 32 55 56 59 60 63
 19 32 55 56 59 60 61 62
 19 32 36 55
 19 32 36 55 61
 19 32 36 55 59 60
 19 32 36 55 56
 19 32 36 55 56 61
 19 32 36 55 56 59 60
 19 32 34 55 63
 19 32 34 55 61 62
 19 32 34 55 56 63
 19 32 34 55 56 61 62
 19 32 34 36 55
 19 32 34 36 55 56
 19 29 58 60 61 63 74
 19 29 58 60 61 63 72 73
 19 29 58 60 61 62 74
 19 29 58 60 61 62 72 73
 19 29 58 59 60 63 74
 19 29 58 59 60 63 72 73
 19 29 58 59 60 61 62 74
 19 29 58 59 60 61 62 72 73
 19 29 47 58 60 61 63
 19 29 47 58 60 61 62
 19 29 47 58 59 60 63
 19 29 47 58 59 60 61 62
 19 29 36 58 60 61 74
 19 29 36 58 60 61 72 73
 19 29 36 58 59 60 74
 19 29 36 58 59 60 72 73
 19 29 36 47 58 60 61
 19 29 36 47 58 59 60
 19 29 34 58 60 63 74
 19 29 34 58 60 63 72 73
 19 29 34 58 60 61 62 74
 19 29 34 58 60 61 62 72 73
 19 29 34 47 58 60 63
 19 29 34 47 58 60 61 62
 19 29 34 36 58 60 74
 19 29 34 36 58 60 72 73
 19 29 34 36 47 58 60
 19 27 55 63 74
 19 27 55 63 72 73
 19 27 55 61 62 74
 19 27 55 61 62 72 73
 19 27 55 59 63
 19 27 55 59 61 63
 19 27 55 59 60 63
 19 27 55 59 60 61 62
 19 27 55 57 58 63
 19 27 55 57 58 61 63
 19 27 55 57 58 59 60 63
 19 27 55 57 58 59 60 61 62
 19 27 55 56 63 74
 19 27 55 56 63 72 73
 19 27 55 56 61 62 74
 19 27 55 56 61 62 72 73
 19 27 55 56 59 63
 19 27 55 56 59 61 63
 19 27 55 56 59 60 63
 19 27 55 56 59 60 61 62
 19 27 55 56 57 58 63
 19 27 55 56 57 58 61 63
 19 27 55 56 57 58 59 60 63
 19 27 55 56 57 58 59 60 61 62
 19 27 47 55 63
 19 27 47 55 61 62
 19 27 47 55 56 63
 19 27 47 55 56 61 62
 19 27 36 55 74
 19 27 36 55 72 73
 19 27 36 55 59
 19 27 36 55 59 61
 19 27 36 55 59 60
 19 27 36 55 57 58
 19 27 36 55 57 58 61
 19 27 36 55 57 58 59 60
 19 27 36 55 56 74
 19 27 36 55 56 72 73
 19 27 36 55 56 59
 19 27 36 55 56 59 61
 19 27 36 55 56 59 60
 19 27 36 55 56 57 58
 19 27 36 55 56 57 58 61
 19 27 36 55 56 57 58 59 60
 19 27 36 47 55
 19 27 36 47 55 56
 19 27 34 55 59 63
 19 27 34 55 59 61 62
 19 27 34 55 57 58 63
 19 27 34 55 57 58 61 62
 19 27 34 55 56 59 63
 19 27 34 55 56 59 61 62
 19 27 34 55 56 57 58 63
 19 27 34 55 56 57 58 61 62
 19 27 34 36 55 59
 19 27 34 36 55 57 58
 19 27 34 36 55 56 59
 19 27 34 36 55 56 57 58
 19 27 32 55 63
 19 27 32 55 61 63
 19 27 32 55 59 60 63
 19 27 32 55 59 60 61 62
 19 27 32 55 56 63
 19 27 32 55 56 61 63
 19 27 32 55 56 59 60 63
 19 27 32 55 56 59 60 61 62
 19 27 32 36 55
 19 27 32 36 55 61
 19 27 32 36 55 59 60
 19 27 32 36 55 56
 19 27 32 36 55 56 61
 19 27 32 36 55 56 59 60
 19 27 32 34 55 63
 19 27 32 34 55 61 62
 19 27 32 34 55 56 63
 19 27 32 34 55 56 61 62
 19 27 32 34 36 55
 19 27 32 34 36 55 56
 19 27 28 58 60 61 63 74
 19 27 28 58 60 61 63 72 73
 19 27 28 58 60 61 62 74
 19 27 28 58 60 61 62 72 73
 19 27 28 58 59 60 63 74
 19 27 28 58 59 60 63 72 73
 19 27 28 58 59 60 61 62 74
 19 27 28 58 59 60 61 62 72 73
 19 27 28 47 58 60 61 63
 19 27 28 47 58 60 61 62
 19 27 28 47 58 59 60 63
 19 27 28 47 58 59 60 61 62
 19 27 28 36 58 60 61 74
 19 27 28 36 58 60 61 72 73
 19 27 28 36 58 59 60 74
 19 27 28 36 58 59 60 72 73
 19 27 28 36 47 58 60 61
 19 27 28 36 47 58 59 60
 19 27 28 34 58 60 63 74
 19 27 28 34 58 60 63 72 73
 19 27 28 34 58 60 61 62 74
 19 27 28 34 58 60 61 62 72 73
 19 27 28 34 47 58 60 63
 19 27 28 34 47 58 60 61 62
 19 27 28 34 36 58 60 74
 19 27 28 34 36 58 60 72 73
 19 27 28 34 36 47 58 60
 19 26 58 60 61
 19 26 58 59 60
 19 26 35 44 60 61
 19 26 35 44 59 60
 19 26 35 42 43 60 61
 19 26 35 42 43 59 60
 19 26 34 58 60
 19 26 34 35 44 60
 19 26 34 35 42 43 60
 19 26 33 34 44 60
 19 26 33 34 44 60 61
 19 26 33 34 44 59 60
 19 26 33 34 42 43 60
 19 26 33 34 42 43 60 61
 19 26 33 34 42 43 59 60
 19 25 26 55 63 74
 19 25 26 55 63 72 73
 19 25 26 55 61 62 74
 19 25 26 55 61 62 72 73
 19 25 26 55 59 63
 19 25 26 55 59 61 63
 19 25 26 55 59 60 63
 19 25 26 55 59 60 61 62
 19 25 26 55 57 58 63
 19 25 26 55 57 58 61 63
 19 25 26 55 57 58 59 60 63
 19 25 26 55 57 58 59 60 61 62
 19 25 26 55 56 63 74
 19 25 26 55 56 63 72 73
 19 25 26 55 56 61 62 74
 19 25 26 55 56 61 62 72 73
 19 25 26 55 56 59 63
 19 25 26 55 56 59 61 63
 19 25 26 55 56 59 60 63
 19 25 26 55 56 59 60 61 62
 19 25 26 55 56 57 58 63
 19 25 26 55 56 57 58 61 63
 19 25 26 55 56 57 58 59 60 63
 19 25 26 55 56 57 58 59 60 61 62
 19 25 26 47 55 63
 19 25 26 47 55 61 62
 19 25 26 47 55 56 63
 19 25 26 47 55 56 61 62
 19 25 26 36 55 74
 19 25 26 36 55 72 73
 19 25 26 36 55 59
 19 25 26 36 55 59 61
 19 25 26 36 55 59 60
 19 25 26 36 55 57 58
 19 25 26 36 55 57 58 61
 19 25 26 36 55 57 58 59 60
 19 25 26 36 55 56 74
 19 25 26 36 55 56 72 73
 19 25 26 36 55 56 59
 19 25 26 36 55 56 59 61
 19 25 26 36 55 56 59 60
 19 25 26 36 55 56 57 58
 19 25 26 36 55 56 57 58 61
 19 25 26 36 55 56 57 58 59 60
 19 25 26 36 47 55
 19 25 26 36 47 55 56
 19 25 26 34 55 59 63
 19 25 26 34 55 59 61 62
 19 25 26 34 55 57 58 63
 19 25 26 34 55 57 58 61 62
 19 25 26 34 55 56 59 63
 19 25 26 34 55 56 59 61 62
 19 25 26 34 55 56 57 58 63
 19 25 26 34 55 56 57 58 61 62
 19 25 26 34 36 55 59
 19 25 26 34 36 55 57 58
 19 25 26 34 36 55 56 59
 19 25 26 34 36 55 56 57 58
 19 25 26 32 55 63
 19 25 26 32 55 61 63
 19 25 26 32 55 59 60 63
 19 25 26 32 55 59 60 61 62
 19 25 26 32 55 56 63
 19 25 26 32 55 56 61 63
 19 25 26 32 55 56 59 60 63
 19 25 26 32 55 56 59 60 61 62
 19 25 26 32 36 55
 19 25 26 32 36 55 61
 19 25 26 32 36 55 59 60
 19 25 26 32 36 55 56
 19 25 26 32 36 55 56 61
 19 25 26 32 36 55 56 59 60
 19 25 26 32 34 55 63
 19 25 26 32 34 55 61 62
 19 25 26 32 34 55 56 63
 19 25 26 32 34 55 56 61 62
 19 25 26 32 34 36 55
 19 25 26 32 34 36 55 56
 19 24 25 58 60 61
 19 24 25 58 59 60
 19 24 25 35 44 60 61
 19 24 25 35 44 59 60
 19 24 25 35 42 43 60 61
 19 24 25 35 42 43 59 60
 19 24 25 34 58 60
 19 24 25 34 35 44 60
 19 24 25 34 35 42 43 60
 19 24 25 33 34 44 60
 19 24 25 33 34 44 60 61
 19 24 25 33 34 44 59 60
 19 24 25 33 34 42 43 60
 19 24 25 33 34 42 43 60 61
 19 24 25 33 34 42 43 59 60
 18 43 60 61 68
 18 43 59 60 68
 18 42 60 61 68
 18 42 59 60 68
 18 39 40 42 60 61 68
 18 39 40 42 59 60 68
 18 39 40 41 60 61 68
 18 39 40 41 59 60 68
 18 34 43 60 68
 18 34 42 60 68
 18 34 39 40 42 60 68
 18 34 39 40 41 60 68
 18 28 60 61 68
 18 28 59 60 68
 18 28 34 60 68
 18 26 43 60 61
 18 26 43 59 60
 18 26 42 60 61
 18 26 42 59 60
 18 26 39 40 42 60 61
 18 26 39 40 42 59 60
 18 26 39 40 41 60 61
 18 26 39 40 41 59 60
 18 26 34 43 60
 18 26 34 42 60
 18 26 34 39 40 42 60
 18 26 34 39 40 41 60
 18 26 28 60 61
 18 26 28 59 60
 18 26 28 34 60
 18 26 27 60 61
 18 26 27 60 61 68
 18 26 27 59 60
 18 26 27 59 60 68
 18 26 27 34 60
 18 26 27 34 60 68
 18 24 25 43 60 61
 18 24 25 43 59 60
 18 24 25 42 60 61
 18 24 25 42 59 60
 18 24 25 39 40 42 60 61
 18 24 25 39 40 42 59 60
 18 24 25 39 40 41 60 61
 18 24 25 39 40 41 59 60
 18 24 25 34 43 60
 18 24 25 34 42 60
 18 24 25 34 39 40 42 60
 18 24 25 34 39 40 41 60
 18 24 25 28 60 61
 18 24 25 28 59 60
 18 24 25 28 34 60
 18 24 25 26 27 60 61
 18 24 25 26 27 59 60
 18 24 25 26 27 34 60
 17 35 46 60 61
 17 35 46 60 61 68
 17 35 46 59 60
 17 35 46 59 60 68
 17 35 44 45 60 61
 17 35 44 45 60 61 68
 17 35 44 45 59 60
 17 35 44 45 59 60 68
 17 34 35 46 60
 17 34 35 46 60 68
 17 34 35 44 45 60
 17 34 35 44 45 60 68
 17 33 34 46 60
 17 33 34 46 60 68
 17 33 34 46 60 61
 17 33 34 46 60 61 68
 17 33 34 46 59 60
 17 33 34 46 59 60 68
 17 33 34 44 45 60
 17 33 34 44 45 60 68
 17 33 34 44 45 60 61
 17 33 34 44 45 60 61 68
 17 33 34 44 45 59 60
 17 33 34 44 45 59 60 68
 17 26 35 46 60 61
 17 26 35 46 59 60
 17 26 35 44 45 60 61
 17 26 35 44 45 59 60
 17 26 34 35 46 60
 17 26 34 35 44 45 60
 17 26 33 34 46 60
 17 26 33 34 46 60 61
 17 26 33 34 46 59 60
 17 26 33 34 44 45 60
 17 26 33 34 44 45 60 61
 17 26 33 34 44 45 59 60
 17 24 25 35 46 60 61
 17 24 25 35 46 59 60
 17 24 25 35 44 45 60 61
 17 24 25 35 44 45 59 60
 17 24 25 34 35 46 60
 17 24 25 34 35 44 45 60
 17 24 25 33 34 46 60
 17 24 25 33 34 46 60 61
 17 24 25 33 34 46 59 60
 17 24 25 33 34 44 45 60
 17 24 25 33 34 44 45 60 61
 17 24 25 33 34 44 45 59 60
 17 19 35 60 61
 17 19 35 60 61 68
 17 19 35 59 60
 17 19 35 59 60 68
 17 19 34 35 60
 17 19 34 35 60 68
 17 19 33 34 60
 17 19 33 34 60 68
 17 19 33 34 60 61
 17 19 33 34 60 61 68
 17 19 33 34 59 60
 17 19 33 34 59 60 68
 17 19 26 35 60 61
 17 19 26 35 59 60
 17 19 26 34 35 60
 17 19 26 33 34 60
 17 19 26 33 34 60 61
 17 19 26 33 34 59 60
 17 19 24 25 35 60 61
 17 19 24 25 35 59 60
 17 19 24 25 34 35 60
 17 19 24 25 33 34 60
 17 19 24 25 33 34 60 61
 17 19 24 25 33 34 59 60
 16 60 61 68
 16 59 60 68
 16 34 60 68
 16 26 60 61
 16 26 59 60
 16 26 34 60
 16 24 25 60 61
 16 24 25 59 60
 16 24 25 34 60
 16 18 60 61 68
 16 18 59 60 68
 16 18 34 60 68
 16 18 26 60 61
 16 18 26 59 60
 16 18 26 34 60
 16 18 24 25 60 61
 16 18 24 25 59 60
 16 18 24 25 34 60
 16 17 60 61 68
 16 17 59 60 68
 16 17 43 60 61 68
 16 17 43 59 60 68
 16 17 42 60 61 68
 16 17 42 59 60 68
 16 17 39 40 42 60 61 68
 16 17 39 40 42 59 60 68
 16 17 39 40 41 60 61 68
 16 17 39 40 41 59 60 68
 16 17 34 60 68
 16 17 34 43 60 68
 16 17 34 42 60 68
 16 17 34 39 40 42 60 68
 16 17 34 39 40 41 60 68
 16 17 28 60 61 68
 16 17 28 59 60 68
 16 17 28 34 60 68
 16 17 26 60 61
 16 17 26 59 60
 16 17 26 43 60 61
 16 17 26 43 59 60
 16 17 26 42 60 61
 16 17 26 42 59 60
 16 17 26 39 40 42 60 61
 16 17 26 39 40 42 59 60
 16 17 26 39 40 41 60 61
 16 17 26 39 40 41 59 60
 16 17 26 34 60
 16 17 26 34 43 60
 16 17 26 34 42 60
 16 17 26 34 39 40 42 60
 16 17 26 34 39 40 41 60
 16 17 26 28 60 61
 16 17 26 28 59 60
 16 17 26 28 34 60
 16 17 26 27 60 61
 16 17 26 27 60 61 68
 16 17 26 27 59 60
 16 17 26 27 59 60 68
 16 17 26 27 34 60
 16 17 26 27 34 60 68
 16 17 24 25 60 61
 16 17 24 25 59 60
 16 17 24 25 43 60 61
 16 17 24 25 43 59 60
 16 17 24 25 42 60 61
 16 17 24 25 42 59 60
 16 17 24 25 39 40 42 60 61
 16 17 24 25 39 40 42 59 60
 16 17 24 25 39 40 41 60 61
 16 17 24 25 39 40 41 59 60
 16 17 24 25 34 60
 16 17 24 25 34 43 60
 16 17 24 25 34 42 60
 16 17 24 25 34 39 40 42 60
 16 17 24 25 34 39 40 41 60
 16 17 24 25 28 60 61
 16 17 24 25 28 59 60
 16 17 24 25 28 34 60
 16 17 24 25 26 27 60 61
 16 17 24 25 26 27 59 60
 16 17 24 25 26 27 34 60
 15 60 61 68
 15 59 60 68
 15 41 60 61 68
 15 41 59 60 68
 15 39 40 60 61 68
 15 39 40 59 60 68
 15 34 60 68
 15 34 41 60 68
 15 34 39 40 60 68
 15 26 60 61
 15 26 59 60
 15 26 41 60 61
 15 26 41 59 60
 15 26 39 40 60 61
 15 26 39 40 59 60
 15 26 34 60
 15 26 34 41 60
 15 26 34 39 40 60
 15 24 25 60 61
 15 24 25 59 60
 15 24 25 41 60 61
 15 24 25 41 59 60
 15 24 25 39 40 60 61
 15 24 25 39 40 59 60
 15 24 25 34 60
 15 24 25 34 41 60
 15 24 25 34 39 40 60
 15 18 60 61 68
 15 18 59 60 68
 15 18 41 60 61 68
 15 18 41 59 60 68
 15 18 39 40 60 61 68
 15 18 39 40 59 60 68
 15 18 34 60 68
 15 18 34 41 60 68
 15 18 34 39 40 60 68
 15 18 26 60 61
 15 18 26 59 60
 15 18 26 41 60 61
 15 18 26 41 59 60
 15 18 26 39 40 60 61
 15 18 26 39 40 59 60
 15 18 26 34 60
 15 18 26 34 41 60
 15 18 26 34 39 40 60
 15 18 24 25 60 61
 15 18 24 25 59 60
 15 18 24 25 41 60 61
 15 18 24 25 41 59 60
 15 18 24 25 39 40 60 61
 15 18 24 25 39 40 59 60
 15 18 24 25 34 60
 15 18 24 25 34 41 60
 15 18 24 25 34 39 40 60
 15 16 17 60 61 68
 15 16 17 59 60 68
 15 16 17 41 60 61 68
 15 16 17 41 59 60 68
 15 16 17 39 40 60 61 68
 15 16 17 39 40 59 60 68
 15 16 17 34 60 68
 15 16 17 34 41 60 68
 15 16 17 34 39 40 60 68
 15 16 17 26 60 61
 15 16 17 26 59 60
 15 16 17 26 41 60 61
 15 16 17 26 41 59 60
 15 16 17 26 39 40 60 61
 15 16 17 26 39 40 59 60
 15 16 17 26 34 60
 15 16 17 26 34 41 60
 15 16 17 26 34 39 40 60
 15 16 17 24 25 60 61
 15 16 17 24 25 59 60
 15 16 17 24 25 41 60 61
 15 16 17 24 25 41 59 60
 15 16 17 24 25 39 40 60 61
 15 16 17 24 25 39 40 59 60
 15 16 17 24 25 34 60
 15 16 17 24 25 34 41 60
 15 16 17 24 25 34 39 40 60
 14 42 60 61 68
 14 42 59 60 68
 14 40 41 60 61 68
 14 40 41 59 60 68
 14 34 42 60 68
 14 34 40 41 60 68
 14 26 42 60 61
 14 26 42 59 60
 14 26 40 41 60 61
 14 26 40 41 59 60
 14 26 34 42 60
 14 26 34 40 41 60
 14 24 25 42 60 61
 14 24 25 42 59 60
 14 24 25 40 41 60 61
 14 24 25 40 41 59 60
 14 24 25 34 42 60
 14 24 25 34 40 41 60
 14 18 42 60 61 68
 14 18 42 59 60 68
 14 18 40 41 60 61 68
 14 18 40 41 59 60 68
 14 18 34 42 60 68
 14 18 34 40 41 60 68
 14 18 26 42 60 61
 14 18 26 42 59 60
 14 18 26 40 41 60 61
 14 18 26 40 41 59 60
 14 18 26 34 42 60
 14 18 26 34 40 41 60
 14 18 24 25 42 60 61
 14 18 24 25 42 59 60
 14 18 24 25 40 41 60 61
 14 18 24 25 40 41 59 60
 14 18 24 25 34 42 60
 14 18 24 25 34 40 41 60
 14 16 17 42 60 61 68
 14 16 17 42 59 60 68
 14 16 17 40 41 60 61 68
 14 16 17 40 41 59 60 68
 14 16 17 34 42 60 68
 14 16 17 34 40 41 60 68
 14 16 17 26 42 60 61
 14 16 17 26 42 59 60
 14 16 17 26 40 41 60 61
 14 16 17 26 40 41 59 60
 14 16 17 26 34 42 60
 14 16 17 26 34 40 41 60
 14 16 17 24 25 42 60 61
 14 16 17 24 25 42 59 60
 14 16 17 24 25 40 41 60 61
 14 16 17 24 25 40 41 59 60
 14 16 17 24 25 34 42 60
 14 16 17 24 25 34 40 41 60
 14 15 60 61 68
 14 15 59 60 68
 14 15 34 60 68
 14 15 26 60 61
 14 15 26 59 60
 14 15 26 34 60
 14 15 24 25 60 61
 14 15 24 25 59 60
 14 15 24 25 34 60
 14 15 18 60 61 68
 14 15 18 59 60 68
 14 15 18 34 60 68
 14 15 18 26 60 61
 14 15 18 26 59 60
 14 15 18 26 34 60
 14 15 18 24 25 60 61
 14 15 18 24 25 59 60
 14 15 18 24 25 34 60
 14 15 16 17 60 61 68
 14 15 16 17 59 60 68
 14 15 16 17 34 60 68
 14 15 16 17 26 60 61
 14 15 16 17 26 59 60
 14 15 16 17 26 34 60
 14 15 16 17 24 25 60 61
 14 15 16 17 24 25 59 60
 14 15 16 17 24 25 34 60
 8 44 46 60 61
 8 44 46 60 61 68
 8 44 46 59 60
 8 44 46 59 60 68
 8 44 45 60 61
 8 44 45 60 61 68
 8 44 45 59 60
 8 44 45 59 60 68
 8 42 43 46 60 61
 8 42 43 46 60 61 68
 8 42 43 46 59 60
 8 42 43 46 59 60 68
 8 42 43 44 45 60 61
 8 42 43 44 45 60 61 68
 8 42 43 44 45 59 60
 8 42 43 44 45 59 60 68
 8 34 44 46 60
 8 34 44 46 60 68
 8 34 44 45 60
 8 34 44 45 60 68
 8 34 42 43 46 60
 8 34 42 43 46 60 68
 8 34 42 43 44 45 60
 8 34 42 43 44 45 60 68
 8 26 44 46 60 61
 8 26 44 46 59 60
 8 26 44 45 60 61
 8 26 44 45 59 60
 8 26 42 43 46 60 61
 8 26 42 43 46 59 60
 8 26 42 43 44 45 60 61
 8 26 42 43 44 45 59 60
 8 26 34 44 46 60
 8 26 34 44 45 60
 8 26 34 42 43 46 60
 8 26 34 42 43 44 45 60
 8 24 25 44 46 60 61
 8 24 25 44 46 59 60
 8 24 25 44 45 60 61
 8 24 25 44 45 59 60
 8 24 25 42 43 46 60 61
 8 24 25 42 43 46 59 60
 8 24 25 42 43 44 45 60 61
 8 24 25 42 43 44 45 59 60
 8 24 25 34 44 46 60
 8 24 25 34 44 45 60
 8 24 25 34 42 43 46 60
 8 24 25 34 42 43 44 45 60
 8 19 44 60 61
 8 19 44 60 61 68
 8 19 44 59 60
 8 19 44 59 60 68
 8 19 42 43 60 61
 8 19 42 43 60 61 68
 8 19 42 43 59 60
 8 19 42 43 59 60 68
 8 19 34 44 60
 8 19 34 44 60 68
 8 19 34 42 43 60
 8 19 34 42 43 60 68
 8 19 26 44 60 61
 8 19 26 44 59 60
 8 19 26 42 43 60 61
 8 19 26 42 43 59 60
 8 19 26 34 44 60
 8 19 26 34 42 43 60
 8 19 24 25 44 60 61
 8 19 24 25 44 59 60
 8 19 24 25 42 43 60 61
 8 19 24 25 42 43 59 60
 8 19 24 25 34 44 60
 8 19 24 25 34 42 43 60
 8 17 46 60 61
 8 17 46 60 61 68
 8 17 46 59 60
 8 17 46 59 60 68
 8 17 44 45 60 61
 8 17 44 45 60 61 68
 8 17 44 45 59 60
 8 17 44 45 59 60 68
 8 17 34 46 60
 8 17 34 46 60 68
 8 17 34 44 45 60
 8 17 34 44 45 60 68
 8 17 26 46 60 61
 8 17 26 46 59 60
 8 17 26 44 45 60 61
 8 17 26 44 45 59 60
 8 17 26 34 46 60
 8 17 26 34 44 45 60
 8 17 24 25 46 60 61
 8 17 24 25 46 59 60
 8 17 24 25 44 45 60 61
 8 17 24 25 44 45 59 60
 8 17 24 25 34 46 60
 8 17 24 25 34 44 45 60
 8 17 19 60 61
 8 17 19 60 61 68
 8 17 19 59 60
 8 17 19 59 60 68
 8 17 19 34 60
 8 17 19 34 60 68
 8 17 19 26 60 61
 8 17 19 26 59 60
 8 17 19 26 34 60
 8 17 19 24 25 60 61
 8 17 19 24 25 59 60
 8 17 19 24 25 34 60
 2 58 60 62 63 74
 2 58 60 62 63 72 73
 2 58 60 61 62 74
 2 58 60 61 62 72 73
 2 58 59 60 63 74
 2 58 59 60 63 72 73
 2 58 59 60 61 62 74
 2 58 59 60 61 62 72 73
 2 57 58 60 63 74
 2 57 58 60 63 72 73
 2 57 58 60 61 62 74
 2 57 58 60 61 62 72 73
 2 47 58 60 62 63
 2 47 58 60 61 62
 2 47 58 59 60 63
 2 47 58 59 60 61 62
 2 47 57 58 60 63
 2 47 57 58 60 61 62
 2 46 58 60 61 63 74
 2 46 58 60 61 63 72 73
 2 46 58 60 61 62 74
 2 46 58 60 61 62 72 73
 2 46 58 59 60 63 74
 2 46 58 59 60 63 72 73
 2 46 58 59 60 61 62 74
 2 46 58 59 60 61 62 72 73
 2 46 47 58 60 61 63
 2 46 47 58 60 61 62
 2 46 47 58 59 60 63
 2 46 47 58 59 60 61 62
 2 44 45 58 60 61 63 74
 2 44 45 58 60 61 63 72 73
 2 44 45 58 60 61 62 74
 2 44 45 58 60 61 62 72 73
 2 44 45 58 59 60 63 74
 2 44 45 58 59 60 63 72 73
 2 44 45 58 59 60 61 62 74
 2 44 45 58 59 60 61 62 72 73
 2 44 45 47 58 60 61 63
 2 44 45 47 58 60 61 62
 2 44 45 47 58 59 60 63
 2 44 45 47 58 59 60 61 62
 2 36 58 60 62 74
 2 36 58 60 62 72 73
 2 36 58 59 60 74
 2 36 58 59 60 72 73
 2 36 57 58 60 74
 2 36 57 58 60 72 73
 2 36 47 58 60 62
 2 36 47 58 59 60
 2 36 47 57 58 60
 2 36 46 58 60 61 74
 2 36 46 58 60 61 72 73
 2 36 46 58 59 60 74
 2 36 46 58 59 60 72 73
 2 36 46 47 58 60 61
 2 36 46 47 58 59 60
 2 36 44 45 58 60 61 74
 2 36 44 45 58 60 61 72 73
 2 36 44 45 58 59 60 74
 2 36 44 45 58 59 60 72 73
 2 36 44 45 47 58 60 61
 2 36 44 45 47 58 59 60
 2 34 46 58 60 63 74
 2 34 46 58 60 63 72 73
 2 34 46 58 60 61 62 74
 2 34 46 58 60 61 62 72 73
 2 34 46 47 58 60 63
 2 34 46 47 58 60 61 62
 2 34 44 45 58 60 63 74
 2 34 44 45 58 60 63 72 73
 2 34 44 45 58 60 61 62 74
 2 34 44 45 58 60 61 62 72 73
 2 34 44 45 47 58 60 63
 2 34 44 45 47 58 60 61 62
 2 34 36 46 58 60 74
 2 34 36 46 58 60 72 73
 2 34 36 46 47 58 60
 2 34 36 44 45 58 60 74
 2 34 36 44 45 58 60 72 73
 2 34 36 44 45 47 58 60
 2 32 58 60 63 74
 2 32 58 60 63 72 73
 2 32 58 60 61 62 74
 2 32 58 60 61 62 72 73
 2 32 47 58 60 63
 2 32 47 58 60 61 62
 2 32 36 58 60 74
 2 32 36 58 60 72 73
 2 32 36 47 58 60
 2 19 58 60 61 63 74
 2 19 58 60 61 63 72 73
 2 19 58 60 61 62 74
 2 19 58 60 61 62 72 73
 2 19 58 59 60 63 74
 2 19 58 59 60 63 72 73
 2 19 58 59 60 61 62 74
 2 19 58 59 60 61 62 72 73
 2 19 47 58 60 61 63
 2 19 47 58 60 61 62
 2 19 47 58 59 60 63
 2 19 47 58 59 60 61 62
 2 19 36 58 60 61 74
 2 19 36 58 60 61 72 73
 2 19 36 58 59 60 74
 2 19 36 58 59 60 72 73
 2 19 36 47 58 60 61
 2 19 36 47 58 59 60
 2 19 34 58 60 63 74
 2 19 34 58 60 63 72 73
 2 19 34 58 60 61 62 74
 2 19 34 58 60 61 62 72 73
 2 19 34 47 58 60 63
 2 19 34 47 58 60 61 62
 2 19 34 36 58 60 74
 2 19 34 36 58 60 72 73
 2 19 34 36 47 58 60
 1 60 61 68
 1 59 60 68
 1 34 60 68
 1 26 60 61
 1 26 59 60
 1 26 34 60
 1 24 25 60 61
 1 24 25 59 60
 1 24 25 34 60
 1 18 60 61 68
 1 18 59 60 68
 1 18 34 60 68
 1 18 26 60 61
 1 18 26 59 60
 1 18 26 34 60
 1 18 24 25 60 61
 1 18 24 25 59 60
 1 18 24 25 34 60
 1 16 17 60 61 68
 1 16 17 59 60 68
 1 16 17 34 60 68
 1 16 17 26 60 61
 1 16 17 26 59 60
 1 16 17 26 34 60
 1 16 17 24 25 60 61
 1 16 17 24 25 59 60
 1 16 17 24 25 34 60
 0 46 55 63 74
 0 46 55 63 72 73
 0 46 55 61 62 74
 0 46 55 61 62 72 73
 0 46 55 59 63
 0 46 55 59 61 63
 0 46 55 59 60 63
 0 46 55 59 60 61 62
 0 46 55 57 58 63
 0 46 55 57 58 61 63
 0 46 55 57 58 59 60 63
 0 46 55 57 58 59 60 61 62
 0 46 55 56 63 74
 0 46 55 56 63 72 73
 0 46 55 56 61 62 74
 0 46 55 56 61 62 72 73
 0 46 55 56 59 63
 0 46 55 56 59 61 63
 0 46 55 56 59 60 63
 0 46 55 56 59 60 61 62
 0 46 55 56 57 58 63
 0 46 55 56 57 58 61 63
 0 46 55 56 57 58 59 60 63
 0 46 55 56 57 58 59 60 61 62
 0 46 47 55 63
 0 46 47 55 61 62
 0 46 47 55 56 63
 0 46 47 55 56 61 62
 0 44 45 55 63 74
 0 44 45 55 63 72 73
 0 44 45 55 61 62 74
 0 44 45 55 61 62 72 73
 0 44 45 55 59 63
 0 44 45 55 59 61 63
 0 44 45 55 59 60 63
 0 44 45 55 59 60 61 62
 0 44 45 55 57 58 63
 0 44 45 55 57 58 61 63
 0 44 45 55 57 58 59 60 63
 0 44 45 55 57 58 59 60 61 62
 0 44 45 55 56 63 74
 0 44 45 55 56 63 72 73
 0 44 45 55 56 61 62 74
 0 44 45 55 56 61 62 72 73
 0 44 45 55 56 59 63
 0 44 45 55 56 59 61 63
 0 44 45 55 56 59 60 63
 0 44 45 55 56 59 60 61 62
 0 44 45 55 56 57 58 63
 0 44 45 55 56 57 58 61 63
 0 44 45 55 56 57 58 59 60 63
 0 44 45 55 56 57 58 59 60 61 62
 0 44 45 47 55 63
 0 44 45 47 55 61 62
 0 44 45 47 55 56 63
 0 44 45 47 55 56 61 62
 0 36 46 55 74
 0 36 46 55 72 73
 0 36 46 55 59
 0 36 46 55 59 61
 0 36 46 55 59 60
 0 36 46 55 57 58
 0 36 46 55 57 58 61
 0 36 46 55 57 58 59 60
 0 36 46 55 56 74
 0 36 46 55 56 72 73
 0 36 46 55 56 59
 0 36 46 55 56 59 61
 0 36 46 55 56 59 60
 0 36 46 55 56 57 58
 0 36 46 55 56 57 58 61
 0 36 46 55 56 57 58 59 60
 0 36 46 47 55
 0 36 46 47 55 56
 0 36 44 45 55 74
 0 36 44 45 55 72 73
 0 36 44 45 55 59
 0 36 44 45 55 59 61
 0 36 44 45 55 59 60
 0 36 44 45 55 57 58
 0 36 44 45 55 57 58 61
 0 36 44 45 55 57 58 59 60
 0 36 44 45 55 56 74
 0 36 44 45 55 56 72 73
 0 36 44 45 55 56 59
 0 36 44 45 55 56 59 61
 0 36 44 45 55 56 59 60
 0 36 44 45 55 56 57 58
 0 36 44 45 55 56 57 58 61
 0 36 44 45 55 56 57 58 59 60
 0 36 44 45 47 55
 0 36 44 45 47 55 56
 0 34 46 55 59 63
 0 34 46 55 59 61 62
 0 34 46 55 57 58 63
 0 34 46 55 57 58 61 62
 0 34 46 55 56 59 63
 0 34 46 55 56 59 61 62
 0 34 46 55 56 57 58 63
 0 34 46 55 56 57 58 61 62
 0 34 44 45 55 59 63
 0 34 44 45 55 59 61 62
 0 34 44 45 55 57 58 63
 0 34 44 45 55 57 58 61 62
 0 34 44 45 55 56 59 63
 0 34 44 45 55 56 59 61 62
 0 34 44 45 55 56 57 58 63
 0 34 44 45 55 56 57 58 61 62
 0 34 36 46 55 59
 0 34 36 46 55 57 58
 0 34 36 46 55 56 59
 0 34 36 46 55 56 57 58
 0 34 36 44 45 55 59
 0 34 36 44 45 55 57 58
 0 34 36 44 45 55 56 59
 0 34 36 44 45 55 56 57 58
 0 32 46 55 63
 0 32 46 55 61 63
 0 32 46 55 59 60 63
 0 32 46 55 59 60 61 62
 0 32 46 55 56 63
 0 32 46 55 56 61 63
 0 32 46 55 56 59 60 63
 0 32 46 55 56 59 60 61 62
 0 32 44 45 55 63
 0 32 44 45 55 61 63
 0 32 44 45 55 59 60 63
 0 32 44 45 55 59 60 61 62
 0 32 44 45 55 56 63
 0 32 44 45 55 56 61 63
 0 32 44 45 55 56 59 60 63
 0 32 44 45 55 56 59 60 61 62
 0 32 36 46 55
 0 32 36 46 55 61
 0 32 36 46 55 59 60
 0 32 36 46 55 56
 0 32 36 46 55 56 61
 0 32 36 46 55 56 59 60
 0 32 36 44 45 55
 0 32 36 44 45 55 61
 0 32 36 44 45 55 59 60
 0 32 36 44 45 55 56
 0 32 36 44 45 55 56 61
 0 32 36 44 45 55 56 59 60
 0 32 34 46 55 63
 0 32 34 46 55 61 62
 0 32 34 46 55 56 63
 0 32 34 46 55 56 61 62
 0 32 34 44 45 55 63
 0 32 34 44 45 55 61 62
 0 32 34 44 45 55 56 63
 0 32 34 44 45 55 56 61 62
 0 32 34 36 46 55
 0 32 34 36 46 55 56
 0 32 34 36 44 45 55
 0 32 34 36 44 45 55 56
 0 19 55 63 74
 0 19 55 63 72 73
 0 19 55 61 62 74
 0 19 55 61 62 72 73
 0 19 55 59 63
 0 19 55 59 61 63
 0 19 55 59 60 63
 0 19 55 59 60 61 62
 0 19 55 57 58 63
 0 19 55 57 58 61 63
 0 19 55 57 58 59 60 63
 0 19 55 57 58 59 60 61 62
 0 19 55 56 63 74
 0 19 55 56 63 72 73
 0 19 55 56 61 62 74
 0 19 55 56 61 62 72 73
 0 19 55 56 59 63
 0 19 55 56 59 61 63
 0 19 55 56 59 60 63
 0 19 55 56 59 60 61 62
 0 19 55 56 57 58 63
 0 19 55 56 57 58 61 63
 0 19 55 56 57 58 59 60 63
 0 19 55 56 57 58 59 60 61 62
 0 19 47 55 63
 0 19 47 55 61 62
 0 19 47 55 56 63
 0 19 47 55 56 61 62
 0 19 36 55 74
 0 19 36 55 72 73
 0 19 36 55 59
 0 19 36 55 59 61
 0 19 36 55 59 60
 0 19 36 55 57 58
 0 19 36 55 57 58 61
 0 19 36 55 57 58 59 60
 0 19 36 55 56 74
 0 19 36 55 56 72 73
 0 19 36 55 56 59
 0 19 36 55 56 59 61
 0 19 36 55 56 59 60
 0 19 36 55 56 57 58
 0 19 36 55 56 57 58 61
 0 19 36 55 56 57 58 59 60
 0 19 36 47 55
 0 19 36 47 55 56
 0 19 34 55 59 63
 0 19 34 55 59 61 62
 0 19 34 55 57 58 63
 0 19 34 55 57 58 61 62
 0 19 34 55 56 59 63
 0 19 34 55 56 59 61 62
 0 19 34 55 56 57 58 63
 0 19 34 55 56 57 58 61 62
 0 19 34 36 55 59
 0 19 34 36 55 57 58
 0 19 34 36 55 56 59
 0 19 34 36 55 56 57 58
 0 19 32 55 63
 0 19 32 55 61 63
 0 19 32 55 59 60 63
 0 19 32 55 59 60 61 62
 0 19 32 55 56 63
 0 19 32 55 56 61 63
 0 19 32 55 56 59 60 63
 0 19 32 55 56 59 60 61 62
 0 19 32 36 55
 0 19 32 36 55 61
 0 19 32 36 55 59 60
 0 19 32 36 55 56
 0 19 32 36 55 56 61
 0 19 32 36 55 56 59 60
 0 19 32 34 55 63
 0 19 32 34 55 61 62
 0 19 32 34 55 56 63
 0 19 32 34 55 56 61 62
 0 19 32 34 36 55
 0 19 32 34 36 55 56
