 48 64 68 72
 48 64 68 70 71
 48 62 68 72
 48 62 68 70 71
 48 55 68 72
 48 55 68 70 71
 46 68
 46 47 64 68 72
 46 47 64 68 70 71
 46 47 62 68 72
 46 47 62 68 70 71
 46 47 55 68 72
 46 47 55 68 70 71
 45 48 64 68
 45 48 62 68
 45 48 55 68
 45 46 47 64 68
 45 46 47 62 68
 45 46 47 55 68
 44 45 68
 39 48 68 72
 39 48 68 70 71
 39 48 64 68 72
 39 48 64 68 70 71
 39 46 47 68 72
 39 46 47 68 70 71
 39 46 47 64 68 72
 39 46 47 64 68 70 71
 39 45 48 68
 39 45 48 64 68
 39 45 46 47 68
 39 45 46 47 64 68
 37 38 48 68 72
 37 38 48 68 70 71
 37 38 48 64 68 72
 37 38 48 64 68 70 71
 37 38 46 47 68 72
 37 38 46 47 68 70 71
 37 38 46 47 64 68 72
 37 38 46 47 64 68 70 71
 37 38 45 48 68
 37 38 45 48 64 68
 37 38 45 46 47 68
 37 38 45 46 47 64 68
 26 48 64 72
 26 48 64 70 71
 26 48 62 72
 26 48 62 70 71
 26 48 55 72
 26 48 55 70 71
 26 46
 26 46 47 64 72
 26 46 47 64 70 71
 26 46 47 62 72
 26 46 47 62 70 71
 26 46 47 55 72
 26 46 47 55 70 71
 26 45 48 64
 26 45 48 62
 26 45 48 55
 26 45 46 47 64
 26 45 46 47 62
 26 45 46 47 55
 26 44 45
 26 39 48 72
 26 39 48 70 71
 26 39 48 64 72
 26 39 48 64 70 71
 26 39 46 47 72
 26 39 46 47 70 71
 26 39 46 47 64 72
 26 39 46 47 64 70 71
 26 39 45 48
 26 39 45 48 64
 26 39 45 46 47
 26 39 45 46 47 64
 26 37 38 48 72
 26 37 38 48 70 71
 26 37 38 48 64 72
 26 37 38 48 64 70 71
 26 37 38 46 47 72
 26 37 38 46 47 70 71
 26 37 38 46 47 64 72
 26 37 38 46 47 64 70 71
 26 37 38 45 48
 26 37 38 45 48 64
 26 37 38 45 46 47
 26 37 38 45 46 47 64
 24 25 48 64 72
 24 25 48 64 70 71
 24 25 48 62 72
 24 25 48 62 70 71
 24 25 48 55 72
 24 25 48 55 70 71
 24 25 46
 24 25 46 47 64 72
 24 25 46 47 64 70 71
 24 25 46 47 62 72
 24 25 46 47 62 70 71
 24 25 46 47 55 72
 24 25 46 47 55 70 71
 24 25 45 48 64
 24 25 45 48 62
 24 25 45 48 55
 24 25 45 46 47 64
 24 25 45 46 47 62
 24 25 45 46 47 55
 24 25 44 45
 24 25 39 48 72
 24 25 39 48 70 71
 24 25 39 48 64 72
 24 25 39 48 64 70 71
 24 25 39 46 47 72
 24 25 39 46 47 70 71
 24 25 39 46 47 64 72
 24 25 39 46 47 64 70 71
 24 25 39 45 48
 24 25 39 45 48 64
 24 25 39 45 46 47
 24 25 39 45 46 47 64
 24 25 37 38 48 72
 24 25 37 38 48 70 71
 24 25 37 38 48 64 72
 24 25 37 38 48 64 70 71
 24 25 37 38 46 47 72
 24 25 37 38 46 47 70 71
 24 25 37 38 46 47 64 72
 24 25 37 38 46 47 64 70 71
 24 25 37 38 45 48
 24 25 37 38 45 48 64
 24 25 37 38 45 46 47
 24 25 37 38 45 46 47 64
 21 64 68 72
 21 64 68 70 71
 21 62 68 72
 21 62 68 70 71
 21 55 68 72
 21 55 68 70 71
 21 45 64 68
 21 45 62 68
 21 45 55 68
 21 39 68 72
 21 39 68 70 71
 21 39 64 68 72
 21 39 64 68 70 71
 21 39 45 68
 21 39 45 64 68
 21 37 38 68 72
 21 37 38 68 70 71
 21 37 38 64 68 72
 21 37 38 64 68 70 71
 21 37 38 45 68
 21 37 38 45 64 68
 21 26 64 72
 21 26 64 70 71
 21 26 62 72
 21 26 62 70 71
 21 26 55 72
 21 26 55 70 71
 21 26 45 64
 21 26 45 62
 21 26 45 55
 21 26 39 72
 21 26 39 70 71
 21 26 39 64 72
 21 26 39 64 70 71
 21 26 39 45
 21 26 39 45 64
 21 26 37 38 72
 21 26 37 38 70 71
 21 26 37 38 64 72
 21 26 37 38 64 70 71
 21 26 37 38 45
 21 26 37 38 45 64
 21 24 25 64 72
 21 24 25 64 70 71
 21 24 25 62 72
 21 24 25 62 70 71
 21 24 25 55 72
 21 24 25 55 70 71
 21 24 25 45 64
 21 24 25 45 62
 21 24 25 45 55
 21 24 25 39 72
 21 24 25 39 70 71
 21 24 25 39 64 72
 21 24 25 39 64 70 71
 21 24 25 39 45
 21 24 25 39 45 64
 21 24 25 37 38 72
 21 24 25 37 38 70 71
 21 24 25 37 38 64 72
 21 24 25 37 38 64 70 71
 21 24 25 37 38 45
 21 24 25 37 38 45 64
 19 68
 19 26
 19 24 25
 12 48 68 72
 12 48 68 70 71
 12 48 64 68 72
 12 48 64 68 70 71
 12 46 47 68 72
 12 46 47 68 70 71
 12 46 47 64 68 72
 12 46 47 64 68 70 71
 12 45 48 68
 12 45 48 64 68
 12 45 46 47 68
 12 45 46 47 64 68
 12 26 48 72
 12 26 48 70 71
 12 26 48 64 72
 12 26 48 64 70 71
 12 26 46 47 72
 12 26 46 47 70 71
 12 26 46 47 64 72
 12 26 46 47 64 70 71
 12 26 45 48
 12 26 45 48 64
 12 26 45 46 47
 12 26 45 46 47 64
 12 24 25 48 72
 12 24 25 48 70 71
 12 24 25 48 64 72
 12 24 25 48 64 70 71
 12 24 25 46 47 72
 12 24 25 46 47 70 71
 12 24 25 46 47 64 72
 12 24 25 46 47 64 70 71
 12 24 25 45 48
 12 24 25 45 48 64
 12 24 25 45 46 47
 12 24 25 45 46 47 64
 12 21 68 72
 12 21 68 70 71
 12 21 64 68 72
 12 21 64 68 70 71
 12 21 45 68
 12 21 45 64 68
 12 21 26 72
 12 21 26 70 71
 12 21 26 64 72
 12 21 26 64 70 71
 12 21 26 45
 12 21 26 45 64
 12 21 24 25 72
 12 21 24 25 70 71
 12 21 24 25 64 72
 12 21 24 25 64 70 71
 12 21 24 25 45
 12 21 24 25 45 64
