 63 72
 63 70 71
 62 63 68
 61 63 68 72
 61 63 68 70 71
 61 63 68 69 72
 61 63 68 69 70 71
 61 63 67 68 72
 61 63 67 68 70 71
 61 62 72
 61 62 70 71
 61 62 68
 61 62 68 72
 61 62 68 70 71
 61 62 68 69 72
 61 62 68 69 70 71
 61 62 67 68 72
 61 62 67 68 70 71
 60
 60 69
 60 67 68
 60 63 69
 60 63 67 68
 60 61
 60 61 69
 60 61 67 68
 60 61 63
 60 61 63 69
 60 61 63 67 68
 60 61 62
 59 63
 59 62 63
 59 62 63 69
 59 62 63 67 68
 59 61 62
 59 61 62 63
 59 61 62 63 69
 59 61 62 63 67 68
 59 60
 59 60 69
 59 60 67 68
 59 60 63 69
 59 60 63 68 72
 59 60 63 68 70 71
 59 60 63 68 69 72
 59 60 63 68 69 70 71
 59 60 63 67 68
 59 60 63 67 68 72
 59 60 63 67 68 70 71
 59 60 62 63
 59 60 62 63 69
 59 60 62 63 67 68
 59 60 61 62
 59 60 61 62 68 72
 59 60 61 62 68 70 71
 59 60 61 62 68 69 72
 59 60 61 62 68 69 70 71
 59 60 61 62 67 68 72
 59 60 61 62 67 68 70 71
 57 58 63
 57 58 62 63
 57 58 62 63 69
 57 58 62 63 67 68
 57 58 61 62
 57 58 61 62 63
 57 58 61 62 63 69
 57 58 61 62 63 67 68
 57 58 60 63
 57 58 60 61 62
 57 58 59 60 62 63
 57 58 59 60 62 63 69
 57 58 59 60 62 63 67 68
 57 58 59 60 61 62
 57 58 59 60 61 62 69
 57 58 59 60 61 62 67 68
 46 72
 46 70 71
 46 61
 46 61 68
 46 61 68 78
 46 61 68 77
 46 61 68 76
 46 61 68 74 75
 46 61 68 74 75 77
 46 61 68 74 75 76
 46 61 64 68
 46 61 63 68
 46 61 62 68
 46 60 63
 46 60 61 63
 46 59 60
 46 59 60 68
 46 59 60 68 78
 46 59 60 68 77
 46 59 60 68 76
 46 59 60 68 74 75
 46 59 60 68 74 75 77
 46 59 60 68 74 75 76
 46 59 60 64 68
 46 59 60 63
 46 59 60 63 68
 46 59 60 61 62
 46 59 60 61 62 68
 46 55 61
 46 55 59 60
 46 51 61 68
 46 51 59 60 68
 46 50 61 68
 46 50 61 68 76
 46 50 61 68 74 75
 46 50 59 60 68
 46 50 59 60 68 76
 46 50 59 60 68 74 75
 46 49 61 68
 46 49 61 68 77
 46 49 61 68 75 76
 46 49 59 60 68
 46 49 59 60 68 77
 46 49 59 60 68 75 76
 46 49 50 61 68
 46 49 50 59 60 68
 45 63
 45 61 63 68
 45 61 63 68 69
 45 61 63 67 68
 45 61 62
 45 61 62 68
 45 61 62 68 69
 45 61 62 67 68
 45 59 60 63 68
 45 59 60 63 68 69
 45 59 60 63 67 68
 45 59 60 61 62 68
 45 59 60 61 62 68 69
 45 59 60 61 62 67 68
 45 46
 44 59
 44 57 58
 44 45
 44 45 72
 44 45 70 71
 44 45 61
 44 45 61 68
 44 45 61 68 78
 44 45 61 68 77
 44 45 61 68 76
 44 45 61 68 74 75
 44 45 61 68 74 75 77
 44 45 61 68 74 75 76
 44 45 61 64 68
 44 45 61 63 68
 44 45 61 62 68
 44 45 60 63
 44 45 60 61 63
 44 45 59 60
 44 45 59 60 68
 44 45 59 60 68 78
 44 45 59 60 68 77
 44 45 59 60 68 76
 44 45 59 60 68 74 75
 44 45 59 60 68 74 75 77
 44 45 59 60 68 74 75 76
 44 45 59 60 64 68
 44 45 59 60 63
 44 45 59 60 63 68
 44 45 59 60 61 62
 44 45 59 60 61 62 68
 44 45 55 61
 44 45 55 59 60
 44 45 51 61 68
 44 45 51 59 60 68
 44 45 50 61 68
 44 45 50 61 68 76
 44 45 50 61 68 74 75
 44 45 50 59 60 68
 44 45 50 59 60 68 76
 44 45 50 59 60 68 74 75
 44 45 49 61 68
 44 45 49 61 68 77
 44 45 49 61 68 75 76
 44 45 49 59 60 68
 44 45 49 59 60 68 77
 44 45 49 59 60 68 75 76
 44 45 49 50 61 68
 44 45 49 50 59 60 68
 42 61 63 68 72
 42 61 63 68 70 71
 42 61 62 68 72
 42 61 62 68 70 71
 42 60
 42 60 63
 42 60 61
 42 60 61 63
 42 59 62 63
 42 59 61 62 63
 42 59 60
 42 59 60 63
 42 59 60 63 68 72
 42 59 60 63 68 70 71
 42 59 60 62 63
 42 59 60 61 62 68 72
 42 59 60 61 62 68 70 71
 42 57 58 62 63
 42 57 58 61 62 63
 42 57 58 59 60 62 63
 42 57 58 59 60 61 62
 42 46 61 68
 42 46 59 60 68
 42 45 61 63 68
 42 45 61 62 68
 42 45 59 60 63 68
 42 45 59 60 61 62 68
 42 44 45 61 68
 42 44 45 59 60 68
 36 72
 36 70 71
 36 62 68
 36 61 68 72
 36 61 68 70 71
 36 61 68 69 72
 36 61 68 69 70 71
 36 61 67 68 72
 36 61 67 68 70 71
 36 60 69
 36 60 67 68
 36 60 61
 36 60 61 69
 36 60 61 67 68
 36 59
 36 59 62
 36 59 62 69
 36 59 62 67 68
 36 59 61 62
 36 59 61 62 69
 36 59 61 62 67 68
 36 59 60 69
 36 59 60 68 72
 36 59 60 68 70 71
 36 59 60 68 69 72
 36 59 60 68 69 70 71
 36 59 60 67 68
 36 59 60 67 68 72
 36 59 60 67 68 70 71
 36 59 60 62
 36 59 60 62 69
 36 59 60 62 67 68
 36 57 58
 36 57 58 62
 36 57 58 62 69
 36 57 58 62 67 68
 36 57 58 61 62
 36 57 58 61 62 69
 36 57 58 61 62 67 68
 36 57 58 60
 36 57 58 59 60 62
 36 57 58 59 60 62 69
 36 57 58 59 60 62 67 68
 36 46 61 68
 36 46 60
 36 46 60 61
 36 46 59 60
 36 46 59 60 68
 36 45
 36 45 61 68
 36 45 61 68 69
 36 45 61 67 68
 36 45 59 60 68
 36 45 59 60 68 69
 36 45 59 60 67 68
 36 44 45 61 68
 36 44 45 60
 36 44 45 60 61
 36 44 45 59 60
 36 44 45 59 60 68
 36 42 61 68 72
 36 42 61 68 70 71
 36 42 60
 36 42 60 61
 36 42 59 62
 36 42 59 61 62
 36 42 59 60
 36 42 59 60 68 72
 36 42 59 60 68 70 71
 36 42 59 60 62
 36 42 57 58 62
 36 42 57 58 61 62
 36 42 57 58 59 60 62
 36 42 45 61 68
 36 42 45 59 60 68
 34 63 68 72
 34 63 68 70 71
 34 63 68 69 72
 34 63 68 69 70 71
 34 63 67 68 72
 34 63 67 68 70 71
 34 61 62 68 72
 34 61 62 68 70 71
 34 61 62 68 69 72
 34 61 62 68 69 70 71
 34 61 62 67 68 72
 34 61 62 67 68 70 71
 34 60
 34 60 69
 34 60 67 68
 34 60 63
 34 60 63 69
 34 60 63 67 68
 34 60 61 62
 34 60 61 62 69
 34 60 61 62 67 68
 34 59 62 63
 34 59 62 63 69
 34 59 62 63 67 68
 34 59 61 62
 34 59 61 62 69
 34 59 61 62 67 68
 34 57 58 62 63
 34 57 58 62 63 69
 34 57 58 62 63 67 68
 34 57 58 61 62
 34 57 58 61 62 69
 34 57 58 61 62 67 68
 34 46
 34 46 68
 34 46 68 78
 34 46 68 77
 34 46 68 76
 34 46 68 74 75
 34 46 68 74 75 77
 34 46 68 74 75 76
 34 46 64 68
 34 46 63 68
 34 46 61 62 68
 34 46 60 63
 34 46 60 61 62
 34 46 55
 34 46 51 68
 34 46 50 68
 34 46 50 68 76
 34 46 50 68 74 75
 34 46 49 68
 34 46 49 68 77
 34 46 49 68 75 76
 34 46 49 50 68
 34 45 63 68
 34 45 63 68 69
 34 45 63 67 68
 34 45 61 62 68
 34 45 61 62 68 69
 34 45 61 62 67 68
 34 44 45
 34 44 45 68
 34 44 45 68 78
 34 44 45 68 77
 34 44 45 68 76
 34 44 45 68 74 75
 34 44 45 68 74 75 77
 34 44 45 68 74 75 76
 34 44 45 64 68
 34 44 45 63 68
 34 44 45 61 62 68
 34 44 45 60 63
 34 44 45 60 61 62
 34 44 45 55
 34 44 45 51 68
 34 44 45 50 68
 34 44 45 50 68 76
 34 44 45 50 68 74 75
 34 44 45 49 68
 34 44 45 49 68 77
 34 44 45 49 68 75 76
 34 44 45 49 50 68
 34 42 63 68 72
 34 42 63 68 70 71
 34 42 61 62 68 72
 34 42 61 62 68 70 71
 34 42 60
 34 42 60 63
 34 42 60 61 62
 34 42 59 62 63
 34 42 59 61 62
 34 42 57 58 62 63
 34 42 57 58 61 62
 34 42 46 68
 34 42 45 63 68
 34 42 45 61 62 68
 34 42 44 45 68
 34 36 68 72
 34 36 68 70 71
 34 36 68 69 72
 34 36 68 69 70 71
 34 36 67 68 72
 34 36 67 68 70 71
 34 36 60
 34 36 60 69
 34 36 60 67 68
 34 36 59 62
 34 36 59 62 69
 34 36 59 62 67 68
 34 36 57 58 62
 34 36 57 58 62 69
 34 36 57 58 62 67 68
 34 36 46 68
 34 36 46 60
 34 36 45 68
 34 36 45 68 69
 34 36 45 67 68
 34 36 44 45 68
 34 36 44 45 60
 34 36 42 68 72
 34 36 42 68 70 71
 34 36 42 60
 34 36 42 59 62
 34 36 42 57 58 62
 34 36 42 45 68
 32 63
 32 62 63
 32 62 63 69
 32 62 63 67 68
 32 61 62
 32 61 62 63
 32 61 62 63 69
 32 61 62 63 67 68
 32 60 63
 32 60 61 62
 32 59 60 62 63
 32 59 60 62 63 69
 32 59 60 62 63 67 68
 32 59 60 61 62
 32 59 60 61 62 69
 32 59 60 61 62 67 68
 32 44
 32 42 62 63
 32 42 61 62 63
 32 42 59 60 62 63
 32 42 59 60 61 62
 32 36
 32 36 62
 32 36 62 69
 32 36 62 67 68
 32 36 61 62
 32 36 61 62 69
 32 36 61 62 67 68
 32 36 60
 32 36 59 60 62
 32 36 59 60 62 69
 32 36 59 60 62 67 68
 32 36 42 62
 32 36 42 61 62
 32 36 42 59 60 62
 32 34 62 63
 32 34 62 63 69
 32 34 62 63 67 68
 32 34 61 62
 32 34 61 62 69
 32 34 61 62 67 68
 32 34 42 62 63
 32 34 42 61 62
 32 34 36 62
 32 34 36 62 69
 32 34 36 62 67 68
 32 34 36 42 62
 31 46 63 74
 31 46 63 72 73
 31 46 61 62 74
 31 46 61 62 72 73
 31 46 60 63 74
 31 46 60 63 72 73
 31 46 60 61 62 74
 31 46 60 61 62 72 73
 31 46 59 63 74
 31 46 59 63 72 73
 31 46 59 61 62 74
 31 46 59 61 62 72 73
 31 46 59 60 63 74
 31 46 59 60 63 72 73
 31 46 59 60 61 62 74
 31 46 59 60 61 62 72 73
 31 46 57 58 63 74
 31 46 57 58 63 72 73
 31 46 57 58 61 62 74
 31 46 57 58 61 62 72 73
 31 46 57 58 60 63 74
 31 46 57 58 60 63 72 73
 31 46 57 58 60 61 62 74
 31 46 57 58 60 61 62 72 73
 31 46 47 63
 31 46 47 61 62
 31 46 47 60 63
 31 46 47 60 61 62
 31 46 47 59 63
 31 46 47 59 61 62
 31 46 47 59 60 63
 31 46 47 59 60 61 62
 31 46 47 57 58 63
 31 46 47 57 58 61 62
 31 46 47 57 58 60 63
 31 46 47 57 58 60 61 62
 31 44 45 63 74
 31 44 45 63 72 73
 31 44 45 61 62 74
 31 44 45 61 62 72 73
 31 44 45 60 63 74
 31 44 45 60 63 72 73
 31 44 45 60 61 62 74
 31 44 45 60 61 62 72 73
 31 44 45 59 63 74
 31 44 45 59 63 72 73
 31 44 45 59 61 62 74
 31 44 45 59 61 62 72 73
 31 44 45 59 60 63 74
 31 44 45 59 60 63 72 73
 31 44 45 59 60 61 62 74
 31 44 45 59 60 61 62 72 73
 31 44 45 57 58 63 74
 31 44 45 57 58 63 72 73
 31 44 45 57 58 61 62 74
 31 44 45 57 58 61 62 72 73
 31 44 45 57 58 60 63 74
 31 44 45 57 58 60 63 72 73
 31 44 45 57 58 60 61 62 74
 31 44 45 57 58 60 61 62 72 73
 31 44 45 47 63
 31 44 45 47 61 62
 31 44 45 47 60 63
 31 44 45 47 60 61 62
 31 44 45 47 59 63
 31 44 45 47 59 61 62
 31 44 45 47 59 60 63
 31 44 45 47 59 60 61 62
 31 44 45 47 57 58 63
 31 44 45 47 57 58 61 62
 31 44 45 47 57 58 60 63
 31 44 45 47 57 58 60 61 62
 31 36 46 74
 31 36 46 72 73
 31 36 46 60 74
 31 36 46 60 72 73
 31 36 46 59 74
 31 36 46 59 72 73
 31 36 46 59 60 74
 31 36 46 59 60 72 73
 31 36 46 57 58 74
 31 36 46 57 58 72 73
 31 36 46 57 58 60 74
 31 36 46 57 58 60 72 73
 31 36 46 47
 31 36 46 47 60
 31 36 46 47 59
 31 36 46 47 59 60
 31 36 46 47 57 58
 31 36 46 47 57 58 60
 31 36 44 45 74
 31 36 44 45 72 73
 31 36 44 45 60 74
 31 36 44 45 60 72 73
 31 36 44 45 59 74
 31 36 44 45 59 72 73
 31 36 44 45 59 60 74
 31 36 44 45 59 60 72 73
 31 36 44 45 57 58 74
 31 36 44 45 57 58 72 73
 31 36 44 45 57 58 60 74
 31 36 44 45 57 58 60 72 73
 31 36 44 45 47
 31 36 44 45 47 60
 31 36 44 45 47 59
 31 36 44 45 47 59 60
 31 36 44 45 47 57 58
 31 36 44 45 47 57 58 60
 31 32 46 63 74
 31 32 46 63 72 73
 31 32 46 61 62 74
 31 32 46 61 62 72 73
 31 32 46 60 63 74
 31 32 46 60 63 72 73
 31 32 46 60 61 62 74
 31 32 46 60 61 62 72 73
 31 32 46 47 63
 31 32 46 47 61 62
 31 32 46 47 60 63
 31 32 46 47 60 61 62
 31 32 44 45 63 74
 31 32 44 45 63 72 73
 31 32 44 45 61 62 74
 31 32 44 45 61 62 72 73
 31 32 44 45 60 63 74
 31 32 44 45 60 63 72 73
 31 32 44 45 60 61 62 74
 31 32 44 45 60 61 62 72 73
 31 32 44 45 47 63
 31 32 44 45 47 61 62
 31 32 44 45 47 60 63
 31 32 44 45 47 60 61 62
 31 32 36 46 74
 31 32 36 46 72 73
 31 32 36 46 60 74
 31 32 36 46 60 72 73
 31 32 36 46 47
 31 32 36 46 47 60
 31 32 36 44 45 74
 31 32 36 44 45 72 73
 31 32 36 44 45 60 74
 31 32 36 44 45 60 72 73
 31 32 36 44 45 47
 31 32 36 44 45 47 60
 29 59
 29 57 58
 29 32
 29 30 46 63 74
 29 30 46 63 72 73
 29 30 46 61 62 74
 29 30 46 61 62 72 73
 29 30 46 60 63 74
 29 30 46 60 63 72 73
 29 30 46 60 61 62 74
 29 30 46 60 61 62 72 73
 29 30 46 59 63 74
 29 30 46 59 63 72 73
 29 30 46 59 61 62 74
 29 30 46 59 61 62 72 73
 29 30 46 59 60 63 74
 29 30 46 59 60 63 72 73
 29 30 46 59 60 61 62 74
 29 30 46 59 60 61 62 72 73
 29 30 46 57 58 63 74
 29 30 46 57 58 63 72 73
 29 30 46 57 58 61 62 74
 29 30 46 57 58 61 62 72 73
 29 30 46 57 58 60 63 74
 29 30 46 57 58 60 63 72 73
 29 30 46 57 58 60 61 62 74
 29 30 46 57 58 60 61 62 72 73
 29 30 46 47 63
 29 30 46 47 61 62
 29 30 46 47 60 63
 29 30 46 47 60 61 62
 29 30 46 47 59 63
 29 30 46 47 59 61 62
 29 30 46 47 59 60 63
 29 30 46 47 59 60 61 62
 29 30 46 47 57 58 63
 29 30 46 47 57 58 61 62
 29 30 46 47 57 58 60 63
 29 30 46 47 57 58 60 61 62
 29 30 44 45 63 74
 29 30 44 45 63 72 73
 29 30 44 45 61 62 74
 29 30 44 45 61 62 72 73
 29 30 44 45 60 63 74
 29 30 44 45 60 63 72 73
 29 30 44 45 60 61 62 74
 29 30 44 45 60 61 62 72 73
 29 30 44 45 59 63 74
 29 30 44 45 59 63 72 73
 29 30 44 45 59 61 62 74
 29 30 44 45 59 61 62 72 73
 29 30 44 45 59 60 63 74
 29 30 44 45 59 60 63 72 73
 29 30 44 45 59 60 61 62 74
 29 30 44 45 59 60 61 62 72 73
 29 30 44 45 57 58 63 74
 29 30 44 45 57 58 63 72 73
 29 30 44 45 57 58 61 62 74
 29 30 44 45 57 58 61 62 72 73
 29 30 44 45 57 58 60 63 74
 29 30 44 45 57 58 60 63 72 73
 29 30 44 45 57 58 60 61 62 74
 29 30 44 45 57 58 60 61 62 72 73
 29 30 44 45 47 63
 29 30 44 45 47 61 62
 29 30 44 45 47 60 63
 29 30 44 45 47 60 61 62
 29 30 44 45 47 59 63
 29 30 44 45 47 59 61 62
 29 30 44 45 47 59 60 63
 29 30 44 45 47 59 60 61 62
 29 30 44 45 47 57 58 63
 29 30 44 45 47 57 58 61 62
 29 30 44 45 47 57 58 60 63
 29 30 44 45 47 57 58 60 61 62
 29 30 36 46 74
 29 30 36 46 72 73
 29 30 36 46 60 74
 29 30 36 46 60 72 73
 29 30 36 46 59 74
 29 30 36 46 59 72 73
 29 30 36 46 59 60 74
 29 30 36 46 59 60 72 73
 29 30 36 46 57 58 74
 29 30 36 46 57 58 72 73
 29 30 36 46 57 58 60 74
 29 30 36 46 57 58 60 72 73
 29 30 36 46 47
 29 30 36 46 47 60
 29 30 36 46 47 59
 29 30 36 46 47 59 60
 29 30 36 46 47 57 58
 29 30 36 46 47 57 58 60
 29 30 36 44 45 74
 29 30 36 44 45 72 73
 29 30 36 44 45 60 74
 29 30 36 44 45 60 72 73
 29 30 36 44 45 59 74
 29 30 36 44 45 59 72 73
 29 30 36 44 45 59 60 74
 29 30 36 44 45 59 60 72 73
 29 30 36 44 45 57 58 74
 29 30 36 44 45 57 58 72 73
 29 30 36 44 45 57 58 60 74
 29 30 36 44 45 57 58 60 72 73
 29 30 36 44 45 47
 29 30 36 44 45 47 60
 29 30 36 44 45 47 59
 29 30 36 44 45 47 59 60
 29 30 36 44 45 47 57 58
 29 30 36 44 45 47 57 58 60
 29 30 32 46 63 74
 29 30 32 46 63 72 73
 29 30 32 46 61 62 74
 29 30 32 46 61 62 72 73
 29 30 32 46 60 63 74
 29 30 32 46 60 63 72 73
 29 30 32 46 60 61 62 74
 29 30 32 46 60 61 62 72 73
 29 30 32 46 47 63
 29 30 32 46 47 61 62
 29 30 32 46 47 60 63
 29 30 32 46 47 60 61 62
 29 30 32 44 45 63 74
 29 30 32 44 45 63 72 73
 29 30 32 44 45 61 62 74
 29 30 32 44 45 61 62 72 73
 29 30 32 44 45 60 63 74
 29 30 32 44 45 60 63 72 73
 29 30 32 44 45 60 61 62 74
 29 30 32 44 45 60 61 62 72 73
 29 30 32 44 45 47 63
 29 30 32 44 45 47 61 62
 29 30 32 44 45 47 60 63
 29 30 32 44 45 47 60 61 62
 29 30 32 36 46 74
 29 30 32 36 46 72 73
 29 30 32 36 46 60 74
 29 30 32 36 46 60 72 73
 29 30 32 36 46 47
 29 30 32 36 46 47 60
 29 30 32 36 44 45 74
 29 30 32 36 44 45 72 73
 29 30 32 36 44 45 60 74
 29 30 32 36 44 45 60 72 73
 29 30 32 36 44 45 47
 29 30 32 36 44 45 47 60
 28 46 61
 28 46 59 60
 28 44 45 61
 28 44 45 59 60
 28 34 46
 28 34 44 45
 27 55 59 63
 27 55 59 61 62
 27 55 57 58 63
 27 55 57 58 61 62
 27 46 61
 27 46 61 68
 27 46 59 60
 27 46 59 60 68
 27 44 45 61
 27 44 45 61 68
 27 44 45 59 60
 27 44 45 59 60 68
 27 36 55 59
 27 36 55 57 58
 27 34 46
 27 34 46 68
 27 34 44 45
 27 34 44 45 68
 27 32 55 63
 27 32 55 61 62
 27 32 36 55
 27 28 59
 27 28 57 58
 27 28 32
 26 62 63
 26 61 63 72
 26 61 63 70 71
 26 61 63 69 72
 26 61 63 69 70 71
 26 61 63 67 68 72
 26 61 63 67 68 70 71
 26 61 62
 26 61 62 72
 26 61 62 70 71
 26 61 62 69 72
 26 61 62 69 70 71
 26 61 62 67 68 72
 26 61 62 67 68 70 71
 26 59 60 63 72
 26 59 60 63 70 71
 26 59 60 63 69 72
 26 59 60 63 69 70 71
 26 59 60 63 67 68 72
 26 59 60 63 67 68 70 71
 26 59 60 61 62 72
 26 59 60 61 62 70 71
 26 59 60 61 62 69 72
 26 59 60 61 62 69 70 71
 26 59 60 61 62 67 68 72
 26 59 60 61 62 67 68 70 71
 26 46 61
 26 46 61 78
 26 46 61 77
 26 46 61 76
 26 46 61 74 75
 26 46 61 74 75 77
 26 46 61 74 75 76
 26 46 61 64
 26 46 61 63
 26 46 61 62
 26 46 59 60
 26 46 59 60 78
 26 46 59 60 77
 26 46 59 60 76
 26 46 59 60 74 75
 26 46 59 60 74 75 77
 26 46 59 60 74 75 76
 26 46 59 60 64
 26 46 59 60 63
 26 46 59 60 61 62
 26 46 51 61
 26 46 51 59 60
 26 46 50 61
 26 46 50 61 76
 26 46 50 61 74 75
 26 46 50 59 60
 26 46 50 59 60 76
 26 46 50 59 60 74 75
 26 46 49 61
 26 46 49 61 77
 26 46 49 61 75 76
 26 46 49 59 60
 26 46 49 59 60 77
 26 46 49 59 60 75 76
 26 46 49 50 61
 26 46 49 50 59 60
 26 45 61 63
 26 45 61 63 69
 26 45 61 63 67 68
 26 45 61 62
 26 45 61 62 69
 26 45 61 62 67 68
 26 45 59 60 63
 26 45 59 60 63 69
 26 45 59 60 63 67 68
 26 45 59 60 61 62
 26 45 59 60 61 62 69
 26 45 59 60 61 62 67 68
 26 44 45 61
 26 44 45 61 78
 26 44 45 61 77
 26 44 45 61 76
 26 44 45 61 74 75
 26 44 45 61 74 75 77
 26 44 45 61 74 75 76
 26 44 45 61 64
 26 44 45 61 63
 26 44 45 61 62
 26 44 45 59 60
 26 44 45 59 60 78
 26 44 45 59 60 77
 26 44 45 59 60 76
 26 44 45 59 60 74 75
 26 44 45 59 60 74 75 77
 26 44 45 59 60 74 75 76
 26 44 45 59 60 64
 26 44 45 59 60 63
 26 44 45 59 60 61 62
 26 44 45 51 61
 26 44 45 51 59 60
 26 44 45 50 61
 26 44 45 50 61 76
 26 44 45 50 61 74 75
 26 44 45 50 59 60
 26 44 45 50 59 60 76
 26 44 45 50 59 60 74 75
 26 44 45 49 61
 26 44 45 49 61 77
 26 44 45 49 61 75 76
 26 44 45 49 59 60
 26 44 45 49 59 60 77
 26 44 45 49 59 60 75 76
 26 44 45 49 50 61
 26 44 45 49 50 59 60
 26 42 61 63 72
 26 42 61 63 70 71
 26 42 61 62 72
 26 42 61 62 70 71
 26 42 59 60 63 72
 26 42 59 60 63 70 71
 26 42 59 60 61 62 72
 26 42 59 60 61 62 70 71
 26 42 46 61
 26 42 46 59 60
 26 42 45 61 63
 26 42 45 61 62
 26 42 45 59 60 63
 26 42 45 59 60 61 62
 26 42 44 45 61
 26 42 44 45 59 60
 26 36 62
 26 36 61 72
 26 36 61 70 71
 26 36 61 69 72
 26 36 61 69 70 71
 26 36 61 67 68 72
 26 36 61 67 68 70 71
 26 36 59 60 72
 26 36 59 60 70 71
 26 36 59 60 69 72
 26 36 59 60 69 70 71
 26 36 59 60 67 68 72
 26 36 59 60 67 68 70 71
 26 36 46 61
 26 36 46 59 60
 26 36 45 61
 26 36 45 61 69
 26 36 45 61 67 68
 26 36 45 59 60
 26 36 45 59 60 69
 26 36 45 59 60 67 68
 26 36 44 45 61
 26 36 44 45 59 60
 26 36 42 61 72
 26 36 42 61 70 71
 26 36 42 59 60 72
 26 36 42 59 60 70 71
 26 36 42 45 61
 26 36 42 45 59 60
 26 34 63 72
 26 34 63 70 71
 26 34 63 69 72
 26 34 63 69 70 71
 26 34 63 67 68 72
 26 34 63 67 68 70 71
 26 34 61 62 72
 26 34 61 62 70 71
 26 34 61 62 69 72
 26 34 61 62 69 70 71
 26 34 61 62 67 68 72
 26 34 61 62 67 68 70 71
 26 34 46
 26 34 46 78
 26 34 46 77
 26 34 46 76
 26 34 46 74 75
 26 34 46 74 75 77
 26 34 46 74 75 76
 26 34 46 64
 26 34 46 63
 26 34 46 61 62
 26 34 46 51
 26 34 46 50
 26 34 46 50 76
 26 34 46 50 74 75
 26 34 46 49
 26 34 46 49 77
 26 34 46 49 75 76
 26 34 46 49 50
 26 34 45 63
 26 34 45 63 69
 26 34 45 63 67 68
 26 34 45 61 62
 26 34 45 61 62 69
 26 34 45 61 62 67 68
 26 34 44 45
 26 34 44 45 78
 26 34 44 45 77
 26 34 44 45 76
 26 34 44 45 74 75
 26 34 44 45 74 75 77
 26 34 44 45 74 75 76
 26 34 44 45 64
 26 34 44 45 63
 26 34 44 45 61 62
 26 34 44 45 51
 26 34 44 45 50
 26 34 44 45 50 76
 26 34 44 45 50 74 75
 26 34 44 45 49
 26 34 44 45 49 77
 26 34 44 45 49 75 76
 26 34 44 45 49 50
 26 34 42 63 72
 26 34 42 63 70 71
 26 34 42 61 62 72
 26 34 42 61 62 70 71
 26 34 42 46
 26 34 42 45 63
 26 34 42 45 61 62
 26 34 42 44 45
 26 34 36 72
 26 34 36 70 71
 26 34 36 69 72
 26 34 36 69 70 71
 26 34 36 67 68 72
 26 34 36 67 68 70 71
 26 34 36 46
 26 34 36 45
 26 34 36 45 69
 26 34 36 45 67 68
 26 34 36 44 45
 26 34 36 42 72
 26 34 36 42 70 71
 26 34 36 42 45
 25 26 46 61 68
 25 26 46 59 60 68
 25 26 44 45 61 68
 25 26 44 45 59 60 68
 25 26 34 46 68
 25 26 34 44 45 68
 24 25 62 63
 24 25 61 63 72
 24 25 61 63 70 71
 24 25 61 63 69 72
 24 25 61 63 69 70 71
 24 25 61 63 67 68 72
 24 25 61 63 67 68 70 71
 24 25 61 62
 24 25 61 62 72
 24 25 61 62 70 71
 24 25 61 62 69 72
 24 25 61 62 69 70 71
 24 25 61 62 67 68 72
 24 25 61 62 67 68 70 71
 24 25 59 60 63 72
 24 25 59 60 63 70 71
 24 25 59 60 63 69 72
 24 25 59 60 63 69 70 71
 24 25 59 60 63 67 68 72
 24 25 59 60 63 67 68 70 71
 24 25 59 60 61 62 72
 24 25 59 60 61 62 70 71
 24 25 59 60 61 62 69 72
 24 25 59 60 61 62 69 70 71
 24 25 59 60 61 62 67 68 72
 24 25 59 60 61 62 67 68 70 71
 24 25 46 61
 24 25 46 61 78
 24 25 46 61 77
 24 25 46 61 76
 24 25 46 61 74 75
 24 25 46 61 74 75 77
 24 25 46 61 74 75 76
 24 25 46 61 64
 24 25 46 61 63
 24 25 46 61 62
 24 25 46 59 60
 24 25 46 59 60 78
 24 25 46 59 60 77
 24 25 46 59 60 76
 24 25 46 59 60 74 75
 24 25 46 59 60 74 75 77
 24 25 46 59 60 74 75 76
 24 25 46 59 60 64
 24 25 46 59 60 63
 24 25 46 59 60 61 62
 24 25 46 51 61
 24 25 46 51 59 60
 24 25 46 50 61
 24 25 46 50 61 76
 24 25 46 50 61 74 75
 24 25 46 50 59 60
 24 25 46 50 59 60 76
 24 25 46 50 59 60 74 75
 24 25 46 49 61
 24 25 46 49 61 77
 24 25 46 49 61 75 76
 24 25 46 49 59 60
 24 25 46 49 59 60 77
 24 25 46 49 59 60 75 76
 24 25 46 49 50 61
 24 25 46 49 50 59 60
 24 25 45 61 63
 24 25 45 61 63 69
 24 25 45 61 63 67 68
 24 25 45 61 62
 24 25 45 61 62 69
 24 25 45 61 62 67 68
 24 25 45 59 60 63
 24 25 45 59 60 63 69
 24 25 45 59 60 63 67 68
 24 25 45 59 60 61 62
 24 25 45 59 60 61 62 69
 24 25 45 59 60 61 62 67 68
 24 25 44 45 61
 24 25 44 45 61 78
 24 25 44 45 61 77
 24 25 44 45 61 76
 24 25 44 45 61 74 75
 24 25 44 45 61 74 75 77
 24 25 44 45 61 74 75 76
 24 25 44 45 61 64
 24 25 44 45 61 63
 24 25 44 45 61 62
 24 25 44 45 59 60
 24 25 44 45 59 60 78
 24 25 44 45 59 60 77
 24 25 44 45 59 60 76
 24 25 44 45 59 60 74 75
 24 25 44 45 59 60 74 75 77
 24 25 44 45 59 60 74 75 76
 24 25 44 45 59 60 64
 24 25 44 45 59 60 63
 24 25 44 45 59 60 61 62
 24 25 44 45 51 61
 24 25 44 45 51 59 60
 24 25 44 45 50 61
 24 25 44 45 50 61 76
 24 25 44 45 50 61 74 75
 24 25 44 45 50 59 60
 24 25 44 45 50 59 60 76
 24 25 44 45 50 59 60 74 75
 24 25 44 45 49 61
 24 25 44 45 49 61 77
 24 25 44 45 49 61 75 76
 24 25 44 45 49 59 60
 24 25 44 45 49 59 60 77
 24 25 44 45 49 59 60 75 76
 24 25 44 45 49 50 61
 24 25 44 45 49 50 59 60
 24 25 42 61 63 72
 24 25 42 61 63 70 71
 24 25 42 61 62 72
 24 25 42 61 62 70 71
 24 25 42 59 60 63 72
 24 25 42 59 60 63 70 71
 24 25 42 59 60 61 62 72
 24 25 42 59 60 61 62 70 71
 24 25 42 46 61
 24 25 42 46 59 60
 24 25 42 45 61 63
 24 25 42 45 61 62
 24 25 42 45 59 60 63
 24 25 42 45 59 60 61 62
 24 25 42 44 45 61
 24 25 42 44 45 59 60
 24 25 36 62
 24 25 36 61 72
 24 25 36 61 70 71
 24 25 36 61 69 72
 24 25 36 61 69 70 71
 24 25 36 61 67 68 72
 24 25 36 61 67 68 70 71
 24 25 36 59 60 72
 24 25 36 59 60 70 71
 24 25 36 59 60 69 72
 24 25 36 59 60 69 70 71
 24 25 36 59 60 67 68 72
 24 25 36 59 60 67 68 70 71
 24 25 36 46 61
 24 25 36 46 59 60
 24 25 36 45 61
 24 25 36 45 61 69
 24 25 36 45 61 67 68
 24 25 36 45 59 60
 24 25 36 45 59 60 69
 24 25 36 45 59 60 67 68
 24 25 36 44 45 61
 24 25 36 44 45 59 60
 24 25 36 42 61 72
 24 25 36 42 61 70 71
 24 25 36 42 59 60 72
 24 25 36 42 59 60 70 71
 24 25 36 42 45 61
 24 25 36 42 45 59 60
 24 25 34 63 72
 24 25 34 63 70 71
 24 25 34 63 69 72
 24 25 34 63 69 70 71
 24 25 34 63 67 68 72
 24 25 34 63 67 68 70 71
 24 25 34 61 62 72
 24 25 34 61 62 70 71
 24 25 34 61 62 69 72
 24 25 34 61 62 69 70 71
 24 25 34 61 62 67 68 72
 24 25 34 61 62 67 68 70 71
 24 25 34 46
 24 25 34 46 78
 24 25 34 46 77
 24 25 34 46 76
 24 25 34 46 74 75
 24 25 34 46 74 75 77
 24 25 34 46 74 75 76
 24 25 34 46 64
 24 25 34 46 63
 24 25 34 46 61 62
 24 25 34 46 51
 24 25 34 46 50
 24 25 34 46 50 76
 24 25 34 46 50 74 75
 24 25 34 46 49
 24 25 34 46 49 77
 24 25 34 46 49 75 76
 24 25 34 46 49 50
 24 25 34 45 63
 24 25 34 45 63 69
 24 25 34 45 63 67 68
 24 25 34 45 61 62
 24 25 34 45 61 62 69
 24 25 34 45 61 62 67 68
 24 25 34 44 45
 24 25 34 44 45 78
 24 25 34 44 45 77
 24 25 34 44 45 76
 24 25 34 44 45 74 75
 24 25 34 44 45 74 75 77
 24 25 34 44 45 74 75 76
 24 25 34 44 45 64
 24 25 34 44 45 63
 24 25 34 44 45 61 62
 24 25 34 44 45 51
 24 25 34 44 45 50
 24 25 34 44 45 50 76
 24 25 34 44 45 50 74 75
 24 25 34 44 45 49
 24 25 34 44 45 49 77
 24 25 34 44 45 49 75 76
 24 25 34 44 45 49 50
 24 25 34 42 63 72
 24 25 34 42 63 70 71
 24 25 34 42 61 62 72
 24 25 34 42 61 62 70 71
 24 25 34 42 46
 24 25 34 42 45 63
 24 25 34 42 45 61 62
 24 25 34 42 44 45
 24 25 34 36 72
 24 25 34 36 70 71
 24 25 34 36 69 72
 24 25 34 36 69 70 71
 24 25 34 36 67 68 72
 24 25 34 36 67 68 70 71
 24 25 34 36 46
 24 25 34 36 45
 24 25 34 36 45 69
 24 25 34 36 45 67 68
 24 25 34 36 44 45
 24 25 34 36 42 72
 24 25 34 36 42 70 71
 24 25 34 36 42 45
 24 25 27 46 61
 24 25 27 46 59 60
 24 25 27 44 45 61
 24 25 27 44 45 59 60
 24 25 27 34 46
 24 25 27 34 44 45
 24 25 26 46 61
 24 25 26 46 59 60
 24 25 26 44 45 61
 24 25 26 44 45 59 60
 24 25 26 34 46
 24 25 26 34 44 45
 19 72
 19 70 71
 19 61
 19 61 68
 19 61 68 78
 19 61 68 77
 19 61 68 76
 19 61 68 74 75
 19 61 68 74 75 77
 19 61 68 74 75 76
 19 61 64 68
 19 61 63 68
 19 61 62 68
 19 60 63
 19 60 61 63
 19 59 60
 19 59 60 68
 19 59 60 68 78
 19 59 60 68 77
 19 59 60 68 76
 19 59 60 68 74 75
 19 59 60 68 74 75 77
 19 59 60 68 74 75 76
 19 59 60 64 68
 19 59 60 63
 19 59 60 63 68
 19 59 60 61 62
 19 59 60 61 62 68
 19 55 61
 19 55 59 60
 19 51 61 68
 19 51 59 60 68
 19 50 61 68
 19 50 61 68 76
 19 50 61 68 74 75
 19 50 59 60 68
 19 50 59 60 68 76
 19 50 59 60 68 74 75
 19 49 61 68
 19 49 61 68 77
 19 49 61 68 75 76
 19 49 59 60 68
 19 49 59 60 68 77
 19 49 59 60 68 75 76
 19 49 50 61 68
 19 49 50 59 60 68
 19 45
 19 42 61 68
 19 42 59 60 68
 19 36 61 68
 19 36 60
 19 36 60 61
 19 36 59 60
 19 36 59 60 68
 19 34
 19 34 68
 19 34 68 78
 19 34 68 77
 19 34 68 76
 19 34 68 74 75
 19 34 68 74 75 77
 19 34 68 74 75 76
 19 34 64 68
 19 34 63 68
 19 34 61 62 68
 19 34 60 63
 19 34 60 61 62
 19 34 55
 19 34 51 68
 19 34 50 68
 19 34 50 68 76
 19 34 50 68 74 75
 19 34 49 68
 19 34 49 68 77
 19 34 49 68 75 76
 19 34 49 50 68
 19 34 42 68
 19 34 36 68
 19 34 36 60
 19 31 63 74
 19 31 63 72 73
 19 31 61 62 74
 19 31 61 62 72 73
 19 31 60 63 74
 19 31 60 63 72 73
 19 31 60 61 62 74
 19 31 60 61 62 72 73
 19 31 59 63 74
 19 31 59 63 72 73
 19 31 59 61 62 74
 19 31 59 61 62 72 73
 19 31 59 60 63 74
 19 31 59 60 63 72 73
 19 31 59 60 61 62 74
 19 31 59 60 61 62 72 73
 19 31 57 58 63 74
 19 31 57 58 63 72 73
 19 31 57 58 61 62 74
 19 31 57 58 61 62 72 73
 19 31 57 58 60 63 74
 19 31 57 58 60 63 72 73
 19 31 57 58 60 61 62 74
 19 31 57 58 60 61 62 72 73
 19 31 47 63
 19 31 47 61 62
 19 31 47 60 63
 19 31 47 60 61 62
 19 31 47 59 63
 19 31 47 59 61 62
 19 31 47 59 60 63
 19 31 47 59 60 61 62
 19 31 47 57 58 63
 19 31 47 57 58 61 62
 19 31 47 57 58 60 63
 19 31 47 57 58 60 61 62
 19 31 36 74
 19 31 36 72 73
 19 31 36 60 74
 19 31 36 60 72 73
 19 31 36 59 74
 19 31 36 59 72 73
 19 31 36 59 60 74
 19 31 36 59 60 72 73
 19 31 36 57 58 74
 19 31 36 57 58 72 73
 19 31 36 57 58 60 74
 19 31 36 57 58 60 72 73
 19 31 36 47
 19 31 36 47 60
 19 31 36 47 59
 19 31 36 47 59 60
 19 31 36 47 57 58
 19 31 36 47 57 58 60
 19 31 32 63 74
 19 31 32 63 72 73
 19 31 32 61 62 74
 19 31 32 61 62 72 73
 19 31 32 60 63 74
 19 31 32 60 63 72 73
 19 31 32 60 61 62 74
 19 31 32 60 61 62 72 73
 19 31 32 47 63
 19 31 32 47 61 62
 19 31 32 47 60 63
 19 31 32 47 60 61 62
 19 31 32 36 74
 19 31 32 36 72 73
 19 31 32 36 60 74
 19 31 32 36 60 72 73
 19 31 32 36 47
 19 31 32 36 47 60
 19 29 30 63 74
 19 29 30 63 72 73
 19 29 30 61 62 74
 19 29 30 61 62 72 73
 19 29 30 60 63 74
 19 29 30 60 63 72 73
 19 29 30 60 61 62 74
 19 29 30 60 61 62 72 73
 19 29 30 59 63 74
 19 29 30 59 63 72 73
 19 29 30 59 61 62 74
 19 29 30 59 61 62 72 73
 19 29 30 59 60 63 74
 19 29 30 59 60 63 72 73
 19 29 30 59 60 61 62 74
 19 29 30 59 60 61 62 72 73
 19 29 30 57 58 63 74
 19 29 30 57 58 63 72 73
 19 29 30 57 58 61 62 74
 19 29 30 57 58 61 62 72 73
 19 29 30 57 58 60 63 74
 19 29 30 57 58 60 63 72 73
 19 29 30 57 58 60 61 62 74
 19 29 30 57 58 60 61 62 72 73
 19 29 30 47 63
 19 29 30 47 61 62
 19 29 30 47 60 63
 19 29 30 47 60 61 62
 19 29 30 47 59 63
 19 29 30 47 59 61 62
 19 29 30 47 59 60 63
 19 29 30 47 59 60 61 62
 19 29 30 47 57 58 63
 19 29 30 47 57 58 61 62
 19 29 30 47 57 58 60 63
 19 29 30 47 57 58 60 61 62
 19 29 30 36 74
 19 29 30 36 72 73
 19 29 30 36 60 74
 19 29 30 36 60 72 73
 19 29 30 36 59 74
 19 29 30 36 59 72 73
 19 29 30 36 59 60 74
 19 29 30 36 59 60 72 73
 19 29 30 36 57 58 74
 19 29 30 36 57 58 72 73
 19 29 30 36 57 58 60 74
 19 29 30 36 57 58 60 72 73
 19 29 30 36 47
 19 29 30 36 47 60
 19 29 30 36 47 59
 19 29 30 36 47 59 60
 19 29 30 36 47 57 58
 19 29 30 36 47 57 58 60
 19 29 30 32 63 74
 19 29 30 32 63 72 73
 19 29 30 32 61 62 74
 19 29 30 32 61 62 72 73
 19 29 30 32 60 63 74
 19 29 30 32 60 63 72 73
 19 29 30 32 60 61 62 74
 19 29 30 32 60 61 62 72 73
 19 29 30 32 47 63
 19 29 30 32 47 61 62
 19 29 30 32 47 60 63
 19 29 30 32 47 60 61 62
 19 29 30 32 36 74
 19 29 30 32 36 72 73
 19 29 30 32 36 60 74
 19 29 30 32 36 60 72 73
 19 29 30 32 36 47
 19 29 30 32 36 47 60
 19 28 61
 19 28 59 60
 19 28 34
 19 27 61
 19 27 61 68
 19 27 59 60
 19 27 59 60 68
 19 27 34
 19 27 34 68
 19 26 61
 19 26 61 78
 19 26 61 77
 19 26 61 76
 19 26 61 74 75
 19 26 61 74 75 77
 19 26 61 74 75 76
 19 26 61 64
 19 26 61 63
 19 26 61 62
 19 26 59 60
 19 26 59 60 78
 19 26 59 60 77
 19 26 59 60 76
 19 26 59 60 74 75
 19 26 59 60 74 75 77
 19 26 59 60 74 75 76
 19 26 59 60 64
 19 26 59 60 63
 19 26 59 60 61 62
 19 26 51 61
 19 26 51 59 60
 19 26 50 61
 19 26 50 61 76
 19 26 50 61 74 75
 19 26 50 59 60
 19 26 50 59 60 76
 19 26 50 59 60 74 75
 19 26 49 61
 19 26 49 61 77
 19 26 49 61 75 76
 19 26 49 59 60
 19 26 49 59 60 77
 19 26 49 59 60 75 76
 19 26 49 50 61
 19 26 49 50 59 60
 19 26 42 61
 19 26 42 59 60
 19 26 36 61
 19 26 36 59 60
 19 26 34
 19 26 34 78
 19 26 34 77
 19 26 34 76
 19 26 34 74 75
 19 26 34 74 75 77
 19 26 34 74 75 76
 19 26 34 64
 19 26 34 63
 19 26 34 61 62
 19 26 34 51
 19 26 34 50
 19 26 34 50 76
 19 26 34 50 74 75
 19 26 34 49
 19 26 34 49 77
 19 26 34 49 75 76
 19 26 34 49 50
 19 26 34 42
 19 26 34 36
 19 25 26 61 68
 19 25 26 59 60 68
 19 25 26 34 68
 19 24 25 61
 19 24 25 61 78
 19 24 25 61 77
 19 24 25 61 76
 19 24 25 61 74 75
 19 24 25 61 74 75 77
 19 24 25 61 74 75 76
 19 24 25 61 64
 19 24 25 61 63
 19 24 25 61 62
 19 24 25 59 60
 19 24 25 59 60 78
 19 24 25 59 60 77
 19 24 25 59 60 76
 19 24 25 59 60 74 75
 19 24 25 59 60 74 75 77
 19 24 25 59 60 74 75 76
 19 24 25 59 60 64
 19 24 25 59 60 63
 19 24 25 59 60 61 62
 19 24 25 51 61
 19 24 25 51 59 60
 19 24 25 50 61
 19 24 25 50 61 76
 19 24 25 50 61 74 75
 19 24 25 50 59 60
 19 24 25 50 59 60 76
 19 24 25 50 59 60 74 75
 19 24 25 49 61
 19 24 25 49 61 77
 19 24 25 49 61 75 76
 19 24 25 49 59 60
 19 24 25 49 59 60 77
 19 24 25 49 59 60 75 76
 19 24 25 49 50 61
 19 24 25 49 50 59 60
 19 24 25 42 61
 19 24 25 42 59 60
 19 24 25 36 61
 19 24 25 36 59 60
 19 24 25 34
 19 24 25 34 78
 19 24 25 34 77
 19 24 25 34 76
 19 24 25 34 74 75
 19 24 25 34 74 75 77
 19 24 25 34 74 75 76
 19 24 25 34 64
 19 24 25 34 63
 19 24 25 34 61 62
 19 24 25 34 51
 19 24 25 34 50
 19 24 25 34 50 76
 19 24 25 34 50 74 75
 19 24 25 34 49
 19 24 25 34 49 77
 19 24 25 34 49 75 76
 19 24 25 34 49 50
 19 24 25 34 42
 19 24 25 34 36
 19 24 25 27 61
 19 24 25 27 59 60
 19 24 25 27 34
 19 24 25 26 61
 19 24 25 26 59 60
 19 24 25 26 34
 13 46 61
 13 46 59 60
 13 44 45 61
 13 44 45 59 60
 13 34 46
 13 34 44 45
 13 19 61
 13 19 59 60
 13 19 34
 11 12 46 61
 11 12 46 59 60
 11 12 44 45 61
 11 12 44 45 59 60
 11 12 34 46
 11 12 34 44 45
 11 12 19 61
 11 12 19 59 60
 11 12 19 34
 4 46 63 74
 4 46 63 72 73
 4 46 61 62 74
 4 46 61 62 72 73
 4 46 60 63 74
 4 46 60 63 72 73
 4 46 60 61 62 74
 4 46 60 61 62 72 73
 4 46 59 63 74
 4 46 59 63 72 73
 4 46 59 61 62 74
 4 46 59 61 62 72 73
 4 46 59 60 63 74
 4 46 59 60 63 72 73
 4 46 59 60 61 62 74
 4 46 59 60 61 62 72 73
 4 46 57 58 63 74
 4 46 57 58 63 72 73
 4 46 57 58 61 62 74
 4 46 57 58 61 62 72 73
 4 46 57 58 60 63 74
 4 46 57 58 60 63 72 73
 4 46 57 58 60 61 62 74
 4 46 57 58 60 61 62 72 73
 4 46 47 63
 4 46 47 61 62
 4 46 47 60 63
 4 46 47 60 61 62
 4 46 47 59 63
 4 46 47 59 61 62
 4 46 47 59 60 63
 4 46 47 59 60 61 62
 4 46 47 57 58 63
 4 46 47 57 58 61 62
 4 46 47 57 58 60 63
 4 46 47 57 58 60 61 62
 4 44 45 63 74
 4 44 45 63 72 73
 4 44 45 61 62 74
 4 44 45 61 62 72 73
 4 44 45 60 63 74
 4 44 45 60 63 72 73
 4 44 45 60 61 62 74
 4 44 45 60 61 62 72 73
 4 44 45 59 63 74
 4 44 45 59 63 72 73
 4 44 45 59 61 62 74
 4 44 45 59 61 62 72 73
 4 44 45 59 60 63 74
 4 44 45 59 60 63 72 73
 4 44 45 59 60 61 62 74
 4 44 45 59 60 61 62 72 73
 4 44 45 57 58 63 74
 4 44 45 57 58 63 72 73
 4 44 45 57 58 61 62 74
 4 44 45 57 58 61 62 72 73
 4 44 45 57 58 60 63 74
 4 44 45 57 58 60 63 72 73
 4 44 45 57 58 60 61 62 74
 4 44 45 57 58 60 61 62 72 73
 4 44 45 47 63
 4 44 45 47 61 62
 4 44 45 47 60 63
 4 44 45 47 60 61 62
 4 44 45 47 59 63
 4 44 45 47 59 61 62
 4 44 45 47 59 60 63
 4 44 45 47 59 60 61 62
 4 44 45 47 57 58 63
 4 44 45 47 57 58 61 62
 4 44 45 47 57 58 60 63
 4 44 45 47 57 58 60 61 62
 4 36 46 74
 4 36 46 72 73
 4 36 46 60 74
 4 36 46 60 72 73
 4 36 46 59 74
 4 36 46 59 72 73
 4 36 46 59 60 74
 4 36 46 59 60 72 73
 4 36 46 57 58 74
 4 36 46 57 58 72 73
 4 36 46 57 58 60 74
 4 36 46 57 58 60 72 73
 4 36 46 47
 4 36 46 47 60
 4 36 46 47 59
 4 36 46 47 59 60
 4 36 46 47 57 58
 4 36 46 47 57 58 60
 4 36 44 45 74
 4 36 44 45 72 73
 4 36 44 45 60 74
 4 36 44 45 60 72 73
 4 36 44 45 59 74
 4 36 44 45 59 72 73
 4 36 44 45 59 60 74
 4 36 44 45 59 60 72 73
 4 36 44 45 57 58 74
 4 36 44 45 57 58 72 73
 4 36 44 45 57 58 60 74
 4 36 44 45 57 58 60 72 73
 4 36 44 45 47
 4 36 44 45 47 60
 4 36 44 45 47 59
 4 36 44 45 47 59 60
 4 36 44 45 47 57 58
 4 36 44 45 47 57 58 60
 4 32 46 63 74
 4 32 46 63 72 73
 4 32 46 61 62 74
 4 32 46 61 62 72 73
 4 32 46 60 63 74
 4 32 46 60 63 72 73
 4 32 46 60 61 62 74
 4 32 46 60 61 62 72 73
 4 32 46 47 63
 4 32 46 47 61 62
 4 32 46 47 60 63
 4 32 46 47 60 61 62
 4 32 44 45 63 74
 4 32 44 45 63 72 73
 4 32 44 45 61 62 74
 4 32 44 45 61 62 72 73
 4 32 44 45 60 63 74
 4 32 44 45 60 63 72 73
 4 32 44 45 60 61 62 74
 4 32 44 45 60 61 62 72 73
 4 32 44 45 47 63
 4 32 44 45 47 61 62
 4 32 44 45 47 60 63
 4 32 44 45 47 60 61 62
 4 32 36 46 74
 4 32 36 46 72 73
 4 32 36 46 60 74
 4 32 36 46 60 72 73
 4 32 36 46 47
 4 32 36 46 47 60
 4 32 36 44 45 74
 4 32 36 44 45 72 73
 4 32 36 44 45 60 74
 4 32 36 44 45 60 72 73
 4 32 36 44 45 47
 4 32 36 44 45 47 60
 4 19 63 74
 4 19 63 72 73
 4 19 61 62 74
 4 19 61 62 72 73
 4 19 60 63 74
 4 19 60 63 72 73
 4 19 60 61 62 74
 4 19 60 61 62 72 73
 4 19 59 63 74
 4 19 59 63 72 73
 4 19 59 61 62 74
 4 19 59 61 62 72 73
 4 19 59 60 63 74
 4 19 59 60 63 72 73
 4 19 59 60 61 62 74
 4 19 59 60 61 62 72 73
 4 19 57 58 63 74
 4 19 57 58 63 72 73
 4 19 57 58 61 62 74
 4 19 57 58 61 62 72 73
 4 19 57 58 60 63 74
 4 19 57 58 60 63 72 73
 4 19 57 58 60 61 62 74
 4 19 57 58 60 61 62 72 73
 4 19 47 63
 4 19 47 61 62
 4 19 47 60 63
 4 19 47 60 61 62
 4 19 47 59 63
 4 19 47 59 61 62
 4 19 47 59 60 63
 4 19 47 59 60 61 62
 4 19 47 57 58 63
 4 19 47 57 58 61 62
 4 19 47 57 58 60 63
 4 19 47 57 58 60 61 62
 4 19 36 74
 4 19 36 72 73
 4 19 36 60 74
 4 19 36 60 72 73
 4 19 36 59 74
 4 19 36 59 72 73
 4 19 36 59 60 74
 4 19 36 59 60 72 73
 4 19 36 57 58 74
 4 19 36 57 58 72 73
 4 19 36 57 58 60 74
 4 19 36 57 58 60 72 73
 4 19 36 47
 4 19 36 47 60
 4 19 36 47 59
 4 19 36 47 59 60
 4 19 36 47 57 58
 4 19 36 47 57 58 60
 4 19 32 63 74
 4 19 32 63 72 73
 4 19 32 61 62 74
 4 19 32 61 62 72 73
 4 19 32 60 63 74
 4 19 32 60 63 72 73
 4 19 32 60 61 62 74
 4 19 32 60 61 62 72 73
 4 19 32 47 63
 4 19 32 47 61 62
 4 19 32 47 60 63
 4 19 32 47 60 61 62
 4 19 32 36 74
 4 19 32 36 72 73
 4 19 32 36 60 74
 4 19 32 36 60 72 73
 4 19 32 36 47
 4 19 32 36 47 60
 1 46 61
 1 46 59 60
 1 44 45 61
 1 44 45 59 60
 1 34 46
 1 34 44 45
 1 19 61
 1 19 59 60
 1 19 34
 0 46 61
 0 46 61 68
 0 46 59 60
 0 46 59 60 68
 0 44 45 61
 0 44 45 61 68
 0 44 45 59 60
 0 44 45 59 60 68
 0 34 46
 0 34 46 68
 0 34 44 45
 0 34 44 45 68
 0 26 46 61
 0 26 46 59 60
 0 26 44 45 61
 0 26 44 45 59 60
 0 26 34 46
 0 26 34 44 45
 0 24 25 46 61
 0 24 25 46 59 60
 0 24 25 44 45 61
 0 24 25 44 45 59 60
 0 24 25 34 46
 0 24 25 34 44 45
 0 19 61
 0 19 61 68
 0 19 59 60
 0 19 59 60 68
 0 19 34
 0 19 34 68
 0 19 26 61
 0 19 26 59 60
 0 19 26 34
 0 19 24 25 61
 0 19 24 25 59 60
 0 19 24 25 34
 0 1 59
 0 1 57 58
 0 1 32
