 76
 74 75
 63 76
 63 74
 63 74 75
 63 72
 63 72 73
 63 71 74
 63 71 72
 63 71 72 73
 63 69 76
 63 69 74 75
 63 69 70 74
 63 69 70 72
 63 69 70 72 73
 63 69 70 71
 63 68 69 72
 63 68 69 70 71
 63 67 68 76
 63 67 68 74 75
 63 67 68 72
 63 67 68 70 71
 62 68
 61 62 76
 61 62 74
 61 62 74 75
 61 62 72
 61 62 72 73
 61 62 71 74
 61 62 71 72
 61 62 71 72 73
 61 62 69 76
 61 62 69 74 75
 61 62 69 70 74
 61 62 69 70 72
 61 62 69 70 72 73
 61 62 69 70 71
 61 62 68 69 72
 61 62 68 69 70 71
 61 62 67 68 76
 61 62 67 68 74 75
 61 62 67 68 72
 61 62 67 68 70 71
 60 68 72
 60 68 70 71
 60 61
 60 61 68 74
 60 61 68 72
 60 61 68 72 73
 60 61 68 70 71
 59 63 74
 59 63 72
 59 63 72 73
 59 63 71 74
 59 63 71 72 73
 59 63 70 71
 59 63 69 70 74
 59 63 69 70 72 73
 59 62
 59 62 68 71
 59 62 68 69 70
 59 61 62 74
 59 61 62 72
 59 61 62 72 73
 59 61 62 71 74
 59 61 62 71 72 73
 59 61 62 70 71
 59 61 62 69 70 74
 59 61 62 69 70 72 73
 59 60 68 72
 59 60 68 70 71
 59 60 63
 59 60 63 68
 59 60 61 62
 59 60 61 62 68
 58 76
 58 74 75
 57 63 76
 57 63 74 75
 57 61 62 76
 57 61 62 74 75
 57 58 63 74
 57 58 63 72
 57 58 63 72 73
 57 58 63 71 74
 57 58 63 71 72 73
 57 58 63 70 71
 57 58 63 69 70 74
 57 58 63 69 70 72 73
 57 58 62
 57 58 62 68 71
 57 58 62 68 69 70
 57 58 61 62 74
 57 58 61 62 72
 57 58 61 62 72 73
 57 58 61 62 71 74
 57 58 61 62 71 72 73
 57 58 61 62 70 71
 57 58 61 62 69 70 74
 57 58 61 62 69 70 72 73
 57 58 60
 57 58 60 68 74
 57 58 60 68 72 73
 57 58 60 63
 57 58 60 63 68
 57 58 60 61 62
 57 58 60 61 62 68
 55 76
 55 74 75
 55 63 76
 55 63 74 75
 55 61 62 76
 55 61 62 74 75
 55 58 76
 55 58 74 75
 52 58 59 60 71
 52 58 59 60 69 70
 52 57 58 60 71
 52 57 58 60 69 70
 50 51 58 59 60 71
 50 51 58 59 60 69 70
 50 51 57 58 60 71
 50 51 57 58 60 69 70
 49
 49 63
 49 63 69
 49 63 67 68
 49 61 62
 49 61 62 69
 49 61 62 67 68
 49 58
 49 57 63
 49 57 61 62
 49 55
 49 55 63
 49 55 61 62
 49 55 58
 48 63 64 72
 48 63 64 71 72
 48 63 64 69 70 72
 48 63 64 69 70 71
 48 61 62 64 72
 48 61 62 64 71 72
 48 61 62 64 69 70 72
 48 61 62 64 69 70 71
 48 59 63 64 72
 48 59 63 64 70 71
 48 59 61 62 64 72
 48 59 61 62 64 70 71
 48 57 58 63 64 72
 48 57 58 63 64 70 71
 48 57 58 61 62 64 72
 48 57 58 61 62 64 70 71
 48 55 62 63 72
 48 55 62 63 70 71
 48 55 61 62 72
 48 55 61 62 70 71
 48 55 59 62 72
 48 55 59 62 70 71
 48 55 57 58 62 72
 48 55 57 58 62 70 71
 47 63
 47 63 71
 47 63 69 70
 47 61 62
 47 61 62 71
 47 61 62 69 70
 47 60 61 68
 47 59 63
 47 59 63 71
 47 59 63 69 70
 47 59 61 62
 47 59 61 62 71
 47 59 61 62 69 70
 47 57 58 63
 47 57 58 63 71
 47 57 58 63 69 70
 47 57 58 61 62
 47 57 58 61 62 71
 47 57 58 61 62 69 70
 47 57 58 60 68
 46 76
 46 74 75
 46 55 76
 46 55 74 75
 46 49
 46 49 55
 46 47 63 64 72
 46 47 63 64 71 72
 46 47 63 64 69 70 72
 46 47 63 64 69 70 71
 46 47 61 62 64 72
 46 47 61 62 64 71 72
 46 47 61 62 64 69 70 72
 46 47 61 62 64 69 70 71
 46 47 59 63 64 72
 46 47 59 63 64 70 71
 46 47 59 61 62 64 72
 46 47 59 61 62 64 70 71
 46 47 57 58 63 64 72
 46 47 57 58 63 64 70 71
 46 47 57 58 61 62 64 72
 46 47 57 58 61 62 64 70 71
 46 47 55 62 63 72
 46 47 55 62 63 70 71
 46 47 55 61 62 72
 46 47 55 61 62 70 71
 46 47 55 59 62 72
 46 47 55 59 62 70 71
 46 47 55 57 58 62 72
 46 47 55 57 58 62 70 71
 45 63
 45 63 71
 45 63 69 70
 45 63 68 69
 45 63 67 68
 45 61 62
 45 61 62 71
 45 61 62 69 70
 45 61 62 68 69
 45 61 62 67 68
 45 60 68
 45 60 61 68
 45 59 63
 45 59 61 62
 45 59 60 68
 45 57 58 63
 45 57 58 61 62
 45 48 63 64
 45 48 63 64 71
 45 48 63 64 69 70
 45 48 61 62 64
 45 48 61 62 64 71
 45 48 61 62 64 69 70
 45 48 59 63 64
 45 48 59 61 62 64
 45 48 57 58 63 64
 45 48 57 58 61 62 64
 45 48 55 62 63
 45 48 55 61 62
 45 48 55 59 62
 45 48 55 57 58 62
 45 46 47 63 64
 45 46 47 63 64 71
 45 46 47 63 64 69 70
 45 46 47 61 62 64
 45 46 47 61 62 64 71
 45 46 47 61 62 64 69 70
 45 46 47 59 63 64
 45 46 47 59 61 62 64
 45 46 47 57 58 63 64
 45 46 47 57 58 61 62 64
 45 46 47 55 62 63
 45 46 47 55 61 62
 45 46 47 55 59 62
 45 46 47 55 57 58 62
 44
 44 76
 44 74 75
 44 63 74
 44 63 72
 44 63 72 73
 44 63 70 71
 44 61
 44 61 62 74
 44 61 62 72
 44 61 62 72 73
 44 61 62 70 71
 44 59
 44 59 72
 44 59 71 72
 44 59 69 70 72
 44 59 69 70 71
 44 59 63 74
 44 59 63 72 73
 44 59 62 72
 44 59 62 72 78 79
 44 59 62 71 72
 44 59 62 71 72 78 79
 44 59 62 69 70 72
 44 59 62 69 70 72 78 79
 44 59 62 69 70 71
 44 59 62 69 70 71 78 79
 44 59 62 68
 44 59 61 62 74
 44 59 61 62 72 73
 44 59 60
 44 57 58
 44 57 58 72
 44 57 58 71 72
 44 57 58 69 70 72
 44 57 58 69 70 71
 44 57 58 63 74
 44 57 58 63 72 73
 44 57 58 62 72
 44 57 58 62 72 78 79
 44 57 58 62 71 72
 44 57 58 62 71 72 78 79
 44 57 58 62 69 70 72
 44 57 58 62 69 70 72 78 79
 44 57 58 62 69 70 71
 44 57 58 62 69 70 71 78 79
 44 57 58 62 68
 44 57 58 61 62 74
 44 57 58 61 62 72 73
 44 53 59 62 72
 44 53 59 62 71 72
 44 53 59 62 69 70 72
 44 53 59 62 69 70 71
 44 53 57 58 62 72
 44 53 57 58 62 71 72
 44 53 57 58 62 69 70 72
 44 53 57 58 62 69 70 71
 44 52 58 59 60
 44 52 57 58 60
 44 50 51 58 59 60
 44 50 51 57 58 60
 44 49
 44 48 63 64 72
 44 48 63 64 70 71
 44 48 61 62 64 72
 44 48 61 62 64 70 71
 44 47 63
 44 47 61 62
 44 47 59 63
 44 47 59 61 62
 44 47 57 58 63
 44 47 57 58 61 62
 44 46 47 63 64 72
 44 46 47 63 64 70 71
 44 46 47 61 62 64 72
 44 46 47 61 62 64 70 71
 44 45 76
 44 45 74 75
 44 45 63
 44 45 61 62
 44 45 59
 44 45 59 71
 44 45 59 69 70
 44 45 59 62
 44 45 59 62 78 79
 44 45 59 62 71
 44 45 59 62 71 78 79
 44 45 59 62 69 70
 44 45 59 62 69 70 78 79
 44 45 57 58
 44 45 57 58 71
 44 45 57 58 69 70
 44 45 57 58 62
 44 45 57 58 62 78 79
 44 45 57 58 62 71
 44 45 57 58 62 71 78 79
 44 45 57 58 62 69 70
 44 45 57 58 62 69 70 78 79
 44 45 55 76
 44 45 55 74 75
 44 45 53 59 62
 44 45 53 59 62 71
 44 45 53 59 62 69 70
 44 45 53 57 58 62
 44 45 53 57 58 62 71
 44 45 53 57 58 62 69 70
 44 45 49
 44 45 49 55
 44 45 48 63 64
 44 45 48 61 62 64
 44 45 46 47 63 64
 44 45 46 47 61 62 64
 42 63 76
 42 63 74 75
 42 63 68 72
 42 63 68 70 71
 42 61 62 76
 42 61 62 74 75
 42 61 62 68 72
 42 61 62 68 70 71
 42 60 63 68
 42 60 63 68 71
 42 60 63 68 69
 42 60 63 68 69 71
 42 60 63 67 68
 42 60 63 67 68 71
 42 60 63 67 68 69 70
 42 60 61 63 68
 42 60 61 63 68 71
 42 60 61 63 68 69
 42 60 61 63 68 69 71
 42 60 61 63 67 68
 42 60 61 63 67 68 71
 42 60 61 63 67 68 69 70
 42 59 60 63 68
 42 59 60 63 68 71
 42 59 60 63 68 69
 42 59 60 63 68 69 71
 42 59 60 63 67 68
 42 59 60 63 67 68 71
 42 59 60 63 67 68 69 70
 42 59 60 61 63 68
 42 59 60 61 63 68 69
 42 59 60 61 63 67 68
 42 59 60 61 62 68 71
 42 59 60 61 62 68 69 71
 42 59 60 61 62 67 68 71
 42 59 60 61 62 67 68 69 70
 42 57 58 60 63 68
 42 57 58 60 63 68 69
 42 57 58 60 63 67 68
 42 57 58 60 61 63 68
 42 57 58 60 61 63 68 69
 42 57 58 60 61 63 67 68
 42 57 58 59 60 63 68
 42 57 58 59 60 63 68 69
 42 57 58 59 60 63 67 68
 42 57 58 59 60 61 62 68
 42 57 58 59 60 61 62 68 69
 42 57 58 59 60 61 62 67 68
 42 49 63
 42 49 61 62
 42 46
 42 45 63 68
 42 45 61 62 68
 42 44 60 63 68
 42 44 60 63 68 69
 42 44 60 63 67 68
 42 44 60 61 63 68
 42 44 60 61 63 68 69
 42 44 60 61 63 67 68
 42 44 59 60 63 68
 42 44 59 60 63 68 69
 42 44 59 60 63 67 68
 42 44 59 60 61 62 68
 42 44 59 60 61 62 68 69
 42 44 59 60 61 62 67 68
 42 44 45
 42 43
 42 43 76
 42 43 74 75
 42 43 61
 42 43 59
 42 43 59 62 71 72 78 79
 42 43 59 62 70 71 78 79
 42 43 59 62 69 70 72 78 79
 42 43 59 62 69 70 71 78 79
 42 43 59 60
 42 43 57 58
 42 43 57 58 62 71 72 78 79
 42 43 57 58 62 70 71 78 79
 42 43 57 58 62 69 70 72 78 79
 42 43 57 58 62 69 70 71 78 79
 42 43 53 59 62 71 72
 42 43 53 59 62 70 71
 42 43 53 59 62 69 70 72
 42 43 53 59 62 69 70 71
 42 43 53 57 58 62 71 72
 42 43 53 57 58 62 70 71
 42 43 53 57 58 62 69 70 72
 42 43 53 57 58 62 69 70 71
 42 43 49
 42 43 45 59 62 71 78 79
 42 43 45 59 62 69 70 78 79
 42 43 45 57 58 62 71 78 79
 42 43 45 57 58 62 69 70 78 79
 42 43 45 53 59 62 71
 42 43 45 53 59 62 69 70
 42 43 45 53 57 58 62 71
 42 43 45 53 57 58 62 69 70
 42 43 44 59 72
 42 43 44 59 71 72
 42 43 44 59 69 70 72
 42 43 44 59 69 70 71
 42 43 44 59 62 72
 42 43 44 59 62 72 78 79
 42 43 44 59 62 71 72
 42 43 44 59 62 70 71 78 79
 42 43 44 59 62 69 70 72
 42 43 44 59 62 69 70 71
 42 43 44 57 58 72
 42 43 44 57 58 71 72
 42 43 44 57 58 69 70 72
 42 43 44 57 58 69 70 71
 42 43 44 57 58 62 72
 42 43 44 57 58 62 72 78 79
 42 43 44 57 58 62 71 72
 42 43 44 57 58 62 70 71 78 79
 42 43 44 57 58 62 69 70 72
 42 43 44 57 58 62 69 70 71
 42 43 44 53 59 62 72
 42 43 44 53 59 62 70 71
 42 43 44 53 57 58 62 72
 42 43 44 53 57 58 62 70 71
 42 43 44 45 59
 42 43 44 45 59 71
 42 43 44 45 59 69 70
 42 43 44 45 59 62
 42 43 44 45 59 62 78 79
 42 43 44 45 59 62 71
 42 43 44 45 59 62 69 70
 42 43 44 45 57 58
 42 43 44 45 57 58 71
 42 43 44 45 57 58 69 70
 42 43 44 45 57 58 62
 42 43 44 45 57 58 62 78 79
 42 43 44 45 57 58 62 71
 42 43 44 45 57 58 62 69 70
 42 43 44 45 53 59 62
 42 43 44 45 53 57 58 62
 40 41 60 63 68 69
 40 41 60 63 68 69 71
 40 41 60 63 68 69 70
 40 41 60 63 67 68
 40 41 60 63 67 68 71
 40 41 60 63 67 68 69 70
 40 41 60 61 63 68 69
 40 41 60 61 63 68 69 71
 40 41 60 61 63 68 69 70
 40 41 60 61 63 67 68
 40 41 60 61 63 67 68 71
 40 41 60 61 63 67 68 69 70
 40 41 59 60 63 68 69
 40 41 59 60 63 68 69 71
 40 41 59 60 63 68 69 70
 40 41 59 60 63 67 68
 40 41 59 60 63 67 68 71
 40 41 59 60 63 67 68 69 70
 40 41 59 60 61 63 68 69
 40 41 59 60 61 63 67 68
 40 41 59 60 61 62 68 69 71
 40 41 59 60 61 62 68 69 70
 40 41 59 60 61 62 67 68 71
 40 41 59 60 61 62 67 68 69 70
 40 41 57 58 60 63 68 69
 40 41 57 58 60 63 67 68
 40 41 57 58 60 61 63 68 69
 40 41 57 58 60 61 63 67 68
 40 41 57 58 59 60 63 68 69
 40 41 57 58 59 60 63 67 68
 40 41 57 58 59 60 61 62 68 69
 40 41 57 58 59 60 61 62 67 68
 40 41 46
 40 41 44 60 63 68 69
 40 41 44 60 63 67 68
 40 41 44 60 61 63 68 69
 40 41 44 60 61 63 67 68
 40 41 44 59 60 63 68 69
 40 41 44 59 60 63 67 68
 40 41 44 59 60 61 62 68 69
 40 41 44 59 60 61 62 67 68
 40 41 44 45
 40 41 42 60 63 68
 40 41 42 60 63 68 71
 40 41 42 60 63 68 69 70
 40 41 42 60 61 63 68
 40 41 42 60 61 63 68 71
 40 41 42 60 61 63 68 69 70
 40 41 42 59 60 63 68
 40 41 42 59 60 63 68 71
 40 41 42 59 60 63 68 69 70
 40 41 42 59 60 61 63 68
 40 41 42 59 60 61 62 68 71
 40 41 42 59 60 61 62 68 69 70
 40 41 42 57 58 60 63 68
 40 41 42 57 58 60 61 63 68
 40 41 42 57 58 59 60 63 68
 40 41 42 57 58 59 60 61 62 68
 40 41 42 44 60 63 68
 40 41 42 44 60 61 63 68
 40 41 42 44 59 60 63 68
 40 41 42 44 59 60 61 62 68
 36 76
 36 74
 36 74 75
 36 72
 36 72 73
 36 71 74
 36 71 72
 36 71 72 73
 36 69 76
 36 69 74 75
 36 69 70 74
 36 69 70 72
 36 69 70 72 73
 36 69 70 71
 36 68 69 72
 36 68 69 70 71
 36 67 68 76
 36 67 68 74 75
 36 67 68 72
 36 67 68 70 71
 36 59 74
 36 59 72
 36 59 72 73
 36 59 71 74
 36 59 71 72 73
 36 59 70 71
 36 59 69 70 74
 36 59 69 70 72 73
 36 59 60
 36 59 60 68
 36 57 76
 36 57 74 75
 36 57 58 74
 36 57 58 72
 36 57 58 72 73
 36 57 58 71 74
 36 57 58 71 72 73
 36 57 58 70 71
 36 57 58 69 70 74
 36 57 58 69 70 72 73
 36 57 58 60
 36 57 58 60 68
 36 55 76
 36 55 74 75
 36 49
 36 49 69
 36 49 67 68
 36 49 57
 36 49 55
 36 48 64 72
 36 48 64 71 72
 36 48 64 69 70 72
 36 48 64 69 70 71
 36 48 59 64 72
 36 48 59 64 70 71
 36 48 57 58 64 72
 36 48 57 58 64 70 71
 36 48 55 62 72
 36 48 55 62 70 71
 36 47
 36 47 71
 36 47 69 70
 36 47 59
 36 47 59 71
 36 47 59 69 70
 36 47 57 58
 36 47 57 58 71
 36 47 57 58 69 70
 36 46 47 64 72
 36 46 47 64 71 72
 36 46 47 64 69 70 72
 36 46 47 64 69 70 71
 36 46 47 59 64 72
 36 46 47 59 64 70 71
 36 46 47 57 58 64 72
 36 46 47 57 58 64 70 71
 36 46 47 55 62 72
 36 46 47 55 62 70 71
 36 45
 36 45 71
 36 45 69 70
 36 45 68 69
 36 45 67 68
 36 45 59
 36 45 57 58
 36 45 48 64
 36 45 48 64 71
 36 45 48 64 69 70
 36 45 48 59 64
 36 45 48 57 58 64
 36 45 48 55 62
 36 45 46 47 64
 36 45 46 47 64 71
 36 45 46 47 64 69 70
 36 45 46 47 59 64
 36 45 46 47 57 58 64
 36 45 46 47 55 62
 36 44 74
 36 44 72
 36 44 72 73
 36 44 70 71
 36 44 59 74
 36 44 59 72 73
 36 44 57 58 74
 36 44 57 58 72 73
 36 44 48 64 72
 36 44 48 64 70 71
 36 44 47
 36 44 47 59
 36 44 47 57 58
 36 44 46 47 64 72
 36 44 46 47 64 70 71
 36 44 45
 36 44 45 48 64
 36 44 45 46 47 64
 36 42 76
 36 42 74 75
 36 42 68 72
 36 42 68 70 71
 36 42 60 68
 36 42 60 68 71
 36 42 60 68 69
 36 42 60 68 69 71
 36 42 60 67 68
 36 42 60 67 68 71
 36 42 60 67 68 69 70
 36 42 60 61 68
 36 42 60 61 68 71
 36 42 60 61 68 69
 36 42 60 61 68 69 71
 36 42 60 61 67 68
 36 42 60 61 67 68 71
 36 42 60 61 67 68 69 70
 36 42 59 60 68
 36 42 59 60 68 71
 36 42 59 60 68 69
 36 42 59 60 68 69 71
 36 42 59 60 67 68
 36 42 59 60 67 68 71
 36 42 59 60 67 68 69 70
 36 42 59 60 61 68
 36 42 59 60 61 68 69
 36 42 59 60 61 67 68
 36 42 57 58 60 68
 36 42 57 58 60 68 69
 36 42 57 58 60 67 68
 36 42 57 58 60 61 68
 36 42 57 58 60 61 68 69
 36 42 57 58 60 61 67 68
 36 42 57 58 59 60 68
 36 42 57 58 59 60 68 69
 36 42 57 58 59 60 67 68
 36 42 49
 36 42 45 68
 36 42 44 60 68
 36 42 44 60 68 69
 36 42 44 60 67 68
 36 42 44 60 61 68
 36 42 44 60 61 68 69
 36 42 44 60 61 67 68
 36 42 44 59 60 68
 36 42 44 59 60 68 69
 36 42 44 59 60 67 68
 36 40 41 60 68 69
 36 40 41 60 68 69 71
 36 40 41 60 68 69 70
 36 40 41 60 67 68
 36 40 41 60 67 68 71
 36 40 41 60 67 68 69 70
 36 40 41 60 61 68 69
 36 40 41 60 61 68 69 71
 36 40 41 60 61 68 69 70
 36 40 41 60 61 67 68
 36 40 41 60 61 67 68 71
 36 40 41 60 61 67 68 69 70
 36 40 41 59 60 68 69
 36 40 41 59 60 68 69 71
 36 40 41 59 60 68 69 70
 36 40 41 59 60 67 68
 36 40 41 59 60 67 68 71
 36 40 41 59 60 67 68 69 70
 36 40 41 59 60 61 68 69
 36 40 41 59 60 61 67 68
 36 40 41 57 58 60 68 69
 36 40 41 57 58 60 67 68
 36 40 41 57 58 60 61 68 69
 36 40 41 57 58 60 61 67 68
 36 40 41 57 58 59 60 68 69
 36 40 41 57 58 59 60 67 68
 36 40 41 44 60 68 69
 36 40 41 44 60 67 68
 36 40 41 44 60 61 68 69
 36 40 41 44 60 61 67 68
 36 40 41 44 59 60 68 69
 36 40 41 44 59 60 67 68
 36 40 41 42 60 68
 36 40 41 42 60 68 71
 36 40 41 42 60 68 69 70
 36 40 41 42 60 61 68
 36 40 41 42 60 61 68 71
 36 40 41 42 60 61 68 69 70
 36 40 41 42 59 60 68
 36 40 41 42 59 60 68 71
 36 40 41 42 59 60 68 69 70
 36 40 41 42 59 60 61 68
 36 40 41 42 57 58 60 68
 36 40 41 42 57 58 60 61 68
 36 40 41 42 57 58 59 60 68
 36 40 41 42 44 60 68
 36 40 41 42 44 60 61 68
 36 40 41 42 44 59 60 68
 34 60
 34 60 68 74
 34 60 68 72
 34 60 68 72 73
 34 60 68 70 71
 34 47 60 68
 34 45 60 68
 34 44
 34 42 60 63 68
 34 42 60 63 68 71
 34 42 60 63 68 69
 34 42 60 63 68 69 71
 34 42 60 63 67 68
 34 42 60 63 67 68 71
 34 42 60 63 67 68 69 70
 34 42 60 61 62 68
 34 42 60 61 62 68 71
 34 42 60 61 62 68 69
 34 42 60 61 62 68 69 71
 34 42 60 61 62 67 68
 34 42 60 61 62 67 68 71
 34 42 60 61 62 67 68 69 70
 34 42 59 60 63 68
 34 42 59 60 63 68 69
 34 42 59 60 63 67 68
 34 42 59 60 61 62 68
 34 42 59 60 61 62 68 69
 34 42 59 60 61 62 67 68
 34 42 57 58 60 63 68
 34 42 57 58 60 63 68 69
 34 42 57 58 60 63 67 68
 34 42 57 58 60 61 62 68
 34 42 57 58 60 61 62 68 69
 34 42 57 58 60 61 62 67 68
 34 42 44 60 63 68
 34 42 44 60 63 68 69
 34 42 44 60 63 67 68
 34 42 44 60 61 62 68
 34 42 44 60 61 62 68 69
 34 42 44 60 61 62 67 68
 34 42 43
 34 40 41 60 63 68 69
 34 40 41 60 63 68 69 71
 34 40 41 60 63 68 69 70
 34 40 41 60 63 67 68
 34 40 41 60 63 67 68 71
 34 40 41 60 63 67 68 69 70
 34 40 41 60 61 62 68 69
 34 40 41 60 61 62 68 69 71
 34 40 41 60 61 62 68 69 70
 34 40 41 60 61 62 67 68
 34 40 41 60 61 62 67 68 71
 34 40 41 60 61 62 67 68 69 70
 34 40 41 59 60 63 68 69
 34 40 41 59 60 63 67 68
 34 40 41 59 60 61 62 68 69
 34 40 41 59 60 61 62 67 68
 34 40 41 57 58 60 63 68 69
 34 40 41 57 58 60 63 67 68
 34 40 41 57 58 60 61 62 68 69
 34 40 41 57 58 60 61 62 67 68
 34 40 41 44 60 63 68 69
 34 40 41 44 60 63 67 68
 34 40 41 44 60 61 62 68 69
 34 40 41 44 60 61 62 67 68
 34 40 41 42 60 63 68
 34 40 41 42 60 63 68 71
 34 40 41 42 60 63 68 69 70
 34 40 41 42 60 61 62 68
 34 40 41 42 60 61 62 68 71
 34 40 41 42 60 61 62 68 69 70
 34 40 41 42 59 60 63 68
 34 40 41 42 59 60 61 62 68
 34 40 41 42 57 58 60 63 68
 34 40 41 42 57 58 60 61 62 68
 34 40 41 42 44 60 63 68
 34 40 41 42 44 60 61 62 68
 34 36 42 60 68
 34 36 42 60 68 71
 34 36 42 60 68 69
 34 36 42 60 68 69 71
 34 36 42 60 67 68
 34 36 42 60 67 68 71
 34 36 42 60 67 68 69 70
 34 36 42 59 60 68
 34 36 42 59 60 68 69
 34 36 42 59 60 67 68
 34 36 42 57 58 60 68
 34 36 42 57 58 60 68 69
 34 36 42 57 58 60 67 68
 34 36 42 44 60 68
 34 36 42 44 60 68 69
 34 36 42 44 60 67 68
 34 36 40 41 60 68 69
 34 36 40 41 60 68 69 71
 34 36 40 41 60 68 69 70
 34 36 40 41 60 67 68
 34 36 40 41 60 67 68 71
 34 36 40 41 60 67 68 69 70
 34 36 40 41 59 60 68 69
 34 36 40 41 59 60 67 68
 34 36 40 41 57 58 60 68 69
 34 36 40 41 57 58 60 67 68
 34 36 40 41 44 60 68 69
 34 36 40 41 44 60 67 68
 34 36 40 41 42 60 68
 34 36 40 41 42 60 68 71
 34 36 40 41 42 60 68 69 70
 34 36 40 41 42 59 60 68
 34 36 40 41 42 57 58 60 68
 34 36 40 41 42 44 60 68
 32 63 74
 32 63 72 73
 32 63 71 74
 32 63 71 72 73
 32 63 69 70 74
 32 63 69 70 72 73
 32 62
 32 62 68 71
 32 62 68 69 70
 32 61 62 74
 32 61 62 72 73
 32 61 62 71 74
 32 61 62 71 72 73
 32 61 62 69 70 74
 32 61 62 69 70 72 73
 32 60
 32 60 68 74
 32 60 68 72 73
 32 60 63
 32 60 63 68
 32 60 61 62
 32 60 61 62 68
 32 59 63 74
 32 59 63 72 73
 32 59 61 62 74
 32 59 61 62 72 73
 32 57 58 63 74
 32 57 58 63 72 73
 32 57 58 61 62 74
 32 57 58 61 62 72 73
 32 52 58 60
 32 52 58 60 71
 32 52 58 60 69 70
 32 52 58 59 60
 32 52 57 58 60
 32 50 51 58 60
 32 50 51 58 60 71
 32 50 51 58 60 69 70
 32 50 51 58 59 60
 32 50 51 57 58 60
 32 48 55 62 72
 32 48 55 62 70 71
 32 47 63
 32 47 63 71
 32 47 63 69 70
 32 47 61 62
 32 47 61 62 71
 32 47 61 62 69 70
 32 47 60 68
 32 47 59 63
 32 47 59 61 62
 32 47 57 58 63
 32 47 57 58 61 62
 32 46 47 55 62 72
 32 46 47 55 62 70 71
 32 45 48 55 62
 32 45 46 47 55 62
 32 44
 32 44 71 72
 32 44 70 71
 32 44 69 70 72
 32 44 69 70 71
 32 44 63 74
 32 44 63 72 73
 32 44 62 71 72
 32 44 62 71 72 78 79
 32 44 62 70 71
 32 44 62 70 71 78 79
 32 44 62 69 70 72
 32 44 62 69 70 72 78 79
 32 44 62 69 70 71
 32 44 62 69 70 71 78 79
 32 44 62 68
 32 44 61 62 74
 32 44 61 62 72 73
 32 44 59 72
 32 44 59 70 71
 32 44 59 62 72
 32 44 59 62 72 78 79
 32 44 59 62 70 71
 32 44 59 62 70 71 78 79
 32 44 57 58 72
 32 44 57 58 70 71
 32 44 57 58 62 72
 32 44 57 58 62 72 78 79
 32 44 57 58 62 70 71
 32 44 57 58 62 70 71 78 79
 32 44 53 62 71 72
 32 44 53 62 70 71
 32 44 53 62 69 70 72
 32 44 53 62 69 70 71
 32 44 53 59 62 72
 32 44 53 59 62 70 71
 32 44 53 57 58 62 72
 32 44 53 57 58 62 70 71
 32 44 52 58 60
 32 44 50 51 58 60
 32 44 47 63
 32 44 47 61 62
 32 44 45 71
 32 44 45 69 70
 32 44 45 62 71
 32 44 45 62 71 78 79
 32 44 45 62 69 70
 32 44 45 62 69 70 78 79
 32 44 45 59
 32 44 45 59 62
 32 44 45 59 62 78 79
 32 44 45 57 58
 32 44 45 57 58 62
 32 44 45 57 58 62 78 79
 32 44 45 53 62 71
 32 44 45 53 62 69 70
 32 44 45 53 59 62
 32 44 45 53 57 58 62
 32 42 43
 32 42 43 62 72 78 79
 32 42 43 62 71 72 78 79
 32 42 43 62 69 70 72 78 79
 32 42 43 62 69 70 71 78 79
 32 42 43 59 62 72 78 79
 32 42 43 59 62 70 71 78 79
 32 42 43 57 58 62 72 78 79
 32 42 43 57 58 62 70 71 78 79
 32 42 43 53 62 72
 32 42 43 53 62 71 72
 32 42 43 53 62 69 70 72
 32 42 43 53 62 69 70 71
 32 42 43 53 59 62 72
 32 42 43 53 59 62 70 71
 32 42 43 53 57 58 62 72
 32 42 43 53 57 58 62 70 71
 32 42 43 45 62 78 79
 32 42 43 45 62 71 78 79
 32 42 43 45 62 69 70 78 79
 32 42 43 45 59 62 78 79
 32 42 43 45 57 58 62 78 79
 32 42 43 45 53 62
 32 42 43 45 53 62 71
 32 42 43 45 53 62 69 70
 32 42 43 45 53 59 62
 32 42 43 45 53 57 58 62
 32 42 43 44 71 72
 32 42 43 44 70 71
 32 42 43 44 69 70 72
 32 42 43 44 69 70 71
 32 42 43 44 62 72 78 79
 32 42 43 44 62 71 72
 32 42 43 44 62 70 71
 32 42 43 44 62 70 71 78 79
 32 42 43 44 62 69 70 72
 32 42 43 44 62 69 70 71
 32 42 43 44 59 72
 32 42 43 44 59 70 71
 32 42 43 44 59 62 72
 32 42 43 44 59 62 70 71
 32 42 43 44 57 58 72
 32 42 43 44 57 58 70 71
 32 42 43 44 57 58 62 72
 32 42 43 44 57 58 62 70 71
 32 42 43 44 53 62 72
 32 42 43 44 53 62 70 71
 32 42 43 44 45 71
 32 42 43 44 45 69 70
 32 42 43 44 45 62 78 79
 32 42 43 44 45 62 71
 32 42 43 44 45 62 69 70
 32 42 43 44 45 59
 32 42 43 44 45 59 62
 32 42 43 44 45 57 58
 32 42 43 44 45 57 58 62
 32 42 43 44 45 53 62
 32 36 74
 32 36 72 73
 32 36 71 74
 32 36 71 72 73
 32 36 69 70 74
 32 36 69 70 72 73
 32 36 60
 32 36 60 68
 32 36 59 74
 32 36 59 72 73
 32 36 57 58 74
 32 36 57 58 72 73
 32 36 47
 32 36 47 71
 32 36 47 69 70
 32 36 47 59
 32 36 47 57 58
 32 36 44 74
 32 36 44 72 73
 32 36 44 47
 29 61 69 72
 29 61 69 70 71
 29 61 67 68 72
 29 61 67 68 70 71
 29 59 60 69 72
 29 59 60 69 70 71
 29 59 60 67 68 72
 29 59 60 67 68 70 71
 29 45 61 69
 29 45 61 67 68
 29 45 59 60 69
 29 45 59 60 67 68
 29 42 61 78
 29 42 61 76 77
 29 42 61 72
 29 42 61 70 71
 29 42 59 60 78
 29 42 59 60 76 77
 29 42 59 60 72
 29 42 59 60 70 71
 29 42 51 61
 29 42 51 59 60
 29 42 45 61
 29 42 45 59 60
 29 40 41 61 78
 29 40 41 61 76 77
 29 40 41 59 60 78
 29 40 41 59 60 76 77
 29 40 41 51 61
 29 40 41 51 59 60
 29 34 69 72
 29 34 69 70 71
 29 34 67 68 72
 29 34 67 68 70 71
 29 34 45 69
 29 34 45 67 68
 29 34 42 78
 29 34 42 76 77
 29 34 42 72
 29 34 42 70 71
 29 34 42 51
 29 34 42 45
 29 34 40 41 78
 29 34 40 41 76 77
 29 34 40 41 51
 28 29 63 69 72
 28 29 63 69 70 71
 28 29 63 67 68 72
 28 29 63 67 68 70 71
 28 29 61 62 69 72
 28 29 61 62 69 70 71
 28 29 61 62 67 68 72
 28 29 61 62 67 68 70 71
 28 29 45 63 69
 28 29 45 63 67 68
 28 29 45 61 62 69
 28 29 45 61 62 67 68
 28 29 42 63 72
 28 29 42 63 70 71
 28 29 42 61 62 72
 28 29 42 61 62 70 71
 28 29 42 45 63
 28 29 42 45 61 62
 28 29 36 69 72
 28 29 36 69 70 71
 28 29 36 67 68 72
 28 29 36 67 68 70 71
 28 29 36 45 69
 28 29 36 45 67 68
 28 29 36 42 72
 28 29 36 42 70 71
 28 29 36 42 45
 27 69 72
 27 69 70 71
 27 67 68 72
 27 67 68 70 71
 27 63 69 72
 27 63 69 70 71
 27 63 67 68 72
 27 63 67 68 70 71
 27 61 62 69 72
 27 61 62 69 70 71
 27 61 62 67 68 72
 27 61 62 67 68 70 71
 27 45 69
 27 45 67 68
 27 45 63 69
 27 45 63 67 68
 27 45 61 62 69
 27 45 61 62 67 68
 27 42 72
 27 42 70 71
 27 42 63 72
 27 42 63 70 71
 27 42 61 62 72
 27 42 61 62 70 71
 27 42 45
 27 42 45 63
 27 42 45 61 62
 27 36 69 72
 27 36 69 70 71
 27 36 67 68 72
 27 36 67 68 70 71
 27 36 45 69
 27 36 45 67 68
 27 36 42 72
 27 36 42 70 71
 27 36 42 45
 27 29 63 69 72
 27 29 63 69 70 71
 27 29 63 67 68 72
 27 29 63 67 68 70 71
 27 29 61 62 69 72
 27 29 61 62 69 70 71
 27 29 61 62 67 68 72
 27 29 61 62 67 68 70 71
 27 29 45 63 69
 27 29 45 63 67 68
 27 29 45 61 62 69
 27 29 45 61 62 67 68
 27 29 42 63 72
 27 29 42 63 70 71
 27 29 42 61 62 72
 27 29 42 61 62 70 71
 27 29 42 45 63
 27 29 42 45 61 62
 27 29 36 69 72
 27 29 36 69 70 71
 27 29 36 67 68 72
 27 29 36 67 68 70 71
 27 29 36 45 69
 27 29 36 45 67 68
 27 29 36 42 72
 27 29 36 42 70 71
 27 29 36 42 45
 27 28 61 69 72
 27 28 61 69 70 71
 27 28 61 67 68 72
 27 28 61 67 68 70 71
 27 28 59 60 69 72
 27 28 59 60 69 70 71
 27 28 59 60 67 68 72
 27 28 59 60 67 68 70 71
 27 28 45 61 69
 27 28 45 61 67 68
 27 28 45 59 60 69
 27 28 45 59 60 67 68
 27 28 42 61 78
 27 28 42 61 76 77
 27 28 42 61 72
 27 28 42 61 70 71
 27 28 42 59 60 78
 27 28 42 59 60 76 77
 27 28 42 59 60 72
 27 28 42 59 60 70 71
 27 28 42 51 61
 27 28 42 51 59 60
 27 28 42 45 61
 27 28 42 45 59 60
 27 28 40 41 61 78
 27 28 40 41 61 76 77
 27 28 40 41 59 60 78
 27 28 40 41 59 60 76 77
 27 28 40 41 51 61
 27 28 40 41 51 59 60
 27 28 34 69 72
 27 28 34 69 70 71
 27 28 34 67 68 72
 27 28 34 67 68 70 71
 27 28 34 45 69
 27 28 34 45 67 68
 27 28 34 42 78
 27 28 34 42 76 77
 27 28 34 42 72
 27 28 34 42 70 71
 27 28 34 42 51
 27 28 34 42 45
 27 28 34 40 41 78
 27 28 34 40 41 76 77
 27 28 34 40 41 51
 26 63 69 72
 26 63 69 70 71
 26 63 67 68 72
 26 63 67 68 70 71
 26 62
 26 61 62 69 72
 26 61 62 69 70 71
 26 61 62 67 68 72
 26 61 62 67 68 70 71
 26 60 72
 26 60 70 71
 26 60 61 74
 26 60 61 72
 26 60 61 72 73
 26 60 61 70 71
 26 59 62 71
 26 59 62 69 70
 26 59 60 72
 26 59 60 70 71
 26 59 60 63
 26 59 60 61 62
 26 57 58 62 71
 26 57 58 62 69 70
 26 57 58 60 74
 26 57 58 60 72 73
 26 57 58 60 63
 26 57 58 60 61 62
 26 47 60 61
 26 47 57 58 60
 26 45 63 69
 26 45 63 67 68
 26 45 61 62 69
 26 45 61 62 67 68
 26 45 60
 26 45 60 61
 26 45 59 60
 26 44 59 62
 26 44 57 58 62
 26 42 63 72
 26 42 63 70 71
 26 42 61 62 72
 26 42 61 62 70 71
 26 42 60 63
 26 42 60 63 71
 26 42 60 63 69
 26 42 60 63 69 71
 26 42 60 63 67 68
 26 42 60 63 67 68 71
 26 42 60 63 67 68 69 70
 26 42 60 61 63
 26 42 60 61 63 71
 26 42 60 61 63 69
 26 42 60 61 63 69 71
 26 42 60 61 63 67 68
 26 42 60 61 63 67 68 71
 26 42 60 61 63 67 68 69 70
 26 42 59 60 63
 26 42 59 60 63 71
 26 42 59 60 63 69
 26 42 59 60 63 69 71
 26 42 59 60 63 67 68
 26 42 59 60 63 67 68 71
 26 42 59 60 63 67 68 69 70
 26 42 59 60 61 63
 26 42 59 60 61 63 69
 26 42 59 60 61 63 67 68
 26 42 59 60 61 62 71
 26 42 59 60 61 62 69 71
 26 42 59 60 61 62 67 68 71
 26 42 59 60 61 62 67 68 69 70
 26 42 57 58 60 63
 26 42 57 58 60 63 69
 26 42 57 58 60 63 67 68
 26 42 57 58 60 61 63
 26 42 57 58 60 61 63 69
 26 42 57 58 60 61 63 67 68
 26 42 57 58 59 60 63
 26 42 57 58 59 60 63 69
 26 42 57 58 59 60 63 67 68
 26 42 57 58 59 60 61 62
 26 42 57 58 59 60 61 62 69
 26 42 57 58 59 60 61 62 67 68
 26 42 45 63
 26 42 45 61 62
 26 42 44 60 63
 26 42 44 60 63 69
 26 42 44 60 63 67 68
 26 42 44 60 61 63
 26 42 44 60 61 63 69
 26 42 44 60 61 63 67 68
 26 42 44 59 60 63
 26 42 44 59 60 63 69
 26 42 44 59 60 63 67 68
 26 42 44 59 60 61 62
 26 42 44 59 60 61 62 69
 26 42 44 59 60 61 62 67 68
 26 40 41 60 63 69
 26 40 41 60 63 69 71
 26 40 41 60 63 69 70
 26 40 41 60 63 67 68
 26 40 41 60 63 67 68 71
 26 40 41 60 63 67 68 69 70
 26 40 41 60 61 63 69
 26 40 41 60 61 63 69 71
 26 40 41 60 61 63 69 70
 26 40 41 60 61 63 67 68
 26 40 41 60 61 63 67 68 71
 26 40 41 60 61 63 67 68 69 70
 26 40 41 59 60 63 69
 26 40 41 59 60 63 69 71
 26 40 41 59 60 63 69 70
 26 40 41 59 60 63 67 68
 26 40 41 59 60 63 67 68 71
 26 40 41 59 60 63 67 68 69 70
 26 40 41 59 60 61 63 69
 26 40 41 59 60 61 63 67 68
 26 40 41 59 60 61 62 69 71
 26 40 41 59 60 61 62 69 70
 26 40 41 59 60 61 62 67 68 71
 26 40 41 59 60 61 62 67 68 69 70
 26 40 41 57 58 60 63 69
 26 40 41 57 58 60 63 67 68
 26 40 41 57 58 60 61 63 69
 26 40 41 57 58 60 61 63 67 68
 26 40 41 57 58 59 60 63 69
 26 40 41 57 58 59 60 63 67 68
 26 40 41 57 58 59 60 61 62 69
 26 40 41 57 58 59 60 61 62 67 68
 26 40 41 44 60 63 69
 26 40 41 44 60 63 67 68
 26 40 41 44 60 61 63 69
 26 40 41 44 60 61 63 67 68
 26 40 41 44 59 60 63 69
 26 40 41 44 59 60 63 67 68
 26 40 41 44 59 60 61 62 69
 26 40 41 44 59 60 61 62 67 68
 26 40 41 42 60 63
 26 40 41 42 60 63 71
 26 40 41 42 60 63 69 70
 26 40 41 42 60 61 63
 26 40 41 42 60 61 63 71
 26 40 41 42 60 61 63 69 70
 26 40 41 42 59 60 63
 26 40 41 42 59 60 63 71
 26 40 41 42 59 60 63 69 70
 26 40 41 42 59 60 61 63
 26 40 41 42 59 60 61 62 71
 26 40 41 42 59 60 61 62 69 70
 26 40 41 42 57 58 60 63
 26 40 41 42 57 58 60 61 63
 26 40 41 42 57 58 59 60 63
 26 40 41 42 57 58 59 60 61 62
 26 40 41 42 44 60 63
 26 40 41 42 44 60 61 63
 26 40 41 42 44 59 60 63
 26 40 41 42 44 59 60 61 62
 26 36 69 72
 26 36 69 70 71
 26 36 67 68 72
 26 36 67 68 70 71
 26 36 59 60
 26 36 57 58 60
 26 36 45 69
 26 36 45 67 68
 26 36 42 72
 26 36 42 70 71
 26 36 42 60
 26 36 42 60 71
 26 36 42 60 69
 26 36 42 60 69 71
 26 36 42 60 67 68
 26 36 42 60 67 68 71
 26 36 42 60 67 68 69 70
 26 36 42 60 61
 26 36 42 60 61 71
 26 36 42 60 61 69
 26 36 42 60 61 69 71
 26 36 42 60 61 67 68
 26 36 42 60 61 67 68 71
 26 36 42 60 61 67 68 69 70
 26 36 42 59 60
 26 36 42 59 60 71
 26 36 42 59 60 69
 26 36 42 59 60 69 71
 26 36 42 59 60 67 68
 26 36 42 59 60 67 68 71
 26 36 42 59 60 67 68 69 70
 26 36 42 59 60 61
 26 36 42 59 60 61 69
 26 36 42 59 60 61 67 68
 26 36 42 57 58 60
 26 36 42 57 58 60 69
 26 36 42 57 58 60 67 68
 26 36 42 57 58 60 61
 26 36 42 57 58 60 61 69
 26 36 42 57 58 60 61 67 68
 26 36 42 57 58 59 60
 26 36 42 57 58 59 60 69
 26 36 42 57 58 59 60 67 68
 26 36 42 45
 26 36 42 44 60
 26 36 42 44 60 69
 26 36 42 44 60 67 68
 26 36 42 44 60 61
 26 36 42 44 60 61 69
 26 36 42 44 60 61 67 68
 26 36 42 44 59 60
 26 36 42 44 59 60 69
 26 36 42 44 59 60 67 68
 26 36 40 41 60 69
 26 36 40 41 60 69 71
 26 36 40 41 60 69 70
 26 36 40 41 60 67 68
 26 36 40 41 60 67 68 71
 26 36 40 41 60 67 68 69 70
 26 36 40 41 60 61 69
 26 36 40 41 60 61 69 71
 26 36 40 41 60 61 69 70
 26 36 40 41 60 61 67 68
 26 36 40 41 60 61 67 68 71
 26 36 40 41 60 61 67 68 69 70
 26 36 40 41 59 60 69
 26 36 40 41 59 60 69 71
 26 36 40 41 59 60 69 70
 26 36 40 41 59 60 67 68
 26 36 40 41 59 60 67 68 71
 26 36 40 41 59 60 67 68 69 70
 26 36 40 41 59 60 61 69
 26 36 40 41 59 60 61 67 68
 26 36 40 41 57 58 60 69
 26 36 40 41 57 58 60 67 68
 26 36 40 41 57 58 60 61 69
 26 36 40 41 57 58 60 61 67 68
 26 36 40 41 57 58 59 60 69
 26 36 40 41 57 58 59 60 67 68
 26 36 40 41 44 60 69
 26 36 40 41 44 60 67 68
 26 36 40 41 44 60 61 69
 26 36 40 41 44 60 61 67 68
 26 36 40 41 44 59 60 69
 26 36 40 41 44 59 60 67 68
 26 36 40 41 42 60
 26 36 40 41 42 60 71
 26 36 40 41 42 60 69 70
 26 36 40 41 42 60 61
 26 36 40 41 42 60 61 71
 26 36 40 41 42 60 61 69 70
 26 36 40 41 42 59 60
 26 36 40 41 42 59 60 71
 26 36 40 41 42 59 60 69 70
 26 36 40 41 42 59 60 61
 26 36 40 41 42 57 58 60
 26 36 40 41 42 57 58 60 61
 26 36 40 41 42 57 58 59 60
 26 36 40 41 42 44 60
 26 36 40 41 42 44 60 61
 26 36 40 41 42 44 59 60
 26 34 60 74
 26 34 60 72
 26 34 60 72 73
 26 34 60 70 71
 26 34 47 60
 26 34 45 60
 26 34 42 60 63
 26 34 42 60 63 71
 26 34 42 60 63 69
 26 34 42 60 63 69 71
 26 34 42 60 63 67 68
 26 34 42 60 63 67 68 71
 26 34 42 60 63 67 68 69 70
 26 34 42 60 61 62
 26 34 42 60 61 62 71
 26 34 42 60 61 62 69
 26 34 42 60 61 62 69 71
 26 34 42 60 61 62 67 68
 26 34 42 60 61 62 67 68 71
 26 34 42 60 61 62 67 68 69 70
 26 34 42 59 60 63
 26 34 42 59 60 63 69
 26 34 42 59 60 63 67 68
 26 34 42 59 60 61 62
 26 34 42 59 60 61 62 69
 26 34 42 59 60 61 62 67 68
 26 34 42 57 58 60 63
 26 34 42 57 58 60 63 69
 26 34 42 57 58 60 63 67 68
 26 34 42 57 58 60 61 62
 26 34 42 57 58 60 61 62 69
 26 34 42 57 58 60 61 62 67 68
 26 34 42 44 60 63
 26 34 42 44 60 63 69
 26 34 42 44 60 63 67 68
 26 34 42 44 60 61 62
 26 34 42 44 60 61 62 69
 26 34 42 44 60 61 62 67 68
 26 34 40 41 60 63 69
 26 34 40 41 60 63 69 71
 26 34 40 41 60 63 69 70
 26 34 40 41 60 63 67 68
 26 34 40 41 60 63 67 68 71
 26 34 40 41 60 63 67 68 69 70
 26 34 40 41 60 61 62 69
 26 34 40 41 60 61 62 69 71
 26 34 40 41 60 61 62 69 70
 26 34 40 41 60 61 62 67 68
 26 34 40 41 60 61 62 67 68 71
 26 34 40 41 60 61 62 67 68 69 70
 26 34 40 41 59 60 63 69
 26 34 40 41 59 60 63 67 68
 26 34 40 41 59 60 61 62 69
 26 34 40 41 59 60 61 62 67 68
 26 34 40 41 57 58 60 63 69
 26 34 40 41 57 58 60 63 67 68
 26 34 40 41 57 58 60 61 62 69
 26 34 40 41 57 58 60 61 62 67 68
 26 34 40 41 44 60 63 69
 26 34 40 41 44 60 63 67 68
 26 34 40 41 44 60 61 62 69
 26 34 40 41 44 60 61 62 67 68
 26 34 40 41 42 60 63
 26 34 40 41 42 60 63 71
 26 34 40 41 42 60 63 69 70
 26 34 40 41 42 60 61 62
 26 34 40 41 42 60 61 62 71
 26 34 40 41 42 60 61 62 69 70
 26 34 40 41 42 59 60 63
 26 34 40 41 42 59 60 61 62
 26 34 40 41 42 57 58 60 63
 26 34 40 41 42 57 58 60 61 62
 26 34 40 41 42 44 60 63
 26 34 40 41 42 44 60 61 62
 26 34 36 42 60
 26 34 36 42 60 71
 26 34 36 42 60 69
 26 34 36 42 60 69 71
 26 34 36 42 60 67 68
 26 34 36 42 60 67 68 71
 26 34 36 42 60 67 68 69 70
 26 34 36 42 59 60
 26 34 36 42 59 60 69
 26 34 36 42 59 60 67 68
 26 34 36 42 57 58 60
 26 34 36 42 57 58 60 69
 26 34 36 42 57 58 60 67 68
 26 34 36 42 44 60
 26 34 36 42 44 60 69
 26 34 36 42 44 60 67 68
 26 34 36 40 41 60 69
 26 34 36 40 41 60 69 71
 26 34 36 40 41 60 69 70
 26 34 36 40 41 60 67 68
 26 34 36 40 41 60 67 68 71
 26 34 36 40 41 60 67 68 69 70
 26 34 36 40 41 59 60 69
 26 34 36 40 41 59 60 67 68
 26 34 36 40 41 57 58 60 69
 26 34 36 40 41 57 58 60 67 68
 26 34 36 40 41 44 60 69
 26 34 36 40 41 44 60 67 68
 26 34 36 40 41 42 60
 26 34 36 40 41 42 60 71
 26 34 36 40 41 42 60 69 70
 26 34 36 40 41 42 59 60
 26 34 36 40 41 42 57 58 60
 26 34 36 40 41 42 44 60
 26 32 62 71
 26 32 62 69 70
 26 32 60 74
 26 32 60 72 73
 26 32 60 63
 26 32 60 61 62
 26 32 47 60
 26 32 44 62
 26 32 36 60
 26 27 29 63 69 72
 26 27 29 63 69 70 71
 26 27 29 63 67 68 72
 26 27 29 63 67 68 70 71
 26 27 29 61 62 69 72
 26 27 29 61 62 69 70 71
 26 27 29 61 62 67 68 72
 26 27 29 61 62 67 68 70 71
 26 27 29 45 63 69
 26 27 29 45 63 67 68
 26 27 29 45 61 62 69
 26 27 29 45 61 62 67 68
 26 27 29 42 63 72
 26 27 29 42 63 70 71
 26 27 29 42 61 62 72
 26 27 29 42 61 62 70 71
 26 27 29 42 45 63
 26 27 29 42 45 61 62
 26 27 29 36 69 72
 26 27 29 36 69 70 71
 26 27 29 36 67 68 72
 26 27 29 36 67 68 70 71
 26 27 29 36 45 69
 26 27 29 36 45 67 68
 26 27 29 36 42 72
 26 27 29 36 42 70 71
 26 27 29 36 42 45
 26 27 28 63 69 72
 26 27 28 63 69 70 71
 26 27 28 63 67 68 72
 26 27 28 63 67 68 70 71
 26 27 28 61 62 69 72
 26 27 28 61 62 69 70 71
 26 27 28 61 62 67 68 72
 26 27 28 61 62 67 68 70 71
 26 27 28 45 63 69
 26 27 28 45 63 67 68
 26 27 28 45 61 62 69
 26 27 28 45 61 62 67 68
 26 27 28 42 63 72
 26 27 28 42 63 70 71
 26 27 28 42 61 62 72
 26 27 28 42 61 62 70 71
 26 27 28 42 45 63
 26 27 28 42 45 61 62
 26 27 28 36 69 72
 26 27 28 36 69 70 71
 26 27 28 36 67 68 72
 26 27 28 36 67 68 70 71
 26 27 28 36 45 69
 26 27 28 36 45 67 68
 26 27 28 36 42 72
 26 27 28 36 42 70 71
 26 27 28 36 42 45
 25 59 60
 25 58 59 60 71
 25 58 59 60 69 70
 25 57 58 60
 25 57 58 60 71
 25 57 58 60 69 70
 25 44 58 59 60
 25 44 57 58 60
 25 32 60
 25 32 58 60
 25 32 58 60 71
 25 32 58 60 69 70
 25 32 58 59 60
 25 32 57 58 60
 25 32 44 58 60
 25 26 69 72
 25 26 69 70 71
 25 26 67 68 72
 25 26 67 68 70 71
 25 26 63 69 72
 25 26 63 69 70 71
 25 26 63 67 68 72
 25 26 63 67 68 70 71
 25 26 61 62 69 72
 25 26 61 62 69 70 71
 25 26 61 62 67 68 72
 25 26 61 62 67 68 70 71
 25 26 45 69
 25 26 45 67 68
 25 26 45 63 69
 25 26 45 63 67 68
 25 26 45 61 62 69
 25 26 45 61 62 67 68
 25 26 42 72
 25 26 42 70 71
 25 26 42 63 72
 25 26 42 63 70 71
 25 26 42 61 62 72
 25 26 42 61 62 70 71
 25 26 42 45
 25 26 42 45 63
 25 26 42 45 61 62
 25 26 36 69 72
 25 26 36 69 70 71
 25 26 36 67 68 72
 25 26 36 67 68 70 71
 25 26 36 45 69
 25 26 36 45 67 68
 25 26 36 42 72
 25 26 36 42 70 71
 25 26 36 42 45
 25 26 29 63 69 72
 25 26 29 63 69 70 71
 25 26 29 63 67 68 72
 25 26 29 63 67 68 70 71
 25 26 29 61 62 69 72
 25 26 29 61 62 69 70 71
 25 26 29 61 62 67 68 72
 25 26 29 61 62 67 68 70 71
 25 26 29 45 63 69
 25 26 29 45 63 67 68
 25 26 29 45 61 62 69
 25 26 29 45 61 62 67 68
 25 26 29 42 63 72
 25 26 29 42 63 70 71
 25 26 29 42 61 62 72
 25 26 29 42 61 62 70 71
 25 26 29 42 45 63
 25 26 29 42 45 61 62
 25 26 29 36 69 72
 25 26 29 36 69 70 71
 25 26 29 36 67 68 72
 25 26 29 36 67 68 70 71
 25 26 29 36 45 69
 25 26 29 36 45 67 68
 25 26 29 36 42 72
 25 26 29 36 42 70 71
 25 26 29 36 42 45
 25 26 27 28 63 69 72
 25 26 27 28 63 69 70 71
 25 26 27 28 63 67 68 72
 25 26 27 28 63 67 68 70 71
 25 26 27 28 61 62 69 72
 25 26 27 28 61 62 69 70 71
 25 26 27 28 61 62 67 68 72
 25 26 27 28 61 62 67 68 70 71
 25 26 27 28 45 63 69
 25 26 27 28 45 63 67 68
 25 26 27 28 45 61 62 69
 25 26 27 28 45 61 62 67 68
 25 26 27 28 42 63 72
 25 26 27 28 42 63 70 71
 25 26 27 28 42 61 62 72
 25 26 27 28 42 61 62 70 71
 25 26 27 28 42 45 63
 25 26 27 28 42 45 61 62
 25 26 27 28 36 69 72
 25 26 27 28 36 69 70 71
 25 26 27 28 36 67 68 72
 25 26 27 28 36 67 68 70 71
 25 26 27 28 36 45 69
 25 26 27 28 36 45 67 68
 25 26 27 28 36 42 72
 25 26 27 28 36 42 70 71
 25 26 27 28 36 42 45
 24 25 63 69 72
 24 25 63 69 70 71
 24 25 63 67 68 72
 24 25 63 67 68 70 71
 24 25 62
 24 25 61 62 69 72
 24 25 61 62 69 70 71
 24 25 61 62 67 68 72
 24 25 61 62 67 68 70 71
 24 25 60 72
 24 25 60 70 71
 24 25 60 61 74
 24 25 60 61 72
 24 25 60 61 72 73
 24 25 60 61 70 71
 24 25 59 62 71
 24 25 59 62 69 70
 24 25 59 60 72
 24 25 59 60 70 71
 24 25 59 60 63
 24 25 59 60 61 62
 24 25 57 58 62 71
 24 25 57 58 62 69 70
 24 25 57 58 60 74
 24 25 57 58 60 72 73
 24 25 57 58 60 63
 24 25 57 58 60 61 62
 24 25 47 60 61
 24 25 47 57 58 60
 24 25 45 63 69
 24 25 45 63 67 68
 24 25 45 61 62 69
 24 25 45 61 62 67 68
 24 25 45 60
 24 25 45 60 61
 24 25 45 59 60
 24 25 44 59 62
 24 25 44 57 58 62
 24 25 42 63 72
 24 25 42 63 70 71
 24 25 42 61 62 72
 24 25 42 61 62 70 71
 24 25 42 60 63
 24 25 42 60 63 71
 24 25 42 60 63 69
 24 25 42 60 63 69 71
 24 25 42 60 63 67 68
 24 25 42 60 63 67 68 71
 24 25 42 60 63 67 68 69 70
 24 25 42 60 61 63
 24 25 42 60 61 63 71
 24 25 42 60 61 63 69
 24 25 42 60 61 63 69 71
 24 25 42 60 61 63 67 68
 24 25 42 60 61 63 67 68 71
 24 25 42 60 61 63 67 68 69 70
 24 25 42 59 60 63
 24 25 42 59 60 63 71
 24 25 42 59 60 63 69
 24 25 42 59 60 63 69 71
 24 25 42 59 60 63 67 68
 24 25 42 59 60 63 67 68 71
 24 25 42 59 60 63 67 68 69 70
 24 25 42 59 60 61 63
 24 25 42 59 60 61 63 69
 24 25 42 59 60 61 63 67 68
 24 25 42 59 60 61 62 71
 24 25 42 59 60 61 62 69 71
 24 25 42 59 60 61 62 67 68 71
 24 25 42 59 60 61 62 67 68 69 70
 24 25 42 57 58 60 63
 24 25 42 57 58 60 63 69
 24 25 42 57 58 60 63 67 68
 24 25 42 57 58 60 61 63
 24 25 42 57 58 60 61 63 69
 24 25 42 57 58 60 61 63 67 68
 24 25 42 57 58 59 60 63
 24 25 42 57 58 59 60 63 69
 24 25 42 57 58 59 60 63 67 68
 24 25 42 57 58 59 60 61 62
 24 25 42 57 58 59 60 61 62 69
 24 25 42 57 58 59 60 61 62 67 68
 24 25 42 45 63
 24 25 42 45 61 62
 24 25 42 44 60 63
 24 25 42 44 60 63 69
 24 25 42 44 60 63 67 68
 24 25 42 44 60 61 63
 24 25 42 44 60 61 63 69
 24 25 42 44 60 61 63 67 68
 24 25 42 44 59 60 63
 24 25 42 44 59 60 63 69
 24 25 42 44 59 60 63 67 68
 24 25 42 44 59 60 61 62
 24 25 42 44 59 60 61 62 69
 24 25 42 44 59 60 61 62 67 68
 24 25 40 41 60 63 69
 24 25 40 41 60 63 69 71
 24 25 40 41 60 63 69 70
 24 25 40 41 60 63 67 68
 24 25 40 41 60 63 67 68 71
 24 25 40 41 60 63 67 68 69 70
 24 25 40 41 60 61 63 69
 24 25 40 41 60 61 63 69 71
 24 25 40 41 60 61 63 69 70
 24 25 40 41 60 61 63 67 68
 24 25 40 41 60 61 63 67 68 71
 24 25 40 41 60 61 63 67 68 69 70
 24 25 40 41 59 60 63 69
 24 25 40 41 59 60 63 69 71
 24 25 40 41 59 60 63 69 70
 24 25 40 41 59 60 63 67 68
 24 25 40 41 59 60 63 67 68 71
 24 25 40 41 59 60 63 67 68 69 70
 24 25 40 41 59 60 61 63 69
 24 25 40 41 59 60 61 63 67 68
 24 25 40 41 59 60 61 62 69 71
 24 25 40 41 59 60 61 62 69 70
 24 25 40 41 59 60 61 62 67 68 71
 24 25 40 41 59 60 61 62 67 68 69 70
 24 25 40 41 57 58 60 63 69
 24 25 40 41 57 58 60 63 67 68
 24 25 40 41 57 58 60 61 63 69
 24 25 40 41 57 58 60 61 63 67 68
 24 25 40 41 57 58 59 60 63 69
 24 25 40 41 57 58 59 60 63 67 68
 24 25 40 41 57 58 59 60 61 62 69
 24 25 40 41 57 58 59 60 61 62 67 68
 24 25 40 41 44 60 63 69
 24 25 40 41 44 60 63 67 68
 24 25 40 41 44 60 61 63 69
 24 25 40 41 44 60 61 63 67 68
 24 25 40 41 44 59 60 63 69
 24 25 40 41 44 59 60 63 67 68
 24 25 40 41 44 59 60 61 62 69
 24 25 40 41 44 59 60 61 62 67 68
 24 25 40 41 42 60 63
 24 25 40 41 42 60 63 71
 24 25 40 41 42 60 63 69 70
 24 25 40 41 42 60 61 63
 24 25 40 41 42 60 61 63 71
 24 25 40 41 42 60 61 63 69 70
 24 25 40 41 42 59 60 63
 24 25 40 41 42 59 60 63 71
 24 25 40 41 42 59 60 63 69 70
 24 25 40 41 42 59 60 61 63
 24 25 40 41 42 59 60 61 62 71
 24 25 40 41 42 59 60 61 62 69 70
 24 25 40 41 42 57 58 60 63
 24 25 40 41 42 57 58 60 61 63
 24 25 40 41 42 57 58 59 60 63
 24 25 40 41 42 57 58 59 60 61 62
 24 25 40 41 42 44 60 63
 24 25 40 41 42 44 60 61 63
 24 25 40 41 42 44 59 60 63
 24 25 40 41 42 44 59 60 61 62
 24 25 36 69 72
 24 25 36 69 70 71
 24 25 36 67 68 72
 24 25 36 67 68 70 71
 24 25 36 59 60
 24 25 36 57 58 60
 24 25 36 45 69
 24 25 36 45 67 68
 24 25 36 42 72
 24 25 36 42 70 71
 24 25 36 42 60
 24 25 36 42 60 71
 24 25 36 42 60 69
 24 25 36 42 60 69 71
 24 25 36 42 60 67 68
 24 25 36 42 60 67 68 71
 24 25 36 42 60 67 68 69 70
 24 25 36 42 60 61
 24 25 36 42 60 61 71
 24 25 36 42 60 61 69
 24 25 36 42 60 61 69 71
 24 25 36 42 60 61 67 68
 24 25 36 42 60 61 67 68 71
 24 25 36 42 60 61 67 68 69 70
 24 25 36 42 59 60
 24 25 36 42 59 60 71
 24 25 36 42 59 60 69
 24 25 36 42 59 60 69 71
 24 25 36 42 59 60 67 68
 24 25 36 42 59 60 67 68 71
 24 25 36 42 59 60 67 68 69 70
 24 25 36 42 59 60 61
 24 25 36 42 59 60 61 69
 24 25 36 42 59 60 61 67 68
 24 25 36 42 57 58 60
 24 25 36 42 57 58 60 69
 24 25 36 42 57 58 60 67 68
 24 25 36 42 57 58 60 61
 24 25 36 42 57 58 60 61 69
 24 25 36 42 57 58 60 61 67 68
 24 25 36 42 57 58 59 60
 24 25 36 42 57 58 59 60 69
 24 25 36 42 57 58 59 60 67 68
 24 25 36 42 45
 24 25 36 42 44 60
 24 25 36 42 44 60 69
 24 25 36 42 44 60 67 68
 24 25 36 42 44 60 61
 24 25 36 42 44 60 61 69
 24 25 36 42 44 60 61 67 68
 24 25 36 42 44 59 60
 24 25 36 42 44 59 60 69
 24 25 36 42 44 59 60 67 68
 24 25 36 40 41 60 69
 24 25 36 40 41 60 69 71
 24 25 36 40 41 60 69 70
 24 25 36 40 41 60 67 68
 24 25 36 40 41 60 67 68 71
 24 25 36 40 41 60 67 68 69 70
 24 25 36 40 41 60 61 69
 24 25 36 40 41 60 61 69 71
 24 25 36 40 41 60 61 69 70
 24 25 36 40 41 60 61 67 68
 24 25 36 40 41 60 61 67 68 71
 24 25 36 40 41 60 61 67 68 69 70
 24 25 36 40 41 59 60 69
 24 25 36 40 41 59 60 69 71
 24 25 36 40 41 59 60 69 70
 24 25 36 40 41 59 60 67 68
 24 25 36 40 41 59 60 67 68 71
 24 25 36 40 41 59 60 67 68 69 70
 24 25 36 40 41 59 60 61 69
 24 25 36 40 41 59 60 61 67 68
 24 25 36 40 41 57 58 60 69
 24 25 36 40 41 57 58 60 67 68
 24 25 36 40 41 57 58 60 61 69
 24 25 36 40 41 57 58 60 61 67 68
 24 25 36 40 41 57 58 59 60 69
 24 25 36 40 41 57 58 59 60 67 68
 24 25 36 40 41 44 60 69
 24 25 36 40 41 44 60 67 68
 24 25 36 40 41 44 60 61 69
 24 25 36 40 41 44 60 61 67 68
 24 25 36 40 41 44 59 60 69
 24 25 36 40 41 44 59 60 67 68
 24 25 36 40 41 42 60
 24 25 36 40 41 42 60 71
 24 25 36 40 41 42 60 69 70
 24 25 36 40 41 42 60 61
 24 25 36 40 41 42 60 61 71
 24 25 36 40 41 42 60 61 69 70
 24 25 36 40 41 42 59 60
 24 25 36 40 41 42 59 60 71
 24 25 36 40 41 42 59 60 69 70
 24 25 36 40 41 42 59 60 61
 24 25 36 40 41 42 57 58 60
 24 25 36 40 41 42 57 58 60 61
 24 25 36 40 41 42 57 58 59 60
 24 25 36 40 41 42 44 60
 24 25 36 40 41 42 44 60 61
 24 25 36 40 41 42 44 59 60
 24 25 34 60 74
 24 25 34 60 72
 24 25 34 60 72 73
 24 25 34 60 70 71
 24 25 34 47 60
 24 25 34 45 60
 24 25 34 42 60 63
 24 25 34 42 60 63 71
 24 25 34 42 60 63 69
 24 25 34 42 60 63 69 71
 24 25 34 42 60 63 67 68
 24 25 34 42 60 63 67 68 71
 24 25 34 42 60 63 67 68 69 70
 24 25 34 42 60 61 62
 24 25 34 42 60 61 62 71
 24 25 34 42 60 61 62 69
 24 25 34 42 60 61 62 69 71
 24 25 34 42 60 61 62 67 68
 24 25 34 42 60 61 62 67 68 71
 24 25 34 42 60 61 62 67 68 69 70
 24 25 34 42 59 60 63
 24 25 34 42 59 60 63 69
 24 25 34 42 59 60 63 67 68
 24 25 34 42 59 60 61 62
 24 25 34 42 59 60 61 62 69
 24 25 34 42 59 60 61 62 67 68
 24 25 34 42 57 58 60 63
 24 25 34 42 57 58 60 63 69
 24 25 34 42 57 58 60 63 67 68
 24 25 34 42 57 58 60 61 62
 24 25 34 42 57 58 60 61 62 69
 24 25 34 42 57 58 60 61 62 67 68
 24 25 34 42 44 60 63
 24 25 34 42 44 60 63 69
 24 25 34 42 44 60 63 67 68
 24 25 34 42 44 60 61 62
 24 25 34 42 44 60 61 62 69
 24 25 34 42 44 60 61 62 67 68
 24 25 34 40 41 60 63 69
 24 25 34 40 41 60 63 69 71
 24 25 34 40 41 60 63 69 70
 24 25 34 40 41 60 63 67 68
 24 25 34 40 41 60 63 67 68 71
 24 25 34 40 41 60 63 67 68 69 70
 24 25 34 40 41 60 61 62 69
 24 25 34 40 41 60 61 62 69 71
 24 25 34 40 41 60 61 62 69 70
 24 25 34 40 41 60 61 62 67 68
 24 25 34 40 41 60 61 62 67 68 71
 24 25 34 40 41 60 61 62 67 68 69 70
 24 25 34 40 41 59 60 63 69
 24 25 34 40 41 59 60 63 67 68
 24 25 34 40 41 59 60 61 62 69
 24 25 34 40 41 59 60 61 62 67 68
 24 25 34 40 41 57 58 60 63 69
 24 25 34 40 41 57 58 60 63 67 68
 24 25 34 40 41 57 58 60 61 62 69
 24 25 34 40 41 57 58 60 61 62 67 68
 24 25 34 40 41 44 60 63 69
 24 25 34 40 41 44 60 63 67 68
 24 25 34 40 41 44 60 61 62 69
 24 25 34 40 41 44 60 61 62 67 68
 24 25 34 40 41 42 60 63
 24 25 34 40 41 42 60 63 71
 24 25 34 40 41 42 60 63 69 70
 24 25 34 40 41 42 60 61 62
 24 25 34 40 41 42 60 61 62 71
 24 25 34 40 41 42 60 61 62 69 70
 24 25 34 40 41 42 59 60 63
 24 25 34 40 41 42 59 60 61 62
 24 25 34 40 41 42 57 58 60 63
 24 25 34 40 41 42 57 58 60 61 62
 24 25 34 40 41 42 44 60 63
 24 25 34 40 41 42 44 60 61 62
 24 25 34 36 42 60
 24 25 34 36 42 60 71
 24 25 34 36 42 60 69
 24 25 34 36 42 60 69 71
 24 25 34 36 42 60 67 68
 24 25 34 36 42 60 67 68 71
 24 25 34 36 42 60 67 68 69 70
 24 25 34 36 42 59 60
 24 25 34 36 42 59 60 69
 24 25 34 36 42 59 60 67 68
 24 25 34 36 42 57 58 60
 24 25 34 36 42 57 58 60 69
 24 25 34 36 42 57 58 60 67 68
 24 25 34 36 42 44 60
 24 25 34 36 42 44 60 69
 24 25 34 36 42 44 60 67 68
 24 25 34 36 40 41 60 69
 24 25 34 36 40 41 60 69 71
 24 25 34 36 40 41 60 69 70
 24 25 34 36 40 41 60 67 68
 24 25 34 36 40 41 60 67 68 71
 24 25 34 36 40 41 60 67 68 69 70
 24 25 34 36 40 41 59 60 69
 24 25 34 36 40 41 59 60 67 68
 24 25 34 36 40 41 57 58 60 69
 24 25 34 36 40 41 57 58 60 67 68
 24 25 34 36 40 41 44 60 69
 24 25 34 36 40 41 44 60 67 68
 24 25 34 36 40 41 42 60
 24 25 34 36 40 41 42 60 71
 24 25 34 36 40 41 42 60 69 70
 24 25 34 36 40 41 42 59 60
 24 25 34 36 40 41 42 57 58 60
 24 25 34 36 40 41 42 44 60
 24 25 32 62 71
 24 25 32 62 69 70
 24 25 32 60 74
 24 25 32 60 72 73
 24 25 32 60 63
 24 25 32 60 61 62
 24 25 32 47 60
 24 25 32 44 62
 24 25 32 36 60
 21 63 64 72
 21 63 64 71 72
 21 63 64 69 70 72
 21 63 64 69 70 71
 21 61 62 64 72
 21 61 62 64 71 72
 21 61 62 64 69 70 72
 21 61 62 64 69 70 71
 21 59 63 64 72
 21 59 63 64 70 71
 21 59 61 62 64 72
 21 59 61 62 64 70 71
 21 57 58 63 64 72
 21 57 58 63 64 70 71
 21 57 58 61 62 64 72
 21 57 58 61 62 64 70 71
 21 55 62 63 72
 21 55 62 63 70 71
 21 55 61 62 72
 21 55 61 62 70 71
 21 55 59 62 72
 21 55 59 62 70 71
 21 55 57 58 62 72
 21 55 57 58 62 70 71
 21 45 63 64
 21 45 63 64 71
 21 45 63 64 69 70
 21 45 61 62 64
 21 45 61 62 64 71
 21 45 61 62 64 69 70
 21 45 59 63 64
 21 45 59 61 62 64
 21 45 57 58 63 64
 21 45 57 58 61 62 64
 21 45 55 62 63
 21 45 55 61 62
 21 45 55 59 62
 21 45 55 57 58 62
 21 44 63 64 72
 21 44 63 64 70 71
 21 44 61 62 64 72
 21 44 61 62 64 70 71
 21 44 45 63 64
 21 44 45 61 62 64
 21 36 64 72
 21 36 64 71 72
 21 36 64 69 70 72
 21 36 64 69 70 71
 21 36 59 64 72
 21 36 59 64 70 71
 21 36 57 58 64 72
 21 36 57 58 64 70 71
 21 36 55 62 72
 21 36 55 62 70 71
 21 36 45 64
 21 36 45 64 71
 21 36 45 64 69 70
 21 36 45 59 64
 21 36 45 57 58 64
 21 36 45 55 62
 21 36 44 64 72
 21 36 44 64 70 71
 21 36 44 45 64
 21 32 55 62 72
 21 32 55 62 70 71
 21 32 45 55 62
 19 76
 19 74 75
 19 55 76
 19 55 74 75
 19 49
 19 49 55
 19 42
 19 40 41
 17
 17 76
 17 74 75
 17 61
 17 59
 17 59 62 71 72 78 79
 17 59 62 70 71 78 79
 17 59 62 69 70 72 78 79
 17 59 62 69 70 71 78 79
 17 59 60
 17 57 58
 17 57 58 62 71 72 78 79
 17 57 58 62 70 71 78 79
 17 57 58 62 69 70 72 78 79
 17 57 58 62 69 70 71 78 79
 17 53 59 62 71 72
 17 53 59 62 70 71
 17 53 59 62 69 70 72
 17 53 59 62 69 70 71
 17 53 57 58 62 71 72
 17 53 57 58 62 70 71
 17 53 57 58 62 69 70 72
 17 53 57 58 62 69 70 71
 17 49
 17 45 59 62 71 78 79
 17 45 59 62 69 70 78 79
 17 45 57 58 62 71 78 79
 17 45 57 58 62 69 70 78 79
 17 45 53 59 62 71
 17 45 53 59 62 69 70
 17 45 53 57 58 62 71
 17 45 53 57 58 62 69 70
 17 44 59 72
 17 44 59 71 72
 17 44 59 69 70 72
 17 44 59 69 70 71
 17 44 59 62 72
 17 44 59 62 72 78 79
 17 44 59 62 71 72
 17 44 59 62 70 71 78 79
 17 44 59 62 69 70 72
 17 44 59 62 69 70 71
 17 44 57 58 72
 17 44 57 58 71 72
 17 44 57 58 69 70 72
 17 44 57 58 69 70 71
 17 44 57 58 62 72
 17 44 57 58 62 72 78 79
 17 44 57 58 62 71 72
 17 44 57 58 62 70 71 78 79
 17 44 57 58 62 69 70 72
 17 44 57 58 62 69 70 71
 17 44 53 59 62 72
 17 44 53 59 62 70 71
 17 44 53 57 58 62 72
 17 44 53 57 58 62 70 71
 17 44 45 59
 17 44 45 59 71
 17 44 45 59 69 70
 17 44 45 59 62
 17 44 45 59 62 78 79
 17 44 45 59 62 71
 17 44 45 59 62 69 70
 17 44 45 57 58
 17 44 45 57 58 71
 17 44 45 57 58 69 70
 17 44 45 57 58 62
 17 44 45 57 58 62 78 79
 17 44 45 57 58 62 71
 17 44 45 57 58 62 69 70
 17 44 45 53 59 62
 17 44 45 53 57 58 62
 17 34
 17 32
 17 32 62 72 78 79
 17 32 62 71 72 78 79
 17 32 62 69 70 72 78 79
 17 32 62 69 70 71 78 79
 17 32 59 62 72 78 79
 17 32 59 62 70 71 78 79
 17 32 57 58 62 72 78 79
 17 32 57 58 62 70 71 78 79
 17 32 53 62 72
 17 32 53 62 71 72
 17 32 53 62 69 70 72
 17 32 53 62 69 70 71
 17 32 53 59 62 72
 17 32 53 59 62 70 71
 17 32 53 57 58 62 72
 17 32 53 57 58 62 70 71
 17 32 45 62 78 79
 17 32 45 62 71 78 79
 17 32 45 62 69 70 78 79
 17 32 45 59 62 78 79
 17 32 45 57 58 62 78 79
 17 32 45 53 62
 17 32 45 53 62 71
 17 32 45 53 62 69 70
 17 32 45 53 59 62
 17 32 45 53 57 58 62
 17 32 44 71 72
 17 32 44 70 71
 17 32 44 69 70 72
 17 32 44 69 70 71
 17 32 44 62 72 78 79
 17 32 44 62 71 72
 17 32 44 62 70 71
 17 32 44 62 70 71 78 79
 17 32 44 62 69 70 72
 17 32 44 62 69 70 71
 17 32 44 59 72
 17 32 44 59 70 71
 17 32 44 59 62 72
 17 32 44 59 62 70 71
 17 32 44 57 58 72
 17 32 44 57 58 70 71
 17 32 44 57 58 62 72
 17 32 44 57 58 62 70 71
 17 32 44 53 62 72
 17 32 44 53 62 70 71
 17 32 44 45 71
 17 32 44 45 69 70
 17 32 44 45 62 78 79
 17 32 44 45 62 71
 17 32 44 45 62 69 70
 17 32 44 45 59
 17 32 44 45 59 62
 17 32 44 45 57 58
 17 32 44 45 57 58 62
 17 32 44 45 53 62
 16 52 59 60 71
 16 52 59 60 69 70
 16 52 57 58 60 71
 16 52 57 58 60 69 70
 16 50 51 59 60 71
 16 50 51 59 60 69 70
 16 50 51 57 58 60 71
 16 50 51 57 58 60 69 70
 16 44 52 59 60
 16 44 52 57 58 60
 16 44 50 51 59 60
 16 44 50 51 57 58 60
 16 32 52 60
 16 32 52 60 71
 16 32 52 60 69 70
 16 32 52 59 60
 16 32 52 57 58 60
 16 32 50 51 60
 16 32 50 51 60 71
 16 32 50 51 60 69 70
 16 32 50 51 59 60
 16 32 50 51 57 58 60
 16 32 44 52 60
 16 32 44 50 51 60
 16 25 59 60 71
 16 25 59 60 69 70
 16 25 57 58 60 71
 16 25 57 58 60 69 70
 16 25 44 59 60
 16 25 44 57 58 60
 16 25 32 60
 16 25 32 60 71
 16 25 32 60 69 70
 16 25 32 59 60
 16 25 32 57 58 60
 16 25 32 44 60
 15 60 63 68 69
 15 60 63 68 69 71
 15 60 63 68 69 70
 15 60 63 67 68
 15 60 63 67 68 71
 15 60 63 67 68 69 70
 15 60 61 63 68 69
 15 60 61 63 68 69 71
 15 60 61 63 68 69 70
 15 60 61 63 67 68
 15 60 61 63 67 68 71
 15 60 61 63 67 68 69 70
 15 59 60 63 68 69
 15 59 60 63 68 69 71
 15 59 60 63 68 69 70
 15 59 60 63 67 68
 15 59 60 63 67 68 71
 15 59 60 63 67 68 69 70
 15 59 60 61 63 68 69
 15 59 60 61 63 67 68
 15 59 60 61 62 68 69 71
 15 59 60 61 62 68 69 70
 15 59 60 61 62 67 68 71
 15 59 60 61 62 67 68 69 70
 15 57 58 60 63 68 69
 15 57 58 60 63 67 68
 15 57 58 60 61 63 68 69
 15 57 58 60 61 63 67 68
 15 57 58 59 60 63 68 69
 15 57 58 59 60 63 67 68
 15 57 58 59 60 61 62 68 69
 15 57 58 59 60 61 62 67 68
 15 46
 15 44 60 63 68 69
 15 44 60 63 67 68
 15 44 60 61 63 68 69
 15 44 60 61 63 67 68
 15 44 59 60 63 68 69
 15 44 59 60 63 67 68
 15 44 59 60 61 62 68 69
 15 44 59 60 61 62 67 68
 15 44 45
 15 42 60 63 68
 15 42 60 63 68 71
 15 42 60 63 68 69 70
 15 42 60 61 63 68
 15 42 60 61 63 68 71
 15 42 60 61 63 68 69 70
 15 42 59 60 63 68
 15 42 59 60 63 68 71
 15 42 59 60 63 68 69 70
 15 42 59 60 61 63 68
 15 42 59 60 61 62 68 71
 15 42 59 60 61 62 68 69 70
 15 42 57 58 60 63 68
 15 42 57 58 60 61 63 68
 15 42 57 58 59 60 63 68
 15 42 57 58 59 60 61 62 68
 15 42 44 60 63 68
 15 42 44 60 61 63 68
 15 42 44 59 60 63 68
 15 42 44 59 60 61 62 68
 15 36 60 68 69
 15 36 60 68 69 71
 15 36 60 68 69 70
 15 36 60 67 68
 15 36 60 67 68 71
 15 36 60 67 68 69 70
 15 36 60 61 68 69
 15 36 60 61 68 69 71
 15 36 60 61 68 69 70
 15 36 60 61 67 68
 15 36 60 61 67 68 71
 15 36 60 61 67 68 69 70
 15 36 59 60 68 69
 15 36 59 60 68 69 71
 15 36 59 60 68 69 70
 15 36 59 60 67 68
 15 36 59 60 67 68 71
 15 36 59 60 67 68 69 70
 15 36 59 60 61 68 69
 15 36 59 60 61 67 68
 15 36 57 58 60 68 69
 15 36 57 58 60 67 68
 15 36 57 58 60 61 68 69
 15 36 57 58 60 61 67 68
 15 36 57 58 59 60 68 69
 15 36 57 58 59 60 67 68
 15 36 44 60 68 69
 15 36 44 60 67 68
 15 36 44 60 61 68 69
 15 36 44 60 61 67 68
 15 36 44 59 60 68 69
 15 36 44 59 60 67 68
 15 36 42 60 68
 15 36 42 60 68 71
 15 36 42 60 68 69 70
 15 36 42 60 61 68
 15 36 42 60 61 68 71
 15 36 42 60 61 68 69 70
 15 36 42 59 60 68
 15 36 42 59 60 68 71
 15 36 42 59 60 68 69 70
 15 36 42 59 60 61 68
 15 36 42 57 58 60 68
 15 36 42 57 58 60 61 68
 15 36 42 57 58 59 60 68
 15 36 42 44 60 68
 15 36 42 44 60 61 68
 15 36 42 44 59 60 68
 15 34 60 63 68 69
 15 34 60 63 68 69 71
 15 34 60 63 68 69 70
 15 34 60 63 67 68
 15 34 60 63 67 68 71
 15 34 60 63 67 68 69 70
 15 34 60 61 62 68 69
 15 34 60 61 62 68 69 71
 15 34 60 61 62 68 69 70
 15 34 60 61 62 67 68
 15 34 60 61 62 67 68 71
 15 34 60 61 62 67 68 69 70
 15 34 59 60 63 68 69
 15 34 59 60 63 67 68
 15 34 59 60 61 62 68 69
 15 34 59 60 61 62 67 68
 15 34 57 58 60 63 68 69
 15 34 57 58 60 63 67 68
 15 34 57 58 60 61 62 68 69
 15 34 57 58 60 61 62 67 68
 15 34 44 60 63 68 69
 15 34 44 60 63 67 68
 15 34 44 60 61 62 68 69
 15 34 44 60 61 62 67 68
 15 34 42 60 63 68
 15 34 42 60 63 68 71
 15 34 42 60 63 68 69 70
 15 34 42 60 61 62 68
 15 34 42 60 61 62 68 71
 15 34 42 60 61 62 68 69 70
 15 34 42 59 60 63 68
 15 34 42 59 60 61 62 68
 15 34 42 57 58 60 63 68
 15 34 42 57 58 60 61 62 68
 15 34 42 44 60 63 68
 15 34 42 44 60 61 62 68
 15 34 36 60 68 69
 15 34 36 60 68 69 71
 15 34 36 60 68 69 70
 15 34 36 60 67 68
 15 34 36 60 67 68 71
 15 34 36 60 67 68 69 70
 15 34 36 59 60 68 69
 15 34 36 59 60 67 68
 15 34 36 57 58 60 68 69
 15 34 36 57 58 60 67 68
 15 34 36 44 60 68 69
 15 34 36 44 60 67 68
 15 34 36 42 60 68
 15 34 36 42 60 68 71
 15 34 36 42 60 68 69 70
 15 34 36 42 59 60 68
 15 34 36 42 57 58 60 68
 15 34 36 42 44 60 68
 15 29 61 78
 15 29 61 76 77
 15 29 59 60 78
 15 29 59 60 76 77
 15 29 51 61
 15 29 51 59 60
 15 29 34 78
 15 29 34 76 77
 15 29 34 51
 15 27 28 61 78
 15 27 28 61 76 77
 15 27 28 59 60 78
 15 27 28 59 60 76 77
 15 27 28 51 61
 15 27 28 51 59 60
 15 27 28 34 78
 15 27 28 34 76 77
 15 27 28 34 51
 15 26 60 63 69
 15 26 60 63 69 71
 15 26 60 63 69 70
 15 26 60 63 67 68
 15 26 60 63 67 68 71
 15 26 60 63 67 68 69 70
 15 26 60 61 63 69
 15 26 60 61 63 69 71
 15 26 60 61 63 69 70
 15 26 60 61 63 67 68
 15 26 60 61 63 67 68 71
 15 26 60 61 63 67 68 69 70
 15 26 59 60 63 69
 15 26 59 60 63 69 71
 15 26 59 60 63 69 70
 15 26 59 60 63 67 68
 15 26 59 60 63 67 68 71
 15 26 59 60 63 67 68 69 70
 15 26 59 60 61 63 69
 15 26 59 60 61 63 67 68
 15 26 59 60 61 62 69 71
 15 26 59 60 61 62 69 70
 15 26 59 60 61 62 67 68 71
 15 26 59 60 61 62 67 68 69 70
 15 26 57 58 60 63 69
 15 26 57 58 60 63 67 68
 15 26 57 58 60 61 63 69
 15 26 57 58 60 61 63 67 68
 15 26 57 58 59 60 63 69
 15 26 57 58 59 60 63 67 68
 15 26 57 58 59 60 61 62 69
 15 26 57 58 59 60 61 62 67 68
 15 26 44 60 63 69
 15 26 44 60 63 67 68
 15 26 44 60 61 63 69
 15 26 44 60 61 63 67 68
 15 26 44 59 60 63 69
 15 26 44 59 60 63 67 68
 15 26 44 59 60 61 62 69
 15 26 44 59 60 61 62 67 68
 15 26 42 60 63
 15 26 42 60 63 71
 15 26 42 60 63 69 70
 15 26 42 60 61 63
 15 26 42 60 61 63 71
 15 26 42 60 61 63 69 70
 15 26 42 59 60 63
 15 26 42 59 60 63 71
 15 26 42 59 60 63 69 70
 15 26 42 59 60 61 63
 15 26 42 59 60 61 62 71
 15 26 42 59 60 61 62 69 70
 15 26 42 57 58 60 63
 15 26 42 57 58 60 61 63
 15 26 42 57 58 59 60 63
 15 26 42 57 58 59 60 61 62
 15 26 42 44 60 63
 15 26 42 44 60 61 63
 15 26 42 44 59 60 63
 15 26 42 44 59 60 61 62
 15 26 36 60 69
 15 26 36 60 69 71
 15 26 36 60 69 70
 15 26 36 60 67 68
 15 26 36 60 67 68 71
 15 26 36 60 67 68 69 70
 15 26 36 60 61 69
 15 26 36 60 61 69 71
 15 26 36 60 61 69 70
 15 26 36 60 61 67 68
 15 26 36 60 61 67 68 71
 15 26 36 60 61 67 68 69 70
 15 26 36 59 60 69
 15 26 36 59 60 69 71
 15 26 36 59 60 69 70
 15 26 36 59 60 67 68
 15 26 36 59 60 67 68 71
 15 26 36 59 60 67 68 69 70
 15 26 36 59 60 61 69
 15 26 36 59 60 61 67 68
 15 26 36 57 58 60 69
 15 26 36 57 58 60 67 68
 15 26 36 57 58 60 61 69
 15 26 36 57 58 60 61 67 68
 15 26 36 57 58 59 60 69
 15 26 36 57 58 59 60 67 68
 15 26 36 44 60 69
 15 26 36 44 60 67 68
 15 26 36 44 60 61 69
 15 26 36 44 60 61 67 68
 15 26 36 44 59 60 69
 15 26 36 44 59 60 67 68
 15 26 36 42 60
 15 26 36 42 60 71
 15 26 36 42 60 69 70
 15 26 36 42 60 61
 15 26 36 42 60 61 71
 15 26 36 42 60 61 69 70
 15 26 36 42 59 60
 15 26 36 42 59 60 71
 15 26 36 42 59 60 69 70
 15 26 36 42 59 60 61
 15 26 36 42 57 58 60
 15 26 36 42 57 58 60 61
 15 26 36 42 57 58 59 60
 15 26 36 42 44 60
 15 26 36 42 44 60 61
 15 26 36 42 44 59 60
 15 26 34 60 63 69
 15 26 34 60 63 69 71
 15 26 34 60 63 69 70
 15 26 34 60 63 67 68
 15 26 34 60 63 67 68 71
 15 26 34 60 63 67 68 69 70
 15 26 34 60 61 62 69
 15 26 34 60 61 62 69 71
 15 26 34 60 61 62 69 70
 15 26 34 60 61 62 67 68
 15 26 34 60 61 62 67 68 71
 15 26 34 60 61 62 67 68 69 70
 15 26 34 59 60 63 69
 15 26 34 59 60 63 67 68
 15 26 34 59 60 61 62 69
 15 26 34 59 60 61 62 67 68
 15 26 34 57 58 60 63 69
 15 26 34 57 58 60 63 67 68
 15 26 34 57 58 60 61 62 69
 15 26 34 57 58 60 61 62 67 68
 15 26 34 44 60 63 69
 15 26 34 44 60 63 67 68
 15 26 34 44 60 61 62 69
 15 26 34 44 60 61 62 67 68
 15 26 34 42 60 63
 15 26 34 42 60 63 71
 15 26 34 42 60 63 69 70
 15 26 34 42 60 61 62
 15 26 34 42 60 61 62 71
 15 26 34 42 60 61 62 69 70
 15 26 34 42 59 60 63
 15 26 34 42 59 60 61 62
 15 26 34 42 57 58 60 63
 15 26 34 42 57 58 60 61 62
 15 26 34 42 44 60 63
 15 26 34 42 44 60 61 62
 15 26 34 36 60 69
 15 26 34 36 60 69 71
 15 26 34 36 60 69 70
 15 26 34 36 60 67 68
 15 26 34 36 60 67 68 71
 15 26 34 36 60 67 68 69 70
 15 26 34 36 59 60 69
 15 26 34 36 59 60 67 68
 15 26 34 36 57 58 60 69
 15 26 34 36 57 58 60 67 68
 15 26 34 36 44 60 69
 15 26 34 36 44 60 67 68
 15 26 34 36 42 60
 15 26 34 36 42 60 71
 15 26 34 36 42 60 69 70
 15 26 34 36 42 59 60
 15 26 34 36 42 57 58 60
 15 26 34 36 42 44 60
 15 24 25 60 63 69
 15 24 25 60 63 69 71
 15 24 25 60 63 69 70
 15 24 25 60 63 67 68
 15 24 25 60 63 67 68 71
 15 24 25 60 63 67 68 69 70
 15 24 25 60 61 63 69
 15 24 25 60 61 63 69 71
 15 24 25 60 61 63 69 70
 15 24 25 60 61 63 67 68
 15 24 25 60 61 63 67 68 71
 15 24 25 60 61 63 67 68 69 70
 15 24 25 59 60 63 69
 15 24 25 59 60 63 69 71
 15 24 25 59 60 63 69 70
 15 24 25 59 60 63 67 68
 15 24 25 59 60 63 67 68 71
 15 24 25 59 60 63 67 68 69 70
 15 24 25 59 60 61 63 69
 15 24 25 59 60 61 63 67 68
 15 24 25 59 60 61 62 69 71
 15 24 25 59 60 61 62 69 70
 15 24 25 59 60 61 62 67 68 71
 15 24 25 59 60 61 62 67 68 69 70
 15 24 25 57 58 60 63 69
 15 24 25 57 58 60 63 67 68
 15 24 25 57 58 60 61 63 69
 15 24 25 57 58 60 61 63 67 68
 15 24 25 57 58 59 60 63 69
 15 24 25 57 58 59 60 63 67 68
 15 24 25 57 58 59 60 61 62 69
 15 24 25 57 58 59 60 61 62 67 68
 15 24 25 44 60 63 69
 15 24 25 44 60 63 67 68
 15 24 25 44 60 61 63 69
 15 24 25 44 60 61 63 67 68
 15 24 25 44 59 60 63 69
 15 24 25 44 59 60 63 67 68
 15 24 25 44 59 60 61 62 69
 15 24 25 44 59 60 61 62 67 68
 15 24 25 42 60 63
 15 24 25 42 60 63 71
 15 24 25 42 60 63 69 70
 15 24 25 42 60 61 63
 15 24 25 42 60 61 63 71
 15 24 25 42 60 61 63 69 70
 15 24 25 42 59 60 63
 15 24 25 42 59 60 63 71
 15 24 25 42 59 60 63 69 70
 15 24 25 42 59 60 61 63
 15 24 25 42 59 60 61 62 71
 15 24 25 42 59 60 61 62 69 70
 15 24 25 42 57 58 60 63
 15 24 25 42 57 58 60 61 63
 15 24 25 42 57 58 59 60 63
 15 24 25 42 57 58 59 60 61 62
 15 24 25 42 44 60 63
 15 24 25 42 44 60 61 63
 15 24 25 42 44 59 60 63
 15 24 25 42 44 59 60 61 62
 15 24 25 36 60 69
 15 24 25 36 60 69 71
 15 24 25 36 60 69 70
 15 24 25 36 60 67 68
 15 24 25 36 60 67 68 71
 15 24 25 36 60 67 68 69 70
 15 24 25 36 60 61 69
 15 24 25 36 60 61 69 71
 15 24 25 36 60 61 69 70
 15 24 25 36 60 61 67 68
 15 24 25 36 60 61 67 68 71
 15 24 25 36 60 61 67 68 69 70
 15 24 25 36 59 60 69
 15 24 25 36 59 60 69 71
 15 24 25 36 59 60 69 70
 15 24 25 36 59 60 67 68
 15 24 25 36 59 60 67 68 71
 15 24 25 36 59 60 67 68 69 70
 15 24 25 36 59 60 61 69
 15 24 25 36 59 60 61 67 68
 15 24 25 36 57 58 60 69
 15 24 25 36 57 58 60 67 68
 15 24 25 36 57 58 60 61 69
 15 24 25 36 57 58 60 61 67 68
 15 24 25 36 57 58 59 60 69
 15 24 25 36 57 58 59 60 67 68
 15 24 25 36 44 60 69
 15 24 25 36 44 60 67 68
 15 24 25 36 44 60 61 69
 15 24 25 36 44 60 61 67 68
 15 24 25 36 44 59 60 69
 15 24 25 36 44 59 60 67 68
 15 24 25 36 42 60
 15 24 25 36 42 60 71
 15 24 25 36 42 60 69 70
 15 24 25 36 42 60 61
 15 24 25 36 42 60 61 71
 15 24 25 36 42 60 61 69 70
 15 24 25 36 42 59 60
 15 24 25 36 42 59 60 71
 15 24 25 36 42 59 60 69 70
 15 24 25 36 42 59 60 61
 15 24 25 36 42 57 58 60
 15 24 25 36 42 57 58 60 61
 15 24 25 36 42 57 58 59 60
 15 24 25 36 42 44 60
 15 24 25 36 42 44 60 61
 15 24 25 36 42 44 59 60
 15 24 25 34 60 63 69
 15 24 25 34 60 63 69 71
 15 24 25 34 60 63 69 70
 15 24 25 34 60 63 67 68
 15 24 25 34 60 63 67 68 71
 15 24 25 34 60 63 67 68 69 70
 15 24 25 34 60 61 62 69
 15 24 25 34 60 61 62 69 71
 15 24 25 34 60 61 62 69 70
 15 24 25 34 60 61 62 67 68
 15 24 25 34 60 61 62 67 68 71
 15 24 25 34 60 61 62 67 68 69 70
 15 24 25 34 59 60 63 69
 15 24 25 34 59 60 63 67 68
 15 24 25 34 59 60 61 62 69
 15 24 25 34 59 60 61 62 67 68
 15 24 25 34 57 58 60 63 69
 15 24 25 34 57 58 60 63 67 68
 15 24 25 34 57 58 60 61 62 69
 15 24 25 34 57 58 60 61 62 67 68
 15 24 25 34 44 60 63 69
 15 24 25 34 44 60 63 67 68
 15 24 25 34 44 60 61 62 69
 15 24 25 34 44 60 61 62 67 68
 15 24 25 34 42 60 63
 15 24 25 34 42 60 63 71
 15 24 25 34 42 60 63 69 70
 15 24 25 34 42 60 61 62
 15 24 25 34 42 60 61 62 71
 15 24 25 34 42 60 61 62 69 70
 15 24 25 34 42 59 60 63
 15 24 25 34 42 59 60 61 62
 15 24 25 34 42 57 58 60 63
 15 24 25 34 42 57 58 60 61 62
 15 24 25 34 42 44 60 63
 15 24 25 34 42 44 60 61 62
 15 24 25 34 36 60 69
 15 24 25 34 36 60 69 71
 15 24 25 34 36 60 69 70
 15 24 25 34 36 60 67 68
 15 24 25 34 36 60 67 68 71
 15 24 25 34 36 60 67 68 69 70
 15 24 25 34 36 59 60 69
 15 24 25 34 36 59 60 67 68
 15 24 25 34 36 57 58 60 69
 15 24 25 34 36 57 58 60 67 68
 15 24 25 34 36 44 60 69
 15 24 25 34 36 44 60 67 68
 15 24 25 34 36 42 60
 15 24 25 34 36 42 60 71
 15 24 25 34 36 42 60 69 70
 15 24 25 34 36 42 59 60
 15 24 25 34 36 42 57 58 60
 15 24 25 34 36 42 44 60
 15 19
 14 15 52 59 60 71
 14 15 52 59 60 69 70
 14 15 52 57 58 60 71
 14 15 52 57 58 60 69 70
 14 15 50 51 59 60 71
 14 15 50 51 59 60 69 70
 14 15 50 51 57 58 60 71
 14 15 50 51 57 58 60 69 70
 14 15 44 52 59 60
 14 15 44 52 57 58 60
 14 15 44 50 51 59 60
 14 15 44 50 51 57 58 60
 14 15 32 52 60
 14 15 32 52 60 71
 14 15 32 52 60 69 70
 14 15 32 52 59 60
 14 15 32 52 57 58 60
 14 15 32 50 51 60
 14 15 32 50 51 60 71
 14 15 32 50 51 60 69 70
 14 15 32 50 51 59 60
 14 15 32 50 51 57 58 60
 14 15 32 44 52 60
 14 15 32 44 50 51 60
 14 15 25 59 60 71
 14 15 25 59 60 69 70
 14 15 25 57 58 60 71
 14 15 25 57 58 60 69 70
 14 15 25 44 59 60
 14 15 25 44 57 58 60
 14 15 25 32 60
 14 15 25 32 60 71
 14 15 25 32 60 69 70
 14 15 25 32 59 60
 14 15 25 32 57 58 60
 14 15 25 32 44 60
 13 48 62 63 72
 13 48 62 63 70 71
 13 48 61 62 72
 13 48 61 62 70 71
 13 48 59 62 72
 13 48 59 62 70 71
 13 48 57 58 62 72
 13 48 57 58 62 70 71
 13 46 47 62 63 72
 13 46 47 62 63 70 71
 13 46 47 61 62 72
 13 46 47 61 62 70 71
 13 46 47 59 62 72
 13 46 47 59 62 70 71
 13 46 47 57 58 62 72
 13 46 47 57 58 62 70 71
 13 45 48 62 63
 13 45 48 61 62
 13 45 48 59 62
 13 45 48 57 58 62
 13 45 46 47 62 63
 13 45 46 47 61 62
 13 45 46 47 59 62
 13 45 46 47 57 58 62
 13 36 48 62 72
 13 36 48 62 70 71
 13 36 46 47 62 72
 13 36 46 47 62 70 71
 13 36 45 48 62
 13 36 45 46 47 62
 13 32 48 62 72
 13 32 48 62 70 71
 13 32 46 47 62 72
 13 32 46 47 62 70 71
 13 32 45 48 62
 13 32 45 46 47 62
 13 21 62 63 72
 13 21 62 63 70 71
 13 21 61 62 72
 13 21 61 62 70 71
 13 21 59 62 72
 13 21 59 62 70 71
 13 21 57 58 62 72
 13 21 57 58 62 70 71
 13 21 45 62 63
 13 21 45 61 62
 13 21 45 59 62
 13 21 45 57 58 62
 13 21 36 62 72
 13 21 36 62 70 71
 13 21 36 45 62
 13 21 32 62 72
 13 21 32 62 70 71
 13 21 32 45 62
 11 12 48 62 63 72
 11 12 48 62 63 70 71
 11 12 48 61 62 72
 11 12 48 61 62 70 71
 11 12 48 59 62 72
 11 12 48 59 62 70 71
 11 12 48 57 58 62 72
 11 12 48 57 58 62 70 71
 11 12 46 47 62 63 72
 11 12 46 47 62 63 70 71
 11 12 46 47 61 62 72
 11 12 46 47 61 62 70 71
 11 12 46 47 59 62 72
 11 12 46 47 59 62 70 71
 11 12 46 47 57 58 62 72
 11 12 46 47 57 58 62 70 71
 11 12 45 48 62 63
 11 12 45 48 61 62
 11 12 45 48 59 62
 11 12 45 48 57 58 62
 11 12 45 46 47 62 63
 11 12 45 46 47 61 62
 11 12 45 46 47 59 62
 11 12 45 46 47 57 58 62
 11 12 36 48 62 72
 11 12 36 48 62 70 71
 11 12 36 46 47 62 72
 11 12 36 46 47 62 70 71
 11 12 36 45 48 62
 11 12 36 45 46 47 62
 11 12 32 48 62 72
 11 12 32 48 62 70 71
 11 12 32 46 47 62 72
 11 12 32 46 47 62 70 71
 11 12 32 45 48 62
 11 12 32 45 46 47 62
 11 12 21 62 63 72
 11 12 21 62 63 70 71
 11 12 21 61 62 72
 11 12 21 61 62 70 71
 11 12 21 59 62 72
 11 12 21 59 62 70 71
 11 12 21 57 58 62 72
 11 12 21 57 58 62 70 71
 11 12 21 45 62 63
 11 12 21 45 61 62
 11 12 21 45 59 62
 11 12 21 45 57 58 62
 11 12 21 36 62 72
 11 12 21 36 62 70 71
 11 12 21 36 45 62
 11 12 21 32 62 72
 11 12 21 32 62 70 71
 11 12 21 32 45 62
 2 61 69 72
 2 61 69 70 71
 2 61 67 68 72
 2 61 67 68 70 71
 2 59 60 69 72
 2 59 60 69 70 71
 2 59 60 67 68 72
 2 59 60 67 68 70 71
 2 45 61 69
 2 45 61 67 68
 2 45 59 60 69
 2 45 59 60 67 68
 2 44 59 72
 2 44 59 71 72
 2 44 59 69 70 72
 2 44 59 69 70 71
 2 44 59 62 72
 2 44 59 62 71 72
 2 44 59 62 69 70 72
 2 44 59 62 69 70 71
 2 44 57 58 72
 2 44 57 58 71 72
 2 44 57 58 69 70 72
 2 44 57 58 69 70 71
 2 44 57 58 62 72
 2 44 57 58 62 71 72
 2 44 57 58 62 69 70 72
 2 44 57 58 62 69 70 71
 2 44 45 59
 2 44 45 59 71
 2 44 45 59 69 70
 2 44 45 59 62
 2 44 45 59 62 71
 2 44 45 59 62 69 70
 2 44 45 57 58
 2 44 45 57 58 71
 2 44 45 57 58 69 70
 2 44 45 57 58 62
 2 44 45 57 58 62 71
 2 44 45 57 58 62 69 70
 2 42 61 78
 2 42 61 76 77
 2 42 61 72
 2 42 61 70 71
 2 42 59 60 78
 2 42 59 60 76 77
 2 42 59 60 72
 2 42 59 60 70 71
 2 42 51 61
 2 42 51 59 60
 2 42 45 61
 2 42 45 59 60
 2 42 43 59 71 72
 2 42 43 59 70 71
 2 42 43 59 69 70 72
 2 42 43 59 69 70 71
 2 42 43 59 62 71 72
 2 42 43 59 62 70 71
 2 42 43 59 62 69 70 72
 2 42 43 59 62 69 70 71
 2 42 43 57 58 71 72
 2 42 43 57 58 70 71
 2 42 43 57 58 69 70 72
 2 42 43 57 58 69 70 71
 2 42 43 57 58 62 71 72
 2 42 43 57 58 62 70 71
 2 42 43 57 58 62 69 70 72
 2 42 43 57 58 62 69 70 71
 2 42 43 45 59 71
 2 42 43 45 59 69 70
 2 42 43 45 59 62 71
 2 42 43 45 59 62 69 70
 2 42 43 45 57 58 71
 2 42 43 45 57 58 69 70
 2 42 43 45 57 58 62 71
 2 42 43 45 57 58 62 69 70
 2 42 43 44 59 72
 2 42 43 44 59 70 71
 2 42 43 44 59 62 72
 2 42 43 44 59 62 70 71
 2 42 43 44 57 58 72
 2 42 43 44 57 58 70 71
 2 42 43 44 57 58 62 72
 2 42 43 44 57 58 62 70 71
 2 42 43 44 45 59
 2 42 43 44 45 59 62
 2 42 43 44 45 57 58
 2 42 43 44 45 57 58 62
 2 40 41 61 78
 2 40 41 61 76 77
 2 40 41 59 60 78
 2 40 41 59 60 76 77
 2 40 41 51 61
 2 40 41 51 59 60
 2 34 69 72
 2 34 69 70 71
 2 34 67 68 72
 2 34 67 68 70 71
 2 34 45 69
 2 34 45 67 68
 2 34 42 78
 2 34 42 76 77
 2 34 42 72
 2 34 42 70 71
 2 34 42 51
 2 34 42 45
 2 34 40 41 78
 2 34 40 41 76 77
 2 34 40 41 51
 2 32 44 71 72
 2 32 44 70 71
 2 32 44 69 70 72
 2 32 44 69 70 71
 2 32 44 62 71 72
 2 32 44 62 70 71
 2 32 44 62 69 70 72
 2 32 44 62 69 70 71
 2 32 44 59 72
 2 32 44 59 70 71
 2 32 44 59 62 72
 2 32 44 59 62 70 71
 2 32 44 57 58 72
 2 32 44 57 58 70 71
 2 32 44 57 58 62 72
 2 32 44 57 58 62 70 71
 2 32 44 45 71
 2 32 44 45 69 70
 2 32 44 45 62 71
 2 32 44 45 62 69 70
 2 32 44 45 59
 2 32 44 45 59 62
 2 32 44 45 57 58
 2 32 44 45 57 58 62
 2 32 42 43 72
 2 32 42 43 71 72
 2 32 42 43 69 70 72
 2 32 42 43 69 70 71
 2 32 42 43 62 72
 2 32 42 43 62 71 72
 2 32 42 43 62 69 70 72
 2 32 42 43 62 69 70 71
 2 32 42 43 59 72
 2 32 42 43 59 70 71
 2 32 42 43 59 62 72
 2 32 42 43 59 62 70 71
 2 32 42 43 57 58 72
 2 32 42 43 57 58 70 71
 2 32 42 43 57 58 62 72
 2 32 42 43 57 58 62 70 71
 2 32 42 43 45
 2 32 42 43 45 71
 2 32 42 43 45 69 70
 2 32 42 43 45 62
 2 32 42 43 45 62 71
 2 32 42 43 45 62 69 70
 2 32 42 43 45 59
 2 32 42 43 45 59 62
 2 32 42 43 45 57 58
 2 32 42 43 45 57 58 62
 2 32 42 43 44 72
 2 32 42 43 44 70 71
 2 32 42 43 44 62 72
 2 32 42 43 44 62 70 71
 2 32 42 43 44 45
 2 32 42 43 44 45 62
 2 28 63 69 72
 2 28 63 69 70 71
 2 28 63 67 68 72
 2 28 63 67 68 70 71
 2 28 61 62 69 72
 2 28 61 62 69 70 71
 2 28 61 62 67 68 72
 2 28 61 62 67 68 70 71
 2 28 45 63 69
 2 28 45 63 67 68
 2 28 45 61 62 69
 2 28 45 61 62 67 68
 2 28 42 63 72
 2 28 42 63 70 71
 2 28 42 61 62 72
 2 28 42 61 62 70 71
 2 28 42 45 63
 2 28 42 45 61 62
 2 28 36 69 72
 2 28 36 69 70 71
 2 28 36 67 68 72
 2 28 36 67 68 70 71
 2 28 36 45 69
 2 28 36 45 67 68
 2 28 36 42 72
 2 28 36 42 70 71
 2 28 36 42 45
 2 27 63 69 72
 2 27 63 69 70 71
 2 27 63 67 68 72
 2 27 63 67 68 70 71
 2 27 61 62 69 72
 2 27 61 62 69 70 71
 2 27 61 62 67 68 72
 2 27 61 62 67 68 70 71
 2 27 45 63 69
 2 27 45 63 67 68
 2 27 45 61 62 69
 2 27 45 61 62 67 68
 2 27 42 63 72
 2 27 42 63 70 71
 2 27 42 61 62 72
 2 27 42 61 62 70 71
 2 27 42 45 63
 2 27 42 45 61 62
 2 27 36 69 72
 2 27 36 69 70 71
 2 27 36 67 68 72
 2 27 36 67 68 70 71
 2 27 36 45 69
 2 27 36 45 67 68
 2 27 36 42 72
 2 27 36 42 70 71
 2 27 36 42 45
 2 26 27 63 69 72
 2 26 27 63 69 70 71
 2 26 27 63 67 68 72
 2 26 27 63 67 68 70 71
 2 26 27 61 62 69 72
 2 26 27 61 62 69 70 71
 2 26 27 61 62 67 68 72
 2 26 27 61 62 67 68 70 71
 2 26 27 45 63 69
 2 26 27 45 63 67 68
 2 26 27 45 61 62 69
 2 26 27 45 61 62 67 68
 2 26 27 42 63 72
 2 26 27 42 63 70 71
 2 26 27 42 61 62 72
 2 26 27 42 61 62 70 71
 2 26 27 42 45 63
 2 26 27 42 45 61 62
 2 26 27 36 69 72
 2 26 27 36 69 70 71
 2 26 27 36 67 68 72
 2 26 27 36 67 68 70 71
 2 26 27 36 45 69
 2 26 27 36 45 67 68
 2 26 27 36 42 72
 2 26 27 36 42 70 71
 2 26 27 36 42 45
 2 25 26 63 69 72
 2 25 26 63 69 70 71
 2 25 26 63 67 68 72
 2 25 26 63 67 68 70 71
 2 25 26 61 62 69 72
 2 25 26 61 62 69 70 71
 2 25 26 61 62 67 68 72
 2 25 26 61 62 67 68 70 71
 2 25 26 45 63 69
 2 25 26 45 63 67 68
 2 25 26 45 61 62 69
 2 25 26 45 61 62 67 68
 2 25 26 42 63 72
 2 25 26 42 63 70 71
 2 25 26 42 61 62 72
 2 25 26 42 61 62 70 71
 2 25 26 42 45 63
 2 25 26 42 45 61 62
 2 25 26 36 69 72
 2 25 26 36 69 70 71
 2 25 26 36 67 68 72
 2 25 26 36 67 68 70 71
 2 25 26 36 45 69
 2 25 26 36 45 67 68
 2 25 26 36 42 72
 2 25 26 36 42 70 71
 2 25 26 36 42 45
 2 17 59 71 72
 2 17 59 70 71
 2 17 59 69 70 72
 2 17 59 69 70 71
 2 17 59 62 71 72
 2 17 59 62 70 71
 2 17 59 62 69 70 72
 2 17 59 62 69 70 71
 2 17 57 58 71 72
 2 17 57 58 70 71
 2 17 57 58 69 70 72
 2 17 57 58 69 70 71
 2 17 57 58 62 71 72
 2 17 57 58 62 70 71
 2 17 57 58 62 69 70 72
 2 17 57 58 62 69 70 71
 2 17 45 59 71
 2 17 45 59 69 70
 2 17 45 59 62 71
 2 17 45 59 62 69 70
 2 17 45 57 58 71
 2 17 45 57 58 69 70
 2 17 45 57 58 62 71
 2 17 45 57 58 62 69 70
 2 17 44 59 72
 2 17 44 59 70 71
 2 17 44 59 62 72
 2 17 44 59 62 70 71
 2 17 44 57 58 72
 2 17 44 57 58 70 71
 2 17 44 57 58 62 72
 2 17 44 57 58 62 70 71
 2 17 44 45 59
 2 17 44 45 59 62
 2 17 44 45 57 58
 2 17 44 45 57 58 62
 2 17 32 72
 2 17 32 71 72
 2 17 32 69 70 72
 2 17 32 69 70 71
 2 17 32 62 72
 2 17 32 62 71 72
 2 17 32 62 69 70 72
 2 17 32 62 69 70 71
 2 17 32 59 72
 2 17 32 59 70 71
 2 17 32 59 62 72
 2 17 32 59 62 70 71
 2 17 32 57 58 72
 2 17 32 57 58 70 71
 2 17 32 57 58 62 72
 2 17 32 57 58 62 70 71
 2 17 32 45
 2 17 32 45 71
 2 17 32 45 69 70
 2 17 32 45 62
 2 17 32 45 62 71
 2 17 32 45 62 69 70
 2 17 32 45 59
 2 17 32 45 59 62
 2 17 32 45 57 58
 2 17 32 45 57 58 62
 2 17 32 44 72
 2 17 32 44 70 71
 2 17 32 44 62 72
 2 17 32 44 62 70 71
 2 17 32 44 45
 2 17 32 44 45 62
 2 15 61 78
 2 15 61 76 77
 2 15 59 60 78
 2 15 59 60 76 77
 2 15 51 61
 2 15 51 59 60
 2 15 34 78
 2 15 34 76 77
 2 15 34 51
 1 29 63 69 72
 1 29 63 69 70 71
 1 29 63 67 68 72
 1 29 63 67 68 70 71
 1 29 61 62 69 72
 1 29 61 62 69 70 71
 1 29 61 62 67 68 72
 1 29 61 62 67 68 70 71
 1 29 45 63 69
 1 29 45 63 67 68
 1 29 45 61 62 69
 1 29 45 61 62 67 68
 1 29 42 63 72
 1 29 42 63 70 71
 1 29 42 61 62 72
 1 29 42 61 62 70 71
 1 29 42 45 63
 1 29 42 45 61 62
 1 29 36 69 72
 1 29 36 69 70 71
 1 29 36 67 68 72
 1 29 36 67 68 70 71
 1 29 36 45 69
 1 29 36 45 67 68
 1 29 36 42 72
 1 29 36 42 70 71
 1 29 36 42 45
 1 27 28 63 69 72
 1 27 28 63 69 70 71
 1 27 28 63 67 68 72
 1 27 28 63 67 68 70 71
 1 27 28 61 62 69 72
 1 27 28 61 62 69 70 71
 1 27 28 61 62 67 68 72
 1 27 28 61 62 67 68 70 71
 1 27 28 45 63 69
 1 27 28 45 63 67 68
 1 27 28 45 61 62 69
 1 27 28 45 61 62 67 68
 1 27 28 42 63 72
 1 27 28 42 63 70 71
 1 27 28 42 61 62 72
 1 27 28 42 61 62 70 71
 1 27 28 42 45 63
 1 27 28 42 45 61 62
 1 27 28 36 69 72
 1 27 28 36 69 70 71
 1 27 28 36 67 68 72
 1 27 28 36 67 68 70 71
 1 27 28 36 45 69
 1 27 28 36 45 67 68
 1 27 28 36 42 72
 1 27 28 36 42 70 71
 1 27 28 36 42 45
 1 2 63 69 72
 1 2 63 69 70 71
 1 2 63 67 68 72
 1 2 63 67 68 70 71
 1 2 61 62 69 72
 1 2 61 62 69 70 71
 1 2 61 62 67 68 72
 1 2 61 62 67 68 70 71
 1 2 45 63 69
 1 2 45 63 67 68
 1 2 45 61 62 69
 1 2 45 61 62 67 68
 1 2 42 63 72
 1 2 42 63 70 71
 1 2 42 61 62 72
 1 2 42 61 62 70 71
 1 2 42 45 63
 1 2 42 45 61 62
 1 2 36 69 72
 1 2 36 69 70 71
 1 2 36 67 68 72
 1 2 36 67 68 70 71
 1 2 36 45 69
 1 2 36 45 67 68
 1 2 36 42 72
 1 2 36 42 70 71
 1 2 36 42 45
 0 69 72
 0 69 70 71
 0 67 68 72
 0 67 68 70 71
 0 63 69 72
 0 63 69 70 71
 0 63 67 68 72
 0 63 67 68 70 71
 0 61 62 69 72
 0 61 62 69 70 71
 0 61 62 67 68 72
 0 61 62 67 68 70 71
 0 45 69
 0 45 67 68
 0 45 63 69
 0 45 63 67 68
 0 45 61 62 69
 0 45 61 62 67 68
 0 42 72
 0 42 70 71
 0 42 63 72
 0 42 63 70 71
 0 42 61 62 72
 0 42 61 62 70 71
 0 42 45
 0 42 45 63
 0 42 45 61 62
 0 36 69 72
 0 36 69 70 71
 0 36 67 68 72
 0 36 67 68 70 71
 0 36 45 69
 0 36 45 67 68
 0 36 42 72
 0 36 42 70 71
 0 36 42 45
 0 29 63 69 72
 0 29 63 69 70 71
 0 29 63 67 68 72
 0 29 63 67 68 70 71
 0 29 61 62 69 72
 0 29 61 62 69 70 71
 0 29 61 62 67 68 72
 0 29 61 62 67 68 70 71
 0 29 45 63 69
 0 29 45 63 67 68
 0 29 45 61 62 69
 0 29 45 61 62 67 68
 0 29 42 63 72
 0 29 42 63 70 71
 0 29 42 61 62 72
 0 29 42 61 62 70 71
 0 29 42 45 63
 0 29 42 45 61 62
 0 29 36 69 72
 0 29 36 69 70 71
 0 29 36 67 68 72
 0 29 36 67 68 70 71
 0 29 36 45 69
 0 29 36 45 67 68
 0 29 36 42 72
 0 29 36 42 70 71
 0 29 36 42 45
 0 27 28 63 69 72
 0 27 28 63 69 70 71
 0 27 28 63 67 68 72
 0 27 28 63 67 68 70 71
 0 27 28 61 62 69 72
 0 27 28 61 62 69 70 71
 0 27 28 61 62 67 68 72
 0 27 28 61 62 67 68 70 71
 0 27 28 45 63 69
 0 27 28 45 63 67 68
 0 27 28 45 61 62 69
 0 27 28 45 61 62 67 68
 0 27 28 42 63 72
 0 27 28 42 63 70 71
 0 27 28 42 61 62 72
 0 27 28 42 61 62 70 71
 0 27 28 42 45 63
 0 27 28 42 45 61 62
 0 27 28 36 69 72
 0 27 28 36 69 70 71
 0 27 28 36 67 68 72
 0 27 28 36 67 68 70 71
 0 27 28 36 45 69
 0 27 28 36 45 67 68
 0 27 28 36 42 72
 0 27 28 36 42 70 71
 0 27 28 36 42 45
 0 2 63 69 72
 0 2 63 69 70 71
 0 2 63 67 68 72
 0 2 63 67 68 70 71
 0 2 61 62 69 72
 0 2 61 62 69 70 71
 0 2 61 62 67 68 72
 0 2 61 62 67 68 70 71
 0 2 45 63 69
 0 2 45 63 67 68
 0 2 45 61 62 69
 0 2 45 61 62 67 68
 0 2 42 63 72
 0 2 42 63 70 71
 0 2 42 61 62 72
 0 2 42 61 62 70 71
 0 2 42 45 63
 0 2 42 45 61 62
 0 2 36 69 72
 0 2 36 69 70 71
 0 2 36 67 68 72
 0 2 36 67 68 70 71
 0 2 36 45 69
 0 2 36 45 67 68
 0 2 36 42 72
 0 2 36 42 70 71
 0 2 36 42 45
 0 1 44 59 72
 0 1 44 59 71 72
 0 1 44 59 69 70 72
 0 1 44 59 69 70 71
 0 1 44 59 62 72
 0 1 44 59 62 71 72
 0 1 44 59 62 69 70 72
 0 1 44 59 62 69 70 71
 0 1 44 57 58 72
 0 1 44 57 58 71 72
 0 1 44 57 58 69 70 72
 0 1 44 57 58 69 70 71
 0 1 44 57 58 62 72
 0 1 44 57 58 62 71 72
 0 1 44 57 58 62 69 70 72
 0 1 44 57 58 62 69 70 71
 0 1 44 45 59
 0 1 44 45 59 71
 0 1 44 45 59 69 70
 0 1 44 45 59 62
 0 1 44 45 59 62 71
 0 1 44 45 59 62 69 70
 0 1 44 45 57 58
 0 1 44 45 57 58 71
 0 1 44 45 57 58 69 70
 0 1 44 45 57 58 62
 0 1 44 45 57 58 62 71
 0 1 44 45 57 58 62 69 70
 0 1 42 43 59 71 72
 0 1 42 43 59 70 71
 0 1 42 43 59 69 70 72
 0 1 42 43 59 69 70 71
 0 1 42 43 59 62 71 72
 0 1 42 43 59 62 70 71
 0 1 42 43 59 62 69 70 72
 0 1 42 43 59 62 69 70 71
 0 1 42 43 57 58 71 72
 0 1 42 43 57 58 70 71
 0 1 42 43 57 58 69 70 72
 0 1 42 43 57 58 69 70 71
 0 1 42 43 57 58 62 71 72
 0 1 42 43 57 58 62 70 71
 0 1 42 43 57 58 62 69 70 72
 0 1 42 43 57 58 62 69 70 71
 0 1 42 43 45 59 71
 0 1 42 43 45 59 69 70
 0 1 42 43 45 59 62 71
 0 1 42 43 45 59 62 69 70
 0 1 42 43 45 57 58 71
 0 1 42 43 45 57 58 69 70
 0 1 42 43 45 57 58 62 71
 0 1 42 43 45 57 58 62 69 70
 0 1 42 43 44 59 72
 0 1 42 43 44 59 70 71
 0 1 42 43 44 59 62 72
 0 1 42 43 44 59 62 70 71
 0 1 42 43 44 57 58 72
 0 1 42 43 44 57 58 70 71
 0 1 42 43 44 57 58 62 72
 0 1 42 43 44 57 58 62 70 71
 0 1 42 43 44 45 59
 0 1 42 43 44 45 59 62
 0 1 42 43 44 45 57 58
 0 1 42 43 44 45 57 58 62
 0 1 32 44 71 72
 0 1 32 44 70 71
 0 1 32 44 69 70 72
 0 1 32 44 69 70 71
 0 1 32 44 62 71 72
 0 1 32 44 62 70 71
 0 1 32 44 62 69 70 72
 0 1 32 44 62 69 70 71
 0 1 32 44 59 72
 0 1 32 44 59 70 71
 0 1 32 44 59 62 72
 0 1 32 44 59 62 70 71
 0 1 32 44 57 58 72
 0 1 32 44 57 58 70 71
 0 1 32 44 57 58 62 72
 0 1 32 44 57 58 62 70 71
 0 1 32 44 45 71
 0 1 32 44 45 69 70
 0 1 32 44 45 62 71
 0 1 32 44 45 62 69 70
 0 1 32 44 45 59
 0 1 32 44 45 59 62
 0 1 32 44 45 57 58
 0 1 32 44 45 57 58 62
 0 1 32 42 43 72
 0 1 32 42 43 71 72
 0 1 32 42 43 69 70 72
 0 1 32 42 43 69 70 71
 0 1 32 42 43 62 72
 0 1 32 42 43 62 71 72
 0 1 32 42 43 62 69 70 72
 0 1 32 42 43 62 69 70 71
 0 1 32 42 43 59 72
 0 1 32 42 43 59 70 71
 0 1 32 42 43 59 62 72
 0 1 32 42 43 59 62 70 71
 0 1 32 42 43 57 58 72
 0 1 32 42 43 57 58 70 71
 0 1 32 42 43 57 58 62 72
 0 1 32 42 43 57 58 62 70 71
 0 1 32 42 43 45
 0 1 32 42 43 45 71
 0 1 32 42 43 45 69 70
 0 1 32 42 43 45 62
 0 1 32 42 43 45 62 71
 0 1 32 42 43 45 62 69 70
 0 1 32 42 43 45 59
 0 1 32 42 43 45 59 62
 0 1 32 42 43 45 57 58
 0 1 32 42 43 45 57 58 62
 0 1 32 42 43 44 72
 0 1 32 42 43 44 70 71
 0 1 32 42 43 44 62 72
 0 1 32 42 43 44 62 70 71
 0 1 32 42 43 44 45
 0 1 32 42 43 44 45 62
 0 1 17 59 71 72
 0 1 17 59 70 71
 0 1 17 59 69 70 72
 0 1 17 59 69 70 71
 0 1 17 59 62 71 72
 0 1 17 59 62 70 71
 0 1 17 59 62 69 70 72
 0 1 17 59 62 69 70 71
 0 1 17 57 58 71 72
 0 1 17 57 58 70 71
 0 1 17 57 58 69 70 72
 0 1 17 57 58 69 70 71
 0 1 17 57 58 62 71 72
 0 1 17 57 58 62 70 71
 0 1 17 57 58 62 69 70 72
 0 1 17 57 58 62 69 70 71
 0 1 17 45 59 71
 0 1 17 45 59 69 70
 0 1 17 45 59 62 71
 0 1 17 45 59 62 69 70
 0 1 17 45 57 58 71
 0 1 17 45 57 58 69 70
 0 1 17 45 57 58 62 71
 0 1 17 45 57 58 62 69 70
 0 1 17 44 59 72
 0 1 17 44 59 70 71
 0 1 17 44 59 62 72
 0 1 17 44 59 62 70 71
 0 1 17 44 57 58 72
 0 1 17 44 57 58 70 71
 0 1 17 44 57 58 62 72
 0 1 17 44 57 58 62 70 71
 0 1 17 44 45 59
 0 1 17 44 45 59 62
 0 1 17 44 45 57 58
 0 1 17 44 45 57 58 62
 0 1 17 32 72
 0 1 17 32 71 72
 0 1 17 32 69 70 72
 0 1 17 32 69 70 71
 0 1 17 32 62 72
 0 1 17 32 62 71 72
 0 1 17 32 62 69 70 72
 0 1 17 32 62 69 70 71
 0 1 17 32 59 72
 0 1 17 32 59 70 71
 0 1 17 32 59 62 72
 0 1 17 32 59 62 70 71
 0 1 17 32 57 58 72
 0 1 17 32 57 58 70 71
 0 1 17 32 57 58 62 72
 0 1 17 32 57 58 62 70 71
 0 1 17 32 45
 0 1 17 32 45 71
 0 1 17 32 45 69 70
 0 1 17 32 45 62
 0 1 17 32 45 62 71
 0 1 17 32 45 62 69 70
 0 1 17 32 45 59
 0 1 17 32 45 59 62
 0 1 17 32 45 57 58
 0 1 17 32 45 57 58 62
 0 1 17 32 44 72
 0 1 17 32 44 70 71
 0 1 17 32 44 62 72
 0 1 17 32 44 62 70 71
 0 1 17 32 44 45
 0 1 17 32 44 45 62
