 58 60 68 78
 58 60 68 76 77
 58 60 61 68 78
 58 60 61 68 76 77
 58 60 61 63
 58 60 61 62
 58 59 60 68 78
 58 59 60 68 76 77
 58 59 60 63
 58 59 60 61 62
 56 74
 56 72 73
 56 62 74
 56 62 72 73
 56 61 74
 56 61 72 73
 56 59 62
 56 59 61 62
 56 59 60 74
 56 59 60 72 73
 56 59 60 62
 56 58 60 68 78
 56 58 60 68 76 77
 56 58 60 61 68 78
 56 58 60 61 68 76 77
 56 58 59 60 68 78
 56 58 59 60 68 76 77
 56 57 58 62
 56 57 58 61 62
 56 57 58 59 60 62
 51 58 60 68
 51 58 60 61 68
 51 58 59 60 68
 51 56 58 60 68
 51 56 58 60 61 68
 51 56 58 59 60 68
 48
 48 63
 48 61 62
 48 58 74
 48 58 72 73
 48 56
 48 56 78
 48 56 77
 48 56 76
 48 56 75
 48 56 74
 48 56 74 75
 48 56 74 75 77
 48 56 74 75 76
 48 56 73 74
 48 56 72 73
 48 56 71 72 74
 48 56 71 72 73
 48 56 70 71 74
 48 56 70 71 72 73
 48 56 69
 48 56 69 74
 48 56 69 72 73
 48 56 69 70 72 74
 48 56 69 70 72 73
 48 56 69 70 71 74
 48 56 69 70 71 72 73
 48 56 68 74
 48 56 68 72 73
 48 56 67 68
 48 56 67 68 74
 48 56 67 68 72 73
 48 56 63
 48 56 61 62
 48 56 60
 48 56 58 59
 48 56 57
 48 55 56
 48 55 56 62 72
 48 55 56 62 70 71
 48 54 55 56 74
 48 54 55 56 72 73
 48 54 55 56 57 74
 48 54 55 56 57 72 73
 48 51 56
 48 50 56
 48 50 56 76
 48 50 56 74 75
 48 49 56
 48 49 56 77
 48 49 56 75 76
 48 49 50 56
 47 56
 47 56 62
 47 56 61
 47 56 59 60
 47 48 58
 47 48 56
 47 48 56 71 72
 47 48 56 70 71
 47 48 56 69
 47 48 56 69 70 72
 47 48 56 69 70 71
 47 48 56 68
 47 48 56 67 68
 47 48 54 55 56
 47 48 54 55 56 57
 46 56
 46 47
 46 47 63
 46 47 61 62
 46 47 58
 46 47 58 74
 46 47 58 72 73
 46 47 56
 46 47 56 78
 46 47 56 77
 46 47 56 76
 46 47 56 75
 46 47 56 74
 46 47 56 74 75
 46 47 56 74 75 77
 46 47 56 74 75 76
 46 47 56 73 74
 46 47 56 72 73
 46 47 56 71 72
 46 47 56 71 72 74
 46 47 56 71 72 73
 46 47 56 70 71
 46 47 56 70 71 74
 46 47 56 70 71 72 73
 46 47 56 69 74
 46 47 56 69 72 73
 46 47 56 69 70 72
 46 47 56 69 70 72 74
 46 47 56 69 70 72 73
 46 47 56 69 70 71
 46 47 56 69 70 71 74
 46 47 56 69 70 71 72 73
 46 47 56 68
 46 47 56 68 74
 46 47 56 68 72 73
 46 47 56 67 68 74
 46 47 56 67 68 72 73
 46 47 56 63
 46 47 56 61 62
 46 47 56 60
 46 47 56 58 59
 46 47 56 57
 46 47 55 56
 46 47 55 56 62 72
 46 47 55 56 62 70 71
 46 47 54 55 56
 46 47 54 55 56 74
 46 47 54 55 56 72 73
 46 47 54 55 56 57
 46 47 54 55 56 57 74
 46 47 54 55 56 57 72 73
 46 47 51 56
 46 47 50 56
 46 47 50 56 76
 46 47 50 56 74 75
 46 47 49 56
 46 47 49 56 77
 46 47 49 56 75 76
 46 47 49 50 56
 46 47 48 56
 45 48 56 71 74
 45 48 56 71 72 73
 45 48 56 69 70 74
 45 48 56 69 70 72 73
 45 48 55 56 62
 45 47 48 56 71
 45 47 48 56 69 70
 45 46 47 56 71
 45 46 47 56 71 74
 45 46 47 56 71 72 73
 45 46 47 56 69 70
 45 46 47 56 69 70 74
 45 46 47 56 69 70 72 73
 45 46 47 55 56 62
 44 78
 44 76 77
 44 58 78
 44 58 76 77
 44 58 61 78
 44 58 61 76 77
 44 58 59 60 78
 44 58 59 60 76 77
 44 56 58 61 78
 44 56 58 61 76 77
 44 56 58 61 68 78
 44 56 58 61 68 76 77
 44 56 58 59 60 78
 44 56 58 59 60 76 77
 44 56 58 59 60 68 78
 44 56 58 59 60 68 76 77
 44 51
 44 51 58
 44 51 58 61
 44 51 58 59 60
 44 51 56 58 61
 44 51 56 58 61 68
 44 51 56 58 59 60
 44 51 56 58 59 60 68
 44 48 56 72 74
 44 48 56 72 73
 44 48 56 70 71 74
 44 48 56 70 71 72 73
 44 47 48 56 72
 44 47 48 56 70 71
 44 46 47 56 72
 44 46 47 56 72 74
 44 46 47 56 72 73
 44 46 47 56 70 71
 44 46 47 56 70 71 74
 44 46 47 56 70 71 72 73
 44 45 56
 44 45 48 56 74
 44 45 48 56 72 73
 44 45 47 48 56
 44 45 46 47 56
 44 45 46 47 56 74
 44 45 46 47 56 72 73
 43 48 56 74
 43 48 56 72 73
 43 47 48 56
 43 46 47 56
 43 46 47 56 74
 43 46 47 56 72 73
 42 48 56 74
 42 48 56 72 73
 42 47 48 56
 42 46 47 56
 42 46 47 56 74
 42 46 47 56 72 73
 42 43 78
 42 43 76 77
 42 43 58 78
 42 43 58 76 77
 42 43 58 61 78
 42 43 58 61 76 77
 42 43 58 59 60 78
 42 43 58 59 60 76 77
 42 43 56 58 61 78
 42 43 56 58 61 76 77
 42 43 56 58 61 68 78
 42 43 56 58 61 68 76 77
 42 43 56 58 59 60 78
 42 43 56 58 59 60 76 77
 42 43 56 58 59 60 68 78
 42 43 56 58 59 60 68 76 77
 42 43 51
 42 43 51 58
 42 43 51 58 61
 42 43 51 58 59 60
 42 43 51 56 58 61
 42 43 51 56 58 61 68
 42 43 51 56 58 59 60
 42 43 51 56 58 59 60 68
 41 58 60 78
 41 58 60 76 77
 41 58 60 61 78
 41 58 60 61 76 77
 41 58 59 60 78
 41 58 59 60 76 77
 41 56 58 60 78
 41 56 58 60 76 77
 41 56 58 60 61 78
 41 56 58 60 61 76 77
 41 56 58 59 60 78
 41 56 58 59 60 76 77
 41 51 58 60
 41 51 58 60 61
 41 51 58 59 60
 41 51 56 58 60
 41 51 56 58 60 61
 41 51 56 58 59 60
 41 42 48 56 74
 41 42 48 56 72 73
 41 42 47 48 56
 41 42 46 47 56
 41 42 46 47 56 74
 41 42 46 47 56 72 73
 39 58 60 78
 39 58 60 76 77
 39 58 60 61 78
 39 58 60 61 76 77
 39 58 59 60 78
 39 58 59 60 76 77
 39 56 58 60 78
 39 56 58 60 76 77
 39 56 58 60 61 78
 39 56 58 60 61 76 77
 39 56 58 59 60 78
 39 56 58 59 60 76 77
 39 51 58 60
 39 51 58 60 61
 39 51 58 59 60
 39 51 56 58 60
 39 51 56 58 60 61
 39 51 56 58 59 60
 39 48 56
 39 48 56 74
 39 48 56 72 73
 39 47 48 56
 39 46 47 56 74
 39 46 47 56 72 73
 38 39 58 60 78
 38 39 58 60 76 77
 38 39 58 60 61 78
 38 39 58 60 61 76 77
 38 39 58 59 60 78
 38 39 58 59 60 76 77
 38 39 56 58 60 78
 38 39 56 58 60 76 77
 38 39 56 58 60 61 78
 38 39 56 58 60 61 76 77
 38 39 56 58 59 60 78
 38 39 56 58 59 60 76 77
 38 39 51 58 60
 38 39 51 58 60 61
 38 39 51 58 59 60
 38 39 51 56 58 60
 38 39 51 56 58 60 61
 38 39 51 56 58 59 60
 37 38 58 60 78
 37 38 58 60 76 77
 37 38 58 60 61 78
 37 38 58 60 61 76 77
 37 38 58 59 60 78
 37 38 58 59 60 76 77
 37 38 56 58 60 78
 37 38 56 58 60 76 77
 37 38 56 58 60 61 78
 37 38 56 58 60 61 76 77
 37 38 56 58 59 60 78
 37 38 56 58 59 60 76 77
 37 38 51 58 60
 37 38 51 58 60 61
 37 38 51 58 59 60
 37 38 51 56 58 60
 37 38 51 56 58 60 61
 37 38 51 56 58 59 60
 37 38 48 56
 37 38 48 56 74
 37 38 48 56 72 73
 37 38 47 48 56
 37 38 46 47 56 74
 37 38 46 47 56 72 73
 37 38 40 58 60 78
 37 38 40 58 60 76 77
 37 38 40 58 60 61 78
 37 38 40 58 60 61 76 77
 37 38 40 58 59 60 78
 37 38 40 58 59 60 76 77
 37 38 40 56 58 60 78
 37 38 40 56 58 60 76 77
 37 38 40 56 58 60 61 78
 37 38 40 56 58 60 61 76 77
 37 38 40 56 58 59 60 78
 37 38 40 56 58 59 60 76 77
 37 38 40 51 58 60
 37 38 40 51 58 60 61
 37 38 40 51 58 59 60
 37 38 40 51 56 58 60
 37 38 40 51 56 58 60 61
 37 38 40 51 56 58 59 60
 37 38 39 58 60 78
 37 38 39 58 60 76 77
 37 38 39 58 60 61 78
 37 38 39 58 60 61 76 77
 37 38 39 58 59 60 78
 37 38 39 58 59 60 76 77
 37 38 39 56 58 60 78
 37 38 39 56 58 60 76 77
 37 38 39 56 58 60 61 78
 37 38 39 56 58 60 61 76 77
 37 38 39 56 58 59 60 78
 37 38 39 56 58 59 60 76 77
 37 38 39 51 58 60
 37 38 39 51 58 60 61
 37 38 39 51 58 59 60
 37 38 39 51 56 58 60
 37 38 39 51 56 58 60 61
 37 38 39 51 56 58 59 60
 36 58 60 61
 36 58 59 60
 36 48
 36 48 56
 36 46 47
 36 46 47 56
 34 58 60 68 78
 34 58 60 68 76 77
 34 58 60 63
 34 58 60 61 62
 34 56 74
 34 56 72 73
 34 56 59 62
 34 56 58 60 68 78
 34 56 58 60 68 76 77
 34 56 57 58 62
 34 51 58 60 68
 34 51 56 58 60 68
 34 47 56
 34 44 58 78
 34 44 58 76 77
 34 44 56 58 78
 34 44 56 58 76 77
 34 44 56 58 68 78
 34 44 56 58 68 76 77
 34 44 51 58
 34 44 51 56 58
 34 44 51 56 58 68
 34 42 43 58 78
 34 42 43 58 76 77
 34 42 43 56 58 78
 34 42 43 56 58 76 77
 34 42 43 56 58 68 78
 34 42 43 56 58 68 76 77
 34 42 43 51 58
 34 42 43 51 56 58
 34 42 43 51 56 58 68
 34 41 58 60 78
 34 41 58 60 76 77
 34 41 56 58 60 78
 34 41 56 58 60 76 77
 34 41 51 58 60
 34 41 51 56 58 60
 34 39 58 60 78
 34 39 58 60 76 77
 34 39 56 58 60 78
 34 39 56 58 60 76 77
 34 39 51 58 60
 34 39 51 56 58 60
 34 38 39 58 60 78
 34 38 39 58 60 76 77
 34 38 39 56 58 60 78
 34 38 39 56 58 60 76 77
 34 38 39 51 58 60
 34 38 39 51 56 58 60
 34 37 38 58 60 78
 34 37 38 58 60 76 77
 34 37 38 56 58 60 78
 34 37 38 56 58 60 76 77
 34 37 38 51 58 60
 34 37 38 51 56 58 60
 34 37 38 40 58 60 78
 34 37 38 40 58 60 76 77
 34 37 38 40 56 58 60 78
 34 37 38 40 56 58 60 76 77
 34 37 38 40 51 58 60
 34 37 38 40 51 56 58 60
 34 37 38 39 58 60 78
 34 37 38 39 58 60 76 77
 34 37 38 39 56 58 60 78
 34 37 38 39 56 58 60 76 77
 34 37 38 39 51 58 60
 34 37 38 39 51 56 58 60
 34 36 58 60
 33 48 56
 33 46 47 56
 32 56 62
 32 56 61 62
 32 56 59 60 62
 32 34 56 62
 30 48 56 74
 30 48 56 72 73
 30 48 54 55 56 74
 30 48 54 55 56 72 73
 30 47 48 56
 30 47 48 54 55 56
 30 46 47 56
 30 46 47 56 74
 30 46 47 56 72 73
 30 46 47 54 55 56
 30 46 47 54 55 56 74
 30 46 47 54 55 56 72 73
 29 48
 29 48 58
 29 48 56 57 74
 29 48 56 57 72 73
 29 48 55 56 74
 29 48 55 56 72 73
 29 47 48 56 57
 29 47 48 55 56
 29 46 47
 29 46 47 58
 29 46 47 56 57
 29 46 47 56 57 74
 29 46 47 56 57 72 73
 29 46 47 55 56
 29 46 47 55 56 74
 29 46 47 55 56 72 73
 29 30 48 56 74
 29 30 48 56 72 73
 29 30 47 48 56
 29 30 46 47 56
 29 30 46 47 56 74
 29 30 46 47 56 72 73
 28 48 58
 28 46 47 58
 27 58 60 63 68
 27 58 60 61 63
 27 58 60 61 63 68
 27 58 60 61 62
 27 58 59 60 63
 27 58 59 60 63 68
 27 58 59 60 61 62
 27 58 59 60 61 62 68
 27 36 58 60 68
 27 36 58 60 61
 27 36 58 60 61 68
 27 36 58 59 60
 27 36 58 59 60 68
 27 34 58 60 63
 27 34 58 60 63 68
 27 34 58 60 61 62
 27 34 58 60 61 62 68
 27 34 36 58 60
 27 34 36 58 60 68
 27 28 48
 27 28 48 58
 27 28 46 47
 27 28 46 47 58
 26 58 60 78
 26 58 60 76 77
 26 58 60 61 78
 26 58 60 61 76 77
 26 58 59 60 78
 26 58 59 60 76 77
 26 56 58 60 78
 26 56 58 60 76 77
 26 56 58 60 61 78
 26 56 58 60 61 76 77
 26 56 58 59 60 78
 26 56 58 59 60 76 77
 26 51 58 60
 26 51 58 60 61
 26 51 58 59 60
 26 51 56 58 60
 26 51 56 58 60 61
 26 51 56 58 59 60
 26 48 56 74
 26 48 56 72 73
 26 47 48 56
 26 46 47 56
 26 46 47 56 74
 26 46 47 56 72 73
 26 44 56 58 61 78
 26 44 56 58 61 76 77
 26 44 56 58 59 60 78
 26 44 56 58 59 60 76 77
 26 44 51 56 58 61
 26 44 51 56 58 59 60
 26 42 43 56 58 61 78
 26 42 43 56 58 61 76 77
 26 42 43 56 58 59 60 78
 26 42 43 56 58 59 60 76 77
 26 42 43 51 56 58 61
 26 42 43 51 56 58 59 60
 26 34 58 60 78
 26 34 58 60 76 77
 26 34 56 58 60 78
 26 34 56 58 60 76 77
 26 34 51 58 60
 26 34 51 56 58 60
 26 34 44 56 58 78
 26 34 44 56 58 76 77
 26 34 44 51 56 58
 26 34 42 43 56 58 78
 26 34 42 43 56 58 76 77
 26 34 42 43 51 56 58
 26 27 58 60 63
 26 27 58 60 61 63
 26 27 58 59 60 63
 26 27 58 59 60 61 62
 26 27 48 58
 26 27 46 47 58
 26 27 36 58 60
 26 27 36 58 60 61
 26 27 36 58 59 60
 26 27 34 58 60 63
 26 27 34 58 60 61 62
 26 27 34 36 58 60
 25 44 58 78
 25 44 58 76 77
 25 44 58 61 78
 25 44 58 61 76 77
 25 44 58 59 60 78
 25 44 58 59 60 76 77
 25 44 51 58
 25 44 51 58 61
 25 44 51 58 59 60
 25 42 43 58 78
 25 42 43 58 76 77
 25 42 43 58 61 78
 25 42 43 58 61 76 77
 25 42 43 58 59 60 78
 25 42 43 58 59 60 76 77
 25 42 43 51 58
 25 42 43 51 58 61
 25 42 43 51 58 59 60
 25 34 44 58 78
 25 34 44 58 76 77
 25 34 44 51 58
 25 34 42 43 58 78
 25 34 42 43 58 76 77
 25 34 42 43 51 58
 24 25 58 60 78
 24 25 58 60 76 77
 24 25 58 60 61 78
 24 25 58 60 61 76 77
 24 25 58 59 60 78
 24 25 58 59 60 76 77
 24 25 56 58 60 78
 24 25 56 58 60 76 77
 24 25 56 58 60 61 78
 24 25 56 58 60 61 76 77
 24 25 56 58 59 60 78
 24 25 56 58 59 60 76 77
 24 25 51 58 60
 24 25 51 58 60 61
 24 25 51 58 59 60
 24 25 51 56 58 60
 24 25 51 56 58 60 61
 24 25 51 56 58 59 60
 24 25 48 56 74
 24 25 48 56 72 73
 24 25 47 48 56
 24 25 46 47 56
 24 25 46 47 56 74
 24 25 46 47 56 72 73
 24 25 44 56 58 61 78
 24 25 44 56 58 61 76 77
 24 25 44 56 58 59 60 78
 24 25 44 56 58 59 60 76 77
 24 25 44 51 56 58 61
 24 25 44 51 56 58 59 60
 24 25 42 43 56 58 61 78
 24 25 42 43 56 58 61 76 77
 24 25 42 43 56 58 59 60 78
 24 25 42 43 56 58 59 60 76 77
 24 25 42 43 51 56 58 61
 24 25 42 43 51 56 58 59 60
 24 25 34 58 60 78
 24 25 34 58 60 76 77
 24 25 34 56 58 60 78
 24 25 34 56 58 60 76 77
 24 25 34 51 58 60
 24 25 34 51 56 58 60
 24 25 34 44 56 58 78
 24 25 34 44 56 58 76 77
 24 25 34 44 51 56 58
 24 25 34 42 43 56 58 78
 24 25 34 42 43 56 58 76 77
 24 25 34 42 43 51 56 58
 24 25 27 58 60 63
 24 25 27 58 60 61 63
 24 25 27 58 59 60 63
 24 25 27 58 59 60 61 62
 24 25 27 36 58 60
 24 25 27 36 58 60 61
 24 25 27 36 58 59 60
 24 25 27 34 58 60 63
 24 25 27 34 58 60 61 62
 24 25 27 34 36 58 60
 23 48 55 56 64 72
 23 48 55 56 64 70 71
 23 46 47 55 56 64 72
 23 46 47 55 56 64 70 71
 23 45 48 55 56 64
 23 45 46 47 55 56 64
 23 44 58 78
 23 44 58 76 77
 23 44 58 61 78
 23 44 58 61 76 77
 23 44 58 59 60 78
 23 44 58 59 60 76 77
 23 44 51 58
 23 44 51 58 61
 23 44 51 58 59 60
 23 42 43 58 78
 23 42 43 58 76 77
 23 42 43 58 61 78
 23 42 43 58 61 76 77
 23 42 43 58 59 60 78
 23 42 43 58 59 60 76 77
 23 42 43 51 58
 23 42 43 51 58 61
 23 42 43 51 58 59 60
 23 39 48 56 64 72
 23 39 48 56 64 70 71
 23 39 46 47 56 64 72
 23 39 46 47 56 64 70 71
 23 39 45 48 56 64
 23 39 45 46 47 56 64
 23 37 38 48 56 64 72
 23 37 38 48 56 64 70 71
 23 37 38 46 47 56 64 72
 23 37 38 46 47 56 64 70 71
 23 37 38 45 48 56 64
 23 37 38 45 46 47 56 64
 23 34 44 58 78
 23 34 44 58 76 77
 23 34 44 51 58
 23 34 42 43 58 78
 23 34 42 43 58 76 77
 23 34 42 43 51 58
 21
 21 63
 21 61 62
 21 58 74
 21 58 72 73
 21 56 78
 21 56 77
 21 56 76
 21 56 75
 21 56 74
 21 56 74 75
 21 56 74 75 77
 21 56 74 75 76
 21 56 73 74
 21 56 72 73
 21 56 71 72 74
 21 56 71 72 73
 21 56 70 71 74
 21 56 70 71 72 73
 21 56 69
 21 56 69 74
 21 56 69 72 73
 21 56 69 70 72 74
 21 56 69 70 72 73
 21 56 69 70 71 74
 21 56 69 70 71 72 73
 21 56 68 74
 21 56 68 72 73
 21 56 67 68
 21 56 67 68 74
 21 56 67 68 72 73
 21 56 63
 21 56 61 62
 21 56 60
 21 56 58 59
 21 56 57
 21 55 56
 21 55 56 62 72
 21 55 56 62 70 71
 21 54 55 56 74
 21 54 55 56 72 73
 21 54 55 56 57 74
 21 54 55 56 57 72 73
 21 51 56
 21 50 56
 21 50 56 76
 21 50 56 74 75
 21 49 56
 21 49 56 77
 21 49 56 75 76
 21 49 50 56
 21 48 56
 21 47 58
 21 47 56
 21 47 56 71 72
 21 47 56 70 71
 21 47 56 69
 21 47 56 69 70 72
 21 47 56 69 70 71
 21 47 56 68
 21 47 56 67 68
 21 47 54 55 56
 21 47 54 55 56 57
 21 45 56 71 74
 21 45 56 71 72 73
 21 45 56 69 70 74
 21 45 56 69 70 72 73
 21 45 55 56 62
 21 45 47 56 71
 21 45 47 56 69 70
 21 44 56 72 74
 21 44 56 72 73
 21 44 56 70 71 74
 21 44 56 70 71 72 73
 21 44 47 56 72
 21 44 47 56 70 71
 21 44 45 56 74
 21 44 45 56 72 73
 21 44 45 47 56
 21 43 56 74
 21 43 56 72 73
 21 43 47 56
 21 42 56 74
 21 42 56 72 73
 21 42 47 56
 21 41 42 56 74
 21 41 42 56 72 73
 21 41 42 47 56
 21 39 56
 21 39 56 74
 21 39 56 72 73
 21 39 47 56
 21 37 38 56
 21 37 38 56 74
 21 37 38 56 72 73
 21 37 38 47 56
 21 36
 21 36 56
 21 33 56
 21 30 56 74
 21 30 56 72 73
 21 30 54 55 56 74
 21 30 54 55 56 72 73
 21 30 47 56
 21 30 47 54 55 56
 21 29
 21 29 58
 21 29 56 57 74
 21 29 56 57 72 73
 21 29 55 56 74
 21 29 55 56 72 73
 21 29 47 56 57
 21 29 47 55 56
 21 29 30 56 74
 21 29 30 56 72 73
 21 29 30 47 56
 21 28 58
 21 27 28
 21 27 28 58
 21 26 56 74
 21 26 56 72 73
 21 26 47 56
 21 26 27 58
 21 24 25 56 74
 21 24 25 56 72 73
 21 24 25 47 56
 21 23 55 56 64 72
 21 23 55 56 64 70 71
 21 23 45 55 56 64
 21 23 39 56 64 72
 21 23 39 56 64 70 71
 21 23 39 45 56 64
 21 23 37 38 56 64 72
 21 23 37 38 56 64 70 71
 21 23 37 38 45 56 64
 19 56
 17 78
 17 76 77
 17 58 78
 17 58 76 77
 17 58 61 78
 17 58 61 76 77
 17 58 59 60 78
 17 58 59 60 76 77
 17 56 58 61 78
 17 56 58 61 76 77
 17 56 58 61 68 78
 17 56 58 61 68 76 77
 17 56 58 59 60 78
 17 56 58 59 60 76 77
 17 56 58 59 60 68 78
 17 56 58 59 60 68 76 77
 17 51
 17 51 58
 17 51 58 61
 17 51 58 59 60
 17 51 56 58 61
 17 51 56 58 61 68
 17 51 56 58 59 60
 17 51 56 58 59 60 68
 17 34 58 78
 17 34 58 76 77
 17 34 56 58 78
 17 34 56 58 76 77
 17 34 56 58 68 78
 17 34 56 58 68 76 77
 17 34 51 58
 17 34 51 56 58
 17 34 51 56 58 68
 17 26 56 58 61 78
 17 26 56 58 61 76 77
 17 26 56 58 59 60 78
 17 26 56 58 59 60 76 77
 17 26 51 56 58 61
 17 26 51 56 58 59 60
 17 26 34 56 58 78
 17 26 34 56 58 76 77
 17 26 34 51 56 58
 17 25 58 78
 17 25 58 76 77
 17 25 58 61 78
 17 25 58 61 76 77
 17 25 58 59 60 78
 17 25 58 59 60 76 77
 17 25 51 58
 17 25 51 58 61
 17 25 51 58 59 60
 17 25 34 58 78
 17 25 34 58 76 77
 17 25 34 51 58
 17 24 25 56 58 61 78
 17 24 25 56 58 61 76 77
 17 24 25 56 58 59 60 78
 17 24 25 56 58 59 60 76 77
 17 24 25 51 56 58 61
 17 24 25 51 56 58 59 60
 17 24 25 34 56 58 78
 17 24 25 34 56 58 76 77
 17 24 25 34 51 56 58
 17 23 58 78
 17 23 58 76 77
 17 23 58 61 78
 17 23 58 61 76 77
 17 23 58 59 60 78
 17 23 58 59 60 76 77
 17 23 51 58
 17 23 51 58 61
 17 23 51 58 59 60
 17 23 34 58 78
 17 23 34 58 76 77
 17 23 34 51 58
 16 48 56 74
 16 48 56 72 73
 16 47 48 56
 16 46 47 56
 16 46 47 56 74
 16 46 47 56 72 73
 16 21 56 74
 16 21 56 72 73
 16 21 47 56
 14 58 60 78
 14 58 60 76 77
 14 58 60 61 78
 14 58 60 61 76 77
 14 58 59 60 78
 14 58 59 60 76 77
 14 56 58 60 78
 14 56 58 60 76 77
 14 56 58 60 61 78
 14 56 58 60 61 76 77
 14 56 58 59 60 78
 14 56 58 59 60 76 77
 14 51 58 60
 14 51 58 60 61
 14 51 58 59 60
 14 51 56 58 60
 14 51 56 58 60 61
 14 51 56 58 59 60
 14 48 56 74
 14 48 56 72 73
 14 47 48 56
 14 46 47 56
 14 46 47 56 74
 14 46 47 56 72 73
 14 34 58 60 78
 14 34 58 60 76 77
 14 34 56 58 60 78
 14 34 56 58 60 76 77
 14 34 51 58 60
 14 34 51 56 58 60
 14 21 56 74
 14 21 56 72 73
 14 21 47 56
 13 39 58 60 78
 13 39 58 60 76 77
 13 39 58 60 61 78
 13 39 58 60 61 76 77
 13 39 58 59 60 78
 13 39 58 59 60 76 77
 13 39 56 58 60 78
 13 39 56 58 60 76 77
 13 39 56 58 60 61 78
 13 39 56 58 60 61 76 77
 13 39 56 58 59 60 78
 13 39 56 58 59 60 76 77
 13 39 51 58 60
 13 39 51 58 60 61
 13 39 51 58 59 60
 13 39 51 56 58 60
 13 39 51 56 58 60 61
 13 39 51 56 58 59 60
 13 37 38 58 60 78
 13 37 38 58 60 76 77
 13 37 38 58 60 61 78
 13 37 38 58 60 61 76 77
 13 37 38 58 59 60 78
 13 37 38 58 59 60 76 77
 13 37 38 56 58 60 78
 13 37 38 56 58 60 76 77
 13 37 38 56 58 60 61 78
 13 37 38 56 58 60 61 76 77
 13 37 38 56 58 59 60 78
 13 37 38 56 58 59 60 76 77
 13 37 38 51 58 60
 13 37 38 51 58 60 61
 13 37 38 51 58 59 60
 13 37 38 51 56 58 60
 13 37 38 51 56 58 60 61
 13 37 38 51 56 58 59 60
 13 34 39 58 60 78
 13 34 39 58 60 76 77
 13 34 39 56 58 60 78
 13 34 39 56 58 60 76 77
 13 34 39 51 58 60
 13 34 39 51 56 58 60
 13 34 37 38 58 60 78
 13 34 37 38 58 60 76 77
 13 34 37 38 56 58 60 78
 13 34 37 38 56 58 60 76 77
 13 34 37 38 51 58 60
 13 34 37 38 51 56 58 60
 12 58 60 78
 12 58 60 76 77
 12 58 60 61 78
 12 58 60 61 76 77
 12 58 59 60 78
 12 58 59 60 76 77
 12 56 58 60 78
 12 56 58 60 76 77
 12 56 58 60 61 78
 12 56 58 60 61 76 77
 12 56 58 59 60 78
 12 56 58 59 60 76 77
 12 51 58 60
 12 51 58 60 61
 12 51 58 59 60
 12 51 56 58 60
 12 51 56 58 60 61
 12 51 56 58 59 60
 12 48 56
 12 48 56 74
 12 48 56 72 73
 12 47 48 56
 12 46 47 56 74
 12 46 47 56 72 73
 12 40 58 60 78
 12 40 58 60 76 77
 12 40 58 60 61 78
 12 40 58 60 61 76 77
 12 40 58 59 60 78
 12 40 58 59 60 76 77
 12 40 56 58 60 78
 12 40 56 58 60 76 77
 12 40 56 58 60 61 78
 12 40 56 58 60 61 76 77
 12 40 56 58 59 60 78
 12 40 56 58 59 60 76 77
 12 40 51 58 60
 12 40 51 58 60 61
 12 40 51 58 59 60
 12 40 51 56 58 60
 12 40 51 56 58 60 61
 12 40 51 56 58 59 60
 12 38 39 58 60 78
 12 38 39 58 60 76 77
 12 38 39 58 60 61 78
 12 38 39 58 60 61 76 77
 12 38 39 58 59 60 78
 12 38 39 58 59 60 76 77
 12 38 39 56 58 60 78
 12 38 39 56 58 60 76 77
 12 38 39 56 58 60 61 78
 12 38 39 56 58 60 61 76 77
 12 38 39 56 58 59 60 78
 12 38 39 56 58 59 60 76 77
 12 38 39 51 58 60
 12 38 39 51 58 60 61
 12 38 39 51 58 59 60
 12 38 39 51 56 58 60
 12 38 39 51 56 58 60 61
 12 38 39 51 56 58 59 60
 12 34 58 60 78
 12 34 58 60 76 77
 12 34 56 58 60 78
 12 34 56 58 60 76 77
 12 34 51 58 60
 12 34 51 56 58 60
 12 34 40 58 60 78
 12 34 40 58 60 76 77
 12 34 40 56 58 60 78
 12 34 40 56 58 60 76 77
 12 34 40 51 58 60
 12 34 40 51 56 58 60
 12 34 38 39 58 60 78
 12 34 38 39 58 60 76 77
 12 34 38 39 56 58 60 78
 12 34 38 39 56 58 60 76 77
 12 34 38 39 51 58 60
 12 34 38 39 51 56 58 60
 12 23 48 56 64 72
 12 23 48 56 64 70 71
 12 23 46 47 56 64 72
 12 23 46 47 56 64 70 71
 12 23 45 48 56 64
 12 23 45 46 47 56 64
 12 21 56
 12 21 56 74
 12 21 56 72 73
 12 21 47 56
 12 21 23 56 64 72
 12 21 23 56 64 70 71
 12 21 23 45 56 64
 12 13 58 60 78
 12 13 58 60 76 77
 12 13 58 60 61 78
 12 13 58 60 61 76 77
 12 13 58 59 60 78
 12 13 58 59 60 76 77
 12 13 56 58 60 78
 12 13 56 58 60 76 77
 12 13 56 58 60 61 78
 12 13 56 58 60 61 76 77
 12 13 56 58 59 60 78
 12 13 56 58 59 60 76 77
 12 13 51 58 60
 12 13 51 58 60 61
 12 13 51 58 59 60
 12 13 51 56 58 60
 12 13 51 56 58 60 61
 12 13 51 56 58 59 60
 12 13 34 58 60 78
 12 13 34 58 60 76 77
 12 13 34 56 58 60 78
 12 13 34 56 58 60 76 77
 12 13 34 51 58 60
 12 13 34 51 56 58 60
 6 48 56
 6 46 47 56
 6 21 56
 5 48 56
 5 46 47 56
 5 21 56
 2 48
 2 48 58
 2 46 47
 2 46 47 58
 2 21
 2 21 58
 1 48 58
 1 46 47 58
 1 21 58
