 45 56 68
 45 54 58
 45 54 58 68
 45 54 56 66
 45 54 56 66 72
 45 54 56 66 70 71
 45 54 56 64 65
 45 54 56 64 65 72
 45 54 56 64 65 70 71
 45 54 56 62
 45 54 56 58 70
 45 54 56 58 68 69
 45 54 56 58 62 68 70
 45 54 56 58 62 68 69
 45 54 56 57
 45 54 56 57 70
 45 54 56 57 68
 45 54 56 57 68 69
 45 54 56 57 62 68 70
 45 54 56 57 62 68 69
 45 54 56 57 58 74
 45 54 56 57 58 72 73
 45 54 56 57 58 62
 45 52 53 58
 45 52 53 58 68
 45 52 53 56 66
 45 52 53 56 66 72
 45 52 53 56 66 70 71
 45 52 53 56 64 65
 45 52 53 56 64 65 72
 45 52 53 56 64 65 70 71
 45 52 53 56 62
 45 52 53 56 58 70
 45 52 53 56 58 68 69
 45 52 53 56 58 62 68 70
 45 52 53 56 58 62 68 69
 45 52 53 56 57
 45 52 53 56 57 70
 45 52 53 56 57 68
 45 52 53 56 57 68 69
 45 52 53 56 57 62 68 70
 45 52 53 56 57 62 68 69
 45 52 53 56 57 58 74
 45 52 53 56 57 58 72 73
 45 52 53 56 57 58 62
 45 47 54 56 57 58
 45 47 52 53 56 57 58
 43 54 56 58 62 72
 43 54 56 58 62 70 71
 43 54 56 57 62 72
 43 54 56 57 62 70 71
 43 52 53 56 58 62 72
 43 52 53 56 58 62 70 71
 43 52 53 56 57 62 72
 43 52 53 56 57 62 70 71
 43 45 54 56 58
 43 45 54 56 58 62
 43 45 54 56 58 62 68
 43 45 54 56 57
 43 45 54 56 57 62
 43 45 54 56 57 62 68
 43 45 52 53 56 58
 43 45 52 53 56 58 62
 43 45 52 53 56 58 62 68
 43 45 52 53 56 57
 43 45 52 53 56 57 62
 43 45 52 53 56 57 62 68
 43 44 56 68
 43 44 54 58
 43 44 54 58 68
 43 44 54 56 66 72
 43 44 54 56 66 70 71
 43 44 54 56 64 65 72
 43 44 54 56 64 65 70 71
 43 44 54 56 62
 43 44 54 56 58
 43 44 54 56 58 70
 43 44 54 56 58 68 69
 43 44 54 56 58 62 68
 43 44 54 56 58 62 68 70
 43 44 54 56 58 62 68 69
 43 44 54 56 57 70
 43 44 54 56 57 68
 43 44 54 56 57 68 69
 43 44 54 56 57 62 68
 43 44 54 56 57 62 68 70
 43 44 54 56 57 62 68 69
 43 44 54 56 57 58 74
 43 44 54 56 57 58 72 73
 43 44 54 56 57 58 62
 43 44 52 53 58
 43 44 52 53 58 68
 43 44 52 53 56 66 72
 43 44 52 53 56 66 70 71
 43 44 52 53 56 64 65 72
 43 44 52 53 56 64 65 70 71
 43 44 52 53 56 62
 43 44 52 53 56 58
 43 44 52 53 56 58 70
 43 44 52 53 56 58 68 69
 43 44 52 53 56 58 62 68
 43 44 52 53 56 58 62 68 70
 43 44 52 53 56 58 62 68 69
 43 44 52 53 56 57 70
 43 44 52 53 56 57 68
 43 44 52 53 56 57 68 69
 43 44 52 53 56 57 62 68
 43 44 52 53 56 57 62 68 70
 43 44 52 53 56 57 62 68 69
 43 44 52 53 56 57 58 74
 43 44 52 53 56 57 58 72 73
 43 44 52 53 56 57 58 62
 43 44 47 54 56 57 58
 43 44 47 52 53 56 57 58
 43 44 45 54 56 66
 43 44 45 54 56 64 65
 43 44 45 52 53 56 66
 43 44 45 52 53 56 64 65
 41 45 62 70
 41 45 62 68 69
 41 45 57 70
 41 45 57 68 69
 41 45 57 62 70
 41 45 57 62 68 69
 41 45 54 56 66
 41 45 54 56 66 72
 41 45 54 56 66 70 71
 41 45 54 56 64 65
 41 45 54 56 64 65 72
 41 45 54 56 64 65 70 71
 41 45 54 56 62
 41 45 54 56 58
 41 45 52 53 56 66
 41 45 52 53 56 66 72
 41 45 52 53 56 66 70 71
 41 45 52 53 56 64 65
 41 45 52 53 56 64 65 72
 41 45 52 53 56 64 65 70 71
 41 45 52 53 56 62
 41 45 52 53 56 58
 41 43 45 62
 41 43 45 57
 41 43 45 57 62
 41 43 44 62
 41 43 44 62 70
 41 43 44 62 68 69
 41 43 44 57
 41 43 44 57 70
 41 43 44 57 68 69
 41 43 44 57 62
 41 43 44 57 62 70
 41 43 44 57 62 68 69
 41 43 44 54 56 66 72
 41 43 44 54 56 66 70 71
 41 43 44 54 56 64 65 72
 41 43 44 54 56 64 65 70 71
 41 43 44 54 56 62
 41 43 44 54 56 58
 41 43 44 52 53 56 66 72
 41 43 44 52 53 56 66 70 71
 41 43 44 52 53 56 64 65 72
 41 43 44 52 53 56 64 65 70 71
 41 43 44 52 53 56 62
 41 43 44 52 53 56 58
 41 43 44 45 54 56 66
 41 43 44 45 54 56 64 65
 41 43 44 45 52 53 56 66
 41 43 44 45 52 53 56 64 65
 41 42 54 56 58 62 72
 41 42 54 56 58 62 70 71
 41 42 54 56 57 62 72
 41 42 54 56 57 62 70 71
 41 42 52 53 56 58 62 72
 41 42 52 53 56 58 62 70 71
 41 42 52 53 56 57 62 72
 41 42 52 53 56 57 62 70 71
 41 42 45 54 56 58 62
 41 42 45 54 56 57 62
 41 42 45 52 53 56 58 62
 41 42 45 52 53 56 57 62
 39 58
 39 45 57 70
 39 45 57 68 69
 39 45 57 58 70
 39 45 57 58 68 69
 39 45 56 57 58 74
 39 45 56 57 58 72 73
 39 45 56 57 58 62
 39 45 54 56
 39 45 54 56 72
 39 45 54 56 70 71
 39 45 52 53 56
 39 45 52 53 56 72
 39 45 52 53 56 70 71
 39 45 47 56 57 58
 39 43 45 57
 39 43 45 57 58
 39 43 44 57
 39 43 44 57 70
 39 43 44 57 68 69
 39 43 44 57 58
 39 43 44 57 58 70
 39 43 44 57 58 68 69
 39 43 44 56 57 58 74
 39 43 44 56 57 58 72 73
 39 43 44 56 57 58 62
 39 43 44 54 56 72
 39 43 44 54 56 70 71
 39 43 44 52 53 56 72
 39 43 44 52 53 56 70 71
 39 43 44 47 56 57 58
 39 43 44 45 54 56
 39 43 44 45 52 53 56
 39 41 45 54 56
 39 41 45 54 56 72
 39 41 45 54 56 70 71
 39 41 45 52 53 56
 39 41 45 52 53 56 72
 39 41 45 52 53 56 70 71
 39 41 43 44 54 56 72
 39 41 43 44 54 56 70 71
 39 41 43 44 52 53 56 72
 39 41 43 44 52 53 56 70 71
 39 41 43 44 45 54 56
 39 41 43 44 45 52 53 56
 39 40 45 62 70
 39 40 45 62 68 69
 39 40 45 57 70
 39 40 45 57 68 69
 39 40 45 57 62 70
 39 40 45 57 62 68 69
 39 40 45 54 56
 39 40 45 54 56 72
 39 40 45 54 56 70 71
 39 40 45 54 56 66
 39 40 45 54 56 66 72
 39 40 45 54 56 66 70 71
 39 40 45 54 56 64 65
 39 40 45 54 56 64 65 72
 39 40 45 54 56 64 65 70 71
 39 40 45 54 56 62
 39 40 45 54 56 58
 39 40 45 52 53 56
 39 40 45 52 53 56 72
 39 40 45 52 53 56 70 71
 39 40 45 52 53 56 66
 39 40 45 52 53 56 66 72
 39 40 45 52 53 56 66 70 71
 39 40 45 52 53 56 64 65
 39 40 45 52 53 56 64 65 72
 39 40 45 52 53 56 64 65 70 71
 39 40 45 52 53 56 62
 39 40 45 52 53 56 58
 39 40 43 45 62
 39 40 43 45 57
 39 40 43 45 57 62
 39 40 43 44 62
 39 40 43 44 62 70
 39 40 43 44 62 68 69
 39 40 43 44 57
 39 40 43 44 57 70
 39 40 43 44 57 68 69
 39 40 43 44 57 62
 39 40 43 44 57 62 70
 39 40 43 44 57 62 68 69
 39 40 43 44 54 56 72
 39 40 43 44 54 56 70 71
 39 40 43 44 54 56 66 72
 39 40 43 44 54 56 66 70 71
 39 40 43 44 54 56 64 65 72
 39 40 43 44 54 56 64 65 70 71
 39 40 43 44 54 56 62
 39 40 43 44 54 56 58
 39 40 43 44 52 53 56 72
 39 40 43 44 52 53 56 70 71
 39 40 43 44 52 53 56 66 72
 39 40 43 44 52 53 56 66 70 71
 39 40 43 44 52 53 56 64 65 72
 39 40 43 44 52 53 56 64 65 70 71
 39 40 43 44 52 53 56 62
 39 40 43 44 52 53 56 58
 39 40 43 44 45 54 56
 39 40 43 44 45 54 56 66
 39 40 43 44 45 54 56 64 65
 39 40 43 44 45 52 53 56
 39 40 43 44 45 52 53 56 66
 39 40 43 44 45 52 53 56 64 65
 37 38 58
 37 38 45 57 70
 37 38 45 57 68 69
 37 38 45 57 58 70
 37 38 45 57 58 68 69
 37 38 45 56 57 58 74
 37 38 45 56 57 58 72 73
 37 38 45 56 57 58 62
 37 38 45 47 56 57 58
 37 38 43 45 57
 37 38 43 45 57 58
 37 38 43 44 57
 37 38 43 44 57 70
 37 38 43 44 57 68 69
 37 38 43 44 57 58
 37 38 43 44 57 58 70
 37 38 43 44 57 58 68 69
 37 38 43 44 56 57 58 74
 37 38 43 44 56 57 58 72 73
 37 38 43 44 56 57 58 62
 37 38 43 44 47 56 57 58
 31 45 54 56 70
 31 45 54 56 68 69
 31 45 54 56 62 68 70
 31 45 54 56 62 68 69
 31 45 54 56 57 58
 31 45 54 56 57 58 72
 31 45 54 56 57 58 70 71
 31 45 52 53 56 70
 31 45 52 53 56 68 69
 31 45 52 53 56 62 68 70
 31 45 52 53 56 62 68 69
 31 45 52 53 56 57 58
 31 45 52 53 56 57 58 72
 31 45 52 53 56 57 58 70 71
 31 43 54 56 62 72
 31 43 54 56 62 70 71
 31 43 52 53 56 62 72
 31 43 52 53 56 62 70 71
 31 43 45 54 56
 31 43 45 54 56 62
 31 43 45 54 56 62 68
 31 43 45 52 53 56
 31 43 45 52 53 56 62
 31 43 45 52 53 56 62 68
 31 43 44 54 56
 31 43 44 54 56 70
 31 43 44 54 56 68 69
 31 43 44 54 56 62 68
 31 43 44 54 56 62 68 70
 31 43 44 54 56 62 68 69
 31 43 44 54 56 57 58 72
 31 43 44 54 56 57 58 70 71
 31 43 44 52 53 56
 31 43 44 52 53 56 70
 31 43 44 52 53 56 68 69
 31 43 44 52 53 56 62 68
 31 43 44 52 53 56 62 68 70
 31 43 44 52 53 56 62 68 69
 31 43 44 52 53 56 57 58 72
 31 43 44 52 53 56 57 58 70 71
 31 43 44 45 54 56 57 58
 31 43 44 45 52 53 56 57 58
 31 41 42 54 56 62 72
 31 41 42 54 56 62 70 71
 31 41 42 52 53 56 62 72
 31 41 42 52 53 56 62 70 71
 31 41 42 45 54 56 62
 31 41 42 45 52 53 56 62
 31 39 45 56 57 58
 31 39 45 56 57 58 72
 31 39 45 56 57 58 70 71
 31 39 43 44 56 57 58 72
 31 39 43 44 56 57 58 70 71
 31 39 43 44 45 56 57 58
 31 37 38 45 56 57 58
 31 37 38 45 56 57 58 72
 31 37 38 45 56 57 58 70 71
 31 37 38 43 44 56 57 58 72
 31 37 38 43 44 56 57 58 70 71
 31 37 38 43 44 45 56 57 58
 28 45 58
 28 45 56
 28 45 56 72
 28 45 56 70 71
 28 45 54 58
 28 45 54 56
 28 45 54 56 72
 28 45 54 56 70
 28 45 54 56 70 71
 28 45 54 56 68 69
 28 45 54 56 66
 28 45 54 56 66 72
 28 45 54 56 66 70 71
 28 45 54 56 64 65
 28 45 54 56 64 65 72
 28 45 54 56 64 65 70 71
 28 45 54 56 62 70
 28 45 54 56 62 68 69
 28 45 54 56 62 66
 28 45 54 56 62 66 72
 28 45 54 56 62 66 70 71
 28 45 54 56 62 64 65
 28 45 54 56 62 64 65 72
 28 45 54 56 62 64 65 70 71
 28 45 54 56 58
 28 45 52 53 58
 28 45 52 53 56
 28 45 52 53 56 72
 28 45 52 53 56 70
 28 45 52 53 56 70 71
 28 45 52 53 56 68 69
 28 45 52 53 56 66
 28 45 52 53 56 66 72
 28 45 52 53 56 66 70 71
 28 45 52 53 56 64 65
 28 45 52 53 56 64 65 72
 28 45 52 53 56 64 65 70 71
 28 45 52 53 56 62 70
 28 45 52 53 56 62 68 69
 28 45 52 53 56 62 66
 28 45 52 53 56 62 66 72
 28 45 52 53 56 62 66 70 71
 28 45 52 53 56 62 64 65
 28 45 52 53 56 62 64 65 72
 28 45 52 53 56 62 64 65 70 71
 28 45 52 53 56 58
 28 43 45 54 56 70
 28 43 45 54 56 68 69
 28 43 45 54 56 62
 28 43 45 52 53 56 70
 28 43 45 52 53 56 68 69
 28 43 45 52 53 56 62
 28 43 44 58
 28 43 44 56 72
 28 43 44 56 70 71
 28 43 44 54 58
 28 43 44 54 56 72
 28 43 44 54 56 70 71
 28 43 44 54 56 66 72
 28 43 44 54 56 66 70 71
 28 43 44 54 56 64 65 72
 28 43 44 54 56 64 65 70 71
 28 43 44 54 56 62
 28 43 44 54 56 62 70
 28 43 44 54 56 62 68 69
 28 43 44 54 56 62 66 72
 28 43 44 54 56 62 66 70 71
 28 43 44 54 56 62 64 65 72
 28 43 44 54 56 62 64 65 70 71
 28 43 44 54 56 58
 28 43 44 52 53 58
 28 43 44 52 53 56 72
 28 43 44 52 53 56 70 71
 28 43 44 52 53 56 66 72
 28 43 44 52 53 56 66 70 71
 28 43 44 52 53 56 64 65 72
 28 43 44 52 53 56 64 65 70 71
 28 43 44 52 53 56 62
 28 43 44 52 53 56 62 70
 28 43 44 52 53 56 62 68 69
 28 43 44 52 53 56 62 66 72
 28 43 44 52 53 56 62 66 70 71
 28 43 44 52 53 56 62 64 65 72
 28 43 44 52 53 56 62 64 65 70 71
 28 43 44 52 53 56 58
 28 43 44 45 56
 28 43 44 45 54 56
 28 43 44 45 54 56 66
 28 43 44 45 54 56 64 65
 28 43 44 45 54 56 62 66
 28 43 44 45 54 56 62 64 65
 28 43 44 45 52 53 56
 28 43 44 45 52 53 56 66
 28 43 44 45 52 53 56 64 65
 28 43 44 45 52 53 56 62 66
 28 43 44 45 52 53 56 62 64 65
 28 41 45 56
 28 41 45 56 72
 28 41 45 56 70 71
 28 41 45 54 56
 28 41 45 54 56 72
 28 41 45 54 56 70 71
 28 41 45 54 56 66
 28 41 45 54 56 66 72
 28 41 45 54 56 66 70 71
 28 41 45 54 56 64 65
 28 41 45 54 56 64 65 72
 28 41 45 54 56 64 65 70 71
 28 41 45 52 53 56
 28 41 45 52 53 56 72
 28 41 45 52 53 56 70 71
 28 41 45 52 53 56 66
 28 41 45 52 53 56 66 72
 28 41 45 52 53 56 66 70 71
 28 41 45 52 53 56 64 65
 28 41 45 52 53 56 64 65 72
 28 41 45 52 53 56 64 65 70 71
 28 41 43 44 56 72
 28 41 43 44 56 70 71
 28 41 43 44 54 56 72
 28 41 43 44 54 56 70 71
 28 41 43 44 54 56 66 72
 28 41 43 44 54 56 66 70 71
 28 41 43 44 54 56 64 65 72
 28 41 43 44 54 56 64 65 70 71
 28 41 43 44 52 53 56 72
 28 41 43 44 52 53 56 70 71
 28 41 43 44 52 53 56 66 72
 28 41 43 44 52 53 56 66 70 71
 28 41 43 44 52 53 56 64 65 72
 28 41 43 44 52 53 56 64 65 70 71
 28 41 43 44 45 56
 28 41 43 44 45 54 56
 28 41 43 44 45 54 56 66
 28 41 43 44 45 54 56 64 65
 28 41 43 44 45 52 53 56
 28 41 43 44 45 52 53 56 66
 28 41 43 44 45 52 53 56 64 65
 28 41 42 45 54 56 70
 28 41 42 45 54 56 68 69
 28 41 42 45 52 53 56 70
 28 41 42 45 52 53 56 68 69
 28 41 42 43 45 54 56
 28 41 42 43 45 52 53 56
 28 41 42 43 44 54 56
 28 41 42 43 44 54 56 70
 28 41 42 43 44 54 56 68 69
 28 41 42 43 44 52 53 56
 28 41 42 43 44 52 53 56 70
 28 41 42 43 44 52 53 56 68 69
 28 39 45 54 56
 28 39 45 54 56 72
 28 39 45 54 56 70 71
 28 39 45 54 56 62
 28 39 45 54 56 62 72
 28 39 45 54 56 62 70 71
 28 39 45 52 53 56
 28 39 45 52 53 56 72
 28 39 45 52 53 56 70 71
 28 39 45 52 53 56 62
 28 39 45 52 53 56 62 72
 28 39 45 52 53 56 62 70 71
 28 39 43 44 54 56 72
 28 39 43 44 54 56 70 71
 28 39 43 44 54 56 62 72
 28 39 43 44 54 56 62 70 71
 28 39 43 44 52 53 56 72
 28 39 43 44 52 53 56 70 71
 28 39 43 44 52 53 56 62 72
 28 39 43 44 52 53 56 62 70 71
 28 39 43 44 45 54 56
 28 39 43 44 45 54 56 62
 28 39 43 44 45 52 53 56
 28 39 43 44 45 52 53 56 62
 28 39 41 45 54 56
 28 39 41 45 54 56 72
 28 39 41 45 54 56 70 71
 28 39 41 45 52 53 56
 28 39 41 45 52 53 56 72
 28 39 41 45 52 53 56 70 71
 28 39 41 43 44 54 56 72
 28 39 41 43 44 54 56 70 71
 28 39 41 43 44 52 53 56 72
 28 39 41 43 44 52 53 56 70 71
 28 39 41 43 44 45 54 56
 28 39 41 43 44 45 52 53 56
 28 39 40 45 56
 28 39 40 45 56 72
 28 39 40 45 56 70 71
 28 39 40 45 54 56 66
 28 39 40 45 54 56 66 72
 28 39 40 45 54 56 66 70 71
 28 39 40 45 54 56 64 65
 28 39 40 45 54 56 64 65 72
 28 39 40 45 54 56 64 65 70 71
 28 39 40 45 52 53 56 66
 28 39 40 45 52 53 56 66 72
 28 39 40 45 52 53 56 66 70 71
 28 39 40 45 52 53 56 64 65
 28 39 40 45 52 53 56 64 65 72
 28 39 40 45 52 53 56 64 65 70 71
 28 39 40 43 44 56 72
 28 39 40 43 44 56 70 71
 28 39 40 43 44 54 56 66 72
 28 39 40 43 44 54 56 66 70 71
 28 39 40 43 44 54 56 64 65 72
 28 39 40 43 44 54 56 64 65 70 71
 28 39 40 43 44 52 53 56 66 72
 28 39 40 43 44 52 53 56 66 70 71
 28 39 40 43 44 52 53 56 64 65 72
 28 39 40 43 44 52 53 56 64 65 70 71
 28 39 40 43 44 45 56
 28 39 40 43 44 45 54 56 66
 28 39 40 43 44 45 54 56 64 65
 28 39 40 43 44 45 52 53 56 66
 28 39 40 43 44 45 52 53 56 64 65
 27 45 58
 27 45 58 68
 27 45 56 66
 27 45 56 66 72
 27 45 56 66 70 71
 27 45 56 64 65
 27 45 56 64 65 72
 27 45 56 64 65 70 71
 27 45 56 62
 27 45 56 58 70
 27 45 56 58 68 69
 27 45 56 58 62 68 70
 27 45 56 58 62 68 69
 27 45 56 57
 27 45 56 57 70
 27 45 56 57 68
 27 45 56 57 68 69
 27 45 56 57 62 68 70
 27 45 56 57 62 68 69
 27 45 56 57 58 74
 27 45 56 57 58 72 73
 27 45 56 57 58 62
 27 45 47 56 57 58
 27 43 54 56 58 62 72
 27 43 54 56 58 62 70 71
 27 43 54 56 57 62 72
 27 43 54 56 57 62 70 71
 27 43 52 53 56 58 62 72
 27 43 52 53 56 58 62 70 71
 27 43 52 53 56 57 62 72
 27 43 52 53 56 57 62 70 71
 27 43 45 56 58
 27 43 45 56 58 62 68
 27 43 45 56 57
 27 43 45 56 57 62 68
 27 43 45 54 56 58 62
 27 43 45 54 56 57 62
 27 43 45 52 53 56 58 62
 27 43 45 52 53 56 57 62
 27 43 44 58
 27 43 44 58 68
 27 43 44 56 66 72
 27 43 44 56 66 70 71
 27 43 44 56 64 65 72
 27 43 44 56 64 65 70 71
 27 43 44 56 62
 27 43 44 56 58
 27 43 44 56 58 70
 27 43 44 56 58 68 69
 27 43 44 56 58 62 68
 27 43 44 56 58 62 68 70
 27 43 44 56 58 62 68 69
 27 43 44 56 57 70
 27 43 44 56 57 68
 27 43 44 56 57 68 69
 27 43 44 56 57 62 68
 27 43 44 56 57 62 68 70
 27 43 44 56 57 62 68 69
 27 43 44 56 57 58 74
 27 43 44 56 57 58 72 73
 27 43 44 56 57 58 62
 27 43 44 47 56 57 58
 27 43 44 45 56 66
 27 43 44 45 56 64 65
 27 41 45 56 66
 27 41 45 56 66 72
 27 41 45 56 66 70 71
 27 41 45 56 64 65
 27 41 45 56 64 65 72
 27 41 45 56 64 65 70 71
 27 41 45 56 62
 27 41 45 56 58
 27 41 43 44 56 66 72
 27 41 43 44 56 66 70 71
 27 41 43 44 56 64 65 72
 27 41 43 44 56 64 65 70 71
 27 41 43 44 56 62
 27 41 43 44 56 58
 27 41 43 44 45 56 66
 27 41 43 44 45 56 64 65
 27 41 42 54 56 58 62 72
 27 41 42 54 56 58 62 70 71
 27 41 42 54 56 57 62 72
 27 41 42 54 56 57 62 70 71
 27 41 42 52 53 56 58 62 72
 27 41 42 52 53 56 58 62 70 71
 27 41 42 52 53 56 57 62 72
 27 41 42 52 53 56 57 62 70 71
 27 41 42 45 54 56 58 62
 27 41 42 45 54 56 57 62
 27 41 42 45 52 53 56 58 62
 27 41 42 45 52 53 56 57 62
 27 39 45 56
 27 39 45 56 72
 27 39 45 56 70 71
 27 39 43 44 56 72
 27 39 43 44 56 70 71
 27 39 43 44 45 56
 27 39 41 45 56
 27 39 41 45 56 72
 27 39 41 45 56 70 71
 27 39 41 43 44 56 72
 27 39 41 43 44 56 70 71
 27 39 41 43 44 45 56
 27 39 40 45 56
 27 39 40 45 56 72
 27 39 40 45 56 70 71
 27 39 40 45 56 66
 27 39 40 45 56 66 72
 27 39 40 45 56 66 70 71
 27 39 40 45 56 64 65
 27 39 40 45 56 64 65 72
 27 39 40 45 56 64 65 70 71
 27 39 40 45 56 62
 27 39 40 45 56 58
 27 39 40 43 44 56 72
 27 39 40 43 44 56 70 71
 27 39 40 43 44 56 66 72
 27 39 40 43 44 56 66 70 71
 27 39 40 43 44 56 64 65 72
 27 39 40 43 44 56 64 65 70 71
 27 39 40 43 44 56 62
 27 39 40 43 44 56 58
 27 39 40 43 44 45 56
 27 39 40 43 44 45 56 66
 27 39 40 43 44 45 56 64 65
 27 31 45 56 70
 27 31 45 56 68 69
 27 31 45 56 62 68 70
 27 31 45 56 62 68 69
 27 31 45 56 57 58
 27 31 45 56 57 58 72
 27 31 45 56 57 58 70 71
 27 31 43 54 56 62 72
 27 31 43 54 56 62 70 71
 27 31 43 52 53 56 62 72
 27 31 43 52 53 56 62 70 71
 27 31 43 45 56
 27 31 43 45 56 62 68
 27 31 43 45 54 56 62
 27 31 43 45 52 53 56 62
 27 31 43 44 56
 27 31 43 44 56 70
 27 31 43 44 56 68 69
 27 31 43 44 56 62 68
 27 31 43 44 56 62 68 70
 27 31 43 44 56 62 68 69
 27 31 43 44 56 57 58 72
 27 31 43 44 56 57 58 70 71
 27 31 43 44 45 56 57 58
 27 31 41 42 54 56 62 72
 27 31 41 42 54 56 62 70 71
 27 31 41 42 52 53 56 62 72
 27 31 41 42 52 53 56 62 70 71
 27 31 41 42 45 54 56 62
 27 31 41 42 45 52 53 56 62
 27 28 45 58
 27 28 45 56
 27 28 45 56 72
 27 28 45 56 70
 27 28 45 56 70 71
 27 28 45 56 68 69
 27 28 45 56 66
 27 28 45 56 66 72
 27 28 45 56 66 70 71
 27 28 45 56 64 65
 27 28 45 56 64 65 72
 27 28 45 56 64 65 70 71
 27 28 45 56 62 70
 27 28 45 56 62 68 69
 27 28 45 56 62 66
 27 28 45 56 62 66 72
 27 28 45 56 62 66 70 71
 27 28 45 56 62 64 65
 27 28 45 56 62 64 65 72
 27 28 45 56 62 64 65 70 71
 27 28 45 56 58
 27 28 43 45 56 70
 27 28 43 45 56 68 69
 27 28 43 45 56 62
 27 28 43 44 58
 27 28 43 44 56 72
 27 28 43 44 56 70 71
 27 28 43 44 56 66 72
 27 28 43 44 56 66 70 71
 27 28 43 44 56 64 65 72
 27 28 43 44 56 64 65 70 71
 27 28 43 44 56 62
 27 28 43 44 56 62 70
 27 28 43 44 56 62 68 69
 27 28 43 44 56 62 66 72
 27 28 43 44 56 62 66 70 71
 27 28 43 44 56 62 64 65 72
 27 28 43 44 56 62 64 65 70 71
 27 28 43 44 56 58
 27 28 43 44 45 56
 27 28 43 44 45 56 66
 27 28 43 44 45 56 64 65
 27 28 43 44 45 56 62 66
 27 28 43 44 45 56 62 64 65
 27 28 41 45 56
 27 28 41 45 56 72
 27 28 41 45 56 70 71
 27 28 41 45 56 66
 27 28 41 45 56 66 72
 27 28 41 45 56 66 70 71
 27 28 41 45 56 64 65
 27 28 41 45 56 64 65 72
 27 28 41 45 56 64 65 70 71
 27 28 41 43 44 56 72
 27 28 41 43 44 56 70 71
 27 28 41 43 44 56 66 72
 27 28 41 43 44 56 66 70 71
 27 28 41 43 44 56 64 65 72
 27 28 41 43 44 56 64 65 70 71
 27 28 41 43 44 45 56
 27 28 41 43 44 45 56 66
 27 28 41 43 44 45 56 64 65
 27 28 41 42 45 56 70
 27 28 41 42 45 56 68 69
 27 28 41 42 43 45 56
 27 28 41 42 43 44 56
 27 28 41 42 43 44 56 70
 27 28 41 42 43 44 56 68 69
 27 28 39 45 56
 27 28 39 45 56 72
 27 28 39 45 56 70 71
 27 28 39 45 56 62
 27 28 39 45 56 62 72
 27 28 39 45 56 62 70 71
 27 28 39 43 44 56 72
 27 28 39 43 44 56 70 71
 27 28 39 43 44 56 62 72
 27 28 39 43 44 56 62 70 71
 27 28 39 43 44 45 56
 27 28 39 43 44 45 56 62
 27 28 39 41 45 56
 27 28 39 41 45 56 72
 27 28 39 41 45 56 70 71
 27 28 39 41 43 44 56 72
 27 28 39 41 43 44 56 70 71
 27 28 39 41 43 44 45 56
 27 28 39 40 45 56 66
 27 28 39 40 45 56 66 72
 27 28 39 40 45 56 66 70 71
 27 28 39 40 45 56 64 65
 27 28 39 40 45 56 64 65 72
 27 28 39 40 45 56 64 65 70 71
 27 28 39 40 43 44 56 66 72
 27 28 39 40 43 44 56 66 70 71
 27 28 39 40 43 44 56 64 65 72
 27 28 39 40 43 44 56 64 65 70 71
 27 28 39 40 43 44 45 56 66
 27 28 39 40 43 44 45 56 64 65
 26 45 56
 26 45 54 58
 26 45 54 56 58 62 70
 26 45 54 56 58 62 68 69
 26 45 54 56 57
 26 45 54 56 57 62 70
 26 45 54 56 57 62 68 69
 26 45 52 53 58
 26 45 52 53 56 58 62 70
 26 45 52 53 56 58 62 68 69
 26 45 52 53 56 57
 26 45 52 53 56 57 62 70
 26 45 52 53 56 57 62 68 69
 26 43 45 54 56 58 62
 26 43 45 54 56 57 62
 26 43 45 52 53 56 58 62
 26 43 45 52 53 56 57 62
 26 43 44 56
 26 43 44 54 58
 26 43 44 54 56 58 62
 26 43 44 54 56 58 62 70
 26 43 44 54 56 58 62 68 69
 26 43 44 54 56 57
 26 43 44 54 56 57 62
 26 43 44 54 56 57 62 70
 26 43 44 54 56 57 62 68 69
 26 43 44 52 53 58
 26 43 44 52 53 56 58 62
 26 43 44 52 53 56 58 62 70
 26 43 44 52 53 56 58 62 68 69
 26 43 44 52 53 56 57
 26 43 44 52 53 56 57 62
 26 43 44 52 53 56 57 62 70
 26 43 44 52 53 56 57 62 68 69
 26 31 45 54 56 62 70
 26 31 45 54 56 62 68 69
 26 31 45 52 53 56 62 70
 26 31 45 52 53 56 62 68 69
 26 31 43 45 54 56 62
 26 31 43 45 52 53 56 62
 26 31 43 44 54 56 62
 26 31 43 44 54 56 62 70
 26 31 43 44 54 56 62 68 69
 26 31 43 44 52 53 56 62
 26 31 43 44 52 53 56 62 70
 26 31 43 44 52 53 56 62 68 69
 26 27 45 58
 26 27 45 56 70
 26 27 45 56 68 69
 26 27 45 56 66
 26 27 45 56 66 72
 26 27 45 56 66 70 71
 26 27 45 56 64 65
 26 27 45 56 64 65 72
 26 27 45 56 64 65 70 71
 26 27 45 56 62 70
 26 27 45 56 62 68 69
 26 27 45 56 62 66
 26 27 45 56 62 66 72
 26 27 45 56 62 66 70 71
 26 27 45 56 62 64 65
 26 27 45 56 62 64 65 72
 26 27 45 56 62 64 65 70 71
 26 27 45 56 58
 26 27 45 56 58 62 70
 26 27 45 56 58 62 68 69
 26 27 45 56 57
 26 27 45 56 57 62 70
 26 27 45 56 57 62 68 69
 26 27 45 54 58
 26 27 45 54 56
 26 27 45 54 56 72
 26 27 45 54 56 70
 26 27 45 54 56 70 71
 26 27 45 54 56 68 69
 26 27 45 54 56 66
 26 27 45 54 56 66 72
 26 27 45 54 56 66 70 71
 26 27 45 54 56 64 65
 26 27 45 54 56 64 65 72
 26 27 45 54 56 64 65 70 71
 26 27 45 54 56 62 70
 26 27 45 54 56 62 68 69
 26 27 45 54 56 62 66
 26 27 45 54 56 62 66 72
 26 27 45 54 56 62 66 70 71
 26 27 45 54 56 62 64 65
 26 27 45 54 56 62 64 65 72
 26 27 45 54 56 62 64 65 70 71
 26 27 45 54 56 58
 26 27 45 52 53 58
 26 27 45 52 53 56
 26 27 45 52 53 56 72
 26 27 45 52 53 56 70
 26 27 45 52 53 56 70 71
 26 27 45 52 53 56 68 69
 26 27 45 52 53 56 66
 26 27 45 52 53 56 66 72
 26 27 45 52 53 56 66 70 71
 26 27 45 52 53 56 64 65
 26 27 45 52 53 56 64 65 72
 26 27 45 52 53 56 64 65 70 71
 26 27 45 52 53 56 62 70
 26 27 45 52 53 56 62 68 69
 26 27 45 52 53 56 62 66
 26 27 45 52 53 56 62 66 72
 26 27 45 52 53 56 62 66 70 71
 26 27 45 52 53 56 62 64 65
 26 27 45 52 53 56 62 64 65 72
 26 27 45 52 53 56 62 64 65 70 71
 26 27 45 52 53 56 58
 26 27 43 45 56 70
 26 27 43 45 56 68 69
 26 27 43 45 56 62
 26 27 43 45 56 58 62
 26 27 43 45 56 57 62
 26 27 43 45 54 56 70
 26 27 43 45 54 56 68 69
 26 27 43 45 54 56 62
 26 27 43 45 52 53 56 70
 26 27 43 45 52 53 56 68 69
 26 27 43 45 52 53 56 62
 26 27 43 44 58
 26 27 43 44 56 66 72
 26 27 43 44 56 66 70 71
 26 27 43 44 56 64 65 72
 26 27 43 44 56 64 65 70 71
 26 27 43 44 56 62
 26 27 43 44 56 62 70
 26 27 43 44 56 62 68 69
 26 27 43 44 56 62 66 72
 26 27 43 44 56 62 66 70 71
 26 27 43 44 56 62 64 65 72
 26 27 43 44 56 62 64 65 70 71
 26 27 43 44 56 58
 26 27 43 44 56 58 62
 26 27 43 44 56 58 62 70
 26 27 43 44 56 58 62 68 69
 26 27 43 44 56 57
 26 27 43 44 56 57 62
 26 27 43 44 56 57 62 70
 26 27 43 44 56 57 62 68 69
 26 27 43 44 54 58
 26 27 43 44 54 56 72
 26 27 43 44 54 56 70 71
 26 27 43 44 54 56 66 72
 26 27 43 44 54 56 66 70 71
 26 27 43 44 54 56 64 65 72
 26 27 43 44 54 56 64 65 70 71
 26 27 43 44 54 56 62
 26 27 43 44 54 56 62 70
 26 27 43 44 54 56 62 68 69
 26 27 43 44 54 56 62 66 72
 26 27 43 44 54 56 62 66 70 71
 26 27 43 44 54 56 62 64 65 72
 26 27 43 44 54 56 62 64 65 70 71
 26 27 43 44 54 56 58
 26 27 43 44 52 53 58
 26 27 43 44 52 53 56 72
 26 27 43 44 52 53 56 70 71
 26 27 43 44 52 53 56 66 72
 26 27 43 44 52 53 56 66 70 71
 26 27 43 44 52 53 56 64 65 72
 26 27 43 44 52 53 56 64 65 70 71
 26 27 43 44 52 53 56 62
 26 27 43 44 52 53 56 62 70
 26 27 43 44 52 53 56 62 68 69
 26 27 43 44 52 53 56 62 66 72
 26 27 43 44 52 53 56 62 66 70 71
 26 27 43 44 52 53 56 62 64 65 72
 26 27 43 44 52 53 56 62 64 65 70 71
 26 27 43 44 52 53 56 58
 26 27 43 44 45 56 66
 26 27 43 44 45 56 64 65
 26 27 43 44 45 56 62 66
 26 27 43 44 45 56 62 64 65
 26 27 43 44 45 54 56
 26 27 43 44 45 54 56 66
 26 27 43 44 45 54 56 64 65
 26 27 43 44 45 54 56 62 66
 26 27 43 44 45 54 56 62 64 65
 26 27 43 44 45 52 53 56
 26 27 43 44 45 52 53 56 66
 26 27 43 44 45 52 53 56 64 65
 26 27 43 44 45 52 53 56 62 66
 26 27 43 44 45 52 53 56 62 64 65
 26 27 41 45 56 66
 26 27 41 45 56 66 72
 26 27 41 45 56 66 70 71
 26 27 41 45 56 64 65
 26 27 41 45 56 64 65 72
 26 27 41 45 56 64 65 70 71
 26 27 41 45 54 56
 26 27 41 45 54 56 72
 26 27 41 45 54 56 70 71
 26 27 41 45 54 56 66
 26 27 41 45 54 56 66 72
 26 27 41 45 54 56 66 70 71
 26 27 41 45 54 56 64 65
 26 27 41 45 54 56 64 65 72
 26 27 41 45 54 56 64 65 70 71
 26 27 41 45 52 53 56
 26 27 41 45 52 53 56 72
 26 27 41 45 52 53 56 70 71
 26 27 41 45 52 53 56 66
 26 27 41 45 52 53 56 66 72
 26 27 41 45 52 53 56 66 70 71
 26 27 41 45 52 53 56 64 65
 26 27 41 45 52 53 56 64 65 72
 26 27 41 45 52 53 56 64 65 70 71
 26 27 41 43 44 56 66 72
 26 27 41 43 44 56 66 70 71
 26 27 41 43 44 56 64 65 72
 26 27 41 43 44 56 64 65 70 71
 26 27 41 43 44 54 56 72
 26 27 41 43 44 54 56 70 71
 26 27 41 43 44 54 56 66 72
 26 27 41 43 44 54 56 66 70 71
 26 27 41 43 44 54 56 64 65 72
 26 27 41 43 44 54 56 64 65 70 71
 26 27 41 43 44 52 53 56 72
 26 27 41 43 44 52 53 56 70 71
 26 27 41 43 44 52 53 56 66 72
 26 27 41 43 44 52 53 56 66 70 71
 26 27 41 43 44 52 53 56 64 65 72
 26 27 41 43 44 52 53 56 64 65 70 71
 26 27 41 43 44 45 56 66
 26 27 41 43 44 45 56 64 65
 26 27 41 43 44 45 54 56
 26 27 41 43 44 45 54 56 66
 26 27 41 43 44 45 54 56 64 65
 26 27 41 43 44 45 52 53 56
 26 27 41 43 44 45 52 53 56 66
 26 27 41 43 44 45 52 53 56 64 65
 26 27 41 42 45 56 70
 26 27 41 42 45 56 68 69
 26 27 41 42 45 54 56 70
 26 27 41 42 45 54 56 68 69
 26 27 41 42 45 52 53 56 70
 26 27 41 42 45 52 53 56 68 69
 26 27 41 42 43 45 56
 26 27 41 42 43 45 54 56
 26 27 41 42 43 45 52 53 56
 26 27 41 42 43 44 56
 26 27 41 42 43 44 56 70
 26 27 41 42 43 44 56 68 69
 26 27 41 42 43 44 54 56
 26 27 41 42 43 44 54 56 70
 26 27 41 42 43 44 54 56 68 69
 26 27 41 42 43 44 52 53 56
 26 27 41 42 43 44 52 53 56 70
 26 27 41 42 43 44 52 53 56 68 69
 26 27 39 45 56
 26 27 39 45 56 72
 26 27 39 45 56 70 71
 26 27 39 45 56 62
 26 27 39 45 56 62 72
 26 27 39 45 56 62 70 71
 26 27 39 45 54 56
 26 27 39 45 54 56 72
 26 27 39 45 54 56 70 71
 26 27 39 45 54 56 62
 26 27 39 45 54 56 62 72
 26 27 39 45 54 56 62 70 71
 26 27 39 45 52 53 56
 26 27 39 45 52 53 56 72
 26 27 39 45 52 53 56 70 71
 26 27 39 45 52 53 56 62
 26 27 39 45 52 53 56 62 72
 26 27 39 45 52 53 56 62 70 71
 26 27 39 43 44 56 72
 26 27 39 43 44 56 70 71
 26 27 39 43 44 56 62 72
 26 27 39 43 44 56 62 70 71
 26 27 39 43 44 54 56 72
 26 27 39 43 44 54 56 70 71
 26 27 39 43 44 54 56 62 72
 26 27 39 43 44 54 56 62 70 71
 26 27 39 43 44 52 53 56 72
 26 27 39 43 44 52 53 56 70 71
 26 27 39 43 44 52 53 56 62 72
 26 27 39 43 44 52 53 56 62 70 71
 26 27 39 43 44 45 56
 26 27 39 43 44 45 56 62
 26 27 39 43 44 45 54 56
 26 27 39 43 44 45 54 56 62
 26 27 39 43 44 45 52 53 56
 26 27 39 43 44 45 52 53 56 62
 26 27 39 41 45 56
 26 27 39 41 45 56 72
 26 27 39 41 45 56 70 71
 26 27 39 41 45 54 56
 26 27 39 41 45 54 56 72
 26 27 39 41 45 54 56 70 71
 26 27 39 41 45 52 53 56
 26 27 39 41 45 52 53 56 72
 26 27 39 41 45 52 53 56 70 71
 26 27 39 41 43 44 56 72
 26 27 39 41 43 44 56 70 71
 26 27 39 41 43 44 54 56 72
 26 27 39 41 43 44 54 56 70 71
 26 27 39 41 43 44 52 53 56 72
 26 27 39 41 43 44 52 53 56 70 71
 26 27 39 41 43 44 45 56
 26 27 39 41 43 44 45 54 56
 26 27 39 41 43 44 45 52 53 56
 26 27 39 40 45 56
 26 27 39 40 45 56 72
 26 27 39 40 45 56 70 71
 26 27 39 40 45 56 66
 26 27 39 40 45 56 66 72
 26 27 39 40 45 56 66 70 71
 26 27 39 40 45 56 64 65
 26 27 39 40 45 56 64 65 72
 26 27 39 40 45 56 64 65 70 71
 26 27 39 40 45 54 56 66
 26 27 39 40 45 54 56 66 72
 26 27 39 40 45 54 56 66 70 71
 26 27 39 40 45 54 56 64 65
 26 27 39 40 45 54 56 64 65 72
 26 27 39 40 45 54 56 64 65 70 71
 26 27 39 40 45 52 53 56 66
 26 27 39 40 45 52 53 56 66 72
 26 27 39 40 45 52 53 56 66 70 71
 26 27 39 40 45 52 53 56 64 65
 26 27 39 40 45 52 53 56 64 65 72
 26 27 39 40 45 52 53 56 64 65 70 71
 26 27 39 40 43 44 56 72
 26 27 39 40 43 44 56 70 71
 26 27 39 40 43 44 56 66 72
 26 27 39 40 43 44 56 66 70 71
 26 27 39 40 43 44 56 64 65 72
 26 27 39 40 43 44 56 64 65 70 71
 26 27 39 40 43 44 54 56 66 72
 26 27 39 40 43 44 54 56 66 70 71
 26 27 39 40 43 44 54 56 64 65 72
 26 27 39 40 43 44 54 56 64 65 70 71
 26 27 39 40 43 44 52 53 56 66 72
 26 27 39 40 43 44 52 53 56 66 70 71
 26 27 39 40 43 44 52 53 56 64 65 72
 26 27 39 40 43 44 52 53 56 64 65 70 71
 26 27 39 40 43 44 45 56
 26 27 39 40 43 44 45 56 66
 26 27 39 40 43 44 45 56 64 65
 26 27 39 40 43 44 45 54 56 66
 26 27 39 40 43 44 45 54 56 64 65
 26 27 39 40 43 44 45 52 53 56 66
 26 27 39 40 43 44 45 52 53 56 64 65
 26 27 31 45 56 62 70
 26 27 31 45 56 62 68 69
 26 27 31 43 45 56 62
 26 27 31 43 44 56 62
 26 27 31 43 44 56 62 70
 26 27 31 43 44 56 62 68 69
 24 25 45 56
 24 25 45 54 58
 24 25 45 54 56 58 62 70
 24 25 45 54 56 58 62 68 69
 24 25 45 54 56 57
 24 25 45 54 56 57 62 70
 24 25 45 54 56 57 62 68 69
 24 25 45 52 53 58
 24 25 45 52 53 56 58 62 70
 24 25 45 52 53 56 58 62 68 69
 24 25 45 52 53 56 57
 24 25 45 52 53 56 57 62 70
 24 25 45 52 53 56 57 62 68 69
 24 25 43 45 54 56 58 62
 24 25 43 45 54 56 57 62
 24 25 43 45 52 53 56 58 62
 24 25 43 45 52 53 56 57 62
 24 25 43 44 56
 24 25 43 44 54 58
 24 25 43 44 54 56 58 62
 24 25 43 44 54 56 58 62 70
 24 25 43 44 54 56 58 62 68 69
 24 25 43 44 54 56 57
 24 25 43 44 54 56 57 62
 24 25 43 44 54 56 57 62 70
 24 25 43 44 54 56 57 62 68 69
 24 25 43 44 52 53 58
 24 25 43 44 52 53 56 58 62
 24 25 43 44 52 53 56 58 62 70
 24 25 43 44 52 53 56 58 62 68 69
 24 25 43 44 52 53 56 57
 24 25 43 44 52 53 56 57 62
 24 25 43 44 52 53 56 57 62 70
 24 25 43 44 52 53 56 57 62 68 69
 24 25 31 45 54 56 62 70
 24 25 31 45 54 56 62 68 69
 24 25 31 45 52 53 56 62 70
 24 25 31 45 52 53 56 62 68 69
 24 25 31 43 45 54 56 62
 24 25 31 43 45 52 53 56 62
 24 25 31 43 44 54 56 62
 24 25 31 43 44 54 56 62 70
 24 25 31 43 44 54 56 62 68 69
 24 25 31 43 44 52 53 56 62
 24 25 31 43 44 52 53 56 62 70
 24 25 31 43 44 52 53 56 62 68 69
 24 25 27 45 58
 24 25 27 45 56 58 62 70
 24 25 27 45 56 58 62 68 69
 24 25 27 45 56 57
 24 25 27 45 56 57 62 70
 24 25 27 45 56 57 62 68 69
 24 25 27 43 45 56 58 62
 24 25 27 43 45 56 57 62
 24 25 27 43 44 58
 24 25 27 43 44 56 58 62
 24 25 27 43 44 56 58 62 70
 24 25 27 43 44 56 58 62 68 69
 24 25 27 43 44 56 57
 24 25 27 43 44 56 57 62
 24 25 27 43 44 56 57 62 70
 24 25 27 43 44 56 57 62 68 69
 24 25 27 31 45 56 62 70
 24 25 27 31 45 56 62 68 69
 24 25 27 31 43 45 56 62
 24 25 27 31 43 44 56 62
 24 25 27 31 43 44 56 62 70
 24 25 27 31 43 44 56 62 68 69
 18 56 68
 18 54 58
 18 54 58 68
 18 54 56 66 72
 18 54 56 66 70 71
 18 54 56 64 65 72
 18 54 56 64 65 70 71
 18 54 56 62
 18 54 56 58 70
 18 54 56 58 68 69
 18 54 56 58 62 68 70
 18 54 56 58 62 68 69
 18 54 56 57
 18 54 56 57 70
 18 54 56 57 68
 18 54 56 57 68 69
 18 54 56 57 62 68 70
 18 54 56 57 62 68 69
 18 54 56 57 58 74
 18 54 56 57 58 72 73
 18 54 56 57 58 62
 18 52 53 58
 18 52 53 58 68
 18 52 53 56 66 72
 18 52 53 56 66 70 71
 18 52 53 56 64 65 72
 18 52 53 56 64 65 70 71
 18 52 53 56 62
 18 52 53 56 58 70
 18 52 53 56 58 68 69
 18 52 53 56 58 62 68 70
 18 52 53 56 58 62 68 69
 18 52 53 56 57
 18 52 53 56 57 70
 18 52 53 56 57 68
 18 52 53 56 57 68 69
 18 52 53 56 57 62 68 70
 18 52 53 56 57 62 68 69
 18 52 53 56 57 58 74
 18 52 53 56 57 58 72 73
 18 52 53 56 57 58 62
 18 47 54 56 57 58
 18 47 52 53 56 57 58
 18 45 54 56 66
 18 45 54 56 64 65
 18 45 52 53 56 66
 18 45 52 53 56 64 65
 18 43 54 56 58
 18 43 54 56 58 62 68
 18 43 54 56 57
 18 43 54 56 57 62 68
 18 43 52 53 56 58
 18 43 52 53 56 58 62 68
 18 43 52 53 56 57
 18 43 52 53 56 57 62 68
 18 41 62 70
 18 41 62 68 69
 18 41 57 70
 18 41 57 68 69
 18 41 57 62 70
 18 41 57 62 68 69
 18 41 54 56 66 72
 18 41 54 56 66 70 71
 18 41 54 56 64 65 72
 18 41 54 56 64 65 70 71
 18 41 54 56 62
 18 41 54 56 58
 18 41 52 53 56 66 72
 18 41 52 53 56 66 70 71
 18 41 52 53 56 64 65 72
 18 41 52 53 56 64 65 70 71
 18 41 52 53 56 62
 18 41 52 53 56 58
 18 41 45 54 56 66
 18 41 45 54 56 64 65
 18 41 45 52 53 56 66
 18 41 45 52 53 56 64 65
 18 41 43 62
 18 41 43 57
 18 41 43 57 62
 18 39 57 70
 18 39 57 68 69
 18 39 57 58 70
 18 39 57 58 68 69
 18 39 56 57 58 74
 18 39 56 57 58 72 73
 18 39 56 57 58 62
 18 39 54 56 72
 18 39 54 56 70 71
 18 39 52 53 56 72
 18 39 52 53 56 70 71
 18 39 47 56 57 58
 18 39 45 54 56
 18 39 45 52 53 56
 18 39 43 57
 18 39 43 57 58
 18 39 41 54 56 72
 18 39 41 54 56 70 71
 18 39 41 52 53 56 72
 18 39 41 52 53 56 70 71
 18 39 41 45 54 56
 18 39 41 45 52 53 56
 18 39 40 62 70
 18 39 40 62 68 69
 18 39 40 57 70
 18 39 40 57 68 69
 18 39 40 57 62 70
 18 39 40 57 62 68 69
 18 39 40 54 56 72
 18 39 40 54 56 70 71
 18 39 40 54 56 66 72
 18 39 40 54 56 66 70 71
 18 39 40 54 56 64 65 72
 18 39 40 54 56 64 65 70 71
 18 39 40 54 56 62
 18 39 40 54 56 58
 18 39 40 52 53 56 72
 18 39 40 52 53 56 70 71
 18 39 40 52 53 56 66 72
 18 39 40 52 53 56 66 70 71
 18 39 40 52 53 56 64 65 72
 18 39 40 52 53 56 64 65 70 71
 18 39 40 52 53 56 62
 18 39 40 52 53 56 58
 18 39 40 45 54 56
 18 39 40 45 54 56 66
 18 39 40 45 54 56 64 65
 18 39 40 45 52 53 56
 18 39 40 45 52 53 56 66
 18 39 40 45 52 53 56 64 65
 18 39 40 43 62
 18 39 40 43 57
 18 39 40 43 57 62
 18 37 38 57 70
 18 37 38 57 68 69
 18 37 38 57 58 70
 18 37 38 57 58 68 69
 18 37 38 56 57 58 74
 18 37 38 56 57 58 72 73
 18 37 38 56 57 58 62
 18 37 38 47 56 57 58
 18 37 38 43 57
 18 37 38 43 57 58
 18 31 54 56 70
 18 31 54 56 68 69
 18 31 54 56 62 68 70
 18 31 54 56 62 68 69
 18 31 54 56 57 58 72
 18 31 54 56 57 58 70 71
 18 31 52 53 56 70
 18 31 52 53 56 68 69
 18 31 52 53 56 62 68 70
 18 31 52 53 56 62 68 69
 18 31 52 53 56 57 58 72
 18 31 52 53 56 57 58 70 71
 18 31 45 54 56 57 58
 18 31 45 52 53 56 57 58
 18 31 43 54 56
 18 31 43 54 56 62 68
 18 31 43 52 53 56
 18 31 43 52 53 56 62 68
 18 31 39 56 57 58 72
 18 31 39 56 57 58 70 71
 18 31 39 45 56 57 58
 18 31 37 38 56 57 58 72
 18 31 37 38 56 57 58 70 71
 18 31 37 38 45 56 57 58
 18 28 58
 18 28 56 72
 18 28 56 70 71
 18 28 54 58
 18 28 54 56 72
 18 28 54 56 70
 18 28 54 56 70 71
 18 28 54 56 68 69
 18 28 54 56 66 72
 18 28 54 56 66 70 71
 18 28 54 56 64 65 72
 18 28 54 56 64 65 70 71
 18 28 54 56 62 70
 18 28 54 56 62 68 69
 18 28 54 56 62 66 72
 18 28 54 56 62 66 70 71
 18 28 54 56 62 64 65 72
 18 28 54 56 62 64 65 70 71
 18 28 54 56 58
 18 28 52 53 58
 18 28 52 53 56 72
 18 28 52 53 56 70
 18 28 52 53 56 70 71
 18 28 52 53 56 68 69
 18 28 52 53 56 66 72
 18 28 52 53 56 66 70 71
 18 28 52 53 56 64 65 72
 18 28 52 53 56 64 65 70 71
 18 28 52 53 56 62 70
 18 28 52 53 56 62 68 69
 18 28 52 53 56 62 66 72
 18 28 52 53 56 62 66 70 71
 18 28 52 53 56 62 64 65 72
 18 28 52 53 56 62 64 65 70 71
 18 28 52 53 56 58
 18 28 45 56
 18 28 45 54 56
 18 28 45 54 56 66
 18 28 45 54 56 64 65
 18 28 45 54 56 62 66
 18 28 45 54 56 62 64 65
 18 28 45 52 53 56
 18 28 45 52 53 56 66
 18 28 45 52 53 56 64 65
 18 28 45 52 53 56 62 66
 18 28 45 52 53 56 62 64 65
 18 28 43 54 56 70
 18 28 43 54 56 68 69
 18 28 43 54 56 62
 18 28 43 52 53 56 70
 18 28 43 52 53 56 68 69
 18 28 43 52 53 56 62
 18 28 41 56 72
 18 28 41 56 70 71
 18 28 41 54 56 72
 18 28 41 54 56 70 71
 18 28 41 54 56 66 72
 18 28 41 54 56 66 70 71
 18 28 41 54 56 64 65 72
 18 28 41 54 56 64 65 70 71
 18 28 41 52 53 56 72
 18 28 41 52 53 56 70 71
 18 28 41 52 53 56 66 72
 18 28 41 52 53 56 66 70 71
 18 28 41 52 53 56 64 65 72
 18 28 41 52 53 56 64 65 70 71
 18 28 41 45 56
 18 28 41 45 54 56
 18 28 41 45 54 56 66
 18 28 41 45 54 56 64 65
 18 28 41 45 52 53 56
 18 28 41 45 52 53 56 66
 18 28 41 45 52 53 56 64 65
 18 28 41 42 54 56 70
 18 28 41 42 54 56 68 69
 18 28 41 42 52 53 56 70
 18 28 41 42 52 53 56 68 69
 18 28 41 42 43 54 56
 18 28 41 42 43 52 53 56
 18 28 39 54 56 72
 18 28 39 54 56 70 71
 18 28 39 54 56 62 72
 18 28 39 54 56 62 70 71
 18 28 39 52 53 56 72
 18 28 39 52 53 56 70 71
 18 28 39 52 53 56 62 72
 18 28 39 52 53 56 62 70 71
 18 28 39 45 54 56
 18 28 39 45 54 56 62
 18 28 39 45 52 53 56
 18 28 39 45 52 53 56 62
 18 28 39 41 54 56 72
 18 28 39 41 54 56 70 71
 18 28 39 41 52 53 56 72
 18 28 39 41 52 53 56 70 71
 18 28 39 41 45 54 56
 18 28 39 41 45 52 53 56
 18 28 39 40 56 72
 18 28 39 40 56 70 71
 18 28 39 40 54 56 66 72
 18 28 39 40 54 56 66 70 71
 18 28 39 40 54 56 64 65 72
 18 28 39 40 54 56 64 65 70 71
 18 28 39 40 52 53 56 66 72
 18 28 39 40 52 53 56 66 70 71
 18 28 39 40 52 53 56 64 65 72
 18 28 39 40 52 53 56 64 65 70 71
 18 28 39 40 45 56
 18 28 39 40 45 54 56 66
 18 28 39 40 45 54 56 64 65
 18 28 39 40 45 52 53 56 66
 18 28 39 40 45 52 53 56 64 65
 18 27 58
 18 27 58 68
 18 27 56 66 72
 18 27 56 66 70 71
 18 27 56 64 65 72
 18 27 56 64 65 70 71
 18 27 56 62
 18 27 56 58 70
 18 27 56 58 68 69
 18 27 56 58 62 68 70
 18 27 56 58 62 68 69
 18 27 56 57
 18 27 56 57 70
 18 27 56 57 68
 18 27 56 57 68 69
 18 27 56 57 62 68 70
 18 27 56 57 62 68 69
 18 27 56 57 58 74
 18 27 56 57 58 72 73
 18 27 56 57 58 62
 18 27 47 56 57 58
 18 27 45 56 66
 18 27 45 56 64 65
 18 27 43 56 58
 18 27 43 56 58 62 68
 18 27 43 56 57
 18 27 43 56 57 62 68
 18 27 41 56 66 72
 18 27 41 56 66 70 71
 18 27 41 56 64 65 72
 18 27 41 56 64 65 70 71
 18 27 41 56 62
 18 27 41 56 58
 18 27 41 45 56 66
 18 27 41 45 56 64 65
 18 27 39 56 72
 18 27 39 56 70 71
 18 27 39 45 56
 18 27 39 41 56 72
 18 27 39 41 56 70 71
 18 27 39 41 45 56
 18 27 39 40 56 72
 18 27 39 40 56 70 71
 18 27 39 40 56 66 72
 18 27 39 40 56 66 70 71
 18 27 39 40 56 64 65 72
 18 27 39 40 56 64 65 70 71
 18 27 39 40 56 62
 18 27 39 40 56 58
 18 27 39 40 45 56
 18 27 39 40 45 56 66
 18 27 39 40 45 56 64 65
 18 27 31 56 70
 18 27 31 56 68 69
 18 27 31 56 62 68 70
 18 27 31 56 62 68 69
 18 27 31 56 57 58 72
 18 27 31 56 57 58 70 71
 18 27 31 45 56 57 58
 18 27 31 43 56
 18 27 31 43 56 62 68
 18 27 28 58
 18 27 28 56 72
 18 27 28 56 70
 18 27 28 56 70 71
 18 27 28 56 68 69
 18 27 28 56 66 72
 18 27 28 56 66 70 71
 18 27 28 56 64 65 72
 18 27 28 56 64 65 70 71
 18 27 28 56 62 70
 18 27 28 56 62 68 69
 18 27 28 56 62 66 72
 18 27 28 56 62 66 70 71
 18 27 28 56 62 64 65 72
 18 27 28 56 62 64 65 70 71
 18 27 28 56 58
 18 27 28 45 56
 18 27 28 45 56 66
 18 27 28 45 56 64 65
 18 27 28 45 56 62 66
 18 27 28 45 56 62 64 65
 18 27 28 43 56 70
 18 27 28 43 56 68 69
 18 27 28 43 56 62
 18 27 28 41 56 72
 18 27 28 41 56 70 71
 18 27 28 41 56 66 72
 18 27 28 41 56 66 70 71
 18 27 28 41 56 64 65 72
 18 27 28 41 56 64 65 70 71
 18 27 28 41 45 56
 18 27 28 41 45 56 66
 18 27 28 41 45 56 64 65
 18 27 28 41 42 56 70
 18 27 28 41 42 56 68 69
 18 27 28 41 42 43 56
 18 27 28 39 56 72
 18 27 28 39 56 70 71
 18 27 28 39 56 62 72
 18 27 28 39 56 62 70 71
 18 27 28 39 45 56
 18 27 28 39 45 56 62
 18 27 28 39 41 56 72
 18 27 28 39 41 56 70 71
 18 27 28 39 41 45 56
 18 27 28 39 40 56 66 72
 18 27 28 39 40 56 66 70 71
 18 27 28 39 40 56 64 65 72
 18 27 28 39 40 56 64 65 70 71
 18 27 28 39 40 45 56 66
 18 27 28 39 40 45 56 64 65
 18 26 56
 18 26 54 58
 18 26 54 56 58 62 70
 18 26 54 56 58 62 68 69
 18 26 54 56 57
 18 26 54 56 57 62 70
 18 26 54 56 57 62 68 69
 18 26 52 53 58
 18 26 52 53 56 58 62 70
 18 26 52 53 56 58 62 68 69
 18 26 52 53 56 57
 18 26 52 53 56 57 62 70
 18 26 52 53 56 57 62 68 69
 18 26 43 54 56 58 62
 18 26 43 54 56 57 62
 18 26 43 52 53 56 58 62
 18 26 43 52 53 56 57 62
 18 26 31 54 56 62 70
 18 26 31 54 56 62 68 69
 18 26 31 52 53 56 62 70
 18 26 31 52 53 56 62 68 69
 18 26 31 43 54 56 62
 18 26 31 43 52 53 56 62
 18 26 27 58
 18 26 27 56 70
 18 26 27 56 68 69
 18 26 27 56 66 72
 18 26 27 56 66 70 71
 18 26 27 56 64 65 72
 18 26 27 56 64 65 70 71
 18 26 27 56 62 70
 18 26 27 56 62 68 69
 18 26 27 56 62 66 72
 18 26 27 56 62 66 70 71
 18 26 27 56 62 64 65 72
 18 26 27 56 62 64 65 70 71
 18 26 27 56 58
 18 26 27 56 58 62 70
 18 26 27 56 58 62 68 69
 18 26 27 56 57
 18 26 27 56 57 62 70
 18 26 27 56 57 62 68 69
 18 26 27 54 58
 18 26 27 54 56 72
 18 26 27 54 56 70
 18 26 27 54 56 70 71
 18 26 27 54 56 68 69
 18 26 27 54 56 66 72
 18 26 27 54 56 66 70 71
 18 26 27 54 56 64 65 72
 18 26 27 54 56 64 65 70 71
 18 26 27 54 56 62 70
 18 26 27 54 56 62 68 69
 18 26 27 54 56 62 66 72
 18 26 27 54 56 62 66 70 71
 18 26 27 54 56 62 64 65 72
 18 26 27 54 56 62 64 65 70 71
 18 26 27 54 56 58
 18 26 27 52 53 58
 18 26 27 52 53 56 72
 18 26 27 52 53 56 70
 18 26 27 52 53 56 70 71
 18 26 27 52 53 56 68 69
 18 26 27 52 53 56 66 72
 18 26 27 52 53 56 66 70 71
 18 26 27 52 53 56 64 65 72
 18 26 27 52 53 56 64 65 70 71
 18 26 27 52 53 56 62 70
 18 26 27 52 53 56 62 68 69
 18 26 27 52 53 56 62 66 72
 18 26 27 52 53 56 62 66 70 71
 18 26 27 52 53 56 62 64 65 72
 18 26 27 52 53 56 62 64 65 70 71
 18 26 27 52 53 56 58
 18 26 27 45 56 66
 18 26 27 45 56 64 65
 18 26 27 45 56 62 66
 18 26 27 45 56 62 64 65
 18 26 27 45 54 56
 18 26 27 45 54 56 66
 18 26 27 45 54 56 64 65
 18 26 27 45 54 56 62 66
 18 26 27 45 54 56 62 64 65
 18 26 27 45 52 53 56
 18 26 27 45 52 53 56 66
 18 26 27 45 52 53 56 64 65
 18 26 27 45 52 53 56 62 66
 18 26 27 45 52 53 56 62 64 65
 18 26 27 43 56 70
 18 26 27 43 56 68 69
 18 26 27 43 56 62
 18 26 27 43 56 58 62
 18 26 27 43 56 57 62
 18 26 27 43 54 56 70
 18 26 27 43 54 56 68 69
 18 26 27 43 54 56 62
 18 26 27 43 52 53 56 70
 18 26 27 43 52 53 56 68 69
 18 26 27 43 52 53 56 62
 18 26 27 41 56 66 72
 18 26 27 41 56 66 70 71
 18 26 27 41 56 64 65 72
 18 26 27 41 56 64 65 70 71
 18 26 27 41 54 56 72
 18 26 27 41 54 56 70 71
 18 26 27 41 54 56 66 72
 18 26 27 41 54 56 66 70 71
 18 26 27 41 54 56 64 65 72
 18 26 27 41 54 56 64 65 70 71
 18 26 27 41 52 53 56 72
 18 26 27 41 52 53 56 70 71
 18 26 27 41 52 53 56 66 72
 18 26 27 41 52 53 56 66 70 71
 18 26 27 41 52 53 56 64 65 72
 18 26 27 41 52 53 56 64 65 70 71
 18 26 27 41 45 56 66
 18 26 27 41 45 56 64 65
 18 26 27 41 45 54 56
 18 26 27 41 45 54 56 66
 18 26 27 41 45 54 56 64 65
 18 26 27 41 45 52 53 56
 18 26 27 41 45 52 53 56 66
 18 26 27 41 45 52 53 56 64 65
 18 26 27 41 42 56 70
 18 26 27 41 42 56 68 69
 18 26 27 41 42 54 56 70
 18 26 27 41 42 54 56 68 69
 18 26 27 41 42 52 53 56 70
 18 26 27 41 42 52 53 56 68 69
 18 26 27 41 42 43 56
 18 26 27 41 42 43 54 56
 18 26 27 41 42 43 52 53 56
 18 26 27 39 56 72
 18 26 27 39 56 70 71
 18 26 27 39 56 62 72
 18 26 27 39 56 62 70 71
 18 26 27 39 54 56 72
 18 26 27 39 54 56 70 71
 18 26 27 39 54 56 62 72
 18 26 27 39 54 56 62 70 71
 18 26 27 39 52 53 56 72
 18 26 27 39 52 53 56 70 71
 18 26 27 39 52 53 56 62 72
 18 26 27 39 52 53 56 62 70 71
 18 26 27 39 45 56
 18 26 27 39 45 56 62
 18 26 27 39 45 54 56
 18 26 27 39 45 54 56 62
 18 26 27 39 45 52 53 56
 18 26 27 39 45 52 53 56 62
 18 26 27 39 41 56 72
 18 26 27 39 41 56 70 71
 18 26 27 39 41 54 56 72
 18 26 27 39 41 54 56 70 71
 18 26 27 39 41 52 53 56 72
 18 26 27 39 41 52 53 56 70 71
 18 26 27 39 41 45 56
 18 26 27 39 41 45 54 56
 18 26 27 39 41 45 52 53 56
 18 26 27 39 40 56 72
 18 26 27 39 40 56 70 71
 18 26 27 39 40 56 66 72
 18 26 27 39 40 56 66 70 71
 18 26 27 39 40 56 64 65 72
 18 26 27 39 40 56 64 65 70 71
 18 26 27 39 40 54 56 66 72
 18 26 27 39 40 54 56 66 70 71
 18 26 27 39 40 54 56 64 65 72
 18 26 27 39 40 54 56 64 65 70 71
 18 26 27 39 40 52 53 56 66 72
 18 26 27 39 40 52 53 56 66 70 71
 18 26 27 39 40 52 53 56 64 65 72
 18 26 27 39 40 52 53 56 64 65 70 71
 18 26 27 39 40 45 56
 18 26 27 39 40 45 56 66
 18 26 27 39 40 45 56 64 65
 18 26 27 39 40 45 54 56 66
 18 26 27 39 40 45 54 56 64 65
 18 26 27 39 40 45 52 53 56 66
 18 26 27 39 40 45 52 53 56 64 65
 18 26 27 31 56 62 70
 18 26 27 31 56 62 68 69
 18 26 27 31 43 56 62
 18 24 25 56
 18 24 25 54 58
 18 24 25 54 56 58 62 70
 18 24 25 54 56 58 62 68 69
 18 24 25 54 56 57
 18 24 25 54 56 57 62 70
 18 24 25 54 56 57 62 68 69
 18 24 25 52 53 58
 18 24 25 52 53 56 58 62 70
 18 24 25 52 53 56 58 62 68 69
 18 24 25 52 53 56 57
 18 24 25 52 53 56 57 62 70
 18 24 25 52 53 56 57 62 68 69
 18 24 25 43 54 56 58 62
 18 24 25 43 54 56 57 62
 18 24 25 43 52 53 56 58 62
 18 24 25 43 52 53 56 57 62
 18 24 25 31 54 56 62 70
 18 24 25 31 54 56 62 68 69
 18 24 25 31 52 53 56 62 70
 18 24 25 31 52 53 56 62 68 69
 18 24 25 31 43 54 56 62
 18 24 25 31 43 52 53 56 62
 18 24 25 27 58
 18 24 25 27 56 58 62 70
 18 24 25 27 56 58 62 68 69
 18 24 25 27 56 57
 18 24 25 27 56 57 62 70
 18 24 25 27 56 57 62 68 69
 18 24 25 27 43 56 58 62
 18 24 25 27 43 56 57 62
 18 24 25 27 31 56 62 70
 18 24 25 27 31 56 62 68 69
 18 24 25 27 31 43 56 62
 16 54 56 58 62 72
 16 54 56 58 62 70 71
 16 54 56 57 62 72
 16 54 56 57 62 70 71
 16 52 53 56 58 62 72
 16 52 53 56 58 62 70 71
 16 52 53 56 57 62 72
 16 52 53 56 57 62 70 71
 16 45 54 56 58 62
 16 45 54 56 57 62
 16 45 52 53 56 58 62
 16 45 52 53 56 57 62
 16 31 54 56 62 72
 16 31 54 56 62 70 71
 16 31 52 53 56 62 72
 16 31 52 53 56 62 70 71
 16 31 45 54 56 62
 16 31 45 52 53 56 62
 16 28 45 54 56 70
 16 28 45 54 56 68 69
 16 28 45 52 53 56 70
 16 28 45 52 53 56 68 69
 16 28 43 45 54 56
 16 28 43 45 52 53 56
 16 28 43 44 54 56
 16 28 43 44 54 56 70
 16 28 43 44 54 56 68 69
 16 28 43 44 52 53 56
 16 28 43 44 52 53 56 70
 16 28 43 44 52 53 56 68 69
 16 27 54 56 58 62 72
 16 27 54 56 58 62 70 71
 16 27 54 56 57 62 72
 16 27 54 56 57 62 70 71
 16 27 52 53 56 58 62 72
 16 27 52 53 56 58 62 70 71
 16 27 52 53 56 57 62 72
 16 27 52 53 56 57 62 70 71
 16 27 45 54 56 58 62
 16 27 45 54 56 57 62
 16 27 45 52 53 56 58 62
 16 27 45 52 53 56 57 62
 16 27 31 54 56 62 72
 16 27 31 54 56 62 70 71
 16 27 31 52 53 56 62 72
 16 27 31 52 53 56 62 70 71
 16 27 31 45 54 56 62
 16 27 31 45 52 53 56 62
 16 27 28 45 56 70
 16 27 28 45 56 68 69
 16 27 28 43 45 56
 16 27 28 43 44 56
 16 27 28 43 44 56 70
 16 27 28 43 44 56 68 69
 16 26 27 45 56 70
 16 26 27 45 56 68 69
 16 26 27 45 54 56 70
 16 26 27 45 54 56 68 69
 16 26 27 45 52 53 56 70
 16 26 27 45 52 53 56 68 69
 16 26 27 43 45 56
 16 26 27 43 45 54 56
 16 26 27 43 45 52 53 56
 16 26 27 43 44 56
 16 26 27 43 44 56 70
 16 26 27 43 44 56 68 69
 16 26 27 43 44 54 56
 16 26 27 43 44 54 56 70
 16 26 27 43 44 54 56 68 69
 16 26 27 43 44 52 53 56
 16 26 27 43 44 52 53 56 70
 16 26 27 43 44 52 53 56 68 69
 16 18 28 54 56 70
 16 18 28 54 56 68 69
 16 18 28 52 53 56 70
 16 18 28 52 53 56 68 69
 16 18 28 43 54 56
 16 18 28 43 52 53 56
 16 18 27 28 56 70
 16 18 27 28 56 68 69
 16 18 27 28 43 56
 16 18 26 27 56 70
 16 18 26 27 56 68 69
 16 18 26 27 54 56 70
 16 18 26 27 54 56 68 69
 16 18 26 27 52 53 56 70
 16 18 26 27 52 53 56 68 69
 16 18 26 27 43 56
 16 18 26 27 43 54 56
 16 18 26 27 43 52 53 56
 15 45 54 56
 15 45 54 56 68
 15 45 54 56 58
 15 45 54 56 58 74
 15 45 54 56 58 72
 15 45 54 56 58 72 73
 15 45 54 56 58 70 71
 15 45 54 56 58 62
 15 45 54 56 57 58
 15 45 54 56 57 58 72
 15 45 54 56 57 58 70 71
 15 45 52 53 56
 15 45 52 53 56 68
 15 45 52 53 56 58
 15 45 52 53 56 58 74
 15 45 52 53 56 58 72
 15 45 52 53 56 58 72 73
 15 45 52 53 56 58 70 71
 15 45 52 53 56 58 62
 15 45 52 53 56 57 58
 15 45 52 53 56 57 58 72
 15 45 52 53 56 57 58 70 71
 15 45 47 54 56 58
 15 45 47 52 53 56 58
 15 43 44 54 56
 15 43 44 54 56 68
 15 43 44 54 56 58 74
 15 43 44 54 56 58 72
 15 43 44 54 56 58 72 73
 15 43 44 54 56 58 70 71
 15 43 44 54 56 58 62
 15 43 44 54 56 57 58 72
 15 43 44 54 56 57 58 70 71
 15 43 44 52 53 56
 15 43 44 52 53 56 68
 15 43 44 52 53 56 58 74
 15 43 44 52 53 56 58 72
 15 43 44 52 53 56 58 72 73
 15 43 44 52 53 56 58 70 71
 15 43 44 52 53 56 58 62
 15 43 44 52 53 56 57 58 72
 15 43 44 52 53 56 57 58 70 71
 15 43 44 47 54 56 58
 15 43 44 47 52 53 56 58
 15 43 44 45 54 56 58
 15 43 44 45 54 56 57 58
 15 43 44 45 52 53 56 58
 15 43 44 45 52 53 56 57 58
 15 41 45 70
 15 41 45 68 69
 15 41 45 62 70
 15 41 45 62 68 69
 15 41 43 45
 15 41 43 45 62
 15 41 43 44
 15 41 43 44 70
 15 41 43 44 68 69
 15 41 43 44 62
 15 41 43 44 62 70
 15 41 43 44 62 68 69
 15 39 45 70
 15 39 45 68 69
 15 39 45 58 70
 15 39 45 58 68 69
 15 39 45 56 58
 15 39 45 56 58 74
 15 39 45 56 58 72
 15 39 45 56 58 72 73
 15 39 45 56 58 70 71
 15 39 45 56 58 62
 15 39 45 56 57 58
 15 39 45 56 57 58 72
 15 39 45 56 57 58 70 71
 15 39 45 47 56 58
 15 39 43 45
 15 39 43 45 58
 15 39 43 44
 15 39 43 44 70
 15 39 43 44 68 69
 15 39 43 44 58
 15 39 43 44 58 70
 15 39 43 44 58 68 69
 15 39 43 44 56 58 74
 15 39 43 44 56 58 72
 15 39 43 44 56 58 72 73
 15 39 43 44 56 58 70 71
 15 39 43 44 56 58 62
 15 39 43 44 56 57 58 72
 15 39 43 44 56 57 58 70 71
 15 39 43 44 47 56 58
 15 39 43 44 45 56 58
 15 39 43 44 45 56 57 58
 15 39 40 45 70
 15 39 40 45 68 69
 15 39 40 45 62 70
 15 39 40 45 62 68 69
 15 39 40 43 45
 15 39 40 43 45 62
 15 39 40 43 44
 15 39 40 43 44 70
 15 39 40 43 44 68 69
 15 39 40 43 44 62
 15 39 40 43 44 62 70
 15 39 40 43 44 62 68 69
 15 37 38 45 70
 15 37 38 45 68 69
 15 37 38 45 58 70
 15 37 38 45 58 68 69
 15 37 38 45 56 58
 15 37 38 45 56 58 74
 15 37 38 45 56 58 72
 15 37 38 45 56 58 72 73
 15 37 38 45 56 58 70 71
 15 37 38 45 56 58 62
 15 37 38 45 56 57 58
 15 37 38 45 56 57 58 72
 15 37 38 45 56 57 58 70 71
 15 37 38 45 47 56 58
 15 37 38 43 45
 15 37 38 43 45 58
 15 37 38 43 44
 15 37 38 43 44 70
 15 37 38 43 44 68 69
 15 37 38 43 44 58
 15 37 38 43 44 58 70
 15 37 38 43 44 58 68 69
 15 37 38 43 44 56 58 74
 15 37 38 43 44 56 58 72
 15 37 38 43 44 56 58 72 73
 15 37 38 43 44 56 58 70 71
 15 37 38 43 44 56 58 62
 15 37 38 43 44 56 57 58 72
 15 37 38 43 44 56 57 58 70 71
 15 37 38 43 44 47 56 58
 15 37 38 43 44 45 56 58
 15 37 38 43 44 45 56 57 58
 15 31 45 54 56 58
 15 31 45 54 56 58 72
 15 31 45 54 56 58 70 71
 15 31 45 52 53 56 58
 15 31 45 52 53 56 58 72
 15 31 45 52 53 56 58 70 71
 15 31 43 44 54 56 58 72
 15 31 43 44 54 56 58 70 71
 15 31 43 44 52 53 56 58 72
 15 31 43 44 52 53 56 58 70 71
 15 31 43 44 45 54 56 58
 15 31 43 44 45 52 53 56 58
 15 31 39 45 56 58
 15 31 39 45 56 58 72
 15 31 39 45 56 58 70 71
 15 31 39 43 44 56 58 72
 15 31 39 43 44 56 58 70 71
 15 31 39 43 44 45 56 58
 15 31 37 38 45 56 58
 15 31 37 38 45 56 58 72
 15 31 37 38 45 56 58 70 71
 15 31 37 38 43 44 56 58 72
 15 31 37 38 43 44 56 58 70 71
 15 31 37 38 43 44 45 56 58
 15 27 45 56
 15 27 45 56 68
 15 27 45 56 58
 15 27 45 56 58 74
 15 27 45 56 58 72
 15 27 45 56 58 72 73
 15 27 45 56 58 70 71
 15 27 45 56 58 62
 15 27 45 56 57 58
 15 27 45 56 57 58 72
 15 27 45 56 57 58 70 71
 15 27 45 47 56 58
 15 27 43 44 56
 15 27 43 44 56 68
 15 27 43 44 56 58 74
 15 27 43 44 56 58 72
 15 27 43 44 56 58 72 73
 15 27 43 44 56 58 70 71
 15 27 43 44 56 58 62
 15 27 43 44 56 57 58 72
 15 27 43 44 56 57 58 70 71
 15 27 43 44 47 56 58
 15 27 43 44 45 56 58
 15 27 43 44 45 56 57 58
 15 27 31 45 56 58
 15 27 31 45 56 58 72
 15 27 31 45 56 58 70 71
 15 27 31 43 44 56 58 72
 15 27 31 43 44 56 58 70 71
 15 27 31 43 44 45 56 58
 15 26 45 54 56
 15 26 45 52 53 56
 15 26 43 44 54 56
 15 26 43 44 52 53 56
 15 26 27 45 56
 15 26 27 43 44 56
 15 24 25 45 54 56
 15 24 25 45 52 53 56
 15 24 25 43 44 54 56
 15 24 25 43 44 52 53 56
 15 24 25 27 45 56
 15 24 25 27 43 44 56
 15 18 54 56
 15 18 54 56 68
 15 18 54 56 58 74
 15 18 54 56 58 72
 15 18 54 56 58 72 73
 15 18 54 56 58 70 71
 15 18 54 56 58 62
 15 18 54 56 57 58 72
 15 18 54 56 57 58 70 71
 15 18 52 53 56
 15 18 52 53 56 68
 15 18 52 53 56 58 74
 15 18 52 53 56 58 72
 15 18 52 53 56 58 72 73
 15 18 52 53 56 58 70 71
 15 18 52 53 56 58 62
 15 18 52 53 56 57 58 72
 15 18 52 53 56 57 58 70 71
 15 18 47 54 56 58
 15 18 47 52 53 56 58
 15 18 45 54 56 58
 15 18 45 54 56 57 58
 15 18 45 52 53 56 58
 15 18 45 52 53 56 57 58
 15 18 41 70
 15 18 41 68 69
 15 18 41 62 70
 15 18 41 62 68 69
 15 18 41 43
 15 18 41 43 62
 15 18 39 70
 15 18 39 68 69
 15 18 39 58 70
 15 18 39 58 68 69
 15 18 39 56 58 74
 15 18 39 56 58 72
 15 18 39 56 58 72 73
 15 18 39 56 58 70 71
 15 18 39 56 58 62
 15 18 39 56 57 58 72
 15 18 39 56 57 58 70 71
 15 18 39 47 56 58
 15 18 39 45 56 58
 15 18 39 45 56 57 58
 15 18 39 43
 15 18 39 43 58
 15 18 39 40 70
 15 18 39 40 68 69
 15 18 39 40 62 70
 15 18 39 40 62 68 69
 15 18 39 40 43
 15 18 39 40 43 62
 15 18 37 38 70
 15 18 37 38 68 69
 15 18 37 38 58 70
 15 18 37 38 58 68 69
 15 18 37 38 56 58 74
 15 18 37 38 56 58 72
 15 18 37 38 56 58 72 73
 15 18 37 38 56 58 70 71
 15 18 37 38 56 58 62
 15 18 37 38 56 57 58 72
 15 18 37 38 56 57 58 70 71
 15 18 37 38 47 56 58
 15 18 37 38 45 56 58
 15 18 37 38 45 56 57 58
 15 18 37 38 43
 15 18 37 38 43 58
 15 18 31 54 56 58 72
 15 18 31 54 56 58 70 71
 15 18 31 52 53 56 58 72
 15 18 31 52 53 56 58 70 71
 15 18 31 45 54 56 58
 15 18 31 45 52 53 56 58
 15 18 31 39 56 58 72
 15 18 31 39 56 58 70 71
 15 18 31 39 45 56 58
 15 18 31 37 38 56 58 72
 15 18 31 37 38 56 58 70 71
 15 18 31 37 38 45 56 58
 15 18 27 56
 15 18 27 56 68
 15 18 27 56 58 74
 15 18 27 56 58 72
 15 18 27 56 58 72 73
 15 18 27 56 58 70 71
 15 18 27 56 58 62
 15 18 27 56 57 58 72
 15 18 27 56 57 58 70 71
 15 18 27 47 56 58
 15 18 27 45 56 58
 15 18 27 45 56 57 58
 15 18 27 31 56 58 72
 15 18 27 31 56 58 70 71
 15 18 27 31 45 56 58
 15 18 26 54 56
 15 18 26 52 53 56
 15 18 26 27 56
 15 18 24 25 54 56
 15 18 24 25 52 53 56
 15 18 24 25 27 56
 14 45 62 70
 14 45 62 68 69
 14 45 57 70
 14 45 57 68 69
 14 45 57 62 70
 14 45 57 62 68 69
 14 45 54 56 66
 14 45 54 56 66 72
 14 45 54 56 66 70 71
 14 45 54 56 64 65
 14 45 54 56 64 65 72
 14 45 54 56 64 65 70 71
 14 45 54 56 62
 14 45 54 56 58
 14 45 52 53 56 66
 14 45 52 53 56 66 72
 14 45 52 53 56 66 70 71
 14 45 52 53 56 64 65
 14 45 52 53 56 64 65 72
 14 45 52 53 56 64 65 70 71
 14 45 52 53 56 62
 14 45 52 53 56 58
 14 43 45 62
 14 43 45 57
 14 43 45 57 62
 14 43 44 62
 14 43 44 62 70
 14 43 44 62 68 69
 14 43 44 57
 14 43 44 57 70
 14 43 44 57 68 69
 14 43 44 57 62
 14 43 44 57 62 70
 14 43 44 57 62 68 69
 14 43 44 54 56 66 72
 14 43 44 54 56 66 70 71
 14 43 44 54 56 64 65 72
 14 43 44 54 56 64 65 70 71
 14 43 44 54 56 62
 14 43 44 54 56 58
 14 43 44 52 53 56 66 72
 14 43 44 52 53 56 66 70 71
 14 43 44 52 53 56 64 65 72
 14 43 44 52 53 56 64 65 70 71
 14 43 44 52 53 56 62
 14 43 44 52 53 56 58
 14 43 44 45 54 56 66
 14 43 44 45 54 56 64 65
 14 43 44 45 52 53 56 66
 14 43 44 45 52 53 56 64 65
 14 39 45 54 56
 14 39 45 54 56 72
 14 39 45 54 56 70 71
 14 39 45 52 53 56
 14 39 45 52 53 56 72
 14 39 45 52 53 56 70 71
 14 39 43 44 54 56 72
 14 39 43 44 54 56 70 71
 14 39 43 44 52 53 56 72
 14 39 43 44 52 53 56 70 71
 14 39 43 44 45 54 56
 14 39 43 44 45 52 53 56
 14 28 45 56
 14 28 45 56 72
 14 28 45 56 70 71
 14 28 45 54 56
 14 28 45 54 56 72
 14 28 45 54 56 70 71
 14 28 45 54 56 66
 14 28 45 54 56 66 72
 14 28 45 54 56 66 70 71
 14 28 45 54 56 64 65
 14 28 45 54 56 64 65 72
 14 28 45 54 56 64 65 70 71
 14 28 45 52 53 56
 14 28 45 52 53 56 72
 14 28 45 52 53 56 70 71
 14 28 45 52 53 56 66
 14 28 45 52 53 56 66 72
 14 28 45 52 53 56 66 70 71
 14 28 45 52 53 56 64 65
 14 28 45 52 53 56 64 65 72
 14 28 45 52 53 56 64 65 70 71
 14 28 43 44 56 72
 14 28 43 44 56 70 71
 14 28 43 44 54 56 72
 14 28 43 44 54 56 70 71
 14 28 43 44 54 56 66 72
 14 28 43 44 54 56 66 70 71
 14 28 43 44 54 56 64 65 72
 14 28 43 44 54 56 64 65 70 71
 14 28 43 44 52 53 56 72
 14 28 43 44 52 53 56 70 71
 14 28 43 44 52 53 56 66 72
 14 28 43 44 52 53 56 66 70 71
 14 28 43 44 52 53 56 64 65 72
 14 28 43 44 52 53 56 64 65 70 71
 14 28 43 44 45 56
 14 28 43 44 45 54 56
 14 28 43 44 45 54 56 66
 14 28 43 44 45 54 56 64 65
 14 28 43 44 45 52 53 56
 14 28 43 44 45 52 53 56 66
 14 28 43 44 45 52 53 56 64 65
 14 28 39 45 54 56
 14 28 39 45 54 56 72
 14 28 39 45 54 56 70 71
 14 28 39 45 52 53 56
 14 28 39 45 52 53 56 72
 14 28 39 45 52 53 56 70 71
 14 28 39 43 44 54 56 72
 14 28 39 43 44 54 56 70 71
 14 28 39 43 44 52 53 56 72
 14 28 39 43 44 52 53 56 70 71
 14 28 39 43 44 45 54 56
 14 28 39 43 44 45 52 53 56
 14 27 45 56 66
 14 27 45 56 66 72
 14 27 45 56 66 70 71
 14 27 45 56 64 65
 14 27 45 56 64 65 72
 14 27 45 56 64 65 70 71
 14 27 45 56 62
 14 27 45 56 58
 14 27 43 44 56 66 72
 14 27 43 44 56 66 70 71
 14 27 43 44 56 64 65 72
 14 27 43 44 56 64 65 70 71
 14 27 43 44 56 62
 14 27 43 44 56 58
 14 27 43 44 45 56 66
 14 27 43 44 45 56 64 65
 14 27 39 45 56
 14 27 39 45 56 72
 14 27 39 45 56 70 71
 14 27 39 43 44 56 72
 14 27 39 43 44 56 70 71
 14 27 39 43 44 45 56
 14 27 28 45 56
 14 27 28 45 56 72
 14 27 28 45 56 70 71
 14 27 28 45 56 66
 14 27 28 45 56 66 72
 14 27 28 45 56 66 70 71
 14 27 28 45 56 64 65
 14 27 28 45 56 64 65 72
 14 27 28 45 56 64 65 70 71
 14 27 28 43 44 56 72
 14 27 28 43 44 56 70 71
 14 27 28 43 44 56 66 72
 14 27 28 43 44 56 66 70 71
 14 27 28 43 44 56 64 65 72
 14 27 28 43 44 56 64 65 70 71
 14 27 28 43 44 45 56
 14 27 28 43 44 45 56 66
 14 27 28 43 44 45 56 64 65
 14 27 28 39 45 56
 14 27 28 39 45 56 72
 14 27 28 39 45 56 70 71
 14 27 28 39 43 44 56 72
 14 27 28 39 43 44 56 70 71
 14 27 28 39 43 44 45 56
 14 26 27 45 56 66
 14 26 27 45 56 66 72
 14 26 27 45 56 66 70 71
 14 26 27 45 56 64 65
 14 26 27 45 56 64 65 72
 14 26 27 45 56 64 65 70 71
 14 26 27 45 54 56
 14 26 27 45 54 56 72
 14 26 27 45 54 56 70 71
 14 26 27 45 54 56 66
 14 26 27 45 54 56 66 72
 14 26 27 45 54 56 66 70 71
 14 26 27 45 54 56 64 65
 14 26 27 45 54 56 64 65 72
 14 26 27 45 54 56 64 65 70 71
 14 26 27 45 52 53 56
 14 26 27 45 52 53 56 72
 14 26 27 45 52 53 56 70 71
 14 26 27 45 52 53 56 66
 14 26 27 45 52 53 56 66 72
 14 26 27 45 52 53 56 66 70 71
 14 26 27 45 52 53 56 64 65
 14 26 27 45 52 53 56 64 65 72
 14 26 27 45 52 53 56 64 65 70 71
 14 26 27 43 44 56 66 72
 14 26 27 43 44 56 66 70 71
 14 26 27 43 44 56 64 65 72
 14 26 27 43 44 56 64 65 70 71
 14 26 27 43 44 54 56 72
 14 26 27 43 44 54 56 70 71
 14 26 27 43 44 54 56 66 72
 14 26 27 43 44 54 56 66 70 71
 14 26 27 43 44 54 56 64 65 72
 14 26 27 43 44 54 56 64 65 70 71
 14 26 27 43 44 52 53 56 72
 14 26 27 43 44 52 53 56 70 71
 14 26 27 43 44 52 53 56 66 72
 14 26 27 43 44 52 53 56 66 70 71
 14 26 27 43 44 52 53 56 64 65 72
 14 26 27 43 44 52 53 56 64 65 70 71
 14 26 27 43 44 45 56 66
 14 26 27 43 44 45 56 64 65
 14 26 27 43 44 45 54 56
 14 26 27 43 44 45 54 56 66
 14 26 27 43 44 45 54 56 64 65
 14 26 27 43 44 45 52 53 56
 14 26 27 43 44 45 52 53 56 66
 14 26 27 43 44 45 52 53 56 64 65
 14 26 27 39 45 56
 14 26 27 39 45 56 72
 14 26 27 39 45 56 70 71
 14 26 27 39 45 54 56
 14 26 27 39 45 54 56 72
 14 26 27 39 45 54 56 70 71
 14 26 27 39 45 52 53 56
 14 26 27 39 45 52 53 56 72
 14 26 27 39 45 52 53 56 70 71
 14 26 27 39 43 44 56 72
 14 26 27 39 43 44 56 70 71
 14 26 27 39 43 44 54 56 72
 14 26 27 39 43 44 54 56 70 71
 14 26 27 39 43 44 52 53 56 72
 14 26 27 39 43 44 52 53 56 70 71
 14 26 27 39 43 44 45 56
 14 26 27 39 43 44 45 54 56
 14 26 27 39 43 44 45 52 53 56
 14 18 62 70
 14 18 62 68 69
 14 18 57 70
 14 18 57 68 69
 14 18 57 62 70
 14 18 57 62 68 69
 14 18 54 56 66 72
 14 18 54 56 66 70 71
 14 18 54 56 64 65 72
 14 18 54 56 64 65 70 71
 14 18 54 56 62
 14 18 54 56 58
 14 18 52 53 56 66 72
 14 18 52 53 56 66 70 71
 14 18 52 53 56 64 65 72
 14 18 52 53 56 64 65 70 71
 14 18 52 53 56 62
 14 18 52 53 56 58
 14 18 45 54 56 66
 14 18 45 54 56 64 65
 14 18 45 52 53 56 66
 14 18 45 52 53 56 64 65
 14 18 43 62
 14 18 43 57
 14 18 43 57 62
 14 18 39 54 56 72
 14 18 39 54 56 70 71
 14 18 39 52 53 56 72
 14 18 39 52 53 56 70 71
 14 18 39 45 54 56
 14 18 39 45 52 53 56
 14 18 28 56 72
 14 18 28 56 70 71
 14 18 28 54 56 72
 14 18 28 54 56 70 71
 14 18 28 54 56 66 72
 14 18 28 54 56 66 70 71
 14 18 28 54 56 64 65 72
 14 18 28 54 56 64 65 70 71
 14 18 28 52 53 56 72
 14 18 28 52 53 56 70 71
 14 18 28 52 53 56 66 72
 14 18 28 52 53 56 66 70 71
 14 18 28 52 53 56 64 65 72
 14 18 28 52 53 56 64 65 70 71
 14 18 28 45 56
 14 18 28 45 54 56
 14 18 28 45 54 56 66
 14 18 28 45 54 56 64 65
 14 18 28 45 52 53 56
 14 18 28 45 52 53 56 66
 14 18 28 45 52 53 56 64 65
 14 18 28 39 54 56 72
 14 18 28 39 54 56 70 71
 14 18 28 39 52 53 56 72
 14 18 28 39 52 53 56 70 71
 14 18 28 39 45 54 56
 14 18 28 39 45 52 53 56
 14 18 27 56 66 72
 14 18 27 56 66 70 71
 14 18 27 56 64 65 72
 14 18 27 56 64 65 70 71
 14 18 27 56 62
 14 18 27 56 58
 14 18 27 45 56 66
 14 18 27 45 56 64 65
 14 18 27 39 56 72
 14 18 27 39 56 70 71
 14 18 27 39 45 56
 14 18 27 28 56 72
 14 18 27 28 56 70 71
 14 18 27 28 56 66 72
 14 18 27 28 56 66 70 71
 14 18 27 28 56 64 65 72
 14 18 27 28 56 64 65 70 71
 14 18 27 28 45 56
 14 18 27 28 45 56 66
 14 18 27 28 45 56 64 65
 14 18 27 28 39 56 72
 14 18 27 28 39 56 70 71
 14 18 27 28 39 45 56
 14 18 26 27 56 66 72
 14 18 26 27 56 66 70 71
 14 18 26 27 56 64 65 72
 14 18 26 27 56 64 65 70 71
 14 18 26 27 54 56 72
 14 18 26 27 54 56 70 71
 14 18 26 27 54 56 66 72
 14 18 26 27 54 56 66 70 71
 14 18 26 27 54 56 64 65 72
 14 18 26 27 54 56 64 65 70 71
 14 18 26 27 52 53 56 72
 14 18 26 27 52 53 56 70 71
 14 18 26 27 52 53 56 66 72
 14 18 26 27 52 53 56 66 70 71
 14 18 26 27 52 53 56 64 65 72
 14 18 26 27 52 53 56 64 65 70 71
 14 18 26 27 45 56 66
 14 18 26 27 45 56 64 65
 14 18 26 27 45 54 56
 14 18 26 27 45 54 56 66
 14 18 26 27 45 54 56 64 65
 14 18 26 27 45 52 53 56
 14 18 26 27 45 52 53 56 66
 14 18 26 27 45 52 53 56 64 65
 14 18 26 27 39 56 72
 14 18 26 27 39 56 70 71
 14 18 26 27 39 54 56 72
 14 18 26 27 39 54 56 70 71
 14 18 26 27 39 52 53 56 72
 14 18 26 27 39 52 53 56 70 71
 14 18 26 27 39 45 56
 14 18 26 27 39 45 54 56
 14 18 26 27 39 45 52 53 56
 14 15 45 70
 14 15 45 68 69
 14 15 45 62 70
 14 15 45 62 68 69
 14 15 43 45
 14 15 43 45 62
 14 15 43 44
 14 15 43 44 70
 14 15 43 44 68 69
 14 15 43 44 62
 14 15 43 44 62 70
 14 15 43 44 62 68 69
 14 15 18 70
 14 15 18 68 69
 14 15 18 62 70
 14 15 18 62 68 69
 14 15 18 43
 14 15 18 43 62
 13 14 45 70
 13 14 45 68 69
 13 14 45 62 70
 13 14 45 62 68 69
 13 14 45 54 56
 13 14 45 54 56 68
 13 14 45 54 56 58
 13 14 45 54 56 58 74
 13 14 45 54 56 58 72
 13 14 45 54 56 58 72 73
 13 14 45 54 56 58 70 71
 13 14 45 54 56 58 62
 13 14 45 54 56 57 58
 13 14 45 54 56 57 58 72
 13 14 45 54 56 57 58 70 71
 13 14 45 52 53 56
 13 14 45 52 53 56 68
 13 14 45 52 53 56 58
 13 14 45 52 53 56 58 74
 13 14 45 52 53 56 58 72
 13 14 45 52 53 56 58 72 73
 13 14 45 52 53 56 58 70 71
 13 14 45 52 53 56 58 62
 13 14 45 52 53 56 57 58
 13 14 45 52 53 56 57 58 72
 13 14 45 52 53 56 57 58 70 71
 13 14 45 47 54 56 58
 13 14 45 47 52 53 56 58
 13 14 43 45
 13 14 43 45 62
 13 14 43 44
 13 14 43 44 70
 13 14 43 44 68 69
 13 14 43 44 62
 13 14 43 44 62 70
 13 14 43 44 62 68 69
 13 14 43 44 54 56
 13 14 43 44 54 56 68
 13 14 43 44 54 56 58 74
 13 14 43 44 54 56 58 72
 13 14 43 44 54 56 58 72 73
 13 14 43 44 54 56 58 70 71
 13 14 43 44 54 56 58 62
 13 14 43 44 54 56 57 58 72
 13 14 43 44 54 56 57 58 70 71
 13 14 43 44 52 53 56
 13 14 43 44 52 53 56 68
 13 14 43 44 52 53 56 58 74
 13 14 43 44 52 53 56 58 72
 13 14 43 44 52 53 56 58 72 73
 13 14 43 44 52 53 56 58 70 71
 13 14 43 44 52 53 56 58 62
 13 14 43 44 52 53 56 57 58 72
 13 14 43 44 52 53 56 57 58 70 71
 13 14 43 44 47 54 56 58
 13 14 43 44 47 52 53 56 58
 13 14 43 44 45 54 56 58
 13 14 43 44 45 54 56 57 58
 13 14 43 44 45 52 53 56 58
 13 14 43 44 45 52 53 56 57 58
 13 14 41 45 70
 13 14 41 45 68 69
 13 14 41 45 62 70
 13 14 41 45 62 68 69
 13 14 41 43 45
 13 14 41 43 45 62
 13 14 41 43 44
 13 14 41 43 44 70
 13 14 41 43 44 68 69
 13 14 41 43 44 62
 13 14 41 43 44 62 70
 13 14 41 43 44 62 68 69
 13 14 39 45 70
 13 14 39 45 68 69
 13 14 39 45 58 70
 13 14 39 45 58 68 69
 13 14 39 45 56 58
 13 14 39 45 56 58 74
 13 14 39 45 56 58 72
 13 14 39 45 56 58 72 73
 13 14 39 45 56 58 70 71
 13 14 39 45 56 58 62
 13 14 39 45 56 57 58
 13 14 39 45 56 57 58 72
 13 14 39 45 56 57 58 70 71
 13 14 39 45 47 56 58
 13 14 39 43 45
 13 14 39 43 45 58
 13 14 39 43 44
 13 14 39 43 44 70
 13 14 39 43 44 68 69
 13 14 39 43 44 58
 13 14 39 43 44 58 70
 13 14 39 43 44 58 68 69
 13 14 39 43 44 56 58 74
 13 14 39 43 44 56 58 72
 13 14 39 43 44 56 58 72 73
 13 14 39 43 44 56 58 70 71
 13 14 39 43 44 56 58 62
 13 14 39 43 44 56 57 58 72
 13 14 39 43 44 56 57 58 70 71
 13 14 39 43 44 47 56 58
 13 14 39 43 44 45 56 58
 13 14 39 43 44 45 56 57 58
 13 14 39 40 45 70
 13 14 39 40 45 68 69
 13 14 39 40 45 62 70
 13 14 39 40 45 62 68 69
 13 14 39 40 43 45
 13 14 39 40 43 45 62
 13 14 39 40 43 44
 13 14 39 40 43 44 70
 13 14 39 40 43 44 68 69
 13 14 39 40 43 44 62
 13 14 39 40 43 44 62 70
 13 14 39 40 43 44 62 68 69
 13 14 37 38 45 70
 13 14 37 38 45 68 69
 13 14 37 38 45 58 70
 13 14 37 38 45 58 68 69
 13 14 37 38 45 56 58
 13 14 37 38 45 56 58 74
 13 14 37 38 45 56 58 72
 13 14 37 38 45 56 58 72 73
 13 14 37 38 45 56 58 70 71
 13 14 37 38 45 56 58 62
 13 14 37 38 45 56 57 58
 13 14 37 38 45 56 57 58 72
 13 14 37 38 45 56 57 58 70 71
 13 14 37 38 45 47 56 58
 13 14 37 38 43 45
 13 14 37 38 43 45 58
 13 14 37 38 43 44
 13 14 37 38 43 44 70
 13 14 37 38 43 44 68 69
 13 14 37 38 43 44 58
 13 14 37 38 43 44 58 70
 13 14 37 38 43 44 58 68 69
 13 14 37 38 43 44 56 58 74
 13 14 37 38 43 44 56 58 72
 13 14 37 38 43 44 56 58 72 73
 13 14 37 38 43 44 56 58 70 71
 13 14 37 38 43 44 56 58 62
 13 14 37 38 43 44 56 57 58 72
 13 14 37 38 43 44 56 57 58 70 71
 13 14 37 38 43 44 47 56 58
 13 14 37 38 43 44 45 56 58
 13 14 37 38 43 44 45 56 57 58
 13 14 31 45 54 56 58
 13 14 31 45 54 56 58 72
 13 14 31 45 54 56 58 70 71
 13 14 31 45 52 53 56 58
 13 14 31 45 52 53 56 58 72
 13 14 31 45 52 53 56 58 70 71
 13 14 31 43 44 54 56 58 72
 13 14 31 43 44 54 56 58 70 71
 13 14 31 43 44 52 53 56 58 72
 13 14 31 43 44 52 53 56 58 70 71
 13 14 31 43 44 45 54 56 58
 13 14 31 43 44 45 52 53 56 58
 13 14 31 39 45 56 58
 13 14 31 39 45 56 58 72
 13 14 31 39 45 56 58 70 71
 13 14 31 39 43 44 56 58 72
 13 14 31 39 43 44 56 58 70 71
 13 14 31 39 43 44 45 56 58
 13 14 31 37 38 45 56 58
 13 14 31 37 38 45 56 58 72
 13 14 31 37 38 45 56 58 70 71
 13 14 31 37 38 43 44 56 58 72
 13 14 31 37 38 43 44 56 58 70 71
 13 14 31 37 38 43 44 45 56 58
 13 14 27 45 56
 13 14 27 45 56 68
 13 14 27 45 56 58
 13 14 27 45 56 58 74
 13 14 27 45 56 58 72
 13 14 27 45 56 58 72 73
 13 14 27 45 56 58 70 71
 13 14 27 45 56 58 62
 13 14 27 45 56 57 58
 13 14 27 45 56 57 58 72
 13 14 27 45 56 57 58 70 71
 13 14 27 45 47 56 58
 13 14 27 43 44 56
 13 14 27 43 44 56 68
 13 14 27 43 44 56 58 74
 13 14 27 43 44 56 58 72
 13 14 27 43 44 56 58 72 73
 13 14 27 43 44 56 58 70 71
 13 14 27 43 44 56 58 62
 13 14 27 43 44 56 57 58 72
 13 14 27 43 44 56 57 58 70 71
 13 14 27 43 44 47 56 58
 13 14 27 43 44 45 56 58
 13 14 27 43 44 45 56 57 58
 13 14 27 31 45 56 58
 13 14 27 31 45 56 58 72
 13 14 27 31 45 56 58 70 71
 13 14 27 31 43 44 56 58 72
 13 14 27 31 43 44 56 58 70 71
 13 14 27 31 43 44 45 56 58
 13 14 26 45 54 56
 13 14 26 45 52 53 56
 13 14 26 43 44 54 56
 13 14 26 43 44 52 53 56
 13 14 26 27 45 56
 13 14 26 27 43 44 56
 13 14 24 25 45 54 56
 13 14 24 25 45 52 53 56
 13 14 24 25 43 44 54 56
 13 14 24 25 43 44 52 53 56
 13 14 24 25 27 45 56
 13 14 24 25 27 43 44 56
 13 14 18 70
 13 14 18 68 69
 13 14 18 62 70
 13 14 18 62 68 69
 13 14 18 54 56
 13 14 18 54 56 68
 13 14 18 54 56 58 74
 13 14 18 54 56 58 72
 13 14 18 54 56 58 72 73
 13 14 18 54 56 58 70 71
 13 14 18 54 56 58 62
 13 14 18 54 56 57 58 72
 13 14 18 54 56 57 58 70 71
 13 14 18 52 53 56
 13 14 18 52 53 56 68
 13 14 18 52 53 56 58 74
 13 14 18 52 53 56 58 72
 13 14 18 52 53 56 58 72 73
 13 14 18 52 53 56 58 70 71
 13 14 18 52 53 56 58 62
 13 14 18 52 53 56 57 58 72
 13 14 18 52 53 56 57 58 70 71
 13 14 18 47 54 56 58
 13 14 18 47 52 53 56 58
 13 14 18 45 54 56 58
 13 14 18 45 54 56 57 58
 13 14 18 45 52 53 56 58
 13 14 18 45 52 53 56 57 58
 13 14 18 43
 13 14 18 43 62
 13 14 18 41 70
 13 14 18 41 68 69
 13 14 18 41 62 70
 13 14 18 41 62 68 69
 13 14 18 41 43
 13 14 18 41 43 62
 13 14 18 39 70
 13 14 18 39 68 69
 13 14 18 39 58 70
 13 14 18 39 58 68 69
 13 14 18 39 56 58 74
 13 14 18 39 56 58 72
 13 14 18 39 56 58 72 73
 13 14 18 39 56 58 70 71
 13 14 18 39 56 58 62
 13 14 18 39 56 57 58 72
 13 14 18 39 56 57 58 70 71
 13 14 18 39 47 56 58
 13 14 18 39 45 56 58
 13 14 18 39 45 56 57 58
 13 14 18 39 43
 13 14 18 39 43 58
 13 14 18 39 40 70
 13 14 18 39 40 68 69
 13 14 18 39 40 62 70
 13 14 18 39 40 62 68 69
 13 14 18 39 40 43
 13 14 18 39 40 43 62
 13 14 18 37 38 70
 13 14 18 37 38 68 69
 13 14 18 37 38 58 70
 13 14 18 37 38 58 68 69
 13 14 18 37 38 56 58 74
 13 14 18 37 38 56 58 72
 13 14 18 37 38 56 58 72 73
 13 14 18 37 38 56 58 70 71
 13 14 18 37 38 56 58 62
 13 14 18 37 38 56 57 58 72
 13 14 18 37 38 56 57 58 70 71
 13 14 18 37 38 47 56 58
 13 14 18 37 38 45 56 58
 13 14 18 37 38 45 56 57 58
 13 14 18 37 38 43
 13 14 18 37 38 43 58
 13 14 18 31 54 56 58 72
 13 14 18 31 54 56 58 70 71
 13 14 18 31 52 53 56 58 72
 13 14 18 31 52 53 56 58 70 71
 13 14 18 31 45 54 56 58
 13 14 18 31 45 52 53 56 58
 13 14 18 31 39 56 58 72
 13 14 18 31 39 56 58 70 71
 13 14 18 31 39 45 56 58
 13 14 18 31 37 38 56 58 72
 13 14 18 31 37 38 56 58 70 71
 13 14 18 31 37 38 45 56 58
 13 14 18 27 56
 13 14 18 27 56 68
 13 14 18 27 56 58 74
 13 14 18 27 56 58 72
 13 14 18 27 56 58 72 73
 13 14 18 27 56 58 70 71
 13 14 18 27 56 58 62
 13 14 18 27 56 57 58 72
 13 14 18 27 56 57 58 70 71
 13 14 18 27 47 56 58
 13 14 18 27 45 56 58
 13 14 18 27 45 56 57 58
 13 14 18 27 31 56 58 72
 13 14 18 27 31 56 58 70 71
 13 14 18 27 31 45 56 58
 13 14 18 26 54 56
 13 14 18 26 52 53 56
 13 14 18 26 27 56
 13 14 18 24 25 54 56
 13 14 18 24 25 52 53 56
 13 14 18 24 25 27 56
 12 58
 12 45 57 70
 12 45 57 68 69
 12 45 57 58 70
 12 45 57 58 68 69
 12 45 56 57 58 74
 12 45 56 57 58 72 73
 12 45 56 57 58 62
 12 45 47 56 57 58
 12 43 45 57
 12 43 45 57 58
 12 43 44 57
 12 43 44 57 70
 12 43 44 57 68 69
 12 43 44 57 58
 12 43 44 57 58 70
 12 43 44 57 58 68 69
 12 43 44 56 57 58 74
 12 43 44 56 57 58 72 73
 12 43 44 56 57 58 62
 12 43 44 47 56 57 58
 12 31 45 56 57 58
 12 31 45 56 57 58 72
 12 31 45 56 57 58 70 71
 12 31 43 44 56 57 58 72
 12 31 43 44 56 57 58 70 71
 12 31 43 44 45 56 57 58
 12 18 57 70
 12 18 57 68 69
 12 18 57 58 70
 12 18 57 58 68 69
 12 18 56 57 58 74
 12 18 56 57 58 72 73
 12 18 56 57 58 62
 12 18 47 56 57 58
 12 18 43 57
 12 18 43 57 58
 12 18 31 56 57 58 72
 12 18 31 56 57 58 70 71
 12 18 31 45 56 57 58
 12 15 45 70
 12 15 45 68 69
 12 15 45 58 70
 12 15 45 58 68 69
 12 15 45 56 58
 12 15 45 56 58 74
 12 15 45 56 58 72
 12 15 45 56 58 72 73
 12 15 45 56 58 70 71
 12 15 45 56 58 62
 12 15 45 56 57 58
 12 15 45 56 57 58 72
 12 15 45 56 57 58 70 71
 12 15 45 47 56 58
 12 15 43 45
 12 15 43 45 58
 12 15 43 44
 12 15 43 44 70
 12 15 43 44 68 69
 12 15 43 44 58
 12 15 43 44 58 70
 12 15 43 44 58 68 69
 12 15 43 44 56 58 74
 12 15 43 44 56 58 72
 12 15 43 44 56 58 72 73
 12 15 43 44 56 58 70 71
 12 15 43 44 56 58 62
 12 15 43 44 56 57 58 72
 12 15 43 44 56 57 58 70 71
 12 15 43 44 47 56 58
 12 15 43 44 45 56 58
 12 15 43 44 45 56 57 58
 12 15 31 45 56 58
 12 15 31 45 56 58 72
 12 15 31 45 56 58 70 71
 12 15 31 43 44 56 58 72
 12 15 31 43 44 56 58 70 71
 12 15 31 43 44 45 56 58
 12 15 18 70
 12 15 18 68 69
 12 15 18 58 70
 12 15 18 58 68 69
 12 15 18 56 58 74
 12 15 18 56 58 72
 12 15 18 56 58 72 73
 12 15 18 56 58 70 71
 12 15 18 56 58 62
 12 15 18 56 57 58 72
 12 15 18 56 57 58 70 71
 12 15 18 47 56 58
 12 15 18 45 56 58
 12 15 18 45 56 57 58
 12 15 18 43
 12 15 18 43 58
 12 15 18 31 56 58 72
 12 15 18 31 56 58 70 71
 12 15 18 31 45 56 58
 12 13 14 45 70
 12 13 14 45 68 69
 12 13 14 45 58 70
 12 13 14 45 58 68 69
 12 13 14 45 56 58
 12 13 14 45 56 58 74
 12 13 14 45 56 58 72
 12 13 14 45 56 58 72 73
 12 13 14 45 56 58 70 71
 12 13 14 45 56 58 62
 12 13 14 45 56 57 58
 12 13 14 45 56 57 58 72
 12 13 14 45 56 57 58 70 71
 12 13 14 45 47 56 58
 12 13 14 43 45
 12 13 14 43 45 58
 12 13 14 43 44
 12 13 14 43 44 70
 12 13 14 43 44 68 69
 12 13 14 43 44 58
 12 13 14 43 44 58 70
 12 13 14 43 44 58 68 69
 12 13 14 43 44 56 58 74
 12 13 14 43 44 56 58 72
 12 13 14 43 44 56 58 72 73
 12 13 14 43 44 56 58 70 71
 12 13 14 43 44 56 58 62
 12 13 14 43 44 56 57 58 72
 12 13 14 43 44 56 57 58 70 71
 12 13 14 43 44 47 56 58
 12 13 14 43 44 45 56 58
 12 13 14 43 44 45 56 57 58
 12 13 14 31 45 56 58
 12 13 14 31 45 56 58 72
 12 13 14 31 45 56 58 70 71
 12 13 14 31 43 44 56 58 72
 12 13 14 31 43 44 56 58 70 71
 12 13 14 31 43 44 45 56 58
 12 13 14 18 70
 12 13 14 18 68 69
 12 13 14 18 58 70
 12 13 14 18 58 68 69
 12 13 14 18 56 58 74
 12 13 14 18 56 58 72
 12 13 14 18 56 58 72 73
 12 13 14 18 56 58 70 71
 12 13 14 18 56 58 62
 12 13 14 18 56 57 58 72
 12 13 14 18 56 57 58 70 71
 12 13 14 18 47 56 58
 12 13 14 18 45 56 58
 12 13 14 18 45 56 57 58
 12 13 14 18 43
 12 13 14 18 43 58
 12 13 14 18 31 56 58 72
 12 13 14 18 31 56 58 70 71
 12 13 14 18 31 45 56 58
 1 45 58
 1 45 56
 1 45 56 72
 1 45 56 70 71
 1 45 54 58
 1 45 54 56
 1 45 54 56 72
 1 45 54 56 70
 1 45 54 56 70 71
 1 45 54 56 68 69
 1 45 54 56 66
 1 45 54 56 66 72
 1 45 54 56 66 70 71
 1 45 54 56 64 65
 1 45 54 56 64 65 72
 1 45 54 56 64 65 70 71
 1 45 54 56 62 70
 1 45 54 56 62 68 69
 1 45 54 56 62 66
 1 45 54 56 62 66 72
 1 45 54 56 62 66 70 71
 1 45 54 56 62 64 65
 1 45 54 56 62 64 65 72
 1 45 54 56 62 64 65 70 71
 1 45 54 56 58
 1 45 52 53 58
 1 45 52 53 56
 1 45 52 53 56 72
 1 45 52 53 56 70
 1 45 52 53 56 70 71
 1 45 52 53 56 68 69
 1 45 52 53 56 66
 1 45 52 53 56 66 72
 1 45 52 53 56 66 70 71
 1 45 52 53 56 64 65
 1 45 52 53 56 64 65 72
 1 45 52 53 56 64 65 70 71
 1 45 52 53 56 62 70
 1 45 52 53 56 62 68 69
 1 45 52 53 56 62 66
 1 45 52 53 56 62 66 72
 1 45 52 53 56 62 66 70 71
 1 45 52 53 56 62 64 65
 1 45 52 53 56 62 64 65 72
 1 45 52 53 56 62 64 65 70 71
 1 45 52 53 56 58
 1 43 45 54 56 70
 1 43 45 54 56 68 69
 1 43 45 54 56 62
 1 43 45 52 53 56 70
 1 43 45 52 53 56 68 69
 1 43 45 52 53 56 62
 1 43 44 58
 1 43 44 56 72
 1 43 44 56 70 71
 1 43 44 54 58
 1 43 44 54 56 72
 1 43 44 54 56 70 71
 1 43 44 54 56 66 72
 1 43 44 54 56 66 70 71
 1 43 44 54 56 64 65 72
 1 43 44 54 56 64 65 70 71
 1 43 44 54 56 62
 1 43 44 54 56 62 70
 1 43 44 54 56 62 68 69
 1 43 44 54 56 62 66 72
 1 43 44 54 56 62 66 70 71
 1 43 44 54 56 62 64 65 72
 1 43 44 54 56 62 64 65 70 71
 1 43 44 54 56 58
 1 43 44 52 53 58
 1 43 44 52 53 56 72
 1 43 44 52 53 56 70 71
 1 43 44 52 53 56 66 72
 1 43 44 52 53 56 66 70 71
 1 43 44 52 53 56 64 65 72
 1 43 44 52 53 56 64 65 70 71
 1 43 44 52 53 56 62
 1 43 44 52 53 56 62 70
 1 43 44 52 53 56 62 68 69
 1 43 44 52 53 56 62 66 72
 1 43 44 52 53 56 62 66 70 71
 1 43 44 52 53 56 62 64 65 72
 1 43 44 52 53 56 62 64 65 70 71
 1 43 44 52 53 56 58
 1 43 44 45 56
 1 43 44 45 54 56
 1 43 44 45 54 56 66
 1 43 44 45 54 56 64 65
 1 43 44 45 54 56 62 66
 1 43 44 45 54 56 62 64 65
 1 43 44 45 52 53 56
 1 43 44 45 52 53 56 66
 1 43 44 45 52 53 56 64 65
 1 43 44 45 52 53 56 62 66
 1 43 44 45 52 53 56 62 64 65
 1 41 45 56
 1 41 45 56 72
 1 41 45 56 70 71
 1 41 45 54 56
 1 41 45 54 56 72
 1 41 45 54 56 70 71
 1 41 45 54 56 66
 1 41 45 54 56 66 72
 1 41 45 54 56 66 70 71
 1 41 45 54 56 64 65
 1 41 45 54 56 64 65 72
 1 41 45 54 56 64 65 70 71
 1 41 45 52 53 56
 1 41 45 52 53 56 72
 1 41 45 52 53 56 70 71
 1 41 45 52 53 56 66
 1 41 45 52 53 56 66 72
 1 41 45 52 53 56 66 70 71
 1 41 45 52 53 56 64 65
 1 41 45 52 53 56 64 65 72
 1 41 45 52 53 56 64 65 70 71
 1 41 43 44 56 72
 1 41 43 44 56 70 71
 1 41 43 44 54 56 72
 1 41 43 44 54 56 70 71
 1 41 43 44 54 56 66 72
 1 41 43 44 54 56 66 70 71
 1 41 43 44 54 56 64 65 72
 1 41 43 44 54 56 64 65 70 71
 1 41 43 44 52 53 56 72
 1 41 43 44 52 53 56 70 71
 1 41 43 44 52 53 56 66 72
 1 41 43 44 52 53 56 66 70 71
 1 41 43 44 52 53 56 64 65 72
 1 41 43 44 52 53 56 64 65 70 71
 1 41 43 44 45 56
 1 41 43 44 45 54 56
 1 41 43 44 45 54 56 66
 1 41 43 44 45 54 56 64 65
 1 41 43 44 45 52 53 56
 1 41 43 44 45 52 53 56 66
 1 41 43 44 45 52 53 56 64 65
 1 41 42 45 54 56 70
 1 41 42 45 54 56 68 69
 1 41 42 45 52 53 56 70
 1 41 42 45 52 53 56 68 69
 1 41 42 43 45 54 56
 1 41 42 43 45 52 53 56
 1 41 42 43 44 54 56
 1 41 42 43 44 54 56 70
 1 41 42 43 44 54 56 68 69
 1 41 42 43 44 52 53 56
 1 41 42 43 44 52 53 56 70
 1 41 42 43 44 52 53 56 68 69
 1 39 45 54 56
 1 39 45 54 56 72
 1 39 45 54 56 70 71
 1 39 45 54 56 62
 1 39 45 54 56 62 72
 1 39 45 54 56 62 70 71
 1 39 45 52 53 56
 1 39 45 52 53 56 72
 1 39 45 52 53 56 70 71
 1 39 45 52 53 56 62
 1 39 45 52 53 56 62 72
 1 39 45 52 53 56 62 70 71
 1 39 43 44 54 56 72
 1 39 43 44 54 56 70 71
 1 39 43 44 54 56 62 72
 1 39 43 44 54 56 62 70 71
 1 39 43 44 52 53 56 72
 1 39 43 44 52 53 56 70 71
 1 39 43 44 52 53 56 62 72
 1 39 43 44 52 53 56 62 70 71
 1 39 43 44 45 54 56
 1 39 43 44 45 54 56 62
 1 39 43 44 45 52 53 56
 1 39 43 44 45 52 53 56 62
 1 39 41 45 54 56
 1 39 41 45 54 56 72
 1 39 41 45 54 56 70 71
 1 39 41 45 52 53 56
 1 39 41 45 52 53 56 72
 1 39 41 45 52 53 56 70 71
 1 39 41 43 44 54 56 72
 1 39 41 43 44 54 56 70 71
 1 39 41 43 44 52 53 56 72
 1 39 41 43 44 52 53 56 70 71
 1 39 41 43 44 45 54 56
 1 39 41 43 44 45 52 53 56
 1 39 40 45 56
 1 39 40 45 56 72
 1 39 40 45 56 70 71
 1 39 40 45 54 56 66
 1 39 40 45 54 56 66 72
 1 39 40 45 54 56 66 70 71
 1 39 40 45 54 56 64 65
 1 39 40 45 54 56 64 65 72
 1 39 40 45 54 56 64 65 70 71
 1 39 40 45 52 53 56 66
 1 39 40 45 52 53 56 66 72
 1 39 40 45 52 53 56 66 70 71
 1 39 40 45 52 53 56 64 65
 1 39 40 45 52 53 56 64 65 72
 1 39 40 45 52 53 56 64 65 70 71
 1 39 40 43 44 56 72
 1 39 40 43 44 56 70 71
 1 39 40 43 44 54 56 66 72
 1 39 40 43 44 54 56 66 70 71
 1 39 40 43 44 54 56 64 65 72
 1 39 40 43 44 54 56 64 65 70 71
 1 39 40 43 44 52 53 56 66 72
 1 39 40 43 44 52 53 56 66 70 71
 1 39 40 43 44 52 53 56 64 65 72
 1 39 40 43 44 52 53 56 64 65 70 71
 1 39 40 43 44 45 56
 1 39 40 43 44 45 54 56 66
 1 39 40 43 44 45 54 56 64 65
 1 39 40 43 44 45 52 53 56 66
 1 39 40 43 44 45 52 53 56 64 65
 1 27 45 58
 1 27 45 56
 1 27 45 56 72
 1 27 45 56 70
 1 27 45 56 70 71
 1 27 45 56 68 69
 1 27 45 56 66
 1 27 45 56 66 72
 1 27 45 56 66 70 71
 1 27 45 56 64 65
 1 27 45 56 64 65 72
 1 27 45 56 64 65 70 71
 1 27 45 56 62 70
 1 27 45 56 62 68 69
 1 27 45 56 62 66
 1 27 45 56 62 66 72
 1 27 45 56 62 66 70 71
 1 27 45 56 62 64 65
 1 27 45 56 62 64 65 72
 1 27 45 56 62 64 65 70 71
 1 27 45 56 58
 1 27 43 45 56 70
 1 27 43 45 56 68 69
 1 27 43 45 56 62
 1 27 43 44 58
 1 27 43 44 56 72
 1 27 43 44 56 70 71
 1 27 43 44 56 66 72
 1 27 43 44 56 66 70 71
 1 27 43 44 56 64 65 72
 1 27 43 44 56 64 65 70 71
 1 27 43 44 56 62
 1 27 43 44 56 62 70
 1 27 43 44 56 62 68 69
 1 27 43 44 56 62 66 72
 1 27 43 44 56 62 66 70 71
 1 27 43 44 56 62 64 65 72
 1 27 43 44 56 62 64 65 70 71
 1 27 43 44 56 58
 1 27 43 44 45 56
 1 27 43 44 45 56 66
 1 27 43 44 45 56 64 65
 1 27 43 44 45 56 62 66
 1 27 43 44 45 56 62 64 65
 1 27 41 45 56
 1 27 41 45 56 72
 1 27 41 45 56 70 71
 1 27 41 45 56 66
 1 27 41 45 56 66 72
 1 27 41 45 56 66 70 71
 1 27 41 45 56 64 65
 1 27 41 45 56 64 65 72
 1 27 41 45 56 64 65 70 71
 1 27 41 43 44 56 72
 1 27 41 43 44 56 70 71
 1 27 41 43 44 56 66 72
 1 27 41 43 44 56 66 70 71
 1 27 41 43 44 56 64 65 72
 1 27 41 43 44 56 64 65 70 71
 1 27 41 43 44 45 56
 1 27 41 43 44 45 56 66
 1 27 41 43 44 45 56 64 65
 1 27 41 42 45 56 70
 1 27 41 42 45 56 68 69
 1 27 41 42 43 45 56
 1 27 41 42 43 44 56
 1 27 41 42 43 44 56 70
 1 27 41 42 43 44 56 68 69
 1 27 39 45 56
 1 27 39 45 56 72
 1 27 39 45 56 70 71
 1 27 39 45 56 62
 1 27 39 45 56 62 72
 1 27 39 45 56 62 70 71
 1 27 39 43 44 56 72
 1 27 39 43 44 56 70 71
 1 27 39 43 44 56 62 72
 1 27 39 43 44 56 62 70 71
 1 27 39 43 44 45 56
 1 27 39 43 44 45 56 62
 1 27 39 41 45 56
 1 27 39 41 45 56 72
 1 27 39 41 45 56 70 71
 1 27 39 41 43 44 56 72
 1 27 39 41 43 44 56 70 71
 1 27 39 41 43 44 45 56
 1 27 39 40 45 56 66
 1 27 39 40 45 56 66 72
 1 27 39 40 45 56 66 70 71
 1 27 39 40 45 56 64 65
 1 27 39 40 45 56 64 65 72
 1 27 39 40 45 56 64 65 70 71
 1 27 39 40 43 44 56 66 72
 1 27 39 40 43 44 56 66 70 71
 1 27 39 40 43 44 56 64 65 72
 1 27 39 40 43 44 56 64 65 70 71
 1 27 39 40 43 44 45 56 66
 1 27 39 40 43 44 45 56 64 65
 1 18 58
 1 18 56 72
 1 18 56 70 71
 1 18 54 58
 1 18 54 56 72
 1 18 54 56 70
 1 18 54 56 70 71
 1 18 54 56 68 69
 1 18 54 56 66 72
 1 18 54 56 66 70 71
 1 18 54 56 64 65 72
 1 18 54 56 64 65 70 71
 1 18 54 56 62 70
 1 18 54 56 62 68 69
 1 18 54 56 62 66 72
 1 18 54 56 62 66 70 71
 1 18 54 56 62 64 65 72
 1 18 54 56 62 64 65 70 71
 1 18 54 56 58
 1 18 52 53 58
 1 18 52 53 56 72
 1 18 52 53 56 70
 1 18 52 53 56 70 71
 1 18 52 53 56 68 69
 1 18 52 53 56 66 72
 1 18 52 53 56 66 70 71
 1 18 52 53 56 64 65 72
 1 18 52 53 56 64 65 70 71
 1 18 52 53 56 62 70
 1 18 52 53 56 62 68 69
 1 18 52 53 56 62 66 72
 1 18 52 53 56 62 66 70 71
 1 18 52 53 56 62 64 65 72
 1 18 52 53 56 62 64 65 70 71
 1 18 52 53 56 58
 1 18 45 56
 1 18 45 54 56
 1 18 45 54 56 66
 1 18 45 54 56 64 65
 1 18 45 54 56 62 66
 1 18 45 54 56 62 64 65
 1 18 45 52 53 56
 1 18 45 52 53 56 66
 1 18 45 52 53 56 64 65
 1 18 45 52 53 56 62 66
 1 18 45 52 53 56 62 64 65
 1 18 43 54 56 70
 1 18 43 54 56 68 69
 1 18 43 54 56 62
 1 18 43 52 53 56 70
 1 18 43 52 53 56 68 69
 1 18 43 52 53 56 62
 1 18 41 56 72
 1 18 41 56 70 71
 1 18 41 54 56 72
 1 18 41 54 56 70 71
 1 18 41 54 56 66 72
 1 18 41 54 56 66 70 71
 1 18 41 54 56 64 65 72
 1 18 41 54 56 64 65 70 71
 1 18 41 52 53 56 72
 1 18 41 52 53 56 70 71
 1 18 41 52 53 56 66 72
 1 18 41 52 53 56 66 70 71
 1 18 41 52 53 56 64 65 72
 1 18 41 52 53 56 64 65 70 71
 1 18 41 45 56
 1 18 41 45 54 56
 1 18 41 45 54 56 66
 1 18 41 45 54 56 64 65
 1 18 41 45 52 53 56
 1 18 41 45 52 53 56 66
 1 18 41 45 52 53 56 64 65
 1 18 41 42 54 56 70
 1 18 41 42 54 56 68 69
 1 18 41 42 52 53 56 70
 1 18 41 42 52 53 56 68 69
 1 18 41 42 43 54 56
 1 18 41 42 43 52 53 56
 1 18 39 54 56 72
 1 18 39 54 56 70 71
 1 18 39 54 56 62 72
 1 18 39 54 56 62 70 71
 1 18 39 52 53 56 72
 1 18 39 52 53 56 70 71
 1 18 39 52 53 56 62 72
 1 18 39 52 53 56 62 70 71
 1 18 39 45 54 56
 1 18 39 45 54 56 62
 1 18 39 45 52 53 56
 1 18 39 45 52 53 56 62
 1 18 39 41 54 56 72
 1 18 39 41 54 56 70 71
 1 18 39 41 52 53 56 72
 1 18 39 41 52 53 56 70 71
 1 18 39 41 45 54 56
 1 18 39 41 45 52 53 56
 1 18 39 40 56 72
 1 18 39 40 56 70 71
 1 18 39 40 54 56 66 72
 1 18 39 40 54 56 66 70 71
 1 18 39 40 54 56 64 65 72
 1 18 39 40 54 56 64 65 70 71
 1 18 39 40 52 53 56 66 72
 1 18 39 40 52 53 56 66 70 71
 1 18 39 40 52 53 56 64 65 72
 1 18 39 40 52 53 56 64 65 70 71
 1 18 39 40 45 56
 1 18 39 40 45 54 56 66
 1 18 39 40 45 54 56 64 65
 1 18 39 40 45 52 53 56 66
 1 18 39 40 45 52 53 56 64 65
 1 18 27 58
 1 18 27 56 72
 1 18 27 56 70
 1 18 27 56 70 71
 1 18 27 56 68 69
 1 18 27 56 66 72
 1 18 27 56 66 70 71
 1 18 27 56 64 65 72
 1 18 27 56 64 65 70 71
 1 18 27 56 62 70
 1 18 27 56 62 68 69
 1 18 27 56 62 66 72
 1 18 27 56 62 66 70 71
 1 18 27 56 62 64 65 72
 1 18 27 56 62 64 65 70 71
 1 18 27 56 58
 1 18 27 45 56
 1 18 27 45 56 66
 1 18 27 45 56 64 65
 1 18 27 45 56 62 66
 1 18 27 45 56 62 64 65
 1 18 27 43 56 70
 1 18 27 43 56 68 69
 1 18 27 43 56 62
 1 18 27 41 56 72
 1 18 27 41 56 70 71
 1 18 27 41 56 66 72
 1 18 27 41 56 66 70 71
 1 18 27 41 56 64 65 72
 1 18 27 41 56 64 65 70 71
 1 18 27 41 45 56
 1 18 27 41 45 56 66
 1 18 27 41 45 56 64 65
 1 18 27 41 42 56 70
 1 18 27 41 42 56 68 69
 1 18 27 41 42 43 56
 1 18 27 39 56 72
 1 18 27 39 56 70 71
 1 18 27 39 56 62 72
 1 18 27 39 56 62 70 71
 1 18 27 39 45 56
 1 18 27 39 45 56 62
 1 18 27 39 41 56 72
 1 18 27 39 41 56 70 71
 1 18 27 39 41 45 56
 1 18 27 39 40 56 66 72
 1 18 27 39 40 56 66 70 71
 1 18 27 39 40 56 64 65 72
 1 18 27 39 40 56 64 65 70 71
 1 18 27 39 40 45 56 66
 1 18 27 39 40 45 56 64 65
 1 16 45 54 56 70
 1 16 45 54 56 68 69
 1 16 45 52 53 56 70
 1 16 45 52 53 56 68 69
 1 16 43 45 54 56
 1 16 43 45 52 53 56
 1 16 43 44 54 56
 1 16 43 44 54 56 70
 1 16 43 44 54 56 68 69
 1 16 43 44 52 53 56
 1 16 43 44 52 53 56 70
 1 16 43 44 52 53 56 68 69
 1 16 27 45 56 70
 1 16 27 45 56 68 69
 1 16 27 43 45 56
 1 16 27 43 44 56
 1 16 27 43 44 56 70
 1 16 27 43 44 56 68 69
 1 16 18 54 56 70
 1 16 18 54 56 68 69
 1 16 18 52 53 56 70
 1 16 18 52 53 56 68 69
 1 16 18 43 54 56
 1 16 18 43 52 53 56
 1 16 18 27 56 70
 1 16 18 27 56 68 69
 1 16 18 27 43 56
 1 14 45 56
 1 14 45 56 72
 1 14 45 56 70 71
 1 14 45 54 56
 1 14 45 54 56 72
 1 14 45 54 56 70 71
 1 14 45 54 56 66
 1 14 45 54 56 66 72
 1 14 45 54 56 66 70 71
 1 14 45 54 56 64 65
 1 14 45 54 56 64 65 72
 1 14 45 54 56 64 65 70 71
 1 14 45 52 53 56
 1 14 45 52 53 56 72
 1 14 45 52 53 56 70 71
 1 14 45 52 53 56 66
 1 14 45 52 53 56 66 72
 1 14 45 52 53 56 66 70 71
 1 14 45 52 53 56 64 65
 1 14 45 52 53 56 64 65 72
 1 14 45 52 53 56 64 65 70 71
 1 14 43 44 56 72
 1 14 43 44 56 70 71
 1 14 43 44 54 56 72
 1 14 43 44 54 56 70 71
 1 14 43 44 54 56 66 72
 1 14 43 44 54 56 66 70 71
 1 14 43 44 54 56 64 65 72
 1 14 43 44 54 56 64 65 70 71
 1 14 43 44 52 53 56 72
 1 14 43 44 52 53 56 70 71
 1 14 43 44 52 53 56 66 72
 1 14 43 44 52 53 56 66 70 71
 1 14 43 44 52 53 56 64 65 72
 1 14 43 44 52 53 56 64 65 70 71
 1 14 43 44 45 56
 1 14 43 44 45 54 56
 1 14 43 44 45 54 56 66
 1 14 43 44 45 54 56 64 65
 1 14 43 44 45 52 53 56
 1 14 43 44 45 52 53 56 66
 1 14 43 44 45 52 53 56 64 65
 1 14 39 45 54 56
 1 14 39 45 54 56 72
 1 14 39 45 54 56 70 71
 1 14 39 45 52 53 56
 1 14 39 45 52 53 56 72
 1 14 39 45 52 53 56 70 71
 1 14 39 43 44 54 56 72
 1 14 39 43 44 54 56 70 71
 1 14 39 43 44 52 53 56 72
 1 14 39 43 44 52 53 56 70 71
 1 14 39 43 44 45 54 56
 1 14 39 43 44 45 52 53 56
 1 14 27 45 56
 1 14 27 45 56 72
 1 14 27 45 56 70 71
 1 14 27 45 56 66
 1 14 27 45 56 66 72
 1 14 27 45 56 66 70 71
 1 14 27 45 56 64 65
 1 14 27 45 56 64 65 72
 1 14 27 45 56 64 65 70 71
 1 14 27 43 44 56 72
 1 14 27 43 44 56 70 71
 1 14 27 43 44 56 66 72
 1 14 27 43 44 56 66 70 71
 1 14 27 43 44 56 64 65 72
 1 14 27 43 44 56 64 65 70 71
 1 14 27 43 44 45 56
 1 14 27 43 44 45 56 66
 1 14 27 43 44 45 56 64 65
 1 14 27 39 45 56
 1 14 27 39 45 56 72
 1 14 27 39 45 56 70 71
 1 14 27 39 43 44 56 72
 1 14 27 39 43 44 56 70 71
 1 14 27 39 43 44 45 56
 1 14 18 56 72
 1 14 18 56 70 71
 1 14 18 54 56 72
 1 14 18 54 56 70 71
 1 14 18 54 56 66 72
 1 14 18 54 56 66 70 71
 1 14 18 54 56 64 65 72
 1 14 18 54 56 64 65 70 71
 1 14 18 52 53 56 72
 1 14 18 52 53 56 70 71
 1 14 18 52 53 56 66 72
 1 14 18 52 53 56 66 70 71
 1 14 18 52 53 56 64 65 72
 1 14 18 52 53 56 64 65 70 71
 1 14 18 45 56
 1 14 18 45 54 56
 1 14 18 45 54 56 66
 1 14 18 45 54 56 64 65
 1 14 18 45 52 53 56
 1 14 18 45 52 53 56 66
 1 14 18 45 52 53 56 64 65
 1 14 18 39 54 56 72
 1 14 18 39 54 56 70 71
 1 14 18 39 52 53 56 72
 1 14 18 39 52 53 56 70 71
 1 14 18 39 45 54 56
 1 14 18 39 45 52 53 56
 1 14 18 27 56 72
 1 14 18 27 56 70 71
 1 14 18 27 56 66 72
 1 14 18 27 56 66 70 71
 1 14 18 27 56 64 65 72
 1 14 18 27 56 64 65 70 71
 1 14 18 27 45 56
 1 14 18 27 45 56 66
 1 14 18 27 45 56 64 65
 1 14 18 27 39 56 72
 1 14 18 27 39 56 70 71
 1 14 18 27 39 45 56
