 41 60 66
 41 60 64 65
 41 56 60 70
 41 56 60 68 69
 41 54 55 60 70
 41 54 55 60 68 69
 41 43 56 60
 41 43 54 55 60
 39 41 60
 39 40 60
 39 40 60 66
 39 40 60 64 65
 39 40 56 60 70
 39 40 56 60 68 69
 39 40 54 55 60 70
 39 40 54 55 60 68 69
 39 40 43 56 60
 39 40 43 54 55 60
 37 43 60
 37 41 60
 37 41 56 60 70
 37 41 56 60 68 69
 37 41 56 58 60 70
 37 41 56 58 60 68 69
 37 41 54 55 60 70
 37 41 54 55 60 68 69
 37 41 54 55 58 60 70
 37 41 54 55 58 60 68 69
 37 41 43 56 60
 37 41 43 56 58 60
 37 41 43 54 55 60
 37 41 43 54 55 58 60
 37 41 42 60
 37 39 40 60
 37 39 40 56 60 70
 37 39 40 56 60 68 69
 37 39 40 56 58 60 70
 37 39 40 56 58 60 68 69
 37 39 40 54 55 60 70
 37 39 40 54 55 60 68 69
 37 39 40 54 55 58 60 70
 37 39 40 54 55 58 60 68 69
 37 39 40 43 56 60
 37 39 40 43 56 58 60
 37 39 40 43 54 55 60
 37 39 40 43 54 55 58 60
 29 41 60 70
 29 41 60 68 69
 29 41 43 60
 29 39 40 60 70
 29 39 40 60 68 69
 29 39 40 43 60
 29 37 41 60 70
 29 37 41 60 68 69
 29 37 41 58 60 70
 29 37 41 58 60 68 69
 29 37 41 43 60
 29 37 41 43 58 60
 29 37 39 40 60 70
 29 37 39 40 60 68 69
 29 37 39 40 58 60 70
 29 37 39 40 58 60 68 69
 29 37 39 40 43 60
 29 37 39 40 43 58 60
 16 37 60
 14 60 66
 14 60 64 65
 14 56 60 70
 14 56 60 68 69
 14 54 55 60 70
 14 54 55 60 68 69
 14 43 56 60
 14 43 54 55 60
 14 39 60
 14 37 60
 14 37 56 60 70
 14 37 56 60 68 69
 14 37 56 58 60 70
 14 37 56 58 60 68 69
 14 37 54 55 60 70
 14 37 54 55 60 68 69
 14 37 54 55 58 60 70
 14 37 54 55 58 60 68 69
 14 37 43 56 60
 14 37 43 56 58 60
 14 37 43 54 55 60
 14 37 43 54 55 58 60
 14 29 60 70
 14 29 60 68 69
 14 29 43 60
 14 29 37 60 70
 14 29 37 60 68 69
 14 29 37 58 60 70
 14 29 37 58 60 68 69
 14 29 37 43 60
 14 29 37 43 58 60
