 41 57 58 72
 41 57 58 70 71
 41 56 57 72
 41 56 57 70 71
 41 54 58 72
 41 54 58 70 71
 41 54 56 57 58 72
 41 54 56 57 58 70 71
 41 52 53 58 72
 41 52 53 58 70 71
 41 52 53 56 57 58 72
 41 52 53 56 57 58 70 71
 41 45 57 58
 41 45 56 57
 41 45 54 58
 41 45 54 56 57 58
 41 45 52 53 58
 41 45 52 53 56 57 58
 39 40 57 58 72
 39 40 57 58 70 71
 39 40 56 57 72
 39 40 56 57 70 71
 39 40 54 58 72
 39 40 54 58 70 71
 39 40 54 56 57 58 72
 39 40 54 56 57 58 70 71
 39 40 52 53 58 72
 39 40 52 53 58 70 71
 39 40 52 53 56 57 58 72
 39 40 52 53 56 57 58 70 71
 39 40 45 57 58
 39 40 45 56 57
 39 40 45 54 58
 39 40 45 54 56 57 58
 39 40 45 52 53 58
 39 40 45 52 53 56 57 58
 31 41 57 72
 31 41 57 70 71
 31 41 54 58 72
 31 41 54 58 70 71
 31 41 52 53 58 72
 31 41 52 53 58 70 71
 31 41 45 57
 31 41 45 54 58
 31 41 45 52 53 58
 31 39 40 57 72
 31 39 40 57 70 71
 31 39 40 54 58 72
 31 39 40 54 58 70 71
 31 39 40 52 53 58 72
 31 39 40 52 53 58 70 71
 31 39 40 45 57
 31 39 40 45 54 58
 31 39 40 45 52 53 58
 28 58 72
 28 58 70 71
 28 56 57 72
 28 56 57 70 71
 28 45 58
 28 45 56 57
 28 31 72
 28 31 70 71
 28 31 45
 27 41 58 72
 27 41 58 70 71
 27 41 56 57 58 72
 27 41 56 57 58 70 71
 27 41 45 58
 27 41 45 56 57 58
 27 39 40 58 72
 27 39 40 58 70 71
 27 39 40 56 57 58 72
 27 39 40 56 57 58 70 71
 27 39 40 45 58
 27 39 40 45 56 57 58
 27 31 41 58 72
 27 31 41 58 70 71
 27 31 41 45 58
 27 31 39 40 58 72
 27 31 39 40 58 70 71
 27 31 39 40 45 58
 26 27 58 72
 26 27 58 70 71
 26 27 56 57 72
 26 27 56 57 70 71
 26 27 45 58
 26 27 45 56 57
 26 27 31 72
 26 27 31 70 71
 26 27 31 45
 15 41 58 72
 15 41 58 70 71
 15 41 56 57 72
 15 41 56 57 70 71
 15 41 45 58
 15 41 45 56 57
 15 39 40 58 72
 15 39 40 58 70 71
 15 39 40 56 57 72
 15 39 40 56 57 70 71
 15 39 40 45 58
 15 39 40 45 56 57
 15 31 41 72
 15 31 41 70 71
 15 31 41 45
 15 31 39 40 72
 15 31 39 40 70 71
 15 31 39 40 45
 14 57 58 72
 14 57 58 70 71
 14 56 57 72
 14 56 57 70 71
 14 54 58 72
 14 54 58 70 71
 14 54 56 57 58 72
 14 54 56 57 58 70 71
 14 52 53 58 72
 14 52 53 58 70 71
 14 52 53 56 57 58 72
 14 52 53 56 57 58 70 71
 14 45 57 58
 14 45 56 57
 14 45 54 58
 14 45 54 56 57 58
 14 45 52 53 58
 14 45 52 53 56 57 58
 14 31 57 72
 14 31 57 70 71
 14 31 54 58 72
 14 31 54 58 70 71
 14 31 52 53 58 72
 14 31 52 53 58 70 71
 14 31 45 57
 14 31 45 54 58
 14 31 45 52 53 58
 14 27 58 72
 14 27 58 70 71
 14 27 56 57 58 72
 14 27 56 57 58 70 71
 14 27 45 58
 14 27 45 56 57 58
 14 27 31 58 72
 14 27 31 58 70 71
 14 27 31 45 58
 14 15 58 72
 14 15 58 70 71
 14 15 56 57 72
 14 15 56 57 70 71
 14 15 45 58
 14 15 45 56 57
 14 15 31 72
 14 15 31 70 71
 14 15 31 45
 13 14 58 72
 13 14 58 70 71
 13 14 56 57 72
 13 14 56 57 70 71
 13 14 45 58
 13 14 45 56 57
 13 14 41 58 72
 13 14 41 58 70 71
 13 14 41 56 57 72
 13 14 41 56 57 70 71
 13 14 41 45 58
 13 14 41 45 56 57
 13 14 39 40 58 72
 13 14 39 40 58 70 71
 13 14 39 40 56 57 72
 13 14 39 40 56 57 70 71
 13 14 39 40 45 58
 13 14 39 40 45 56 57
 13 14 31 72
 13 14 31 70 71
 13 14 31 45
 13 14 31 41 72
 13 14 31 41 70 71
 13 14 31 41 45
 13 14 31 39 40 72
 13 14 31 39 40 70 71
 13 14 31 39 40 45
 1 58 72
 1 58 70 71
 1 56 57 72
 1 56 57 70 71
 1 45 58
 1 45 56 57
 1 31 72
 1 31 70 71
 1 31 45
