 60 66 72
 60 66 70 71
 60 64 65 72
 60 64 65 70 71
 58 60 70
 58 60 68 69
 56 57 60 70
 56 57 60 68 69
 45 60 66
 45 60 64 65
 43 58 60
 43 56 57 60
 39 60 72
 39 60 70 71
 39 45 60
 37 53 60 72
 37 53 60 70 71
 37 53 56 60 70
 37 53 56 60 68 69
 37 53 54 55 60 70
 37 53 54 55 60 68 69
 37 51 52 60 72
 37 51 52 60 70 71
 37 51 52 56 60 70
 37 51 52 56 60 68 69
 37 51 52 54 55 60 70
 37 51 52 54 55 60 68 69
 37 45 53 60
 37 45 51 52 60
 37 43 53 56 60
 37 43 53 54 55 60
 37 43 51 52 56 60
 37 43 51 52 54 55 60
 31 60 70
 31 60 68 69
 31 43 60
 29 37 53 60 70
 29 37 53 60 68 69
 29 37 51 52 60 70
 29 37 51 52 60 68 69
 29 37 43 53 60
 29 37 43 51 52 60
 28 58 60 66 72
 28 58 60 66 70 71
 28 58 60 64 65 72
 28 58 60 64 65 70 71
 28 56 58 60 66 70
 28 56 58 60 66 68 69
 28 56 58 60 64 65 70
 28 56 58 60 64 65 68 69
 28 54 55 58 60 66 70
 28 54 55 58 60 66 68 69
 28 54 55 58 60 64 65 70
 28 54 55 58 60 64 65 68 69
 28 45 58 60 66
 28 45 58 60 64 65
 28 43 56 58 60 66
 28 43 56 58 60 64 65
 28 43 54 55 58 60 66
 28 43 54 55 58 60 64 65
 28 39 58 60 72
 28 39 58 60 70 71
 28 39 56 58 60 70
 28 39 56 58 60 68 69
 28 39 54 55 58 60 70
 28 39 54 55 58 60 68 69
 28 39 45 58 60
 28 39 43 56 58 60
 28 39 43 54 55 58 60
 28 37 58
 28 37 58 60 70
 28 37 58 60 68 69
 28 37 56 57 60 70
 28 37 56 57 60 68 69
 28 37 43 58 60
 28 37 43 56 57 60
 28 31 37 60 70
 28 31 37 60 68 69
 28 31 37 43 60
 28 29 58 60 66 70
 28 29 58 60 66 68 69
 28 29 58 60 64 65 70
 28 29 58 60 64 65 68 69
 28 29 43 58 60 66
 28 29 43 58 60 64 65
 28 29 39 58 60 70
 28 29 39 58 60 68 69
 28 29 39 43 58 60
 26 37 60 72
 26 37 60 70 71
 26 37 56 60 70
 26 37 56 60 68 69
 26 37 54 55 60 70
 26 37 54 55 60 68 69
 26 37 45 60
 26 37 43 56 60
 26 37 43 54 55 60
 26 29 37 60 70
 26 29 37 60 68 69
 26 29 37 43 60
 26 27 58 60 66 72
 26 27 58 60 66 70 71
 26 27 58 60 64 65 72
 26 27 58 60 64 65 70 71
 26 27 56 58 60 66 70
 26 27 56 58 60 66 68 69
 26 27 56 58 60 64 65 70
 26 27 56 58 60 64 65 68 69
 26 27 54 55 58 60 66 70
 26 27 54 55 58 60 66 68 69
 26 27 54 55 58 60 64 65 70
 26 27 54 55 58 60 64 65 68 69
 26 27 45 58 60 66
 26 27 45 58 60 64 65
 26 27 43 56 58 60 66
 26 27 43 56 58 60 64 65
 26 27 43 54 55 58 60 66
 26 27 43 54 55 58 60 64 65
 26 27 39 58 60 72
 26 27 39 58 60 70 71
 26 27 39 56 58 60 70
 26 27 39 56 58 60 68 69
 26 27 39 54 55 58 60 70
 26 27 39 54 55 58 60 68 69
 26 27 39 45 58 60
 26 27 39 43 56 58 60
 26 27 39 43 54 55 58 60
 26 27 37 58
 26 27 37 58 60 70
 26 27 37 58 60 68 69
 26 27 37 56 57 60 70
 26 27 37 56 57 60 68 69
 26 27 37 43 58 60
 26 27 37 43 56 57 60
 26 27 31 37 60 70
 26 27 31 37 60 68 69
 26 27 31 37 43 60
 26 27 29 58 60 66 70
 26 27 29 58 60 66 68 69
 26 27 29 58 60 64 65 70
 26 27 29 58 60 64 65 68 69
 26 27 29 43 58 60 66
 26 27 29 43 58 60 64 65
 26 27 29 39 58 60 70
 26 27 29 39 58 60 68 69
 26 27 29 39 43 58 60
 1 58 60 66 72
 1 58 60 66 70 71
 1 58 60 64 65 72
 1 58 60 64 65 70 71
 1 56 58 60 66 70
 1 56 58 60 66 68 69
 1 56 58 60 64 65 70
 1 56 58 60 64 65 68 69
 1 54 55 58 60 66 70
 1 54 55 58 60 66 68 69
 1 54 55 58 60 64 65 70
 1 54 55 58 60 64 65 68 69
 1 45 58 60 66
 1 45 58 60 64 65
 1 43 56 58 60 66
 1 43 56 58 60 64 65
 1 43 54 55 58 60 66
 1 43 54 55 58 60 64 65
 1 39 58 60 72
 1 39 58 60 70 71
 1 39 56 58 60 70
 1 39 56 58 60 68 69
 1 39 54 55 58 60 70
 1 39 54 55 58 60 68 69
 1 39 45 58 60
 1 39 43 56 58 60
 1 39 43 54 55 58 60
 1 37 58
 1 37 58 60 70
 1 37 58 60 68 69
 1 37 56 57 60 70
 1 37 56 57 60 68 69
 1 37 43 58 60
 1 37 43 56 57 60
 1 31 37 60 70
 1 31 37 60 68 69
 1 31 37 43 60
 1 29 58 60 66 70
 1 29 58 60 66 68 69
 1 29 58 60 64 65 70
 1 29 58 60 64 65 68 69
 1 29 43 58 60 66
 1 29 43 58 60 64 65
 1 29 39 58 60 70
 1 29 39 58 60 68 69
 1 29 39 43 58 60
