 57 60 70
 57 60 69 70
 57 60 67 68 70
 57 60 67 68 69
 57 60 64 70
 57 60 64 68 69
 57 60 62 63 70
 57 60 62 63 68 69
 57 58 70
 57 58 68 69
 57 58 60 72
 57 58 60 70 71
 56 57 60 72
 56 57 60 70 71
 56 57 59 60 70
 56 57 59 60 68 69
 56 57 58 60 70
 56 57 58 60 68 69
 47 58 70
 47 58 68 69
 47 56 58 70
 47 56 58 68 69
 47 55 58 70
 47 55 58 68 69
 45 58 64 70
 45 58 64 68 69
 45 57 60 70
 45 57 60 68 69
 45 57 58 70
 45 57 58 68 69
 45 57 58 60
 45 56 57 60
 45 55 58 70
 45 55 58 68 69
 45 46 58 70
 45 46 58 68 69
 45 46 56 58 70
 45 46 56 58 68 69
 45 46 55 58 70
 45 46 55 58 68 69
 43 57 60
 43 57 60 69
 43 57 60 67 68
 43 57 60 64
 43 57 60 62 63
 43 57 58
 43 57 58 72
 43 57 58 70 71
 43 56 57 59 60
 43 56 57 58 72
 43 56 57 58 70 71
 43 56 57 58 60
 43 47 58
 43 47 56 58
 43 47 55 58
 43 45 58 64
 43 45 57 60
 43 45 56 57 58
 43 45 55 58
 43 45 46 58
 43 45 46 56 58
 43 45 46 55 58
 43 44 58 64
 43 44 58 64 70
 43 44 58 64 68 69
 43 44 57 60
 43 44 57 60 70
 43 44 57 60 68 69
 43 44 57 58
 43 44 57 58 70
 43 44 57 58 68 69
 43 44 55 58
 43 44 55 58 70
 43 44 55 58 68 69
 42 57 60 70
 42 57 60 68 69
 42 57 58 60 72
 42 57 58 60 70 71
 42 56 57 60 72
 42 56 57 60 70 71
 42 45 58 70
 42 45 58 68 69
 42 45 57 58 70
 42 45 57 58 68 69
 42 45 57 58 60
 42 45 56 57 60
 42 43 57 60
 42 43 57 58 72
 42 43 57 58 70 71
 42 43 56 57 58 72
 42 43 56 57 58 70 71
 42 43 45 58
 42 43 45 57 58
 42 43 45 57 58 70
 42 43 45 57 58 68 69
 42 43 45 56 57 58
 42 43 44 58
 42 43 44 58 70
 42 43 44 58 68 69
 41 42 45 57 58 70
 41 42 45 57 58 68 69
 41 42 43 45 57 58
 41 42 43 44 57 58
 41 42 43 44 57 58 70
 41 42 43 44 57 58 68 69
 40 60 72
 40 60 70 71
 40 58
 40 58 72
 40 58 70 71
 40 58 59
 40 57 58
 40 57 58 60 72
 40 57 58 60 70 71
 40 56 60 70
 40 56 60 68 69
 40 56 58 70
 40 56 58 68 69
 40 56 57 60 72
 40 56 57 60 70 71
 40 54 55 60 70
 40 54 55 60 68 69
 40 54 55 58 70
 40 54 55 58 68 69
 40 45 60
 40 45 60 64
 40 45 60 62 63
 40 45 58
 40 45 58 64
 40 45 58 62 63
 40 45 57 58 64
 40 45 57 58 62 63
 40 45 57 58 60
 40 45 56 57 60
 40 43 57 58 72
 40 43 57 58 70 71
 40 43 56 60
 40 43 56 58
 40 43 56 57 58 72
 40 43 56 57 58 70 71
 40 43 54 55 60
 40 43 54 55 58
 40 43 45 57 58
 40 43 45 56 57 58
 40 43 44 60 64
 40 43 44 60 62 63
 40 43 44 58 64
 40 43 44 58 62 63
 40 43 44 57 58 64
 40 43 44 57 58 62 63
 40 41 57 58 60 72
 40 41 57 58 60 70 71
 40 41 56 57 60 72
 40 41 56 57 60 70 71
 40 41 45 58 70
 40 41 45 58 68 69
 40 41 45 57 58 70
 40 41 45 57 58 68 69
 40 41 45 57 58 60
 40 41 45 56 57 60
 40 41 43 57 58 72
 40 41 43 57 58 70 71
 40 41 43 56 57 58 72
 40 41 43 56 57 58 70 71
 40 41 43 45 58
 40 41 43 45 57 58
 40 41 43 45 57 58 70
 40 41 43 45 57 58 68 69
 40 41 43 45 56 57 58
 40 41 43 44 58
 40 41 43 44 58 70
 40 41 43 44 58 68 69
 40 41 42 45 57 58 70
 40 41 42 45 57 58 68 69
 40 41 42 43 45 57 58
 40 41 42 43 44 57 58
 40 41 42 43 44 57 58 70
 40 41 42 43 44 57 58 68 69
 38 39 60 72
 38 39 60 70 71
 38 39 58
 38 39 58 72
 38 39 58 70 71
 38 39 58 59
 38 39 57 58
 38 39 57 58 60 72
 38 39 57 58 60 70 71
 38 39 56 60 70
 38 39 56 60 68 69
 38 39 56 58 70
 38 39 56 58 68 69
 38 39 56 57 60 72
 38 39 56 57 60 70 71
 38 39 54 55 60 70
 38 39 54 55 60 68 69
 38 39 54 55 58 70
 38 39 54 55 58 68 69
 38 39 45 60
 38 39 45 60 64
 38 39 45 60 62 63
 38 39 45 58
 38 39 45 58 64
 38 39 45 58 62 63
 38 39 45 57 58 64
 38 39 45 57 58 62 63
 38 39 45 57 58 60
 38 39 45 56 57 60
 38 39 43 57 58 72
 38 39 43 57 58 70 71
 38 39 43 56 60
 38 39 43 56 58
 38 39 43 56 57 58 72
 38 39 43 56 57 58 70 71
 38 39 43 54 55 60
 38 39 43 54 55 58
 38 39 43 45 57 58
 38 39 43 45 56 57 58
 38 39 43 44 60 64
 38 39 43 44 60 62 63
 38 39 43 44 58 64
 38 39 43 44 58 62 63
 38 39 43 44 57 58 64
 38 39 43 44 57 58 62 63
 38 39 41 42 57 58 72
 38 39 41 42 57 58 70 71
 38 39 41 42 56 57 58 72
 38 39 41 42 56 57 58 70 71
 38 39 41 42 45 57 58
 38 39 41 42 45 56 57 58
 37 57 60 70
 37 57 60 68
 37 57 60 68 69
 37 57 58 60 72
 37 57 58 60 70 71
 37 56 60 70
 37 56 60 68 69
 37 56 57 60 72
 37 56 57 60 70
 37 56 57 60 70 71
 37 56 57 60 68 69
 37 45 57 58 60
 37 45 56 57 60
 37 43 57 60
 37 43 57 58 72
 37 43 57 58 70 71
 37 43 57 58 68
 37 43 56 60
 37 43 56 57 60
 37 43 56 57 58 72
 37 43 56 57 58 70 71
 37 43 45 57 58
 37 43 45 56 57 58
 37 41 42 57 58 72
 37 41 42 57 58 70 71
 37 41 42 57 58 68
 37 41 42 56 57 58 72
 37 41 42 56 57 58 70 71
 37 41 42 45 57 58
 37 41 42 45 56 57 58
 37 40 60 72
 37 40 60 70 71
 37 40 56 60 70
 37 40 56 60 68 69
 37 40 54 55 60 70
 37 40 54 55 60 68 69
 37 40 45 58
 37 40 45 57 58
 37 40 43 56 60
 37 40 43 54 55 60
 37 40 43 44 60
 37 40 43 44 58
 37 40 43 44 57 58
 37 38 39 60 72
 37 38 39 60 70 71
 37 38 39 56 60 70
 37 38 39 56 60 68 69
 37 38 39 54 55 60 70
 37 38 39 54 55 60 68 69
 37 38 39 45 58
 37 38 39 45 57 58
 37 38 39 43 56 60
 37 38 39 43 54 55 60
 37 38 39 43 44 60
 37 38 39 43 44 58
 37 38 39 43 44 57 58
 35 57 60 70
 35 57 60 68 69
 35 57 58 70
 35 57 58 68 69
 35 57 58 59 70
 35 57 58 59 68 69
 35 43 58
 35 43 58 70
 35 43 58 68 69
 35 43 57 60
 35 43 57 58
 35 43 57 58 59
 35 41 42 58 70
 35 41 42 58 68 69
 35 41 42 43 58
 33 57 60 70
 33 57 60 68 69
 33 43 57 60
 33 35 57 70
 33 35 57 68 69
 33 35 43 57
 32 57 58 60 70
 32 57 58 60 68 69
 32 56 57 60 70
 32 56 57 60 68 69
 32 43 57 58 60
 32 43 56 57 60
 31 57 60 72
 31 57 60 70
 31 57 60 70 71
 31 57 60 68 69
 31 57 59 60 70
 31 57 59 60 68 69
 31 57 58 60 70
 31 57 58 60 68 69
 31 45 57 60
 31 43 57 60
 31 43 57 59 60
 31 43 57 58 72
 31 43 57 58 70 71
 31 43 57 58 60
 31 43 45 57 58
 31 42 57 60 72
 31 42 57 60 70 71
 31 42 45 57 60
 31 42 43 57 58 72
 31 42 43 57 58 70 71
 31 42 43 45 57 58
 31 40 57 60 72
 31 40 57 60 70 71
 31 40 45 57 60
 31 40 43 57 58 72
 31 40 43 57 58 70 71
 31 40 43 45 57 58
 31 40 41 57 60 72
 31 40 41 57 60 70 71
 31 40 41 45 57 60
 31 40 41 43 57 58 72
 31 40 41 43 57 58 70 71
 31 40 41 43 45 57 58
 31 38 39 57 60 72
 31 38 39 57 60 70 71
 31 38 39 45 57 60
 31 38 39 43 57 58 72
 31 38 39 43 57 58 70 71
 31 38 39 43 45 57 58
 31 38 39 41 42 57 58 72
 31 38 39 41 42 57 58 70 71
 31 38 39 41 42 45 57 58
 31 37 57 60 72
 31 37 57 60 70 71
 31 37 45 57 60
 31 37 43 57 58 72
 31 37 43 57 58 70 71
 31 37 43 45 57 58
 31 37 41 42 57 58 72
 31 37 41 42 57 58 70 71
 31 37 41 42 45 57 58
 31 32 57 60 70
 31 32 57 60 68 69
 31 32 43 57 60
 29 40 60 70
 29 40 60 68 69
 29 40 58 70
 29 40 58 68 69
 29 40 43 60
 29 40 43 58
 29 38 39 60 70
 29 38 39 60 68 69
 29 38 39 58 70
 29 38 39 58 68 69
 29 38 39 43 60
 29 38 39 43 58
 29 37 40 60 70
 29 37 40 60 68 69
 29 37 40 43 60
 29 37 38 39 60 70
 29 37 38 39 60 68 69
 29 37 38 39 43 60
 28 58
 28 57 58 60 72
 28 57 58 60 70 71
 28 56 57 60 72
 28 56 57 60 70 71
 28 47 60 64 70
 28 47 60 64 68 69
 28 47 60 62 63 70
 28 47 60 62 63 68 69
 28 47 57 60 64 70
 28 47 57 60 64 68 69
 28 47 57 60 62 63 70
 28 47 57 60 62 63 68 69
 28 45 57 58 60
 28 45 56 57 60
 28 45 46 60 64 70
 28 45 46 60 64 68 69
 28 45 46 60 62 63 70
 28 45 46 60 62 63 68 69
 28 45 46 57 60 64 70
 28 45 46 57 60 64 68 69
 28 45 46 57 60 62 63 70
 28 45 46 57 60 62 63 68 69
 28 43 57 58 72
 28 43 57 58 70 71
 28 43 56 57 58 72
 28 43 56 57 58 70 71
 28 43 47 60 64
 28 43 47 60 62 63
 28 43 47 57 60 64
 28 43 47 57 60 62 63
 28 43 45 57 58
 28 43 45 56 57 58
 28 43 45 46 60 64
 28 43 45 46 60 62 63
 28 43 45 46 57 60 64
 28 43 45 46 57 60 62 63
 28 41 42 57 58 72
 28 41 42 57 58 70 71
 28 41 42 56 57 58 72
 28 41 42 56 57 58 70 71
 28 41 42 45 57 58
 28 41 42 45 56 57 58
 28 40 57 58 60 72
 28 40 57 58 60 70 71
 28 40 56 57 60 72
 28 40 56 57 60 70 71
 28 40 47 58
 28 40 47 58 60
 28 40 45 57 58 60
 28 40 45 56 57 60
 28 40 45 46 58
 28 40 45 46 58 60
 28 40 43 57 58 72
 28 40 43 57 58 70 71
 28 40 43 56 57 58 72
 28 40 43 56 57 58 70 71
 28 40 43 45 57 58
 28 40 43 45 56 57 58
 28 40 41 42 57 58 72
 28 40 41 42 57 58 70 71
 28 40 41 42 56 57 58 72
 28 40 41 42 56 57 58 70 71
 28 40 41 42 45 57 58
 28 40 41 42 45 56 57 58
 28 38 39 57 58 60 72
 28 38 39 57 58 60 70 71
 28 38 39 56 57 60 72
 28 38 39 56 57 60 70 71
 28 38 39 47 58
 28 38 39 47 58 60
 28 38 39 45 57 58 60
 28 38 39 45 56 57 60
 28 38 39 45 46 58
 28 38 39 45 46 58 60
 28 38 39 43 57 58 72
 28 38 39 43 57 58 70 71
 28 38 39 43 56 57 58 72
 28 38 39 43 56 57 58 70 71
 28 38 39 43 45 57 58
 28 38 39 43 45 56 57 58
 28 38 39 41 42 57 58 72
 28 38 39 41 42 57 58 70 71
 28 38 39 41 42 56 57 58 72
 28 38 39 41 42 56 57 58 70 71
 28 38 39 41 42 45 57 58
 28 38 39 41 42 45 56 57 58
 28 37 57 60
 28 37 47 60 70
 28 37 47 60 68 69
 28 37 47 57 60 70
 28 37 47 57 60 68 69
 28 37 45 46 60 70
 28 37 45 46 60 68 69
 28 37 45 46 57 60 70
 28 37 45 46 57 60 68 69
 28 37 43 47 60
 28 37 43 47 57 60
 28 37 43 45 46 60
 28 37 43 45 46 57 60
 28 35 60 70
 28 35 60 68 69
 28 35 58 59 70
 28 35 58 59 68 69
 28 35 43 60
 28 35 43 58 59
 28 33 35 70
 28 33 35 68 69
 28 33 35 43
 28 31 57 60 72
 28 31 57 60 70 71
 28 31 45 57 60
 28 31 43 57 58 72
 28 31 43 57 58 70 71
 28 31 43 45 57 58
 28 31 41 42 57 58 72
 28 31 41 42 57 58 70 71
 28 31 41 42 45 57 58
 28 31 40 57 60 72
 28 31 40 57 60 70 71
 28 31 40 45 57 60
 28 31 40 43 57 58 72
 28 31 40 43 57 58 70 71
 28 31 40 43 45 57 58
 28 31 40 41 42 57 58 72
 28 31 40 41 42 57 58 70 71
 28 31 40 41 42 45 57 58
 28 31 38 39 57 60 72
 28 31 38 39 57 60 70 71
 28 31 38 39 45 57 60
 28 31 38 39 43 57 58 72
 28 31 38 39 43 57 58 70 71
 28 31 38 39 43 45 57 58
 28 31 38 39 41 42 57 58 72
 28 31 38 39 41 42 57 58 70 71
 28 31 38 39 41 42 45 57 58
 26 37 57 60
 26 37 43 57 58
 26 37 41 42 57 58
 26 27 58
 26 27 57 58 60 72
 26 27 57 58 60 70 71
 26 27 56 57 60 72
 26 27 56 57 60 70 71
 26 27 47 60 64 70
 26 27 47 60 64 68 69
 26 27 47 60 62 63 70
 26 27 47 60 62 63 68 69
 26 27 47 57 60 64 70
 26 27 47 57 60 64 68 69
 26 27 47 57 60 62 63 70
 26 27 47 57 60 62 63 68 69
 26 27 45 57 58 60
 26 27 45 56 57 60
 26 27 45 46 60 64 70
 26 27 45 46 60 64 68 69
 26 27 45 46 60 62 63 70
 26 27 45 46 60 62 63 68 69
 26 27 45 46 57 60 64 70
 26 27 45 46 57 60 64 68 69
 26 27 45 46 57 60 62 63 70
 26 27 45 46 57 60 62 63 68 69
 26 27 43 57 58 72
 26 27 43 57 58 70 71
 26 27 43 56 57 58 72
 26 27 43 56 57 58 70 71
 26 27 43 47 60 64
 26 27 43 47 60 62 63
 26 27 43 47 57 60 64
 26 27 43 47 57 60 62 63
 26 27 43 45 57 58
 26 27 43 45 56 57 58
 26 27 43 45 46 60 64
 26 27 43 45 46 60 62 63
 26 27 43 45 46 57 60 64
 26 27 43 45 46 57 60 62 63
 26 27 41 42 57 58 72
 26 27 41 42 57 58 70 71
 26 27 41 42 56 57 58 72
 26 27 41 42 56 57 58 70 71
 26 27 41 42 45 57 58
 26 27 41 42 45 56 57 58
 26 27 40 57 58 60 72
 26 27 40 57 58 60 70 71
 26 27 40 56 57 60 72
 26 27 40 56 57 60 70 71
 26 27 40 47 58
 26 27 40 47 58 60
 26 27 40 45 57 58 60
 26 27 40 45 56 57 60
 26 27 40 45 46 58
 26 27 40 45 46 58 60
 26 27 40 43 57 58 72
 26 27 40 43 57 58 70 71
 26 27 40 43 56 57 58 72
 26 27 40 43 56 57 58 70 71
 26 27 40 43 45 57 58
 26 27 40 43 45 56 57 58
 26 27 40 41 42 57 58 72
 26 27 40 41 42 57 58 70 71
 26 27 40 41 42 56 57 58 72
 26 27 40 41 42 56 57 58 70 71
 26 27 40 41 42 45 57 58
 26 27 40 41 42 45 56 57 58
 26 27 38 39 57 58 60 72
 26 27 38 39 57 58 60 70 71
 26 27 38 39 56 57 60 72
 26 27 38 39 56 57 60 70 71
 26 27 38 39 47 58
 26 27 38 39 47 58 60
 26 27 38 39 45 57 58 60
 26 27 38 39 45 56 57 60
 26 27 38 39 45 46 58
 26 27 38 39 45 46 58 60
 26 27 38 39 43 57 58 72
 26 27 38 39 43 57 58 70 71
 26 27 38 39 43 56 57 58 72
 26 27 38 39 43 56 57 58 70 71
 26 27 38 39 43 45 57 58
 26 27 38 39 43 45 56 57 58
 26 27 38 39 41 42 57 58 72
 26 27 38 39 41 42 57 58 70 71
 26 27 38 39 41 42 56 57 58 72
 26 27 38 39 41 42 56 57 58 70 71
 26 27 38 39 41 42 45 57 58
 26 27 38 39 41 42 45 56 57 58
 26 27 37 57 60
 26 27 37 47 60 70
 26 27 37 47 60 68 69
 26 27 37 47 57 60 70
 26 27 37 47 57 60 68 69
 26 27 37 45 46 60 70
 26 27 37 45 46 60 68 69
 26 27 37 45 46 57 60 70
 26 27 37 45 46 57 60 68 69
 26 27 37 43 47 60
 26 27 37 43 47 57 60
 26 27 37 43 45 46 60
 26 27 37 43 45 46 57 60
 26 27 35 60 70
 26 27 35 60 68 69
 26 27 35 58 59 70
 26 27 35 58 59 68 69
 26 27 35 43 60
 26 27 35 43 58 59
 26 27 33 35 70
 26 27 33 35 68 69
 26 27 33 35 43
 26 27 31 57 60 72
 26 27 31 57 60 70 71
 26 27 31 45 57 60
 26 27 31 43 57 58 72
 26 27 31 43 57 58 70 71
 26 27 31 43 45 57 58
 26 27 31 41 42 57 58 72
 26 27 31 41 42 57 58 70 71
 26 27 31 41 42 45 57 58
 26 27 31 40 57 60 72
 26 27 31 40 57 60 70 71
 26 27 31 40 45 57 60
 26 27 31 40 43 57 58 72
 26 27 31 40 43 57 58 70 71
 26 27 31 40 43 45 57 58
 26 27 31 40 41 42 57 58 72
 26 27 31 40 41 42 57 58 70 71
 26 27 31 40 41 42 45 57 58
 26 27 31 38 39 57 60 72
 26 27 31 38 39 57 60 70 71
 26 27 31 38 39 45 57 60
 26 27 31 38 39 43 57 58 72
 26 27 31 38 39 43 57 58 70 71
 26 27 31 38 39 43 45 57 58
 26 27 31 38 39 41 42 57 58 72
 26 27 31 38 39 41 42 57 58 70 71
 26 27 31 38 39 41 42 45 57 58
 24 57 60 70
 24 57 60 68 69
 24 57 58 59 70
 24 57 58 59 68 69
 24 43 57 60
 24 43 57 58 59
 24 33 57 70
 24 33 57 68 69
 24 33 43 57
 24 25 37 57 60
 24 25 37 43 57 58
 24 25 37 41 42 57 58
 20 58 70
 20 58 68 69
 20 56 58 70
 20 56 58 68 69
 20 55 58 70
 20 55 58 68 69
 20 43 58
 20 43 56 58
 20 43 55 58
 20 28 60 64 70
 20 28 60 64 68 69
 20 28 60 62 63 70
 20 28 60 62 63 68 69
 20 28 57 60 64 70
 20 28 57 60 64 68 69
 20 28 57 60 62 63 70
 20 28 57 60 62 63 68 69
 20 28 43 60 64
 20 28 43 60 62 63
 20 28 43 57 60 64
 20 28 43 57 60 62 63
 20 28 40 58
 20 28 40 58 60
 20 28 38 39 58
 20 28 38 39 58 60
 20 28 37 60 70
 20 28 37 60 68 69
 20 28 37 57 60 70
 20 28 37 57 60 68 69
 20 28 37 43 60
 20 28 37 43 57 60
 20 26 27 60 64 70
 20 26 27 60 64 68 69
 20 26 27 60 62 63 70
 20 26 27 60 62 63 68 69
 20 26 27 57 60 64 70
 20 26 27 57 60 64 68 69
 20 26 27 57 60 62 63 70
 20 26 27 57 60 62 63 68 69
 20 26 27 43 60 64
 20 26 27 43 60 62 63
 20 26 27 43 57 60 64
 20 26 27 43 57 60 62 63
 20 26 27 40 58
 20 26 27 40 58 60
 20 26 27 38 39 58
 20 26 27 38 39 58 60
 20 26 27 37 60 70
 20 26 27 37 60 68 69
 20 26 27 37 57 60 70
 20 26 27 37 57 60 68 69
 20 26 27 37 43 60
 20 26 27 37 43 57 60
 18 58 64 70
 18 58 64 68 69
 18 57 60 70
 18 57 60 68 69
 18 57 58 70
 18 57 58 68 69
 18 55 58 70
 18 55 58 68 69
 18 43 58 64
 18 43 57 60
 18 43 57 58
 18 43 55 58
 18 42 58 70
 18 42 58 68 69
 18 42 57 58 70
 18 42 57 58 68 69
 18 42 43 58
 18 42 43 57 58 70
 18 42 43 57 58 68 69
 18 41 42 57 58 70
 18 41 42 57 58 68 69
 18 41 42 43 57 58
 18 40 60 64
 18 40 60 62 63
 18 40 58 64
 18 40 58 62 63
 18 40 57 58 64
 18 40 57 58 62 63
 18 40 41 58 70
 18 40 41 58 68 69
 18 40 41 57 58 70
 18 40 41 57 58 68 69
 18 40 41 43 58
 18 40 41 43 57 58 70
 18 40 41 43 57 58 68 69
 18 40 41 42 57 58 70
 18 40 41 42 57 58 68 69
 18 40 41 42 43 57 58
 18 38 39 60 64
 18 38 39 60 62 63
 18 38 39 58 64
 18 38 39 58 62 63
 18 38 39 57 58 64
 18 38 39 57 58 62 63
 18 37 40 60
 18 37 40 58
 18 37 40 57 58
 18 37 38 39 60
 18 37 38 39 58
 18 37 38 39 57 58
 17 40 58
 17 38 39 58
 16 57 58 72
 16 57 58 70 71
 16 56 57 58 72
 16 56 57 58 70 71
 16 45 57 58
 16 45 56 57 58
 16 42 57 58 72
 16 42 57 58 70 71
 16 42 56 57 58 72
 16 42 56 57 58 70 71
 16 42 45 57 58
 16 42 45 57 58 70
 16 42 45 57 58 68 69
 16 42 45 56 57 58
 16 42 43 45 57 58
 16 42 43 44 57 58
 16 42 43 44 57 58 70
 16 42 43 44 57 58 68 69
 16 40 57 58 72
 16 40 57 58 70 71
 16 40 56 57 58 72
 16 40 56 57 58 70 71
 16 40 45 57 58
 16 40 45 56 57 58
 16 40 41 57 58 72
 16 40 41 57 58 70 71
 16 40 41 56 57 58 72
 16 40 41 56 57 58 70 71
 16 40 41 45 57 58
 16 40 41 45 57 58 70
 16 40 41 45 57 58 68 69
 16 40 41 45 56 57 58
 16 40 41 43 45 57 58
 16 40 41 43 44 57 58
 16 40 41 43 44 57 58 70
 16 40 41 43 44 57 58 68 69
 16 38 39 57 58 72
 16 38 39 57 58 70 71
 16 38 39 56 57 58 72
 16 38 39 56 57 58 70 71
 16 38 39 45 57 58
 16 38 39 45 56 57 58
 16 37 57 58 72
 16 37 57 58 70 71
 16 37 57 58 68
 16 37 56 57 58 72
 16 37 56 57 58 70 71
 16 37 45 57 58
 16 37 45 56 57 58
 16 35 58 70
 16 35 58 68 69
 16 35 43 58
 16 31 57 58 72
 16 31 57 58 70 71
 16 31 45 57 58
 16 31 42 57 58 72
 16 31 42 57 58 70 71
 16 31 42 45 57 58
 16 31 40 57 58 72
 16 31 40 57 58 70 71
 16 31 40 45 57 58
 16 31 40 41 57 58 72
 16 31 40 41 57 58 70 71
 16 31 40 41 45 57 58
 16 31 38 39 57 58 72
 16 31 38 39 57 58 70 71
 16 31 38 39 45 57 58
 16 31 37 57 58 72
 16 31 37 57 58 70 71
 16 31 37 45 57 58
 16 28 57 58 72
 16 28 57 58 70 71
 16 28 56 57 58 72
 16 28 56 57 58 70 71
 16 28 45 57 58
 16 28 45 56 57 58
 16 28 40 57 58 72
 16 28 40 57 58 70 71
 16 28 40 56 57 58 72
 16 28 40 56 57 58 70 71
 16 28 40 45 57 58
 16 28 40 45 56 57 58
 16 28 38 39 57 58 72
 16 28 38 39 57 58 70 71
 16 28 38 39 56 57 58 72
 16 28 38 39 56 57 58 70 71
 16 28 38 39 45 57 58
 16 28 38 39 45 56 57 58
 16 28 31 57 58 72
 16 28 31 57 58 70 71
 16 28 31 45 57 58
 16 28 31 40 57 58 72
 16 28 31 40 57 58 70 71
 16 28 31 40 45 57 58
 16 28 31 38 39 57 58 72
 16 28 31 38 39 57 58 70 71
 16 28 31 38 39 45 57 58
 16 26 37 57 58
 16 26 27 57 58 72
 16 26 27 57 58 70 71
 16 26 27 56 57 58 72
 16 26 27 56 57 58 70 71
 16 26 27 45 57 58
 16 26 27 45 56 57 58
 16 26 27 40 57 58 72
 16 26 27 40 57 58 70 71
 16 26 27 40 56 57 58 72
 16 26 27 40 56 57 58 70 71
 16 26 27 40 45 57 58
 16 26 27 40 45 56 57 58
 16 26 27 38 39 57 58 72
 16 26 27 38 39 57 58 70 71
 16 26 27 38 39 56 57 58 72
 16 26 27 38 39 56 57 58 70 71
 16 26 27 38 39 45 57 58
 16 26 27 38 39 45 56 57 58
 16 26 27 31 57 58 72
 16 26 27 31 57 58 70 71
 16 26 27 31 45 57 58
 16 26 27 31 40 57 58 72
 16 26 27 31 40 57 58 70 71
 16 26 27 31 40 45 57 58
 16 26 27 31 38 39 57 58 72
 16 26 27 31 38 39 57 58 70 71
 16 26 27 31 38 39 45 57 58
 16 24 25 37 57 58
 16 18 42 57 58 70
 16 18 42 57 58 68 69
 16 18 42 43 57 58
 16 18 40 41 57 58 70
 16 18 40 41 57 58 68 69
 16 18 40 41 43 57 58
 15 60 70
 15 60 69 70
 15 60 67 68 70
 15 60 67 68 69
 15 60 64 70
 15 60 64 68 69
 15 60 62 63 70
 15 60 62 63 68 69
 15 58 70
 15 58 68 69
 15 58 60 70
 15 58 60 68 69
 15 57 58 60 72
 15 57 58 60 70
 15 57 58 60 70 71
 15 57 58 60 68 69
 15 56 60 70
 15 56 60 68 69
 15 56 57 60 72
 15 56 57 60 70
 15 56 57 60 70 71
 15 56 57 60 68 69
 15 56 57 59 60 70
 15 56 57 59 60 68 69
 15 56 57 58 60 70
 15 56 57 58 60 68 69
 15 45 60 70
 15 45 60 68 69
 15 45 58 70
 15 45 58 68 69
 15 45 57 58 70
 15 45 57 58 68 69
 15 45 57 58 60
 15 45 56 57 60
 15 43 60
 15 43 60 69
 15 43 60 67 68
 15 43 60 64
 15 43 60 62 63
 15 43 58
 15 43 58 60
 15 43 57 58 72
 15 43 57 58 70 71
 15 43 57 58 60
 15 43 56 60
 15 43 56 57 60
 15 43 56 57 59 60
 15 43 56 57 58 72
 15 43 56 57 58 70 71
 15 43 56 57 58 60
 15 43 45 60
 15 43 45 58 70
 15 43 45 58 68 69
 15 43 45 57 58
 15 43 45 57 58 70
 15 43 45 57 58 68 69
 15 43 45 56 57 58
 15 43 44 60
 15 43 44 60 70
 15 43 44 60 68 69
 15 42 60 70
 15 42 60 68 69
 15 42 58 60 72
 15 42 58 60 70 71
 15 42 56 57 60 72
 15 42 56 57 60 70 71
 15 42 45 58 70
 15 42 45 58 68 69
 15 42 45 58 60
 15 42 45 56 57 60
 15 42 43 60
 15 42 43 58 72
 15 42 43 58 70 71
 15 42 43 56 57 58 72
 15 42 43 56 57 58 70 71
 15 42 43 45 58
 15 42 43 45 58 70
 15 42 43 45 58 68 69
 15 42 43 45 56 57 58
 15 41 42 58 72
 15 41 42 58 70 71
 15 41 42 57 58 72
 15 41 42 57 58 70 71
 15 41 42 45 58
 15 41 42 45 57 58
 15 41 42 45 57 58 70
 15 41 42 45 57 58 68 69
 15 41 42 43 45 57 58
 15 41 42 43 44 57 58
 15 41 42 43 44 57 58 70
 15 41 42 43 44 57 58 68 69
 15 40 58
 15 40 58 60 72
 15 40 58 60 70 71
 15 40 56 57 60 72
 15 40 56 57 60 70 71
 15 40 45 58 64
 15 40 45 58 62 63
 15 40 45 58 60
 15 40 45 56 57 60
 15 40 43 58 72
 15 40 43 58 70 71
 15 40 43 56 57 58 72
 15 40 43 56 57 58 70 71
 15 40 43 45 58
 15 40 43 45 56 57 58
 15 40 43 44 58 64
 15 40 43 44 58 62 63
 15 40 41 58 60 72
 15 40 41 58 60 70 71
 15 40 41 56 57 60 72
 15 40 41 56 57 60 70 71
 15 40 41 45 58 70
 15 40 41 45 58 68 69
 15 40 41 45 58 60
 15 40 41 45 56 57 60
 15 40 41 43 58 72
 15 40 41 43 58 70 71
 15 40 41 43 56 57 58 72
 15 40 41 43 56 57 58 70 71
 15 40 41 43 45 58
 15 40 41 43 45 58 70
 15 40 41 43 45 58 68 69
 15 40 41 43 45 56 57 58
 15 40 41 42 45 58 70
 15 40 41 42 45 58 68 69
 15 40 41 42 43 45 58
 15 40 41 42 43 44 58
 15 40 41 42 43 44 58 70
 15 40 41 42 43 44 58 68 69
 15 38 39 58
 15 38 39 58 60 72
 15 38 39 58 60 70 71
 15 38 39 56 57 60 72
 15 38 39 56 57 60 70 71
 15 38 39 45 58 64
 15 38 39 45 58 62 63
 15 38 39 45 58 60
 15 38 39 45 56 57 60
 15 38 39 43 58 72
 15 38 39 43 58 70 71
 15 38 39 43 56 57 58 72
 15 38 39 43 56 57 58 70 71
 15 38 39 43 45 58
 15 38 39 43 45 56 57 58
 15 38 39 43 44 58 64
 15 38 39 43 44 58 62 63
 15 38 39 41 42 58 72
 15 38 39 41 42 58 70 71
 15 38 39 41 42 56 57 58 72
 15 38 39 41 42 56 57 58 70 71
 15 38 39 41 42 45 58
 15 38 39 41 42 45 56 57 58
 15 37 60 70
 15 37 60 68
 15 37 60 68 69
 15 37 58 60 72
 15 37 58 60 70 71
 15 37 56 60 70
 15 37 56 60 68 69
 15 37 56 57 60 72
 15 37 56 57 60 70 71
 15 37 45 58 60
 15 37 45 56 57 60
 15 37 43 60
 15 37 43 58 72
 15 37 43 58 70 71
 15 37 43 58 68
 15 37 43 56 60
 15 37 43 56 57 58 72
 15 37 43 56 57 58 70 71
 15 37 43 45 58
 15 37 43 45 56 57 58
 15 37 41 42 58 72
 15 37 41 42 58 70 71
 15 37 41 42 58 68
 15 37 41 42 56 57 58 72
 15 37 41 42 56 57 58 70 71
 15 37 41 42 45 58
 15 37 41 42 45 56 57 58
 15 37 40 45 58
 15 37 40 43 44 58
 15 37 38 39 45 58
 15 37 38 39 43 44 58
 15 35 60 70
 15 35 60 68 69
 15 35 58 70
 15 35 58 68 69
 15 35 58 59 70
 15 35 58 59 68 69
 15 35 43 60
 15 35 43 58
 15 35 43 58 59
 15 33 60 70
 15 33 60 68 69
 15 33 43 60
 15 33 35 70
 15 33 35 68 69
 15 33 35 43
 15 32 58 60 70
 15 32 58 60 68 69
 15 32 56 57 60 70
 15 32 56 57 60 68 69
 15 32 43 58 60
 15 32 43 56 57 60
 15 31 60 70
 15 31 60 68 69
 15 31 59 60 70
 15 31 59 60 68 69
 15 31 57 60 72
 15 31 57 60 70 71
 15 31 57 58 60 70
 15 31 57 58 60 68 69
 15 31 45 57 60
 15 31 43 60
 15 31 43 59 60
 15 31 43 57 58 72
 15 31 43 57 58 70 71
 15 31 43 57 58 60
 15 31 43 45 57 58
 15 31 42 60 72
 15 31 42 60 70 71
 15 31 42 45 60
 15 31 42 43 58 72
 15 31 42 43 58 70 71
 15 31 42 43 45 58
 15 31 41 42 58 72
 15 31 41 42 58 70 71
 15 31 41 42 57 58 72
 15 31 41 42 57 58 70 71
 15 31 41 42 45 58
 15 31 41 42 45 57 58
 15 31 40 60 72
 15 31 40 60 70 71
 15 31 40 45 60
 15 31 40 43 58 72
 15 31 40 43 58 70 71
 15 31 40 43 45 58
 15 31 40 41 60 72
 15 31 40 41 60 70 71
 15 31 40 41 45 60
 15 31 40 41 43 58 72
 15 31 40 41 43 58 70 71
 15 31 40 41 43 45 58
 15 31 38 39 60 72
 15 31 38 39 60 70 71
 15 31 38 39 45 60
 15 31 38 39 43 58 72
 15 31 38 39 43 58 70 71
 15 31 38 39 43 45 58
 15 31 38 39 41 42 58 72
 15 31 38 39 41 42 58 70 71
 15 31 38 39 41 42 45 58
 15 31 37 60 72
 15 31 37 60 70 71
 15 31 37 45 60
 15 31 37 43 58 72
 15 31 37 43 58 70 71
 15 31 37 43 45 58
 15 31 37 41 42 58 72
 15 31 37 41 42 58 70 71
 15 31 37 41 42 45 58
 15 31 32 60 70
 15 31 32 60 68 69
 15 31 32 43 60
 15 28 58 60 72
 15 28 58 60 70 71
 15 28 56 57 60 72
 15 28 56 57 60 70 71
 15 28 47 60 64 70
 15 28 47 60 64 68 69
 15 28 47 60 62 63 70
 15 28 47 60 62 63 68 69
 15 28 45 58 60
 15 28 45 56 57 60
 15 28 45 46 60 64 70
 15 28 45 46 60 64 68 69
 15 28 45 46 60 62 63 70
 15 28 45 46 60 62 63 68 69
 15 28 43 58 72
 15 28 43 58 70 71
 15 28 43 56 57 58 72
 15 28 43 56 57 58 70 71
 15 28 43 47 60 64
 15 28 43 47 60 62 63
 15 28 43 45 58
 15 28 43 45 56 57 58
 15 28 43 45 46 60 64
 15 28 43 45 46 60 62 63
 15 28 41 42 58 72
 15 28 41 42 58 70 71
 15 28 41 42 56 57 58 72
 15 28 41 42 56 57 58 70 71
 15 28 41 42 45 58
 15 28 41 42 45 56 57 58
 15 28 40 58 60 72
 15 28 40 58 60 70 71
 15 28 40 56 57 60 72
 15 28 40 56 57 60 70 71
 15 28 40 45 58 60
 15 28 40 45 56 57 60
 15 28 40 43 58 72
 15 28 40 43 58 70 71
 15 28 40 43 56 57 58 72
 15 28 40 43 56 57 58 70 71
 15 28 40 43 45 58
 15 28 40 43 45 56 57 58
 15 28 40 41 42 58 72
 15 28 40 41 42 58 70 71
 15 28 40 41 42 56 57 58 72
 15 28 40 41 42 56 57 58 70 71
 15 28 40 41 42 45 58
 15 28 40 41 42 45 56 57 58
 15 28 38 39 58 60 72
 15 28 38 39 58 60 70 71
 15 28 38 39 56 57 60 72
 15 28 38 39 56 57 60 70 71
 15 28 38 39 45 58 60
 15 28 38 39 45 56 57 60
 15 28 38 39 43 58 72
 15 28 38 39 43 58 70 71
 15 28 38 39 43 56 57 58 72
 15 28 38 39 43 56 57 58 70 71
 15 28 38 39 43 45 58
 15 28 38 39 43 45 56 57 58
 15 28 38 39 41 42 58 72
 15 28 38 39 41 42 58 70 71
 15 28 38 39 41 42 56 57 58 72
 15 28 38 39 41 42 56 57 58 70 71
 15 28 38 39 41 42 45 58
 15 28 38 39 41 42 45 56 57 58
 15 28 37 60
 15 28 37 47 60 70
 15 28 37 47 60 68 69
 15 28 37 45 46 60 70
 15 28 37 45 46 60 68 69
 15 28 37 43 47 60
 15 28 37 43 45 46 60
 15 28 31 60 72
 15 28 31 60 70 71
 15 28 31 45 60
 15 28 31 43 58 72
 15 28 31 43 58 70 71
 15 28 31 43 45 58
 15 28 31 41 42 58 72
 15 28 31 41 42 58 70 71
 15 28 31 41 42 45 58
 15 28 31 40 60 72
 15 28 31 40 60 70 71
 15 28 31 40 45 60
 15 28 31 40 43 58 72
 15 28 31 40 43 58 70 71
 15 28 31 40 43 45 58
 15 28 31 40 41 42 58 72
 15 28 31 40 41 42 58 70 71
 15 28 31 40 41 42 45 58
 15 28 31 38 39 60 72
 15 28 31 38 39 60 70 71
 15 28 31 38 39 45 60
 15 28 31 38 39 43 58 72
 15 28 31 38 39 43 58 70 71
 15 28 31 38 39 43 45 58
 15 28 31 38 39 41 42 58 72
 15 28 31 38 39 41 42 58 70 71
 15 28 31 38 39 41 42 45 58
 15 26 37 60
 15 26 37 43 58
 15 26 37 41 42 58
 15 26 27 58 60 72
 15 26 27 58 60 70 71
 15 26 27 56 57 60 72
 15 26 27 56 57 60 70 71
 15 26 27 47 60 64 70
 15 26 27 47 60 64 68 69
 15 26 27 47 60 62 63 70
 15 26 27 47 60 62 63 68 69
 15 26 27 45 58 60
 15 26 27 45 56 57 60
 15 26 27 45 46 60 64 70
 15 26 27 45 46 60 64 68 69
 15 26 27 45 46 60 62 63 70
 15 26 27 45 46 60 62 63 68 69
 15 26 27 43 58 72
 15 26 27 43 58 70 71
 15 26 27 43 56 57 58 72
 15 26 27 43 56 57 58 70 71
 15 26 27 43 47 60 64
 15 26 27 43 47 60 62 63
 15 26 27 43 45 58
 15 26 27 43 45 56 57 58
 15 26 27 43 45 46 60 64
 15 26 27 43 45 46 60 62 63
 15 26 27 41 42 58 72
 15 26 27 41 42 58 70 71
 15 26 27 41 42 56 57 58 72
 15 26 27 41 42 56 57 58 70 71
 15 26 27 41 42 45 58
 15 26 27 41 42 45 56 57 58
 15 26 27 40 58 60 72
 15 26 27 40 58 60 70 71
 15 26 27 40 56 57 60 72
 15 26 27 40 56 57 60 70 71
 15 26 27 40 45 58 60
 15 26 27 40 45 56 57 60
 15 26 27 40 43 58 72
 15 26 27 40 43 58 70 71
 15 26 27 40 43 56 57 58 72
 15 26 27 40 43 56 57 58 70 71
 15 26 27 40 43 45 58
 15 26 27 40 43 45 56 57 58
 15 26 27 40 41 42 58 72
 15 26 27 40 41 42 58 70 71
 15 26 27 40 41 42 56 57 58 72
 15 26 27 40 41 42 56 57 58 70 71
 15 26 27 40 41 42 45 58
 15 26 27 40 41 42 45 56 57 58
 15 26 27 38 39 58 60 72
 15 26 27 38 39 58 60 70 71
 15 26 27 38 39 56 57 60 72
 15 26 27 38 39 56 57 60 70 71
 15 26 27 38 39 45 58 60
 15 26 27 38 39 45 56 57 60
 15 26 27 38 39 43 58 72
 15 26 27 38 39 43 58 70 71
 15 26 27 38 39 43 56 57 58 72
 15 26 27 38 39 43 56 57 58 70 71
 15 26 27 38 39 43 45 58
 15 26 27 38 39 43 45 56 57 58
 15 26 27 38 39 41 42 58 72
 15 26 27 38 39 41 42 58 70 71
 15 26 27 38 39 41 42 56 57 58 72
 15 26 27 38 39 41 42 56 57 58 70 71
 15 26 27 38 39 41 42 45 58
 15 26 27 38 39 41 42 45 56 57 58
 15 26 27 37 60
 15 26 27 37 47 60 70
 15 26 27 37 47 60 68 69
 15 26 27 37 45 46 60 70
 15 26 27 37 45 46 60 68 69
 15 26 27 37 43 47 60
 15 26 27 37 43 45 46 60
 15 26 27 31 60 72
 15 26 27 31 60 70 71
 15 26 27 31 45 60
 15 26 27 31 43 58 72
 15 26 27 31 43 58 70 71
 15 26 27 31 43 45 58
 15 26 27 31 41 42 58 72
 15 26 27 31 41 42 58 70 71
 15 26 27 31 41 42 45 58
 15 26 27 31 40 60 72
 15 26 27 31 40 60 70 71
 15 26 27 31 40 45 60
 15 26 27 31 40 43 58 72
 15 26 27 31 40 43 58 70 71
 15 26 27 31 40 43 45 58
 15 26 27 31 40 41 42 58 72
 15 26 27 31 40 41 42 58 70 71
 15 26 27 31 40 41 42 45 58
 15 26 27 31 38 39 60 72
 15 26 27 31 38 39 60 70 71
 15 26 27 31 38 39 45 60
 15 26 27 31 38 39 43 58 72
 15 26 27 31 38 39 43 58 70 71
 15 26 27 31 38 39 43 45 58
 15 26 27 31 38 39 41 42 58 72
 15 26 27 31 38 39 41 42 58 70 71
 15 26 27 31 38 39 41 42 45 58
 15 24 60 70
 15 24 60 68 69
 15 24 58 59 70
 15 24 58 59 68 69
 15 24 43 60
 15 24 43 58 59
 15 24 33 70
 15 24 33 68 69
 15 24 33 43
 15 24 25 37 60
 15 24 25 37 43 58
 15 24 25 37 41 42 58
 15 20 28 60 64 70
 15 20 28 60 64 68 69
 15 20 28 60 62 63 70
 15 20 28 60 62 63 68 69
 15 20 28 43 60 64
 15 20 28 43 60 62 63
 15 20 28 37 60 70
 15 20 28 37 60 68 69
 15 20 28 37 43 60
 15 20 26 27 60 64 70
 15 20 26 27 60 64 68 69
 15 20 26 27 60 62 63 70
 15 20 26 27 60 62 63 68 69
 15 20 26 27 43 60 64
 15 20 26 27 43 60 62 63
 15 20 26 27 37 60 70
 15 20 26 27 37 60 68 69
 15 20 26 27 37 43 60
 15 18 60 70
 15 18 60 68 69
 15 18 58 70
 15 18 58 68 69
 15 18 57 58 70
 15 18 57 58 68 69
 15 18 43 60
 15 18 43 58 70
 15 18 43 58 68 69
 15 18 43 57 58 70
 15 18 43 57 58 68 69
 15 18 42 58 70
 15 18 42 58 68 69
 15 18 42 43 58 70
 15 18 42 43 58 68 69
 15 18 41 42 57 58 70
 15 18 41 42 57 58 68 69
 15 18 41 42 43 57 58
 15 18 40 58 64
 15 18 40 58 62 63
 15 18 40 41 58 70
 15 18 40 41 58 68 69
 15 18 40 41 43 58 70
 15 18 40 41 43 58 68 69
 15 18 40 41 42 58 70
 15 18 40 41 42 58 68 69
 15 18 40 41 42 43 58
 15 18 38 39 58 64
 15 18 38 39 58 62 63
 15 18 37 40 58
 15 18 37 38 39 58
 15 16 57 58 72
 15 16 57 58 70 71
 15 16 56 57 58 72
 15 16 56 57 58 70 71
 15 16 45 58 70
 15 16 45 58 68 69
 15 16 45 57 58
 15 16 45 57 58 70
 15 16 45 57 58 68 69
 15 16 45 56 57 58
 15 16 43 45 58
 15 16 43 45 57 58
 15 16 43 44 58
 15 16 43 44 58 70
 15 16 43 44 58 68 69
 15 16 43 44 57 58
 15 16 43 44 57 58 70
 15 16 43 44 57 58 68 69
 15 16 42 58 72
 15 16 42 58 70 71
 15 16 42 56 57 58 72
 15 16 42 56 57 58 70 71
 15 16 42 45 58
 15 16 42 45 58 70
 15 16 42 45 58 68 69
 15 16 42 45 56 57 58
 15 16 42 43 45 58
 15 16 42 43 44 58
 15 16 42 43 44 58 70
 15 16 42 43 44 58 68 69
 15 16 40 58
 15 16 40 58 72
 15 16 40 58 70 71
 15 16 40 56 57 58 72
 15 16 40 56 57 58 70 71
 15 16 40 45 58
 15 16 40 45 56 57 58
 15 16 40 41 58 72
 15 16 40 41 58 70 71
 15 16 40 41 56 57 58 72
 15 16 40 41 56 57 58 70 71
 15 16 40 41 45 58
 15 16 40 41 45 58 70
 15 16 40 41 45 58 68 69
 15 16 40 41 45 56 57 58
 15 16 40 41 43 45 58
 15 16 40 41 43 44 58
 15 16 40 41 43 44 58 70
 15 16 40 41 43 44 58 68 69
 15 16 38 39 58
 15 16 38 39 58 72
 15 16 38 39 58 70 71
 15 16 38 39 56 57 58 72
 15 16 38 39 56 57 58 70 71
 15 16 38 39 45 58
 15 16 38 39 45 56 57 58
 15 16 37 58 72
 15 16 37 58 70 71
 15 16 37 58 68
 15 16 37 56 57 58 72
 15 16 37 56 57 58 70 71
 15 16 37 45 58
 15 16 37 45 56 57 58
 15 16 31 57 58 72
 15 16 31 57 58 70 71
 15 16 31 45 57 58
 15 16 31 42 58 72
 15 16 31 42 58 70 71
 15 16 31 42 45 58
 15 16 31 40 58 72
 15 16 31 40 58 70 71
 15 16 31 40 45 58
 15 16 31 40 41 58 72
 15 16 31 40 41 58 70 71
 15 16 31 40 41 45 58
 15 16 31 38 39 58 72
 15 16 31 38 39 58 70 71
 15 16 31 38 39 45 58
 15 16 31 37 58 72
 15 16 31 37 58 70 71
 15 16 31 37 45 58
 15 16 28 58 72
 15 16 28 58 70 71
 15 16 28 56 57 58 72
 15 16 28 56 57 58 70 71
 15 16 28 45 58
 15 16 28 45 56 57 58
 15 16 28 40 58 72
 15 16 28 40 58 70 71
 15 16 28 40 56 57 58 72
 15 16 28 40 56 57 58 70 71
 15 16 28 40 45 58
 15 16 28 40 45 56 57 58
 15 16 28 38 39 58 72
 15 16 28 38 39 58 70 71
 15 16 28 38 39 56 57 58 72
 15 16 28 38 39 56 57 58 70 71
 15 16 28 38 39 45 58
 15 16 28 38 39 45 56 57 58
 15 16 28 31 58 72
 15 16 28 31 58 70 71
 15 16 28 31 45 58
 15 16 28 31 40 58 72
 15 16 28 31 40 58 70 71
 15 16 28 31 40 45 58
 15 16 28 31 38 39 58 72
 15 16 28 31 38 39 58 70 71
 15 16 28 31 38 39 45 58
 15 16 26 37 58
 15 16 26 27 58 72
 15 16 26 27 58 70 71
 15 16 26 27 56 57 58 72
 15 16 26 27 56 57 58 70 71
 15 16 26 27 45 58
 15 16 26 27 45 56 57 58
 15 16 26 27 40 58 72
 15 16 26 27 40 58 70 71
 15 16 26 27 40 56 57 58 72
 15 16 26 27 40 56 57 58 70 71
 15 16 26 27 40 45 58
 15 16 26 27 40 45 56 57 58
 15 16 26 27 38 39 58 72
 15 16 26 27 38 39 58 70 71
 15 16 26 27 38 39 56 57 58 72
 15 16 26 27 38 39 56 57 58 70 71
 15 16 26 27 38 39 45 58
 15 16 26 27 38 39 45 56 57 58
 15 16 26 27 31 58 72
 15 16 26 27 31 58 70 71
 15 16 26 27 31 45 58
 15 16 26 27 31 40 58 72
 15 16 26 27 31 40 58 70 71
 15 16 26 27 31 40 45 58
 15 16 26 27 31 38 39 58 72
 15 16 26 27 31 38 39 58 70 71
 15 16 26 27 31 38 39 45 58
 15 16 24 25 37 58
 15 16 18 58 70
 15 16 18 58 68 69
 15 16 18 57 58 70
 15 16 18 57 58 68 69
 15 16 18 43 58
 15 16 18 43 57 58
 15 16 18 42 58 70
 15 16 18 42 58 68 69
 15 16 18 42 43 58
 15 16 18 40 41 58 70
 15 16 18 40 41 58 68 69
 15 16 18 40 41 43 58
 13 60 72
 13 60 70 71
 13 58
 13 58 72
 13 58 70 71
 13 58 59
 13 57 58
 13 57 58 60 72
 13 57 58 60 70 71
 13 56 60 70
 13 56 60 68 69
 13 56 58 70
 13 56 58 68 69
 13 56 57 60 72
 13 56 57 60 70 71
 13 54 55 60 70
 13 54 55 60 68 69
 13 54 55 58 70
 13 54 55 58 68 69
 13 47 58 70
 13 47 58 68 69
 13 45 60
 13 45 60 64
 13 45 60 62 63
 13 45 58
 13 45 58 70
 13 45 58 68 69
 13 45 58 64
 13 45 58 62 63
 13 45 57 58 64
 13 45 57 58 62 63
 13 45 57 58 60
 13 45 56 57 60
 13 45 46 58 70
 13 45 46 58 68 69
 13 43 57 58 72
 13 43 57 58 70 71
 13 43 56 60
 13 43 56 58
 13 43 56 57 58 72
 13 43 56 57 58 70 71
 13 43 54 55 60
 13 43 54 55 58
 13 43 47 58
 13 43 45 58
 13 43 45 57 58
 13 43 45 56 57 58
 13 43 45 46 58
 13 43 44 60 64
 13 43 44 60 62 63
 13 43 44 58
 13 43 44 58 70
 13 43 44 58 68 69
 13 43 44 58 64
 13 43 44 58 62 63
 13 43 44 57 58 64
 13 43 44 57 58 62 63
 13 41 42 57 58 72
 13 41 42 57 58 70 71
 13 41 42 56 57 58 72
 13 41 42 56 57 58 70 71
 13 41 42 45 57 58
 13 41 42 45 56 57 58
 13 37 60 72
 13 37 60 70 71
 13 37 56 60 70
 13 37 56 60 68 69
 13 37 54 55 60 70
 13 37 54 55 60 68 69
 13 37 45 58
 13 37 45 57 58
 13 37 43 56 60
 13 37 43 54 55 60
 13 37 43 44 60
 13 37 43 44 58
 13 37 43 44 57 58
 13 31 57 60 72
 13 31 57 60 70 71
 13 31 45 57 60
 13 31 43 57 58 72
 13 31 43 57 58 70 71
 13 31 43 45 57 58
 13 31 41 42 57 58 72
 13 31 41 42 57 58 70 71
 13 31 41 42 45 57 58
 13 29 60 70
 13 29 60 68 69
 13 29 58 70
 13 29 58 68 69
 13 29 43 60
 13 29 43 58
 13 29 37 60 70
 13 29 37 60 68 69
 13 29 37 43 60
 13 28 57 58 60 72
 13 28 57 58 60 70 71
 13 28 56 57 60 72
 13 28 56 57 60 70 71
 13 28 47 58
 13 28 47 58 60
 13 28 45 57 58 60
 13 28 45 56 57 60
 13 28 45 46 58
 13 28 45 46 58 60
 13 28 43 57 58 72
 13 28 43 57 58 70 71
 13 28 43 56 57 58 72
 13 28 43 56 57 58 70 71
 13 28 43 45 57 58
 13 28 43 45 56 57 58
 13 28 41 42 57 58 72
 13 28 41 42 57 58 70 71
 13 28 41 42 56 57 58 72
 13 28 41 42 56 57 58 70 71
 13 28 41 42 45 57 58
 13 28 41 42 45 56 57 58
 13 28 31 57 60 72
 13 28 31 57 60 70 71
 13 28 31 45 57 60
 13 28 31 43 57 58 72
 13 28 31 43 57 58 70 71
 13 28 31 43 45 57 58
 13 28 31 41 42 57 58 72
 13 28 31 41 42 57 58 70 71
 13 28 31 41 42 45 57 58
 13 26 27 57 58 60 72
 13 26 27 57 58 60 70 71
 13 26 27 56 57 60 72
 13 26 27 56 57 60 70 71
 13 26 27 47 58
 13 26 27 47 58 60
 13 26 27 45 57 58 60
 13 26 27 45 56 57 60
 13 26 27 45 46 58
 13 26 27 45 46 58 60
 13 26 27 43 57 58 72
 13 26 27 43 57 58 70 71
 13 26 27 43 56 57 58 72
 13 26 27 43 56 57 58 70 71
 13 26 27 43 45 57 58
 13 26 27 43 45 56 57 58
 13 26 27 41 42 57 58 72
 13 26 27 41 42 57 58 70 71
 13 26 27 41 42 56 57 58 72
 13 26 27 41 42 56 57 58 70 71
 13 26 27 41 42 45 57 58
 13 26 27 41 42 45 56 57 58
 13 26 27 31 57 60 72
 13 26 27 31 57 60 70 71
 13 26 27 31 45 57 60
 13 26 27 31 43 57 58 72
 13 26 27 31 43 57 58 70 71
 13 26 27 31 43 45 57 58
 13 26 27 31 41 42 57 58 72
 13 26 27 31 41 42 57 58 70 71
 13 26 27 31 41 42 45 57 58
 13 20 58 70
 13 20 58 68 69
 13 20 43 58
 13 20 28 58
 13 20 28 58 60
 13 20 26 27 58
 13 20 26 27 58 60
 13 18 60 64
 13 18 60 62 63
 13 18 58 70
 13 18 58 68 69
 13 18 58 64
 13 18 58 62 63
 13 18 57 58 64
 13 18 57 58 62 63
 13 18 43 58
 13 18 37 60
 13 18 37 58
 13 18 37 57 58
 13 17 58
 13 16 57 58 72
 13 16 57 58 70 71
 13 16 56 57 58 72
 13 16 56 57 58 70 71
 13 16 45 57 58
 13 16 45 56 57 58
 13 16 31 57 58 72
 13 16 31 57 58 70 71
 13 16 31 45 57 58
 13 16 28 57 58 72
 13 16 28 57 58 70 71
 13 16 28 56 57 58 72
 13 16 28 56 57 58 70 71
 13 16 28 45 57 58
 13 16 28 45 56 57 58
 13 16 28 31 57 58 72
 13 16 28 31 57 58 70 71
 13 16 28 31 45 57 58
 13 16 26 27 57 58 72
 13 16 26 27 57 58 70 71
 13 16 26 27 56 57 58 72
 13 16 26 27 56 57 58 70 71
 13 16 26 27 45 57 58
 13 16 26 27 45 56 57 58
 13 16 26 27 31 57 58 72
 13 16 26 27 31 57 58 70 71
 13 16 26 27 31 45 57 58
 13 15 58
 13 15 58 60 72
 13 15 58 60 70 71
 13 15 56 57 60 72
 13 15 56 57 60 70 71
 13 15 45 58 64
 13 15 45 58 62 63
 13 15 45 58 60
 13 15 45 56 57 60
 13 15 43 58 72
 13 15 43 58 70 71
 13 15 43 56 57 58 72
 13 15 43 56 57 58 70 71
 13 15 43 45 58
 13 15 43 45 56 57 58
 13 15 43 44 58 64
 13 15 43 44 58 62 63
 13 15 41 42 58 72
 13 15 41 42 58 70 71
 13 15 41 42 56 57 58 72
 13 15 41 42 56 57 58 70 71
 13 15 41 42 45 58
 13 15 41 42 45 56 57 58
 13 15 37 45 58
 13 15 37 43 44 58
 13 15 31 60 72
 13 15 31 60 70 71
 13 15 31 45 60
 13 15 31 43 58 72
 13 15 31 43 58 70 71
 13 15 31 43 45 58
 13 15 31 41 42 58 72
 13 15 31 41 42 58 70 71
 13 15 31 41 42 45 58
 13 15 28 58 60 72
 13 15 28 58 60 70 71
 13 15 28 56 57 60 72
 13 15 28 56 57 60 70 71
 13 15 28 45 58 60
 13 15 28 45 56 57 60
 13 15 28 43 58 72
 13 15 28 43 58 70 71
 13 15 28 43 56 57 58 72
 13 15 28 43 56 57 58 70 71
 13 15 28 43 45 58
 13 15 28 43 45 56 57 58
 13 15 28 41 42 58 72
 13 15 28 41 42 58 70 71
 13 15 28 41 42 56 57 58 72
 13 15 28 41 42 56 57 58 70 71
 13 15 28 41 42 45 58
 13 15 28 41 42 45 56 57 58
 13 15 28 31 60 72
 13 15 28 31 60 70 71
 13 15 28 31 45 60
 13 15 28 31 43 58 72
 13 15 28 31 43 58 70 71
 13 15 28 31 43 45 58
 13 15 28 31 41 42 58 72
 13 15 28 31 41 42 58 70 71
 13 15 28 31 41 42 45 58
 13 15 26 27 58 60 72
 13 15 26 27 58 60 70 71
 13 15 26 27 56 57 60 72
 13 15 26 27 56 57 60 70 71
 13 15 26 27 45 58 60
 13 15 26 27 45 56 57 60
 13 15 26 27 43 58 72
 13 15 26 27 43 58 70 71
 13 15 26 27 43 56 57 58 72
 13 15 26 27 43 56 57 58 70 71
 13 15 26 27 43 45 58
 13 15 26 27 43 45 56 57 58
 13 15 26 27 41 42 58 72
 13 15 26 27 41 42 58 70 71
 13 15 26 27 41 42 56 57 58 72
 13 15 26 27 41 42 56 57 58 70 71
 13 15 26 27 41 42 45 58
 13 15 26 27 41 42 45 56 57 58
 13 15 26 27 31 60 72
 13 15 26 27 31 60 70 71
 13 15 26 27 31 45 60
 13 15 26 27 31 43 58 72
 13 15 26 27 31 43 58 70 71
 13 15 26 27 31 43 45 58
 13 15 26 27 31 41 42 58 72
 13 15 26 27 31 41 42 58 70 71
 13 15 26 27 31 41 42 45 58
 13 15 18 58 64
 13 15 18 58 62 63
 13 15 18 37 58
 13 15 16 58
 13 15 16 58 72
 13 15 16 58 70 71
 13 15 16 56 57 58 72
 13 15 16 56 57 58 70 71
 13 15 16 45 58
 13 15 16 45 56 57 58
 13 15 16 31 58 72
 13 15 16 31 58 70 71
 13 15 16 31 45 58
 13 15 16 28 58 72
 13 15 16 28 58 70 71
 13 15 16 28 56 57 58 72
 13 15 16 28 56 57 58 70 71
 13 15 16 28 45 58
 13 15 16 28 45 56 57 58
 13 15 16 28 31 58 72
 13 15 16 28 31 58 70 71
 13 15 16 28 31 45 58
 13 15 16 26 27 58 72
 13 15 16 26 27 58 70 71
 13 15 16 26 27 56 57 58 72
 13 15 16 26 27 56 57 58 70 71
 13 15 16 26 27 45 58
 13 15 16 26 27 45 56 57 58
 13 15 16 26 27 31 58 72
 13 15 16 26 27 31 58 70 71
 13 15 16 26 27 31 45 58
 13 14 60 70
 13 14 60 69 70
 13 14 60 67 68 70
 13 14 60 67 68 69
 13 14 60 64 70
 13 14 60 64 68 69
 13 14 60 62 63 70
 13 14 60 62 63 68 69
 13 14 58
 13 14 58 70
 13 14 58 68 69
 13 14 58 60 70
 13 14 58 60 68 69
 13 14 57 58 60 70
 13 14 57 58 60 68 69
 13 14 56 60 70
 13 14 56 60 68 69
 13 14 56 57 60 70
 13 14 56 57 60 68 69
 13 14 56 57 59 60 70
 13 14 56 57 59 60 68 69
 13 14 56 57 58 60 70
 13 14 56 57 58 60 68 69
 13 14 45 60 70
 13 14 45 60 68 69
 13 14 45 58 70
 13 14 45 58 68 69
 13 14 45 58 64
 13 14 45 58 62 63
 13 14 43 60
 13 14 43 60 69
 13 14 43 60 67 68
 13 14 43 60 64
 13 14 43 60 62 63
 13 14 43 58
 13 14 43 58 60
 13 14 43 57 58 60
 13 14 43 56 60
 13 14 43 56 57 60
 13 14 43 56 57 59 60
 13 14 43 56 57 58 60
 13 14 43 45 60
 13 14 43 45 58
 13 14 43 44 60
 13 14 43 44 60 70
 13 14 43 44 60 68 69
 13 14 43 44 58
 13 14 43 44 58 70
 13 14 43 44 58 68 69
 13 14 43 44 58 64
 13 14 43 44 58 62 63
 13 14 42 60 70
 13 14 42 60 68 69
 13 14 42 58 60 72
 13 14 42 58 60 70 71
 13 14 42 56 57 60 72
 13 14 42 56 57 60 70 71
 13 14 42 45 58 70
 13 14 42 45 58 68 69
 13 14 42 45 58 60
 13 14 42 45 56 57 60
 13 14 42 43 60
 13 14 42 43 58 72
 13 14 42 43 58 70 71
 13 14 42 43 56 57 58 72
 13 14 42 43 56 57 58 70 71
 13 14 42 43 45 58
 13 14 42 43 45 58 70
 13 14 42 43 45 58 68 69
 13 14 42 43 45 56 57 58
 13 14 41 42 58 72
 13 14 41 42 58 70 71
 13 14 41 42 56 57 58 72
 13 14 41 42 56 57 58 70 71
 13 14 41 42 45 58
 13 14 41 42 45 58 70
 13 14 41 42 45 58 68 69
 13 14 41 42 45 56 57 58
 13 14 41 42 43 45 58
 13 14 41 42 43 44 58
 13 14 41 42 43 44 58 70
 13 14 41 42 43 44 58 68 69
 13 14 40 58
 13 14 40 58 60 72
 13 14 40 58 60 70 71
 13 14 40 56 57 60 72
 13 14 40 56 57 60 70 71
 13 14 40 45 58 64
 13 14 40 45 58 62 63
 13 14 40 45 58 60
 13 14 40 45 56 57 60
 13 14 40 43 58 72
 13 14 40 43 58 70 71
 13 14 40 43 56 57 58 72
 13 14 40 43 56 57 58 70 71
 13 14 40 43 45 58
 13 14 40 43 45 56 57 58
 13 14 40 43 44 58 64
 13 14 40 43 44 58 62 63
 13 14 40 41 58 60 72
 13 14 40 41 58 60 70 71
 13 14 40 41 56 57 60 72
 13 14 40 41 56 57 60 70 71
 13 14 40 41 45 58 70
 13 14 40 41 45 58 68 69
 13 14 40 41 45 58 60
 13 14 40 41 45 56 57 60
 13 14 40 41 43 58 72
 13 14 40 41 43 58 70 71
 13 14 40 41 43 56 57 58 72
 13 14 40 41 43 56 57 58 70 71
 13 14 40 41 43 45 58
 13 14 40 41 43 45 58 70
 13 14 40 41 43 45 58 68 69
 13 14 40 41 43 45 56 57 58
 13 14 40 41 42 45 58 70
 13 14 40 41 42 45 58 68 69
 13 14 40 41 42 43 45 58
 13 14 40 41 42 43 44 58
 13 14 40 41 42 43 44 58 70
 13 14 40 41 42 43 44 58 68 69
 13 14 38 39 58
 13 14 38 39 58 60 72
 13 14 38 39 58 60 70 71
 13 14 38 39 56 57 60 72
 13 14 38 39 56 57 60 70 71
 13 14 38 39 45 58 64
 13 14 38 39 45 58 62 63
 13 14 38 39 45 58 60
 13 14 38 39 45 56 57 60
 13 14 38 39 43 58 72
 13 14 38 39 43 58 70 71
 13 14 38 39 43 56 57 58 72
 13 14 38 39 43 56 57 58 70 71
 13 14 38 39 43 45 58
 13 14 38 39 43 45 56 57 58
 13 14 38 39 43 44 58 64
 13 14 38 39 43 44 58 62 63
 13 14 38 39 41 42 58 72
 13 14 38 39 41 42 58 70 71
 13 14 38 39 41 42 56 57 58 72
 13 14 38 39 41 42 56 57 58 70 71
 13 14 38 39 41 42 45 58
 13 14 38 39 41 42 45 56 57 58
 13 14 37 60 70
 13 14 37 60 68
 13 14 37 60 68 69
 13 14 37 58 60 72
 13 14 37 58 60 70 71
 13 14 37 56 60 70
 13 14 37 56 60 68 69
 13 14 37 56 57 60 72
 13 14 37 56 57 60 70 71
 13 14 37 45 58
 13 14 37 45 58 60
 13 14 37 45 56 57 60
 13 14 37 43 60
 13 14 37 43 58 72
 13 14 37 43 58 70 71
 13 14 37 43 58 68
 13 14 37 43 56 60
 13 14 37 43 56 57 58 72
 13 14 37 43 56 57 58 70 71
 13 14 37 43 45 58
 13 14 37 43 45 56 57 58
 13 14 37 43 44 58
 13 14 37 41 42 58 72
 13 14 37 41 42 58 70 71
 13 14 37 41 42 58 68
 13 14 37 41 42 56 57 58 72
 13 14 37 41 42 56 57 58 70 71
 13 14 37 41 42 45 58
 13 14 37 41 42 45 56 57 58
 13 14 37 40 45 58
 13 14 37 40 43 44 58
 13 14 37 38 39 45 58
 13 14 37 38 39 43 44 58
 13 14 35 60 70
 13 14 35 60 68 69
 13 14 35 58 70
 13 14 35 58 68 69
 13 14 35 58 59 70
 13 14 35 58 59 68 69
 13 14 35 43 60
 13 14 35 43 58
 13 14 35 43 58 59
 13 14 33 60 70
 13 14 33 60 68 69
 13 14 33 43 60
 13 14 33 35 70
 13 14 33 35 68 69
 13 14 33 35 43
 13 14 32 58 60 70
 13 14 32 58 60 68 69
 13 14 32 56 57 60 70
 13 14 32 56 57 60 68 69
 13 14 32 43 58 60
 13 14 32 43 56 57 60
 13 14 31 60 70
 13 14 31 60 68 69
 13 14 31 59 60 70
 13 14 31 59 60 68 69
 13 14 31 57 58 60 70
 13 14 31 57 58 60 68 69
 13 14 31 43 60
 13 14 31 43 59 60
 13 14 31 43 57 58 60
 13 14 31 42 60 72
 13 14 31 42 60 70 71
 13 14 31 42 45 60
 13 14 31 42 43 58 72
 13 14 31 42 43 58 70 71
 13 14 31 42 43 45 58
 13 14 31 41 42 58 72
 13 14 31 41 42 58 70 71
 13 14 31 41 42 45 58
 13 14 31 40 60 72
 13 14 31 40 60 70 71
 13 14 31 40 45 60
 13 14 31 40 43 58 72
 13 14 31 40 43 58 70 71
 13 14 31 40 43 45 58
 13 14 31 40 41 60 72
 13 14 31 40 41 60 70 71
 13 14 31 40 41 45 60
 13 14 31 40 41 43 58 72
 13 14 31 40 41 43 58 70 71
 13 14 31 40 41 43 45 58
 13 14 31 38 39 60 72
 13 14 31 38 39 60 70 71
 13 14 31 38 39 45 60
 13 14 31 38 39 43 58 72
 13 14 31 38 39 43 58 70 71
 13 14 31 38 39 43 45 58
 13 14 31 38 39 41 42 58 72
 13 14 31 38 39 41 42 58 70 71
 13 14 31 38 39 41 42 45 58
 13 14 31 37 60 72
 13 14 31 37 60 70 71
 13 14 31 37 45 60
 13 14 31 37 43 58 72
 13 14 31 37 43 58 70 71
 13 14 31 37 43 45 58
 13 14 31 37 41 42 58 72
 13 14 31 37 41 42 58 70 71
 13 14 31 37 41 42 45 58
 13 14 31 32 60 70
 13 14 31 32 60 68 69
 13 14 31 32 43 60
 13 14 28 47 60 64 70
 13 14 28 47 60 64 68 69
 13 14 28 47 60 62 63 70
 13 14 28 47 60 62 63 68 69
 13 14 28 45 46 60 64 70
 13 14 28 45 46 60 64 68 69
 13 14 28 45 46 60 62 63 70
 13 14 28 45 46 60 62 63 68 69
 13 14 28 43 47 60 64
 13 14 28 43 47 60 62 63
 13 14 28 43 45 46 60 64
 13 14 28 43 45 46 60 62 63
 13 14 28 40 58 60 72
 13 14 28 40 58 60 70 71
 13 14 28 40 56 57 60 72
 13 14 28 40 56 57 60 70 71
 13 14 28 40 45 58 60
 13 14 28 40 45 56 57 60
 13 14 28 40 43 58 72
 13 14 28 40 43 58 70 71
 13 14 28 40 43 56 57 58 72
 13 14 28 40 43 56 57 58 70 71
 13 14 28 40 43 45 58
 13 14 28 40 43 45 56 57 58
 13 14 28 40 41 42 58 72
 13 14 28 40 41 42 58 70 71
 13 14 28 40 41 42 56 57 58 72
 13 14 28 40 41 42 56 57 58 70 71
 13 14 28 40 41 42 45 58
 13 14 28 40 41 42 45 56 57 58
 13 14 28 38 39 58 60 72
 13 14 28 38 39 58 60 70 71
 13 14 28 38 39 56 57 60 72
 13 14 28 38 39 56 57 60 70 71
 13 14 28 38 39 45 58 60
 13 14 28 38 39 45 56 57 60
 13 14 28 38 39 43 58 72
 13 14 28 38 39 43 58 70 71
 13 14 28 38 39 43 56 57 58 72
 13 14 28 38 39 43 56 57 58 70 71
 13 14 28 38 39 43 45 58
 13 14 28 38 39 43 45 56 57 58
 13 14 28 38 39 41 42 58 72
 13 14 28 38 39 41 42 58 70 71
 13 14 28 38 39 41 42 56 57 58 72
 13 14 28 38 39 41 42 56 57 58 70 71
 13 14 28 38 39 41 42 45 58
 13 14 28 38 39 41 42 45 56 57 58
 13 14 28 37 60
 13 14 28 37 47 60 70
 13 14 28 37 47 60 68 69
 13 14 28 37 45 46 60 70
 13 14 28 37 45 46 60 68 69
 13 14 28 37 43 47 60
 13 14 28 37 43 45 46 60
 13 14 28 31 40 60 72
 13 14 28 31 40 60 70 71
 13 14 28 31 40 45 60
 13 14 28 31 40 43 58 72
 13 14 28 31 40 43 58 70 71
 13 14 28 31 40 43 45 58
 13 14 28 31 40 41 42 58 72
 13 14 28 31 40 41 42 58 70 71
 13 14 28 31 40 41 42 45 58
 13 14 28 31 38 39 60 72
 13 14 28 31 38 39 60 70 71
 13 14 28 31 38 39 45 60
 13 14 28 31 38 39 43 58 72
 13 14 28 31 38 39 43 58 70 71
 13 14 28 31 38 39 43 45 58
 13 14 28 31 38 39 41 42 58 72
 13 14 28 31 38 39 41 42 58 70 71
 13 14 28 31 38 39 41 42 45 58
 13 14 26 37 60
 13 14 26 37 43 58
 13 14 26 37 41 42 58
 13 14 26 27 47 60 64 70
 13 14 26 27 47 60 64 68 69
 13 14 26 27 47 60 62 63 70
 13 14 26 27 47 60 62 63 68 69
 13 14 26 27 45 46 60 64 70
 13 14 26 27 45 46 60 64 68 69
 13 14 26 27 45 46 60 62 63 70
 13 14 26 27 45 46 60 62 63 68 69
 13 14 26 27 43 47 60 64
 13 14 26 27 43 47 60 62 63
 13 14 26 27 43 45 46 60 64
 13 14 26 27 43 45 46 60 62 63
 13 14 26 27 40 58 60 72
 13 14 26 27 40 58 60 70 71
 13 14 26 27 40 56 57 60 72
 13 14 26 27 40 56 57 60 70 71
 13 14 26 27 40 45 58 60
 13 14 26 27 40 45 56 57 60
 13 14 26 27 40 43 58 72
 13 14 26 27 40 43 58 70 71
 13 14 26 27 40 43 56 57 58 72
 13 14 26 27 40 43 56 57 58 70 71
 13 14 26 27 40 43 45 58
 13 14 26 27 40 43 45 56 57 58
 13 14 26 27 40 41 42 58 72
 13 14 26 27 40 41 42 58 70 71
 13 14 26 27 40 41 42 56 57 58 72
 13 14 26 27 40 41 42 56 57 58 70 71
 13 14 26 27 40 41 42 45 58
 13 14 26 27 40 41 42 45 56 57 58
 13 14 26 27 38 39 58 60 72
 13 14 26 27 38 39 58 60 70 71
 13 14 26 27 38 39 56 57 60 72
 13 14 26 27 38 39 56 57 60 70 71
 13 14 26 27 38 39 45 58 60
 13 14 26 27 38 39 45 56 57 60
 13 14 26 27 38 39 43 58 72
 13 14 26 27 38 39 43 58 70 71
 13 14 26 27 38 39 43 56 57 58 72
 13 14 26 27 38 39 43 56 57 58 70 71
 13 14 26 27 38 39 43 45 58
 13 14 26 27 38 39 43 45 56 57 58
 13 14 26 27 38 39 41 42 58 72
 13 14 26 27 38 39 41 42 58 70 71
 13 14 26 27 38 39 41 42 56 57 58 72
 13 14 26 27 38 39 41 42 56 57 58 70 71
 13 14 26 27 38 39 41 42 45 58
 13 14 26 27 38 39 41 42 45 56 57 58
 13 14 26 27 37 60
 13 14 26 27 37 47 60 70
 13 14 26 27 37 47 60 68 69
 13 14 26 27 37 45 46 60 70
 13 14 26 27 37 45 46 60 68 69
 13 14 26 27 37 43 47 60
 13 14 26 27 37 43 45 46 60
 13 14 26 27 31 40 60 72
 13 14 26 27 31 40 60 70 71
 13 14 26 27 31 40 45 60
 13 14 26 27 31 40 43 58 72
 13 14 26 27 31 40 43 58 70 71
 13 14 26 27 31 40 43 45 58
 13 14 26 27 31 40 41 42 58 72
 13 14 26 27 31 40 41 42 58 70 71
 13 14 26 27 31 40 41 42 45 58
 13 14 26 27 31 38 39 60 72
 13 14 26 27 31 38 39 60 70 71
 13 14 26 27 31 38 39 45 60
 13 14 26 27 31 38 39 43 58 72
 13 14 26 27 31 38 39 43 58 70 71
 13 14 26 27 31 38 39 43 45 58
 13 14 26 27 31 38 39 41 42 58 72
 13 14 26 27 31 38 39 41 42 58 70 71
 13 14 26 27 31 38 39 41 42 45 58
 13 14 24 60 70
 13 14 24 60 68 69
 13 14 24 58 59 70
 13 14 24 58 59 68 69
 13 14 24 43 60
 13 14 24 43 58 59
 13 14 24 33 70
 13 14 24 33 68 69
 13 14 24 33 43
 13 14 24 25 37 60
 13 14 24 25 37 43 58
 13 14 24 25 37 41 42 58
 13 14 20 28 60 64 70
 13 14 20 28 60 64 68 69
 13 14 20 28 60 62 63 70
 13 14 20 28 60 62 63 68 69
 13 14 20 28 43 60 64
 13 14 20 28 43 60 62 63
 13 14 20 28 37 60 70
 13 14 20 28 37 60 68 69
 13 14 20 28 37 43 60
 13 14 20 26 27 60 64 70
 13 14 20 26 27 60 64 68 69
 13 14 20 26 27 60 62 63 70
 13 14 20 26 27 60 62 63 68 69
 13 14 20 26 27 43 60 64
 13 14 20 26 27 43 60 62 63
 13 14 20 26 27 37 60 70
 13 14 20 26 27 37 60 68 69
 13 14 20 26 27 37 43 60
 13 14 18 60 70
 13 14 18 60 68 69
 13 14 18 58 70
 13 14 18 58 68 69
 13 14 18 58 64
 13 14 18 58 62 63
 13 14 18 43 60
 13 14 18 43 58
 13 14 18 42 58 70
 13 14 18 42 58 68 69
 13 14 18 42 43 58 70
 13 14 18 42 43 58 68 69
 13 14 18 41 42 58 70
 13 14 18 41 42 58 68 69
 13 14 18 41 42 43 58
 13 14 18 40 58 64
 13 14 18 40 58 62 63
 13 14 18 40 41 58 70
 13 14 18 40 41 58 68 69
 13 14 18 40 41 43 58 70
 13 14 18 40 41 43 58 68 69
 13 14 18 40 41 42 58 70
 13 14 18 40 41 42 58 68 69
 13 14 18 40 41 42 43 58
 13 14 18 38 39 58 64
 13 14 18 38 39 58 62 63
 13 14 18 37 58
 13 14 18 37 40 58
 13 14 18 37 38 39 58
 13 14 16 42 58 72
 13 14 16 42 58 70 71
 13 14 16 42 56 57 58 72
 13 14 16 42 56 57 58 70 71
 13 14 16 42 45 58
 13 14 16 42 45 58 70
 13 14 16 42 45 58 68 69
 13 14 16 42 45 56 57 58
 13 14 16 42 43 45 58
 13 14 16 42 43 44 58
 13 14 16 42 43 44 58 70
 13 14 16 42 43 44 58 68 69
 13 14 16 40 58 72
 13 14 16 40 58 70 71
 13 14 16 40 56 57 58 72
 13 14 16 40 56 57 58 70 71
 13 14 16 40 45 58
 13 14 16 40 45 56 57 58
 13 14 16 40 41 58 72
 13 14 16 40 41 58 70 71
 13 14 16 40 41 56 57 58 72
 13 14 16 40 41 56 57 58 70 71
 13 14 16 40 41 45 58
 13 14 16 40 41 45 58 70
 13 14 16 40 41 45 58 68 69
 13 14 16 40 41 45 56 57 58
 13 14 16 40 41 43 45 58
 13 14 16 40 41 43 44 58
 13 14 16 40 41 43 44 58 70
 13 14 16 40 41 43 44 58 68 69
 13 14 16 38 39 58 72
 13 14 16 38 39 58 70 71
 13 14 16 38 39 56 57 58 72
 13 14 16 38 39 56 57 58 70 71
 13 14 16 38 39 45 58
 13 14 16 38 39 45 56 57 58
 13 14 16 37 58 72
 13 14 16 37 58 70 71
 13 14 16 37 58 68
 13 14 16 37 56 57 58 72
 13 14 16 37 56 57 58 70 71
 13 14 16 37 45 58
 13 14 16 37 45 56 57 58
 13 14 16 31 42 58 72
 13 14 16 31 42 58 70 71
 13 14 16 31 42 45 58
 13 14 16 31 40 58 72
 13 14 16 31 40 58 70 71
 13 14 16 31 40 45 58
 13 14 16 31 40 41 58 72
 13 14 16 31 40 41 58 70 71
 13 14 16 31 40 41 45 58
 13 14 16 31 38 39 58 72
 13 14 16 31 38 39 58 70 71
 13 14 16 31 38 39 45 58
 13 14 16 31 37 58 72
 13 14 16 31 37 58 70 71
 13 14 16 31 37 45 58
 13 14 16 28 40 58 72
 13 14 16 28 40 58 70 71
 13 14 16 28 40 56 57 58 72
 13 14 16 28 40 56 57 58 70 71
 13 14 16 28 40 45 58
 13 14 16 28 40 45 56 57 58
 13 14 16 28 38 39 58 72
 13 14 16 28 38 39 58 70 71
 13 14 16 28 38 39 56 57 58 72
 13 14 16 28 38 39 56 57 58 70 71
 13 14 16 28 38 39 45 58
 13 14 16 28 38 39 45 56 57 58
 13 14 16 28 31 40 58 72
 13 14 16 28 31 40 58 70 71
 13 14 16 28 31 40 45 58
 13 14 16 28 31 38 39 58 72
 13 14 16 28 31 38 39 58 70 71
 13 14 16 28 31 38 39 45 58
 13 14 16 26 37 58
 13 14 16 26 27 40 58 72
 13 14 16 26 27 40 58 70 71
 13 14 16 26 27 40 56 57 58 72
 13 14 16 26 27 40 56 57 58 70 71
 13 14 16 26 27 40 45 58
 13 14 16 26 27 40 45 56 57 58
 13 14 16 26 27 38 39 58 72
 13 14 16 26 27 38 39 58 70 71
 13 14 16 26 27 38 39 56 57 58 72
 13 14 16 26 27 38 39 56 57 58 70 71
 13 14 16 26 27 38 39 45 58
 13 14 16 26 27 38 39 45 56 57 58
 13 14 16 26 27 31 40 58 72
 13 14 16 26 27 31 40 58 70 71
 13 14 16 26 27 31 40 45 58
 13 14 16 26 27 31 38 39 58 72
 13 14 16 26 27 31 38 39 58 70 71
 13 14 16 26 27 31 38 39 45 58
 13 14 16 24 25 37 58
 13 14 16 18 42 58 70
 13 14 16 18 42 58 68 69
 13 14 16 18 42 43 58
 13 14 16 18 40 41 58 70
 13 14 16 18 40 41 58 68 69
 13 14 16 18 40 41 43 58
 13 14 15 58 60 72
 13 14 15 58 60 70 71
 13 14 15 56 57 60 72
 13 14 15 56 57 60 70 71
 13 14 15 45 58 70
 13 14 15 45 58 68 69
 13 14 15 45 58 60
 13 14 15 45 56 57 60
 13 14 15 43 58 72
 13 14 15 43 58 70 71
 13 14 15 43 56 57 58 72
 13 14 15 43 56 57 58 70 71
 13 14 15 43 45 58
 13 14 15 43 45 58 70
 13 14 15 43 45 58 68 69
 13 14 15 43 45 56 57 58
 13 14 15 41 42 58 72
 13 14 15 41 42 58 70 71
 13 14 15 41 42 56 57 58 72
 13 14 15 41 42 56 57 58 70 71
 13 14 15 41 42 45 58
 13 14 15 41 42 45 58 70
 13 14 15 41 42 45 58 68 69
 13 14 15 41 42 45 56 57 58
 13 14 15 41 42 43 45 58
 13 14 15 41 42 43 44 58
 13 14 15 41 42 43 44 58 70
 13 14 15 41 42 43 44 58 68 69
 13 14 15 31 60 72
 13 14 15 31 60 70 71
 13 14 15 31 45 60
 13 14 15 31 43 58 72
 13 14 15 31 43 58 70 71
 13 14 15 31 43 45 58
 13 14 15 31 41 42 58 72
 13 14 15 31 41 42 58 70 71
 13 14 15 31 41 42 45 58
 13 14 15 18 58 70
 13 14 15 18 58 68 69
 13 14 15 18 43 58 70
 13 14 15 18 43 58 68 69
 13 14 15 18 41 42 58 70
 13 14 15 18 41 42 58 68 69
 13 14 15 18 41 42 43 58
 13 14 15 16 58 72
 13 14 15 16 58 70 71
 13 14 15 16 56 57 58 72
 13 14 15 16 56 57 58 70 71
 13 14 15 16 45 58
 13 14 15 16 45 58 70
 13 14 15 16 45 58 68 69
 13 14 15 16 45 56 57 58
 13 14 15 16 43 45 58
 13 14 15 16 43 44 58
 13 14 15 16 43 44 58 70
 13 14 15 16 43 44 58 68 69
 13 14 15 16 31 58 72
 13 14 15 16 31 58 70 71
 13 14 15 16 31 45 58
 13 14 15 16 18 58 70
 13 14 15 16 18 58 68 69
 13 14 15 16 18 43 58
 11 12 47 58 70
 11 12 47 58 68 69
 11 12 45 58 70
 11 12 45 58 68 69
 11 12 45 46 58 70
 11 12 45 46 58 68 69
 11 12 43 47 58
 11 12 43 45 58
 11 12 43 45 46 58
 11 12 43 44 58
 11 12 43 44 58 70
 11 12 43 44 58 68 69
 11 12 20 58 70
 11 12 20 58 68 69
 11 12 20 43 58
 11 12 18 58 70
 11 12 18 58 68 69
 11 12 18 43 58
 1 58
 1 57 58 60 72
 1 57 58 60 70 71
 1 56 57 60 72
 1 56 57 60 70 71
 1 47 60 64 70
 1 47 60 64 68 69
 1 47 60 62 63 70
 1 47 60 62 63 68 69
 1 47 57 60 64 70
 1 47 57 60 64 68 69
 1 47 57 60 62 63 70
 1 47 57 60 62 63 68 69
 1 45 57 58 60
 1 45 56 57 60
 1 45 46 60 64 70
 1 45 46 60 64 68 69
 1 45 46 60 62 63 70
 1 45 46 60 62 63 68 69
 1 45 46 57 60 64 70
 1 45 46 57 60 64 68 69
 1 45 46 57 60 62 63 70
 1 45 46 57 60 62 63 68 69
 1 43 57 58 72
 1 43 57 58 70 71
 1 43 56 57 58 72
 1 43 56 57 58 70 71
 1 43 47 60 64
 1 43 47 60 62 63
 1 43 47 57 60 64
 1 43 47 57 60 62 63
 1 43 45 57 58
 1 43 45 56 57 58
 1 43 45 46 60 64
 1 43 45 46 60 62 63
 1 43 45 46 57 60 64
 1 43 45 46 57 60 62 63
 1 41 42 57 58 72
 1 41 42 57 58 70 71
 1 41 42 56 57 58 72
 1 41 42 56 57 58 70 71
 1 41 42 45 57 58
 1 41 42 45 56 57 58
 1 40 57 58 60 72
 1 40 57 58 60 70 71
 1 40 56 57 60 72
 1 40 56 57 60 70 71
 1 40 47 58
 1 40 47 58 60
 1 40 45 57 58 60
 1 40 45 56 57 60
 1 40 45 46 58
 1 40 45 46 58 60
 1 40 43 57 58 72
 1 40 43 57 58 70 71
 1 40 43 56 57 58 72
 1 40 43 56 57 58 70 71
 1 40 43 45 57 58
 1 40 43 45 56 57 58
 1 40 41 42 57 58 72
 1 40 41 42 57 58 70 71
 1 40 41 42 56 57 58 72
 1 40 41 42 56 57 58 70 71
 1 40 41 42 45 57 58
 1 40 41 42 45 56 57 58
 1 38 39 57 58 60 72
 1 38 39 57 58 60 70 71
 1 38 39 56 57 60 72
 1 38 39 56 57 60 70 71
 1 38 39 47 58
 1 38 39 47 58 60
 1 38 39 45 57 58 60
 1 38 39 45 56 57 60
 1 38 39 45 46 58
 1 38 39 45 46 58 60
 1 38 39 43 57 58 72
 1 38 39 43 57 58 70 71
 1 38 39 43 56 57 58 72
 1 38 39 43 56 57 58 70 71
 1 38 39 43 45 57 58
 1 38 39 43 45 56 57 58
 1 38 39 41 42 57 58 72
 1 38 39 41 42 57 58 70 71
 1 38 39 41 42 56 57 58 72
 1 38 39 41 42 56 57 58 70 71
 1 38 39 41 42 45 57 58
 1 38 39 41 42 45 56 57 58
 1 37 57 60
 1 37 47 60 70
 1 37 47 60 68 69
 1 37 47 57 60 70
 1 37 47 57 60 68 69
 1 37 45 46 60 70
 1 37 45 46 60 68 69
 1 37 45 46 57 60 70
 1 37 45 46 57 60 68 69
 1 37 43 47 60
 1 37 43 47 57 60
 1 37 43 45 46 60
 1 37 43 45 46 57 60
 1 35 60 70
 1 35 60 68 69
 1 35 58 59 70
 1 35 58 59 68 69
 1 35 43 60
 1 35 43 58 59
 1 33 35 70
 1 33 35 68 69
 1 33 35 43
 1 31 57 60 72
 1 31 57 60 70 71
 1 31 45 57 60
 1 31 43 57 58 72
 1 31 43 57 58 70 71
 1 31 43 45 57 58
 1 31 41 42 57 58 72
 1 31 41 42 57 58 70 71
 1 31 41 42 45 57 58
 1 31 40 57 60 72
 1 31 40 57 60 70 71
 1 31 40 45 57 60
 1 31 40 43 57 58 72
 1 31 40 43 57 58 70 71
 1 31 40 43 45 57 58
 1 31 40 41 42 57 58 72
 1 31 40 41 42 57 58 70 71
 1 31 40 41 42 45 57 58
 1 31 38 39 57 60 72
 1 31 38 39 57 60 70 71
 1 31 38 39 45 57 60
 1 31 38 39 43 57 58 72
 1 31 38 39 43 57 58 70 71
 1 31 38 39 43 45 57 58
 1 31 38 39 41 42 57 58 72
 1 31 38 39 41 42 57 58 70 71
 1 31 38 39 41 42 45 57 58
 1 20 60 64 70
 1 20 60 64 68 69
 1 20 60 62 63 70
 1 20 60 62 63 68 69
 1 20 57 60 64 70
 1 20 57 60 64 68 69
 1 20 57 60 62 63 70
 1 20 57 60 62 63 68 69
 1 20 43 60 64
 1 20 43 60 62 63
 1 20 43 57 60 64
 1 20 43 57 60 62 63
 1 20 40 58
 1 20 40 58 60
 1 20 38 39 58
 1 20 38 39 58 60
 1 20 37 60 70
 1 20 37 60 68 69
 1 20 37 57 60 70
 1 20 37 57 60 68 69
 1 20 37 43 60
 1 20 37 43 57 60
 1 16 57 58 72
 1 16 57 58 70 71
 1 16 56 57 58 72
 1 16 56 57 58 70 71
 1 16 45 57 58
 1 16 45 56 57 58
 1 16 40 57 58 72
 1 16 40 57 58 70 71
 1 16 40 56 57 58 72
 1 16 40 56 57 58 70 71
 1 16 40 45 57 58
 1 16 40 45 56 57 58
 1 16 38 39 57 58 72
 1 16 38 39 57 58 70 71
 1 16 38 39 56 57 58 72
 1 16 38 39 56 57 58 70 71
 1 16 38 39 45 57 58
 1 16 38 39 45 56 57 58
 1 16 31 57 58 72
 1 16 31 57 58 70 71
 1 16 31 45 57 58
 1 16 31 40 57 58 72
 1 16 31 40 57 58 70 71
 1 16 31 40 45 57 58
 1 16 31 38 39 57 58 72
 1 16 31 38 39 57 58 70 71
 1 16 31 38 39 45 57 58
 1 15 58 60 72
 1 15 58 60 70 71
 1 15 56 57 60 72
 1 15 56 57 60 70 71
 1 15 47 60 64 70
 1 15 47 60 64 68 69
 1 15 47 60 62 63 70
 1 15 47 60 62 63 68 69
 1 15 45 58 60
 1 15 45 56 57 60
 1 15 45 46 60 64 70
 1 15 45 46 60 64 68 69
 1 15 45 46 60 62 63 70
 1 15 45 46 60 62 63 68 69
 1 15 43 58 72
 1 15 43 58 70 71
 1 15 43 56 57 58 72
 1 15 43 56 57 58 70 71
 1 15 43 47 60 64
 1 15 43 47 60 62 63
 1 15 43 45 58
 1 15 43 45 56 57 58
 1 15 43 45 46 60 64
 1 15 43 45 46 60 62 63
 1 15 41 42 58 72
 1 15 41 42 58 70 71
 1 15 41 42 56 57 58 72
 1 15 41 42 56 57 58 70 71
 1 15 41 42 45 58
 1 15 41 42 45 56 57 58
 1 15 40 58 60 72
 1 15 40 58 60 70 71
 1 15 40 56 57 60 72
 1 15 40 56 57 60 70 71
 1 15 40 45 58 60
 1 15 40 45 56 57 60
 1 15 40 43 58 72
 1 15 40 43 58 70 71
 1 15 40 43 56 57 58 72
 1 15 40 43 56 57 58 70 71
 1 15 40 43 45 58
 1 15 40 43 45 56 57 58
 1 15 40 41 42 58 72
 1 15 40 41 42 58 70 71
 1 15 40 41 42 56 57 58 72
 1 15 40 41 42 56 57 58 70 71
 1 15 40 41 42 45 58
 1 15 40 41 42 45 56 57 58
 1 15 38 39 58 60 72
 1 15 38 39 58 60 70 71
 1 15 38 39 56 57 60 72
 1 15 38 39 56 57 60 70 71
 1 15 38 39 45 58 60
 1 15 38 39 45 56 57 60
 1 15 38 39 43 58 72
 1 15 38 39 43 58 70 71
 1 15 38 39 43 56 57 58 72
 1 15 38 39 43 56 57 58 70 71
 1 15 38 39 43 45 58
 1 15 38 39 43 45 56 57 58
 1 15 38 39 41 42 58 72
 1 15 38 39 41 42 58 70 71
 1 15 38 39 41 42 56 57 58 72
 1 15 38 39 41 42 56 57 58 70 71
 1 15 38 39 41 42 45 58
 1 15 38 39 41 42 45 56 57 58
 1 15 37 60
 1 15 37 47 60 70
 1 15 37 47 60 68 69
 1 15 37 45 46 60 70
 1 15 37 45 46 60 68 69
 1 15 37 43 47 60
 1 15 37 43 45 46 60
 1 15 31 60 72
 1 15 31 60 70 71
 1 15 31 45 60
 1 15 31 43 58 72
 1 15 31 43 58 70 71
 1 15 31 43 45 58
 1 15 31 41 42 58 72
 1 15 31 41 42 58 70 71
 1 15 31 41 42 45 58
 1 15 31 40 60 72
 1 15 31 40 60 70 71
 1 15 31 40 45 60
 1 15 31 40 43 58 72
 1 15 31 40 43 58 70 71
 1 15 31 40 43 45 58
 1 15 31 40 41 42 58 72
 1 15 31 40 41 42 58 70 71
 1 15 31 40 41 42 45 58
 1 15 31 38 39 60 72
 1 15 31 38 39 60 70 71
 1 15 31 38 39 45 60
 1 15 31 38 39 43 58 72
 1 15 31 38 39 43 58 70 71
 1 15 31 38 39 43 45 58
 1 15 31 38 39 41 42 58 72
 1 15 31 38 39 41 42 58 70 71
 1 15 31 38 39 41 42 45 58
 1 15 20 60 64 70
 1 15 20 60 64 68 69
 1 15 20 60 62 63 70
 1 15 20 60 62 63 68 69
 1 15 20 43 60 64
 1 15 20 43 60 62 63
 1 15 20 37 60 70
 1 15 20 37 60 68 69
 1 15 20 37 43 60
 1 15 16 58 72
 1 15 16 58 70 71
 1 15 16 56 57 58 72
 1 15 16 56 57 58 70 71
 1 15 16 45 58
 1 15 16 45 56 57 58
 1 15 16 40 58 72
 1 15 16 40 58 70 71
 1 15 16 40 56 57 58 72
 1 15 16 40 56 57 58 70 71
 1 15 16 40 45 58
 1 15 16 40 45 56 57 58
 1 15 16 38 39 58 72
 1 15 16 38 39 58 70 71
 1 15 16 38 39 56 57 58 72
 1 15 16 38 39 56 57 58 70 71
 1 15 16 38 39 45 58
 1 15 16 38 39 45 56 57 58
 1 15 16 31 58 72
 1 15 16 31 58 70 71
 1 15 16 31 45 58
 1 15 16 31 40 58 72
 1 15 16 31 40 58 70 71
 1 15 16 31 40 45 58
 1 15 16 31 38 39 58 72
 1 15 16 31 38 39 58 70 71
 1 15 16 31 38 39 45 58
 1 13 57 58 60 72
 1 13 57 58 60 70 71
 1 13 56 57 60 72
 1 13 56 57 60 70 71
 1 13 47 58
 1 13 47 58 60
 1 13 45 57 58 60
 1 13 45 56 57 60
 1 13 45 46 58
 1 13 45 46 58 60
 1 13 43 57 58 72
 1 13 43 57 58 70 71
 1 13 43 56 57 58 72
 1 13 43 56 57 58 70 71
 1 13 43 45 57 58
 1 13 43 45 56 57 58
 1 13 41 42 57 58 72
 1 13 41 42 57 58 70 71
 1 13 41 42 56 57 58 72
 1 13 41 42 56 57 58 70 71
 1 13 41 42 45 57 58
 1 13 41 42 45 56 57 58
 1 13 31 57 60 72
 1 13 31 57 60 70 71
 1 13 31 45 57 60
 1 13 31 43 57 58 72
 1 13 31 43 57 58 70 71
 1 13 31 43 45 57 58
 1 13 31 41 42 57 58 72
 1 13 31 41 42 57 58 70 71
 1 13 31 41 42 45 57 58
 1 13 20 58
 1 13 20 58 60
 1 13 16 57 58 72
 1 13 16 57 58 70 71
 1 13 16 56 57 58 72
 1 13 16 56 57 58 70 71
 1 13 16 45 57 58
 1 13 16 45 56 57 58
 1 13 16 31 57 58 72
 1 13 16 31 57 58 70 71
 1 13 16 31 45 57 58
 1 13 15 58 60 72
 1 13 15 58 60 70 71
 1 13 15 56 57 60 72
 1 13 15 56 57 60 70 71
 1 13 15 45 58 60
 1 13 15 45 56 57 60
 1 13 15 43 58 72
 1 13 15 43 58 70 71
 1 13 15 43 56 57 58 72
 1 13 15 43 56 57 58 70 71
 1 13 15 43 45 58
 1 13 15 43 45 56 57 58
 1 13 15 41 42 58 72
 1 13 15 41 42 58 70 71
 1 13 15 41 42 56 57 58 72
 1 13 15 41 42 56 57 58 70 71
 1 13 15 41 42 45 58
 1 13 15 41 42 45 56 57 58
 1 13 15 31 60 72
 1 13 15 31 60 70 71
 1 13 15 31 45 60
 1 13 15 31 43 58 72
 1 13 15 31 43 58 70 71
 1 13 15 31 43 45 58
 1 13 15 31 41 42 58 72
 1 13 15 31 41 42 58 70 71
 1 13 15 31 41 42 45 58
 1 13 15 16 58 72
 1 13 15 16 58 70 71
 1 13 15 16 56 57 58 72
 1 13 15 16 56 57 58 70 71
 1 13 15 16 45 58
 1 13 15 16 45 56 57 58
 1 13 15 16 31 58 72
 1 13 15 16 31 58 70 71
 1 13 15 16 31 45 58
 1 13 14 47 60 64 70
 1 13 14 47 60 64 68 69
 1 13 14 47 60 62 63 70
 1 13 14 47 60 62 63 68 69
 1 13 14 45 46 60 64 70
 1 13 14 45 46 60 64 68 69
 1 13 14 45 46 60 62 63 70
 1 13 14 45 46 60 62 63 68 69
 1 13 14 43 47 60 64
 1 13 14 43 47 60 62 63
 1 13 14 43 45 46 60 64
 1 13 14 43 45 46 60 62 63
 1 13 14 40 58 60 72
 1 13 14 40 58 60 70 71
 1 13 14 40 56 57 60 72
 1 13 14 40 56 57 60 70 71
 1 13 14 40 45 58 60
 1 13 14 40 45 56 57 60
 1 13 14 40 43 58 72
 1 13 14 40 43 58 70 71
 1 13 14 40 43 56 57 58 72
 1 13 14 40 43 56 57 58 70 71
 1 13 14 40 43 45 58
 1 13 14 40 43 45 56 57 58
 1 13 14 40 41 42 58 72
 1 13 14 40 41 42 58 70 71
 1 13 14 40 41 42 56 57 58 72
 1 13 14 40 41 42 56 57 58 70 71
 1 13 14 40 41 42 45 58
 1 13 14 40 41 42 45 56 57 58
 1 13 14 38 39 58 60 72
 1 13 14 38 39 58 60 70 71
 1 13 14 38 39 56 57 60 72
 1 13 14 38 39 56 57 60 70 71
 1 13 14 38 39 45 58 60
 1 13 14 38 39 45 56 57 60
 1 13 14 38 39 43 58 72
 1 13 14 38 39 43 58 70 71
 1 13 14 38 39 43 56 57 58 72
 1 13 14 38 39 43 56 57 58 70 71
 1 13 14 38 39 43 45 58
 1 13 14 38 39 43 45 56 57 58
 1 13 14 38 39 41 42 58 72
 1 13 14 38 39 41 42 58 70 71
 1 13 14 38 39 41 42 56 57 58 72
 1 13 14 38 39 41 42 56 57 58 70 71
 1 13 14 38 39 41 42 45 58
 1 13 14 38 39 41 42 45 56 57 58
 1 13 14 37 60
 1 13 14 37 47 60 70
 1 13 14 37 47 60 68 69
 1 13 14 37 45 46 60 70
 1 13 14 37 45 46 60 68 69
 1 13 14 37 43 47 60
 1 13 14 37 43 45 46 60
 1 13 14 31 40 60 72
 1 13 14 31 40 60 70 71
 1 13 14 31 40 45 60
 1 13 14 31 40 43 58 72
 1 13 14 31 40 43 58 70 71
 1 13 14 31 40 43 45 58
 1 13 14 31 40 41 42 58 72
 1 13 14 31 40 41 42 58 70 71
 1 13 14 31 40 41 42 45 58
 1 13 14 31 38 39 60 72
 1 13 14 31 38 39 60 70 71
 1 13 14 31 38 39 45 60
 1 13 14 31 38 39 43 58 72
 1 13 14 31 38 39 43 58 70 71
 1 13 14 31 38 39 43 45 58
 1 13 14 31 38 39 41 42 58 72
 1 13 14 31 38 39 41 42 58 70 71
 1 13 14 31 38 39 41 42 45 58
 1 13 14 20 60 64 70
 1 13 14 20 60 64 68 69
 1 13 14 20 60 62 63 70
 1 13 14 20 60 62 63 68 69
 1 13 14 20 43 60 64
 1 13 14 20 43 60 62 63
 1 13 14 20 37 60 70
 1 13 14 20 37 60 68 69
 1 13 14 20 37 43 60
 1 13 14 16 40 58 72
 1 13 14 16 40 58 70 71
 1 13 14 16 40 56 57 58 72
 1 13 14 16 40 56 57 58 70 71
 1 13 14 16 40 45 58
 1 13 14 16 40 45 56 57 58
 1 13 14 16 38 39 58 72
 1 13 14 16 38 39 58 70 71
 1 13 14 16 38 39 56 57 58 72
 1 13 14 16 38 39 56 57 58 70 71
 1 13 14 16 38 39 45 58
 1 13 14 16 38 39 45 56 57 58
 1 13 14 16 31 40 58 72
 1 13 14 16 31 40 58 70 71
 1 13 14 16 31 40 45 58
 1 13 14 16 31 38 39 58 72
 1 13 14 16 31 38 39 58 70 71
 1 13 14 16 31 38 39 45 58
