 60 72
 60 70 71
 60 66
 60 66 72
 60 66 70 71
 60 64 65
 60 64 65 72
 60 64 65 70 71
 58 68
 58 66 72
 58 66 70 71
 58 66 67
 58 64 65 72
 58 64 65 70 71
 58 62
 58 60 68 72
 58 60 68 70 71
 58 60 66 67 72
 58 60 66 67 70 71
 56 58
 56 57 60 68 72
 56 57 60 68 70 71
 56 57 60 66 67 72
 56 57 60 66 67 70 71
 56 57 58 70
 56 57 58 68 69
 54 58
 47 60 70
 47 60 68 69
 47 60 62 72
 47 60 62 70 71
 47 58 70
 47 58 68 69
 47 58 66
 47 58 64 65
 47 58 60
 47 58 60 70
 47 58 60 68 69
 47 58 60 66 72
 47 58 60 66 70
 47 58 60 66 70 71
 47 58 60 66 68 69
 47 58 60 64 65 72
 47 58 60 64 65 70
 47 58 60 64 65 70 71
 47 58 60 64 65 68 69
 47 56 58 70
 47 56 58 68 69
 47 56 57 58 60
 47 56 57 58 60 70
 47 56 57 58 60 68 69
 47 56 57 58 60 66 72
 47 56 57 58 60 66 70
 47 56 57 58 60 66 70 71
 47 56 57 58 60 66 68 69
 47 56 57 58 60 64 65 72
 47 56 57 58 60 64 65 70
 47 56 57 58 60 64 65 70 71
 47 56 57 58 60 64 65 68 69
 45 60
 45 60 66
 45 60 64 65
 45 58 74
 45 58 72 74
 45 58 70
 45 58 70 71 74
 45 58 70 71 72 73
 45 58 68 69
 45 58 66
 45 58 64 65
 45 58 60 68
 45 58 60 66 67
 45 56 58 72
 45 56 58 70
 45 56 58 70 71
 45 56 58 68 69
 45 56 57 60 68
 45 56 57 60 66 67
 45 56 57 58
 45 56 57 58 72
 45 56 57 58 70 71
 45 55 58 74
 45 55 58 72
 45 55 58 72 74
 45 55 58 70 71
 45 55 58 70 71 74
 45 55 58 70 71 72 73
 45 55 56 57 58
 45 55 56 57 58 72
 45 55 56 57 58 70 71
 45 54 58 74
 45 54 58 72
 45 54 58 72 74
 45 54 58 70 71
 45 54 58 70 71 74
 45 54 58 70 71 72 73
 45 54 56 57 58
 45 54 56 57 58 72
 45 54 56 57 58 70 71
 45 51 52 54 58 74
 45 51 52 54 58 72
 45 51 52 54 58 72 74
 45 51 52 54 58 70 71
 45 51 52 54 58 70 71 74
 45 51 52 54 58 70 71 72 73
 45 51 52 54 56 57 58
 45 51 52 54 56 57 58 72
 45 51 52 54 56 57 58 70 71
 45 51 52 53 58 74
 45 51 52 53 58 72
 45 51 52 53 58 72 74
 45 51 52 53 58 70 71
 45 51 52 53 58 70 71 74
 45 51 52 53 58 70 71 72 73
 45 51 52 53 56 57 58
 45 51 52 53 56 57 58 72
 45 51 52 53 56 57 58 70 71
 45 47 60 62
 45 47 58
 45 47 58 72
 45 47 58 70 71
 45 47 58 60 66
 45 47 58 60 64 65
 45 47 56 57 58 60 66
 45 47 56 57 58 60 64 65
 45 47 55 58
 45 47 55 58 72
 45 47 55 58 70 71
 45 47 54 58
 45 47 54 58 72
 45 47 54 58 70 71
 45 47 51 52 54 58
 45 47 51 52 54 58 72
 45 47 51 52 54 58 70 71
 45 47 51 52 53 58
 45 47 51 52 53 58 72
 45 47 51 52 53 58 70 71
 45 46 60 70
 45 46 60 68 69
 45 46 60 62
 45 46 60 62 72
 45 46 60 62 70 71
 45 46 58 70
 45 46 58 68 69
 45 46 58 66
 45 46 58 64 65
 45 46 58 60
 45 46 58 60 70
 45 46 58 60 68 69
 45 46 58 60 66
 45 46 58 60 66 72
 45 46 58 60 66 70
 45 46 58 60 66 70 71
 45 46 58 60 66 68 69
 45 46 58 60 64 65
 45 46 58 60 64 65 72
 45 46 58 60 64 65 70
 45 46 58 60 64 65 70 71
 45 46 58 60 64 65 68 69
 45 46 56 58 70
 45 46 56 58 68 69
 45 46 56 57 58 60
 45 46 56 57 58 60 70
 45 46 56 57 58 60 68 69
 45 46 56 57 58 60 66
 45 46 56 57 58 60 66 72
 45 46 56 57 58 60 66 70
 45 46 56 57 58 60 66 70 71
 45 46 56 57 58 60 66 68 69
 45 46 56 57 58 60 64 65
 45 46 56 57 58 60 64 65 72
 45 46 56 57 58 60 64 65 70
 45 46 56 57 58 60 64 65 70 71
 45 46 56 57 58 60 64 65 68 69
 43 56 57 58
 43 47 60
 43 47 58
 43 47 58 60
 43 47 58 60 66
 43 47 58 60 64 65
 43 47 56 58
 43 47 56 57 58 60
 43 47 56 57 58 60 66
 43 47 56 57 58 60 64 65
 43 45 58
 43 45 56 58
 43 45 46 60
 43 45 46 58
 43 45 46 58 60
 43 45 46 58 60 66
 43 45 46 58 60 64 65
 43 45 46 56 58
 43 45 46 56 57 58 60
 43 45 46 56 57 58 60 66
 43 45 46 56 57 58 60 64 65
 43 44 58
 43 44 58 72 74
 43 44 58 72 73
 43 44 58 70
 43 44 58 70 71 74
 43 44 58 70 71 72 73
 43 44 58 68 69
 43 44 56 58 72
 43 44 56 58 70
 43 44 56 58 70 71
 43 44 56 58 68 69
 43 44 56 57 58 72
 43 44 56 57 58 70 71
 43 44 55 58
 43 44 55 58 72
 43 44 55 58 72 74
 43 44 55 58 72 73
 43 44 55 58 70 71
 43 44 55 58 70 71 74
 43 44 55 58 70 71 72 73
 43 44 55 56 57 58 72
 43 44 55 56 57 58 70 71
 43 44 54 58
 43 44 54 58 72
 43 44 54 58 72 74
 43 44 54 58 72 73
 43 44 54 58 70 71
 43 44 54 58 70 71 74
 43 44 54 58 70 71 72 73
 43 44 54 56 57 58 72
 43 44 54 56 57 58 70 71
 43 44 51 52 54 58
 43 44 51 52 54 58 72
 43 44 51 52 54 58 72 74
 43 44 51 52 54 58 72 73
 43 44 51 52 54 58 70 71
 43 44 51 52 54 58 70 71 74
 43 44 51 52 54 58 70 71 72 73
 43 44 51 52 54 56 57 58 72
 43 44 51 52 54 56 57 58 70 71
 43 44 51 52 53 58
 43 44 51 52 53 58 72
 43 44 51 52 53 58 72 74
 43 44 51 52 53 58 72 73
 43 44 51 52 53 58 70 71
 43 44 51 52 53 58 70 71 74
 43 44 51 52 53 58 70 71 72 73
 43 44 51 52 53 56 57 58 72
 43 44 51 52 53 56 57 58 70 71
 43 44 47 58 72
 43 44 47 58 70 71
 43 44 47 55 58 72
 43 44 47 55 58 70 71
 43 44 47 54 58 72
 43 44 47 54 58 70 71
 43 44 47 51 52 54 58 72
 43 44 47 51 52 54 58 70 71
 43 44 47 51 52 53 58 72
 43 44 47 51 52 53 58 70 71
 43 44 45 58 74
 43 44 45 58 72 73
 43 44 45 56 58
 43 44 45 56 57 58
 43 44 45 55 58
 43 44 45 55 58 74
 43 44 45 55 58 72 73
 43 44 45 55 56 57 58
 43 44 45 54 58
 43 44 45 54 58 74
 43 44 45 54 58 72 73
 43 44 45 54 56 57 58
 43 44 45 51 52 54 58
 43 44 45 51 52 54 58 74
 43 44 45 51 52 54 58 72 73
 43 44 45 51 52 54 56 57 58
 43 44 45 51 52 53 58
 43 44 45 51 52 53 58 74
 43 44 45 51 52 53 58 72 73
 43 44 45 51 52 53 56 57 58
 43 44 45 47 58
 43 44 45 47 55 58
 43 44 45 47 54 58
 43 44 45 47 51 52 54 58
 43 44 45 47 51 52 53 58
 41 58
 41 58 60 72
 41 58 60 70 71
 41 56 57 60 72
 41 56 57 60 70 71
 41 45 58 60
 41 45 56 57 60
 40 45 58 74
 40 45 58 72
 40 45 58 72 74
 40 45 58 70 71
 40 45 58 70 71 74
 40 45 58 70 71 72 73
 40 45 56 57 58
 40 45 56 57 58 72
 40 45 56 57 58 70 71
 40 45 47 58
 40 45 47 58 72
 40 45 47 58 70 71
 40 43 44 58
 40 43 44 58 72
 40 43 44 58 72 74
 40 43 44 58 72 73
 40 43 44 58 70 71
 40 43 44 58 70 71 74
 40 43 44 58 70 71 72 73
 40 43 44 56 57 58 72
 40 43 44 56 57 58 70 71
 40 43 44 47 58 72
 40 43 44 47 58 70 71
 40 43 44 45 58
 40 43 44 45 58 74
 40 43 44 45 58 72 73
 40 43 44 45 56 57 58
 40 43 44 45 47 58
 39 60
 39 60 72
 39 60 70 71
 39 58 72
 39 58 70 71
 39 47 58
 39 47 58 60 72
 39 47 58 60 70
 39 47 58 60 70 71
 39 47 58 60 68 69
 39 47 56 57 58 60 72
 39 47 56 57 58 60 70
 39 47 56 57 58 60 70 71
 39 47 56 57 58 60 68 69
 39 45 60
 39 45 58
 39 45 47 58 60
 39 45 47 56 57 58 60
 39 45 46 58
 39 45 46 58 60
 39 45 46 58 60 72
 39 45 46 58 60 70
 39 45 46 58 60 70 71
 39 45 46 58 60 68 69
 39 45 46 56 57 58 60
 39 45 46 56 57 58 60 72
 39 45 46 56 57 58 60 70
 39 45 46 56 57 58 60 70 71
 39 45 46 56 57 58 60 68 69
 39 43 47 58 60
 39 43 47 56 57 58 60
 39 43 45 46 58 60
 39 43 45 46 56 57 58 60
 38 58
 38 39 45 58 74
 38 39 45 58 72
 38 39 45 58 72 74
 38 39 45 58 70 71
 38 39 45 58 70 71 74
 38 39 45 58 70 71 72 73
 38 39 45 56 57 58
 38 39 45 56 57 58 72
 38 39 45 56 57 58 70 71
 38 39 45 47 58
 38 39 45 47 58 72
 38 39 45 47 58 70 71
 38 39 43 44 58
 38 39 43 44 58 72
 38 39 43 44 58 72 74
 38 39 43 44 58 72 73
 38 39 43 44 58 70 71
 38 39 43 44 58 70 71 74
 38 39 43 44 58 70 71 72 73
 38 39 43 44 56 57 58 72
 38 39 43 44 56 57 58 70 71
 38 39 43 44 47 58 72
 38 39 43 44 47 58 70 71
 38 39 43 44 45 58
 38 39 43 44 45 58 74
 38 39 43 44 45 58 72 73
 38 39 43 44 45 56 57 58
 38 39 43 44 45 47 58
 37 60 70
 37 60 68 69
 37 58 62
 37 47 58 70
 37 47 58 68 69
 37 45 46 58 70
 37 45 46 58 68 69
 37 43 60
 37 43 47 58
 37 43 45 46 58
 36 37 58
 35 60 70
 35 60 68 69
 35 58 72
 35 58 70
 35 58 70 71
 35 58 68 69
 35 45 58
 35 43 60
 35 43 58
 35 43 56 57 58
 35 43 56 57 58 70
 35 43 56 57 58 68 69
 35 41 58 70
 35 41 58 68 69
 35 41 43 58
 35 41 42 56 57 58 70
 35 41 42 56 57 58 68 69
 35 41 42 43 56 57 58
 35 39 40 58 70
 35 39 40 58 68 69
 35 39 40 43 58
 31 60 68 72
 31 60 68 70 71
 31 60 66 67 72
 31 60 66 67 70 71
 31 58 70
 31 58 68 69
 31 47 58 60
 31 47 58 60 70
 31 47 58 60 68 69
 31 47 58 60 66 72
 31 47 58 60 66 70
 31 47 58 60 66 70 71
 31 47 58 60 66 68 69
 31 47 58 60 64 65 72
 31 47 58 60 64 65 70
 31 47 58 60 64 65 70 71
 31 47 58 60 64 65 68 69
 31 45 60 68
 31 45 60 66 67
 31 45 58
 31 45 58 72
 31 45 58 70
 31 45 58 70 71
 31 45 58 68 69
 31 45 56 58 70
 31 45 56 58 68 69
 31 45 55 58
 31 45 55 58 72
 31 45 55 58 70 71
 31 45 54 58
 31 45 54 58 72
 31 45 54 58 70 71
 31 45 51 52 54 58
 31 45 51 52 54 58 72
 31 45 51 52 54 58 70 71
 31 45 51 52 53 58
 31 45 51 52 53 58 72
 31 45 51 52 53 58 70 71
 31 45 47 58 60 66
 31 45 47 58 60 64 65
 31 45 46 58 60
 31 45 46 58 60 70
 31 45 46 58 60 68 69
 31 45 46 58 60 66
 31 45 46 58 60 66 72
 31 45 46 58 60 66 70
 31 45 46 58 60 66 70 71
 31 45 46 58 60 66 68 69
 31 45 46 58 60 64 65
 31 45 46 58 60 64 65 72
 31 45 46 58 60 64 65 70
 31 45 46 58 60 64 65 70 71
 31 45 46 58 60 64 65 68 69
 31 43 58
 31 43 47 58 60
 31 43 47 58 60 66
 31 43 47 58 60 64 65
 31 43 45 58
 31 43 45 56 58
 31 43 45 46 58 60
 31 43 45 46 58 60 66
 31 43 45 46 58 60 64 65
 31 43 44 58
 31 43 44 58 72
 31 43 44 58 70
 31 43 44 58 70 71
 31 43 44 58 68 69
 31 43 44 56 58
 31 43 44 56 58 70
 31 43 44 56 58 68 69
 31 43 44 55 58 72
 31 43 44 55 58 70 71
 31 43 44 54 58 72
 31 43 44 54 58 70 71
 31 43 44 51 52 54 58 72
 31 43 44 51 52 54 58 70 71
 31 43 44 51 52 53 58 72
 31 43 44 51 52 53 58 70 71
 31 43 44 45 58
 31 43 44 45 55 58
 31 43 44 45 54 58
 31 43 44 45 51 52 54 58
 31 43 44 45 51 52 53 58
 31 41 60 72
 31 41 60 70 71
 31 41 45 60
 31 40 45 58
 31 40 45 58 72
 31 40 45 58 70 71
 31 40 43 44 58 72
 31 40 43 44 58 70 71
 31 40 43 44 45 58
 31 39 47 58 60 72
 31 39 47 58 60 70
 31 39 47 58 60 70 71
 31 39 47 58 60 68 69
 31 39 45 47 58 60
 31 39 45 46 58 60
 31 39 45 46 58 60 72
 31 39 45 46 58 60 70
 31 39 45 46 58 60 70 71
 31 39 45 46 58 60 68 69
 31 39 43 47 58 60
 31 39 43 45 46 58 60
 31 38 39 45 58
 31 38 39 45 58 72
 31 38 39 45 58 70 71
 31 38 39 43 44 58 72
 31 38 39 43 44 58 70 71
 31 38 39 43 44 45 58
 31 35 43 58
 31 35 43 58 70
 31 35 43 58 68 69
 31 35 41 42 58 70
 31 35 41 42 58 68 69
 31 35 41 42 43 58
 30 45 55 58
 30 45 55 58 72
 30 45 55 58 70 71
 30 45 54 58
 30 45 54 58 72
 30 45 54 58 70 71
 30 45 51 52 54 58
 30 45 51 52 54 58 72
 30 45 51 52 54 58 70 71
 30 45 51 52 53 58
 30 45 51 52 53 58 72
 30 45 51 52 53 58 70 71
 30 43 44 55 58 72
 30 43 44 55 58 70 71
 30 43 44 54 58 72
 30 43 44 54 58 70 71
 30 43 44 51 52 54 58 72
 30 43 44 51 52 54 58 70 71
 30 43 44 51 52 53 58 72
 30 43 44 51 52 53 58 70 71
 30 43 44 45 55 58
 30 43 44 45 54 58
 30 43 44 45 51 52 54 58
 30 43 44 45 51 52 53 58
 30 40 45 58
 30 40 45 58 72
 30 40 45 58 70 71
 30 40 43 44 58 72
 30 40 43 44 58 70 71
 30 40 43 44 45 58
 30 38 39 45 58
 30 38 39 45 58 72
 30 38 39 45 58 70 71
 30 38 39 43 44 58 72
 30 38 39 43 44 58 70 71
 30 38 39 43 44 45 58
 28 60 66
 28 60 66 72
 28 60 66 70 71
 28 60 64 65
 28 60 64 65 72
 28 60 64 65 70 71
 28 58 70
 28 58 68 69
 28 58 66
 28 58 64 65
 28 58 60 66
 28 58 60 64 65
 28 47 60 66 70
 28 47 60 66 68 69
 28 47 60 64 65 70
 28 47 60 64 65 68 69
 28 47 58 66 72
 28 47 58 66 70 71
 28 47 58 64 65 72
 28 47 58 64 65 70 71
 28 47 56 58 66 72
 28 47 56 58 66 70 71
 28 47 56 58 64 65 72
 28 47 56 58 64 65 70 71
 28 45 60 66
 28 45 60 64 65
 28 45 55 58 74
 28 45 55 58 72
 28 45 55 58 72 74
 28 45 55 58 70 71
 28 45 55 58 70 71 74
 28 45 55 58 70 71 72 73
 28 45 55 56 57 58
 28 45 55 56 57 58 72
 28 45 55 56 57 58 70 71
 28 45 54 58 74
 28 45 54 58 72
 28 45 54 58 72 74
 28 45 54 58 70 71
 28 45 54 58 70 71 74
 28 45 54 58 70 71 72 73
 28 45 54 56 57 58
 28 45 54 56 57 58 72
 28 45 54 56 57 58 70 71
 28 45 51 52 54 58 74
 28 45 51 52 54 58 72
 28 45 51 52 54 58 72 74
 28 45 51 52 54 58 70 71
 28 45 51 52 54 58 70 71 74
 28 45 51 52 54 58 70 71 72 73
 28 45 51 52 54 56 57 58
 28 45 51 52 54 56 57 58 72
 28 45 51 52 54 56 57 58 70 71
 28 45 51 52 53 58 74
 28 45 51 52 53 58 72
 28 45 51 52 53 58 72 74
 28 45 51 52 53 58 70 71
 28 45 51 52 53 58 70 71 74
 28 45 51 52 53 58 70 71 72 73
 28 45 51 52 53 56 57 58
 28 45 51 52 53 56 57 58 72
 28 45 51 52 53 56 57 58 70 71
 28 45 47 58 66
 28 45 47 58 64 65
 28 45 47 56 58 66
 28 45 47 56 58 64 65
 28 45 47 55 58
 28 45 47 55 58 72
 28 45 47 55 58 70 71
 28 45 47 54 58
 28 45 47 54 58 72
 28 45 47 54 58 70 71
 28 45 47 51 52 54 58
 28 45 47 51 52 54 58 72
 28 45 47 51 52 54 58 70 71
 28 45 47 51 52 53 58
 28 45 47 51 52 53 58 72
 28 45 47 51 52 53 58 70 71
 28 45 46 60 66 70
 28 45 46 60 66 68 69
 28 45 46 60 64 65 70
 28 45 46 60 64 65 68 69
 28 45 46 58 66
 28 45 46 58 66 72
 28 45 46 58 66 70 71
 28 45 46 58 64 65
 28 45 46 58 64 65 72
 28 45 46 58 64 65 70 71
 28 45 46 56 58 66
 28 45 46 56 58 66 72
 28 45 46 56 58 66 70 71
 28 45 46 56 58 64 65
 28 45 46 56 58 64 65 72
 28 45 46 56 58 64 65 70 71
 28 43 58
 28 43 47 60 66
 28 43 47 60 64 65
 28 43 45 46 60 66
 28 43 45 46 60 64 65
 28 43 44 55 58
 28 43 44 55 58 72
 28 43 44 55 58 72 74
 28 43 44 55 58 72 73
 28 43 44 55 58 70 71
 28 43 44 55 58 70 71 74
 28 43 44 55 58 70 71 72 73
 28 43 44 55 56 57 58 72
 28 43 44 55 56 57 58 70 71
 28 43 44 54 58
 28 43 44 54 58 72
 28 43 44 54 58 72 74
 28 43 44 54 58 72 73
 28 43 44 54 58 70 71
 28 43 44 54 58 70 71 74
 28 43 44 54 58 70 71 72 73
 28 43 44 54 56 57 58 72
 28 43 44 54 56 57 58 70 71
 28 43 44 51 52 54 58
 28 43 44 51 52 54 58 72
 28 43 44 51 52 54 58 72 74
 28 43 44 51 52 54 58 72 73
 28 43 44 51 52 54 58 70 71
 28 43 44 51 52 54 58 70 71 74
 28 43 44 51 52 54 58 70 71 72 73
 28 43 44 51 52 54 56 57 58 72
 28 43 44 51 52 54 56 57 58 70 71
 28 43 44 51 52 53 58
 28 43 44 51 52 53 58 72
 28 43 44 51 52 53 58 72 74
 28 43 44 51 52 53 58 72 73
 28 43 44 51 52 53 58 70 71
 28 43 44 51 52 53 58 70 71 74
 28 43 44 51 52 53 58 70 71 72 73
 28 43 44 51 52 53 56 57 58 72
 28 43 44 51 52 53 56 57 58 70 71
 28 43 44 47 55 58 72
 28 43 44 47 55 58 70 71
 28 43 44 47 54 58 72
 28 43 44 47 54 58 70 71
 28 43 44 47 51 52 54 58 72
 28 43 44 47 51 52 54 58 70 71
 28 43 44 47 51 52 53 58 72
 28 43 44 47 51 52 53 58 70 71
 28 43 44 45 55 58
 28 43 44 45 55 58 74
 28 43 44 45 55 58 72 73
 28 43 44 45 55 56 57 58
 28 43 44 45 54 58
 28 43 44 45 54 58 74
 28 43 44 45 54 58 72 73
 28 43 44 45 54 56 57 58
 28 43 44 45 51 52 54 58
 28 43 44 45 51 52 54 58 74
 28 43 44 45 51 52 54 58 72 73
 28 43 44 45 51 52 54 56 57 58
 28 43 44 45 51 52 53 58
 28 43 44 45 51 52 53 58 74
 28 43 44 45 51 52 53 58 72 73
 28 43 44 45 51 52 53 56 57 58
 28 43 44 45 47 55 58
 28 43 44 45 47 54 58
 28 43 44 45 47 51 52 54 58
 28 43 44 45 47 51 52 53 58
 28 40 45 58 74
 28 40 45 58 72
 28 40 45 58 72 74
 28 40 45 58 70 71
 28 40 45 58 70 71 74
 28 40 45 58 70 71 72 73
 28 40 45 56 57 58
 28 40 45 56 57 58 72
 28 40 45 56 57 58 70 71
 28 40 45 47 58
 28 40 45 47 58 72
 28 40 45 47 58 70 71
 28 40 43 44 58
 28 40 43 44 58 72
 28 40 43 44 58 72 74
 28 40 43 44 58 72 73
 28 40 43 44 58 70 71
 28 40 43 44 58 70 71 74
 28 40 43 44 58 70 71 72 73
 28 40 43 44 56 57 58 72
 28 40 43 44 56 57 58 70 71
 28 40 43 44 47 58 72
 28 40 43 44 47 58 70 71
 28 40 43 44 45 58
 28 40 43 44 45 58 74
 28 40 43 44 45 58 72 73
 28 40 43 44 45 56 57 58
 28 40 43 44 45 47 58
 28 39 60
 28 39 60 72
 28 39 60 70 71
 28 39 58
 28 39 58 60
 28 39 47 60 70
 28 39 47 60 68 69
 28 39 47 58 72
 28 39 47 58 70 71
 28 39 47 56 58 72
 28 39 47 56 58 70 71
 28 39 45 60
 28 39 45 47 58
 28 39 45 47 56 58
 28 39 45 46 60 70
 28 39 45 46 60 68 69
 28 39 45 46 58
 28 39 45 46 58 72
 28 39 45 46 58 70 71
 28 39 45 46 56 58
 28 39 45 46 56 58 72
 28 39 45 46 56 58 70 71
 28 39 43 47 60
 28 39 43 45 46 60
 28 38 58
 28 38 39 45 58 74
 28 38 39 45 58 72
 28 38 39 45 58 72 74
 28 38 39 45 58 70 71
 28 38 39 45 58 70 71 74
 28 38 39 45 58 70 71 72 73
 28 38 39 45 56 57 58
 28 38 39 45 56 57 58 72
 28 38 39 45 56 57 58 70 71
 28 38 39 45 47 58
 28 38 39 45 47 58 72
 28 38 39 45 47 58 70 71
 28 38 39 43 44 58
 28 38 39 43 44 58 72
 28 38 39 43 44 58 72 74
 28 38 39 43 44 58 72 73
 28 38 39 43 44 58 70 71
 28 38 39 43 44 58 70 71 74
 28 38 39 43 44 58 70 71 72 73
 28 38 39 43 44 56 57 58 72
 28 38 39 43 44 56 57 58 70 71
 28 38 39 43 44 47 58 72
 28 38 39 43 44 47 58 70 71
 28 38 39 43 44 45 58
 28 38 39 43 44 45 58 74
 28 38 39 43 44 45 58 72 73
 28 38 39 43 44 45 56 57 58
 28 38 39 43 44 45 47 58
 28 37 47 58 66 72
 28 37 47 58 66 70 71
 28 37 47 58 64 65 72
 28 37 47 58 64 65 70 71
 28 37 45 47 58 66
 28 37 45 47 58 64 65
 28 37 45 46 58 66
 28 37 45 46 58 66 72
 28 37 45 46 58 66 70 71
 28 37 45 46 58 64 65
 28 37 45 46 58 64 65 72
 28 37 45 46 58 64 65 70 71
 28 37 39 47 58 72
 28 37 39 47 58 70 71
 28 37 39 45 47 58
 28 37 39 45 46 58
 28 37 39 45 46 58 72
 28 37 39 45 46 58 70 71
 28 36 37 58
 28 35 60 66 72
 28 35 60 66 70 71
 28 35 60 64 65 72
 28 35 60 64 65 70 71
 28 35 58 72
 28 35 58 70
 28 35 58 70 71
 28 35 58 68 69
 28 35 58 66 72
 28 35 58 66 70 71
 28 35 58 64 65 72
 28 35 58 64 65 70 71
 28 35 56 57 58 70
 28 35 56 57 58 68 69
 28 35 45 60 66
 28 35 45 60 64 65
 28 35 45 58
 28 35 45 58 66
 28 35 45 58 64 65
 28 35 43 58
 28 35 43 56 57 58
 28 35 39 60 72
 28 35 39 60 70 71
 28 35 39 58 72
 28 35 39 58 70 71
 28 35 39 45 60
 28 35 39 45 58
 28 31 45 55 58
 28 31 45 55 58 72
 28 31 45 55 58 70 71
 28 31 45 54 58
 28 31 45 54 58 72
 28 31 45 54 58 70 71
 28 31 45 51 52 54 58
 28 31 45 51 52 54 58 72
 28 31 45 51 52 54 58 70 71
 28 31 45 51 52 53 58
 28 31 45 51 52 53 58 72
 28 31 45 51 52 53 58 70 71
 28 31 43 44 55 58 72
 28 31 43 44 55 58 70 71
 28 31 43 44 54 58 72
 28 31 43 44 54 58 70 71
 28 31 43 44 51 52 54 58 72
 28 31 43 44 51 52 54 58 70 71
 28 31 43 44 51 52 53 58 72
 28 31 43 44 51 52 53 58 70 71
 28 31 43 44 45 55 58
 28 31 43 44 45 54 58
 28 31 43 44 45 51 52 54 58
 28 31 43 44 45 51 52 53 58
 28 31 40 45 58
 28 31 40 45 58 72
 28 31 40 45 58 70 71
 28 31 40 43 44 58 72
 28 31 40 43 44 58 70 71
 28 31 40 43 44 45 58
 28 31 38 39 45 58
 28 31 38 39 45 58 72
 28 31 38 39 45 58 70 71
 28 31 38 39 43 44 58 72
 28 31 38 39 43 44 58 70 71
 28 31 38 39 43 44 45 58
 28 31 35 58 70
 28 31 35 58 68 69
 28 31 35 43 58
 28 30 45 58
 28 30 45 58 72
 28 30 45 58 70 71
 28 30 43 44 58 72
 28 30 43 44 58 70 71
 28 30 43 44 45 58
 28 29 45 58
 28 29 45 58 72
 28 29 45 58 70 71
 28 29 45 55 58
 28 29 45 55 58 72
 28 29 45 55 58 70 71
 28 29 45 54 58
 28 29 45 54 58 72
 28 29 45 54 58 70 71
 28 29 45 51 52 54 58
 28 29 45 51 52 54 58 72
 28 29 45 51 52 54 58 70 71
 28 29 45 51 52 53 58
 28 29 45 51 52 53 58 72
 28 29 45 51 52 53 58 70 71
 28 29 43 44 58 72
 28 29 43 44 58 70 71
 28 29 43 44 55 58 72
 28 29 43 44 55 58 70 71
 28 29 43 44 54 58 72
 28 29 43 44 54 58 70 71
 28 29 43 44 51 52 54 58 72
 28 29 43 44 51 52 54 58 70 71
 28 29 43 44 51 52 53 58 72
 28 29 43 44 51 52 53 58 70 71
 28 29 43 44 45 58
 28 29 43 44 45 55 58
 28 29 43 44 45 54 58
 28 29 43 44 45 51 52 54 58
 28 29 43 44 45 51 52 53 58
 28 29 40 45 58
 28 29 40 45 58 72
 28 29 40 45 58 70 71
 28 29 40 43 44 58 72
 28 29 40 43 44 58 70 71
 28 29 40 43 44 45 58
 28 29 38 39 45 58
 28 29 38 39 45 58 72
 28 29 38 39 45 58 70 71
 28 29 38 39 43 44 58 72
 28 29 38 39 43 44 58 70 71
 28 29 38 39 43 44 45 58
 27 45 58 74
 27 45 58 72
 27 45 58 72 74
 27 45 58 70 71
 27 45 58 70 71 74
 27 45 58 70 71 72 73
 27 45 56 57 58
 27 45 56 57 58 72
 27 45 56 57 58 70 71
 27 45 53 58 74
 27 45 53 58 72
 27 45 53 58 72 74
 27 45 53 58 70 71
 27 45 53 58 70 71 74
 27 45 53 58 70 71 72 73
 27 45 53 56 57 58
 27 45 53 56 57 58 72
 27 45 53 56 57 58 70 71
 27 45 51 52 58 74
 27 45 51 52 58 72
 27 45 51 52 58 72 74
 27 45 51 52 58 70 71
 27 45 51 52 58 70 71 74
 27 45 51 52 58 70 71 72 73
 27 45 51 52 56 57 58
 27 45 51 52 56 57 58 72
 27 45 51 52 56 57 58 70 71
 27 45 47 58
 27 45 47 58 72
 27 45 47 58 70 71
 27 45 47 53 58
 27 45 47 53 58 72
 27 45 47 53 58 70 71
 27 45 47 51 52 58
 27 45 47 51 52 58 72
 27 45 47 51 52 58 70 71
 27 43 44 58
 27 43 44 58 72
 27 43 44 58 72 74
 27 43 44 58 72 73
 27 43 44 58 70 71
 27 43 44 58 70 71 74
 27 43 44 58 70 71 72 73
 27 43 44 56 57 58 72
 27 43 44 56 57 58 70 71
 27 43 44 53 58
 27 43 44 53 58 72
 27 43 44 53 58 72 74
 27 43 44 53 58 72 73
 27 43 44 53 58 70 71
 27 43 44 53 58 70 71 74
 27 43 44 53 58 70 71 72 73
 27 43 44 53 56 57 58 72
 27 43 44 53 56 57 58 70 71
 27 43 44 51 52 58
 27 43 44 51 52 58 72
 27 43 44 51 52 58 72 74
 27 43 44 51 52 58 72 73
 27 43 44 51 52 58 70 71
 27 43 44 51 52 58 70 71 74
 27 43 44 51 52 58 70 71 72 73
 27 43 44 51 52 56 57 58 72
 27 43 44 51 52 56 57 58 70 71
 27 43 44 47 58 72
 27 43 44 47 58 70 71
 27 43 44 47 53 58 72
 27 43 44 47 53 58 70 71
 27 43 44 47 51 52 58 72
 27 43 44 47 51 52 58 70 71
 27 43 44 45 58
 27 43 44 45 58 74
 27 43 44 45 58 72 73
 27 43 44 45 56 57 58
 27 43 44 45 53 58
 27 43 44 45 53 58 74
 27 43 44 45 53 58 72 73
 27 43 44 45 53 56 57 58
 27 43 44 45 51 52 58
 27 43 44 45 51 52 58 74
 27 43 44 45 51 52 58 72 73
 27 43 44 45 51 52 56 57 58
 27 43 44 45 47 58
 27 43 44 45 47 53 58
 27 43 44 45 47 51 52 58
 27 31 45 58
 27 31 45 58 72
 27 31 45 58 70 71
 27 31 45 53 58
 27 31 45 53 58 72
 27 31 45 53 58 70 71
 27 31 45 51 52 58
 27 31 45 51 52 58 72
 27 31 45 51 52 58 70 71
 27 31 43 44 58 72
 27 31 43 44 58 70 71
 27 31 43 44 53 58 72
 27 31 43 44 53 58 70 71
 27 31 43 44 51 52 58 72
 27 31 43 44 51 52 58 70 71
 27 31 43 44 45 58
 27 31 43 44 45 53 58
 27 31 43 44 45 51 52 58
 27 30 45 58
 27 30 45 58 72
 27 30 45 58 70 71
 27 30 45 53 58
 27 30 45 53 58 72
 27 30 45 53 58 70 71
 27 30 45 51 52 58
 27 30 45 51 52 58 72
 27 30 45 51 52 58 70 71
 27 30 43 44 58 72
 27 30 43 44 58 70 71
 27 30 43 44 53 58 72
 27 30 43 44 53 58 70 71
 27 30 43 44 51 52 58 72
 27 30 43 44 51 52 58 70 71
 27 30 43 44 45 58
 27 30 43 44 45 53 58
 27 30 43 44 45 51 52 58
 27 28 45 58 74
 27 28 45 58 72
 27 28 45 58 72 74
 27 28 45 58 70 71
 27 28 45 58 70 71 74
 27 28 45 58 70 71 72 73
 27 28 45 56 57 58
 27 28 45 56 57 58 72
 27 28 45 56 57 58 70 71
 27 28 45 53 58 74
 27 28 45 53 58 72
 27 28 45 53 58 72 74
 27 28 45 53 58 70 71
 27 28 45 53 58 70 71 74
 27 28 45 53 58 70 71 72 73
 27 28 45 53 56 57 58
 27 28 45 53 56 57 58 72
 27 28 45 53 56 57 58 70 71
 27 28 45 51 52 58 74
 27 28 45 51 52 58 72
 27 28 45 51 52 58 72 74
 27 28 45 51 52 58 70 71
 27 28 45 51 52 58 70 71 74
 27 28 45 51 52 58 70 71 72 73
 27 28 45 51 52 56 57 58
 27 28 45 51 52 56 57 58 72
 27 28 45 51 52 56 57 58 70 71
 27 28 45 47 58
 27 28 45 47 58 72
 27 28 45 47 58 70 71
 27 28 45 47 53 58
 27 28 45 47 53 58 72
 27 28 45 47 53 58 70 71
 27 28 45 47 51 52 58
 27 28 45 47 51 52 58 72
 27 28 45 47 51 52 58 70 71
 27 28 43 44 58
 27 28 43 44 58 72
 27 28 43 44 58 72 74
 27 28 43 44 58 72 73
 27 28 43 44 58 70 71
 27 28 43 44 58 70 71 74
 27 28 43 44 58 70 71 72 73
 27 28 43 44 56 57 58 72
 27 28 43 44 56 57 58 70 71
 27 28 43 44 53 58
 27 28 43 44 53 58 72
 27 28 43 44 53 58 72 74
 27 28 43 44 53 58 72 73
 27 28 43 44 53 58 70 71
 27 28 43 44 53 58 70 71 74
 27 28 43 44 53 58 70 71 72 73
 27 28 43 44 53 56 57 58 72
 27 28 43 44 53 56 57 58 70 71
 27 28 43 44 51 52 58
 27 28 43 44 51 52 58 72
 27 28 43 44 51 52 58 72 74
 27 28 43 44 51 52 58 72 73
 27 28 43 44 51 52 58 70 71
 27 28 43 44 51 52 58 70 71 74
 27 28 43 44 51 52 58 70 71 72 73
 27 28 43 44 51 52 56 57 58 72
 27 28 43 44 51 52 56 57 58 70 71
 27 28 43 44 47 58 72
 27 28 43 44 47 58 70 71
 27 28 43 44 47 53 58 72
 27 28 43 44 47 53 58 70 71
 27 28 43 44 47 51 52 58 72
 27 28 43 44 47 51 52 58 70 71
 27 28 43 44 45 58
 27 28 43 44 45 58 74
 27 28 43 44 45 58 72 73
 27 28 43 44 45 56 57 58
 27 28 43 44 45 53 58
 27 28 43 44 45 53 58 74
 27 28 43 44 45 53 58 72 73
 27 28 43 44 45 53 56 57 58
 27 28 43 44 45 51 52 58
 27 28 43 44 45 51 52 58 74
 27 28 43 44 45 51 52 58 72 73
 27 28 43 44 45 51 52 56 57 58
 27 28 43 44 45 47 58
 27 28 43 44 45 47 53 58
 27 28 43 44 45 47 51 52 58
 27 28 31 45 58
 27 28 31 45 58 72
 27 28 31 45 58 70 71
 27 28 31 45 53 58
 27 28 31 45 53 58 72
 27 28 31 45 53 58 70 71
 27 28 31 45 51 52 58
 27 28 31 45 51 52 58 72
 27 28 31 45 51 52 58 70 71
 27 28 31 43 44 58 72
 27 28 31 43 44 58 70 71
 27 28 31 43 44 53 58 72
 27 28 31 43 44 53 58 70 71
 27 28 31 43 44 51 52 58 72
 27 28 31 43 44 51 52 58 70 71
 27 28 31 43 44 45 58
 27 28 31 43 44 45 53 58
 27 28 31 43 44 45 51 52 58
 27 28 29 45 58
 27 28 29 45 58 72
 27 28 29 45 58 70 71
 27 28 29 45 53 58
 27 28 29 45 53 58 72
 27 28 29 45 53 58 70 71
 27 28 29 45 51 52 58
 27 28 29 45 51 52 58 72
 27 28 29 45 51 52 58 70 71
 27 28 29 43 44 58 72
 27 28 29 43 44 58 70 71
 27 28 29 43 44 53 58 72
 27 28 29 43 44 53 58 70 71
 27 28 29 43 44 51 52 58 72
 27 28 29 43 44 51 52 58 70 71
 27 28 29 43 44 45 58
 27 28 29 43 44 45 53 58
 27 28 29 43 44 45 51 52 58
 26 45 54 58 74
 26 45 54 58 72
 26 45 54 58 72 74
 26 45 54 58 70 71
 26 45 54 58 70 71 74
 26 45 54 58 70 71 72 73
 26 45 54 56 57 58
 26 45 54 56 57 58 72
 26 45 54 56 57 58 70 71
 26 45 52 53 58 74
 26 45 52 53 58 72
 26 45 52 53 58 72 74
 26 45 52 53 58 70 71
 26 45 52 53 58 70 71 74
 26 45 52 53 58 70 71 72 73
 26 45 52 53 56 57 58
 26 45 52 53 56 57 58 72
 26 45 52 53 56 57 58 70 71
 26 45 47 54 58
 26 45 47 54 58 72
 26 45 47 54 58 70 71
 26 45 47 52 53 58
 26 45 47 52 53 58 72
 26 45 47 52 53 58 70 71
 26 43 44 54 58
 26 43 44 54 58 72
 26 43 44 54 58 72 74
 26 43 44 54 58 72 73
 26 43 44 54 58 70 71
 26 43 44 54 58 70 71 74
 26 43 44 54 58 70 71 72 73
 26 43 44 54 56 57 58 72
 26 43 44 54 56 57 58 70 71
 26 43 44 52 53 58
 26 43 44 52 53 58 72
 26 43 44 52 53 58 72 74
 26 43 44 52 53 58 72 73
 26 43 44 52 53 58 70 71
 26 43 44 52 53 58 70 71 74
 26 43 44 52 53 58 70 71 72 73
 26 43 44 52 53 56 57 58 72
 26 43 44 52 53 56 57 58 70 71
 26 43 44 47 54 58 72
 26 43 44 47 54 58 70 71
 26 43 44 47 52 53 58 72
 26 43 44 47 52 53 58 70 71
 26 43 44 45 54 58
 26 43 44 45 54 58 74
 26 43 44 45 54 58 72 73
 26 43 44 45 54 56 57 58
 26 43 44 45 52 53 58
 26 43 44 45 52 53 58 74
 26 43 44 45 52 53 58 72 73
 26 43 44 45 52 53 56 57 58
 26 43 44 45 47 54 58
 26 43 44 45 47 52 53 58
 26 31 45 54 58
 26 31 45 54 58 72
 26 31 45 54 58 70 71
 26 31 45 52 53 58
 26 31 45 52 53 58 72
 26 31 45 52 53 58 70 71
 26 31 43 44 54 58 72
 26 31 43 44 54 58 70 71
 26 31 43 44 52 53 58 72
 26 31 43 44 52 53 58 70 71
 26 31 43 44 45 54 58
 26 31 43 44 45 52 53 58
 26 30 45 54 58
 26 30 45 54 58 72
 26 30 45 54 58 70 71
 26 30 45 52 53 58
 26 30 45 52 53 58 72
 26 30 45 52 53 58 70 71
 26 30 43 44 54 58 72
 26 30 43 44 54 58 70 71
 26 30 43 44 52 53 58 72
 26 30 43 44 52 53 58 70 71
 26 30 43 44 45 54 58
 26 30 43 44 45 52 53 58
 26 28 45 54 58 74
 26 28 45 54 58 72
 26 28 45 54 58 72 74
 26 28 45 54 58 70 71
 26 28 45 54 58 70 71 74
 26 28 45 54 58 70 71 72 73
 26 28 45 54 56 57 58
 26 28 45 54 56 57 58 72
 26 28 45 54 56 57 58 70 71
 26 28 45 52 53 58 74
 26 28 45 52 53 58 72
 26 28 45 52 53 58 72 74
 26 28 45 52 53 58 70 71
 26 28 45 52 53 58 70 71 74
 26 28 45 52 53 58 70 71 72 73
 26 28 45 52 53 56 57 58
 26 28 45 52 53 56 57 58 72
 26 28 45 52 53 56 57 58 70 71
 26 28 45 47 54 58
 26 28 45 47 54 58 72
 26 28 45 47 54 58 70 71
 26 28 45 47 52 53 58
 26 28 45 47 52 53 58 72
 26 28 45 47 52 53 58 70 71
 26 28 43 44 54 58
 26 28 43 44 54 58 72
 26 28 43 44 54 58 72 74
 26 28 43 44 54 58 72 73
 26 28 43 44 54 58 70 71
 26 28 43 44 54 58 70 71 74
 26 28 43 44 54 58 70 71 72 73
 26 28 43 44 54 56 57 58 72
 26 28 43 44 54 56 57 58 70 71
 26 28 43 44 52 53 58
 26 28 43 44 52 53 58 72
 26 28 43 44 52 53 58 72 74
 26 28 43 44 52 53 58 72 73
 26 28 43 44 52 53 58 70 71
 26 28 43 44 52 53 58 70 71 74
 26 28 43 44 52 53 58 70 71 72 73
 26 28 43 44 52 53 56 57 58 72
 26 28 43 44 52 53 56 57 58 70 71
 26 28 43 44 47 54 58 72
 26 28 43 44 47 54 58 70 71
 26 28 43 44 47 52 53 58 72
 26 28 43 44 47 52 53 58 70 71
 26 28 43 44 45 54 58
 26 28 43 44 45 54 58 74
 26 28 43 44 45 54 58 72 73
 26 28 43 44 45 54 56 57 58
 26 28 43 44 45 52 53 58
 26 28 43 44 45 52 53 58 74
 26 28 43 44 45 52 53 58 72 73
 26 28 43 44 45 52 53 56 57 58
 26 28 43 44 45 47 54 58
 26 28 43 44 45 47 52 53 58
 26 28 31 45 54 58
 26 28 31 45 54 58 72
 26 28 31 45 54 58 70 71
 26 28 31 45 52 53 58
 26 28 31 45 52 53 58 72
 26 28 31 45 52 53 58 70 71
 26 28 31 43 44 54 58 72
 26 28 31 43 44 54 58 70 71
 26 28 31 43 44 52 53 58 72
 26 28 31 43 44 52 53 58 70 71
 26 28 31 43 44 45 54 58
 26 28 31 43 44 45 52 53 58
 26 28 29 45 54 58
 26 28 29 45 54 58 72
 26 28 29 45 54 58 70 71
 26 28 29 45 52 53 58
 26 28 29 45 52 53 58 72
 26 28 29 45 52 53 58 70 71
 26 28 29 43 44 54 58 72
 26 28 29 43 44 54 58 70 71
 26 28 29 43 44 52 53 58 72
 26 28 29 43 44 52 53 58 70 71
 26 28 29 43 44 45 54 58
 26 28 29 43 44 45 52 53 58
 26 27 60 66
 26 27 60 66 72
 26 27 60 66 70 71
 26 27 60 64 65
 26 27 60 64 65 72
 26 27 60 64 65 70 71
 26 27 58 70
 26 27 58 68 69
 26 27 58 66
 26 27 58 64 65
 26 27 58 60 66
 26 27 58 60 64 65
 26 27 47 60 66 70
 26 27 47 60 66 68 69
 26 27 47 60 64 65 70
 26 27 47 60 64 65 68 69
 26 27 47 58 66 72
 26 27 47 58 66 70 71
 26 27 47 58 64 65 72
 26 27 47 58 64 65 70 71
 26 27 47 56 58 66 72
 26 27 47 56 58 66 70 71
 26 27 47 56 58 64 65 72
 26 27 47 56 58 64 65 70 71
 26 27 45 60 66
 26 27 45 60 64 65
 26 27 45 58 74
 26 27 45 58 72
 26 27 45 58 72 74
 26 27 45 58 70 71
 26 27 45 58 70 71 74
 26 27 45 58 70 71 72 73
 26 27 45 56 57 58
 26 27 45 56 57 58 72
 26 27 45 56 57 58 70 71
 26 27 45 55 58 74
 26 27 45 55 58 72
 26 27 45 55 58 72 74
 26 27 45 55 58 70 71
 26 27 45 55 58 70 71 74
 26 27 45 55 58 70 71 72 73
 26 27 45 55 56 57 58
 26 27 45 55 56 57 58 72
 26 27 45 55 56 57 58 70 71
 26 27 45 53 58 74
 26 27 45 53 58 72
 26 27 45 53 58 72 74
 26 27 45 53 58 70 71
 26 27 45 53 58 70 71 74
 26 27 45 53 58 70 71 72 73
 26 27 45 53 56 57 58
 26 27 45 53 56 57 58 72
 26 27 45 53 56 57 58 70 71
 26 27 45 52 53 58 74
 26 27 45 52 53 58 72
 26 27 45 52 53 58 72 74
 26 27 45 52 53 58 70 71
 26 27 45 52 53 58 70 71 74
 26 27 45 52 53 58 70 71 72 73
 26 27 45 52 53 56 57 58
 26 27 45 52 53 56 57 58 72
 26 27 45 52 53 56 57 58 70 71
 26 27 45 51 52 58 74
 26 27 45 51 52 58 72
 26 27 45 51 52 58 72 74
 26 27 45 51 52 58 70 71
 26 27 45 51 52 58 70 71 74
 26 27 45 51 52 58 70 71 72 73
 26 27 45 51 52 56 57 58
 26 27 45 51 52 56 57 58 72
 26 27 45 51 52 56 57 58 70 71
 26 27 45 51 52 54 58 74
 26 27 45 51 52 54 58 72
 26 27 45 51 52 54 58 72 74
 26 27 45 51 52 54 58 70 71
 26 27 45 51 52 54 58 70 71 74
 26 27 45 51 52 54 58 70 71 72 73
 26 27 45 51 52 54 56 57 58
 26 27 45 51 52 54 56 57 58 72
 26 27 45 51 52 54 56 57 58 70 71
 26 27 45 51 52 53 58 74
 26 27 45 51 52 53 58 72
 26 27 45 51 52 53 58 72 74
 26 27 45 51 52 53 58 70 71
 26 27 45 51 52 53 58 70 71 74
 26 27 45 51 52 53 58 70 71 72 73
 26 27 45 51 52 53 56 57 58
 26 27 45 51 52 53 56 57 58 72
 26 27 45 51 52 53 56 57 58 70 71
 26 27 45 47 58
 26 27 45 47 58 72
 26 27 45 47 58 70 71
 26 27 45 47 58 66
 26 27 45 47 58 64 65
 26 27 45 47 56 58 66
 26 27 45 47 56 58 64 65
 26 27 45 47 55 58
 26 27 45 47 55 58 72
 26 27 45 47 55 58 70 71
 26 27 45 47 53 58
 26 27 45 47 53 58 72
 26 27 45 47 53 58 70 71
 26 27 45 47 52 53 58
 26 27 45 47 52 53 58 72
 26 27 45 47 52 53 58 70 71
 26 27 45 47 51 52 58
 26 27 45 47 51 52 58 72
 26 27 45 47 51 52 58 70 71
 26 27 45 47 51 52 54 58
 26 27 45 47 51 52 54 58 72
 26 27 45 47 51 52 54 58 70 71
 26 27 45 47 51 52 53 58
 26 27 45 47 51 52 53 58 72
 26 27 45 47 51 52 53 58 70 71
 26 27 45 46 60 66 70
 26 27 45 46 60 66 68 69
 26 27 45 46 60 64 65 70
 26 27 45 46 60 64 65 68 69
 26 27 45 46 58 66
 26 27 45 46 58 66 72
 26 27 45 46 58 66 70 71
 26 27 45 46 58 64 65
 26 27 45 46 58 64 65 72
 26 27 45 46 58 64 65 70 71
 26 27 45 46 56 58 66
 26 27 45 46 56 58 66 72
 26 27 45 46 56 58 66 70 71
 26 27 45 46 56 58 64 65
 26 27 45 46 56 58 64 65 72
 26 27 45 46 56 58 64 65 70 71
 26 27 43 58
 26 27 43 47 60 66
 26 27 43 47 60 64 65
 26 27 43 45 46 60 66
 26 27 43 45 46 60 64 65
 26 27 43 44 58
 26 27 43 44 58 72
 26 27 43 44 58 72 74
 26 27 43 44 58 72 73
 26 27 43 44 58 70 71
 26 27 43 44 58 70 71 74
 26 27 43 44 58 70 71 72 73
 26 27 43 44 56 57 58 72
 26 27 43 44 56 57 58 70 71
 26 27 43 44 55 58
 26 27 43 44 55 58 72
 26 27 43 44 55 58 72 74
 26 27 43 44 55 58 72 73
 26 27 43 44 55 58 70 71
 26 27 43 44 55 58 70 71 74
 26 27 43 44 55 58 70 71 72 73
 26 27 43 44 55 56 57 58 72
 26 27 43 44 55 56 57 58 70 71
 26 27 43 44 53 58
 26 27 43 44 53 58 72
 26 27 43 44 53 58 72 74
 26 27 43 44 53 58 72 73
 26 27 43 44 53 58 70 71
 26 27 43 44 53 58 70 71 74
 26 27 43 44 53 58 70 71 72 73
 26 27 43 44 53 56 57 58 72
 26 27 43 44 53 56 57 58 70 71
 26 27 43 44 52 53 58
 26 27 43 44 52 53 58 72
 26 27 43 44 52 53 58 72 74
 26 27 43 44 52 53 58 72 73
 26 27 43 44 52 53 58 70 71
 26 27 43 44 52 53 58 70 71 74
 26 27 43 44 52 53 58 70 71 72 73
 26 27 43 44 52 53 56 57 58 72
 26 27 43 44 52 53 56 57 58 70 71
 26 27 43 44 51 52 58
 26 27 43 44 51 52 58 72
 26 27 43 44 51 52 58 72 74
 26 27 43 44 51 52 58 72 73
 26 27 43 44 51 52 58 70 71
 26 27 43 44 51 52 58 70 71 74
 26 27 43 44 51 52 58 70 71 72 73
 26 27 43 44 51 52 56 57 58 72
 26 27 43 44 51 52 56 57 58 70 71
 26 27 43 44 51 52 54 58
 26 27 43 44 51 52 54 58 72
 26 27 43 44 51 52 54 58 72 74
 26 27 43 44 51 52 54 58 72 73
 26 27 43 44 51 52 54 58 70 71
 26 27 43 44 51 52 54 58 70 71 74
 26 27 43 44 51 52 54 58 70 71 72 73
 26 27 43 44 51 52 54 56 57 58 72
 26 27 43 44 51 52 54 56 57 58 70 71
 26 27 43 44 51 52 53 58
 26 27 43 44 51 52 53 58 72
 26 27 43 44 51 52 53 58 72 74
 26 27 43 44 51 52 53 58 72 73
 26 27 43 44 51 52 53 58 70 71
 26 27 43 44 51 52 53 58 70 71 74
 26 27 43 44 51 52 53 58 70 71 72 73
 26 27 43 44 51 52 53 56 57 58 72
 26 27 43 44 51 52 53 56 57 58 70 71
 26 27 43 44 47 58 72
 26 27 43 44 47 58 70 71
 26 27 43 44 47 55 58 72
 26 27 43 44 47 55 58 70 71
 26 27 43 44 47 53 58 72
 26 27 43 44 47 53 58 70 71
 26 27 43 44 47 52 53 58 72
 26 27 43 44 47 52 53 58 70 71
 26 27 43 44 47 51 52 58 72
 26 27 43 44 47 51 52 58 70 71
 26 27 43 44 47 51 52 54 58 72
 26 27 43 44 47 51 52 54 58 70 71
 26 27 43 44 47 51 52 53 58 72
 26 27 43 44 47 51 52 53 58 70 71
 26 27 43 44 45 58
 26 27 43 44 45 58 74
 26 27 43 44 45 58 72 73
 26 27 43 44 45 56 57 58
 26 27 43 44 45 55 58
 26 27 43 44 45 55 58 74
 26 27 43 44 45 55 58 72 73
 26 27 43 44 45 55 56 57 58
 26 27 43 44 45 53 58
 26 27 43 44 45 53 58 74
 26 27 43 44 45 53 58 72 73
 26 27 43 44 45 53 56 57 58
 26 27 43 44 45 52 53 58
 26 27 43 44 45 52 53 58 74
 26 27 43 44 45 52 53 58 72 73
 26 27 43 44 45 52 53 56 57 58
 26 27 43 44 45 51 52 58
 26 27 43 44 45 51 52 58 74
 26 27 43 44 45 51 52 58 72 73
 26 27 43 44 45 51 52 56 57 58
 26 27 43 44 45 51 52 54 58
 26 27 43 44 45 51 52 54 58 74
 26 27 43 44 45 51 52 54 58 72 73
 26 27 43 44 45 51 52 54 56 57 58
 26 27 43 44 45 51 52 53 58
 26 27 43 44 45 51 52 53 58 74
 26 27 43 44 45 51 52 53 58 72 73
 26 27 43 44 45 51 52 53 56 57 58
 26 27 43 44 45 47 58
 26 27 43 44 45 47 55 58
 26 27 43 44 45 47 53 58
 26 27 43 44 45 47 52 53 58
 26 27 43 44 45 47 51 52 58
 26 27 43 44 45 47 51 52 54 58
 26 27 43 44 45 47 51 52 53 58
 26 27 40 45 58 74
 26 27 40 45 58 72
 26 27 40 45 58 72 74
 26 27 40 45 58 70 71
 26 27 40 45 58 70 71 74
 26 27 40 45 58 70 71 72 73
 26 27 40 45 56 57 58
 26 27 40 45 56 57 58 72
 26 27 40 45 56 57 58 70 71
 26 27 40 45 47 58
 26 27 40 45 47 58 72
 26 27 40 45 47 58 70 71
 26 27 40 43 44 58
 26 27 40 43 44 58 72
 26 27 40 43 44 58 72 74
 26 27 40 43 44 58 72 73
 26 27 40 43 44 58 70 71
 26 27 40 43 44 58 70 71 74
 26 27 40 43 44 58 70 71 72 73
 26 27 40 43 44 56 57 58 72
 26 27 40 43 44 56 57 58 70 71
 26 27 40 43 44 47 58 72
 26 27 40 43 44 47 58 70 71
 26 27 40 43 44 45 58
 26 27 40 43 44 45 58 74
 26 27 40 43 44 45 58 72 73
 26 27 40 43 44 45 56 57 58
 26 27 40 43 44 45 47 58
 26 27 39 60
 26 27 39 60 72
 26 27 39 60 70 71
 26 27 39 58
 26 27 39 58 60
 26 27 39 47 60 70
 26 27 39 47 60 68 69
 26 27 39 47 58 72
 26 27 39 47 58 70 71
 26 27 39 47 56 58 72
 26 27 39 47 56 58 70 71
 26 27 39 45 60
 26 27 39 45 47 58
 26 27 39 45 47 56 58
 26 27 39 45 46 60 70
 26 27 39 45 46 60 68 69
 26 27 39 45 46 58
 26 27 39 45 46 58 72
 26 27 39 45 46 58 70 71
 26 27 39 45 46 56 58
 26 27 39 45 46 56 58 72
 26 27 39 45 46 56 58 70 71
 26 27 39 43 47 60
 26 27 39 43 45 46 60
 26 27 38 58
 26 27 38 39 45 58 74
 26 27 38 39 45 58 72
 26 27 38 39 45 58 72 74
 26 27 38 39 45 58 70 71
 26 27 38 39 45 58 70 71 74
 26 27 38 39 45 58 70 71 72 73
 26 27 38 39 45 56 57 58
 26 27 38 39 45 56 57 58 72
 26 27 38 39 45 56 57 58 70 71
 26 27 38 39 45 47 58
 26 27 38 39 45 47 58 72
 26 27 38 39 45 47 58 70 71
 26 27 38 39 43 44 58
 26 27 38 39 43 44 58 72
 26 27 38 39 43 44 58 72 74
 26 27 38 39 43 44 58 72 73
 26 27 38 39 43 44 58 70 71
 26 27 38 39 43 44 58 70 71 74
 26 27 38 39 43 44 58 70 71 72 73
 26 27 38 39 43 44 56 57 58 72
 26 27 38 39 43 44 56 57 58 70 71
 26 27 38 39 43 44 47 58 72
 26 27 38 39 43 44 47 58 70 71
 26 27 38 39 43 44 45 58
 26 27 38 39 43 44 45 58 74
 26 27 38 39 43 44 45 58 72 73
 26 27 38 39 43 44 45 56 57 58
 26 27 38 39 43 44 45 47 58
 26 27 37 47 58 66 72
 26 27 37 47 58 66 70 71
 26 27 37 47 58 64 65 72
 26 27 37 47 58 64 65 70 71
 26 27 37 45 47 58 66
 26 27 37 45 47 58 64 65
 26 27 37 45 46 58 66
 26 27 37 45 46 58 66 72
 26 27 37 45 46 58 66 70 71
 26 27 37 45 46 58 64 65
 26 27 37 45 46 58 64 65 72
 26 27 37 45 46 58 64 65 70 71
 26 27 37 39 47 58 72
 26 27 37 39 47 58 70 71
 26 27 37 39 45 47 58
 26 27 37 39 45 46 58
 26 27 37 39 45 46 58 72
 26 27 37 39 45 46 58 70 71
 26 27 36 37 58
 26 27 35 60 66 72
 26 27 35 60 66 70 71
 26 27 35 60 64 65 72
 26 27 35 60 64 65 70 71
 26 27 35 58 72
 26 27 35 58 70
 26 27 35 58 70 71
 26 27 35 58 68 69
 26 27 35 58 66 72
 26 27 35 58 66 70 71
 26 27 35 58 64 65 72
 26 27 35 58 64 65 70 71
 26 27 35 56 57 58 70
 26 27 35 56 57 58 68 69
 26 27 35 45 60 66
 26 27 35 45 60 64 65
 26 27 35 45 58
 26 27 35 45 58 66
 26 27 35 45 58 64 65
 26 27 35 43 58
 26 27 35 43 56 57 58
 26 27 35 39 60 72
 26 27 35 39 60 70 71
 26 27 35 39 58 72
 26 27 35 39 58 70 71
 26 27 35 39 45 60
 26 27 35 39 45 58
 26 27 31 45 58
 26 27 31 45 58 72
 26 27 31 45 58 70 71
 26 27 31 45 55 58
 26 27 31 45 55 58 72
 26 27 31 45 55 58 70 71
 26 27 31 45 53 58
 26 27 31 45 53 58 72
 26 27 31 45 53 58 70 71
 26 27 31 45 52 53 58
 26 27 31 45 52 53 58 72
 26 27 31 45 52 53 58 70 71
 26 27 31 45 51 52 58
 26 27 31 45 51 52 58 72
 26 27 31 45 51 52 58 70 71
 26 27 31 45 51 52 54 58
 26 27 31 45 51 52 54 58 72
 26 27 31 45 51 52 54 58 70 71
 26 27 31 45 51 52 53 58
 26 27 31 45 51 52 53 58 72
 26 27 31 45 51 52 53 58 70 71
 26 27 31 43 44 58 72
 26 27 31 43 44 58 70 71
 26 27 31 43 44 55 58 72
 26 27 31 43 44 55 58 70 71
 26 27 31 43 44 53 58 72
 26 27 31 43 44 53 58 70 71
 26 27 31 43 44 52 53 58 72
 26 27 31 43 44 52 53 58 70 71
 26 27 31 43 44 51 52 58 72
 26 27 31 43 44 51 52 58 70 71
 26 27 31 43 44 51 52 54 58 72
 26 27 31 43 44 51 52 54 58 70 71
 26 27 31 43 44 51 52 53 58 72
 26 27 31 43 44 51 52 53 58 70 71
 26 27 31 43 44 45 58
 26 27 31 43 44 45 55 58
 26 27 31 43 44 45 53 58
 26 27 31 43 44 45 52 53 58
 26 27 31 43 44 45 51 52 58
 26 27 31 43 44 45 51 52 54 58
 26 27 31 43 44 45 51 52 53 58
 26 27 31 40 45 58
 26 27 31 40 45 58 72
 26 27 31 40 45 58 70 71
 26 27 31 40 43 44 58 72
 26 27 31 40 43 44 58 70 71
 26 27 31 40 43 44 45 58
 26 27 31 38 39 45 58
 26 27 31 38 39 45 58 72
 26 27 31 38 39 45 58 70 71
 26 27 31 38 39 43 44 58 72
 26 27 31 38 39 43 44 58 70 71
 26 27 31 38 39 43 44 45 58
 26 27 31 35 58 70
 26 27 31 35 58 68 69
 26 27 31 35 43 58
 26 27 30 45 58
 26 27 30 45 58 72
 26 27 30 45 58 70 71
 26 27 30 43 44 58 72
 26 27 30 43 44 58 70 71
 26 27 30 43 44 45 58
 26 27 28 29 45 58
 26 27 28 29 45 58 72
 26 27 28 29 45 58 70 71
 26 27 28 29 43 44 58 72
 26 27 28 29 43 44 58 70 71
 26 27 28 29 43 44 45 58
 20 60 70
 20 60 68 69
 20 60 62 72
 20 60 62 70 71
 20 58
 20 58 70
 20 58 68 69
 20 58 66
 20 58 64 65
 20 58 60
 20 58 60 70
 20 58 60 68 69
 20 58 60 66 72
 20 58 60 66 70
 20 58 60 66 70 71
 20 58 60 66 68 69
 20 58 60 64 65 72
 20 58 60 64 65 70
 20 58 60 64 65 70 71
 20 58 60 64 65 68 69
 20 56 58 70
 20 56 58 68 69
 20 56 57 58 60
 20 56 57 58 60 70
 20 56 57 58 60 68 69
 20 56 57 58 60 66 72
 20 56 57 58 60 66 70
 20 56 57 58 60 66 70 71
 20 56 57 58 60 66 68 69
 20 56 57 58 60 64 65 72
 20 56 57 58 60 64 65 70
 20 56 57 58 60 64 65 70 71
 20 56 57 58 60 64 65 68 69
 20 45 60 62
 20 45 58 60 66
 20 45 58 60 64 65
 20 45 56 57 58 60 66
 20 45 56 57 58 60 64 65
 20 43 60
 20 43 58
 20 43 58 60
 20 43 58 60 66
 20 43 58 60 64 65
 20 43 56 58
 20 43 56 57 58 60
 20 43 56 57 58 60 66
 20 43 56 57 58 60 64 65
 20 39 58
 20 39 58 60 72
 20 39 58 60 70
 20 39 58 60 70 71
 20 39 58 60 68 69
 20 39 56 57 58 60 72
 20 39 56 57 58 60 70
 20 39 56 57 58 60 70 71
 20 39 56 57 58 60 68 69
 20 39 45 58 60
 20 39 45 56 57 58 60
 20 39 43 58 60
 20 39 43 56 57 58 60
 20 37 58 70
 20 37 58 68 69
 20 37 43 58
 20 31 58 60
 20 31 58 60 70
 20 31 58 60 68 69
 20 31 58 60 66 72
 20 31 58 60 66 70
 20 31 58 60 66 70 71
 20 31 58 60 66 68 69
 20 31 58 60 64 65 72
 20 31 58 60 64 65 70
 20 31 58 60 64 65 70 71
 20 31 58 60 64 65 68 69
 20 31 45 58 60 66
 20 31 45 58 60 64 65
 20 31 43 58 60
 20 31 43 58 60 66
 20 31 43 58 60 64 65
 20 31 39 58 60 72
 20 31 39 58 60 70
 20 31 39 58 60 70 71
 20 31 39 58 60 68 69
 20 31 39 45 58 60
 20 31 39 43 58 60
 20 28 60 66 70
 20 28 60 66 68 69
 20 28 60 64 65 70
 20 28 60 64 65 68 69
 20 28 58 66 72
 20 28 58 66 70 71
 20 28 58 64 65 72
 20 28 58 64 65 70 71
 20 28 56 58 66 72
 20 28 56 58 66 70 71
 20 28 56 58 64 65 72
 20 28 56 58 64 65 70 71
 20 28 45 58 66
 20 28 45 58 64 65
 20 28 45 56 58 66
 20 28 45 56 58 64 65
 20 28 43 60 66
 20 28 43 60 64 65
 20 28 39 60 70
 20 28 39 60 68 69
 20 28 39 58 72
 20 28 39 58 70 71
 20 28 39 56 58 72
 20 28 39 56 58 70 71
 20 28 39 45 58
 20 28 39 45 56 58
 20 28 39 43 60
 20 28 37 58 66 72
 20 28 37 58 66 70 71
 20 28 37 58 64 65 72
 20 28 37 58 64 65 70 71
 20 28 37 45 58 66
 20 28 37 45 58 64 65
 20 28 37 39 58 72
 20 28 37 39 58 70 71
 20 28 37 39 45 58
 20 26 27 60 66 70
 20 26 27 60 66 68 69
 20 26 27 60 64 65 70
 20 26 27 60 64 65 68 69
 20 26 27 58 66 72
 20 26 27 58 66 70 71
 20 26 27 58 64 65 72
 20 26 27 58 64 65 70 71
 20 26 27 56 58 66 72
 20 26 27 56 58 66 70 71
 20 26 27 56 58 64 65 72
 20 26 27 56 58 64 65 70 71
 20 26 27 45 58 66
 20 26 27 45 58 64 65
 20 26 27 45 56 58 66
 20 26 27 45 56 58 64 65
 20 26 27 43 60 66
 20 26 27 43 60 64 65
 20 26 27 39 60 70
 20 26 27 39 60 68 69
 20 26 27 39 58 72
 20 26 27 39 58 70 71
 20 26 27 39 56 58 72
 20 26 27 39 56 58 70 71
 20 26 27 39 45 58
 20 26 27 39 45 56 58
 20 26 27 39 43 60
 20 26 27 37 58 66 72
 20 26 27 37 58 66 70 71
 20 26 27 37 58 64 65 72
 20 26 27 37 58 64 65 70 71
 20 26 27 37 45 58 66
 20 26 27 37 45 58 64 65
 20 26 27 37 39 58 72
 20 26 27 37 39 58 70 71
 20 26 27 37 39 45 58
 18 58 72 74
 18 58 72 73
 18 58 70
 18 58 70 71 74
 18 58 70 71 72 73
 18 58 68 69
 18 56 58
 18 56 58 72
 18 56 58 70
 18 56 58 70 71
 18 56 58 68 69
 18 56 57 58 72
 18 56 57 58 70 71
 18 55 58
 18 55 58 72
 18 55 58 72 74
 18 55 58 72 73
 18 55 58 70 71
 18 55 58 70 71 74
 18 55 58 70 71 72 73
 18 55 56 57 58 72
 18 55 56 57 58 70 71
 18 54 58
 18 54 58 72
 18 54 58 72 74
 18 54 58 72 73
 18 54 58 70 71
 18 54 58 70 71 74
 18 54 58 70 71 72 73
 18 54 56 57 58 72
 18 54 56 57 58 70 71
 18 51 52 54 58
 18 51 52 54 58 72
 18 51 52 54 58 72 74
 18 51 52 54 58 72 73
 18 51 52 54 58 70 71
 18 51 52 54 58 70 71 74
 18 51 52 54 58 70 71 72 73
 18 51 52 54 56 57 58 72
 18 51 52 54 56 57 58 70 71
 18 51 52 53 58
 18 51 52 53 58 72
 18 51 52 53 58 72 74
 18 51 52 53 58 72 73
 18 51 52 53 58 70 71
 18 51 52 53 58 70 71 74
 18 51 52 53 58 70 71 72 73
 18 51 52 53 56 57 58 72
 18 51 52 53 56 57 58 70 71
 18 47 58 72
 18 47 58 70 71
 18 47 55 58 72
 18 47 55 58 70 71
 18 47 54 58 72
 18 47 54 58 70 71
 18 47 51 52 54 58 72
 18 47 51 52 54 58 70 71
 18 47 51 52 53 58 72
 18 47 51 52 53 58 70 71
 18 45 58 74
 18 45 58 72 73
 18 45 56 58
 18 45 56 57 58
 18 45 55 58
 18 45 55 58 74
 18 45 55 58 72 73
 18 45 55 56 57 58
 18 45 54 58
 18 45 54 58 74
 18 45 54 58 72 73
 18 45 54 56 57 58
 18 45 51 52 54 58
 18 45 51 52 54 58 74
 18 45 51 52 54 58 72 73
 18 45 51 52 54 56 57 58
 18 45 51 52 53 58
 18 45 51 52 53 58 74
 18 45 51 52 53 58 72 73
 18 45 51 52 53 56 57 58
 18 45 47 58
 18 45 47 55 58
 18 45 47 54 58
 18 45 47 51 52 54 58
 18 45 47 51 52 53 58
 18 43 58
 18 43 56 58
 18 40 58
 18 40 58 72
 18 40 58 72 74
 18 40 58 72 73
 18 40 58 70 71
 18 40 58 70 71 74
 18 40 58 70 71 72 73
 18 40 56 57 58 72
 18 40 56 57 58 70 71
 18 40 47 58 72
 18 40 47 58 70 71
 18 40 45 58
 18 40 45 58 74
 18 40 45 58 72 73
 18 40 45 56 57 58
 18 40 45 47 58
 18 38 39 58
 18 38 39 58 72
 18 38 39 58 72 74
 18 38 39 58 72 73
 18 38 39 58 70 71
 18 38 39 58 70 71 74
 18 38 39 58 70 71 72 73
 18 38 39 56 57 58 72
 18 38 39 56 57 58 70 71
 18 38 39 47 58 72
 18 38 39 47 58 70 71
 18 38 39 45 58
 18 38 39 45 58 74
 18 38 39 45 58 72 73
 18 38 39 45 56 57 58
 18 38 39 45 47 58
 18 31 58 72
 18 31 58 70
 18 31 58 70 71
 18 31 58 68 69
 18 31 56 58 70
 18 31 56 58 68 69
 18 31 55 58 72
 18 31 55 58 70 71
 18 31 54 58 72
 18 31 54 58 70 71
 18 31 51 52 54 58 72
 18 31 51 52 54 58 70 71
 18 31 51 52 53 58 72
 18 31 51 52 53 58 70 71
 18 31 45 58
 18 31 45 55 58
 18 31 45 54 58
 18 31 45 51 52 54 58
 18 31 45 51 52 53 58
 18 31 43 58
 18 31 43 56 58
 18 31 40 58 72
 18 31 40 58 70 71
 18 31 40 45 58
 18 31 38 39 58 72
 18 31 38 39 58 70 71
 18 31 38 39 45 58
 18 30 55 58 72
 18 30 55 58 70 71
 18 30 54 58 72
 18 30 54 58 70 71
 18 30 51 52 54 58 72
 18 30 51 52 54 58 70 71
 18 30 51 52 53 58 72
 18 30 51 52 53 58 70 71
 18 30 45 55 58
 18 30 45 54 58
 18 30 45 51 52 54 58
 18 30 45 51 52 53 58
 18 30 40 58 72
 18 30 40 58 70 71
 18 30 40 45 58
 18 30 38 39 58 72
 18 30 38 39 58 70 71
 18 30 38 39 45 58
 18 28 55 58
 18 28 55 58 72
 18 28 55 58 72 74
 18 28 55 58 72 73
 18 28 55 58 70 71
 18 28 55 58 70 71 74
 18 28 55 58 70 71 72 73
 18 28 55 56 57 58 72
 18 28 55 56 57 58 70 71
 18 28 54 58
 18 28 54 58 72
 18 28 54 58 72 74
 18 28 54 58 72 73
 18 28 54 58 70 71
 18 28 54 58 70 71 74
 18 28 54 58 70 71 72 73
 18 28 54 56 57 58 72
 18 28 54 56 57 58 70 71
 18 28 51 52 54 58
 18 28 51 52 54 58 72
 18 28 51 52 54 58 72 74
 18 28 51 52 54 58 72 73
 18 28 51 52 54 58 70 71
 18 28 51 52 54 58 70 71 74
 18 28 51 52 54 58 70 71 72 73
 18 28 51 52 54 56 57 58 72
 18 28 51 52 54 56 57 58 70 71
 18 28 51 52 53 58
 18 28 51 52 53 58 72
 18 28 51 52 53 58 72 74
 18 28 51 52 53 58 72 73
 18 28 51 52 53 58 70 71
 18 28 51 52 53 58 70 71 74
 18 28 51 52 53 58 70 71 72 73
 18 28 51 52 53 56 57 58 72
 18 28 51 52 53 56 57 58 70 71
 18 28 47 55 58 72
 18 28 47 55 58 70 71
 18 28 47 54 58 72
 18 28 47 54 58 70 71
 18 28 47 51 52 54 58 72
 18 28 47 51 52 54 58 70 71
 18 28 47 51 52 53 58 72
 18 28 47 51 52 53 58 70 71
 18 28 45 55 58
 18 28 45 55 58 74
 18 28 45 55 58 72 73
 18 28 45 55 56 57 58
 18 28 45 54 58
 18 28 45 54 58 74
 18 28 45 54 58 72 73
 18 28 45 54 56 57 58
 18 28 45 51 52 54 58
 18 28 45 51 52 54 58 74
 18 28 45 51 52 54 58 72 73
 18 28 45 51 52 54 56 57 58
 18 28 45 51 52 53 58
 18 28 45 51 52 53 58 74
 18 28 45 51 52 53 58 72 73
 18 28 45 51 52 53 56 57 58
 18 28 45 47 55 58
 18 28 45 47 54 58
 18 28 45 47 51 52 54 58
 18 28 45 47 51 52 53 58
 18 28 40 58
 18 28 40 58 72
 18 28 40 58 72 74
 18 28 40 58 72 73
 18 28 40 58 70 71
 18 28 40 58 70 71 74
 18 28 40 58 70 71 72 73
 18 28 40 56 57 58 72
 18 28 40 56 57 58 70 71
 18 28 40 47 58 72
 18 28 40 47 58 70 71
 18 28 40 45 58
 18 28 40 45 58 74
 18 28 40 45 58 72 73
 18 28 40 45 56 57 58
 18 28 40 45 47 58
 18 28 38 39 58
 18 28 38 39 58 72
 18 28 38 39 58 72 74
 18 28 38 39 58 72 73
 18 28 38 39 58 70 71
 18 28 38 39 58 70 71 74
 18 28 38 39 58 70 71 72 73
 18 28 38 39 56 57 58 72
 18 28 38 39 56 57 58 70 71
 18 28 38 39 47 58 72
 18 28 38 39 47 58 70 71
 18 28 38 39 45 58
 18 28 38 39 45 58 74
 18 28 38 39 45 58 72 73
 18 28 38 39 45 56 57 58
 18 28 38 39 45 47 58
 18 28 31 55 58 72
 18 28 31 55 58 70 71
 18 28 31 54 58 72
 18 28 31 54 58 70 71
 18 28 31 51 52 54 58 72
 18 28 31 51 52 54 58 70 71
 18 28 31 51 52 53 58 72
 18 28 31 51 52 53 58 70 71
 18 28 31 45 55 58
 18 28 31 45 54 58
 18 28 31 45 51 52 54 58
 18 28 31 45 51 52 53 58
 18 28 31 40 58 72
 18 28 31 40 58 70 71
 18 28 31 40 45 58
 18 28 31 38 39 58 72
 18 28 31 38 39 58 70 71
 18 28 31 38 39 45 58
 18 28 30 58 72
 18 28 30 58 70 71
 18 28 30 45 58
 18 28 29 58 72
 18 28 29 58 70 71
 18 28 29 55 58 72
 18 28 29 55 58 70 71
 18 28 29 54 58 72
 18 28 29 54 58 70 71
 18 28 29 51 52 54 58 72
 18 28 29 51 52 54 58 70 71
 18 28 29 51 52 53 58 72
 18 28 29 51 52 53 58 70 71
 18 28 29 45 58
 18 28 29 45 55 58
 18 28 29 45 54 58
 18 28 29 45 51 52 54 58
 18 28 29 45 51 52 53 58
 18 28 29 40 58 72
 18 28 29 40 58 70 71
 18 28 29 40 45 58
 18 28 29 38 39 58 72
 18 28 29 38 39 58 70 71
 18 28 29 38 39 45 58
 18 27 58
 18 27 58 72
 18 27 58 72 74
 18 27 58 72 73
 18 27 58 70 71
 18 27 58 70 71 74
 18 27 58 70 71 72 73
 18 27 56 57 58 72
 18 27 56 57 58 70 71
 18 27 53 58
 18 27 53 58 72
 18 27 53 58 72 74
 18 27 53 58 72 73
 18 27 53 58 70 71
 18 27 53 58 70 71 74
 18 27 53 58 70 71 72 73
 18 27 53 56 57 58 72
 18 27 53 56 57 58 70 71
 18 27 51 52 58
 18 27 51 52 58 72
 18 27 51 52 58 72 74
 18 27 51 52 58 72 73
 18 27 51 52 58 70 71
 18 27 51 52 58 70 71 74
 18 27 51 52 58 70 71 72 73
 18 27 51 52 56 57 58 72
 18 27 51 52 56 57 58 70 71
 18 27 47 58 72
 18 27 47 58 70 71
 18 27 47 53 58 72
 18 27 47 53 58 70 71
 18 27 47 51 52 58 72
 18 27 47 51 52 58 70 71
 18 27 45 58
 18 27 45 58 74
 18 27 45 58 72 73
 18 27 45 56 57 58
 18 27 45 53 58
 18 27 45 53 58 74
 18 27 45 53 58 72 73
 18 27 45 53 56 57 58
 18 27 45 51 52 58
 18 27 45 51 52 58 74
 18 27 45 51 52 58 72 73
 18 27 45 51 52 56 57 58
 18 27 45 47 58
 18 27 45 47 53 58
 18 27 45 47 51 52 58
 18 27 31 58 72
 18 27 31 58 70 71
 18 27 31 53 58 72
 18 27 31 53 58 70 71
 18 27 31 51 52 58 72
 18 27 31 51 52 58 70 71
 18 27 31 45 58
 18 27 31 45 53 58
 18 27 31 45 51 52 58
 18 27 30 58 72
 18 27 30 58 70 71
 18 27 30 53 58 72
 18 27 30 53 58 70 71
 18 27 30 51 52 58 72
 18 27 30 51 52 58 70 71
 18 27 30 45 58
 18 27 30 45 53 58
 18 27 30 45 51 52 58
 18 27 28 58
 18 27 28 58 72
 18 27 28 58 72 74
 18 27 28 58 72 73
 18 27 28 58 70 71
 18 27 28 58 70 71 74
 18 27 28 58 70 71 72 73
 18 27 28 56 57 58 72
 18 27 28 56 57 58 70 71
 18 27 28 53 58
 18 27 28 53 58 72
 18 27 28 53 58 72 74
 18 27 28 53 58 72 73
 18 27 28 53 58 70 71
 18 27 28 53 58 70 71 74
 18 27 28 53 58 70 71 72 73
 18 27 28 53 56 57 58 72
 18 27 28 53 56 57 58 70 71
 18 27 28 51 52 58
 18 27 28 51 52 58 72
 18 27 28 51 52 58 72 74
 18 27 28 51 52 58 72 73
 18 27 28 51 52 58 70 71
 18 27 28 51 52 58 70 71 74
 18 27 28 51 52 58 70 71 72 73
 18 27 28 51 52 56 57 58 72
 18 27 28 51 52 56 57 58 70 71
 18 27 28 47 58 72
 18 27 28 47 58 70 71
 18 27 28 47 53 58 72
 18 27 28 47 53 58 70 71
 18 27 28 47 51 52 58 72
 18 27 28 47 51 52 58 70 71
 18 27 28 45 58
 18 27 28 45 58 74
 18 27 28 45 58 72 73
 18 27 28 45 56 57 58
 18 27 28 45 53 58
 18 27 28 45 53 58 74
 18 27 28 45 53 58 72 73
 18 27 28 45 53 56 57 58
 18 27 28 45 51 52 58
 18 27 28 45 51 52 58 74
 18 27 28 45 51 52 58 72 73
 18 27 28 45 51 52 56 57 58
 18 27 28 45 47 58
 18 27 28 45 47 53 58
 18 27 28 45 47 51 52 58
 18 27 28 31 58 72
 18 27 28 31 58 70 71
 18 27 28 31 53 58 72
 18 27 28 31 53 58 70 71
 18 27 28 31 51 52 58 72
 18 27 28 31 51 52 58 70 71
 18 27 28 31 45 58
 18 27 28 31 45 53 58
 18 27 28 31 45 51 52 58
 18 27 28 29 58 72
 18 27 28 29 58 70 71
 18 27 28 29 53 58 72
 18 27 28 29 53 58 70 71
 18 27 28 29 51 52 58 72
 18 27 28 29 51 52 58 70 71
 18 27 28 29 45 58
 18 27 28 29 45 53 58
 18 27 28 29 45 51 52 58
 18 26 54 58
 18 26 54 58 72
 18 26 54 58 72 74
 18 26 54 58 72 73
 18 26 54 58 70 71
 18 26 54 58 70 71 74
 18 26 54 58 70 71 72 73
 18 26 54 56 57 58 72
 18 26 54 56 57 58 70 71
 18 26 52 53 58
 18 26 52 53 58 72
 18 26 52 53 58 72 74
 18 26 52 53 58 72 73
 18 26 52 53 58 70 71
 18 26 52 53 58 70 71 74
 18 26 52 53 58 70 71 72 73
 18 26 52 53 56 57 58 72
 18 26 52 53 56 57 58 70 71
 18 26 47 54 58 72
 18 26 47 54 58 70 71
 18 26 47 52 53 58 72
 18 26 47 52 53 58 70 71
 18 26 45 54 58
 18 26 45 54 58 74
 18 26 45 54 58 72 73
 18 26 45 54 56 57 58
 18 26 45 52 53 58
 18 26 45 52 53 58 74
 18 26 45 52 53 58 72 73
 18 26 45 52 53 56 57 58
 18 26 45 47 54 58
 18 26 45 47 52 53 58
 18 26 31 54 58 72
 18 26 31 54 58 70 71
 18 26 31 52 53 58 72
 18 26 31 52 53 58 70 71
 18 26 31 45 54 58
 18 26 31 45 52 53 58
 18 26 30 54 58 72
 18 26 30 54 58 70 71
 18 26 30 52 53 58 72
 18 26 30 52 53 58 70 71
 18 26 30 45 54 58
 18 26 30 45 52 53 58
 18 26 28 54 58
 18 26 28 54 58 72
 18 26 28 54 58 72 74
 18 26 28 54 58 72 73
 18 26 28 54 58 70 71
 18 26 28 54 58 70 71 74
 18 26 28 54 58 70 71 72 73
 18 26 28 54 56 57 58 72
 18 26 28 54 56 57 58 70 71
 18 26 28 52 53 58
 18 26 28 52 53 58 72
 18 26 28 52 53 58 72 74
 18 26 28 52 53 58 72 73
 18 26 28 52 53 58 70 71
 18 26 28 52 53 58 70 71 74
 18 26 28 52 53 58 70 71 72 73
 18 26 28 52 53 56 57 58 72
 18 26 28 52 53 56 57 58 70 71
 18 26 28 47 54 58 72
 18 26 28 47 54 58 70 71
 18 26 28 47 52 53 58 72
 18 26 28 47 52 53 58 70 71
 18 26 28 45 54 58
 18 26 28 45 54 58 74
 18 26 28 45 54 58 72 73
 18 26 28 45 54 56 57 58
 18 26 28 45 52 53 58
 18 26 28 45 52 53 58 74
 18 26 28 45 52 53 58 72 73
 18 26 28 45 52 53 56 57 58
 18 26 28 45 47 54 58
 18 26 28 45 47 52 53 58
 18 26 28 31 54 58 72
 18 26 28 31 54 58 70 71
 18 26 28 31 52 53 58 72
 18 26 28 31 52 53 58 70 71
 18 26 28 31 45 54 58
 18 26 28 31 45 52 53 58
 18 26 28 29 54 58 72
 18 26 28 29 54 58 70 71
 18 26 28 29 52 53 58 72
 18 26 28 29 52 53 58 70 71
 18 26 28 29 45 54 58
 18 26 28 29 45 52 53 58
 18 26 27 58
 18 26 27 58 72
 18 26 27 58 72 74
 18 26 27 58 72 73
 18 26 27 58 70 71
 18 26 27 58 70 71 74
 18 26 27 58 70 71 72 73
 18 26 27 56 57 58 72
 18 26 27 56 57 58 70 71
 18 26 27 55 58
 18 26 27 55 58 72
 18 26 27 55 58 72 74
 18 26 27 55 58 72 73
 18 26 27 55 58 70 71
 18 26 27 55 58 70 71 74
 18 26 27 55 58 70 71 72 73
 18 26 27 55 56 57 58 72
 18 26 27 55 56 57 58 70 71
 18 26 27 53 58
 18 26 27 53 58 72
 18 26 27 53 58 72 74
 18 26 27 53 58 72 73
 18 26 27 53 58 70 71
 18 26 27 53 58 70 71 74
 18 26 27 53 58 70 71 72 73
 18 26 27 53 56 57 58 72
 18 26 27 53 56 57 58 70 71
 18 26 27 52 53 58
 18 26 27 52 53 58 72
 18 26 27 52 53 58 72 74
 18 26 27 52 53 58 72 73
 18 26 27 52 53 58 70 71
 18 26 27 52 53 58 70 71 74
 18 26 27 52 53 58 70 71 72 73
 18 26 27 52 53 56 57 58 72
 18 26 27 52 53 56 57 58 70 71
 18 26 27 51 52 58
 18 26 27 51 52 58 72
 18 26 27 51 52 58 72 74
 18 26 27 51 52 58 72 73
 18 26 27 51 52 58 70 71
 18 26 27 51 52 58 70 71 74
 18 26 27 51 52 58 70 71 72 73
 18 26 27 51 52 56 57 58 72
 18 26 27 51 52 56 57 58 70 71
 18 26 27 51 52 54 58
 18 26 27 51 52 54 58 72
 18 26 27 51 52 54 58 72 74
 18 26 27 51 52 54 58 72 73
 18 26 27 51 52 54 58 70 71
 18 26 27 51 52 54 58 70 71 74
 18 26 27 51 52 54 58 70 71 72 73
 18 26 27 51 52 54 56 57 58 72
 18 26 27 51 52 54 56 57 58 70 71
 18 26 27 51 52 53 58
 18 26 27 51 52 53 58 72
 18 26 27 51 52 53 58 72 74
 18 26 27 51 52 53 58 72 73
 18 26 27 51 52 53 58 70 71
 18 26 27 51 52 53 58 70 71 74
 18 26 27 51 52 53 58 70 71 72 73
 18 26 27 51 52 53 56 57 58 72
 18 26 27 51 52 53 56 57 58 70 71
 18 26 27 47 58 72
 18 26 27 47 58 70 71
 18 26 27 47 55 58 72
 18 26 27 47 55 58 70 71
 18 26 27 47 53 58 72
 18 26 27 47 53 58 70 71
 18 26 27 47 52 53 58 72
 18 26 27 47 52 53 58 70 71
 18 26 27 47 51 52 58 72
 18 26 27 47 51 52 58 70 71
 18 26 27 47 51 52 54 58 72
 18 26 27 47 51 52 54 58 70 71
 18 26 27 47 51 52 53 58 72
 18 26 27 47 51 52 53 58 70 71
 18 26 27 45 58
 18 26 27 45 58 74
 18 26 27 45 58 72 73
 18 26 27 45 56 57 58
 18 26 27 45 55 58
 18 26 27 45 55 58 74
 18 26 27 45 55 58 72 73
 18 26 27 45 55 56 57 58
 18 26 27 45 53 58
 18 26 27 45 53 58 74
 18 26 27 45 53 58 72 73
 18 26 27 45 53 56 57 58
 18 26 27 45 52 53 58
 18 26 27 45 52 53 58 74
 18 26 27 45 52 53 58 72 73
 18 26 27 45 52 53 56 57 58
 18 26 27 45 51 52 58
 18 26 27 45 51 52 58 74
 18 26 27 45 51 52 58 72 73
 18 26 27 45 51 52 56 57 58
 18 26 27 45 51 52 54 58
 18 26 27 45 51 52 54 58 74
 18 26 27 45 51 52 54 58 72 73
 18 26 27 45 51 52 54 56 57 58
 18 26 27 45 51 52 53 58
 18 26 27 45 51 52 53 58 74
 18 26 27 45 51 52 53 58 72 73
 18 26 27 45 51 52 53 56 57 58
 18 26 27 45 47 58
 18 26 27 45 47 55 58
 18 26 27 45 47 53 58
 18 26 27 45 47 52 53 58
 18 26 27 45 47 51 52 58
 18 26 27 45 47 51 52 54 58
 18 26 27 45 47 51 52 53 58
 18 26 27 40 58
 18 26 27 40 58 72
 18 26 27 40 58 72 74
 18 26 27 40 58 72 73
 18 26 27 40 58 70 71
 18 26 27 40 58 70 71 74
 18 26 27 40 58 70 71 72 73
 18 26 27 40 56 57 58 72
 18 26 27 40 56 57 58 70 71
 18 26 27 40 47 58 72
 18 26 27 40 47 58 70 71
 18 26 27 40 45 58
 18 26 27 40 45 58 74
 18 26 27 40 45 58 72 73
 18 26 27 40 45 56 57 58
 18 26 27 40 45 47 58
 18 26 27 38 39 58
 18 26 27 38 39 58 72
 18 26 27 38 39 58 72 74
 18 26 27 38 39 58 72 73
 18 26 27 38 39 58 70 71
 18 26 27 38 39 58 70 71 74
 18 26 27 38 39 58 70 71 72 73
 18 26 27 38 39 56 57 58 72
 18 26 27 38 39 56 57 58 70 71
 18 26 27 38 39 47 58 72
 18 26 27 38 39 47 58 70 71
 18 26 27 38 39 45 58
 18 26 27 38 39 45 58 74
 18 26 27 38 39 45 58 72 73
 18 26 27 38 39 45 56 57 58
 18 26 27 38 39 45 47 58
 18 26 27 31 58 72
 18 26 27 31 58 70 71
 18 26 27 31 55 58 72
 18 26 27 31 55 58 70 71
 18 26 27 31 53 58 72
 18 26 27 31 53 58 70 71
 18 26 27 31 52 53 58 72
 18 26 27 31 52 53 58 70 71
 18 26 27 31 51 52 58 72
 18 26 27 31 51 52 58 70 71
 18 26 27 31 51 52 54 58 72
 18 26 27 31 51 52 54 58 70 71
 18 26 27 31 51 52 53 58 72
 18 26 27 31 51 52 53 58 70 71
 18 26 27 31 45 58
 18 26 27 31 45 55 58
 18 26 27 31 45 53 58
 18 26 27 31 45 52 53 58
 18 26 27 31 45 51 52 58
 18 26 27 31 45 51 52 54 58
 18 26 27 31 45 51 52 53 58
 18 26 27 31 40 58 72
 18 26 27 31 40 58 70 71
 18 26 27 31 40 45 58
 18 26 27 31 38 39 58 72
 18 26 27 31 38 39 58 70 71
 18 26 27 31 38 39 45 58
 18 26 27 30 58 72
 18 26 27 30 58 70 71
 18 26 27 30 45 58
 18 26 27 28 29 58 72
 18 26 27 28 29 58 70 71
 18 26 27 28 29 45 58
 16 35 56 57 58 70
 16 35 56 57 58 68 69
 16 35 43 56 57 58
 16 31 35 58 70
 16 31 35 58 68 69
 16 31 35 43 58
 14 35 58 70
 14 35 58 68 69
 14 35 43 58
 13 45 58 74
 13 45 58 72
 13 45 58 72 74
 13 45 58 70 71
 13 45 58 70 71 74
 13 45 58 70 71 72 73
 13 45 56 57 58
 13 45 56 57 58 72
 13 45 56 57 58 70 71
 13 45 47 58
 13 45 47 58 72
 13 45 47 58 70 71
 13 43 44 58
 13 43 44 58 72
 13 43 44 58 72 74
 13 43 44 58 72 73
 13 43 44 58 70 71
 13 43 44 58 70 71 74
 13 43 44 58 70 71 72 73
 13 43 44 56 57 58 72
 13 43 44 56 57 58 70 71
 13 43 44 47 58 72
 13 43 44 47 58 70 71
 13 43 44 45 58
 13 43 44 45 58 74
 13 43 44 45 58 72 73
 13 43 44 45 56 57 58
 13 43 44 45 47 58
 13 31 45 58
 13 31 45 58 72
 13 31 45 58 70 71
 13 31 43 44 58 72
 13 31 43 44 58 70 71
 13 31 43 44 45 58
 13 30 45 58
 13 30 45 58 72
 13 30 45 58 70 71
 13 30 43 44 58 72
 13 30 43 44 58 70 71
 13 30 43 44 45 58
 13 28 45 58 74
 13 28 45 58 72
 13 28 45 58 72 74
 13 28 45 58 70 71
 13 28 45 58 70 71 74
 13 28 45 58 70 71 72 73
 13 28 45 56 57 58
 13 28 45 56 57 58 72
 13 28 45 56 57 58 70 71
 13 28 45 47 58
 13 28 45 47 58 72
 13 28 45 47 58 70 71
 13 28 43 44 58
 13 28 43 44 58 72
 13 28 43 44 58 72 74
 13 28 43 44 58 72 73
 13 28 43 44 58 70 71
 13 28 43 44 58 70 71 74
 13 28 43 44 58 70 71 72 73
 13 28 43 44 56 57 58 72
 13 28 43 44 56 57 58 70 71
 13 28 43 44 47 58 72
 13 28 43 44 47 58 70 71
 13 28 43 44 45 58
 13 28 43 44 45 58 74
 13 28 43 44 45 58 72 73
 13 28 43 44 45 56 57 58
 13 28 43 44 45 47 58
 13 28 31 45 58
 13 28 31 45 58 72
 13 28 31 45 58 70 71
 13 28 31 43 44 58 72
 13 28 31 43 44 58 70 71
 13 28 31 43 44 45 58
 13 28 29 45 58
 13 28 29 45 58 72
 13 28 29 45 58 70 71
 13 28 29 43 44 58 72
 13 28 29 43 44 58 70 71
 13 28 29 43 44 45 58
 13 26 27 45 58 74
 13 26 27 45 58 72
 13 26 27 45 58 72 74
 13 26 27 45 58 70 71
 13 26 27 45 58 70 71 74
 13 26 27 45 58 70 71 72 73
 13 26 27 45 56 57 58
 13 26 27 45 56 57 58 72
 13 26 27 45 56 57 58 70 71
 13 26 27 45 47 58
 13 26 27 45 47 58 72
 13 26 27 45 47 58 70 71
 13 26 27 43 44 58
 13 26 27 43 44 58 72
 13 26 27 43 44 58 72 74
 13 26 27 43 44 58 72 73
 13 26 27 43 44 58 70 71
 13 26 27 43 44 58 70 71 74
 13 26 27 43 44 58 70 71 72 73
 13 26 27 43 44 56 57 58 72
 13 26 27 43 44 56 57 58 70 71
 13 26 27 43 44 47 58 72
 13 26 27 43 44 47 58 70 71
 13 26 27 43 44 45 58
 13 26 27 43 44 45 58 74
 13 26 27 43 44 45 58 72 73
 13 26 27 43 44 45 56 57 58
 13 26 27 43 44 45 47 58
 13 26 27 31 45 58
 13 26 27 31 45 58 72
 13 26 27 31 45 58 70 71
 13 26 27 31 43 44 58 72
 13 26 27 31 43 44 58 70 71
 13 26 27 31 43 44 45 58
 13 18 58
 13 18 58 72
 13 18 58 72 74
 13 18 58 72 73
 13 18 58 70 71
 13 18 58 70 71 74
 13 18 58 70 71 72 73
 13 18 56 57 58 72
 13 18 56 57 58 70 71
 13 18 47 58 72
 13 18 47 58 70 71
 13 18 45 58
 13 18 45 58 74
 13 18 45 58 72 73
 13 18 45 56 57 58
 13 18 45 47 58
 13 18 31 58 72
 13 18 31 58 70 71
 13 18 31 45 58
 13 18 30 58 72
 13 18 30 58 70 71
 13 18 30 45 58
 13 18 28 58
 13 18 28 58 72
 13 18 28 58 72 74
 13 18 28 58 72 73
 13 18 28 58 70 71
 13 18 28 58 70 71 74
 13 18 28 58 70 71 72 73
 13 18 28 56 57 58 72
 13 18 28 56 57 58 70 71
 13 18 28 47 58 72
 13 18 28 47 58 70 71
 13 18 28 45 58
 13 18 28 45 58 74
 13 18 28 45 58 72 73
 13 18 28 45 56 57 58
 13 18 28 45 47 58
 13 18 28 31 58 72
 13 18 28 31 58 70 71
 13 18 28 31 45 58
 13 18 28 29 58 72
 13 18 28 29 58 70 71
 13 18 28 29 45 58
 13 18 26 27 58
 13 18 26 27 58 72
 13 18 26 27 58 72 74
 13 18 26 27 58 72 73
 13 18 26 27 58 70 71
 13 18 26 27 58 70 71 74
 13 18 26 27 58 70 71 72 73
 13 18 26 27 56 57 58 72
 13 18 26 27 56 57 58 70 71
 13 18 26 27 47 58 72
 13 18 26 27 47 58 70 71
 13 18 26 27 45 58
 13 18 26 27 45 58 74
 13 18 26 27 45 58 72 73
 13 18 26 27 45 56 57 58
 13 18 26 27 45 47 58
 13 18 26 27 31 58 72
 13 18 26 27 31 58 70 71
 13 18 26 27 31 45 58
 11 58
 11 28 58
 11 26 27 58
 5 47 58
 5 45 46 58
 5 28 47 58
 5 28 45 46 58
 5 26 27 47 58
 5 26 27 45 46 58
 5 20 58
 5 20 28 58
 5 20 26 27 58
 3 45 55 58
 3 45 55 58 72
 3 45 55 58 70 71
 3 45 54 58
 3 45 54 58 72
 3 45 54 58 70 71
 3 45 51 52 54 58
 3 45 51 52 54 58 72
 3 45 51 52 54 58 70 71
 3 45 51 52 53 58
 3 45 51 52 53 58 72
 3 45 51 52 53 58 70 71
 3 43 44 55 58 72
 3 43 44 55 58 70 71
 3 43 44 54 58 72
 3 43 44 54 58 70 71
 3 43 44 51 52 54 58 72
 3 43 44 51 52 54 58 70 71
 3 43 44 51 52 53 58 72
 3 43 44 51 52 53 58 70 71
 3 43 44 45 55 58
 3 43 44 45 54 58
 3 43 44 45 51 52 54 58
 3 43 44 45 51 52 53 58
 3 40 45 58
 3 40 45 58 72
 3 40 45 58 70 71
 3 40 43 44 58 72
 3 40 43 44 58 70 71
 3 40 43 44 45 58
 3 38 39 45 58
 3 38 39 45 58 72
 3 38 39 45 58 70 71
 3 38 39 43 44 58 72
 3 38 39 43 44 58 70 71
 3 38 39 43 44 45 58
 3 28 45 58
 3 28 45 58 72
 3 28 45 58 70 71
 3 28 43 44 58 72
 3 28 43 44 58 70 71
 3 28 43 44 45 58
 3 27 45 58
 3 27 45 58 72
 3 27 45 58 70 71
 3 27 45 53 58
 3 27 45 53 58 72
 3 27 45 53 58 70 71
 3 27 45 51 52 58
 3 27 45 51 52 58 72
 3 27 45 51 52 58 70 71
 3 27 43 44 58 72
 3 27 43 44 58 70 71
 3 27 43 44 53 58 72
 3 27 43 44 53 58 70 71
 3 27 43 44 51 52 58 72
 3 27 43 44 51 52 58 70 71
 3 27 43 44 45 58
 3 27 43 44 45 53 58
 3 27 43 44 45 51 52 58
 3 26 45 54 58
 3 26 45 54 58 72
 3 26 45 54 58 70 71
 3 26 45 52 53 58
 3 26 45 52 53 58 72
 3 26 45 52 53 58 70 71
 3 26 43 44 54 58 72
 3 26 43 44 54 58 70 71
 3 26 43 44 52 53 58 72
 3 26 43 44 52 53 58 70 71
 3 26 43 44 45 54 58
 3 26 43 44 45 52 53 58
 3 26 27 45 58
 3 26 27 45 58 72
 3 26 27 45 58 70 71
 3 26 27 43 44 58 72
 3 26 27 43 44 58 70 71
 3 26 27 43 44 45 58
 3 18 55 58 72
 3 18 55 58 70 71
 3 18 54 58 72
 3 18 54 58 70 71
 3 18 51 52 54 58 72
 3 18 51 52 54 58 70 71
 3 18 51 52 53 58 72
 3 18 51 52 53 58 70 71
 3 18 45 55 58
 3 18 45 54 58
 3 18 45 51 52 54 58
 3 18 45 51 52 53 58
 3 18 40 58 72
 3 18 40 58 70 71
 3 18 40 45 58
 3 18 38 39 58 72
 3 18 38 39 58 70 71
 3 18 38 39 45 58
 3 18 28 58 72
 3 18 28 58 70 71
 3 18 28 45 58
 3 18 27 58 72
 3 18 27 58 70 71
 3 18 27 53 58 72
 3 18 27 53 58 70 71
 3 18 27 51 52 58 72
 3 18 27 51 52 58 70 71
 3 18 27 45 58
 3 18 27 45 53 58
 3 18 27 45 51 52 58
 3 18 26 54 58 72
 3 18 26 54 58 70 71
 3 18 26 52 53 58 72
 3 18 26 52 53 58 70 71
 3 18 26 45 54 58
 3 18 26 45 52 53 58
 3 18 26 27 58 72
 3 18 26 27 58 70 71
 3 18 26 27 45 58
 3 13 45 58
 3 13 45 58 72
 3 13 45 58 70 71
 3 13 43 44 58 72
 3 13 43 44 58 70 71
 3 13 43 44 45 58
 3 13 18 58 72
 3 13 18 58 70 71
 3 13 18 45 58
 1 60 66
 1 60 66 72
 1 60 66 70 71
 1 60 64 65
 1 60 64 65 72
 1 60 64 65 70 71
 1 58 70
 1 58 68 69
 1 58 66
 1 58 64 65
 1 58 60 66
 1 58 60 64 65
 1 47 60 66 70
 1 47 60 66 68 69
 1 47 60 64 65 70
 1 47 60 64 65 68 69
 1 47 58 66 72
 1 47 58 66 70 71
 1 47 58 64 65 72
 1 47 58 64 65 70 71
 1 47 56 58 66 72
 1 47 56 58 66 70 71
 1 47 56 58 64 65 72
 1 47 56 58 64 65 70 71
 1 45 60 66
 1 45 60 64 65
 1 45 55 58 74
 1 45 55 58 72
 1 45 55 58 72 74
 1 45 55 58 70 71
 1 45 55 58 70 71 74
 1 45 55 58 70 71 72 73
 1 45 55 56 57 58
 1 45 55 56 57 58 72
 1 45 55 56 57 58 70 71
 1 45 54 58 74
 1 45 54 58 72
 1 45 54 58 72 74
 1 45 54 58 70 71
 1 45 54 58 70 71 74
 1 45 54 58 70 71 72 73
 1 45 54 56 57 58
 1 45 54 56 57 58 72
 1 45 54 56 57 58 70 71
 1 45 51 52 54 58 74
 1 45 51 52 54 58 72
 1 45 51 52 54 58 72 74
 1 45 51 52 54 58 70 71
 1 45 51 52 54 58 70 71 74
 1 45 51 52 54 58 70 71 72 73
 1 45 51 52 54 56 57 58
 1 45 51 52 54 56 57 58 72
 1 45 51 52 54 56 57 58 70 71
 1 45 51 52 53 58 74
 1 45 51 52 53 58 72
 1 45 51 52 53 58 72 74
 1 45 51 52 53 58 70 71
 1 45 51 52 53 58 70 71 74
 1 45 51 52 53 58 70 71 72 73
 1 45 51 52 53 56 57 58
 1 45 51 52 53 56 57 58 72
 1 45 51 52 53 56 57 58 70 71
 1 45 47 58 66
 1 45 47 58 64 65
 1 45 47 56 58 66
 1 45 47 56 58 64 65
 1 45 47 55 58
 1 45 47 55 58 72
 1 45 47 55 58 70 71
 1 45 47 54 58
 1 45 47 54 58 72
 1 45 47 54 58 70 71
 1 45 47 51 52 54 58
 1 45 47 51 52 54 58 72
 1 45 47 51 52 54 58 70 71
 1 45 47 51 52 53 58
 1 45 47 51 52 53 58 72
 1 45 47 51 52 53 58 70 71
 1 45 46 60 66 70
 1 45 46 60 66 68 69
 1 45 46 60 64 65 70
 1 45 46 60 64 65 68 69
 1 45 46 58 66
 1 45 46 58 66 72
 1 45 46 58 66 70 71
 1 45 46 58 64 65
 1 45 46 58 64 65 72
 1 45 46 58 64 65 70 71
 1 45 46 56 58 66
 1 45 46 56 58 66 72
 1 45 46 56 58 66 70 71
 1 45 46 56 58 64 65
 1 45 46 56 58 64 65 72
 1 45 46 56 58 64 65 70 71
 1 43 58
 1 43 47 60 66
 1 43 47 60 64 65
 1 43 45 46 60 66
 1 43 45 46 60 64 65
 1 43 44 55 58
 1 43 44 55 58 72
 1 43 44 55 58 72 74
 1 43 44 55 58 72 73
 1 43 44 55 58 70 71
 1 43 44 55 58 70 71 74
 1 43 44 55 58 70 71 72 73
 1 43 44 55 56 57 58 72
 1 43 44 55 56 57 58 70 71
 1 43 44 54 58
 1 43 44 54 58 72
 1 43 44 54 58 72 74
 1 43 44 54 58 72 73
 1 43 44 54 58 70 71
 1 43 44 54 58 70 71 74
 1 43 44 54 58 70 71 72 73
 1 43 44 54 56 57 58 72
 1 43 44 54 56 57 58 70 71
 1 43 44 51 52 54 58
 1 43 44 51 52 54 58 72
 1 43 44 51 52 54 58 72 74
 1 43 44 51 52 54 58 72 73
 1 43 44 51 52 54 58 70 71
 1 43 44 51 52 54 58 70 71 74
 1 43 44 51 52 54 58 70 71 72 73
 1 43 44 51 52 54 56 57 58 72
 1 43 44 51 52 54 56 57 58 70 71
 1 43 44 51 52 53 58
 1 43 44 51 52 53 58 72
 1 43 44 51 52 53 58 72 74
 1 43 44 51 52 53 58 72 73
 1 43 44 51 52 53 58 70 71
 1 43 44 51 52 53 58 70 71 74
 1 43 44 51 52 53 58 70 71 72 73
 1 43 44 51 52 53 56 57 58 72
 1 43 44 51 52 53 56 57 58 70 71
 1 43 44 47 55 58 72
 1 43 44 47 55 58 70 71
 1 43 44 47 54 58 72
 1 43 44 47 54 58 70 71
 1 43 44 47 51 52 54 58 72
 1 43 44 47 51 52 54 58 70 71
 1 43 44 47 51 52 53 58 72
 1 43 44 47 51 52 53 58 70 71
 1 43 44 45 55 58
 1 43 44 45 55 58 74
 1 43 44 45 55 58 72 73
 1 43 44 45 55 56 57 58
 1 43 44 45 54 58
 1 43 44 45 54 58 74
 1 43 44 45 54 58 72 73
 1 43 44 45 54 56 57 58
 1 43 44 45 51 52 54 58
 1 43 44 45 51 52 54 58 74
 1 43 44 45 51 52 54 58 72 73
 1 43 44 45 51 52 54 56 57 58
 1 43 44 45 51 52 53 58
 1 43 44 45 51 52 53 58 74
 1 43 44 45 51 52 53 58 72 73
 1 43 44 45 51 52 53 56 57 58
 1 43 44 45 47 55 58
 1 43 44 45 47 54 58
 1 43 44 45 47 51 52 54 58
 1 43 44 45 47 51 52 53 58
 1 40 45 58 74
 1 40 45 58 72
 1 40 45 58 72 74
 1 40 45 58 70 71
 1 40 45 58 70 71 74
 1 40 45 58 70 71 72 73
 1 40 45 56 57 58
 1 40 45 56 57 58 72
 1 40 45 56 57 58 70 71
 1 40 45 47 58
 1 40 45 47 58 72
 1 40 45 47 58 70 71
 1 40 43 44 58
 1 40 43 44 58 72
 1 40 43 44 58 72 74
 1 40 43 44 58 72 73
 1 40 43 44 58 70 71
 1 40 43 44 58 70 71 74
 1 40 43 44 58 70 71 72 73
 1 40 43 44 56 57 58 72
 1 40 43 44 56 57 58 70 71
 1 40 43 44 47 58 72
 1 40 43 44 47 58 70 71
 1 40 43 44 45 58
 1 40 43 44 45 58 74
 1 40 43 44 45 58 72 73
 1 40 43 44 45 56 57 58
 1 40 43 44 45 47 58
 1 39 60
 1 39 60 72
 1 39 60 70 71
 1 39 58
 1 39 58 60
 1 39 47 60 70
 1 39 47 60 68 69
 1 39 47 58 72
 1 39 47 58 70 71
 1 39 47 56 58 72
 1 39 47 56 58 70 71
 1 39 45 60
 1 39 45 47 58
 1 39 45 47 56 58
 1 39 45 46 60 70
 1 39 45 46 60 68 69
 1 39 45 46 58
 1 39 45 46 58 72
 1 39 45 46 58 70 71
 1 39 45 46 56 58
 1 39 45 46 56 58 72
 1 39 45 46 56 58 70 71
 1 39 43 47 60
 1 39 43 45 46 60
 1 38 58
 1 38 39 45 58 74
 1 38 39 45 58 72
 1 38 39 45 58 72 74
 1 38 39 45 58 70 71
 1 38 39 45 58 70 71 74
 1 38 39 45 58 70 71 72 73
 1 38 39 45 56 57 58
 1 38 39 45 56 57 58 72
 1 38 39 45 56 57 58 70 71
 1 38 39 45 47 58
 1 38 39 45 47 58 72
 1 38 39 45 47 58 70 71
 1 38 39 43 44 58
 1 38 39 43 44 58 72
 1 38 39 43 44 58 72 74
 1 38 39 43 44 58 72 73
 1 38 39 43 44 58 70 71
 1 38 39 43 44 58 70 71 74
 1 38 39 43 44 58 70 71 72 73
 1 38 39 43 44 56 57 58 72
 1 38 39 43 44 56 57 58 70 71
 1 38 39 43 44 47 58 72
 1 38 39 43 44 47 58 70 71
 1 38 39 43 44 45 58
 1 38 39 43 44 45 58 74
 1 38 39 43 44 45 58 72 73
 1 38 39 43 44 45 56 57 58
 1 38 39 43 44 45 47 58
 1 37 47 58 66 72
 1 37 47 58 66 70 71
 1 37 47 58 64 65 72
 1 37 47 58 64 65 70 71
 1 37 45 47 58 66
 1 37 45 47 58 64 65
 1 37 45 46 58 66
 1 37 45 46 58 66 72
 1 37 45 46 58 66 70 71
 1 37 45 46 58 64 65
 1 37 45 46 58 64 65 72
 1 37 45 46 58 64 65 70 71
 1 37 39 47 58 72
 1 37 39 47 58 70 71
 1 37 39 45 47 58
 1 37 39 45 46 58
 1 37 39 45 46 58 72
 1 37 39 45 46 58 70 71
 1 36 37 58
 1 35 60 66 72
 1 35 60 66 70 71
 1 35 60 64 65 72
 1 35 60 64 65 70 71
 1 35 58 72
 1 35 58 70
 1 35 58 70 71
 1 35 58 68 69
 1 35 58 66 72
 1 35 58 66 70 71
 1 35 58 64 65 72
 1 35 58 64 65 70 71
 1 35 56 57 58 70
 1 35 56 57 58 68 69
 1 35 45 60 66
 1 35 45 60 64 65
 1 35 45 58
 1 35 45 58 66
 1 35 45 58 64 65
 1 35 43 58
 1 35 43 56 57 58
 1 35 39 60 72
 1 35 39 60 70 71
 1 35 39 58 72
 1 35 39 58 70 71
 1 35 39 45 60
 1 35 39 45 58
 1 31 45 55 58
 1 31 45 55 58 72
 1 31 45 55 58 70 71
 1 31 45 54 58
 1 31 45 54 58 72
 1 31 45 54 58 70 71
 1 31 45 51 52 54 58
 1 31 45 51 52 54 58 72
 1 31 45 51 52 54 58 70 71
 1 31 45 51 52 53 58
 1 31 45 51 52 53 58 72
 1 31 45 51 52 53 58 70 71
 1 31 43 44 55 58 72
 1 31 43 44 55 58 70 71
 1 31 43 44 54 58 72
 1 31 43 44 54 58 70 71
 1 31 43 44 51 52 54 58 72
 1 31 43 44 51 52 54 58 70 71
 1 31 43 44 51 52 53 58 72
 1 31 43 44 51 52 53 58 70 71
 1 31 43 44 45 55 58
 1 31 43 44 45 54 58
 1 31 43 44 45 51 52 54 58
 1 31 43 44 45 51 52 53 58
 1 31 40 45 58
 1 31 40 45 58 72
 1 31 40 45 58 70 71
 1 31 40 43 44 58 72
 1 31 40 43 44 58 70 71
 1 31 40 43 44 45 58
 1 31 38 39 45 58
 1 31 38 39 45 58 72
 1 31 38 39 45 58 70 71
 1 31 38 39 43 44 58 72
 1 31 38 39 43 44 58 70 71
 1 31 38 39 43 44 45 58
 1 31 35 58 70
 1 31 35 58 68 69
 1 31 35 43 58
 1 28 45 58 74
 1 28 45 58 72
 1 28 45 58 72 74
 1 28 45 58 70 71
 1 28 45 58 70 71 74
 1 28 45 58 70 71 72 73
 1 28 45 56 57 58
 1 28 45 56 57 58 72
 1 28 45 56 57 58 70 71
 1 28 45 47 58
 1 28 45 47 58 72
 1 28 45 47 58 70 71
 1 28 43 44 58
 1 28 43 44 58 72
 1 28 43 44 58 72 74
 1 28 43 44 58 72 73
 1 28 43 44 58 70 71
 1 28 43 44 58 70 71 74
 1 28 43 44 58 70 71 72 73
 1 28 43 44 56 57 58 72
 1 28 43 44 56 57 58 70 71
 1 28 43 44 47 58 72
 1 28 43 44 47 58 70 71
 1 28 43 44 45 58
 1 28 43 44 45 58 74
 1 28 43 44 45 58 72 73
 1 28 43 44 45 56 57 58
 1 28 43 44 45 47 58
 1 28 31 45 58
 1 28 31 45 58 72
 1 28 31 45 58 70 71
 1 28 31 43 44 58 72
 1 28 31 43 44 58 70 71
 1 28 31 43 44 45 58
 1 27 45 58 74
 1 27 45 58 72
 1 27 45 58 72 74
 1 27 45 58 70 71
 1 27 45 58 70 71 74
 1 27 45 58 70 71 72 73
 1 27 45 56 57 58
 1 27 45 56 57 58 72
 1 27 45 56 57 58 70 71
 1 27 45 53 58 74
 1 27 45 53 58 72
 1 27 45 53 58 72 74
 1 27 45 53 58 70 71
 1 27 45 53 58 70 71 74
 1 27 45 53 58 70 71 72 73
 1 27 45 53 56 57 58
 1 27 45 53 56 57 58 72
 1 27 45 53 56 57 58 70 71
 1 27 45 51 52 58 74
 1 27 45 51 52 58 72
 1 27 45 51 52 58 72 74
 1 27 45 51 52 58 70 71
 1 27 45 51 52 58 70 71 74
 1 27 45 51 52 58 70 71 72 73
 1 27 45 51 52 56 57 58
 1 27 45 51 52 56 57 58 72
 1 27 45 51 52 56 57 58 70 71
 1 27 45 47 58
 1 27 45 47 58 72
 1 27 45 47 58 70 71
 1 27 45 47 53 58
 1 27 45 47 53 58 72
 1 27 45 47 53 58 70 71
 1 27 45 47 51 52 58
 1 27 45 47 51 52 58 72
 1 27 45 47 51 52 58 70 71
 1 27 43 44 58
 1 27 43 44 58 72
 1 27 43 44 58 72 74
 1 27 43 44 58 72 73
 1 27 43 44 58 70 71
 1 27 43 44 58 70 71 74
 1 27 43 44 58 70 71 72 73
 1 27 43 44 56 57 58 72
 1 27 43 44 56 57 58 70 71
 1 27 43 44 53 58
 1 27 43 44 53 58 72
 1 27 43 44 53 58 72 74
 1 27 43 44 53 58 72 73
 1 27 43 44 53 58 70 71
 1 27 43 44 53 58 70 71 74
 1 27 43 44 53 58 70 71 72 73
 1 27 43 44 53 56 57 58 72
 1 27 43 44 53 56 57 58 70 71
 1 27 43 44 51 52 58
 1 27 43 44 51 52 58 72
 1 27 43 44 51 52 58 72 74
 1 27 43 44 51 52 58 72 73
 1 27 43 44 51 52 58 70 71
 1 27 43 44 51 52 58 70 71 74
 1 27 43 44 51 52 58 70 71 72 73
 1 27 43 44 51 52 56 57 58 72
 1 27 43 44 51 52 56 57 58 70 71
 1 27 43 44 47 58 72
 1 27 43 44 47 58 70 71
 1 27 43 44 47 53 58 72
 1 27 43 44 47 53 58 70 71
 1 27 43 44 47 51 52 58 72
 1 27 43 44 47 51 52 58 70 71
 1 27 43 44 45 58
 1 27 43 44 45 58 74
 1 27 43 44 45 58 72 73
 1 27 43 44 45 56 57 58
 1 27 43 44 45 53 58
 1 27 43 44 45 53 58 74
 1 27 43 44 45 53 58 72 73
 1 27 43 44 45 53 56 57 58
 1 27 43 44 45 51 52 58
 1 27 43 44 45 51 52 58 74
 1 27 43 44 45 51 52 58 72 73
 1 27 43 44 45 51 52 56 57 58
 1 27 43 44 45 47 58
 1 27 43 44 45 47 53 58
 1 27 43 44 45 47 51 52 58
 1 27 31 45 58
 1 27 31 45 58 72
 1 27 31 45 58 70 71
 1 27 31 45 53 58
 1 27 31 45 53 58 72
 1 27 31 45 53 58 70 71
 1 27 31 45 51 52 58
 1 27 31 45 51 52 58 72
 1 27 31 45 51 52 58 70 71
 1 27 31 43 44 58 72
 1 27 31 43 44 58 70 71
 1 27 31 43 44 53 58 72
 1 27 31 43 44 53 58 70 71
 1 27 31 43 44 51 52 58 72
 1 27 31 43 44 51 52 58 70 71
 1 27 31 43 44 45 58
 1 27 31 43 44 45 53 58
 1 27 31 43 44 45 51 52 58
 1 26 45 54 58 74
 1 26 45 54 58 72
 1 26 45 54 58 72 74
 1 26 45 54 58 70 71
 1 26 45 54 58 70 71 74
 1 26 45 54 58 70 71 72 73
 1 26 45 54 56 57 58
 1 26 45 54 56 57 58 72
 1 26 45 54 56 57 58 70 71
 1 26 45 52 53 58 74
 1 26 45 52 53 58 72
 1 26 45 52 53 58 72 74
 1 26 45 52 53 58 70 71
 1 26 45 52 53 58 70 71 74
 1 26 45 52 53 58 70 71 72 73
 1 26 45 52 53 56 57 58
 1 26 45 52 53 56 57 58 72
 1 26 45 52 53 56 57 58 70 71
 1 26 45 47 54 58
 1 26 45 47 54 58 72
 1 26 45 47 54 58 70 71
 1 26 45 47 52 53 58
 1 26 45 47 52 53 58 72
 1 26 45 47 52 53 58 70 71
 1 26 43 44 54 58
 1 26 43 44 54 58 72
 1 26 43 44 54 58 72 74
 1 26 43 44 54 58 72 73
 1 26 43 44 54 58 70 71
 1 26 43 44 54 58 70 71 74
 1 26 43 44 54 58 70 71 72 73
 1 26 43 44 54 56 57 58 72
 1 26 43 44 54 56 57 58 70 71
 1 26 43 44 52 53 58
 1 26 43 44 52 53 58 72
 1 26 43 44 52 53 58 72 74
 1 26 43 44 52 53 58 72 73
 1 26 43 44 52 53 58 70 71
 1 26 43 44 52 53 58 70 71 74
 1 26 43 44 52 53 58 70 71 72 73
 1 26 43 44 52 53 56 57 58 72
 1 26 43 44 52 53 56 57 58 70 71
 1 26 43 44 47 54 58 72
 1 26 43 44 47 54 58 70 71
 1 26 43 44 47 52 53 58 72
 1 26 43 44 47 52 53 58 70 71
 1 26 43 44 45 54 58
 1 26 43 44 45 54 58 74
 1 26 43 44 45 54 58 72 73
 1 26 43 44 45 54 56 57 58
 1 26 43 44 45 52 53 58
 1 26 43 44 45 52 53 58 74
 1 26 43 44 45 52 53 58 72 73
 1 26 43 44 45 52 53 56 57 58
 1 26 43 44 45 47 54 58
 1 26 43 44 45 47 52 53 58
 1 26 31 45 54 58
 1 26 31 45 54 58 72
 1 26 31 45 54 58 70 71
 1 26 31 45 52 53 58
 1 26 31 45 52 53 58 72
 1 26 31 45 52 53 58 70 71
 1 26 31 43 44 54 58 72
 1 26 31 43 44 54 58 70 71
 1 26 31 43 44 52 53 58 72
 1 26 31 43 44 52 53 58 70 71
 1 26 31 43 44 45 54 58
 1 26 31 43 44 45 52 53 58
 1 26 27 45 58 74
 1 26 27 45 58 72
 1 26 27 45 58 72 74
 1 26 27 45 58 70 71
 1 26 27 45 58 70 71 74
 1 26 27 45 58 70 71 72 73
 1 26 27 45 56 57 58
 1 26 27 45 56 57 58 72
 1 26 27 45 56 57 58 70 71
 1 26 27 45 47 58
 1 26 27 45 47 58 72
 1 26 27 45 47 58 70 71
 1 26 27 43 44 58
 1 26 27 43 44 58 72
 1 26 27 43 44 58 72 74
 1 26 27 43 44 58 72 73
 1 26 27 43 44 58 70 71
 1 26 27 43 44 58 70 71 74
 1 26 27 43 44 58 70 71 72 73
 1 26 27 43 44 56 57 58 72
 1 26 27 43 44 56 57 58 70 71
 1 26 27 43 44 47 58 72
 1 26 27 43 44 47 58 70 71
 1 26 27 43 44 45 58
 1 26 27 43 44 45 58 74
 1 26 27 43 44 45 58 72 73
 1 26 27 43 44 45 56 57 58
 1 26 27 43 44 45 47 58
 1 26 27 31 45 58
 1 26 27 31 45 58 72
 1 26 27 31 45 58 70 71
 1 26 27 31 43 44 58 72
 1 26 27 31 43 44 58 70 71
 1 26 27 31 43 44 45 58
 1 20 60 66 70
 1 20 60 66 68 69
 1 20 60 64 65 70
 1 20 60 64 65 68 69
 1 20 58 66 72
 1 20 58 66 70 71
 1 20 58 64 65 72
 1 20 58 64 65 70 71
 1 20 56 58 66 72
 1 20 56 58 66 70 71
 1 20 56 58 64 65 72
 1 20 56 58 64 65 70 71
 1 20 45 58 66
 1 20 45 58 64 65
 1 20 45 56 58 66
 1 20 45 56 58 64 65
 1 20 43 60 66
 1 20 43 60 64 65
 1 20 39 60 70
 1 20 39 60 68 69
 1 20 39 58 72
 1 20 39 58 70 71
 1 20 39 56 58 72
 1 20 39 56 58 70 71
 1 20 39 45 58
 1 20 39 45 56 58
 1 20 39 43 60
 1 20 37 58 66 72
 1 20 37 58 66 70 71
 1 20 37 58 64 65 72
 1 20 37 58 64 65 70 71
 1 20 37 45 58 66
 1 20 37 45 58 64 65
 1 20 37 39 58 72
 1 20 37 39 58 70 71
 1 20 37 39 45 58
 1 18 55 58
 1 18 55 58 72
 1 18 55 58 72 74
 1 18 55 58 72 73
 1 18 55 58 70 71
 1 18 55 58 70 71 74
 1 18 55 58 70 71 72 73
 1 18 55 56 57 58 72
 1 18 55 56 57 58 70 71
 1 18 54 58
 1 18 54 58 72
 1 18 54 58 72 74
 1 18 54 58 72 73
 1 18 54 58 70 71
 1 18 54 58 70 71 74
 1 18 54 58 70 71 72 73
 1 18 54 56 57 58 72
 1 18 54 56 57 58 70 71
 1 18 51 52 54 58
 1 18 51 52 54 58 72
 1 18 51 52 54 58 72 74
 1 18 51 52 54 58 72 73
 1 18 51 52 54 58 70 71
 1 18 51 52 54 58 70 71 74
 1 18 51 52 54 58 70 71 72 73
 1 18 51 52 54 56 57 58 72
 1 18 51 52 54 56 57 58 70 71
 1 18 51 52 53 58
 1 18 51 52 53 58 72
 1 18 51 52 53 58 72 74
 1 18 51 52 53 58 72 73
 1 18 51 52 53 58 70 71
 1 18 51 52 53 58 70 71 74
 1 18 51 52 53 58 70 71 72 73
 1 18 51 52 53 56 57 58 72
 1 18 51 52 53 56 57 58 70 71
 1 18 47 55 58 72
 1 18 47 55 58 70 71
 1 18 47 54 58 72
 1 18 47 54 58 70 71
 1 18 47 51 52 54 58 72
 1 18 47 51 52 54 58 70 71
 1 18 47 51 52 53 58 72
 1 18 47 51 52 53 58 70 71
 1 18 45 55 58
 1 18 45 55 58 74
 1 18 45 55 58 72 73
 1 18 45 55 56 57 58
 1 18 45 54 58
 1 18 45 54 58 74
 1 18 45 54 58 72 73
 1 18 45 54 56 57 58
 1 18 45 51 52 54 58
 1 18 45 51 52 54 58 74
 1 18 45 51 52 54 58 72 73
 1 18 45 51 52 54 56 57 58
 1 18 45 51 52 53 58
 1 18 45 51 52 53 58 74
 1 18 45 51 52 53 58 72 73
 1 18 45 51 52 53 56 57 58
 1 18 45 47 55 58
 1 18 45 47 54 58
 1 18 45 47 51 52 54 58
 1 18 45 47 51 52 53 58
 1 18 40 58
 1 18 40 58 72
 1 18 40 58 72 74
 1 18 40 58 72 73
 1 18 40 58 70 71
 1 18 40 58 70 71 74
 1 18 40 58 70 71 72 73
 1 18 40 56 57 58 72
 1 18 40 56 57 58 70 71
 1 18 40 47 58 72
 1 18 40 47 58 70 71
 1 18 40 45 58
 1 18 40 45 58 74
 1 18 40 45 58 72 73
 1 18 40 45 56 57 58
 1 18 40 45 47 58
 1 18 38 39 58
 1 18 38 39 58 72
 1 18 38 39 58 72 74
 1 18 38 39 58 72 73
 1 18 38 39 58 70 71
 1 18 38 39 58 70 71 74
 1 18 38 39 58 70 71 72 73
 1 18 38 39 56 57 58 72
 1 18 38 39 56 57 58 70 71
 1 18 38 39 47 58 72
 1 18 38 39 47 58 70 71
 1 18 38 39 45 58
 1 18 38 39 45 58 74
 1 18 38 39 45 58 72 73
 1 18 38 39 45 56 57 58
 1 18 38 39 45 47 58
 1 18 31 55 58 72
 1 18 31 55 58 70 71
 1 18 31 54 58 72
 1 18 31 54 58 70 71
 1 18 31 51 52 54 58 72
 1 18 31 51 52 54 58 70 71
 1 18 31 51 52 53 58 72
 1 18 31 51 52 53 58 70 71
 1 18 31 45 55 58
 1 18 31 45 54 58
 1 18 31 45 51 52 54 58
 1 18 31 45 51 52 53 58
 1 18 31 40 58 72
 1 18 31 40 58 70 71
 1 18 31 40 45 58
 1 18 31 38 39 58 72
 1 18 31 38 39 58 70 71
 1 18 31 38 39 45 58
 1 18 28 58
 1 18 28 58 72
 1 18 28 58 72 74
 1 18 28 58 72 73
 1 18 28 58 70 71
 1 18 28 58 70 71 74
 1 18 28 58 70 71 72 73
 1 18 28 56 57 58 72
 1 18 28 56 57 58 70 71
 1 18 28 47 58 72
 1 18 28 47 58 70 71
 1 18 28 45 58
 1 18 28 45 58 74
 1 18 28 45 58 72 73
 1 18 28 45 56 57 58
 1 18 28 45 47 58
 1 18 28 31 58 72
 1 18 28 31 58 70 71
 1 18 28 31 45 58
 1 18 27 58
 1 18 27 58 72
 1 18 27 58 72 74
 1 18 27 58 72 73
 1 18 27 58 70 71
 1 18 27 58 70 71 74
 1 18 27 58 70 71 72 73
 1 18 27 56 57 58 72
 1 18 27 56 57 58 70 71
 1 18 27 53 58
 1 18 27 53 58 72
 1 18 27 53 58 72 74
 1 18 27 53 58 72 73
 1 18 27 53 58 70 71
 1 18 27 53 58 70 71 74
 1 18 27 53 58 70 71 72 73
 1 18 27 53 56 57 58 72
 1 18 27 53 56 57 58 70 71
 1 18 27 51 52 58
 1 18 27 51 52 58 72
 1 18 27 51 52 58 72 74
 1 18 27 51 52 58 72 73
 1 18 27 51 52 58 70 71
 1 18 27 51 52 58 70 71 74
 1 18 27 51 52 58 70 71 72 73
 1 18 27 51 52 56 57 58 72
 1 18 27 51 52 56 57 58 70 71
 1 18 27 47 58 72
 1 18 27 47 58 70 71
 1 18 27 47 53 58 72
 1 18 27 47 53 58 70 71
 1 18 27 47 51 52 58 72
 1 18 27 47 51 52 58 70 71
 1 18 27 45 58
 1 18 27 45 58 74
 1 18 27 45 58 72 73
 1 18 27 45 56 57 58
 1 18 27 45 53 58
 1 18 27 45 53 58 74
 1 18 27 45 53 58 72 73
 1 18 27 45 53 56 57 58
 1 18 27 45 51 52 58
 1 18 27 45 51 52 58 74
 1 18 27 45 51 52 58 72 73
 1 18 27 45 51 52 56 57 58
 1 18 27 45 47 58
 1 18 27 45 47 53 58
 1 18 27 45 47 51 52 58
 1 18 27 31 58 72
 1 18 27 31 58 70 71
 1 18 27 31 53 58 72
 1 18 27 31 53 58 70 71
 1 18 27 31 51 52 58 72
 1 18 27 31 51 52 58 70 71
 1 18 27 31 45 58
 1 18 27 31 45 53 58
 1 18 27 31 45 51 52 58
 1 18 26 54 58
 1 18 26 54 58 72
 1 18 26 54 58 72 74
 1 18 26 54 58 72 73
 1 18 26 54 58 70 71
 1 18 26 54 58 70 71 74
 1 18 26 54 58 70 71 72 73
 1 18 26 54 56 57 58 72
 1 18 26 54 56 57 58 70 71
 1 18 26 52 53 58
 1 18 26 52 53 58 72
 1 18 26 52 53 58 72 74
 1 18 26 52 53 58 72 73
 1 18 26 52 53 58 70 71
 1 18 26 52 53 58 70 71 74
 1 18 26 52 53 58 70 71 72 73
 1 18 26 52 53 56 57 58 72
 1 18 26 52 53 56 57 58 70 71
 1 18 26 47 54 58 72
 1 18 26 47 54 58 70 71
 1 18 26 47 52 53 58 72
 1 18 26 47 52 53 58 70 71
 1 18 26 45 54 58
 1 18 26 45 54 58 74
 1 18 26 45 54 58 72 73
 1 18 26 45 54 56 57 58
 1 18 26 45 52 53 58
 1 18 26 45 52 53 58 74
 1 18 26 45 52 53 58 72 73
 1 18 26 45 52 53 56 57 58
 1 18 26 45 47 54 58
 1 18 26 45 47 52 53 58
 1 18 26 31 54 58 72
 1 18 26 31 54 58 70 71
 1 18 26 31 52 53 58 72
 1 18 26 31 52 53 58 70 71
 1 18 26 31 45 54 58
 1 18 26 31 45 52 53 58
 1 18 26 27 58
 1 18 26 27 58 72
 1 18 26 27 58 72 74
 1 18 26 27 58 72 73
 1 18 26 27 58 70 71
 1 18 26 27 58 70 71 74
 1 18 26 27 58 70 71 72 73
 1 18 26 27 56 57 58 72
 1 18 26 27 56 57 58 70 71
 1 18 26 27 47 58 72
 1 18 26 27 47 58 70 71
 1 18 26 27 45 58
 1 18 26 27 45 58 74
 1 18 26 27 45 58 72 73
 1 18 26 27 45 56 57 58
 1 18 26 27 45 47 58
 1 18 26 27 31 58 72
 1 18 26 27 31 58 70 71
 1 18 26 27 31 45 58
 1 13 45 58 74
 1 13 45 58 72
 1 13 45 58 72 74
 1 13 45 58 70 71
 1 13 45 58 70 71 74
 1 13 45 58 70 71 72 73
 1 13 45 56 57 58
 1 13 45 56 57 58 72
 1 13 45 56 57 58 70 71
 1 13 45 47 58
 1 13 45 47 58 72
 1 13 45 47 58 70 71
 1 13 43 44 58
 1 13 43 44 58 72
 1 13 43 44 58 72 74
 1 13 43 44 58 72 73
 1 13 43 44 58 70 71
 1 13 43 44 58 70 71 74
 1 13 43 44 58 70 71 72 73
 1 13 43 44 56 57 58 72
 1 13 43 44 56 57 58 70 71
 1 13 43 44 47 58 72
 1 13 43 44 47 58 70 71
 1 13 43 44 45 58
 1 13 43 44 45 58 74
 1 13 43 44 45 58 72 73
 1 13 43 44 45 56 57 58
 1 13 43 44 45 47 58
 1 13 31 45 58
 1 13 31 45 58 72
 1 13 31 45 58 70 71
 1 13 31 43 44 58 72
 1 13 31 43 44 58 70 71
 1 13 31 43 44 45 58
 1 13 18 58
 1 13 18 58 72
 1 13 18 58 72 74
 1 13 18 58 72 73
 1 13 18 58 70 71
 1 13 18 58 70 71 74
 1 13 18 58 70 71 72 73
 1 13 18 56 57 58 72
 1 13 18 56 57 58 70 71
 1 13 18 47 58 72
 1 13 18 47 58 70 71
 1 13 18 45 58
 1 13 18 45 58 74
 1 13 18 45 58 72 73
 1 13 18 45 56 57 58
 1 13 18 45 47 58
 1 13 18 31 58 72
 1 13 18 31 58 70 71
 1 13 18 31 45 58
 1 11 58
 1 5 47 58
 1 5 45 46 58
 1 5 20 58
