 58 59
 57 58
 53 58 59
 51 58 72
 51 58 70 71
 51 58 68 72
 51 58 68 70 71
 51 56 58 70
 51 56 58 68
 51 56 58 68 70
 51 54 55 58 70
 51 54 55 58 68
 51 54 55 58 68 70
 51 52 58 59
 49 50 58 72
 49 50 58 70 71
 49 50 58 68 72
 49 50 58 68 70 71
 49 50 56 58 70
 49 50 56 58 68
 49 50 56 58 68 70
 49 50 54 55 58 70
 49 50 54 55 58 68
 49 50 54 55 58 68 70
 47 53 56 58
 47 53 54 55 58
 47 51 52 56 58
 47 51 52 54 55 58
 45 57 58
 45 56 70
 45 56 68 69
 45 56 57 58
 45 54 55 70
 45 54 55 68 69
 45 51 64 70
 45 51 64 68 69
 45 51 62 63 70
 45 51 62 63 68 69
 45 51 60 64 70
 45 51 60 64 68 69
 45 51 60 62 63 70
 45 51 60 62 63 68 69
 45 51 58
 45 51 58 68
 45 51 58 62
 45 51 58 60 64
 45 51 57 58 60 62
 45 51 56 58
 45 51 56 58 64
 45 51 56 58 64 70
 45 51 56 58 64 68 69
 45 51 56 58 62
 45 51 56 57 58 64 70
 45 51 56 57 58 64 68 69
 45 51 54 58 64
 45 51 54 58 64 70
 45 51 54 58 64 68 69
 45 51 54 57 58 62
 45 51 54 57 58 62 70
 45 51 54 57 58 62 68 69
 45 51 54 56 57 58 64
 45 51 54 56 57 58 64 70
 45 51 54 56 57 58 64 68 69
 45 51 54 56 57 58 62
 45 51 54 56 57 58 62 70
 45 51 54 56 57 58 62 68 69
 45 51 52 56 58
 45 51 52 56 58 62
 45 49 50 60 64 70
 45 49 50 60 64 68 69
 45 49 50 60 62 63 70
 45 49 50 60 62 63 68 69
 45 49 50 58
 45 49 50 58 68
 45 49 50 58 62
 45 49 50 58 60 64
 45 49 50 57 58 60 62
 45 49 50 56 58
 45 49 50 56 58 64
 45 49 50 56 58 64 70
 45 49 50 56 58 64 68 69
 45 49 50 56 58 62
 45 49 50 56 57 58 64 70
 45 49 50 56 57 58 64 68 69
 45 49 50 54 58 64
 45 49 50 54 58 64 70
 45 49 50 54 58 64 68 69
 45 49 50 54 57 58 62
 45 49 50 54 57 58 62 70
 45 49 50 54 57 58 62 68 69
 45 49 50 54 56 57 58 64
 45 49 50 54 56 57 58 64 70
 45 49 50 54 56 57 58 64 68 69
 45 49 50 54 56 57 58 62
 45 49 50 54 56 57 58 62 70
 45 49 50 54 56 57 58 62 68 69
 45 49 50 52 56 58
 45 49 50 52 56 58 62
 45 49 50 51 64 70
 45 49 50 51 64 68 69
 45 49 50 51 62 63 70
 45 49 50 51 62 63 68 69
 45 46 53 56 58
 45 46 53 54 55 58
 45 46 51 52 56 58
 45 46 51 52 54 55 58
 43 53 56 58
 43 51 56 58
 43 51 56 58 68
 43 51 54 55 58
 43 51 54 55 58 68
 43 51 52 56 58
 43 49 50 56 58
 43 49 50 56 58 68
 43 49 50 54 55 58
 43 49 50 54 55 58 68
 43 45 56
 43 45 54 55
 43 45 51 64
 43 45 51 62 63
 43 45 51 60 64
 43 45 51 60 62 63
 43 45 51 56 58 64
 43 45 51 56 57 58 64
 43 45 51 54 58 64
 43 45 51 54 57 58 62
 43 45 51 54 56 57 58 64
 43 45 51 54 56 57 58 62
 43 45 49 50 60 64
 43 45 49 50 60 62 63
 43 45 49 50 56 58 64
 43 45 49 50 56 57 58 64
 43 45 49 50 54 58 64
 43 45 49 50 54 57 58 62
 43 45 49 50 54 56 57 58 64
 43 45 49 50 54 56 57 58 62
 43 45 49 50 51 64
 43 45 49 50 51 62 63
 43 44 57 58
 43 44 56
 43 44 56 70
 43 44 56 68 69
 43 44 56 57 58
 43 44 54 55
 43 44 54 55 70
 43 44 54 55 68 69
 43 44 51 64
 43 44 51 64 70
 43 44 51 64 68 69
 43 44 51 62 63
 43 44 51 62 63 70
 43 44 51 62 63 68 69
 43 44 51 60 64
 43 44 51 60 64 70
 43 44 51 60 64 68 69
 43 44 51 60 62 63
 43 44 51 60 62 63 70
 43 44 51 60 62 63 68 69
 43 44 51 58 62
 43 44 51 58 60 64
 43 44 51 57 58 60 62
 43 44 51 56 58
 43 44 51 56 58 64 70
 43 44 51 56 58 64 68 69
 43 44 51 56 58 62
 43 44 51 56 57 58 64
 43 44 51 56 57 58 64 70
 43 44 51 56 57 58 64 68 69
 43 44 51 54 58 64 70
 43 44 51 54 58 64 68 69
 43 44 51 54 57 58 62 70
 43 44 51 54 57 58 62 68 69
 43 44 51 54 56 57 58 64 70
 43 44 51 54 56 57 58 64 68 69
 43 44 51 54 56 57 58 62 70
 43 44 51 54 56 57 58 62 68 69
 43 44 51 52 56 58
 43 44 51 52 56 58 62
 43 44 49 50 60 64
 43 44 49 50 60 64 70
 43 44 49 50 60 64 68 69
 43 44 49 50 60 62 63
 43 44 49 50 60 62 63 70
 43 44 49 50 60 62 63 68 69
 43 44 49 50 58 62
 43 44 49 50 58 60 64
 43 44 49 50 57 58 60 62
 43 44 49 50 56 58
 43 44 49 50 56 58 64 70
 43 44 49 50 56 58 64 68 69
 43 44 49 50 56 58 62
 43 44 49 50 56 57 58 64
 43 44 49 50 56 57 58 64 70
 43 44 49 50 56 57 58 64 68 69
 43 44 49 50 54 58 64 70
 43 44 49 50 54 58 64 68 69
 43 44 49 50 54 57 58 62 70
 43 44 49 50 54 57 58 62 68 69
 43 44 49 50 54 56 57 58 64 70
 43 44 49 50 54 56 57 58 64 68 69
 43 44 49 50 54 56 57 58 62 70
 43 44 49 50 54 56 57 58 62 68 69
 43 44 49 50 52 56 58
 43 44 49 50 52 56 58 62
 43 44 49 50 51 64
 43 44 49 50 51 64 70
 43 44 49 50 51 64 68 69
 43 44 49 50 51 62 63
 43 44 49 50 51 62 63 70
 43 44 49 50 51 62 63 68 69
 41 42 53 56 58
 41 42 51 52 56 58
 40 45 51 56 58
 40 45 51 56 58 62
 40 45 49 50 56 58
 40 45 49 50 56 58 62
 40 43 44 51 56 58
 40 43 44 51 56 58 62
 40 43 44 49 50 56 58
 40 43 44 49 50 56 58 62
 38 58
 38 39 45 51 56 58
 38 39 45 51 56 58 62
 38 39 45 49 50 56 58
 38 39 45 49 50 56 58 62
 38 39 43 44 51 56 58
 38 39 43 44 51 56 58 62
 38 39 43 44 49 50 56 58
 38 39 43 44 49 50 56 58 62
 37 45 51 70
 37 45 51 68 69
 37 45 51 60 70
 37 45 51 60 68 69
 37 45 49 50 60 70
 37 45 49 50 60 68 69
 37 45 49 50 51 70
 37 45 49 50 51 68 69
 37 43 56 62
 37 43 45 51
 37 43 45 51 60
 37 43 45 49 50 60
 37 43 45 49 50 51
 37 43 44 51
 37 43 44 51 70
 37 43 44 51 68 69
 37 43 44 51 60
 37 43 44 51 60 70
 37 43 44 51 60 68 69
 37 43 44 49 50 60
 37 43 44 49 50 60 70
 37 43 44 49 50 60 68 69
 37 43 44 49 50 51
 37 43 44 49 50 51 70
 37 43 44 49 50 51 68 69
 37 41 42 56 62
 36 37 58
 31 45 57 58
 31 45 51 56 58
 31 45 51 56 58 64 70
 31 45 51 56 58 64 68 69
 31 45 51 56 58 62
 31 45 51 56 57 58 62 70
 31 45 51 56 57 58 62 68 69
 31 45 51 54 58 64
 31 45 51 54 58 64 70
 31 45 51 54 58 64 68 69
 31 45 51 54 57 58 62
 31 45 51 54 57 58 62 70
 31 45 51 54 57 58 62 68 69
 31 45 49 50 56 58
 31 45 49 50 56 58 64 70
 31 45 49 50 56 58 64 68 69
 31 45 49 50 56 58 62
 31 45 49 50 56 57 58 62 70
 31 45 49 50 56 57 58 62 68 69
 31 45 49 50 54 58 64
 31 45 49 50 54 58 64 70
 31 45 49 50 54 58 64 68 69
 31 45 49 50 54 57 58 62
 31 45 49 50 54 57 58 62 70
 31 45 49 50 54 57 58 62 68 69
 31 43 45 51 56 58 64
 31 43 45 51 56 57 58 62
 31 43 45 51 54 58 64
 31 43 45 51 54 57 58 62
 31 43 45 49 50 56 58 64
 31 43 45 49 50 56 57 58 62
 31 43 45 49 50 54 58 64
 31 43 45 49 50 54 57 58 62
 31 43 44 57 58
 31 43 44 51 56 58
 31 43 44 51 56 58 64
 31 43 44 51 56 58 64 70
 31 43 44 51 56 58 64 68 69
 31 43 44 51 56 58 62
 31 43 44 51 56 57 58 62
 31 43 44 51 56 57 58 62 70
 31 43 44 51 56 57 58 62 68 69
 31 43 44 51 54 58 64 70
 31 43 44 51 54 58 64 68 69
 31 43 44 51 54 57 58 62 70
 31 43 44 51 54 57 58 62 68 69
 31 43 44 49 50 56 58
 31 43 44 49 50 56 58 64
 31 43 44 49 50 56 58 64 70
 31 43 44 49 50 56 58 64 68 69
 31 43 44 49 50 56 58 62
 31 43 44 49 50 56 57 58 62
 31 43 44 49 50 56 57 58 62 70
 31 43 44 49 50 56 57 58 62 68 69
 31 43 44 49 50 54 58 64 70
 31 43 44 49 50 54 58 64 68 69
 31 43 44 49 50 54 57 58 62 70
 31 43 44 49 50 54 57 58 62 68 69
 30 45 53 58
 30 45 53 58 72
 30 45 53 58 70 71
 30 45 53 56 58
 30 45 53 54 55 58
 30 45 51 52 58
 30 45 51 52 58 72
 30 45 51 52 58 70 71
 30 45 51 52 56 58
 30 45 51 52 54 55 58
 30 43 44 53 58 72
 30 43 44 53 58 70 71
 30 43 44 53 56 58
 30 43 44 53 54 55 58
 30 43 44 51 52 58 72
 30 43 44 51 52 58 70 71
 30 43 44 51 52 56 58
 30 43 44 51 52 54 55 58
 30 43 44 45 53 58
 30 43 44 45 51 52 58
 29 51 58 70
 29 51 58 68
 29 51 58 68 70
 29 49 50 58 70
 29 49 50 58 68
 29 49 50 58 68 70
 29 47 53 58
 29 47 51 52 58
 29 45 70
 29 45 68 69
 29 45 46 53 58
 29 45 46 51 52 58
 29 43 51 58
 29 43 51 58 68
 29 43 49 50 58
 29 43 49 50 58 68
 29 43 45
 29 43 44
 29 43 44 70
 29 43 44 68 69
 29 30 45 53 58
 29 30 45 51 52 58
 29 30 43 44 53 58
 29 30 43 44 51 52 58
 28 57 58
 28 53 58
 28 53 56 58
 28 53 56 57 58 60
 28 51 58
 28 51 58 72
 28 51 58 70 71
 28 51 58 68 72
 28 51 58 68 70 71
 28 51 56 58 70
 28 51 56 58 68 70
 28 51 54 55 58 70
 28 51 54 55 58 68 70
 28 51 52 58
 28 51 52 56 58
 28 51 52 56 57 58 60
 28 49 50 58
 28 49 50 58 72
 28 49 50 58 70 71
 28 49 50 58 68 72
 28 49 50 58 68 70 71
 28 49 50 56 58 70
 28 49 50 56 58 68 70
 28 49 50 54 55 58 70
 28 49 50 54 55 58 68 70
 28 47 53 58
 28 47 51 52 58
 28 45 53 58 60
 28 45 53 58 59
 28 45 51 58 68
 28 45 51 56 57 58
 28 45 51 52 58 60
 28 45 51 52 58 59
 28 45 49 50 58 68
 28 45 49 50 56 57 58
 28 45 46 53 58
 28 45 46 51 52 58
 28 43 53 56 57 58
 28 43 51 56 58
 28 43 51 56 58 68
 28 43 51 54 55 58
 28 43 51 54 55 58 68
 28 43 51 52 56 57 58
 28 43 49 50 56 58
 28 43 49 50 56 58 68
 28 43 49 50 54 55 58
 28 43 49 50 54 55 58 68
 28 43 44 53 58 60
 28 43 44 53 58 59
 28 43 44 51 58
 28 43 44 51 56 57 58
 28 43 44 51 52 58 60
 28 43 44 51 52 58 59
 28 43 44 49 50 58
 28 43 44 49 50 56 57 58
 28 41 42 53 56 57 58
 28 41 42 51 52 56 57 58
 28 37 53 56
 28 37 53 56 62
 28 37 51 52 56
 28 37 51 52 56 62
 28 33 45 53 58
 28 33 45 51 52 58
 28 33 43 44 53 58
 28 33 43 44 51 52 58
 28 31 45 51 58
 28 31 45 49 50 58
 28 31 43 44 51 58
 28 31 43 44 49 50 58
 28 29 51 58 70
 28 29 51 58 68 70
 28 29 49 50 58 70
 28 29 49 50 58 68 70
 28 29 45 53 58 72
 28 29 45 53 58 70 71
 28 29 45 53 56 58
 28 29 45 53 54 55 58
 28 29 45 51 52 58 72
 28 29 45 51 52 58 70 71
 28 29 45 51 52 56 58
 28 29 45 51 52 54 55 58
 28 29 43 51 58
 28 29 43 51 58 68
 28 29 43 49 50 58
 28 29 43 49 50 58 68
 28 29 43 44 53 58
 28 29 43 44 53 58 72
 28 29 43 44 53 58 70 71
 28 29 43 44 53 56 58
 28 29 43 44 53 54 55 58
 28 29 43 44 51 52 58
 28 29 43 44 51 52 58 72
 28 29 43 44 51 52 58 70 71
 28 29 43 44 51 52 56 58
 28 29 43 44 51 52 54 55 58
 28 29 43 44 45 53 58
 28 29 43 44 45 51 52 58
 26 58 59
 26 51 58 72
 26 51 58 70 71
 26 51 56 58
 26 51 56 58 70
 26 51 56 58 68 69
 26 51 54 55 58
 26 51 54 55 58 70
 26 51 54 55 58 68 69
 26 49 50 58 72
 26 49 50 58 70 71
 26 49 50 56 58
 26 49 50 56 58 70
 26 49 50 56 58 68 69
 26 49 50 54 55 58
 26 49 50 54 55 58 70
 26 49 50 54 55 58 68 69
 26 47 56 58
 26 47 54 55 58
 26 45 51 58
 26 45 49 50 58
 26 45 46 56 58
 26 45 46 54 55 58
 26 43 56 58
 26 43 51 56 58
 26 43 51 54 55 58
 26 43 49 50 56 58
 26 43 49 50 54 55 58
 26 41 42 56 58
 26 30 45 58
 26 30 45 58 72
 26 30 45 58 70 71
 26 30 45 56 58
 26 30 45 54 55 58
 26 30 43 44 58 72
 26 30 43 44 58 70 71
 26 30 43 44 56 58
 26 30 43 44 54 55 58
 26 30 43 44 45 58
 26 29 51 58
 26 29 51 58 70
 26 29 51 58 68 69
 26 29 49 50 58
 26 29 49 50 58 70
 26 29 49 50 58 68 69
 26 29 47 58
 26 29 45 46 58
 26 29 43 51 58
 26 29 43 49 50 58
 26 29 30 45 58
 26 29 30 43 44 58
 26 28 58
 26 28 56 58
 26 28 56 57 58 60
 26 28 51 58 72
 26 28 51 58 70 71
 26 28 51 56 58 70
 26 28 51 56 58 68 69
 26 28 51 54 55 58 70
 26 28 51 54 55 58 68 69
 26 28 49 50 58 72
 26 28 49 50 58 70 71
 26 28 49 50 56 58 70
 26 28 49 50 56 58 68 69
 26 28 49 50 54 55 58 70
 26 28 49 50 54 55 58 68 69
 26 28 47 58
 26 28 45 58 60
 26 28 45 58 59
 26 28 45 51 58
 26 28 45 49 50 58
 26 28 45 46 58
 26 28 43 56 57 58
 26 28 43 51 56 58
 26 28 43 51 54 55 58
 26 28 43 49 50 56 58
 26 28 43 49 50 54 55 58
 26 28 43 44 58 60
 26 28 43 44 58 59
 26 28 41 42 56 57 58
 26 28 37 56
 26 28 37 56 62
 26 28 33 45 58
 26 28 33 43 44 58
 26 28 29 51 58 70
 26 28 29 51 58 68 69
 26 28 29 49 50 58 70
 26 28 29 49 50 58 68 69
 26 28 29 45 58 72
 26 28 29 45 58 70 71
 26 28 29 45 56 58
 26 28 29 45 54 55 58
 26 28 29 43 51 58
 26 28 29 43 49 50 58
 26 28 29 43 44 58
 26 28 29 43 44 58 72
 26 28 29 43 44 58 70 71
 26 28 29 43 44 56 58
 26 28 29 43 44 54 55 58
 26 28 29 43 44 45 58
 26 27 58
 26 27 57 58
 26 27 56 58
 26 27 56 57 58 60
 26 27 53 58
 26 27 53 56 58
 26 27 53 56 57 58 60
 26 27 51 58
 26 27 51 58 68 72
 26 27 51 58 68 70 71
 26 27 51 56 58 68 70
 26 27 51 56 58 68 69
 26 27 51 54 55 58 68 70
 26 27 51 54 55 58 68 69
 26 27 51 52 58
 26 27 51 52 56 58
 26 27 51 52 56 57 58 60
 26 27 49 50 58
 26 27 49 50 58 68 72
 26 27 49 50 58 68 70 71
 26 27 49 50 56 58 68 70
 26 27 49 50 56 58 68 69
 26 27 49 50 54 55 58 68 70
 26 27 49 50 54 55 58 68 69
 26 27 47 58
 26 27 47 53 58
 26 27 47 51 52 58
 26 27 45 58 60
 26 27 45 58 59
 26 27 45 53 58 60
 26 27 45 53 58 59
 26 27 45 51 58
 26 27 45 51 58 68
 26 27 45 51 56 57 58
 26 27 45 51 52 58 60
 26 27 45 51 52 58 59
 26 27 45 49 50 58
 26 27 45 49 50 58 68
 26 27 45 49 50 56 57 58
 26 27 45 46 58
 26 27 45 46 53 58
 26 27 45 46 51 52 58
 26 27 43 56 57 58
 26 27 43 53 56 57 58
 26 27 43 51 56 58 68
 26 27 43 51 54 55 58 68
 26 27 43 51 52 56 57 58
 26 27 43 49 50 56 58 68
 26 27 43 49 50 54 55 58 68
 26 27 43 44 58 60
 26 27 43 44 58 59
 26 27 43 44 53 58 60
 26 27 43 44 53 58 59
 26 27 43 44 51 58
 26 27 43 44 51 56 57 58
 26 27 43 44 51 52 58 60
 26 27 43 44 51 52 58 59
 26 27 43 44 49 50 58
 26 27 43 44 49 50 56 57 58
 26 27 41 42 56 57 58
 26 27 41 42 53 56 57 58
 26 27 41 42 51 52 56 57 58
 26 27 37 56
 26 27 37 56 62
 26 27 37 53 56
 26 27 37 53 56 62
 26 27 37 51 52 56
 26 27 37 51 52 56 62
 26 27 33 45 58
 26 27 33 45 53 58
 26 27 33 45 51 52 58
 26 27 33 43 44 58
 26 27 33 43 44 53 58
 26 27 33 43 44 51 52 58
 26 27 31 45 51 58
 26 27 31 45 49 50 58
 26 27 31 43 44 51 58
 26 27 31 43 44 49 50 58
 26 27 29 51 58 68 70
 26 27 29 51 58 68 69
 26 27 29 49 50 58 68 70
 26 27 29 49 50 58 68 69
 26 27 29 43 51 58 68
 26 27 29 43 49 50 58 68
 24 58 72
 24 58 70 71
 24 58 68 72
 24 58 68 70 71
 24 56 58 70
 24 56 58 68
 24 56 58 68 70
 24 54 55 58 70
 24 54 55 58 68
 24 54 55 58 68 70
 24 45 60 64 70
 24 45 60 64 68 69
 24 45 60 62 63 70
 24 45 60 62 63 68 69
 24 45 58
 24 45 58 68
 24 45 58 62
 24 45 58 60 64
 24 45 57 58 60 62
 24 45 56 58
 24 45 56 58 64
 24 45 56 58 64 70
 24 45 56 58 64 68 69
 24 45 56 58 62
 24 45 56 57 58 64 70
 24 45 56 57 58 64 68 69
 24 45 54 58 64
 24 45 54 58 64 70
 24 45 54 58 64 68 69
 24 45 54 57 58 62
 24 45 54 57 58 62 70
 24 45 54 57 58 62 68 69
 24 45 54 56 57 58 64
 24 45 54 56 57 58 64 70
 24 45 54 56 57 58 64 68 69
 24 45 54 56 57 58 62
 24 45 54 56 57 58 62 70
 24 45 54 56 57 58 62 68 69
 24 45 52 56 58
 24 45 52 56 58 62
 24 45 51 64 70
 24 45 51 64 68 69
 24 45 51 62 63 70
 24 45 51 62 63 68 69
 24 43 56 58
 24 43 56 58 68
 24 43 54 55 58
 24 43 54 55 58 68
 24 43 45 60 64
 24 43 45 60 62 63
 24 43 45 56 58 64
 24 43 45 56 57 58 64
 24 43 45 54 58 64
 24 43 45 54 57 58 62
 24 43 45 54 56 57 58 64
 24 43 45 54 56 57 58 62
 24 43 45 51 64
 24 43 45 51 62 63
 24 43 44 60 64
 24 43 44 60 64 70
 24 43 44 60 64 68 69
 24 43 44 60 62 63
 24 43 44 60 62 63 70
 24 43 44 60 62 63 68 69
 24 43 44 58 62
 24 43 44 58 60 64
 24 43 44 57 58 60 62
 24 43 44 56 58
 24 43 44 56 58 64 70
 24 43 44 56 58 64 68 69
 24 43 44 56 58 62
 24 43 44 56 57 58 64
 24 43 44 56 57 58 64 70
 24 43 44 56 57 58 64 68 69
 24 43 44 54 58 64 70
 24 43 44 54 58 64 68 69
 24 43 44 54 57 58 62 70
 24 43 44 54 57 58 62 68 69
 24 43 44 54 56 57 58 64 70
 24 43 44 54 56 57 58 64 68 69
 24 43 44 54 56 57 58 62 70
 24 43 44 54 56 57 58 62 68 69
 24 43 44 52 56 58
 24 43 44 52 56 58 62
 24 43 44 51 64
 24 43 44 51 64 70
 24 43 44 51 64 68 69
 24 43 44 51 62 63
 24 43 44 51 62 63 70
 24 43 44 51 62 63 68 69
 24 40 45 56 58
 24 40 45 56 58 62
 24 40 43 44 56 58
 24 40 43 44 56 58 62
 24 38 39 45 56 58
 24 38 39 45 56 58 62
 24 38 39 43 44 56 58
 24 38 39 43 44 56 58 62
 24 37 45 60 70
 24 37 45 60 68 69
 24 37 45 51 70
 24 37 45 51 68 69
 24 37 43 45 60
 24 37 43 45 51
 24 37 43 44 60
 24 37 43 44 60 70
 24 37 43 44 60 68 69
 24 37 43 44 51
 24 37 43 44 51 70
 24 37 43 44 51 68 69
 24 31 45 56 58
 24 31 45 56 58 64 70
 24 31 45 56 58 64 68 69
 24 31 45 56 58 62
 24 31 45 56 57 58 62 70
 24 31 45 56 57 58 62 68 69
 24 31 45 54 58 64
 24 31 45 54 58 64 70
 24 31 45 54 58 64 68 69
 24 31 45 54 57 58 62
 24 31 45 54 57 58 62 70
 24 31 45 54 57 58 62 68 69
 24 31 43 45 56 58 64
 24 31 43 45 56 57 58 62
 24 31 43 45 54 58 64
 24 31 43 45 54 57 58 62
 24 31 43 44 56 58
 24 31 43 44 56 58 64
 24 31 43 44 56 58 64 70
 24 31 43 44 56 58 64 68 69
 24 31 43 44 56 58 62
 24 31 43 44 56 57 58 62
 24 31 43 44 56 57 58 62 70
 24 31 43 44 56 57 58 62 68 69
 24 31 43 44 54 58 64 70
 24 31 43 44 54 58 64 68 69
 24 31 43 44 54 57 58 62 70
 24 31 43 44 54 57 58 62 68 69
 24 29 58 70
 24 29 58 68
 24 29 58 68 70
 24 29 43 58
 24 29 43 58 68
 24 28 58
 24 28 58 72
 24 28 58 70 71
 24 28 58 68 72
 24 28 58 68 70 71
 24 28 56 58 70
 24 28 56 58 68 70
 24 28 54 55 58 70
 24 28 54 55 58 68 70
 24 28 45 58 68
 24 28 45 56 57 58
 24 28 43 56 58
 24 28 43 56 58 68
 24 28 43 54 55 58
 24 28 43 54 55 58 68
 24 28 43 44 58
 24 28 43 44 56 57 58
 24 28 31 45 58
 24 28 31 43 44 58
 24 28 29 58 70
 24 28 29 58 68 70
 24 28 29 43 58
 24 28 29 43 58 68
 24 26 58 72
 24 26 58 70 71
 24 26 56 58
 24 26 56 58 70
 24 26 56 58 68 69
 24 26 54 55 58
 24 26 54 55 58 70
 24 26 54 55 58 68 69
 24 26 45 58
 24 26 43 56 58
 24 26 43 54 55 58
 24 26 29 58
 24 26 29 58 70
 24 26 29 58 68 69
 24 26 29 43 58
 24 26 28 58 72
 24 26 28 58 70 71
 24 26 28 56 58 70
 24 26 28 56 58 68 69
 24 26 28 54 55 58 70
 24 26 28 54 55 58 68 69
 24 26 28 45 58
 24 26 28 43 56 58
 24 26 28 43 54 55 58
 24 26 28 29 58 70
 24 26 28 29 58 68 69
 24 26 28 29 43 58
 24 26 27 58
 24 26 27 58 68 72
 24 26 27 58 68 70 71
 24 26 27 56 58 68 70
 24 26 27 56 58 68 69
 24 26 27 54 55 58 68 70
 24 26 27 54 55 58 68 69
 24 26 27 45 58
 24 26 27 45 58 68
 24 26 27 45 56 57 58
 24 26 27 43 56 58 68
 24 26 27 43 54 55 58 68
 24 26 27 43 44 58
 24 26 27 43 44 56 57 58
 24 26 27 31 45 58
 24 26 27 31 43 44 58
 24 26 27 29 58 68 70
 24 26 27 29 58 68 69
 24 26 27 29 43 58 68
 24 25 58 72
 24 25 58 70 71
 24 25 56 58
 24 25 56 58 70
 24 25 56 58 68 69
 24 25 54 55 58
 24 25 54 55 58 70
 24 25 54 55 58 68 69
 24 25 51 58 72
 24 25 51 58 70 71
 24 25 51 56 58
 24 25 51 56 58 70
 24 25 51 56 58 68 69
 24 25 51 54 55 58
 24 25 51 54 55 58 70
 24 25 51 54 55 58 68 69
 24 25 49 50 58 72
 24 25 49 50 58 70 71
 24 25 49 50 56 58
 24 25 49 50 56 58 70
 24 25 49 50 56 58 68 69
 24 25 49 50 54 55 58
 24 25 49 50 54 55 58 70
 24 25 49 50 54 55 58 68 69
 24 25 45 58
 24 25 45 51 58
 24 25 45 49 50 58
 24 25 43 56 58
 24 25 43 54 55 58
 24 25 43 51 56 58
 24 25 43 51 54 55 58
 24 25 43 49 50 56 58
 24 25 43 49 50 54 55 58
 24 25 29 58
 24 25 29 58 70
 24 25 29 58 68 69
 24 25 29 51 58
 24 25 29 51 58 70
 24 25 29 51 58 68 69
 24 25 29 49 50 58
 24 25 29 49 50 58 70
 24 25 29 49 50 58 68 69
 24 25 29 43 58
 24 25 29 43 51 58
 24 25 29 43 49 50 58
 24 25 28 58 72
 24 25 28 58 70 71
 24 25 28 56 58 70
 24 25 28 56 58 68 69
 24 25 28 54 55 58 70
 24 25 28 54 55 58 68 69
 24 25 28 51 58 72
 24 25 28 51 58 70 71
 24 25 28 51 56 58 70
 24 25 28 51 56 58 68 69
 24 25 28 51 54 55 58 70
 24 25 28 51 54 55 58 68 69
 24 25 28 49 50 58 72
 24 25 28 49 50 58 70 71
 24 25 28 49 50 56 58 70
 24 25 28 49 50 56 58 68 69
 24 25 28 49 50 54 55 58 70
 24 25 28 49 50 54 55 58 68 69
 24 25 28 45 58
 24 25 28 45 51 58
 24 25 28 45 49 50 58
 24 25 28 43 56 58
 24 25 28 43 54 55 58
 24 25 28 43 51 56 58
 24 25 28 43 51 54 55 58
 24 25 28 43 49 50 56 58
 24 25 28 43 49 50 54 55 58
 24 25 28 29 58 70
 24 25 28 29 58 68 69
 24 25 28 29 51 58 70
 24 25 28 29 51 58 68 69
 24 25 28 29 49 50 58 70
 24 25 28 29 49 50 58 68 69
 24 25 28 29 43 58
 24 25 28 29 43 51 58
 24 25 28 29 43 49 50 58
 24 25 26 27 58 72
 24 25 26 27 58 70 71
 24 25 26 27 56 58 70
 24 25 26 27 56 58 68 69
 24 25 26 27 54 55 58 70
 24 25 26 27 54 55 58 68 69
 24 25 26 27 51 58 72
 24 25 26 27 51 58 70 71
 24 25 26 27 51 56 58 70
 24 25 26 27 51 56 58 68 69
 24 25 26 27 51 54 55 58 70
 24 25 26 27 51 54 55 58 68 69
 24 25 26 27 49 50 58 72
 24 25 26 27 49 50 58 70 71
 24 25 26 27 49 50 56 58 70
 24 25 26 27 49 50 56 58 68 69
 24 25 26 27 49 50 54 55 58 70
 24 25 26 27 49 50 54 55 58 68 69
 24 25 26 27 45 58
 24 25 26 27 45 51 58
 24 25 26 27 45 49 50 58
 24 25 26 27 43 56 58
 24 25 26 27 43 54 55 58
 24 25 26 27 43 51 56 58
 24 25 26 27 43 51 54 55 58
 24 25 26 27 43 49 50 56 58
 24 25 26 27 43 49 50 54 55 58
 24 25 26 27 29 58 70
 24 25 26 27 29 58 68 69
 24 25 26 27 29 51 58 70
 24 25 26 27 29 51 58 68 69
 24 25 26 27 29 49 50 58 70
 24 25 26 27 29 49 50 58 68 69
 24 25 26 27 29 43 58
 24 25 26 27 29 43 51 58
 24 25 26 27 29 43 49 50 58
 20 53 56 58
 20 53 54 55 58
 20 51 52 56 58
 20 51 52 54 55 58
 20 29 53 58
 20 29 51 52 58
 20 28 53 58
 20 28 51 52 58
 20 26 56 58
 20 26 54 55 58
 20 26 29 58
 20 26 28 58
 20 26 27 58
 20 26 27 53 58
 20 26 27 51 52 58
 18 57 58
 18 56 70
 18 56 68 69
 18 56 57 58
 18 54 55 70
 18 54 55 68 69
 18 51 64 70
 18 51 64 68 69
 18 51 62 63 70
 18 51 62 63 68 69
 18 51 60 64 70
 18 51 60 64 68 69
 18 51 60 62 63 70
 18 51 60 62 63 68 69
 18 51 58 62
 18 51 58 60 64
 18 51 57 58 60 62
 18 51 56 58
 18 51 56 58 64
 18 51 56 58 64 70
 18 51 56 58 64 68 69
 18 51 56 58 62
 18 51 56 57 58 64 70
 18 51 56 57 58 64 68 69
 18 51 54 58 64
 18 51 54 58 64 70
 18 51 54 58 64 68 69
 18 51 54 57 58 62
 18 51 54 57 58 62 70
 18 51 54 57 58 62 68 69
 18 51 54 56 57 58 64
 18 51 54 56 57 58 64 70
 18 51 54 56 57 58 64 68 69
 18 51 54 56 57 58 62
 18 51 54 56 57 58 62 70
 18 51 54 56 57 58 62 68 69
 18 51 52 56 58
 18 51 52 56 58 62
 18 49 50 60 64 70
 18 49 50 60 64 68 69
 18 49 50 60 62 63 70
 18 49 50 60 62 63 68 69
 18 49 50 58 62
 18 49 50 58 60 64
 18 49 50 57 58 60 62
 18 49 50 56 58
 18 49 50 56 58 64
 18 49 50 56 58 64 70
 18 49 50 56 58 64 68 69
 18 49 50 56 58 62
 18 49 50 56 57 58 64 70
 18 49 50 56 57 58 64 68 69
 18 49 50 54 58 64
 18 49 50 54 58 64 70
 18 49 50 54 58 64 68 69
 18 49 50 54 57 58 62
 18 49 50 54 57 58 62 70
 18 49 50 54 57 58 62 68 69
 18 49 50 54 56 57 58 64
 18 49 50 54 56 57 58 64 70
 18 49 50 54 56 57 58 64 68 69
 18 49 50 54 56 57 58 62
 18 49 50 54 56 57 58 62 70
 18 49 50 54 56 57 58 62 68 69
 18 49 50 52 56 58
 18 49 50 52 56 58 62
 18 49 50 51 64 70
 18 49 50 51 64 68 69
 18 49 50 51 62 63 70
 18 49 50 51 62 63 68 69
 18 43 56
 18 43 54 55
 18 43 51 64
 18 43 51 62 63
 18 43 51 60 64
 18 43 51 60 62 63
 18 43 51 56 58 64
 18 43 51 56 57 58 64
 18 43 51 54 58 64
 18 43 51 54 57 58 62
 18 43 51 54 56 57 58 64
 18 43 51 54 56 57 58 62
 18 43 49 50 60 64
 18 43 49 50 60 62 63
 18 43 49 50 56 58 64
 18 43 49 50 56 57 58 64
 18 43 49 50 54 58 64
 18 43 49 50 54 57 58 62
 18 43 49 50 54 56 57 58 64
 18 43 49 50 54 56 57 58 62
 18 43 49 50 51 64
 18 43 49 50 51 62 63
 18 40 51 56 58
 18 40 51 56 58 62
 18 40 49 50 56 58
 18 40 49 50 56 58 62
 18 38 39 51 56 58
 18 38 39 51 56 58 62
 18 38 39 49 50 56 58
 18 38 39 49 50 56 58 62
 18 37 51 70
 18 37 51 68 69
 18 37 51 60 70
 18 37 51 60 68 69
 18 37 49 50 60 70
 18 37 49 50 60 68 69
 18 37 49 50 51 70
 18 37 49 50 51 68 69
 18 37 43 51
 18 37 43 51 60
 18 37 43 49 50 60
 18 37 43 49 50 51
 18 31 57 58
 18 31 51 56 58
 18 31 51 56 58 64 70
 18 31 51 56 58 64 68 69
 18 31 51 56 58 62
 18 31 51 56 57 58 62 70
 18 31 51 56 57 58 62 68 69
 18 31 51 54 58 64
 18 31 51 54 58 64 70
 18 31 51 54 58 64 68 69
 18 31 51 54 57 58 62
 18 31 51 54 57 58 62 70
 18 31 51 54 57 58 62 68 69
 18 31 49 50 56 58
 18 31 49 50 56 58 64 70
 18 31 49 50 56 58 64 68 69
 18 31 49 50 56 58 62
 18 31 49 50 56 57 58 62 70
 18 31 49 50 56 57 58 62 68 69
 18 31 49 50 54 58 64
 18 31 49 50 54 58 64 70
 18 31 49 50 54 58 64 68 69
 18 31 49 50 54 57 58 62
 18 31 49 50 54 57 58 62 70
 18 31 49 50 54 57 58 62 68 69
 18 31 43 51 56 58 64
 18 31 43 51 56 57 58 62
 18 31 43 51 54 58 64
 18 31 43 51 54 57 58 62
 18 31 43 49 50 56 58 64
 18 31 43 49 50 56 57 58 62
 18 31 43 49 50 54 58 64
 18 31 43 49 50 54 57 58 62
 18 30 53 58 72
 18 30 53 58 70 71
 18 30 53 56 58
 18 30 53 54 55 58
 18 30 51 52 58 72
 18 30 51 52 58 70 71
 18 30 51 52 56 58
 18 30 51 52 54 55 58
 18 30 45 53 58
 18 30 45 51 52 58
 18 29 70
 18 29 68 69
 18 29 43
 18 29 30 53 58
 18 29 30 51 52 58
 18 28 53 58 60
 18 28 53 58 59
 18 28 51 58
 18 28 51 56 57 58
 18 28 51 52 58 60
 18 28 51 52 58 59
 18 28 49 50 58
 18 28 49 50 56 57 58
 18 28 33 53 58
 18 28 33 51 52 58
 18 28 31 51 58
 18 28 31 49 50 58
 18 28 29 53 58
 18 28 29 53 58 72
 18 28 29 53 58 70 71
 18 28 29 53 56 58
 18 28 29 53 54 55 58
 18 28 29 51 52 58
 18 28 29 51 52 58 72
 18 28 29 51 52 58 70 71
 18 28 29 51 52 56 58
 18 28 29 51 52 54 55 58
 18 28 29 45 53 58
 18 28 29 45 51 52 58
 18 26 30 58 72
 18 26 30 58 70 71
 18 26 30 56 58
 18 26 30 54 55 58
 18 26 30 45 58
 18 26 29 30 58
 18 26 28 58 60
 18 26 28 58 59
 18 26 28 33 58
 18 26 28 29 58
 18 26 28 29 58 72
 18 26 28 29 58 70 71
 18 26 28 29 56 58
 18 26 28 29 54 55 58
 18 26 28 29 45 58
 18 26 27 58 60
 18 26 27 58 59
 18 26 27 53 58 60
 18 26 27 53 58 59
 18 26 27 51 58
 18 26 27 51 56 57 58
 18 26 27 51 52 58 60
 18 26 27 51 52 58 59
 18 26 27 49 50 58
 18 26 27 49 50 56 57 58
 18 26 27 33 58
 18 26 27 33 53 58
 18 26 27 33 51 52 58
 18 26 27 31 51 58
 18 26 27 31 49 50 58
 18 24 60 64 70
 18 24 60 64 68 69
 18 24 60 62 63 70
 18 24 60 62 63 68 69
 18 24 58 62
 18 24 58 60 64
 18 24 57 58 60 62
 18 24 56 58
 18 24 56 58 64
 18 24 56 58 64 70
 18 24 56 58 64 68 69
 18 24 56 58 62
 18 24 56 57 58 64 70
 18 24 56 57 58 64 68 69
 18 24 54 58 64
 18 24 54 58 64 70
 18 24 54 58 64 68 69
 18 24 54 57 58 62
 18 24 54 57 58 62 70
 18 24 54 57 58 62 68 69
 18 24 54 56 57 58 64
 18 24 54 56 57 58 64 70
 18 24 54 56 57 58 64 68 69
 18 24 54 56 57 58 62
 18 24 54 56 57 58 62 70
 18 24 54 56 57 58 62 68 69
 18 24 52 56 58
 18 24 52 56 58 62
 18 24 51 64 70
 18 24 51 64 68 69
 18 24 51 62 63 70
 18 24 51 62 63 68 69
 18 24 43 60 64
 18 24 43 60 62 63
 18 24 43 56 58 64
 18 24 43 56 57 58 64
 18 24 43 54 58 64
 18 24 43 54 57 58 62
 18 24 43 54 56 57 58 64
 18 24 43 54 56 57 58 62
 18 24 43 51 64
 18 24 43 51 62 63
 18 24 40 56 58
 18 24 40 56 58 62
 18 24 38 39 56 58
 18 24 38 39 56 58 62
 18 24 37 60 70
 18 24 37 60 68 69
 18 24 37 51 70
 18 24 37 51 68 69
 18 24 37 43 60
 18 24 37 43 51
 18 24 31 56 58
 18 24 31 56 58 64 70
 18 24 31 56 58 64 68 69
 18 24 31 56 58 62
 18 24 31 56 57 58 62 70
 18 24 31 56 57 58 62 68 69
 18 24 31 54 58 64
 18 24 31 54 58 64 70
 18 24 31 54 58 64 68 69
 18 24 31 54 57 58 62
 18 24 31 54 57 58 62 70
 18 24 31 54 57 58 62 68 69
 18 24 31 43 56 58 64
 18 24 31 43 56 57 58 62
 18 24 31 43 54 58 64
 18 24 31 43 54 57 58 62
 18 24 28 58
 18 24 28 56 57 58
 18 24 28 31 58
 18 24 26 27 58
 18 24 26 27 56 57 58
 18 24 26 27 31 58
 17 58
 17 53 58
 17 51 52 58
 17 26 58
 16 53 56 58
 16 51 52 56 58
 16 37 56 62
 16 28 53 56 57 58
 16 28 51 52 56 57 58
 16 26 56 58
 16 26 28 56 57 58
 16 26 27 56 57 58
 16 26 27 53 56 57 58
 16 26 27 51 52 56 57 58
 15 58
 15 45 58
 15 45 56 57 58
 15 45 51 58 60 62
 15 45 51 56 58
 15 45 51 56 58 62
 15 45 51 56 58 62 70
 15 45 51 56 58 62 68 69
 15 45 51 56 57 58 62 70
 15 45 51 56 57 58 62 68 69
 15 45 51 54 58 62
 15 45 51 54 58 62 70
 15 45 51 54 58 62 68 69
 15 45 51 54 56 57 58 62
 15 45 51 54 56 57 58 62 70
 15 45 51 54 56 57 58 62 68 69
 15 45 49 50 58 60 62
 15 45 49 50 56 58
 15 45 49 50 56 58 62
 15 45 49 50 56 58 62 70
 15 45 49 50 56 58 62 68 69
 15 45 49 50 56 57 58 62 70
 15 45 49 50 56 57 58 62 68 69
 15 45 49 50 54 58 62
 15 45 49 50 54 58 62 70
 15 45 49 50 54 58 62 68 69
 15 45 49 50 54 56 57 58 62
 15 45 49 50 54 56 57 58 62 70
 15 45 49 50 54 56 57 58 62 68 69
 15 43 45 51 56 58 62
 15 43 45 51 56 57 58 62
 15 43 45 51 54 58 62
 15 43 45 51 54 56 57 58 62
 15 43 45 49 50 56 58 62
 15 43 45 49 50 56 57 58 62
 15 43 45 49 50 54 58 62
 15 43 45 49 50 54 56 57 58 62
 15 43 44 58
 15 43 44 56 57 58
 15 43 44 51 58 60 62
 15 43 44 51 56 58
 15 43 44 51 56 58 62 70
 15 43 44 51 56 58 62 68 69
 15 43 44 51 56 57 58 62
 15 43 44 51 56 57 58 62 70
 15 43 44 51 56 57 58 62 68 69
 15 43 44 51 54 58 62 70
 15 43 44 51 54 58 62 68 69
 15 43 44 51 54 56 57 58 62 70
 15 43 44 51 54 56 57 58 62 68 69
 15 43 44 49 50 58 60 62
 15 43 44 49 50 56 58
 15 43 44 49 50 56 58 62 70
 15 43 44 49 50 56 58 62 68 69
 15 43 44 49 50 56 57 58 62
 15 43 44 49 50 56 57 58 62 70
 15 43 44 49 50 56 57 58 62 68 69
 15 43 44 49 50 54 58 62 70
 15 43 44 49 50 54 58 62 68 69
 15 43 44 49 50 54 56 57 58 62 70
 15 43 44 49 50 54 56 57 58 62 68 69
 15 31 45 58
 15 31 45 51 56 58 62 70
 15 31 45 51 56 58 62 68 69
 15 31 45 51 54 58 62
 15 31 45 51 54 58 62 70
 15 31 45 51 54 58 62 68 69
 15 31 45 49 50 56 58 62 70
 15 31 45 49 50 56 58 62 68 69
 15 31 45 49 50 54 58 62
 15 31 45 49 50 54 58 62 70
 15 31 45 49 50 54 58 62 68 69
 15 31 43 45 51 56 58 62
 15 31 43 45 51 54 58 62
 15 31 43 45 49 50 56 58 62
 15 31 43 45 49 50 54 58 62
 15 31 43 44 58
 15 31 43 44 51 56 58 62
 15 31 43 44 51 56 58 62 70
 15 31 43 44 51 56 58 62 68 69
 15 31 43 44 51 54 58 62 70
 15 31 43 44 51 54 58 62 68 69
 15 31 43 44 49 50 56 58 62
 15 31 43 44 49 50 56 58 62 70
 15 31 43 44 49 50 56 58 62 68 69
 15 31 43 44 49 50 54 58 62 70
 15 31 43 44 49 50 54 58 62 68 69
 15 28 58
 15 28 53 56 58 60
 15 28 51 52 56 58 60
 15 28 43 53 56 58
 15 28 43 51 52 56 58
 15 28 41 42 53 56 58
 15 28 41 42 51 52 56 58
 15 26 28 56 58 60
 15 26 28 43 56 58
 15 26 28 41 42 56 58
 15 26 27 58
 15 26 27 56 58 60
 15 26 27 53 56 58 60
 15 26 27 51 52 56 58 60
 15 26 27 43 56 58
 15 26 27 43 53 56 58
 15 26 27 43 51 52 56 58
 15 26 27 41 42 56 58
 15 26 27 41 42 53 56 58
 15 26 27 41 42 51 52 56 58
 15 24 45 58 60 62
 15 24 45 56 58
 15 24 45 56 58 62
 15 24 45 56 58 62 70
 15 24 45 56 58 62 68 69
 15 24 45 56 57 58 62 70
 15 24 45 56 57 58 62 68 69
 15 24 45 54 58 62
 15 24 45 54 58 62 70
 15 24 45 54 58 62 68 69
 15 24 45 54 56 57 58 62
 15 24 45 54 56 57 58 62 70
 15 24 45 54 56 57 58 62 68 69
 15 24 43 45 56 58 62
 15 24 43 45 56 57 58 62
 15 24 43 45 54 58 62
 15 24 43 45 54 56 57 58 62
 15 24 43 44 58 60 62
 15 24 43 44 56 58
 15 24 43 44 56 58 62 70
 15 24 43 44 56 58 62 68 69
 15 24 43 44 56 57 58 62
 15 24 43 44 56 57 58 62 70
 15 24 43 44 56 57 58 62 68 69
 15 24 43 44 54 58 62 70
 15 24 43 44 54 58 62 68 69
 15 24 43 44 54 56 57 58 62 70
 15 24 43 44 54 56 57 58 62 68 69
 15 24 31 45 56 58 62 70
 15 24 31 45 56 58 62 68 69
 15 24 31 45 54 58 62
 15 24 31 45 54 58 62 70
 15 24 31 45 54 58 62 68 69
 15 24 31 43 45 56 58 62
 15 24 31 43 45 54 58 62
 15 24 31 43 44 56 58 62
 15 24 31 43 44 56 58 62 70
 15 24 31 43 44 56 58 62 68 69
 15 24 31 43 44 54 58 62 70
 15 24 31 43 44 54 58 62 68 69
 15 18 58
 15 18 56 57 58
 15 18 51 58 60 62
 15 18 51 56 58
 15 18 51 56 58 62
 15 18 51 56 58 62 70
 15 18 51 56 58 62 68 69
 15 18 51 56 57 58 62 70
 15 18 51 56 57 58 62 68 69
 15 18 51 54 58 62
 15 18 51 54 58 62 70
 15 18 51 54 58 62 68 69
 15 18 51 54 56 57 58 62
 15 18 51 54 56 57 58 62 70
 15 18 51 54 56 57 58 62 68 69
 15 18 49 50 58 60 62
 15 18 49 50 56 58
 15 18 49 50 56 58 62
 15 18 49 50 56 58 62 70
 15 18 49 50 56 58 62 68 69
 15 18 49 50 56 57 58 62 70
 15 18 49 50 56 57 58 62 68 69
 15 18 49 50 54 58 62
 15 18 49 50 54 58 62 70
 15 18 49 50 54 58 62 68 69
 15 18 49 50 54 56 57 58 62
 15 18 49 50 54 56 57 58 62 70
 15 18 49 50 54 56 57 58 62 68 69
 15 18 43 51 56 58 62
 15 18 43 51 56 57 58 62
 15 18 43 51 54 58 62
 15 18 43 51 54 56 57 58 62
 15 18 43 49 50 56 58 62
 15 18 43 49 50 56 57 58 62
 15 18 43 49 50 54 58 62
 15 18 43 49 50 54 56 57 58 62
 15 18 31 58
 15 18 31 51 56 58 62 70
 15 18 31 51 56 58 62 68 69
 15 18 31 51 54 58 62
 15 18 31 51 54 58 62 70
 15 18 31 51 54 58 62 68 69
 15 18 31 49 50 56 58 62 70
 15 18 31 49 50 56 58 62 68 69
 15 18 31 49 50 54 58 62
 15 18 31 49 50 54 58 62 70
 15 18 31 49 50 54 58 62 68 69
 15 18 31 43 51 56 58 62
 15 18 31 43 51 54 58 62
 15 18 31 43 49 50 56 58 62
 15 18 31 43 49 50 54 58 62
 15 18 24 58 60 62
 15 18 24 56 58
 15 18 24 56 58 62
 15 18 24 56 58 62 70
 15 18 24 56 58 62 68 69
 15 18 24 56 57 58 62 70
 15 18 24 56 57 58 62 68 69
 15 18 24 54 58 62
 15 18 24 54 58 62 70
 15 18 24 54 58 62 68 69
 15 18 24 54 56 57 58 62
 15 18 24 54 56 57 58 62 70
 15 18 24 54 56 57 58 62 68 69
 15 18 24 43 56 58 62
 15 18 24 43 56 57 58 62
 15 18 24 43 54 58 62
 15 18 24 43 54 56 57 58 62
 15 18 24 31 56 58 62 70
 15 18 24 31 56 58 62 68 69
 15 18 24 31 54 58 62
 15 18 24 31 54 58 62 70
 15 18 24 31 54 58 62 68 69
 15 18 24 31 43 56 58 62
 15 18 24 31 43 54 58 62
 15 16 58
 15 16 53 58
 15 16 51 52 58
 15 16 28 53 56 58
 15 16 28 51 52 56 58
 15 16 26 58
 15 16 26 28 56 58
 15 16 26 27 56 58
 15 16 26 27 53 56 58
 15 16 26 27 51 52 56 58
 13 45 51 56 58
 13 45 51 56 58 62
 13 45 49 50 56 58
 13 45 49 50 56 58 62
 13 43 44 51 56 58
 13 43 44 51 56 58 62
 13 43 44 49 50 56 58
 13 43 44 49 50 56 58 62
 13 24 45 56 58
 13 24 45 56 58 62
 13 24 43 44 56 58
 13 24 43 44 56 58 62
 13 18 51 56 58
 13 18 51 56 58 62
 13 18 49 50 56 58
 13 18 49 50 56 58 62
 13 18 24 56 58
 13 18 24 56 58 62
 13 14 58
 13 14 45 58
 13 14 45 56 57 58
 13 14 45 51 58 60 62
 13 14 45 51 56 58
 13 14 45 51 56 58 62
 13 14 45 51 56 58 62 70
 13 14 45 51 56 58 62 68 69
 13 14 45 51 56 57 58 62 70
 13 14 45 51 56 57 58 62 68 69
 13 14 45 51 54 58 62
 13 14 45 51 54 58 62 70
 13 14 45 51 54 58 62 68 69
 13 14 45 51 54 56 57 58 62
 13 14 45 51 54 56 57 58 62 70
 13 14 45 51 54 56 57 58 62 68 69
 13 14 45 49 50 58 60 62
 13 14 45 49 50 56 58
 13 14 45 49 50 56 58 62
 13 14 45 49 50 56 58 62 70
 13 14 45 49 50 56 58 62 68 69
 13 14 45 49 50 56 57 58 62 70
 13 14 45 49 50 56 57 58 62 68 69
 13 14 45 49 50 54 58 62
 13 14 45 49 50 54 58 62 70
 13 14 45 49 50 54 58 62 68 69
 13 14 45 49 50 54 56 57 58 62
 13 14 45 49 50 54 56 57 58 62 70
 13 14 45 49 50 54 56 57 58 62 68 69
 13 14 43 45 51 56 58 62
 13 14 43 45 51 56 57 58 62
 13 14 43 45 51 54 58 62
 13 14 43 45 51 54 56 57 58 62
 13 14 43 45 49 50 56 58 62
 13 14 43 45 49 50 56 57 58 62
 13 14 43 45 49 50 54 58 62
 13 14 43 45 49 50 54 56 57 58 62
 13 14 43 44 58
 13 14 43 44 56 57 58
 13 14 43 44 51 58 60 62
 13 14 43 44 51 56 58
 13 14 43 44 51 56 58 62 70
 13 14 43 44 51 56 58 62 68 69
 13 14 43 44 51 56 57 58 62
 13 14 43 44 51 56 57 58 62 70
 13 14 43 44 51 56 57 58 62 68 69
 13 14 43 44 51 54 58 62 70
 13 14 43 44 51 54 58 62 68 69
 13 14 43 44 51 54 56 57 58 62 70
 13 14 43 44 51 54 56 57 58 62 68 69
 13 14 43 44 49 50 58 60 62
 13 14 43 44 49 50 56 58
 13 14 43 44 49 50 56 58 62 70
 13 14 43 44 49 50 56 58 62 68 69
 13 14 43 44 49 50 56 57 58 62
 13 14 43 44 49 50 56 57 58 62 70
 13 14 43 44 49 50 56 57 58 62 68 69
 13 14 43 44 49 50 54 58 62 70
 13 14 43 44 49 50 54 58 62 68 69
 13 14 43 44 49 50 54 56 57 58 62 70
 13 14 43 44 49 50 54 56 57 58 62 68 69
 13 14 31 45 58
 13 14 31 45 51 56 58 62 70
 13 14 31 45 51 56 58 62 68 69
 13 14 31 45 51 54 58 62
 13 14 31 45 51 54 58 62 70
 13 14 31 45 51 54 58 62 68 69
 13 14 31 45 49 50 56 58 62 70
 13 14 31 45 49 50 56 58 62 68 69
 13 14 31 45 49 50 54 58 62
 13 14 31 45 49 50 54 58 62 70
 13 14 31 45 49 50 54 58 62 68 69
 13 14 31 43 45 51 56 58 62
 13 14 31 43 45 51 54 58 62
 13 14 31 43 45 49 50 56 58 62
 13 14 31 43 45 49 50 54 58 62
 13 14 31 43 44 58
 13 14 31 43 44 51 56 58 62
 13 14 31 43 44 51 56 58 62 70
 13 14 31 43 44 51 56 58 62 68 69
 13 14 31 43 44 51 54 58 62 70
 13 14 31 43 44 51 54 58 62 68 69
 13 14 31 43 44 49 50 56 58 62
 13 14 31 43 44 49 50 56 58 62 70
 13 14 31 43 44 49 50 56 58 62 68 69
 13 14 31 43 44 49 50 54 58 62 70
 13 14 31 43 44 49 50 54 58 62 68 69
 13 14 28 58
 13 14 28 53 56 58 60
 13 14 28 51 52 56 58 60
 13 14 28 43 53 56 58
 13 14 28 43 51 52 56 58
 13 14 28 41 42 53 56 58
 13 14 28 41 42 51 52 56 58
 13 14 26 28 56 58 60
 13 14 26 28 43 56 58
 13 14 26 28 41 42 56 58
 13 14 26 27 58
 13 14 26 27 56 58 60
 13 14 26 27 53 56 58 60
 13 14 26 27 51 52 56 58 60
 13 14 26 27 43 56 58
 13 14 26 27 43 53 56 58
 13 14 26 27 43 51 52 56 58
 13 14 26 27 41 42 56 58
 13 14 26 27 41 42 53 56 58
 13 14 26 27 41 42 51 52 56 58
 13 14 24 45 58 60 62
 13 14 24 45 56 58
 13 14 24 45 56 58 62
 13 14 24 45 56 58 62 70
 13 14 24 45 56 58 62 68 69
 13 14 24 45 56 57 58 62 70
 13 14 24 45 56 57 58 62 68 69
 13 14 24 45 54 58 62
 13 14 24 45 54 58 62 70
 13 14 24 45 54 58 62 68 69
 13 14 24 45 54 56 57 58 62
 13 14 24 45 54 56 57 58 62 70
 13 14 24 45 54 56 57 58 62 68 69
 13 14 24 43 45 56 58 62
 13 14 24 43 45 56 57 58 62
 13 14 24 43 45 54 58 62
 13 14 24 43 45 54 56 57 58 62
 13 14 24 43 44 58 60 62
 13 14 24 43 44 56 58
 13 14 24 43 44 56 58 62 70
 13 14 24 43 44 56 58 62 68 69
 13 14 24 43 44 56 57 58 62
 13 14 24 43 44 56 57 58 62 70
 13 14 24 43 44 56 57 58 62 68 69
 13 14 24 43 44 54 58 62 70
 13 14 24 43 44 54 58 62 68 69
 13 14 24 43 44 54 56 57 58 62 70
 13 14 24 43 44 54 56 57 58 62 68 69
 13 14 24 31 45 56 58 62 70
 13 14 24 31 45 56 58 62 68 69
 13 14 24 31 45 54 58 62
 13 14 24 31 45 54 58 62 70
 13 14 24 31 45 54 58 62 68 69
 13 14 24 31 43 45 56 58 62
 13 14 24 31 43 45 54 58 62
 13 14 24 31 43 44 56 58 62
 13 14 24 31 43 44 56 58 62 70
 13 14 24 31 43 44 56 58 62 68 69
 13 14 24 31 43 44 54 58 62 70
 13 14 24 31 43 44 54 58 62 68 69
 13 14 18 58
 13 14 18 56 57 58
 13 14 18 51 58 60 62
 13 14 18 51 56 58
 13 14 18 51 56 58 62
 13 14 18 51 56 58 62 70
 13 14 18 51 56 58 62 68 69
 13 14 18 51 56 57 58 62 70
 13 14 18 51 56 57 58 62 68 69
 13 14 18 51 54 58 62
 13 14 18 51 54 58 62 70
 13 14 18 51 54 58 62 68 69
 13 14 18 51 54 56 57 58 62
 13 14 18 51 54 56 57 58 62 70
 13 14 18 51 54 56 57 58 62 68 69
 13 14 18 49 50 58 60 62
 13 14 18 49 50 56 58
 13 14 18 49 50 56 58 62
 13 14 18 49 50 56 58 62 70
 13 14 18 49 50 56 58 62 68 69
 13 14 18 49 50 56 57 58 62 70
 13 14 18 49 50 56 57 58 62 68 69
 13 14 18 49 50 54 58 62
 13 14 18 49 50 54 58 62 70
 13 14 18 49 50 54 58 62 68 69
 13 14 18 49 50 54 56 57 58 62
 13 14 18 49 50 54 56 57 58 62 70
 13 14 18 49 50 54 56 57 58 62 68 69
 13 14 18 43 51 56 58 62
 13 14 18 43 51 56 57 58 62
 13 14 18 43 51 54 58 62
 13 14 18 43 51 54 56 57 58 62
 13 14 18 43 49 50 56 58 62
 13 14 18 43 49 50 56 57 58 62
 13 14 18 43 49 50 54 58 62
 13 14 18 43 49 50 54 56 57 58 62
 13 14 18 31 58
 13 14 18 31 51 56 58 62 70
 13 14 18 31 51 56 58 62 68 69
 13 14 18 31 51 54 58 62
 13 14 18 31 51 54 58 62 70
 13 14 18 31 51 54 58 62 68 69
 13 14 18 31 49 50 56 58 62 70
 13 14 18 31 49 50 56 58 62 68 69
 13 14 18 31 49 50 54 58 62
 13 14 18 31 49 50 54 58 62 70
 13 14 18 31 49 50 54 58 62 68 69
 13 14 18 31 43 51 56 58 62
 13 14 18 31 43 51 54 58 62
 13 14 18 31 43 49 50 56 58 62
 13 14 18 31 43 49 50 54 58 62
 13 14 18 24 58 60 62
 13 14 18 24 56 58
 13 14 18 24 56 58 62
 13 14 18 24 56 58 62 70
 13 14 18 24 56 58 62 68 69
 13 14 18 24 56 57 58 62 70
 13 14 18 24 56 57 58 62 68 69
 13 14 18 24 54 58 62
 13 14 18 24 54 58 62 70
 13 14 18 24 54 58 62 68 69
 13 14 18 24 54 56 57 58 62
 13 14 18 24 54 56 57 58 62 70
 13 14 18 24 54 56 57 58 62 68 69
 13 14 18 24 43 56 58 62
 13 14 18 24 43 56 57 58 62
 13 14 18 24 43 54 58 62
 13 14 18 24 43 54 56 57 58 62
 13 14 18 24 31 56 58 62 70
 13 14 18 24 31 56 58 62 68 69
 13 14 18 24 31 54 58 62
 13 14 18 24 31 54 58 62 70
 13 14 18 24 31 54 58 62 68 69
 13 14 18 24 31 43 56 58 62
 13 14 18 24 31 43 54 58 62
 13 14 16 28 53 56 58
 13 14 16 28 51 52 56 58
 13 14 16 26 28 56 58
 13 14 16 26 27 56 58
 13 14 16 26 27 53 56 58
 13 14 16 26 27 51 52 56 58
 11 58
 9 45 51 64 70
 9 45 51 64 68 69
 9 45 51 62 63 70
 9 45 51 62 63 68 69
 9 45 49 50 64 70
 9 45 49 50 64 68 69
 9 45 49 50 62 63 70
 9 45 49 50 62 63 68 69
 9 43 45 51 64
 9 43 45 51 62 63
 9 43 45 49 50 64
 9 43 45 49 50 62 63
 9 43 44 51 64
 9 43 44 51 64 70
 9 43 44 51 64 68 69
 9 43 44 51 62 63
 9 43 44 51 62 63 70
 9 43 44 51 62 63 68 69
 9 43 44 49 50 64
 9 43 44 49 50 64 70
 9 43 44 49 50 64 68 69
 9 43 44 49 50 62 63
 9 43 44 49 50 62 63 70
 9 43 44 49 50 62 63 68 69
 9 37 45 51 70
 9 37 45 51 68 69
 9 37 45 49 50 70
 9 37 45 49 50 68 69
 9 37 43 45 51
 9 37 43 45 49 50
 9 37 43 44 51
 9 37 43 44 51 70
 9 37 43 44 51 68 69
 9 37 43 44 49 50
 9 37 43 44 49 50 70
 9 37 43 44 49 50 68 69
 9 24 45 64 70
 9 24 45 64 68 69
 9 24 45 62 63 70
 9 24 45 62 63 68 69
 9 24 43 45 64
 9 24 43 45 62 63
 9 24 43 44 64
 9 24 43 44 64 70
 9 24 43 44 64 68 69
 9 24 43 44 62 63
 9 24 43 44 62 63 70
 9 24 43 44 62 63 68 69
 9 24 37 45 70
 9 24 37 45 68 69
 9 24 37 43 45
 9 24 37 43 44
 9 24 37 43 44 70
 9 24 37 43 44 68 69
 9 18 51 64 70
 9 18 51 64 68 69
 9 18 51 62 63 70
 9 18 51 62 63 68 69
 9 18 49 50 64 70
 9 18 49 50 64 68 69
 9 18 49 50 62 63 70
 9 18 49 50 62 63 68 69
 9 18 43 51 64
 9 18 43 51 62 63
 9 18 43 49 50 64
 9 18 43 49 50 62 63
 9 18 37 51 70
 9 18 37 51 68 69
 9 18 37 49 50 70
 9 18 37 49 50 68 69
 9 18 37 43 51
 9 18 37 43 49 50
 9 18 24 64 70
 9 18 24 64 68 69
 9 18 24 62 63 70
 9 18 24 62 63 68 69
 9 18 24 43 64
 9 18 24 43 62 63
 9 18 24 37 70
 9 18 24 37 68 69
 9 18 24 37 43
 7 8 45 51 64 70
 7 8 45 51 64 68 69
 7 8 45 51 62 63 70
 7 8 45 51 62 63 68 69
 7 8 45 49 50 64 70
 7 8 45 49 50 64 68 69
 7 8 45 49 50 62 63 70
 7 8 45 49 50 62 63 68 69
 7 8 43 45 51 64
 7 8 43 45 51 62 63
 7 8 43 45 49 50 64
 7 8 43 45 49 50 62 63
 7 8 43 44 51 64
 7 8 43 44 51 64 70
 7 8 43 44 51 64 68 69
 7 8 43 44 51 62 63
 7 8 43 44 51 62 63 70
 7 8 43 44 51 62 63 68 69
 7 8 43 44 49 50 64
 7 8 43 44 49 50 64 70
 7 8 43 44 49 50 64 68 69
 7 8 43 44 49 50 62 63
 7 8 43 44 49 50 62 63 70
 7 8 43 44 49 50 62 63 68 69
 7 8 37 45 51 70
 7 8 37 45 51 68 69
 7 8 37 45 49 50 70
 7 8 37 45 49 50 68 69
 7 8 37 43 45 51
 7 8 37 43 45 49 50
 7 8 37 43 44 51
 7 8 37 43 44 51 70
 7 8 37 43 44 51 68 69
 7 8 37 43 44 49 50
 7 8 37 43 44 49 50 70
 7 8 37 43 44 49 50 68 69
 7 8 24 45 64 70
 7 8 24 45 64 68 69
 7 8 24 45 62 63 70
 7 8 24 45 62 63 68 69
 7 8 24 43 45 64
 7 8 24 43 45 62 63
 7 8 24 43 44 64
 7 8 24 43 44 64 70
 7 8 24 43 44 64 68 69
 7 8 24 43 44 62 63
 7 8 24 43 44 62 63 70
 7 8 24 43 44 62 63 68 69
 7 8 24 37 45 70
 7 8 24 37 45 68 69
 7 8 24 37 43 45
 7 8 24 37 43 44
 7 8 24 37 43 44 70
 7 8 24 37 43 44 68 69
 7 8 18 51 64 70
 7 8 18 51 64 68 69
 7 8 18 51 62 63 70
 7 8 18 51 62 63 68 69
 7 8 18 49 50 64 70
 7 8 18 49 50 64 68 69
 7 8 18 49 50 62 63 70
 7 8 18 49 50 62 63 68 69
 7 8 18 43 51 64
 7 8 18 43 51 62 63
 7 8 18 43 49 50 64
 7 8 18 43 49 50 62 63
 7 8 18 37 51 70
 7 8 18 37 51 68 69
 7 8 18 37 49 50 70
 7 8 18 37 49 50 68 69
 7 8 18 37 43 51
 7 8 18 37 43 49 50
 7 8 18 24 64 70
 7 8 18 24 64 68 69
 7 8 18 24 62 63 70
 7 8 18 24 62 63 68 69
 7 8 18 24 43 64
 7 8 18 24 43 62 63
 7 8 18 24 37 70
 7 8 18 24 37 68 69
 7 8 18 24 37 43
 3 45 53 58
 3 45 53 58 72
 3 45 53 58 70 71
 3 45 53 56 58
 3 45 53 54 55 58
 3 45 51 52 58
 3 45 51 52 58 72
 3 45 51 52 58 70 71
 3 45 51 52 56 58
 3 45 51 52 54 55 58
 3 43 44 53 58 72
 3 43 44 53 58 70 71
 3 43 44 53 56 58
 3 43 44 53 54 55 58
 3 43 44 51 52 58 72
 3 43 44 51 52 58 70 71
 3 43 44 51 52 56 58
 3 43 44 51 52 54 55 58
 3 43 44 45 53 58
 3 43 44 45 51 52 58
 3 29 45 53 58
 3 29 45 51 52 58
 3 29 43 44 53 58
 3 29 43 44 51 52 58
 3 26 45 58
 3 26 45 58 72
 3 26 45 58 70 71
 3 26 45 56 58
 3 26 45 54 55 58
 3 26 43 44 58 72
 3 26 43 44 58 70 71
 3 26 43 44 56 58
 3 26 43 44 54 55 58
 3 26 43 44 45 58
 3 26 29 45 58
 3 26 29 43 44 58
 3 18 53 58 72
 3 18 53 58 70 71
 3 18 53 56 58
 3 18 53 54 55 58
 3 18 51 52 58 72
 3 18 51 52 58 70 71
 3 18 51 52 56 58
 3 18 51 52 54 55 58
 3 18 45 53 58
 3 18 45 51 52 58
 3 18 29 53 58
 3 18 29 51 52 58
 3 18 26 58 72
 3 18 26 58 70 71
 3 18 26 56 58
 3 18 26 54 55 58
 3 18 26 45 58
 3 18 26 29 58
 1 57 58
 1 53 58
 1 53 56 58
 1 53 56 57 58 60
 1 51 58
 1 51 58 72
 1 51 58 70 71
 1 51 58 68 72
 1 51 58 68 70 71
 1 51 56 58 70
 1 51 56 58 68 70
 1 51 54 55 58 70
 1 51 54 55 58 68 70
 1 51 52 58
 1 51 52 56 58
 1 51 52 56 57 58 60
 1 49 50 58
 1 49 50 58 72
 1 49 50 58 70 71
 1 49 50 58 68 72
 1 49 50 58 68 70 71
 1 49 50 56 58 70
 1 49 50 56 58 68 70
 1 49 50 54 55 58 70
 1 49 50 54 55 58 68 70
 1 47 53 58
 1 47 51 52 58
 1 45 53 58 60
 1 45 53 58 59
 1 45 51 58 68
 1 45 51 56 57 58
 1 45 51 52 58 60
 1 45 51 52 58 59
 1 45 49 50 58 68
 1 45 49 50 56 57 58
 1 45 46 53 58
 1 45 46 51 52 58
 1 43 53 56 57 58
 1 43 51 56 58
 1 43 51 56 58 68
 1 43 51 54 55 58
 1 43 51 54 55 58 68
 1 43 51 52 56 57 58
 1 43 49 50 56 58
 1 43 49 50 56 58 68
 1 43 49 50 54 55 58
 1 43 49 50 54 55 58 68
 1 43 44 53 58 60
 1 43 44 53 58 59
 1 43 44 51 58
 1 43 44 51 56 57 58
 1 43 44 51 52 58 60
 1 43 44 51 52 58 59
 1 43 44 49 50 58
 1 43 44 49 50 56 57 58
 1 41 42 53 56 57 58
 1 41 42 51 52 56 57 58
 1 37 53 56
 1 37 53 56 62
 1 37 51 52 56
 1 37 51 52 56 62
 1 33 45 53 58
 1 33 45 51 52 58
 1 33 43 44 53 58
 1 33 43 44 51 52 58
 1 31 45 51 58
 1 31 45 49 50 58
 1 31 43 44 51 58
 1 31 43 44 49 50 58
 1 29 51 58 70
 1 29 51 58 68 70
 1 29 49 50 58 70
 1 29 49 50 58 68 70
 1 29 43 51 58
 1 29 43 51 58 68
 1 29 43 49 50 58
 1 29 43 49 50 58 68
 1 26 58
 1 26 56 58
 1 26 56 57 58 60
 1 26 51 58 72
 1 26 51 58 70 71
 1 26 51 56 58 70
 1 26 51 56 58 68 69
 1 26 51 54 55 58 70
 1 26 51 54 55 58 68 69
 1 26 49 50 58 72
 1 26 49 50 58 70 71
 1 26 49 50 56 58 70
 1 26 49 50 56 58 68 69
 1 26 49 50 54 55 58 70
 1 26 49 50 54 55 58 68 69
 1 26 47 58
 1 26 45 58 60
 1 26 45 58 59
 1 26 45 51 58
 1 26 45 49 50 58
 1 26 45 46 58
 1 26 43 56 57 58
 1 26 43 51 56 58
 1 26 43 51 54 55 58
 1 26 43 49 50 56 58
 1 26 43 49 50 54 55 58
 1 26 43 44 58 60
 1 26 43 44 58 59
 1 26 41 42 56 57 58
 1 26 37 56
 1 26 37 56 62
 1 26 33 45 58
 1 26 33 43 44 58
 1 26 29 51 58 70
 1 26 29 51 58 68 69
 1 26 29 49 50 58 70
 1 26 29 49 50 58 68 69
 1 26 29 43 51 58
 1 26 29 43 49 50 58
 1 24 58
 1 24 58 72
 1 24 58 70 71
 1 24 58 68 72
 1 24 58 68 70 71
 1 24 56 58 70
 1 24 56 58 68 70
 1 24 54 55 58 70
 1 24 54 55 58 68 70
 1 24 45 58 68
 1 24 45 56 57 58
 1 24 43 56 58
 1 24 43 56 58 68
 1 24 43 54 55 58
 1 24 43 54 55 58 68
 1 24 43 44 58
 1 24 43 44 56 57 58
 1 24 31 45 58
 1 24 31 43 44 58
 1 24 29 58 70
 1 24 29 58 68 70
 1 24 29 43 58
 1 24 29 43 58 68
 1 24 26 58 72
 1 24 26 58 70 71
 1 24 26 56 58 70
 1 24 26 56 58 68 69
 1 24 26 54 55 58 70
 1 24 26 54 55 58 68 69
 1 24 26 45 58
 1 24 26 43 56 58
 1 24 26 43 54 55 58
 1 24 26 29 58 70
 1 24 26 29 58 68 69
 1 24 26 29 43 58
 1 24 25 58 72
 1 24 25 58 70 71
 1 24 25 56 58 70
 1 24 25 56 58 68 69
 1 24 25 54 55 58 70
 1 24 25 54 55 58 68 69
 1 24 25 51 58 72
 1 24 25 51 58 70 71
 1 24 25 51 56 58 70
 1 24 25 51 56 58 68 69
 1 24 25 51 54 55 58 70
 1 24 25 51 54 55 58 68 69
 1 24 25 49 50 58 72
 1 24 25 49 50 58 70 71
 1 24 25 49 50 56 58 70
 1 24 25 49 50 56 58 68 69
 1 24 25 49 50 54 55 58 70
 1 24 25 49 50 54 55 58 68 69
 1 24 25 45 58
 1 24 25 45 51 58
 1 24 25 45 49 50 58
 1 24 25 43 56 58
 1 24 25 43 54 55 58
 1 24 25 43 51 56 58
 1 24 25 43 51 54 55 58
 1 24 25 43 49 50 56 58
 1 24 25 43 49 50 54 55 58
 1 24 25 29 58 70
 1 24 25 29 58 68 69
 1 24 25 29 51 58 70
 1 24 25 29 51 58 68 69
 1 24 25 29 49 50 58 70
 1 24 25 29 49 50 58 68 69
 1 24 25 29 43 58
 1 24 25 29 43 51 58
 1 24 25 29 43 49 50 58
 1 20 53 58
 1 20 51 52 58
 1 20 26 58
 1 18 53 58 60
 1 18 53 58 59
 1 18 51 58
 1 18 51 56 57 58
 1 18 51 52 58 60
 1 18 51 52 58 59
 1 18 49 50 58
 1 18 49 50 56 57 58
 1 18 33 53 58
 1 18 33 51 52 58
 1 18 31 51 58
 1 18 31 49 50 58
 1 18 26 58 60
 1 18 26 58 59
 1 18 26 33 58
 1 18 24 58
 1 18 24 56 57 58
 1 18 24 31 58
 1 16 53 56 57 58
 1 16 51 52 56 57 58
 1 16 26 56 57 58
 1 15 58
 1 15 53 56 58 60
 1 15 51 52 56 58 60
 1 15 43 53 56 58
 1 15 43 51 52 56 58
 1 15 41 42 53 56 58
 1 15 41 42 51 52 56 58
 1 15 26 56 58 60
 1 15 26 43 56 58
 1 15 26 41 42 56 58
 1 15 16 53 56 58
 1 15 16 51 52 56 58
 1 15 16 26 56 58
 1 13 14 58
 1 13 14 53 56 58 60
 1 13 14 51 52 56 58 60
 1 13 14 43 53 56 58
 1 13 14 43 51 52 56 58
 1 13 14 41 42 53 56 58
 1 13 14 41 42 51 52 56 58
 1 13 14 26 56 58 60
 1 13 14 26 43 56 58
 1 13 14 26 41 42 56 58
 1 13 14 16 53 56 58
 1 13 14 16 51 52 56 58
 1 13 14 16 26 56 58
