 70
 70 72
 70 71
 68
 68 69
 68 69 72
 68 69 70 71
 60
 58
 58 71
 58 70 73
 58 70 72 73
 58 70 71 73
 58 69 70 72
 58 69 70 71
 58 68
 58 68 70
 58 68 69
 58 68 69 73
 58 68 69 72 73
 58 68 69 71
 58 68 69 71 72
 58 68 69 70
 58 68 69 70 72
 58 68 69 70 71 73
 58 68 69 70 71 72
 58 64
 58 62 70
 58 62 68
 58 62 68 70
 58 60 68
 58 59 70
 58 59 68 69
 57 68
 57 64 68
 57 62 64
 57 58 70
 57 58 68
 57 58 68 69
 57 58 64 68
 57 58 62
 56 68 71
 56 68 69 70
 56 62 68 71
 56 62 68 69 70
 56 58 68
 56 58 62 68
 56 57 58 70
 56 57 58 68 69
 55 56 58 70
 55 56 58 68 69
 54 58 70
 54 58 68 69
 53 70
 53 68 69
 53 54 58 70
 53 54 58 68 69
 52 53 58 70
 52 53 58 68 69
 52 53 55 58 70
 52 53 55 58 68 69
 52 53 54 58 70
 52 53 54 58 68 69
 51 70
 51 68 69
 51 54
 51 52 53
 50 51 70
 50 51 68 69
 49 50 70
 49 50 68 69
 49 50 54
 49 50 52 70
 49 50 52 68 69
 49 50 52 53
 49 50 51 70
 49 50 51 68 69
 47 58 64
 47 57 58
 47 56 58
 47 56 57 64
 47 56 57 58
 47 55 58
 47 55 56 57
 47 54 55 58
 46 58 70
 46 58 70 72
 46 58 70 71
 46 58 68 69
 46 58 68 69 72
 46 58 68 69 70 71
 45
 45 70
 45 68 69
 45 64
 45 64 74
 45 64 72 73
 45 62
 45 60 64 74
 45 60 64 72 73
 45 58
 45 58 72
 45 58 70 73
 45 58 70 71
 45 58 70 71 72
 45 58 69
 45 58 68
 45 58 68 69 73
 45 58 68 69 71 72
 45 58 67 68
 45 58 62
 45 58 60
 45 58 60 74
 45 58 60 72 73
 45 58 59
 45 57
 45 57 58
 45 57 58 74
 45 57 58 72
 45 57 58 72 73
 45 57 58 70 71
 45 56 64
 45 56 62
 45 56 58
 45 56 57 58
 45 56 57 58 70 71
 45 56 57 58 69 70
 45 56 57 58 68 69 71
 45 56 57 58 68 69 70
 45 56 57 58 60 74
 45 56 57 58 60 72 73
 45 56 57 58 59
 45 55 74
 45 55 72 73
 45 55 60 74
 45 55 60 72 73
 45 53 62
 45 53 58 60
 45 53 56
 45 53 56 57 58 60
 45 53 54 58
 45 52 53 55 58
 45 52 53 54 58
 45 51
 45 51 62
 45 51 58 60
 45 51 56
 45 51 56 57 58 60
 45 50 51
 45 50 51 62
 45 50 51 58 60
 45 50 51 56
 45 50 51 56 57 58 60
 45 49 50
 45 49 50 62
 45 49 50 58 60
 45 49 50 56
 45 49 50 56 57 58 60
 45 49 50 52
 45 49 50 52 62
 45 49 50 52 58 60
 45 49 50 52 56
 45 49 50 52 56 57 58 60
 45 49 50 51
 45 49 50 51 62
 45 49 50 51 58 60
 45 49 50 51 56
 45 49 50 51 56 57 58 60
 45 47 64
 45 47 60 64
 45 47 58 60
 45 47 57 58
 45 47 56 57 58 60
 45 47 55
 45 47 55 60
 45 46 58
 45 46 58 70
 45 46 58 68 69
 45 46 58 64
 45 46 57 58
 45 46 56 58
 45 46 56 57 64
 45 46 56 57 58
 45 46 55 58
 45 46 55 56 57
 45 46 54 55 58
 44 58
 44 58 70
 44 58 70 72
 44 58 70 71
 44 58 68 69
 44 58 68 69 72
 44 58 68 69 70 71
 44 56 68
 44 56 62 68
 44 45 58
 44 45 56 57 58 70
 44 45 56 57 58 68 69
 43
 43 72
 43 70 71
 43 58 73
 43 58 72 73
 43 58 71
 43 58 71 72
 43 58 70 71
 43 58 70 71 73
 43 58 70 71 72
 43 58 69 70
 43 58 69 70 72
 43 58 69 70 71
 43 58 62
 43 58 62 68
 43 58 59
 43 57 58
 43 56 57 58
 43 55 56 58
 43 54 58
 43 53
 43 53 54 58
 43 52 53 58
 43 52 53 55 58
 43 52 53 54 58
 43 51
 43 50 51
 43 49 50
 43 49 50 52
 43 49 50 51
 43 46 58
 43 46 58 72
 43 46 58 70 71
 43 45
 43 45 58 73
 43 45 58 71 72
 43 45 56 57 58 71
 43 45 56 57 58 69 70
 43 45 46 58
 43 44
 43 44 64
 43 44 64 74
 43 44 64 72 73
 43 44 62
 43 44 60 64 74
 43 44 60 64 72 73
 43 44 58 71
 43 44 58 70
 43 44 58 70 71
 43 44 58 69
 43 44 58 68
 43 44 58 68 69
 43 44 58 68 69 71
 43 44 58 68 69 70
 43 44 58 67 68
 43 44 58 62
 43 44 58 60
 43 44 58 60 74
 43 44 58 60 72 73
 43 44 58 59
 43 44 57
 43 44 57 58 74
 43 44 57 58 72
 43 44 57 58 72 73
 43 44 57 58 70 71
 43 44 56 64
 43 44 56 62
 43 44 56 58
 43 44 56 57 58 71
 43 44 56 57 58 70
 43 44 56 57 58 70 71
 43 44 56 57 58 68 69
 43 44 56 57 58 68 69 71
 43 44 56 57 58 68 69 70
 43 44 56 57 58 60 74
 43 44 56 57 58 60 72 73
 43 44 56 57 58 59
 43 44 55 74
 43 44 55 72 73
 43 44 55 60 74
 43 44 55 60 72 73
 43 44 53 62
 43 44 53 58 60
 43 44 53 56
 43 44 53 56 57 58 60
 43 44 53 54 58
 43 44 52 53 55 58
 43 44 52 53 54 58
 43 44 51
 43 44 51 62
 43 44 51 58 60
 43 44 51 56
 43 44 51 56 57 58 60
 43 44 50 51
 43 44 50 51 62
 43 44 50 51 58 60
 43 44 50 51 56
 43 44 50 51 56 57 58 60
 43 44 49 50
 43 44 49 50 62
 43 44 49 50 58 60
 43 44 49 50 56
 43 44 49 50 56 57 58 60
 43 44 49 50 52
 43 44 49 50 52 62
 43 44 49 50 52 58 60
 43 44 49 50 52 56
 43 44 49 50 52 56 57 58 60
 43 44 49 50 51
 43 44 49 50 51 62
 43 44 49 50 51 58 60
 43 44 49 50 51 56
 43 44 49 50 51 56 57 58 60
 43 44 47 64
 43 44 47 60 64
 43 44 47 58 60
 43 44 47 57 58
 43 44 47 56 57 58 60
 43 44 47 55
 43 44 47 55 60
 43 44 46 58
 43 44 45 57 58
 43 44 45 56 57 58
 42 45 58
 42 43 44 58
 41 58 62 68
 41 45 56
 41 43 44 56
 41 42 58 68
 40 45 54 56
 40 45 52 53 56
 40 43 44 54 56
 40 43 44 52 53 56
 39 40 58 62 68
 39 40 45 56
 39 40 43 44 56
 38 70
 38 68 69
 38 45
 38 45 62
 38 45 58
 38 45 58 60
 38 45 56
 38 45 56 57 58 60
 38 43
 38 43 44
 38 43 44 62
 38 43 44 58
 38 43 44 58 60
 38 43 44 56
 38 43 44 56 57 58 60
 38 39 45 54 56
 38 39 45 52 53 56
 38 39 43 44 54 56
 38 39 43 44 52 53 56
 37 68
 37 60
 36 37 70
 36 37 68 69
 36 37 45
 36 37 45 62
 36 37 45 58
 36 37 45 58 60
 36 37 45 56
 36 37 45 56 57 58 60
 36 37 43
 36 37 43 44
 36 37 43 44 62
 36 37 43 44 58
 36 37 43 44 58 60
 36 37 43 44 56
 36 37 43 44 56 57 58 60
 35 57 62
 35 56 58 66
 35 56 58 64 65
 35 56 57
 35 56 57 58
 35 54 55 58 66
 35 54 55 58 64 65
 35 45 74
 35 45 72 73
 35 45 57 74
 35 45 57 72 73
 35 45 57 58 60
 35 45 56 57 60
 35 45 47
 35 45 47 57
 35 43 44 74
 35 43 44 72 73
 35 43 44 57 74
 35 43 44 57 72 73
 35 43 44 57 58 60
 35 43 44 56 57 60
 35 43 44 47
 35 43 44 47 57
 35 39 56 58
 35 39 54 55 58
 33 45 58
 33 43 44 58
 32 58 70
 32 58 68 69
 32 45 56 57 58
 32 43 58
 32 43 44 56 57 58
 31 58 70
 31 58 68 69
 31 47 64
 31 47 58
 31 47 55
 31 45 58 72
 31 45 58 69 70
 31 45 58 68 69 71
 31 45 58 68 69 70
 31 45 58 60 74
 31 45 58 60 72 73
 31 45 58 59
 31 45 57 58 72
 31 45 57 58 70 71
 31 45 53 58 60
 31 45 51 58 60
 31 45 50 51 58 60
 31 45 49 50 58 60
 31 45 49 50 52 58 60
 31 45 49 50 51 58 60
 31 45 47 58 60
 31 45 46 64
 31 45 46 58
 31 45 46 55
 31 44 45 58 70
 31 44 45 58 68 69
 31 43 58
 31 43 45 58 71
 31 43 45 58 69 70
 31 43 44 58 72
 31 43 44 58 71
 31 43 44 58 70
 31 43 44 58 68 69
 31 43 44 58 68 69 71
 31 43 44 58 68 69 70
 31 43 44 58 60 74
 31 43 44 58 60 72 73
 31 43 44 58 59
 31 43 44 57 58
 31 43 44 57 58 72
 31 43 44 57 58 70 71
 31 43 44 53 58 60
 31 43 44 51 58 60
 31 43 44 50 51 58 60
 31 43 44 49 50 58 60
 31 43 44 49 50 52 58 60
 31 43 44 49 50 51 58 60
 31 43 44 47 58 60
 31 43 44 45 57 58
 31 38 45 58 60
 31 38 43 44 58 60
 31 36 37 45 58 60
 31 36 37 43 44 58 60
 31 35
 31 35 58
 31 35 45 57 60
 31 35 43 44 57 60
 31 32 45 58
 31 32 43 44 58
 30 58 70
 30 58 68 69
 30 45 58
 30 45 57 58
 30 43 58
 30 43 44 58
 30 43 44 57 58
 29 47 58
 29 45 46 58
 29 35 58 66
 29 35 58 64 65
 29 35 39 58
 29 30 45 58
 29 30 43 44 58
 28 60
 28 58
 28 45
 28 45 58 70 74
 28 45 58 70 72 73
 28 45 58 68 69 74
 28 45 58 68 69 72 73
 28 45 57
 28 45 47 58 70
 28 45 47 58 68 69
 28 43 45 58 74
 28 43 45 58 72 73
 28 43 45 47 58
 28 43 44
 28 43 44 58 74
 28 43 44 58 72 73
 28 43 44 58 70 74
 28 43 44 58 70 72 73
 28 43 44 58 68 69 74
 28 43 44 58 68 69 72 73
 28 43 44 57
 28 43 44 47 58
 28 43 44 47 58 70
 28 43 44 47 58 68 69
 28 42 58 70
 28 42 58 68 69
 28 42 43 58
 28 41 58 70
 28 41 58 68 69
 28 41 43 58
 28 40 41 58 70
 28 40 41 58 68 69
 28 40 41 43 58
 28 39 40 58 70
 28 39 40 58 68 69
 28 39 40 43 58
 28 35
 28 35 41
 28 35 39 40
 28 29 45 58
 28 29 45 57 58
 28 29 43 44 58
 28 29 43 44 57 58
 27 58 70
 27 58 68 69
 27 55 58 70
 27 55 58 68 69
 27 53 54 58 70
 27 53 54 58 68 69
 27 51
 27 49 50
 27 45 55 58
 27 45 53 54 58
 27 43 58
 27 43 55 58
 27 43 53 54 58
 27 43 44 55 58
 27 43 44 53 54 58
 27 40 45 56
 27 40 43 44 56
 27 38 39 45 56
 27 38 39 43 44 56
 27 28 45 58
 27 28 43 44 58
 26
 26 70
 26 68 69
 26 58
 26 58 70
 26 58 68 69
 26 58 62
 26 58 62 70
 26 58 62 68 69
 26 58 60
 26 57
 26 57 64
 26 57 58
 26 57 58 64
 26 56 71
 26 56 69 70
 26 56 62 71
 26 56 62 69 70
 26 56 58
 26 56 58 62
 26 45
 26 45 62
 26 45 58
 26 45 58 60
 26 45 56
 26 45 56 57 58 60
 26 44 56
 26 44 56 62
 26 43
 26 43 58 62
 26 43 44
 26 43 44 62
 26 43 44 58
 26 43 44 58 60
 26 43 44 56
 26 43 44 56 57 58 60
 26 41 58 62
 26 41 42 58
 26 39 40 58 62
 26 37
 26 31 45 58 60
 26 31 43 44 58 60
 26 27
 26 27 60
 26 27 58
 26 27 58 70
 26 27 58 68 69
 26 27 45 58
 26 27 45 58 70 74
 26 27 45 58 70 72 73
 26 27 45 58 68 69 74
 26 27 45 58 68 69 72 73
 26 27 45 57
 26 27 45 47 58 70
 26 27 45 47 58 68 69
 26 27 43 58
 26 27 43 45 58 74
 26 27 43 45 58 72 73
 26 27 43 45 47 58
 26 27 43 44 58
 26 27 43 44 58 74
 26 27 43 44 58 72 73
 26 27 43 44 58 70 74
 26 27 43 44 58 70 72 73
 26 27 43 44 58 68 69 74
 26 27 43 44 58 68 69 72 73
 26 27 43 44 57
 26 27 43 44 47 58
 26 27 43 44 47 58 70
 26 27 43 44 47 58 68 69
 26 27 42 58 70
 26 27 42 58 68 69
 26 27 42 43 58
 26 27 41 58 70
 26 27 41 58 68 69
 26 27 41 43 58
 26 27 40 41 58 70
 26 27 40 41 58 68 69
 26 27 40 41 43 58
 26 27 39 40 58 70
 26 27 39 40 58 68 69
 26 27 39 40 43 58
 26 27 35
 26 27 35 41
 26 27 35 39 40
 26 27 28 45
 26 27 28 43 44
 25 51 70
 25 51 68 69
 25 49 50 70
 25 49 50 68 69
 25 45 51
 25 45 51 62
 25 45 51 58 60
 25 45 51 56
 25 45 51 56 57 58 60
 25 45 49 50
 25 45 49 50 62
 25 45 49 50 58 60
 25 45 49 50 56
 25 45 49 50 56 57 58 60
 25 43 51
 25 43 49 50
 25 43 44 51
 25 43 44 51 62
 25 43 44 51 58 60
 25 43 44 51 56
 25 43 44 51 56 57 58 60
 25 43 44 49 50
 25 43 44 49 50 62
 25 43 44 49 50 58 60
 25 43 44 49 50 56
 25 43 44 49 50 56 57 58 60
 25 31 45 51 58 60
 25 31 45 49 50 58 60
 25 31 43 44 51 58 60
 25 31 43 44 49 50 58 60
 25 26 28 58 70
 25 26 28 58 68 69
 25 26 28 43 58
 25 26 27 58 70
 25 26 27 58 68 69
 25 26 27 43 58
 24 70
 24 68 69
 24 60
 24 58 68
 24 54
 24 52 70
 24 52 68 69
 24 52 53
 24 50 51 70
 24 50 51 68 69
 24 45
 24 45 62
 24 45 60
 24 45 58 60
 24 45 56
 24 45 56 57 58 60
 24 45 52
 24 45 52 62
 24 45 52 58 60
 24 45 52 56
 24 45 52 56 57 58 60
 24 45 50 51
 24 45 50 51 62
 24 45 50 51 58 60
 24 45 50 51 56
 24 45 50 51 56 57 58 60
 24 43
 24 43 52
 24 43 50 51
 24 43 44
 24 43 44 62
 24 43 44 60
 24 43 44 58 60
 24 43 44 56
 24 43 44 56 57 58 60
 24 43 44 52
 24 43 44 52 62
 24 43 44 52 58 60
 24 43 44 52 56
 24 43 44 52 56 57 58 60
 24 43 44 50 51
 24 43 44 50 51 62
 24 43 44 50 51 58 60
 24 43 44 50 51 56
 24 43 44 50 51 56 57 58 60
 24 35 57 62
 24 35 55
 24 31 45 58 60
 24 31 45 52 58 60
 24 31 45 50 51 58 60
 24 31 43 44 58 60
 24 31 43 44 52 58 60
 24 31 43 44 50 51 58 60
 24 28
 24 28 60
 24 28 45
 24 28 45 57 58
 24 28 45 53
 24 28 45 52
 24 28 45 51
 24 28 45 49 50
 24 28 45 49 50 52
 24 28 45 49 50 51
 24 28 43 44
 24 28 43 44 57 58
 24 28 43 44 53
 24 28 43 44 52
 24 28 43 44 51
 24 28 43 44 49 50
 24 28 43 44 49 50 52
 24 28 43 44 49 50 51
 24 28 38 45
 24 28 38 43 44
 24 28 36 37 45
 24 28 36 37 43 44
 24 27
 24 26 58
 24 26 28 45
 24 26 28 43 44
 24 26 27
 24 26 27 60
 24 26 27 45 57 58
 24 26 27 45 53
 24 26 27 45 52
 24 26 27 45 51
 24 26 27 45 49 50
 24 26 27 45 49 50 52
 24 26 27 45 49 50 51
 24 26 27 43 44 57 58
 24 26 27 43 44 53
 24 26 27 43 44 52
 24 26 27 43 44 51
 24 26 27 43 44 49 50
 24 26 27 43 44 49 50 52
 24 26 27 43 44 49 50 51
 24 26 27 38 45
 24 26 27 38 43 44
 24 26 27 36 37 45
 24 26 27 36 37 43 44
 24 25
 24 25 70
 24 25 68 69
 24 25 58 70
 24 25 58 68 69
 24 25 58 62
 24 25 58 62 70
 24 25 58 62 68 69
 24 25 58 60
 24 25 57
 24 25 57 64
 24 25 57 58
 24 25 57 58 64
 24 25 56 71
 24 25 56 69 70
 24 25 56 62 71
 24 25 56 62 69 70
 24 25 56 58
 24 25 56 58 62
 24 25 45
 24 25 45 62
 24 25 45 58
 24 25 45 58 60
 24 25 45 56
 24 25 45 56 57 58 60
 24 25 44 56
 24 25 44 56 62
 24 25 43
 24 25 43 58 62
 24 25 43 44
 24 25 43 44 62
 24 25 43 44 58
 24 25 43 44 58 60
 24 25 43 44 56
 24 25 43 44 56 57 58 60
 24 25 41 58 62
 24 25 41 42 58
 24 25 39 40 58 62
 24 25 37
 24 25 31 45 58 60
 24 25 31 43 44 58 60
 24 25 28 45
 24 25 28 45 51
 24 25 28 45 49 50
 24 25 28 43 44
 24 25 28 43 44 51
 24 25 28 43 44 49 50
 24 25 26 27 45
 24 25 26 27 45 51
 24 25 26 27 45 49 50
 24 25 26 27 43 44
 24 25 26 27 43 44 51
 24 25 26 27 43 44 49 50
 22 58 68
 22 58 62 68
 22 45 74
 22 45 72 73
 22 45 47
 22 43 44 74
 22 43 44 72 73
 22 43 44 47
 22 26 58
 22 26 58 62
 22 24 25 58
 22 24 25 58 62
 20 58 64
 20 57 58
 20 56 58
 20 56 57 64
 20 56 57 58
 20 55 58
 20 55 56 57
 20 54 55 58
 20 31 64
 20 31 58
 20 31 55
 20 29 58
 18
 18 64
 18 64 74
 18 64 72 73
 18 62
 18 60 64 74
 18 60 64 72 73
 18 58 72
 18 58 69
 18 58 69 70
 18 58 68
 18 58 68 69 71
 18 58 68 69 70
 18 58 67 68
 18 58 62
 18 58 60
 18 58 60 74
 18 58 60 72 73
 18 58 59
 18 57
 18 57 58 74
 18 57 58 72
 18 57 58 72 73
 18 57 58 70 71
 18 56 64
 18 56 62
 18 56 58
 18 56 57 58
 18 56 57 58 70 71
 18 56 57 58 69 70
 18 56 57 58 68 69 71
 18 56 57 58 68 69 70
 18 56 57 58 60 74
 18 56 57 58 60 72 73
 18 56 57 58 59
 18 55 74
 18 55 72 73
 18 55 60 74
 18 55 60 72 73
 18 53 62
 18 53 58 60
 18 53 56
 18 53 56 57 58 60
 18 53 54 58
 18 52 53 55 58
 18 52 53 54 58
 18 51
 18 51 62
 18 51 58 60
 18 51 56
 18 51 56 57 58 60
 18 50 51
 18 50 51 62
 18 50 51 58 60
 18 50 51 56
 18 50 51 56 57 58 60
 18 49 50
 18 49 50 62
 18 49 50 58 60
 18 49 50 56
 18 49 50 56 57 58 60
 18 49 50 52
 18 49 50 52 62
 18 49 50 52 58 60
 18 49 50 52 56
 18 49 50 52 56 57 58 60
 18 49 50 51
 18 49 50 51 62
 18 49 50 51 58 60
 18 49 50 51 56
 18 49 50 51 56 57 58 60
 18 47 64
 18 47 60 64
 18 47 58 60
 18 47 57 58
 18 47 56 57 58 60
 18 47 55
 18 47 55 60
 18 46 58
 18 45 58
 18 45 57 58
 18 44 58 70
 18 44 58 68 69
 18 44 56 57 58 70
 18 44 56 57 58 68 69
 18 44 45 58
 18 43 58 71
 18 43 58 69 70
 18 43 56 57 58 71
 18 43 56 57 58 69 70
 18 43 44 58
 18 43 44 56 57 58
 18 42 58
 18 41 56
 18 40 54 56
 18 40 52 53 56
 18 39 40 56
 18 38
 18 38 62
 18 38 58
 18 38 58 60
 18 38 56
 18 38 56 57 58 60
 18 38 39 54 56
 18 38 39 52 53 56
 18 36 37
 18 36 37 62
 18 36 37 58
 18 36 37 58 60
 18 36 37 56
 18 36 37 56 57 58 60
 18 35 74
 18 35 72 73
 18 35 57 74
 18 35 57 72 73
 18 35 57 58 60
 18 35 56 57 60
 18 35 47
 18 35 47 57
 18 33 58
 18 32 56 57 58
 18 31 58
 18 31 58 72
 18 31 58 69 70
 18 31 58 68 69 71
 18 31 58 68 69 70
 18 31 58 60 74
 18 31 58 60 72 73
 18 31 58 59
 18 31 57 58
 18 31 57 58 72
 18 31 57 58 70 71
 18 31 53 58 60
 18 31 51 58 60
 18 31 50 51 58 60
 18 31 49 50 58 60
 18 31 49 50 52 58 60
 18 31 49 50 51 58 60
 18 31 47 58 60
 18 31 45 58
 18 31 45 57 58
 18 31 44 58 70
 18 31 44 58 68 69
 18 31 43 58 71
 18 31 43 58 69 70
 18 31 43 44 58
 18 31 38 58 60
 18 31 36 37 58 60
 18 31 35 57 60
 18 31 32 58
 18 30 58
 18 30 57 58
 18 29 30 58
 18 28
 18 28 58 70 74
 18 28 58 70 72 73
 18 28 58 68 69 74
 18 28 58 68 69 72 73
 18 28 57
 18 28 47 58 70
 18 28 47 58 68 69
 18 28 43 58 74
 18 28 43 58 72 73
 18 28 43 47 58
 18 28 29 58
 18 28 29 57 58
 18 27 55 58
 18 27 53 54 58
 18 27 40 56
 18 27 38 39 56
 18 27 28 58
 18 26
 18 26 62
 18 26 58
 18 26 58 60
 18 26 56
 18 26 56 57 58 60
 18 26 31 58 60
 18 26 27 58
 18 26 27 58 70 74
 18 26 27 58 70 72 73
 18 26 27 58 68 69 74
 18 26 27 58 68 69 72 73
 18 26 27 57
 18 26 27 47 58 70
 18 26 27 47 58 68 69
 18 26 27 43 58 74
 18 26 27 43 58 72 73
 18 26 27 43 47 58
 18 26 27 28
 18 25 51
 18 25 51 62
 18 25 51 58 60
 18 25 51 56
 18 25 51 56 57 58 60
 18 25 49 50
 18 25 49 50 62
 18 25 49 50 58 60
 18 25 49 50 56
 18 25 49 50 56 57 58 60
 18 25 31 51 58 60
 18 25 31 49 50 58 60
 18 24
 18 24 62
 18 24 60
 18 24 58 60
 18 24 56
 18 24 56 57 58 60
 18 24 52
 18 24 52 62
 18 24 52 58 60
 18 24 52 56
 18 24 52 56 57 58 60
 18 24 50 51
 18 24 50 51 62
 18 24 50 51 58 60
 18 24 50 51 56
 18 24 50 51 56 57 58 60
 18 24 31 58 60
 18 24 31 52 58 60
 18 24 31 50 51 58 60
 18 24 28
 18 24 28 57 58
 18 24 28 53
 18 24 28 52
 18 24 28 51
 18 24 28 49 50
 18 24 28 49 50 52
 18 24 28 49 50 51
 18 24 28 38
 18 24 28 36 37
 18 24 26 28
 18 24 26 27 57 58
 18 24 26 27 53
 18 24 26 27 52
 18 24 26 27 51
 18 24 26 27 49 50
 18 24 26 27 49 50 52
 18 24 26 27 49 50 51
 18 24 26 27 38
 18 24 26 27 36 37
 18 24 25
 18 24 25 62
 18 24 25 58
 18 24 25 58 60
 18 24 25 56
 18 24 25 56 57 58 60
 18 24 25 31 58 60
 18 24 25 28
 18 24 25 28 51
 18 24 25 28 49 50
 18 24 25 26 27
 18 24 25 26 27 51
 18 24 25 26 27 49 50
 18 22 74
 18 22 72 73
 18 22 47
 16 58 68
 16 26 58
 16 24 25 58
 15 68
 15 64 68
 15 62 64
 15 58 70
 15 58 68
 15 58 68 69
 15 58 64 68
 15 58 62
 15 47 58
 15 45
 15 45 58
 15 45 58 74
 15 45 58 72
 15 45 58 72 73
 15 45 58 70 71
 15 45 56 57 58
 15 45 56 57 58 72
 15 45 56 57 58 70 71
 15 45 47 58
 15 45 46 58
 15 43 58
 15 43 44
 15 43 44 58 74
 15 43 44 58 72
 15 43 44 58 72 73
 15 43 44 58 70 71
 15 43 44 56 57 58 72
 15 43 44 56 57 58 70 71
 15 43 44 47 58
 15 43 44 45 58
 15 43 44 45 56 57 58
 15 35 62
 15 35 45 74
 15 35 45 72 73
 15 35 45 58 60
 15 35 45 56 57 60
 15 35 45 47
 15 35 43 44 74
 15 35 43 44 72 73
 15 35 43 44 58 60
 15 35 43 44 56 57 60
 15 35 43 44 47
 15 31 45 58
 15 31 45 58 72
 15 31 45 58 70 71
 15 31 43 44 58 72
 15 31 43 44 58 70 71
 15 31 43 44 45 58
 15 31 35 45 60
 15 31 35 43 44 60
 15 30 45 58
 15 30 43 44 58
 15 28 45
 15 28 43 44
 15 28 29 45 58
 15 28 29 43 44 58
 15 26
 15 26 64
 15 26 58
 15 26 58 64
 15 26 27 45
 15 26 27 43 44
 15 24 35 62
 15 24 28 45 58
 15 24 28 43 44 58
 15 24 26 27 45 58
 15 24 26 27 43 44 58
 15 24 25
 15 24 25 64
 15 24 25 58
 15 24 25 58 64
 15 20 58
 15 18
 15 18 58 74
 15 18 58 72
 15 18 58 72 73
 15 18 58 70 71
 15 18 56 57 58 72
 15 18 56 57 58 70 71
 15 18 47 58
 15 18 45 58
 15 18 45 56 57 58
 15 18 35 74
 15 18 35 72 73
 15 18 35 58 60
 15 18 35 56 57 60
 15 18 35 47
 15 18 31 58 72
 15 18 31 58 70 71
 15 18 31 45 58
 15 18 31 35 60
 15 18 30 58
 15 18 28
 15 18 28 29 58
 15 18 26 27
 15 18 24 28 58
 15 18 24 26 27 58
 14 58 70
 14 58 68 69
 14 58 62 68
 14 45 56
 14 43 58
 14 43 44 56
 14 28 58 70
 14 28 58 68 69
 14 28 43 58
 14 28 35
 14 26 58 62
 14 26 27 58 70
 14 26 27 58 68 69
 14 26 27 43 58
 14 26 27 35
 14 24 25 58 62
 14 18 56
 13 47 58
 13 47 56 57
 13 45 74
 13 45 72 73
 13 45 60 74
 13 45 60 72 73
 13 45 54 56
 13 45 52 53 56
 13 45 47
 13 45 47 60
 13 45 46 58
 13 45 46 56 57
 13 43 44 74
 13 43 44 72 73
 13 43 44 60 74
 13 43 44 60 72 73
 13 43 44 54 56
 13 43 44 52 53 56
 13 43 44 47
 13 43 44 47 60
 13 31 47
 13 31 45 46
 13 27 45 56
 13 27 43 44 56
 13 24 35
 13 20 58
 13 20 56 57
 13 20 31
 13 18 74
 13 18 72 73
 13 18 60 74
 13 18 60 72 73
 13 18 54 56
 13 18 52 53 56
 13 18 47
 13 18 47 60
 13 18 27 56
 13 14 68
 13 14 64 68
 13 14 62 64
 13 14 58 70
 13 14 58 68
 13 14 58 68 69
 13 14 58 64 68
 13 14 58 62
 13 14 47 58
 13 14 45
 13 14 45 58
 13 14 45 58 74
 13 14 45 58 72
 13 14 45 58 72 73
 13 14 45 58 70 71
 13 14 45 56 57 58
 13 14 45 56 57 58 72
 13 14 45 56 57 58 70 71
 13 14 45 47 58
 13 14 45 46 58
 13 14 43 58
 13 14 43 44
 13 14 43 44 58 74
 13 14 43 44 58 72
 13 14 43 44 58 72 73
 13 14 43 44 58 70 71
 13 14 43 44 56 57 58 72
 13 14 43 44 56 57 58 70 71
 13 14 43 44 47 58
 13 14 43 44 45 58
 13 14 43 44 45 56 57 58
 13 14 35 62
 13 14 35 45 74
 13 14 35 45 72 73
 13 14 35 45 58 60
 13 14 35 45 56 57 60
 13 14 35 45 47
 13 14 35 43 44 74
 13 14 35 43 44 72 73
 13 14 35 43 44 58 60
 13 14 35 43 44 56 57 60
 13 14 35 43 44 47
 13 14 31 45 58
 13 14 31 45 58 72
 13 14 31 45 58 70 71
 13 14 31 43 44 58 72
 13 14 31 43 44 58 70 71
 13 14 31 43 44 45 58
 13 14 31 35 45 60
 13 14 31 35 43 44 60
 13 14 30 45 58
 13 14 30 43 44 58
 13 14 28 45
 13 14 28 43 44
 13 14 28 29 45 58
 13 14 28 29 43 44 58
 13 14 26
 13 14 26 64
 13 14 26 58
 13 14 26 58 64
 13 14 26 27 45
 13 14 26 27 43 44
 13 14 24 35 62
 13 14 24 28 45 58
 13 14 24 28 43 44 58
 13 14 24 26 27 45 58
 13 14 24 26 27 43 44 58
 13 14 24 25
 13 14 24 25 64
 13 14 24 25 58
 13 14 24 25 58 64
 13 14 20 58
 13 14 18
 13 14 18 58 74
 13 14 18 58 72
 13 14 18 58 72 73
 13 14 18 58 70 71
 13 14 18 56 57 58 72
 13 14 18 56 57 58 70 71
 13 14 18 47 58
 13 14 18 45 58
 13 14 18 45 56 57 58
 13 14 18 35 74
 13 14 18 35 72 73
 13 14 18 35 58 60
 13 14 18 35 56 57 60
 13 14 18 35 47
 13 14 18 31 58 72
 13 14 18 31 58 70 71
 13 14 18 31 45 58
 13 14 18 31 35 60
 13 14 18 30 58
 13 14 18 28
 13 14 18 28 29 58
 13 14 18 26 27
 13 14 18 24 28 58
 13 14 18 24 26 27 58
 12 13 58 70
 12 13 58 68 69
 12 13 43 58
 11 70
 11 68 69
 11 45 62
 11 45 58
 11 45 58 60
 11 45 56
 11 45 56 57 58 60
 11 43
 11 43 44 62
 11 43 44 58
 11 43 44 58 60
 11 43 44 56
 11 43 44 56 57 58 60
 11 31 45 58 60
 11 31 43 44 58 60
 11 24 28 45
 11 24 28 43 44
 11 24 26 27 45
 11 24 26 27 43 44
 11 18 62
 11 18 58
 11 18 58 60
 11 18 56
 11 18 56 57 58 60
 11 18 31 58 60
 11 18 24 28
 11 18 24 26 27
 11 12 47 58
 11 12 47 56 57
 11 12 45 74
 11 12 45 72 73
 11 12 45 60 74
 11 12 45 60 72 73
 11 12 45 47
 11 12 45 47 60
 11 12 45 46 58
 11 12 45 46 56 57
 11 12 43 44 74
 11 12 43 44 72 73
 11 12 43 44 60 74
 11 12 43 44 60 72 73
 11 12 43 44 47
 11 12 43 44 47 60
 11 12 31 47
 11 12 31 45 46
 11 12 24 35
 11 12 20 58
 11 12 20 56 57
 11 12 20 31
 11 12 18 74
 11 12 18 72 73
 11 12 18 60 74
 11 12 18 60 72 73
 11 12 18 47
 11 12 18 47 60
 10 58 70
 10 58 68 69
 10 43 58
 9 10 45
 9 10 43 44
 9 10 18
 4 45 58
 4 43 44 58
 4 18 58
 3 45 58
 3 45 57 58
 3 43 44 58
 3 43 44 57 58
 3 18 58
 3 18 57 58
 3 15 45 58
 3 15 43 44 58
 3 15 18 58
 3 13 14 45 58
 3 13 14 43 44 58
 3 13 14 18 58
 2 45 58
 2 43 44 58
 2 18 58
 1
 1 60
 1 58
 1 45 58
 1 45 58 70 74
 1 45 58 70 72 73
 1 45 58 68 69 74
 1 45 58 68 69 72 73
 1 45 57
 1 45 47 58 70
 1 45 47 58 68 69
 1 43 45 58 74
 1 43 45 58 72 73
 1 43 45 47 58
 1 43 44 58
 1 43 44 58 74
 1 43 44 58 72 73
 1 43 44 58 70 74
 1 43 44 58 70 72 73
 1 43 44 58 68 69 74
 1 43 44 58 68 69 72 73
 1 43 44 57
 1 43 44 47 58
 1 43 44 47 58 70
 1 43 44 47 58 68 69
 1 42 58 70
 1 42 58 68 69
 1 42 43 58
 1 41 58 70
 1 41 58 68 69
 1 41 43 58
 1 40 41 58 70
 1 40 41 58 68 69
 1 40 41 43 58
 1 39 40 58 70
 1 39 40 58 68 69
 1 39 40 43 58
 1 35
 1 35 41
 1 35 39 40
 1 28 45
 1 28 43 44
 1 27 58 70
 1 27 58 68 69
 1 27 43 58
 1 25 26 58 70
 1 25 26 58 68 69
 1 25 26 43 58
 1 24
 1 24 60
 1 24 45
 1 24 45 57 58
 1 24 45 53
 1 24 45 52
 1 24 45 51
 1 24 45 49 50
 1 24 45 49 50 52
 1 24 45 49 50 51
 1 24 43 44
 1 24 43 44 57 58
 1 24 43 44 53
 1 24 43 44 52
 1 24 43 44 51
 1 24 43 44 49 50
 1 24 43 44 49 50 52
 1 24 43 44 49 50 51
 1 24 38 45
 1 24 38 43 44
 1 24 36 37 45
 1 24 36 37 43 44
 1 24 26 45
 1 24 26 43 44
 1 24 25 45
 1 24 25 45 51
 1 24 25 45 49 50
 1 24 25 43 44
 1 24 25 43 44 51
 1 24 25 43 44 49 50
 1 18 58
 1 18 58 70 74
 1 18 58 70 72 73
 1 18 58 68 69 74
 1 18 58 68 69 72 73
 1 18 57
 1 18 47 58 70
 1 18 47 58 68 69
 1 18 43 58 74
 1 18 43 58 72 73
 1 18 43 47 58
 1 18 28
 1 18 24
 1 18 24 57 58
 1 18 24 53
 1 18 24 52
 1 18 24 51
 1 18 24 49 50
 1 18 24 49 50 52
 1 18 24 49 50 51
 1 18 24 38
 1 18 24 36 37
 1 18 24 26
 1 18 24 25
 1 18 24 25 51
 1 18 24 25 49 50
 1 15 45
 1 15 43 44
 1 15 24 45 58
 1 15 24 43 44 58
 1 15 18
 1 15 18 24 58
 1 14 58 70
 1 14 58 68 69
 1 14 43 58
 1 14 35
 1 13 14 45
 1 13 14 43 44
 1 13 14 24 45 58
 1 13 14 24 43 44 58
 1 13 14 18
 1 13 14 18 24 58
 1 11 24 45
 1 11 24 43 44
 1 11 18 24
 0 28 58 70
 0 28 58 68 69
 0 28 43 58
 0 26 27 58 70
 0 26 27 58 68 69
 0 26 27 43 58
 0 1 58 70
 0 1 58 68 69
 0 1 43 58
