 54 58 62
 54 58 62 72
 54 58 62 70 71
 54 58 60 72
 54 58 60 70 71
 54 56 58 60 70
 54 56 58 60 68 69
 54 56 57 58 62 72
 54 56 57 58 62 70 71
 54 55 58 60 70
 54 55 58 60 68 69
 53 54 58
 53 54 58 72
 53 54 58 70 71
 53 54 56 57 58 72
 53 54 56 57 58 70 71
 52 53 58
 52 53 58 72
 52 53 58 70 71
 52 53 58 62
 52 53 58 62 72
 52 53 58 62 70 71
 52 53 58 60 72
 52 53 58 60 70 71
 52 53 56 58 60 70
 52 53 56 58 60 68 69
 52 53 56 57 58 72
 52 53 56 57 58 70 71
 52 53 56 57 58 62 72
 52 53 56 57 58 62 70 71
 52 53 54 55 58 60 70
 52 53 54 55 58 60 68 69
 47 58 72
 47 58 70 71
 47 58 66 72
 47 58 66 70 71
 47 58 64 65 72
 47 58 64 65 70 71
 47 56 57 58 72
 47 56 57 58 70 71
 47 56 57 58 66 72
 47 56 57 58 66 70 71
 47 56 57 58 64 65 72
 47 56 57 58 64 65 70 71
 45 54 58 62
 45 54 58 60
 45 54 56 57 58 62
 45 53 54 58
 45 53 54 56 57 58
 45 52 53 58
 45 52 53 58 62
 45 52 53 58 60
 45 52 53 56 57 58
 45 52 53 56 57 58 62
 45 47 58
 45 47 58 66
 45 47 58 64 65
 45 47 56 57 58
 45 47 56 57 58 66
 45 47 56 57 58 64 65
 45 46 58
 45 46 58 72
 45 46 58 70 71
 45 46 58 66
 45 46 58 66 72
 45 46 58 66 70 71
 45 46 58 64 65
 45 46 58 64 65 72
 45 46 58 64 65 70 71
 45 46 56 57 58
 45 46 56 57 58 72
 45 46 56 57 58 70 71
 45 46 56 57 58 66
 45 46 56 57 58 66 72
 45 46 56 57 58 66 70 71
 45 46 56 57 58 64 65
 45 46 56 57 58 64 65 72
 45 46 56 57 58 64 65 70 71
 43 54 56 58 60
 43 54 55 58 60
 43 52 53 56 58 60
 43 52 53 54 55 58 60
 42 54 60 72
 42 54 60 70 71
 42 54 56 60 70
 42 54 56 60 68 69
 42 54 55 60 70
 42 54 55 60 68 69
 42 52 53 60 72
 42 52 53 60 70 71
 42 52 53 56 60 70
 42 52 53 56 60 68 69
 42 52 53 54 55 60 70
 42 52 53 54 55 60 68 69
 42 45 54 60
 42 45 52 53 60
 42 43 54 56 60
 42 43 54 55 60
 42 43 52 53 56 60
 42 43 52 53 54 55 60
 40 58 60
 40 58 59 60
 40 54 58 60
 40 52 53 58 60
 40 47 58 72
 40 47 58 70 71
 40 47 56 57 58 72
 40 47 56 57 58 70 71
 40 45 47 58
 40 45 47 56 57 58
 40 45 46 58
 40 45 46 58 72
 40 45 46 58 70 71
 40 45 46 56 57 58
 40 45 46 56 57 58 72
 40 45 46 56 57 58 70 71
 40 41 54 60 72
 40 41 54 60 70 71
 40 41 54 56 60 70
 40 41 54 56 60 68 69
 40 41 54 55 60 70
 40 41 54 55 60 68 69
 40 41 52 53 60 72
 40 41 52 53 60 70 71
 40 41 52 53 56 60 70
 40 41 52 53 56 60 68 69
 40 41 52 53 54 55 60 70
 40 41 52 53 54 55 60 68 69
 40 41 45 54 60
 40 41 45 52 53 60
 40 41 43 54 56 60
 40 41 43 54 55 60
 40 41 43 52 53 56 60
 40 41 43 52 53 54 55 60
 38 39 58 60
 38 39 58 59 60
 38 39 54 58 60
 38 39 52 53 58 60
 38 39 47 58 72
 38 39 47 58 70 71
 38 39 47 56 57 58 72
 38 39 47 56 57 58 70 71
 38 39 45 47 58
 38 39 45 47 56 57 58
 38 39 45 46 58
 38 39 45 46 58 72
 38 39 45 46 58 70 71
 38 39 45 46 56 57 58
 38 39 45 46 56 57 58 72
 38 39 45 46 56 57 58 70 71
 37 38 47 58 72
 37 38 47 58 70 71
 37 38 47 56 57 58 72
 37 38 47 56 57 58 70 71
 37 38 45 47 58
 37 38 45 47 56 57 58
 37 38 45 46 58
 37 38 45 46 58 72
 37 38 45 46 58 70 71
 37 38 45 46 56 57 58
 37 38 45 46 56 57 58 72
 37 38 45 46 56 57 58 70 71
 33 40 58 60
 33 38 39 58 60
 31 54 58 62 72
 31 54 58 62 70 71
 31 53 54 58 72
 31 53 54 58 70 71
 31 52 53 58 72
 31 52 53 58 70 71
 31 52 53 58 62 72
 31 52 53 58 62 70 71
 31 47 58 72
 31 47 58 70 71
 31 47 58 66 72
 31 47 58 66 70 71
 31 47 58 64 65 72
 31 47 58 64 65 70 71
 31 45 54 58 62
 31 45 53 54 58
 31 45 52 53 58
 31 45 52 53 58 62
 31 45 47 58
 31 45 47 58 66
 31 45 47 58 64 65
 31 45 46 58
 31 45 46 58 72
 31 45 46 58 70 71
 31 45 46 58 66
 31 45 46 58 66 72
 31 45 46 58 66 70 71
 31 45 46 58 64 65
 31 45 46 58 64 65 72
 31 45 46 58 64 65 70 71
 31 40 47 58 72
 31 40 47 58 70 71
 31 40 45 47 58
 31 40 45 46 58
 31 40 45 46 58 72
 31 40 45 46 58 70 71
 31 38 39 47 58 72
 31 38 39 47 58 70 71
 31 38 39 45 47 58
 31 38 39 45 46 58
 31 38 39 45 46 58 72
 31 38 39 45 46 58 70 71
 31 37 38 47 58 72
 31 37 38 47 58 70 71
 31 37 38 45 47 58
 31 37 38 45 46 58
 31 37 38 45 46 58 72
 31 37 38 45 46 58 70 71
 30 40 45 58
 30 40 45 58 72
 30 40 45 58 70 71
 30 40 45 56 57 58
 30 40 45 56 57 58 72
 30 40 45 56 57 58 70 71
 30 40 43 44 58 72
 30 40 43 44 58 70 71
 30 40 43 44 56 57 58 72
 30 40 43 44 56 57 58 70 71
 30 40 43 44 45 58
 30 40 43 44 45 56 57 58
 30 38 39 45 58
 30 38 39 45 58 72
 30 38 39 45 58 70 71
 30 38 39 45 56 57 58
 30 38 39 45 56 57 58 72
 30 38 39 45 56 57 58 70 71
 30 38 39 43 44 58 72
 30 38 39 43 44 58 70 71
 30 38 39 43 44 56 57 58 72
 30 38 39 43 44 56 57 58 70 71
 30 38 39 43 44 45 58
 30 38 39 43 44 45 56 57 58
 30 31 40 45 58
 30 31 40 45 58 72
 30 31 40 45 58 70 71
 30 31 40 43 44 58 72
 30 31 40 43 44 58 70 71
 30 31 40 43 44 45 58
 30 31 38 39 45 58
 30 31 38 39 45 58 72
 30 31 38 39 45 58 70 71
 30 31 38 39 43 44 58 72
 30 31 38 39 43 44 58 70 71
 30 31 38 39 43 44 45 58
 29 54 58 60 70
 29 54 58 60 68 69
 29 52 53 58 60 70
 29 52 53 58 60 68 69
 29 43 54 58 60
 29 43 52 53 58 60
 29 42 54 60 70
 29 42 54 60 68 69
 29 42 52 53 60 70
 29 42 52 53 60 68 69
 29 42 43 54 60
 29 42 43 52 53 60
 29 40 41 54 60 70
 29 40 41 54 60 68 69
 29 40 41 52 53 60 70
 29 40 41 52 53 60 68 69
 29 40 41 43 54 60
 29 40 41 43 52 53 60
 28 54 60 72
 28 54 60 70 71
 28 54 56 60 70
 28 54 56 60 68 69
 28 54 55 60 70
 28 54 55 60 68 69
 28 52 53 60 72
 28 52 53 60 70 71
 28 52 53 56 60 70
 28 52 53 56 60 68 69
 28 52 53 54 55 60 70
 28 52 53 54 55 60 68 69
 28 45 54 60
 28 45 52 53 60
 28 43 54 56 60
 28 43 54 55 60
 28 43 52 53 56 60
 28 43 52 53 54 55 60
 28 40 58 74
 28 40 58 72 73
 28 40 58 60
 28 40 58 59 60
 28 40 56 57 58 74
 28 40 56 57 58 72 73
 28 40 54 60 72
 28 40 54 60 70 71
 28 40 54 56 60 70
 28 40 54 56 60 68 69
 28 40 54 55 60 70
 28 40 54 55 60 68 69
 28 40 52 53 60 72
 28 40 52 53 60 70 71
 28 40 52 53 56 60 70
 28 40 52 53 56 60 68 69
 28 40 52 53 54 55 60 70
 28 40 52 53 54 55 60 68 69
 28 40 47 58 74
 28 40 47 58 72 73
 28 40 47 58 65
 28 40 47 58 63 64
 28 40 47 56 57 58 74
 28 40 47 56 57 58 72 73
 28 40 47 56 57 58 65
 28 40 47 56 57 58 63 64
 28 40 45 54 60
 28 40 45 52 53 60
 28 40 45 46 58 74
 28 40 45 46 58 72 73
 28 40 45 46 58 65
 28 40 45 46 58 63 64
 28 40 45 46 56 57 58 74
 28 40 45 46 56 57 58 72 73
 28 40 45 46 56 57 58 65
 28 40 45 46 56 57 58 63 64
 28 40 45 46 47 58
 28 40 45 46 47 56 57 58
 28 40 43 54 56 60
 28 40 43 54 55 60
 28 40 43 52 53 56 60
 28 40 43 52 53 54 55 60
 28 38 40 47 58
 28 38 40 47 56 57 58
 28 38 40 45 46 58
 28 38 40 45 46 56 57 58
 28 38 39 58 74
 28 38 39 58 72 73
 28 38 39 58 60
 28 38 39 58 59 60
 28 38 39 56 57 58 74
 28 38 39 56 57 58 72 73
 28 38 39 54 60 72
 28 38 39 54 60 70 71
 28 38 39 54 56 60 70
 28 38 39 54 56 60 68 69
 28 38 39 54 55 60 70
 28 38 39 54 55 60 68 69
 28 38 39 52 53 60 72
 28 38 39 52 53 60 70 71
 28 38 39 52 53 56 60 70
 28 38 39 52 53 56 60 68 69
 28 38 39 52 53 54 55 60 70
 28 38 39 52 53 54 55 60 68 69
 28 38 39 47 58
 28 38 39 47 58 74
 28 38 39 47 58 72 73
 28 38 39 47 58 65
 28 38 39 47 58 63 64
 28 38 39 47 56 57 58
 28 38 39 47 56 57 58 74
 28 38 39 47 56 57 58 72 73
 28 38 39 47 56 57 58 65
 28 38 39 47 56 57 58 63 64
 28 38 39 45 54 60
 28 38 39 45 52 53 60
 28 38 39 45 46 58
 28 38 39 45 46 58 74
 28 38 39 45 46 58 72 73
 28 38 39 45 46 58 65
 28 38 39 45 46 58 63 64
 28 38 39 45 46 56 57 58
 28 38 39 45 46 56 57 58 74
 28 38 39 45 46 56 57 58 72 73
 28 38 39 45 46 56 57 58 65
 28 38 39 45 46 56 57 58 63 64
 28 38 39 45 46 47 58
 28 38 39 45 46 47 56 57 58
 28 38 39 43 54 56 60
 28 38 39 43 54 55 60
 28 38 39 43 52 53 56 60
 28 38 39 43 52 53 54 55 60
 28 33 40 58 60
 28 33 38 39 58 60
 28 31 40 58 74
 28 31 40 58 72 73
 28 31 40 47 58 74
 28 31 40 47 58 72 73
 28 31 40 47 58 65
 28 31 40 47 58 63 64
 28 31 40 45 46 58 74
 28 31 40 45 46 58 72 73
 28 31 40 45 46 58 65
 28 31 40 45 46 58 63 64
 28 31 40 45 46 47 58
 28 31 38 40 47 58
 28 31 38 40 45 46 58
 28 31 38 39 58 74
 28 31 38 39 58 72 73
 28 31 38 39 47 58
 28 31 38 39 47 58 74
 28 31 38 39 47 58 72 73
 28 31 38 39 47 58 65
 28 31 38 39 47 58 63 64
 28 31 38 39 45 46 58
 28 31 38 39 45 46 58 74
 28 31 38 39 45 46 58 72 73
 28 31 38 39 45 46 58 65
 28 31 38 39 45 46 58 63 64
 28 31 38 39 45 46 47 58
 28 29 54 60 70
 28 29 54 60 68 69
 28 29 52 53 60 70
 28 29 52 53 60 68 69
 28 29 43 54 60
 28 29 43 52 53 60
 28 29 40 54 60 70
 28 29 40 54 60 68 69
 28 29 40 52 53 60 70
 28 29 40 52 53 60 68 69
 28 29 40 45 58
 28 29 40 45 58 72
 28 29 40 45 58 70 71
 28 29 40 45 56 57 58
 28 29 40 45 56 57 58 72
 28 29 40 45 56 57 58 70 71
 28 29 40 43 54 60
 28 29 40 43 52 53 60
 28 29 40 43 44 58 72
 28 29 40 43 44 58 70 71
 28 29 40 43 44 56 57 58 72
 28 29 40 43 44 56 57 58 70 71
 28 29 40 43 44 45 58
 28 29 40 43 44 45 56 57 58
 28 29 38 39 54 60 70
 28 29 38 39 54 60 68 69
 28 29 38 39 52 53 60 70
 28 29 38 39 52 53 60 68 69
 28 29 38 39 45 58
 28 29 38 39 45 58 72
 28 29 38 39 45 58 70 71
 28 29 38 39 45 56 57 58
 28 29 38 39 45 56 57 58 72
 28 29 38 39 45 56 57 58 70 71
 28 29 38 39 43 54 60
 28 29 38 39 43 52 53 60
 28 29 38 39 43 44 58 72
 28 29 38 39 43 44 58 70 71
 28 29 38 39 43 44 56 57 58 72
 28 29 38 39 43 44 56 57 58 70 71
 28 29 38 39 43 44 45 58
 28 29 38 39 43 44 45 56 57 58
 28 29 31 40 45 58
 28 29 31 40 45 58 72
 28 29 31 40 45 58 70 71
 28 29 31 40 43 44 58 72
 28 29 31 40 43 44 58 70 71
 28 29 31 40 43 44 45 58
 28 29 31 38 39 45 58
 28 29 31 38 39 45 58 72
 28 29 31 38 39 45 58 70 71
 28 29 31 38 39 43 44 58 72
 28 29 31 38 39 43 44 58 70 71
 28 29 31 38 39 43 44 45 58
 27 58 62
 27 58 62 72
 27 58 62 70 71
 27 58 60 72
 27 58 60 70 71
 27 56 58 60 70
 27 56 58 60 68 69
 27 56 57 58 62 72
 27 56 57 58 62 70 71
 27 54 55 58 60 70
 27 54 55 58 60 68 69
 27 53 58
 27 53 58 72
 27 53 58 70 71
 27 53 56 57 58 72
 27 53 56 57 58 70 71
 27 45 58 62
 27 45 58 60
 27 45 56 57 58 62
 27 45 53 58
 27 45 53 56 57 58
 27 43 56 58 60
 27 43 54 55 58 60
 27 42 60 72
 27 42 60 70 71
 27 42 56 60 70
 27 42 56 60 68 69
 27 42 54 55 60 70
 27 42 54 55 60 68 69
 27 42 45 60
 27 42 43 56 60
 27 42 43 54 55 60
 27 40 58 60
 27 40 41 60 72
 27 40 41 60 70 71
 27 40 41 56 60 70
 27 40 41 56 60 68 69
 27 40 41 54 55 60 70
 27 40 41 54 55 60 68 69
 27 40 41 45 60
 27 40 41 43 56 60
 27 40 41 43 54 55 60
 27 38 39 58 60
 27 31 58 62 72
 27 31 58 62 70 71
 27 31 53 58 72
 27 31 53 58 70 71
 27 31 45 58 62
 27 31 45 53 58
 27 29 58 60 70
 27 29 58 60 68 69
 27 29 43 58 60
 27 29 42 60 70
 27 29 42 60 68 69
 27 29 42 43 60
 27 29 40 41 60 70
 27 29 40 41 60 68 69
 27 29 40 41 43 60
 27 28 60 72
 27 28 60 70 71
 27 28 56 60 70
 27 28 56 60 68 69
 27 28 54 55 60 70
 27 28 54 55 60 68 69
 27 28 45 60
 27 28 43 56 60
 27 28 43 54 55 60
 27 28 40 60 72
 27 28 40 60 70 71
 27 28 40 56 60 70
 27 28 40 56 60 68 69
 27 28 40 54 55 60 70
 27 28 40 54 55 60 68 69
 27 28 40 45 60
 27 28 40 43 56 60
 27 28 40 43 54 55 60
 27 28 38 39 60 72
 27 28 38 39 60 70 71
 27 28 38 39 56 60 70
 27 28 38 39 56 60 68 69
 27 28 38 39 54 55 60 70
 27 28 38 39 54 55 60 68 69
 27 28 38 39 45 60
 27 28 38 39 43 56 60
 27 28 38 39 43 54 55 60
 27 28 29 60 70
 27 28 29 60 68 69
 27 28 29 43 60
 27 28 29 40 60 70
 27 28 29 40 60 68 69
 27 28 29 40 43 60
 27 28 29 38 39 60 70
 27 28 29 38 39 60 68 69
 27 28 29 38 39 43 60
 26 27 60 72
 26 27 60 70 71
 26 27 56 60 70
 26 27 56 60 68 69
 26 27 54 60 72
 26 27 54 60 70 71
 26 27 54 56 60 70
 26 27 54 56 60 68 69
 26 27 52 53 60 72
 26 27 52 53 60 70 71
 26 27 52 53 56 60 70
 26 27 52 53 56 60 68 69
 26 27 52 53 54 55 60 70
 26 27 52 53 54 55 60 68 69
 26 27 45 60
 26 27 45 54 60
 26 27 45 52 53 60
 26 27 43 56 60
 26 27 43 54 56 60
 26 27 43 52 53 56 60
 26 27 43 52 53 54 55 60
 26 27 40 60 72
 26 27 40 60 70 71
 26 27 40 58 74
 26 27 40 58 72 73
 26 27 40 58 60
 26 27 40 58 59 60
 26 27 40 56 60 70
 26 27 40 56 60 68 69
 26 27 40 56 57 58 74
 26 27 40 56 57 58 72 73
 26 27 40 54 60 72
 26 27 40 54 60 70 71
 26 27 40 54 56 60 70
 26 27 40 54 56 60 68 69
 26 27 40 52 53 60 72
 26 27 40 52 53 60 70 71
 26 27 40 52 53 56 60 70
 26 27 40 52 53 56 60 68 69
 26 27 40 52 53 54 55 60 70
 26 27 40 52 53 54 55 60 68 69
 26 27 40 47 58 74
 26 27 40 47 58 72 73
 26 27 40 47 58 65
 26 27 40 47 58 63 64
 26 27 40 47 56 57 58 74
 26 27 40 47 56 57 58 72 73
 26 27 40 47 56 57 58 65
 26 27 40 47 56 57 58 63 64
 26 27 40 45 60
 26 27 40 45 54 60
 26 27 40 45 52 53 60
 26 27 40 45 46 58 74
 26 27 40 45 46 58 72 73
 26 27 40 45 46 58 65
 26 27 40 45 46 58 63 64
 26 27 40 45 46 56 57 58 74
 26 27 40 45 46 56 57 58 72 73
 26 27 40 45 46 56 57 58 65
 26 27 40 45 46 56 57 58 63 64
 26 27 40 45 46 47 58
 26 27 40 45 46 47 56 57 58
 26 27 40 43 56 60
 26 27 40 43 54 56 60
 26 27 40 43 52 53 56 60
 26 27 40 43 52 53 54 55 60
 26 27 38 40 47 58
 26 27 38 40 47 56 57 58
 26 27 38 40 45 46 58
 26 27 38 40 45 46 56 57 58
 26 27 38 39 60 72
 26 27 38 39 60 70 71
 26 27 38 39 58 74
 26 27 38 39 58 72 73
 26 27 38 39 58 60
 26 27 38 39 58 59 60
 26 27 38 39 56 60 70
 26 27 38 39 56 60 68 69
 26 27 38 39 56 57 58 74
 26 27 38 39 56 57 58 72 73
 26 27 38 39 54 60 72
 26 27 38 39 54 60 70 71
 26 27 38 39 54 56 60 70
 26 27 38 39 54 56 60 68 69
 26 27 38 39 52 53 60 72
 26 27 38 39 52 53 60 70 71
 26 27 38 39 52 53 56 60 70
 26 27 38 39 52 53 56 60 68 69
 26 27 38 39 52 53 54 55 60 70
 26 27 38 39 52 53 54 55 60 68 69
 26 27 38 39 47 58
 26 27 38 39 47 58 74
 26 27 38 39 47 58 72 73
 26 27 38 39 47 58 65
 26 27 38 39 47 58 63 64
 26 27 38 39 47 56 57 58
 26 27 38 39 47 56 57 58 74
 26 27 38 39 47 56 57 58 72 73
 26 27 38 39 47 56 57 58 65
 26 27 38 39 47 56 57 58 63 64
 26 27 38 39 45 60
 26 27 38 39 45 54 60
 26 27 38 39 45 52 53 60
 26 27 38 39 45 46 58
 26 27 38 39 45 46 58 74
 26 27 38 39 45 46 58 72 73
 26 27 38 39 45 46 58 65
 26 27 38 39 45 46 58 63 64
 26 27 38 39 45 46 56 57 58
 26 27 38 39 45 46 56 57 58 74
 26 27 38 39 45 46 56 57 58 72 73
 26 27 38 39 45 46 56 57 58 65
 26 27 38 39 45 46 56 57 58 63 64
 26 27 38 39 45 46 47 58
 26 27 38 39 45 46 47 56 57 58
 26 27 38 39 43 56 60
 26 27 38 39 43 54 56 60
 26 27 38 39 43 52 53 56 60
 26 27 38 39 43 52 53 54 55 60
 26 27 33 40 58 60
 26 27 33 38 39 58 60
 26 27 31 40 58 74
 26 27 31 40 58 72 73
 26 27 31 40 47 58 74
 26 27 31 40 47 58 72 73
 26 27 31 40 47 58 65
 26 27 31 40 47 58 63 64
 26 27 31 40 45 46 58 74
 26 27 31 40 45 46 58 72 73
 26 27 31 40 45 46 58 65
 26 27 31 40 45 46 58 63 64
 26 27 31 40 45 46 47 58
 26 27 31 38 40 47 58
 26 27 31 38 40 45 46 58
 26 27 31 38 39 58 74
 26 27 31 38 39 58 72 73
 26 27 31 38 39 47 58
 26 27 31 38 39 47 58 74
 26 27 31 38 39 47 58 72 73
 26 27 31 38 39 47 58 65
 26 27 31 38 39 47 58 63 64
 26 27 31 38 39 45 46 58
 26 27 31 38 39 45 46 58 74
 26 27 31 38 39 45 46 58 72 73
 26 27 31 38 39 45 46 58 65
 26 27 31 38 39 45 46 58 63 64
 26 27 31 38 39 45 46 47 58
 26 27 29 60 70
 26 27 29 60 68 69
 26 27 29 54 60 70
 26 27 29 54 60 68 69
 26 27 29 52 53 60 70
 26 27 29 52 53 60 68 69
 26 27 29 43 60
 26 27 29 43 54 60
 26 27 29 43 52 53 60
 26 27 29 40 60 70
 26 27 29 40 60 68 69
 26 27 29 40 54 60 70
 26 27 29 40 54 60 68 69
 26 27 29 40 52 53 60 70
 26 27 29 40 52 53 60 68 69
 26 27 29 40 43 60
 26 27 29 40 43 54 60
 26 27 29 40 43 52 53 60
 26 27 29 38 39 60 70
 26 27 29 38 39 60 68 69
 26 27 29 38 39 54 60 70
 26 27 29 38 39 54 60 68 69
 26 27 29 38 39 52 53 60 70
 26 27 29 38 39 52 53 60 68 69
 26 27 29 38 39 43 60
 26 27 29 38 39 43 54 60
 26 27 29 38 39 43 52 53 60
 20 58 72
 20 58 70 71
 20 58 66 72
 20 58 66 70 71
 20 58 64 65 72
 20 58 64 65 70 71
 20 56 57 58 72
 20 56 57 58 70 71
 20 56 57 58 66 72
 20 56 57 58 66 70 71
 20 56 57 58 64 65 72
 20 56 57 58 64 65 70 71
 20 45 58
 20 45 58 66
 20 45 58 64 65
 20 45 56 57 58
 20 45 56 57 58 66
 20 45 56 57 58 64 65
 20 40 58 72
 20 40 58 70 71
 20 40 56 57 58 72
 20 40 56 57 58 70 71
 20 40 45 58
 20 40 45 56 57 58
 20 38 39 58 72
 20 38 39 58 70 71
 20 38 39 56 57 58 72
 20 38 39 56 57 58 70 71
 20 38 39 45 58
 20 38 39 45 56 57 58
 20 37 38 58 72
 20 37 38 58 70 71
 20 37 38 56 57 58 72
 20 37 38 56 57 58 70 71
 20 37 38 45 58
 20 37 38 45 56 57 58
 20 31 58 72
 20 31 58 70 71
 20 31 58 66 72
 20 31 58 66 70 71
 20 31 58 64 65 72
 20 31 58 64 65 70 71
 20 31 45 58
 20 31 45 58 66
 20 31 45 58 64 65
 20 31 40 58 72
 20 31 40 58 70 71
 20 31 40 45 58
 20 31 38 39 58 72
 20 31 38 39 58 70 71
 20 31 38 39 45 58
 20 31 37 38 58 72
 20 31 37 38 58 70 71
 20 31 37 38 45 58
 20 28 40 58 74
 20 28 40 58 72 73
 20 28 40 58 65
 20 28 40 58 63 64
 20 28 40 56 57 58 74
 20 28 40 56 57 58 72 73
 20 28 40 56 57 58 65
 20 28 40 56 57 58 63 64
 20 28 40 47 58
 20 28 40 47 56 57 58
 20 28 38 40 58
 20 28 38 40 56 57 58
 20 28 38 39 58
 20 28 38 39 58 74
 20 28 38 39 58 72 73
 20 28 38 39 58 65
 20 28 38 39 58 63 64
 20 28 38 39 56 57 58
 20 28 38 39 56 57 58 74
 20 28 38 39 56 57 58 72 73
 20 28 38 39 56 57 58 65
 20 28 38 39 56 57 58 63 64
 20 28 38 39 47 58
 20 28 38 39 47 56 57 58
 20 28 31 40 58 74
 20 28 31 40 58 72 73
 20 28 31 40 58 65
 20 28 31 40 58 63 64
 20 28 31 40 47 58
 20 28 31 38 40 58
 20 28 31 38 39 58
 20 28 31 38 39 58 74
 20 28 31 38 39 58 72 73
 20 28 31 38 39 58 65
 20 28 31 38 39 58 63 64
 20 28 31 38 39 47 58
 20 26 27 40 58 74
 20 26 27 40 58 72 73
 20 26 27 40 58 65
 20 26 27 40 58 63 64
 20 26 27 40 56 57 58 74
 20 26 27 40 56 57 58 72 73
 20 26 27 40 56 57 58 65
 20 26 27 40 56 57 58 63 64
 20 26 27 40 47 58
 20 26 27 40 47 56 57 58
 20 26 27 38 40 58
 20 26 27 38 40 56 57 58
 20 26 27 38 39 58
 20 26 27 38 39 58 74
 20 26 27 38 39 58 72 73
 20 26 27 38 39 58 65
 20 26 27 38 39 58 63 64
 20 26 27 38 39 56 57 58
 20 26 27 38 39 56 57 58 74
 20 26 27 38 39 56 57 58 72 73
 20 26 27 38 39 56 57 58 65
 20 26 27 38 39 56 57 58 63 64
 20 26 27 38 39 47 58
 20 26 27 38 39 47 56 57 58
 20 26 27 31 40 58 74
 20 26 27 31 40 58 72 73
 20 26 27 31 40 58 65
 20 26 27 31 40 58 63 64
 20 26 27 31 40 47 58
 20 26 27 31 38 40 58
 20 26 27 31 38 39 58
 20 26 27 31 38 39 58 74
 20 26 27 31 38 39 58 72 73
 20 26 27 31 38 39 58 65
 20 26 27 31 38 39 58 63 64
 20 26 27 31 38 39 47 58
 18 30 40 58 72
 18 30 40 58 70 71
 18 30 40 56 57 58 72
 18 30 40 56 57 58 70 71
 18 30 40 45 58
 18 30 40 45 56 57 58
 18 30 38 39 58 72
 18 30 38 39 58 70 71
 18 30 38 39 56 57 58 72
 18 30 38 39 56 57 58 70 71
 18 30 38 39 45 58
 18 30 38 39 45 56 57 58
 18 30 31 40 58 72
 18 30 31 40 58 70 71
 18 30 31 40 45 58
 18 30 31 38 39 58 72
 18 30 31 38 39 58 70 71
 18 30 31 38 39 45 58
 18 28 29 40 58 72
 18 28 29 40 58 70 71
 18 28 29 40 56 57 58 72
 18 28 29 40 56 57 58 70 71
 18 28 29 40 45 58
 18 28 29 40 45 56 57 58
 18 28 29 38 39 58 72
 18 28 29 38 39 58 70 71
 18 28 29 38 39 56 57 58 72
 18 28 29 38 39 56 57 58 70 71
 18 28 29 38 39 45 58
 18 28 29 38 39 45 56 57 58
 18 28 29 31 40 58 72
 18 28 29 31 40 58 70 71
 18 28 29 31 40 45 58
 18 28 29 31 38 39 58 72
 18 28 29 31 38 39 58 70 71
 18 28 29 31 38 39 45 58
 15 54 60 72
 15 54 60 70 71
 15 54 56 60 70
 15 54 56 60 68 69
 15 54 55 60 70
 15 54 55 60 68 69
 15 52 53 60 72
 15 52 53 60 70 71
 15 52 53 56 60 70
 15 52 53 56 60 68 69
 15 52 53 54 55 60 70
 15 52 53 54 55 60 68 69
 15 45 54 60
 15 45 52 53 60
 15 43 54 56 60
 15 43 54 55 60
 15 43 52 53 56 60
 15 43 52 53 54 55 60
 15 29 54 60 70
 15 29 54 60 68 69
 15 29 52 53 60 70
 15 29 52 53 60 68 69
 15 29 43 54 60
 15 29 43 52 53 60
 15 27 60 72
 15 27 60 70 71
 15 27 56 60 70
 15 27 56 60 68 69
 15 27 54 55 60 70
 15 27 54 55 60 68 69
 15 27 45 60
 15 27 43 56 60
 15 27 43 54 55 60
 15 27 29 60 70
 15 27 29 60 68 69
 15 27 29 43 60
 13 58 60
 13 58 59 60
 13 54 58 60
 13 52 53 58 60
 13 47 58 72
 13 47 58 70 71
 13 47 56 57 58 72
 13 47 56 57 58 70 71
 13 45 47 58
 13 45 47 56 57 58
 13 45 46 58
 13 45 46 58 72
 13 45 46 58 70 71
 13 45 46 56 57 58
 13 45 46 56 57 58 72
 13 45 46 56 57 58 70 71
 13 33 58 60
 13 31 47 58 72
 13 31 47 58 70 71
 13 31 45 47 58
 13 31 45 46 58
 13 31 45 46 58 72
 13 31 45 46 58 70 71
 13 30 45 58
 13 30 45 58 72
 13 30 45 58 70 71
 13 30 45 56 57 58
 13 30 45 56 57 58 72
 13 30 45 56 57 58 70 71
 13 30 43 44 58 72
 13 30 43 44 58 70 71
 13 30 43 44 56 57 58 72
 13 30 43 44 56 57 58 70 71
 13 30 43 44 45 58
 13 30 43 44 45 56 57 58
 13 30 31 45 58
 13 30 31 45 58 72
 13 30 31 45 58 70 71
 13 30 31 43 44 58 72
 13 30 31 43 44 58 70 71
 13 30 31 43 44 45 58
 13 28 58 74
 13 28 58 72 73
 13 28 58 60
 13 28 58 59 60
 13 28 56 57 58 74
 13 28 56 57 58 72 73
 13 28 54 60 72
 13 28 54 60 70 71
 13 28 54 56 60 70
 13 28 54 56 60 68 69
 13 28 54 55 60 70
 13 28 54 55 60 68 69
 13 28 52 53 60 72
 13 28 52 53 60 70 71
 13 28 52 53 56 60 70
 13 28 52 53 56 60 68 69
 13 28 52 53 54 55 60 70
 13 28 52 53 54 55 60 68 69
 13 28 47 58 74
 13 28 47 58 72 73
 13 28 47 58 65
 13 28 47 58 63 64
 13 28 47 56 57 58 74
 13 28 47 56 57 58 72 73
 13 28 47 56 57 58 65
 13 28 47 56 57 58 63 64
 13 28 45 54 60
 13 28 45 52 53 60
 13 28 45 46 58 74
 13 28 45 46 58 72 73
 13 28 45 46 58 65
 13 28 45 46 58 63 64
 13 28 45 46 56 57 58 74
 13 28 45 46 56 57 58 72 73
 13 28 45 46 56 57 58 65
 13 28 45 46 56 57 58 63 64
 13 28 45 46 47 58
 13 28 45 46 47 56 57 58
 13 28 43 54 56 60
 13 28 43 54 55 60
 13 28 43 52 53 56 60
 13 28 43 52 53 54 55 60
 13 28 38 47 58
 13 28 38 47 56 57 58
 13 28 38 45 46 58
 13 28 38 45 46 56 57 58
 13 28 33 58 60
 13 28 31 58 74
 13 28 31 58 72 73
 13 28 31 47 58 74
 13 28 31 47 58 72 73
 13 28 31 47 58 65
 13 28 31 47 58 63 64
 13 28 31 45 46 58 74
 13 28 31 45 46 58 72 73
 13 28 31 45 46 58 65
 13 28 31 45 46 58 63 64
 13 28 31 45 46 47 58
 13 28 31 38 47 58
 13 28 31 38 45 46 58
 13 28 29 54 60 70
 13 28 29 54 60 68 69
 13 28 29 52 53 60 70
 13 28 29 52 53 60 68 69
 13 28 29 45 58
 13 28 29 45 58 72
 13 28 29 45 58 70 71
 13 28 29 45 56 57 58
 13 28 29 45 56 57 58 72
 13 28 29 45 56 57 58 70 71
 13 28 29 43 54 60
 13 28 29 43 52 53 60
 13 28 29 43 44 58 72
 13 28 29 43 44 58 70 71
 13 28 29 43 44 56 57 58 72
 13 28 29 43 44 56 57 58 70 71
 13 28 29 43 44 45 58
 13 28 29 43 44 45 56 57 58
 13 28 29 31 45 58
 13 28 29 31 45 58 72
 13 28 29 31 45 58 70 71
 13 28 29 31 43 44 58 72
 13 28 29 31 43 44 58 70 71
 13 28 29 31 43 44 45 58
 13 27 58 60
 13 27 28 60 72
 13 27 28 60 70 71
 13 27 28 56 60 70
 13 27 28 56 60 68 69
 13 27 28 54 55 60 70
 13 27 28 54 55 60 68 69
 13 27 28 45 60
 13 27 28 43 56 60
 13 27 28 43 54 55 60
 13 27 28 29 60 70
 13 27 28 29 60 68 69
 13 27 28 29 43 60
 13 26 27 60 72
 13 26 27 60 70 71
 13 26 27 58 74
 13 26 27 58 72 73
 13 26 27 58 60
 13 26 27 58 59 60
 13 26 27 56 60 70
 13 26 27 56 60 68 69
 13 26 27 56 57 58 74
 13 26 27 56 57 58 72 73
 13 26 27 54 60 72
 13 26 27 54 60 70 71
 13 26 27 54 56 60 70
 13 26 27 54 56 60 68 69
 13 26 27 52 53 60 72
 13 26 27 52 53 60 70 71
 13 26 27 52 53 56 60 70
 13 26 27 52 53 56 60 68 69
 13 26 27 52 53 54 55 60 70
 13 26 27 52 53 54 55 60 68 69
 13 26 27 47 58 74
 13 26 27 47 58 72 73
 13 26 27 47 58 65
 13 26 27 47 58 63 64
 13 26 27 47 56 57 58 74
 13 26 27 47 56 57 58 72 73
 13 26 27 47 56 57 58 65
 13 26 27 47 56 57 58 63 64
 13 26 27 45 60
 13 26 27 45 54 60
 13 26 27 45 52 53 60
 13 26 27 45 46 58 74
 13 26 27 45 46 58 72 73
 13 26 27 45 46 58 65
 13 26 27 45 46 58 63 64
 13 26 27 45 46 56 57 58 74
 13 26 27 45 46 56 57 58 72 73
 13 26 27 45 46 56 57 58 65
 13 26 27 45 46 56 57 58 63 64
 13 26 27 45 46 47 58
 13 26 27 45 46 47 56 57 58
 13 26 27 43 56 60
 13 26 27 43 54 56 60
 13 26 27 43 52 53 56 60
 13 26 27 43 52 53 54 55 60
 13 26 27 38 47 58
 13 26 27 38 47 56 57 58
 13 26 27 38 45 46 58
 13 26 27 38 45 46 56 57 58
 13 26 27 33 58 60
 13 26 27 31 58 74
 13 26 27 31 58 72 73
 13 26 27 31 47 58 74
 13 26 27 31 47 58 72 73
 13 26 27 31 47 58 65
 13 26 27 31 47 58 63 64
 13 26 27 31 45 46 58 74
 13 26 27 31 45 46 58 72 73
 13 26 27 31 45 46 58 65
 13 26 27 31 45 46 58 63 64
 13 26 27 31 45 46 47 58
 13 26 27 31 38 47 58
 13 26 27 31 38 45 46 58
 13 26 27 29 60 70
 13 26 27 29 60 68 69
 13 26 27 29 54 60 70
 13 26 27 29 54 60 68 69
 13 26 27 29 52 53 60 70
 13 26 27 29 52 53 60 68 69
 13 26 27 29 43 60
 13 26 27 29 43 54 60
 13 26 27 29 43 52 53 60
 13 20 58 72
 13 20 58 70 71
 13 20 56 57 58 72
 13 20 56 57 58 70 71
 13 20 45 58
 13 20 45 56 57 58
 13 20 31 58 72
 13 20 31 58 70 71
 13 20 31 45 58
 13 20 28 58 74
 13 20 28 58 72 73
 13 20 28 58 65
 13 20 28 58 63 64
 13 20 28 56 57 58 74
 13 20 28 56 57 58 72 73
 13 20 28 56 57 58 65
 13 20 28 56 57 58 63 64
 13 20 28 47 58
 13 20 28 47 56 57 58
 13 20 28 38 58
 13 20 28 38 56 57 58
 13 20 28 31 58 74
 13 20 28 31 58 72 73
 13 20 28 31 58 65
 13 20 28 31 58 63 64
 13 20 28 31 47 58
 13 20 28 31 38 58
 13 20 26 27 58 74
 13 20 26 27 58 72 73
 13 20 26 27 58 65
 13 20 26 27 58 63 64
 13 20 26 27 56 57 58 74
 13 20 26 27 56 57 58 72 73
 13 20 26 27 56 57 58 65
 13 20 26 27 56 57 58 63 64
 13 20 26 27 47 58
 13 20 26 27 47 56 57 58
 13 20 26 27 38 58
 13 20 26 27 38 56 57 58
 13 20 26 27 31 58 74
 13 20 26 27 31 58 72 73
 13 20 26 27 31 58 65
 13 20 26 27 31 58 63 64
 13 20 26 27 31 47 58
 13 20 26 27 31 38 58
 13 18 30 58 72
 13 18 30 58 70 71
 13 18 30 56 57 58 72
 13 18 30 56 57 58 70 71
 13 18 30 45 58
 13 18 30 45 56 57 58
 13 18 30 31 58 72
 13 18 30 31 58 70 71
 13 18 30 31 45 58
 13 18 28 29 58 72
 13 18 28 29 58 70 71
 13 18 28 29 56 57 58 72
 13 18 28 29 56 57 58 70 71
 13 18 28 29 45 58
 13 18 28 29 45 56 57 58
 13 18 28 29 31 58 72
 13 18 28 29 31 58 70 71
 13 18 28 29 31 45 58
 12 47 58 72
 12 47 58 70 71
 12 47 56 57 58 72
 12 47 56 57 58 70 71
 12 45 47 58
 12 45 47 56 57 58
 12 45 46 58
 12 45 46 58 72
 12 45 46 58 70 71
 12 45 46 56 57 58
 12 45 46 56 57 58 72
 12 45 46 56 57 58 70 71
 12 31 47 58 72
 12 31 47 58 70 71
 12 31 45 47 58
 12 31 45 46 58
 12 31 45 46 58 72
 12 31 45 46 58 70 71
 12 20 58 72
 12 20 58 70 71
 12 20 56 57 58 72
 12 20 56 57 58 70 71
 12 20 45 58
 12 20 45 56 57 58
 12 20 31 58 72
 12 20 31 58 70 71
 12 20 31 45 58
 11 54 58
 11 54 58 72
 11 54 58 70 71
 11 54 56 57 58 72
 11 54 56 57 58 70 71
 11 52 53 58
 11 52 53 58 72
 11 52 53 58 70 71
 11 52 53 56 57 58 72
 11 52 53 56 57 58 70 71
 11 45 54 58
 11 45 54 56 57 58
 11 45 52 53 58
 11 45 52 53 56 57 58
 11 31 54 58 72
 11 31 54 58 70 71
 11 31 52 53 58 72
 11 31 52 53 58 70 71
 11 31 45 54 58
 11 31 45 52 53 58
 11 27 58
 11 27 58 72
 11 27 58 70 71
 11 27 56 57 58 72
 11 27 56 57 58 70 71
 11 27 45 58
 11 27 45 56 57 58
 11 27 31 58 72
 11 27 31 58 70 71
 11 27 31 45 58
 9 10 54 58
 9 10 54 58 72
 9 10 54 58 70 71
 9 10 54 56 57 58 72
 9 10 54 56 57 58 70 71
 9 10 52 53 58
 9 10 52 53 58 72
 9 10 52 53 58 70 71
 9 10 52 53 56 57 58 72
 9 10 52 53 56 57 58 70 71
 9 10 45 54 58
 9 10 45 54 56 57 58
 9 10 45 52 53 58
 9 10 45 52 53 56 57 58
 9 10 31 54 58 72
 9 10 31 54 58 70 71
 9 10 31 52 53 58 72
 9 10 31 52 53 58 70 71
 9 10 31 45 54 58
 9 10 31 45 52 53 58
 9 10 27 58
 9 10 27 58 72
 9 10 27 58 70 71
 9 10 27 56 57 58 72
 9 10 27 56 57 58 70 71
 9 10 27 45 58
 9 10 27 45 56 57 58
 9 10 27 31 58 72
 9 10 27 31 58 70 71
 9 10 27 31 45 58
 3 40 45 58
 3 40 45 58 72
 3 40 45 58 70 71
 3 40 45 56 57 58
 3 40 45 56 57 58 72
 3 40 45 56 57 58 70 71
 3 40 43 44 58 72
 3 40 43 44 58 70 71
 3 40 43 44 56 57 58 72
 3 40 43 44 56 57 58 70 71
 3 40 43 44 45 58
 3 40 43 44 45 56 57 58
 3 38 39 45 58
 3 38 39 45 58 72
 3 38 39 45 58 70 71
 3 38 39 45 56 57 58
 3 38 39 45 56 57 58 72
 3 38 39 45 56 57 58 70 71
 3 38 39 43 44 58 72
 3 38 39 43 44 58 70 71
 3 38 39 43 44 56 57 58 72
 3 38 39 43 44 56 57 58 70 71
 3 38 39 43 44 45 58
 3 38 39 43 44 45 56 57 58
 3 31 40 45 58
 3 31 40 45 58 72
 3 31 40 45 58 70 71
 3 31 40 43 44 58 72
 3 31 40 43 44 58 70 71
 3 31 40 43 44 45 58
 3 31 38 39 45 58
 3 31 38 39 45 58 72
 3 31 38 39 45 58 70 71
 3 31 38 39 43 44 58 72
 3 31 38 39 43 44 58 70 71
 3 31 38 39 43 44 45 58
 3 18 40 58 72
 3 18 40 58 70 71
 3 18 40 56 57 58 72
 3 18 40 56 57 58 70 71
 3 18 40 45 58
 3 18 40 45 56 57 58
 3 18 38 39 58 72
 3 18 38 39 58 70 71
 3 18 38 39 56 57 58 72
 3 18 38 39 56 57 58 70 71
 3 18 38 39 45 58
 3 18 38 39 45 56 57 58
 3 18 31 40 58 72
 3 18 31 40 58 70 71
 3 18 31 40 45 58
 3 18 31 38 39 58 72
 3 18 31 38 39 58 70 71
 3 18 31 38 39 45 58
 3 13 45 58
 3 13 45 58 72
 3 13 45 58 70 71
 3 13 45 56 57 58
 3 13 45 56 57 58 72
 3 13 45 56 57 58 70 71
 3 13 43 44 58 72
 3 13 43 44 58 70 71
 3 13 43 44 56 57 58 72
 3 13 43 44 56 57 58 70 71
 3 13 43 44 45 58
 3 13 43 44 45 56 57 58
 3 13 31 45 58
 3 13 31 45 58 72
 3 13 31 45 58 70 71
 3 13 31 43 44 58 72
 3 13 31 43 44 58 70 71
 3 13 31 43 44 45 58
 3 13 18 58 72
 3 13 18 58 70 71
 3 13 18 56 57 58 72
 3 13 18 56 57 58 70 71
 3 13 18 45 58
 3 13 18 45 56 57 58
 3 13 18 31 58 72
 3 13 18 31 58 70 71
 3 13 18 31 45 58
 1 54 60 72
 1 54 60 70 71
 1 54 56 60 70
 1 54 56 60 68 69
 1 54 55 60 70
 1 54 55 60 68 69
 1 52 53 60 72
 1 52 53 60 70 71
 1 52 53 56 60 70
 1 52 53 56 60 68 69
 1 52 53 54 55 60 70
 1 52 53 54 55 60 68 69
 1 45 54 60
 1 45 52 53 60
 1 43 54 56 60
 1 43 54 55 60
 1 43 52 53 56 60
 1 43 52 53 54 55 60
 1 40 58 74
 1 40 58 72 73
 1 40 58 60
 1 40 58 59 60
 1 40 56 57 58 74
 1 40 56 57 58 72 73
 1 40 54 60 72
 1 40 54 60 70 71
 1 40 54 56 60 70
 1 40 54 56 60 68 69
 1 40 54 55 60 70
 1 40 54 55 60 68 69
 1 40 52 53 60 72
 1 40 52 53 60 70 71
 1 40 52 53 56 60 70
 1 40 52 53 56 60 68 69
 1 40 52 53 54 55 60 70
 1 40 52 53 54 55 60 68 69
 1 40 47 58 74
 1 40 47 58 72 73
 1 40 47 58 65
 1 40 47 58 63 64
 1 40 47 56 57 58 74
 1 40 47 56 57 58 72 73
 1 40 47 56 57 58 65
 1 40 47 56 57 58 63 64
 1 40 45 54 60
 1 40 45 52 53 60
 1 40 45 46 58 74
 1 40 45 46 58 72 73
 1 40 45 46 58 65
 1 40 45 46 58 63 64
 1 40 45 46 56 57 58 74
 1 40 45 46 56 57 58 72 73
 1 40 45 46 56 57 58 65
 1 40 45 46 56 57 58 63 64
 1 40 45 46 47 58
 1 40 45 46 47 56 57 58
 1 40 43 54 56 60
 1 40 43 54 55 60
 1 40 43 52 53 56 60
 1 40 43 52 53 54 55 60
 1 38 40 47 58
 1 38 40 47 56 57 58
 1 38 40 45 46 58
 1 38 40 45 46 56 57 58
 1 38 39 58 74
 1 38 39 58 72 73
 1 38 39 58 60
 1 38 39 58 59 60
 1 38 39 56 57 58 74
 1 38 39 56 57 58 72 73
 1 38 39 54 60 72
 1 38 39 54 60 70 71
 1 38 39 54 56 60 70
 1 38 39 54 56 60 68 69
 1 38 39 54 55 60 70
 1 38 39 54 55 60 68 69
 1 38 39 52 53 60 72
 1 38 39 52 53 60 70 71
 1 38 39 52 53 56 60 70
 1 38 39 52 53 56 60 68 69
 1 38 39 52 53 54 55 60 70
 1 38 39 52 53 54 55 60 68 69
 1 38 39 47 58
 1 38 39 47 58 74
 1 38 39 47 58 72 73
 1 38 39 47 58 65
 1 38 39 47 58 63 64
 1 38 39 47 56 57 58
 1 38 39 47 56 57 58 74
 1 38 39 47 56 57 58 72 73
 1 38 39 47 56 57 58 65
 1 38 39 47 56 57 58 63 64
 1 38 39 45 54 60
 1 38 39 45 52 53 60
 1 38 39 45 46 58
 1 38 39 45 46 58 74
 1 38 39 45 46 58 72 73
 1 38 39 45 46 58 65
 1 38 39 45 46 58 63 64
 1 38 39 45 46 56 57 58
 1 38 39 45 46 56 57 58 74
 1 38 39 45 46 56 57 58 72 73
 1 38 39 45 46 56 57 58 65
 1 38 39 45 46 56 57 58 63 64
 1 38 39 45 46 47 58
 1 38 39 45 46 47 56 57 58
 1 38 39 43 54 56 60
 1 38 39 43 54 55 60
 1 38 39 43 52 53 56 60
 1 38 39 43 52 53 54 55 60
 1 33 40 58 60
 1 33 38 39 58 60
 1 31 40 58 74
 1 31 40 58 72 73
 1 31 40 47 58 74
 1 31 40 47 58 72 73
 1 31 40 47 58 65
 1 31 40 47 58 63 64
 1 31 40 45 46 58 74
 1 31 40 45 46 58 72 73
 1 31 40 45 46 58 65
 1 31 40 45 46 58 63 64
 1 31 40 45 46 47 58
 1 31 38 40 47 58
 1 31 38 40 45 46 58
 1 31 38 39 58 74
 1 31 38 39 58 72 73
 1 31 38 39 47 58
 1 31 38 39 47 58 74
 1 31 38 39 47 58 72 73
 1 31 38 39 47 58 65
 1 31 38 39 47 58 63 64
 1 31 38 39 45 46 58
 1 31 38 39 45 46 58 74
 1 31 38 39 45 46 58 72 73
 1 31 38 39 45 46 58 65
 1 31 38 39 45 46 58 63 64
 1 31 38 39 45 46 47 58
 1 29 54 60 70
 1 29 54 60 68 69
 1 29 52 53 60 70
 1 29 52 53 60 68 69
 1 29 43 54 60
 1 29 43 52 53 60
 1 29 40 54 60 70
 1 29 40 54 60 68 69
 1 29 40 52 53 60 70
 1 29 40 52 53 60 68 69
 1 29 40 43 54 60
 1 29 40 43 52 53 60
 1 29 38 39 54 60 70
 1 29 38 39 54 60 68 69
 1 29 38 39 52 53 60 70
 1 29 38 39 52 53 60 68 69
 1 29 38 39 43 54 60
 1 29 38 39 43 52 53 60
 1 27 60 72
 1 27 60 70 71
 1 27 56 60 70
 1 27 56 60 68 69
 1 27 54 55 60 70
 1 27 54 55 60 68 69
 1 27 45 60
 1 27 43 56 60
 1 27 43 54 55 60
 1 27 40 60 72
 1 27 40 60 70 71
 1 27 40 56 60 70
 1 27 40 56 60 68 69
 1 27 40 54 55 60 70
 1 27 40 54 55 60 68 69
 1 27 40 45 60
 1 27 40 43 56 60
 1 27 40 43 54 55 60
 1 27 38 39 60 72
 1 27 38 39 60 70 71
 1 27 38 39 56 60 70
 1 27 38 39 56 60 68 69
 1 27 38 39 54 55 60 70
 1 27 38 39 54 55 60 68 69
 1 27 38 39 45 60
 1 27 38 39 43 56 60
 1 27 38 39 43 54 55 60
 1 27 29 60 70
 1 27 29 60 68 69
 1 27 29 43 60
 1 27 29 40 60 70
 1 27 29 40 60 68 69
 1 27 29 40 43 60
 1 27 29 38 39 60 70
 1 27 29 38 39 60 68 69
 1 27 29 38 39 43 60
 1 20 40 58 74
 1 20 40 58 72 73
 1 20 40 58 65
 1 20 40 58 63 64
 1 20 40 56 57 58 74
 1 20 40 56 57 58 72 73
 1 20 40 56 57 58 65
 1 20 40 56 57 58 63 64
 1 20 40 47 58
 1 20 40 47 56 57 58
 1 20 38 40 58
 1 20 38 40 56 57 58
 1 20 38 39 58
 1 20 38 39 58 74
 1 20 38 39 58 72 73
 1 20 38 39 58 65
 1 20 38 39 58 63 64
 1 20 38 39 56 57 58
 1 20 38 39 56 57 58 74
 1 20 38 39 56 57 58 72 73
 1 20 38 39 56 57 58 65
 1 20 38 39 56 57 58 63 64
 1 20 38 39 47 58
 1 20 38 39 47 56 57 58
 1 20 31 40 58 74
 1 20 31 40 58 72 73
 1 20 31 40 58 65
 1 20 31 40 58 63 64
 1 20 31 40 47 58
 1 20 31 38 40 58
 1 20 31 38 39 58
 1 20 31 38 39 58 74
 1 20 31 38 39 58 72 73
 1 20 31 38 39 58 65
 1 20 31 38 39 58 63 64
 1 20 31 38 39 47 58
 1 13 58 74
 1 13 58 72 73
 1 13 58 60
 1 13 58 59 60
 1 13 56 57 58 74
 1 13 56 57 58 72 73
 1 13 54 60 72
 1 13 54 60 70 71
 1 13 54 56 60 70
 1 13 54 56 60 68 69
 1 13 54 55 60 70
 1 13 54 55 60 68 69
 1 13 52 53 60 72
 1 13 52 53 60 70 71
 1 13 52 53 56 60 70
 1 13 52 53 56 60 68 69
 1 13 52 53 54 55 60 70
 1 13 52 53 54 55 60 68 69
 1 13 47 58 74
 1 13 47 58 72 73
 1 13 47 58 65
 1 13 47 58 63 64
 1 13 47 56 57 58 74
 1 13 47 56 57 58 72 73
 1 13 47 56 57 58 65
 1 13 47 56 57 58 63 64
 1 13 45 54 60
 1 13 45 52 53 60
 1 13 45 46 58 74
 1 13 45 46 58 72 73
 1 13 45 46 58 65
 1 13 45 46 58 63 64
 1 13 45 46 56 57 58 74
 1 13 45 46 56 57 58 72 73
 1 13 45 46 56 57 58 65
 1 13 45 46 56 57 58 63 64
 1 13 45 46 47 58
 1 13 45 46 47 56 57 58
 1 13 43 54 56 60
 1 13 43 54 55 60
 1 13 43 52 53 56 60
 1 13 43 52 53 54 55 60
 1 13 38 47 58
 1 13 38 47 56 57 58
 1 13 38 45 46 58
 1 13 38 45 46 56 57 58
 1 13 33 58 60
 1 13 31 58 74
 1 13 31 58 72 73
 1 13 31 47 58 74
 1 13 31 47 58 72 73
 1 13 31 47 58 65
 1 13 31 47 58 63 64
 1 13 31 45 46 58 74
 1 13 31 45 46 58 72 73
 1 13 31 45 46 58 65
 1 13 31 45 46 58 63 64
 1 13 31 45 46 47 58
 1 13 31 38 47 58
 1 13 31 38 45 46 58
 1 13 29 54 60 70
 1 13 29 54 60 68 69
 1 13 29 52 53 60 70
 1 13 29 52 53 60 68 69
 1 13 29 43 54 60
 1 13 29 43 52 53 60
 1 13 27 60 72
 1 13 27 60 70 71
 1 13 27 56 60 70
 1 13 27 56 60 68 69
 1 13 27 54 55 60 70
 1 13 27 54 55 60 68 69
 1 13 27 45 60
 1 13 27 43 56 60
 1 13 27 43 54 55 60
 1 13 27 29 60 70
 1 13 27 29 60 68 69
 1 13 27 29 43 60
 1 13 20 58 74
 1 13 20 58 72 73
 1 13 20 58 65
 1 13 20 58 63 64
 1 13 20 56 57 58 74
 1 13 20 56 57 58 72 73
 1 13 20 56 57 58 65
 1 13 20 56 57 58 63 64
 1 13 20 47 58
 1 13 20 47 56 57 58
 1 13 20 38 58
 1 13 20 38 56 57 58
 1 13 20 31 58 74
 1 13 20 31 58 72 73
 1 13 20 31 58 65
 1 13 20 31 58 63 64
 1 13 20 31 47 58
 1 13 20 31 38 58
