 60 66
 60 64 65
 56 58 60 70
 56 58 60 68 69
 56 57 58 70
 56 57 58 68 69
 54 55 56 58 60 70
 54 55 56 58 60 68 69
 51 60 64 68
 51 60 62 63 68
 51 58 68
 49 50 60 64 68
 49 50 60 62 63 68
 49 50 58 68
 47 51 60
 47 51 60 74
 47 51 60 72 73
 47 49 50 60
 47 49 50 60 74
 47 49 50 60 72 73
 45 57 60 64 68
 45 57 60 62 63 68
 45 57 58 68
 45 57 58 60 70 74
 45 57 58 60 70 72 73
 45 57 58 60 68 69 74
 45 57 58 60 68 69 72 73
 45 56 57 58 60 70 74
 45 56 57 58 60 70 72 73
 45 56 57 58 60 68 69 74
 45 56 57 58 60 68 69 72 73
 45 51 57 58 60
 45 49 50 57 58 60
 45 47 57 58 60 70
 45 47 57 58 60 68 69
 45 47 56 57 58 60 70
 45 47 56 57 58 60 68 69
 45 46 51 60 74
 45 46 51 60 72 73
 45 46 49 50 60 74
 45 46 49 50 60 72 73
 45 46 47 51 60
 45 46 47 49 50 60
 43 56 58 60
 43 56 57 58
 43 54 55 56 58 60
 43 45 57 58 60 74
 43 45 57 58 60 72 73
 43 45 56 57 58 60 74
 43 45 56 57 58 60 72 73
 43 45 47 57 58 60
 43 45 47 56 57 58 60
 43 44 57 60 64 68
 43 44 57 60 62 63 68
 43 44 57 58 68
 43 44 57 58 60 74
 43 44 57 58 60 72 73
 43 44 57 58 60 70 74
 43 44 57 58 60 70 72 73
 43 44 57 58 60 68 69 74
 43 44 57 58 60 68 69 72 73
 43 44 56 57 58 60 74
 43 44 56 57 58 60 72 73
 43 44 56 57 58 60 70 74
 43 44 56 57 58 60 70 72 73
 43 44 56 57 58 60 68 69 74
 43 44 56 57 58 60 68 69 72 73
 43 44 51 57 58 60
 43 44 49 50 57 58 60
 43 44 47 57 58 60
 43 44 47 57 58 60 70
 43 44 47 57 58 60 68 69
 43 44 47 56 57 58 60
 43 44 47 56 57 58 60 70
 43 44 47 56 57 58 60 68 69
 42 60
 42 58 60
 42 56 58 60
 42 54 55 58 60 70
 42 54 55 58 60 68 69
 42 54 55 56 58 60 70
 42 54 55 56 58 60 68 69
 42 43 54 55 58 60
 42 43 54 55 56 58 60
 40 58 60 72
 40 58 60 70
 40 58 60 70 71
 40 58 60 68 69
 40 58 60 66 72
 40 58 60 66 70 71
 40 58 60 64 65 72
 40 58 60 64 65 70 71
 40 56 60
 40 56 58 60
 40 56 58 60 72
 40 56 58 60 70
 40 56 58 60 70 71
 40 56 58 60 68 69
 40 56 58 60 66 72
 40 56 58 60 66 70 71
 40 56 58 60 64 65 72
 40 56 58 60 64 65 70 71
 40 54 55 58 60 70
 40 54 55 58 60 68 69
 40 54 55 56 58 60 70
 40 54 55 56 58 60 68 69
 40 53 56 58
 40 51 52 56 58
 40 45 58 60
 40 45 58 60 66
 40 45 58 60 64 65
 40 45 56 58 60
 40 45 56 58 60 66
 40 45 56 58 60 64 65
 40 43 58 60
 40 43 56 58 60
 40 43 54 55 58 60
 40 43 54 55 56 58 60
 40 41 60
 40 41 58 60
 40 41 56 58 60
 40 41 54 55 58 60 70
 40 41 54 55 58 60 68 69
 40 41 54 55 56 58 60 70
 40 41 54 55 56 58 60 68 69
 40 41 43 54 55 58 60
 40 41 43 54 55 56 58 60
 39 60
 39 40 58 60 72
 39 40 58 60 70 71
 39 40 56 58 60 72
 39 40 56 58 60 70 71
 39 40 45 58 60
 39 40 45 56 58 60
 38 39 58 60 70
 38 39 58 60 68 69
 38 39 58 60 66 72
 38 39 58 60 66 70 71
 38 39 58 60 64 65 72
 38 39 58 60 64 65 70 71
 38 39 56 60
 38 39 56 58 60
 38 39 56 58 60 70
 38 39 56 58 60 68 69
 38 39 56 58 60 66 72
 38 39 56 58 60 66 70 71
 38 39 56 58 60 64 65 72
 38 39 56 58 60 64 65 70 71
 38 39 54 55 58 60 70
 38 39 54 55 58 60 68 69
 38 39 54 55 56 58 60 70
 38 39 54 55 56 58 60 68 69
 38 39 53 56 58
 38 39 51 52 56 58
 38 39 45 58 60 66
 38 39 45 58 60 64 65
 38 39 45 56 58 60 66
 38 39 45 56 58 60 64 65
 38 39 43 58 60
 38 39 43 56 58 60
 38 39 43 54 55 58 60
 38 39 43 54 55 56 58 60
 37 51 60 68
 37 49 50 60 68
 37 45 57 60 68
 37 43 44 57 60 68
 37 40 58 60 72
 37 40 58 60 70 71
 37 40 45 58 60
 37 38 39 58 60 72
 37 38 39 58 60 70 71
 37 38 39 45 58 60
 35 57 58 70
 35 57 58 68 69
 35 43 57 58
 35 42 58 60
 35 42 56 58 60 70
 35 42 56 58 60 68 69
 35 42 54 55 58 60 70
 35 42 54 55 58 60 68 69
 35 42 43 56 58 60
 35 42 43 54 55 58 60
 35 40 58 60
 35 40 58 60 72
 35 40 58 60 70
 35 40 58 60 70 71
 35 40 58 60 68 69
 35 40 58 60 66 72
 35 40 58 60 66 70 71
 35 40 58 60 64 65 72
 35 40 58 60 64 65 70 71
 35 40 56 58 60 70
 35 40 56 58 60 68 69
 35 40 56 57 58 60 70
 35 40 56 57 58 60 68 69
 35 40 54 55 58 60 70
 35 40 54 55 58 60 68 69
 35 40 45 58 60
 35 40 45 58 60 66
 35 40 45 58 60 64 65
 35 40 43 58 60
 35 40 43 56 58 60
 35 40 43 56 57 58 60
 35 40 43 54 55 58 60
 35 40 41 58 60
 35 40 41 56 58 60 70
 35 40 41 56 58 60 68 69
 35 40 41 54 55 58 60 70
 35 40 41 54 55 58 60 68 69
 35 40 41 43 56 58 60
 35 40 41 43 54 55 58 60
 35 39 40 58 60 72
 35 39 40 58 60 70 71
 35 39 40 45 58 60
 35 38 39 58 60
 35 38 39 58 60 70
 35 38 39 58 60 68 69
 35 38 39 58 60 66 72
 35 38 39 58 60 66 70 71
 35 38 39 58 60 64 65 72
 35 38 39 58 60 64 65 70 71
 35 38 39 56 58 60 70
 35 38 39 56 58 60 68 69
 35 38 39 56 57 58 60 70
 35 38 39 56 57 58 60 68 69
 35 38 39 54 55 58 60 70
 35 38 39 54 55 58 60 68 69
 35 38 39 45 58 60 66
 35 38 39 45 58 60 64 65
 35 38 39 43 58 60
 35 38 39 43 56 58 60
 35 38 39 43 56 57 58 60
 35 38 39 43 54 55 58 60
 31 45 57 58 60 70 74
 31 45 57 58 60 70 72 73
 31 45 57 58 60 68 69 74
 31 45 57 58 60 68 69 72 73
 31 45 47 57 58 60 70
 31 45 47 57 58 60 68 69
 31 43 45 57 58 60 74
 31 43 45 57 58 60 72 73
 31 43 45 47 57 58 60
 31 43 44 57 58 60 74
 31 43 44 57 58 60 72 73
 31 43 44 57 58 60 70 74
 31 43 44 57 58 60 70 72 73
 31 43 44 57 58 60 68 69 74
 31 43 44 57 58 60 68 69 72 73
 31 43 44 47 57 58 60
 31 43 44 47 57 58 60 70
 31 43 44 47 57 58 60 68 69
 31 40 58 60 70
 31 40 58 60 68 69
 31 40 56 58 60 70
 31 40 56 58 60 68 69
 31 40 43 58 60
 31 40 43 56 58 60
 31 38 39 58 60 70
 31 38 39 58 60 68 69
 31 38 39 56 58 60 70
 31 38 39 56 58 60 68 69
 31 38 39 43 58 60
 31 38 39 43 56 58 60
 31 35 40 58 60 70
 31 35 40 58 60 68 69
 31 35 40 43 58 60
 31 35 38 39 58 60 70
 31 35 38 39 58 60 68 69
 31 35 38 39 43 58 60
 29 56 58 60 70
 29 56 58 60 68 69
 29 43 56 58 60
 29 42 58 60 70
 29 42 58 60 68 69
 29 42 56 58 60 70
 29 42 56 58 60 68 69
 29 42 43 58 60
 29 42 43 56 58 60
 29 40 58 60 70
 29 40 58 60 68 69
 29 40 56 58 60 70
 29 40 56 58 60 68 69
 29 40 43 58 60
 29 40 43 56 58 60
 29 40 41 58 60 70
 29 40 41 58 60 68 69
 29 40 41 56 58 60 70
 29 40 41 56 58 60 68 69
 29 40 41 43 58 60
 29 40 41 43 56 58 60
 29 38 39 58 60 70
 29 38 39 58 60 68 69
 29 38 39 56 58 60 70
 29 38 39 56 58 60 68 69
 29 38 39 43 58 60
 29 38 39 43 56 58 60
 29 35 42 58 60 70
 29 35 42 58 60 68 69
 29 35 42 43 58 60
 29 35 40 58 60 70
 29 35 40 58 60 68 69
 29 35 40 43 58 60
 29 35 40 41 58 60 70
 29 35 40 41 58 60 68 69
 29 35 40 41 43 58 60
 29 35 38 39 58 60 70
 29 35 38 39 58 60 68 69
 29 35 38 39 43 58 60
 28 56 58 68
 28 56 58 66 67
 28 51 60
 28 51 60 64
 28 51 60 62 63
 28 51 58 72
 28 51 58 70 71
 28 51 58 62
 28 51 58 60
 28 51 58 60 70
 28 51 58 60 68 72
 28 51 58 60 68 70 71
 28 51 58 60 68 69
 28 51 58 60 66 67 72
 28 51 58 60 66 67 70 71
 28 51 58 60 64 72
 28 51 58 60 64 70 71
 28 51 58 60 62 63 72
 28 51 58 60 62 63 70 71
 28 51 56 58 60 70
 28 51 56 58 60 68 69
 28 51 56 57 58 72
 28 51 56 57 58 70 71
 28 51 56 57 58 60 68 72
 28 51 56 57 58 60 68 70 71
 28 51 56 57 58 60 66 67 72
 28 51 56 57 58 60 66 67 70 71
 28 51 56 57 58 60 64 72
 28 51 56 57 58 60 64 70 71
 28 51 56 57 58 60 62 63 72
 28 51 56 57 58 60 62 63 70 71
 28 49 50 60
 28 49 50 60 64
 28 49 50 60 62 63
 28 49 50 58 72
 28 49 50 58 70 71
 28 49 50 58 62
 28 49 50 58 60
 28 49 50 58 60 70
 28 49 50 58 60 68 72
 28 49 50 58 60 68 70 71
 28 49 50 58 60 68 69
 28 49 50 58 60 66 67 72
 28 49 50 58 60 66 67 70 71
 28 49 50 58 60 64 72
 28 49 50 58 60 64 70 71
 28 49 50 58 60 62 63 72
 28 49 50 58 60 62 63 70 71
 28 49 50 56 58 60 70
 28 49 50 56 58 60 68 69
 28 49 50 56 57 58 72
 28 49 50 56 57 58 70 71
 28 49 50 56 57 58 60 68 72
 28 49 50 56 57 58 60 68 70 71
 28 49 50 56 57 58 60 66 67 72
 28 49 50 56 57 58 60 66 67 70 71
 28 49 50 56 57 58 60 64 72
 28 49 50 56 57 58 60 64 70 71
 28 49 50 56 57 58 60 62 63 72
 28 49 50 56 57 58 60 62 63 70 71
 28 45 51 58
 28 45 51 58 60 68
 28 45 51 58 60 66 67
 28 45 51 58 60 64
 28 45 51 58 60 62 63
 28 45 51 57 58 60 70
 28 45 51 57 58 60 68 69
 28 45 51 56 57 58
 28 45 51 56 57 58 60 70
 28 45 51 56 57 58 60 68
 28 45 51 56 57 58 60 68 69
 28 45 51 56 57 58 60 66 67
 28 45 51 56 57 58 60 64
 28 45 51 56 57 58 60 62 63
 28 45 49 50 58
 28 45 49 50 58 60 68
 28 45 49 50 58 60 66 67
 28 45 49 50 58 60 64
 28 45 49 50 58 60 62 63
 28 45 49 50 57 58 60 70
 28 45 49 50 57 58 60 68 69
 28 45 49 50 56 57 58
 28 45 49 50 56 57 58 60 70
 28 45 49 50 56 57 58 60 68
 28 45 49 50 56 57 58 60 68 69
 28 45 49 50 56 57 58 60 66 67
 28 45 49 50 56 57 58 60 64
 28 45 49 50 56 57 58 60 62 63
 28 43 51 58 60
 28 43 51 56 58 60
 28 43 49 50 58 60
 28 43 49 50 56 58 60
 28 43 45 51 57 58 60
 28 43 45 51 56 57 58 60
 28 43 45 49 50 57 58 60
 28 43 45 49 50 56 57 58 60
 28 43 44 51 57 58 60
 28 43 44 51 57 58 60 70
 28 43 44 51 57 58 60 68 69
 28 43 44 51 56 57 58 60
 28 43 44 51 56 57 58 60 70
 28 43 44 51 56 57 58 60 68 69
 28 43 44 49 50 57 58 60
 28 43 44 49 50 57 58 60 70
 28 43 44 49 50 57 58 60 68 69
 28 43 44 49 50 56 57 58 60
 28 43 44 49 50 56 57 58 60 70
 28 43 44 49 50 56 57 58 60 68 69
 28 41 56 58
 28 41 51 58 60 72
 28 41 51 58 60 70 71
 28 41 51 56 57 58 60 72
 28 41 51 56 57 58 60 70 71
 28 41 49 50 58 60 72
 28 41 49 50 58 60 70 71
 28 41 49 50 56 57 58 60 72
 28 41 49 50 56 57 58 60 70 71
 28 41 45 51 58 60
 28 41 45 51 56 57 58 60
 28 41 45 49 50 58 60
 28 41 45 49 50 56 57 58 60
 28 37 51 60
 28 37 51 58 60 72
 28 37 51 58 60 70 71
 28 37 51 56 57 58 60 72
 28 37 51 56 57 58 60 70 71
 28 37 49 50 60
 28 37 49 50 58 60 72
 28 37 49 50 58 60 70 71
 28 37 49 50 56 57 58 60 72
 28 37 49 50 56 57 58 60 70 71
 28 37 45 51 58 60
 28 37 45 51 56 57 58 60
 28 37 45 49 50 58 60
 28 37 45 49 50 56 57 58 60
 28 35 58 68
 28 35 58 66 67
 28 35 41 58
 28 31 51 58 72
 28 31 51 58 70 71
 28 31 51 58 60 68 72
 28 31 51 58 60 68 70 71
 28 31 51 58 60 66 67 72
 28 31 51 58 60 66 67 70 71
 28 31 51 58 60 64 72
 28 31 51 58 60 64 70 71
 28 31 51 58 60 62 63 72
 28 31 51 58 60 62 63 70 71
 28 31 49 50 58 72
 28 31 49 50 58 70 71
 28 31 49 50 58 60 68 72
 28 31 49 50 58 60 68 70 71
 28 31 49 50 58 60 66 67 72
 28 31 49 50 58 60 66 67 70 71
 28 31 49 50 58 60 64 72
 28 31 49 50 58 60 64 70 71
 28 31 49 50 58 60 62 63 72
 28 31 49 50 58 60 62 63 70 71
 28 31 45 51 58
 28 31 45 51 58 60 68
 28 31 45 51 58 60 66 67
 28 31 45 51 58 60 64
 28 31 45 51 58 60 62 63
 28 31 45 51 57 58 60 70
 28 31 45 51 57 58 60 68 69
 28 31 45 49 50 58
 28 31 45 49 50 58 60 68
 28 31 45 49 50 58 60 66 67
 28 31 45 49 50 58 60 64
 28 31 45 49 50 58 60 62 63
 28 31 45 49 50 57 58 60 70
 28 31 45 49 50 57 58 60 68 69
 28 31 43 45 51 57 58 60
 28 31 43 45 49 50 57 58 60
 28 31 43 44 51 57 58 60
 28 31 43 44 51 57 58 60 70
 28 31 43 44 51 57 58 60 68 69
 28 31 43 44 49 50 57 58 60
 28 31 43 44 49 50 57 58 60 70
 28 31 43 44 49 50 57 58 60 68 69
 28 31 41 51 58 60 72
 28 31 41 51 58 60 70 71
 28 31 41 49 50 58 60 72
 28 31 41 49 50 58 60 70 71
 28 31 41 45 51 58 60
 28 31 41 45 49 50 58 60
 28 31 37 51 58 60 72
 28 31 37 51 58 60 70 71
 28 31 37 49 50 58 60 72
 28 31 37 49 50 58 60 70 71
 28 31 37 45 51 58 60
 28 31 37 45 49 50 58 60
 26 51 60 64
 26 51 60 62 63
 26 51 58
 26 49 50 60 64
 26 49 50 60 62 63
 26 49 50 58
 26 45 57 60 64
 26 45 57 60 62 63
 26 45 57 58
 26 43 44 57 60 64
 26 43 44 57 60 62 63
 26 43 44 57 58
 26 40 56 58
 26 38 39 56 58
 26 37 51 60
 26 37 49 50 60
 26 37 45 57 60
 26 37 43 44 57 60
 26 27 56 58 68
 26 27 56 58 66 67
 26 27 51 60
 26 27 51 60 64
 26 27 51 60 62 63
 26 27 51 58 72
 26 27 51 58 70 71
 26 27 51 58 62
 26 27 51 58 60
 26 27 51 58 60 70
 26 27 51 58 60 68 72
 26 27 51 58 60 68 70 71
 26 27 51 58 60 68 69
 26 27 51 58 60 66 67 72
 26 27 51 58 60 66 67 70 71
 26 27 51 58 60 64 72
 26 27 51 58 60 64 70 71
 26 27 51 58 60 62 63 72
 26 27 51 58 60 62 63 70 71
 26 27 51 56 58 60 70
 26 27 51 56 58 60 68 69
 26 27 51 56 57 58 72
 26 27 51 56 57 58 70 71
 26 27 51 56 57 58 60 68 72
 26 27 51 56 57 58 60 68 70 71
 26 27 51 56 57 58 60 66 67 72
 26 27 51 56 57 58 60 66 67 70 71
 26 27 51 56 57 58 60 64 72
 26 27 51 56 57 58 60 64 70 71
 26 27 51 56 57 58 60 62 63 72
 26 27 51 56 57 58 60 62 63 70 71
 26 27 49 50 60
 26 27 49 50 60 64
 26 27 49 50 60 62 63
 26 27 49 50 58 72
 26 27 49 50 58 70 71
 26 27 49 50 58 62
 26 27 49 50 58 60
 26 27 49 50 58 60 70
 26 27 49 50 58 60 68 72
 26 27 49 50 58 60 68 70 71
 26 27 49 50 58 60 68 69
 26 27 49 50 58 60 66 67 72
 26 27 49 50 58 60 66 67 70 71
 26 27 49 50 58 60 64 72
 26 27 49 50 58 60 64 70 71
 26 27 49 50 58 60 62 63 72
 26 27 49 50 58 60 62 63 70 71
 26 27 49 50 56 58 60 70
 26 27 49 50 56 58 60 68 69
 26 27 49 50 56 57 58 72
 26 27 49 50 56 57 58 70 71
 26 27 49 50 56 57 58 60 68 72
 26 27 49 50 56 57 58 60 68 70 71
 26 27 49 50 56 57 58 60 66 67 72
 26 27 49 50 56 57 58 60 66 67 70 71
 26 27 49 50 56 57 58 60 64 72
 26 27 49 50 56 57 58 60 64 70 71
 26 27 49 50 56 57 58 60 62 63 72
 26 27 49 50 56 57 58 60 62 63 70 71
 26 27 45 51 58
 26 27 45 51 58 60 68
 26 27 45 51 58 60 66 67
 26 27 45 51 58 60 64
 26 27 45 51 58 60 62 63
 26 27 45 51 57 58 60 70
 26 27 45 51 57 58 60 68 69
 26 27 45 51 56 57 58
 26 27 45 51 56 57 58 60 70
 26 27 45 51 56 57 58 60 68
 26 27 45 51 56 57 58 60 68 69
 26 27 45 51 56 57 58 60 66 67
 26 27 45 51 56 57 58 60 64
 26 27 45 51 56 57 58 60 62 63
 26 27 45 49 50 58
 26 27 45 49 50 58 60 68
 26 27 45 49 50 58 60 66 67
 26 27 45 49 50 58 60 64
 26 27 45 49 50 58 60 62 63
 26 27 45 49 50 57 58 60 70
 26 27 45 49 50 57 58 60 68 69
 26 27 45 49 50 56 57 58
 26 27 45 49 50 56 57 58 60 70
 26 27 45 49 50 56 57 58 60 68
 26 27 45 49 50 56 57 58 60 68 69
 26 27 45 49 50 56 57 58 60 66 67
 26 27 45 49 50 56 57 58 60 64
 26 27 45 49 50 56 57 58 60 62 63
 26 27 43 51 58 60
 26 27 43 51 56 58 60
 26 27 43 49 50 58 60
 26 27 43 49 50 56 58 60
 26 27 43 45 51 57 58 60
 26 27 43 45 51 56 57 58 60
 26 27 43 45 49 50 57 58 60
 26 27 43 45 49 50 56 57 58 60
 26 27 43 44 51 57 58 60
 26 27 43 44 51 57 58 60 70
 26 27 43 44 51 57 58 60 68 69
 26 27 43 44 51 56 57 58 60
 26 27 43 44 51 56 57 58 60 70
 26 27 43 44 51 56 57 58 60 68 69
 26 27 43 44 49 50 57 58 60
 26 27 43 44 49 50 57 58 60 70
 26 27 43 44 49 50 57 58 60 68 69
 26 27 43 44 49 50 56 57 58 60
 26 27 43 44 49 50 56 57 58 60 70
 26 27 43 44 49 50 56 57 58 60 68 69
 26 27 41 56 58
 26 27 41 51 58 60 72
 26 27 41 51 58 60 70 71
 26 27 41 51 56 57 58 60 72
 26 27 41 51 56 57 58 60 70 71
 26 27 41 49 50 58 60 72
 26 27 41 49 50 58 60 70 71
 26 27 41 49 50 56 57 58 60 72
 26 27 41 49 50 56 57 58 60 70 71
 26 27 41 45 51 58 60
 26 27 41 45 51 56 57 58 60
 26 27 41 45 49 50 58 60
 26 27 41 45 49 50 56 57 58 60
 26 27 37 51 60
 26 27 37 51 58 60 72
 26 27 37 51 58 60 70 71
 26 27 37 51 56 57 58 60 72
 26 27 37 51 56 57 58 60 70 71
 26 27 37 49 50 60
 26 27 37 49 50 58 60 72
 26 27 37 49 50 58 60 70 71
 26 27 37 49 50 56 57 58 60 72
 26 27 37 49 50 56 57 58 60 70 71
 26 27 37 45 51 58 60
 26 27 37 45 51 56 57 58 60
 26 27 37 45 49 50 58 60
 26 27 37 45 49 50 56 57 58 60
 26 27 35 58 68
 26 27 35 58 66 67
 26 27 35 41 58
 26 27 31 51 58 72
 26 27 31 51 58 70 71
 26 27 31 51 58 60 68 72
 26 27 31 51 58 60 68 70 71
 26 27 31 51 58 60 66 67 72
 26 27 31 51 58 60 66 67 70 71
 26 27 31 51 58 60 64 72
 26 27 31 51 58 60 64 70 71
 26 27 31 51 58 60 62 63 72
 26 27 31 51 58 60 62 63 70 71
 26 27 31 49 50 58 72
 26 27 31 49 50 58 70 71
 26 27 31 49 50 58 60 68 72
 26 27 31 49 50 58 60 68 70 71
 26 27 31 49 50 58 60 66 67 72
 26 27 31 49 50 58 60 66 67 70 71
 26 27 31 49 50 58 60 64 72
 26 27 31 49 50 58 60 64 70 71
 26 27 31 49 50 58 60 62 63 72
 26 27 31 49 50 58 60 62 63 70 71
 26 27 31 45 51 58
 26 27 31 45 51 58 60 68
 26 27 31 45 51 58 60 66 67
 26 27 31 45 51 58 60 64
 26 27 31 45 51 58 60 62 63
 26 27 31 45 51 57 58 60 70
 26 27 31 45 51 57 58 60 68 69
 26 27 31 45 49 50 58
 26 27 31 45 49 50 58 60 68
 26 27 31 45 49 50 58 60 66 67
 26 27 31 45 49 50 58 60 64
 26 27 31 45 49 50 58 60 62 63
 26 27 31 45 49 50 57 58 60 70
 26 27 31 45 49 50 57 58 60 68 69
 26 27 31 43 45 51 57 58 60
 26 27 31 43 45 49 50 57 58 60
 26 27 31 43 44 51 57 58 60
 26 27 31 43 44 51 57 58 60 70
 26 27 31 43 44 51 57 58 60 68 69
 26 27 31 43 44 49 50 57 58 60
 26 27 31 43 44 49 50 57 58 60 70
 26 27 31 43 44 49 50 57 58 60 68 69
 26 27 31 41 51 58 60 72
 26 27 31 41 51 58 60 70 71
 26 27 31 41 49 50 58 60 72
 26 27 31 41 49 50 58 60 70 71
 26 27 31 41 45 51 58 60
 26 27 31 41 45 49 50 58 60
 26 27 31 37 51 58 60 72
 26 27 31 37 51 58 60 70 71
 26 27 31 37 49 50 58 60 72
 26 27 31 37 49 50 58 60 70 71
 26 27 31 37 45 51 58 60
 26 27 31 37 45 49 50 58 60
 24 60 64 68
 24 60 62 63 68
 24 58 68
 24 47 60
 24 47 60 74
 24 47 60 72 73
 24 45 57 58 60
 24 45 46 60 74
 24 45 46 60 72 73
 24 45 46 47 60
 24 43 44 57 58 60
 24 37 60 68
 24 28 60
 24 28 60 64
 24 28 60 62 63
 24 28 58 72
 24 28 58 70 71
 24 28 58 62
 24 28 58 60
 24 28 58 60 70
 24 28 58 60 68 72
 24 28 58 60 68 70 71
 24 28 58 60 68 69
 24 28 58 60 66 67 72
 24 28 58 60 66 67 70 71
 24 28 58 60 64 72
 24 28 58 60 64 70 71
 24 28 58 60 62 63 72
 24 28 58 60 62 63 70 71
 24 28 56 58 60 70
 24 28 56 58 60 68 69
 24 28 56 57 58 72
 24 28 56 57 58 70 71
 24 28 56 57 58 60 68 72
 24 28 56 57 58 60 68 70 71
 24 28 56 57 58 60 66 67 72
 24 28 56 57 58 60 66 67 70 71
 24 28 56 57 58 60 64 72
 24 28 56 57 58 60 64 70 71
 24 28 56 57 58 60 62 63 72
 24 28 56 57 58 60 62 63 70 71
 24 28 45 58
 24 28 45 58 60 68
 24 28 45 58 60 66 67
 24 28 45 58 60 64
 24 28 45 58 60 62 63
 24 28 45 57 58 60 70
 24 28 45 57 58 60 68 69
 24 28 45 56 57 58
 24 28 45 56 57 58 60 70
 24 28 45 56 57 58 60 68
 24 28 45 56 57 58 60 68 69
 24 28 45 56 57 58 60 66 67
 24 28 45 56 57 58 60 64
 24 28 45 56 57 58 60 62 63
 24 28 43 58 60
 24 28 43 56 58 60
 24 28 43 45 57 58 60
 24 28 43 45 56 57 58 60
 24 28 43 44 57 58 60
 24 28 43 44 57 58 60 70
 24 28 43 44 57 58 60 68 69
 24 28 43 44 56 57 58 60
 24 28 43 44 56 57 58 60 70
 24 28 43 44 56 57 58 60 68 69
 24 28 41 58 60 72
 24 28 41 58 60 70 71
 24 28 41 56 57 58 60 72
 24 28 41 56 57 58 60 70 71
 24 28 41 45 58 60
 24 28 41 45 56 57 58 60
 24 28 37 60
 24 28 37 58 60 72
 24 28 37 58 60 70 71
 24 28 37 56 57 58 60 72
 24 28 37 56 57 58 60 70 71
 24 28 37 45 58 60
 24 28 37 45 56 57 58 60
 24 28 31 58 72
 24 28 31 58 70 71
 24 28 31 58 60 68 72
 24 28 31 58 60 68 70 71
 24 28 31 58 60 66 67 72
 24 28 31 58 60 66 67 70 71
 24 28 31 58 60 64 72
 24 28 31 58 60 64 70 71
 24 28 31 58 60 62 63 72
 24 28 31 58 60 62 63 70 71
 24 28 31 45 58
 24 28 31 45 58 60 68
 24 28 31 45 58 60 66 67
 24 28 31 45 58 60 64
 24 28 31 45 58 60 62 63
 24 28 31 45 57 58 60 70
 24 28 31 45 57 58 60 68 69
 24 28 31 43 45 57 58 60
 24 28 31 43 44 57 58 60
 24 28 31 43 44 57 58 60 70
 24 28 31 43 44 57 58 60 68 69
 24 28 31 41 58 60 72
 24 28 31 41 58 60 70 71
 24 28 31 41 45 58 60
 24 28 31 37 58 60 72
 24 28 31 37 58 60 70 71
 24 28 31 37 45 58 60
 24 26 60 64
 24 26 60 62 63
 24 26 58
 24 26 37 60
 24 26 27 60
 24 26 27 60 64
 24 26 27 60 62 63
 24 26 27 58 72
 24 26 27 58 70 71
 24 26 27 58 62
 24 26 27 58 60
 24 26 27 58 60 70
 24 26 27 58 60 68 72
 24 26 27 58 60 68 70 71
 24 26 27 58 60 68 69
 24 26 27 58 60 66 67 72
 24 26 27 58 60 66 67 70 71
 24 26 27 58 60 64 72
 24 26 27 58 60 64 70 71
 24 26 27 58 60 62 63 72
 24 26 27 58 60 62 63 70 71
 24 26 27 56 58 60 70
 24 26 27 56 58 60 68 69
 24 26 27 56 57 58 72
 24 26 27 56 57 58 70 71
 24 26 27 56 57 58 60 68 72
 24 26 27 56 57 58 60 68 70 71
 24 26 27 56 57 58 60 66 67 72
 24 26 27 56 57 58 60 66 67 70 71
 24 26 27 56 57 58 60 64 72
 24 26 27 56 57 58 60 64 70 71
 24 26 27 56 57 58 60 62 63 72
 24 26 27 56 57 58 60 62 63 70 71
 24 26 27 45 58
 24 26 27 45 58 60 68
 24 26 27 45 58 60 66 67
 24 26 27 45 58 60 64
 24 26 27 45 58 60 62 63
 24 26 27 45 57 58 60 70
 24 26 27 45 57 58 60 68 69
 24 26 27 45 56 57 58
 24 26 27 45 56 57 58 60 70
 24 26 27 45 56 57 58 60 68
 24 26 27 45 56 57 58 60 68 69
 24 26 27 45 56 57 58 60 66 67
 24 26 27 45 56 57 58 60 64
 24 26 27 45 56 57 58 60 62 63
 24 26 27 43 58 60
 24 26 27 43 56 58 60
 24 26 27 43 45 57 58 60
 24 26 27 43 45 56 57 58 60
 24 26 27 43 44 57 58 60
 24 26 27 43 44 57 58 60 70
 24 26 27 43 44 57 58 60 68 69
 24 26 27 43 44 56 57 58 60
 24 26 27 43 44 56 57 58 60 70
 24 26 27 43 44 56 57 58 60 68 69
 24 26 27 41 58 60 72
 24 26 27 41 58 60 70 71
 24 26 27 41 56 57 58 60 72
 24 26 27 41 56 57 58 60 70 71
 24 26 27 41 45 58 60
 24 26 27 41 45 56 57 58 60
 24 26 27 37 60
 24 26 27 37 58 60 72
 24 26 27 37 58 60 70 71
 24 26 27 37 56 57 58 60 72
 24 26 27 37 56 57 58 60 70 71
 24 26 27 37 45 58 60
 24 26 27 37 45 56 57 58 60
 24 26 27 31 58 72
 24 26 27 31 58 70 71
 24 26 27 31 58 60 68 72
 24 26 27 31 58 60 68 70 71
 24 26 27 31 58 60 66 67 72
 24 26 27 31 58 60 66 67 70 71
 24 26 27 31 58 60 64 72
 24 26 27 31 58 60 64 70 71
 24 26 27 31 58 60 62 63 72
 24 26 27 31 58 60 62 63 70 71
 24 26 27 31 45 58
 24 26 27 31 45 58 60 68
 24 26 27 31 45 58 60 66 67
 24 26 27 31 45 58 60 64
 24 26 27 31 45 58 60 62 63
 24 26 27 31 45 57 58 60 70
 24 26 27 31 45 57 58 60 68 69
 24 26 27 31 43 45 57 58 60
 24 26 27 31 43 44 57 58 60
 24 26 27 31 43 44 57 58 60 70
 24 26 27 31 43 44 57 58 60 68 69
 24 26 27 31 41 58 60 72
 24 26 27 31 41 58 60 70 71
 24 26 27 31 41 45 58 60
 24 26 27 31 37 58 60 72
 24 26 27 31 37 58 60 70 71
 24 26 27 31 37 45 58 60
 24 25 60 64
 24 25 60 62 63
 24 25 58
 24 25 51 60 64
 24 25 51 60 62 63
 24 25 51 58
 24 25 49 50 60 64
 24 25 49 50 60 62 63
 24 25 49 50 58
 24 25 45 57 60 64
 24 25 45 57 60 62 63
 24 25 45 57 58
 24 25 43 44 57 60 64
 24 25 43 44 57 60 62 63
 24 25 43 44 57 58
 24 25 37 60
 24 25 37 51 60
 24 25 37 49 50 60
 24 25 37 45 57 60
 24 25 37 43 44 57 60
 20 51 60 74
 20 51 60 72 73
 20 49 50 60 74
 20 49 50 60 72 73
 20 47 51 60
 20 47 49 50 60
 20 24 60 74
 20 24 60 72 73
 20 24 47 60
 18 57 60 64 68
 18 57 60 62 63 68
 18 57 58 68
 18 57 58 60 70 74
 18 57 58 60 70 72 73
 18 57 58 60 68 69 74
 18 57 58 60 68 69 72 73
 18 56 57 58 60 70 74
 18 56 57 58 60 70 72 73
 18 56 57 58 60 68 69 74
 18 56 57 58 60 68 69 72 73
 18 51 57 58 60
 18 49 50 57 58 60
 18 47 57 58 60 70
 18 47 57 58 60 68 69
 18 47 56 57 58 60 70
 18 47 56 57 58 60 68 69
 18 43 57 58 60 74
 18 43 57 58 60 72 73
 18 43 56 57 58 60 74
 18 43 56 57 58 60 72 73
 18 43 47 57 58 60
 18 43 47 56 57 58 60
 18 37 57 60 68
 18 31 57 58 60 70 74
 18 31 57 58 60 70 72 73
 18 31 57 58 60 68 69 74
 18 31 57 58 60 68 69 72 73
 18 31 47 57 58 60 70
 18 31 47 57 58 60 68 69
 18 31 43 57 58 60 74
 18 31 43 57 58 60 72 73
 18 31 43 47 57 58 60
 18 28 51 57 58 60 70
 18 28 51 57 58 60 68 69
 18 28 51 56 57 58 60 70
 18 28 51 56 57 58 60 68 69
 18 28 49 50 57 58 60 70
 18 28 49 50 57 58 60 68 69
 18 28 49 50 56 57 58 60 70
 18 28 49 50 56 57 58 60 68 69
 18 28 43 51 57 58 60
 18 28 43 51 56 57 58 60
 18 28 43 49 50 57 58 60
 18 28 43 49 50 56 57 58 60
 18 28 31 51 57 58 60 70
 18 28 31 51 57 58 60 68 69
 18 28 31 49 50 57 58 60 70
 18 28 31 49 50 57 58 60 68 69
 18 28 31 43 51 57 58 60
 18 28 31 43 49 50 57 58 60
 18 26 57 60 64
 18 26 57 60 62 63
 18 26 57 58
 18 26 37 57 60
 18 26 27 51 57 58 60 70
 18 26 27 51 57 58 60 68 69
 18 26 27 51 56 57 58 60 70
 18 26 27 51 56 57 58 60 68 69
 18 26 27 49 50 57 58 60 70
 18 26 27 49 50 57 58 60 68 69
 18 26 27 49 50 56 57 58 60 70
 18 26 27 49 50 56 57 58 60 68 69
 18 26 27 43 51 57 58 60
 18 26 27 43 51 56 57 58 60
 18 26 27 43 49 50 57 58 60
 18 26 27 43 49 50 56 57 58 60
 18 26 27 31 51 57 58 60 70
 18 26 27 31 51 57 58 60 68 69
 18 26 27 31 49 50 57 58 60 70
 18 26 27 31 49 50 57 58 60 68 69
 18 26 27 31 43 51 57 58 60
 18 26 27 31 43 49 50 57 58 60
 18 24 57 58 60
 18 24 28 57 58 60 70
 18 24 28 57 58 60 68 69
 18 24 28 56 57 58 60 70
 18 24 28 56 57 58 60 68 69
 18 24 28 43 57 58 60
 18 24 28 43 56 57 58 60
 18 24 28 31 57 58 60 70
 18 24 28 31 57 58 60 68 69
 18 24 28 31 43 57 58 60
 18 24 26 27 57 58 60 70
 18 24 26 27 57 58 60 68 69
 18 24 26 27 56 57 58 60 70
 18 24 26 27 56 57 58 60 68 69
 18 24 26 27 43 57 58 60
 18 24 26 27 43 56 57 58 60
 18 24 26 27 31 57 58 60 70
 18 24 26 27 31 57 58 60 68 69
 18 24 26 27 31 43 57 58 60
 18 24 25 57 60 64
 18 24 25 57 60 62 63
 18 24 25 57 58
 18 24 25 37 57 60
 15 60
 15 58 60
 15 56 58 70
 15 56 58 68 69
 15 56 58 60
 15 54 55 58 60 70
 15 54 55 58 60 68 69
 15 54 55 56 58 60 70
 15 54 55 56 58 60 68 69
 15 45 60 64 68
 15 45 60 62 63 68
 15 45 58 68
 15 45 58 60 70 74
 15 45 58 60 70 72 73
 15 45 58 60 68 69 74
 15 45 58 60 68 69 72 73
 15 45 56 57 58 60 70 74
 15 45 56 57 58 60 70 72 73
 15 45 56 57 58 60 68 69 74
 15 45 56 57 58 60 68 69 72 73
 15 45 51 58 60
 15 45 49 50 58 60
 15 45 47 58 60 70
 15 45 47 58 60 68 69
 15 45 47 56 57 58 60 70
 15 45 47 56 57 58 60 68 69
 15 43 56 58
 15 43 54 55 58 60
 15 43 54 55 56 58 60
 15 43 45 58 60 74
 15 43 45 58 60 72 73
 15 43 45 56 57 58 60 74
 15 43 45 56 57 58 60 72 73
 15 43 45 47 58 60
 15 43 45 47 56 57 58 60
 15 43 44 60 64 68
 15 43 44 60 62 63 68
 15 43 44 58 68
 15 43 44 58 60 74
 15 43 44 58 60 72 73
 15 43 44 58 60 70 74
 15 43 44 58 60 70 72 73
 15 43 44 58 60 68 69 74
 15 43 44 58 60 68 69 72 73
 15 43 44 56 57 58 60 74
 15 43 44 56 57 58 60 72 73
 15 43 44 56 57 58 60 70 74
 15 43 44 56 57 58 60 70 72 73
 15 43 44 56 57 58 60 68 69 74
 15 43 44 56 57 58 60 68 69 72 73
 15 43 44 51 58 60
 15 43 44 49 50 58 60
 15 43 44 47 58 60
 15 43 44 47 58 60 70
 15 43 44 47 58 60 68 69
 15 43 44 47 56 57 58 60
 15 43 44 47 56 57 58 60 70
 15 43 44 47 56 57 58 60 68 69
 15 37 45 60 68
 15 37 43 44 60 68
 15 35 58 70
 15 35 58 68 69
 15 35 58 60
 15 35 56 58 60 70
 15 35 56 58 60 68 69
 15 35 54 55 58 60 70
 15 35 54 55 58 60 68 69
 15 35 43 58
 15 35 43 56 58 60
 15 35 43 54 55 58 60
 15 31 45 58 60 70 74
 15 31 45 58 60 70 72 73
 15 31 45 58 60 68 69 74
 15 31 45 58 60 68 69 72 73
 15 31 45 47 58 60 70
 15 31 45 47 58 60 68 69
 15 31 43 45 58 60 74
 15 31 43 45 58 60 72 73
 15 31 43 45 47 58 60
 15 31 43 44 58 60 74
 15 31 43 44 58 60 72 73
 15 31 43 44 58 60 70 74
 15 31 43 44 58 60 70 72 73
 15 31 43 44 58 60 68 69 74
 15 31 43 44 58 60 68 69 72 73
 15 31 43 44 47 58 60
 15 31 43 44 47 58 60 70
 15 31 43 44 47 58 60 68 69
 15 29 58 60 70
 15 29 58 60 68 69
 15 29 56 58 60 70
 15 29 56 58 60 68 69
 15 29 43 58 60
 15 29 43 56 58 60
 15 29 35 58 60 70
 15 29 35 58 60 68 69
 15 29 35 43 58 60
 15 28 45 51 58 60 70
 15 28 45 51 58 60 68 69
 15 28 45 51 56 57 58 60 70
 15 28 45 51 56 57 58 60 68 69
 15 28 45 49 50 58 60 70
 15 28 45 49 50 58 60 68 69
 15 28 45 49 50 56 57 58 60 70
 15 28 45 49 50 56 57 58 60 68 69
 15 28 43 45 51 58 60
 15 28 43 45 51 56 57 58 60
 15 28 43 45 49 50 58 60
 15 28 43 45 49 50 56 57 58 60
 15 28 43 44 51 58 60
 15 28 43 44 51 58 60 70
 15 28 43 44 51 58 60 68 69
 15 28 43 44 51 56 57 58 60
 15 28 43 44 51 56 57 58 60 70
 15 28 43 44 51 56 57 58 60 68 69
 15 28 43 44 49 50 58 60
 15 28 43 44 49 50 58 60 70
 15 28 43 44 49 50 58 60 68 69
 15 28 43 44 49 50 56 57 58 60
 15 28 43 44 49 50 56 57 58 60 70
 15 28 43 44 49 50 56 57 58 60 68 69
 15 28 31 45 51 58 60 70
 15 28 31 45 51 58 60 68 69
 15 28 31 45 49 50 58 60 70
 15 28 31 45 49 50 58 60 68 69
 15 28 31 43 45 51 58 60
 15 28 31 43 45 49 50 58 60
 15 28 31 43 44 51 58 60
 15 28 31 43 44 51 58 60 70
 15 28 31 43 44 51 58 60 68 69
 15 28 31 43 44 49 50 58 60
 15 28 31 43 44 49 50 58 60 70
 15 28 31 43 44 49 50 58 60 68 69
 15 26 45 60 64
 15 26 45 60 62 63
 15 26 45 58
 15 26 43 44 60 64
 15 26 43 44 60 62 63
 15 26 43 44 58
 15 26 37 45 60
 15 26 37 43 44 60
 15 26 27 45 51 58 60 70
 15 26 27 45 51 58 60 68 69
 15 26 27 45 51 56 57 58 60 70
 15 26 27 45 51 56 57 58 60 68 69
 15 26 27 45 49 50 58 60 70
 15 26 27 45 49 50 58 60 68 69
 15 26 27 45 49 50 56 57 58 60 70
 15 26 27 45 49 50 56 57 58 60 68 69
 15 26 27 43 45 51 58 60
 15 26 27 43 45 51 56 57 58 60
 15 26 27 43 45 49 50 58 60
 15 26 27 43 45 49 50 56 57 58 60
 15 26 27 43 44 51 58 60
 15 26 27 43 44 51 58 60 70
 15 26 27 43 44 51 58 60 68 69
 15 26 27 43 44 51 56 57 58 60
 15 26 27 43 44 51 56 57 58 60 70
 15 26 27 43 44 51 56 57 58 60 68 69
 15 26 27 43 44 49 50 58 60
 15 26 27 43 44 49 50 58 60 70
 15 26 27 43 44 49 50 58 60 68 69
 15 26 27 43 44 49 50 56 57 58 60
 15 26 27 43 44 49 50 56 57 58 60 70
 15 26 27 43 44 49 50 56 57 58 60 68 69
 15 26 27 31 45 51 58 60 70
 15 26 27 31 45 51 58 60 68 69
 15 26 27 31 45 49 50 58 60 70
 15 26 27 31 45 49 50 58 60 68 69
 15 26 27 31 43 45 51 58 60
 15 26 27 31 43 45 49 50 58 60
 15 26 27 31 43 44 51 58 60
 15 26 27 31 43 44 51 58 60 70
 15 26 27 31 43 44 51 58 60 68 69
 15 26 27 31 43 44 49 50 58 60
 15 26 27 31 43 44 49 50 58 60 70
 15 26 27 31 43 44 49 50 58 60 68 69
 15 24 45 58 60
 15 24 43 44 58 60
 15 24 28 45 58 60 70
 15 24 28 45 58 60 68 69
 15 24 28 45 56 57 58 60 70
 15 24 28 45 56 57 58 60 68 69
 15 24 28 43 45 58 60
 15 24 28 43 45 56 57 58 60
 15 24 28 43 44 58 60
 15 24 28 43 44 58 60 70
 15 24 28 43 44 58 60 68 69
 15 24 28 43 44 56 57 58 60
 15 24 28 43 44 56 57 58 60 70
 15 24 28 43 44 56 57 58 60 68 69
 15 24 28 31 45 58 60 70
 15 24 28 31 45 58 60 68 69
 15 24 28 31 43 45 58 60
 15 24 28 31 43 44 58 60
 15 24 28 31 43 44 58 60 70
 15 24 28 31 43 44 58 60 68 69
 15 24 26 27 45 58 60 70
 15 24 26 27 45 58 60 68 69
 15 24 26 27 45 56 57 58 60 70
 15 24 26 27 45 56 57 58 60 68 69
 15 24 26 27 43 45 58 60
 15 24 26 27 43 45 56 57 58 60
 15 24 26 27 43 44 58 60
 15 24 26 27 43 44 58 60 70
 15 24 26 27 43 44 58 60 68 69
 15 24 26 27 43 44 56 57 58 60
 15 24 26 27 43 44 56 57 58 60 70
 15 24 26 27 43 44 56 57 58 60 68 69
 15 24 26 27 31 45 58 60 70
 15 24 26 27 31 45 58 60 68 69
 15 24 26 27 31 43 45 58 60
 15 24 26 27 31 43 44 58 60
 15 24 26 27 31 43 44 58 60 70
 15 24 26 27 31 43 44 58 60 68 69
 15 24 25 45 60 64
 15 24 25 45 60 62 63
 15 24 25 45 58
 15 24 25 43 44 60 64
 15 24 25 43 44 60 62 63
 15 24 25 43 44 58
 15 24 25 37 45 60
 15 24 25 37 43 44 60
 15 18 60 64 68
 15 18 60 62 63 68
 15 18 58 68
 15 18 58 60 70 74
 15 18 58 60 70 72 73
 15 18 58 60 68 69 74
 15 18 58 60 68 69 72 73
 15 18 56 57 58 60 70 74
 15 18 56 57 58 60 70 72 73
 15 18 56 57 58 60 68 69 74
 15 18 56 57 58 60 68 69 72 73
 15 18 51 58 60
 15 18 49 50 58 60
 15 18 47 58 60 70
 15 18 47 58 60 68 69
 15 18 47 56 57 58 60 70
 15 18 47 56 57 58 60 68 69
 15 18 43 58 60 74
 15 18 43 58 60 72 73
 15 18 43 56 57 58 60 74
 15 18 43 56 57 58 60 72 73
 15 18 43 47 58 60
 15 18 43 47 56 57 58 60
 15 18 37 60 68
 15 18 31 58 60 70 74
 15 18 31 58 60 70 72 73
 15 18 31 58 60 68 69 74
 15 18 31 58 60 68 69 72 73
 15 18 31 47 58 60 70
 15 18 31 47 58 60 68 69
 15 18 31 43 58 60 74
 15 18 31 43 58 60 72 73
 15 18 31 43 47 58 60
 15 18 28 51 58 60 70
 15 18 28 51 58 60 68 69
 15 18 28 51 56 57 58 60 70
 15 18 28 51 56 57 58 60 68 69
 15 18 28 49 50 58 60 70
 15 18 28 49 50 58 60 68 69
 15 18 28 49 50 56 57 58 60 70
 15 18 28 49 50 56 57 58 60 68 69
 15 18 28 43 51 58 60
 15 18 28 43 51 56 57 58 60
 15 18 28 43 49 50 58 60
 15 18 28 43 49 50 56 57 58 60
 15 18 28 31 51 58 60 70
 15 18 28 31 51 58 60 68 69
 15 18 28 31 49 50 58 60 70
 15 18 28 31 49 50 58 60 68 69
 15 18 28 31 43 51 58 60
 15 18 28 31 43 49 50 58 60
 15 18 26 60 64
 15 18 26 60 62 63
 15 18 26 58
 15 18 26 37 60
 15 18 26 27 51 58 60 70
 15 18 26 27 51 58 60 68 69
 15 18 26 27 51 56 57 58 60 70
 15 18 26 27 51 56 57 58 60 68 69
 15 18 26 27 49 50 58 60 70
 15 18 26 27 49 50 58 60 68 69
 15 18 26 27 49 50 56 57 58 60 70
 15 18 26 27 49 50 56 57 58 60 68 69
 15 18 26 27 43 51 58 60
 15 18 26 27 43 51 56 57 58 60
 15 18 26 27 43 49 50 58 60
 15 18 26 27 43 49 50 56 57 58 60
 15 18 26 27 31 51 58 60 70
 15 18 26 27 31 51 58 60 68 69
 15 18 26 27 31 49 50 58 60 70
 15 18 26 27 31 49 50 58 60 68 69
 15 18 26 27 31 43 51 58 60
 15 18 26 27 31 43 49 50 58 60
 15 18 24 58 60
 15 18 24 28 58 60 70
 15 18 24 28 58 60 68 69
 15 18 24 28 56 57 58 60 70
 15 18 24 28 56 57 58 60 68 69
 15 18 24 28 43 58 60
 15 18 24 28 43 56 57 58 60
 15 18 24 28 31 58 60 70
 15 18 24 28 31 58 60 68 69
 15 18 24 28 31 43 58 60
 15 18 24 26 27 58 60 70
 15 18 24 26 27 58 60 68 69
 15 18 24 26 27 56 57 58 60 70
 15 18 24 26 27 56 57 58 60 68 69
 15 18 24 26 27 43 58 60
 15 18 24 26 27 43 56 57 58 60
 15 18 24 26 27 31 58 60 70
 15 18 24 26 27 31 58 60 68 69
 15 18 24 26 27 31 43 58 60
 15 18 24 25 60 64
 15 18 24 25 60 62 63
 15 18 24 25 58
 15 18 24 25 37 60
 13 58 60 72
 13 58 60 70
 13 58 60 70 71
 13 58 60 68 69
 13 58 60 66 72
 13 58 60 66 70 71
 13 58 60 64 65 72
 13 58 60 64 65 70 71
 13 56 60
 13 56 58 60
 13 56 58 60 72
 13 56 58 60 70
 13 56 58 60 70 71
 13 56 58 60 68 69
 13 56 58 60 66 72
 13 56 58 60 66 70 71
 13 56 58 60 64 65 72
 13 56 58 60 64 65 70 71
 13 54 55 58 60 70
 13 54 55 58 60 68 69
 13 54 55 56 58 60 70
 13 54 55 56 58 60 68 69
 13 53 56 58
 13 51 52 56 58
 13 45 58 60
 13 45 58 60 66
 13 45 58 60 64 65
 13 45 56 58 60
 13 45 56 58 60 66
 13 45 56 58 60 64 65
 13 43 58 60
 13 43 56 58 60
 13 43 54 55 58 60
 13 43 54 55 56 58 60
 13 39 58 60 72
 13 39 58 60 70 71
 13 39 56 58 60 72
 13 39 56 58 60 70 71
 13 39 45 58 60
 13 39 45 56 58 60
 13 37 58 60 72
 13 37 58 60 70 71
 13 37 45 58 60
 13 35 58 60
 13 35 58 60 72
 13 35 58 60 70
 13 35 58 60 70 71
 13 35 58 60 68 69
 13 35 58 60 66 72
 13 35 58 60 66 70 71
 13 35 58 60 64 65 72
 13 35 58 60 64 65 70 71
 13 35 56 58 60 70
 13 35 56 58 60 68 69
 13 35 56 57 58 60 70
 13 35 56 57 58 60 68 69
 13 35 54 55 58 60 70
 13 35 54 55 58 60 68 69
 13 35 45 58 60
 13 35 45 58 60 66
 13 35 45 58 60 64 65
 13 35 43 58 60
 13 35 43 56 58 60
 13 35 43 56 57 58 60
 13 35 43 54 55 58 60
 13 35 39 58 60 72
 13 35 39 58 60 70 71
 13 35 39 45 58 60
 13 31 58 60 70
 13 31 58 60 68 69
 13 31 56 58 60 70
 13 31 56 58 60 68 69
 13 31 43 58 60
 13 31 43 56 58 60
 13 31 35 58 60 70
 13 31 35 58 60 68 69
 13 31 35 43 58 60
 13 29 58 60 70
 13 29 58 60 68 69
 13 29 56 58 60 70
 13 29 56 58 60 68 69
 13 29 43 58 60
 13 29 43 56 58 60
 13 29 35 58 60 70
 13 29 35 58 60 68 69
 13 29 35 43 58 60
 13 26 56 58
 13 14 56 58 70
 13 14 56 58 68 69
 13 14 45 60 64 68
 13 14 45 60 62 63 68
 13 14 45 58 68
 13 14 45 58 60 70 74
 13 14 45 58 60 70 72 73
 13 14 45 58 60 68 69 74
 13 14 45 58 60 68 69 72 73
 13 14 45 56 57 58 60 70 74
 13 14 45 56 57 58 60 70 72 73
 13 14 45 56 57 58 60 68 69 74
 13 14 45 56 57 58 60 68 69 72 73
 13 14 45 51 58 60
 13 14 45 49 50 58 60
 13 14 45 47 58 60 70
 13 14 45 47 58 60 68 69
 13 14 45 47 56 57 58 60 70
 13 14 45 47 56 57 58 60 68 69
 13 14 43 56 58
 13 14 43 45 58 60 74
 13 14 43 45 58 60 72 73
 13 14 43 45 56 57 58 60 74
 13 14 43 45 56 57 58 60 72 73
 13 14 43 45 47 58 60
 13 14 43 45 47 56 57 58 60
 13 14 43 44 60 64 68
 13 14 43 44 60 62 63 68
 13 14 43 44 58 68
 13 14 43 44 58 60 74
 13 14 43 44 58 60 72 73
 13 14 43 44 58 60 70 74
 13 14 43 44 58 60 70 72 73
 13 14 43 44 58 60 68 69 74
 13 14 43 44 58 60 68 69 72 73
 13 14 43 44 56 57 58 60 74
 13 14 43 44 56 57 58 60 72 73
 13 14 43 44 56 57 58 60 70 74
 13 14 43 44 56 57 58 60 70 72 73
 13 14 43 44 56 57 58 60 68 69 74
 13 14 43 44 56 57 58 60 68 69 72 73
 13 14 43 44 51 58 60
 13 14 43 44 49 50 58 60
 13 14 43 44 47 58 60
 13 14 43 44 47 58 60 70
 13 14 43 44 47 58 60 68 69
 13 14 43 44 47 56 57 58 60
 13 14 43 44 47 56 57 58 60 70
 13 14 43 44 47 56 57 58 60 68 69
 13 14 37 45 60 68
 13 14 37 43 44 60 68
 13 14 35 58 70
 13 14 35 58 68 69
 13 14 35 43 58
 13 14 31 45 58 60 70 74
 13 14 31 45 58 60 70 72 73
 13 14 31 45 58 60 68 69 74
 13 14 31 45 58 60 68 69 72 73
 13 14 31 45 47 58 60 70
 13 14 31 45 47 58 60 68 69
 13 14 31 43 45 58 60 74
 13 14 31 43 45 58 60 72 73
 13 14 31 43 45 47 58 60
 13 14 31 43 44 58 60 74
 13 14 31 43 44 58 60 72 73
 13 14 31 43 44 58 60 70 74
 13 14 31 43 44 58 60 70 72 73
 13 14 31 43 44 58 60 68 69 74
 13 14 31 43 44 58 60 68 69 72 73
 13 14 31 43 44 47 58 60
 13 14 31 43 44 47 58 60 70
 13 14 31 43 44 47 58 60 68 69
 13 14 28 45 51 58 60 70
 13 14 28 45 51 58 60 68 69
 13 14 28 45 51 56 57 58 60 70
 13 14 28 45 51 56 57 58 60 68 69
 13 14 28 45 49 50 58 60 70
 13 14 28 45 49 50 58 60 68 69
 13 14 28 45 49 50 56 57 58 60 70
 13 14 28 45 49 50 56 57 58 60 68 69
 13 14 28 43 45 51 58 60
 13 14 28 43 45 51 56 57 58 60
 13 14 28 43 45 49 50 58 60
 13 14 28 43 45 49 50 56 57 58 60
 13 14 28 43 44 51 58 60
 13 14 28 43 44 51 58 60 70
 13 14 28 43 44 51 58 60 68 69
 13 14 28 43 44 51 56 57 58 60
 13 14 28 43 44 51 56 57 58 60 70
 13 14 28 43 44 51 56 57 58 60 68 69
 13 14 28 43 44 49 50 58 60
 13 14 28 43 44 49 50 58 60 70
 13 14 28 43 44 49 50 58 60 68 69
 13 14 28 43 44 49 50 56 57 58 60
 13 14 28 43 44 49 50 56 57 58 60 70
 13 14 28 43 44 49 50 56 57 58 60 68 69
 13 14 28 31 45 51 58 60 70
 13 14 28 31 45 51 58 60 68 69
 13 14 28 31 45 49 50 58 60 70
 13 14 28 31 45 49 50 58 60 68 69
 13 14 28 31 43 45 51 58 60
 13 14 28 31 43 45 49 50 58 60
 13 14 28 31 43 44 51 58 60
 13 14 28 31 43 44 51 58 60 70
 13 14 28 31 43 44 51 58 60 68 69
 13 14 28 31 43 44 49 50 58 60
 13 14 28 31 43 44 49 50 58 60 70
 13 14 28 31 43 44 49 50 58 60 68 69
 13 14 26 45 60 64
 13 14 26 45 60 62 63
 13 14 26 45 58
 13 14 26 43 44 60 64
 13 14 26 43 44 60 62 63
 13 14 26 43 44 58
 13 14 26 37 45 60
 13 14 26 37 43 44 60
 13 14 26 27 45 51 58 60 70
 13 14 26 27 45 51 58 60 68 69
 13 14 26 27 45 51 56 57 58 60 70
 13 14 26 27 45 51 56 57 58 60 68 69
 13 14 26 27 45 49 50 58 60 70
 13 14 26 27 45 49 50 58 60 68 69
 13 14 26 27 45 49 50 56 57 58 60 70
 13 14 26 27 45 49 50 56 57 58 60 68 69
 13 14 26 27 43 45 51 58 60
 13 14 26 27 43 45 51 56 57 58 60
 13 14 26 27 43 45 49 50 58 60
 13 14 26 27 43 45 49 50 56 57 58 60
 13 14 26 27 43 44 51 58 60
 13 14 26 27 43 44 51 58 60 70
 13 14 26 27 43 44 51 58 60 68 69
 13 14 26 27 43 44 51 56 57 58 60
 13 14 26 27 43 44 51 56 57 58 60 70
 13 14 26 27 43 44 51 56 57 58 60 68 69
 13 14 26 27 43 44 49 50 58 60
 13 14 26 27 43 44 49 50 58 60 70
 13 14 26 27 43 44 49 50 58 60 68 69
 13 14 26 27 43 44 49 50 56 57 58 60
 13 14 26 27 43 44 49 50 56 57 58 60 70
 13 14 26 27 43 44 49 50 56 57 58 60 68 69
 13 14 26 27 31 45 51 58 60 70
 13 14 26 27 31 45 51 58 60 68 69
 13 14 26 27 31 45 49 50 58 60 70
 13 14 26 27 31 45 49 50 58 60 68 69
 13 14 26 27 31 43 45 51 58 60
 13 14 26 27 31 43 45 49 50 58 60
 13 14 26 27 31 43 44 51 58 60
 13 14 26 27 31 43 44 51 58 60 70
 13 14 26 27 31 43 44 51 58 60 68 69
 13 14 26 27 31 43 44 49 50 58 60
 13 14 26 27 31 43 44 49 50 58 60 70
 13 14 26 27 31 43 44 49 50 58 60 68 69
 13 14 24 45 58 60
 13 14 24 43 44 58 60
 13 14 24 28 45 58 60 70
 13 14 24 28 45 58 60 68 69
 13 14 24 28 45 56 57 58 60 70
 13 14 24 28 45 56 57 58 60 68 69
 13 14 24 28 43 45 58 60
 13 14 24 28 43 45 56 57 58 60
 13 14 24 28 43 44 58 60
 13 14 24 28 43 44 58 60 70
 13 14 24 28 43 44 58 60 68 69
 13 14 24 28 43 44 56 57 58 60
 13 14 24 28 43 44 56 57 58 60 70
 13 14 24 28 43 44 56 57 58 60 68 69
 13 14 24 28 31 45 58 60 70
 13 14 24 28 31 45 58 60 68 69
 13 14 24 28 31 43 45 58 60
 13 14 24 28 31 43 44 58 60
 13 14 24 28 31 43 44 58 60 70
 13 14 24 28 31 43 44 58 60 68 69
 13 14 24 26 27 45 58 60 70
 13 14 24 26 27 45 58 60 68 69
 13 14 24 26 27 45 56 57 58 60 70
 13 14 24 26 27 45 56 57 58 60 68 69
 13 14 24 26 27 43 45 58 60
 13 14 24 26 27 43 45 56 57 58 60
 13 14 24 26 27 43 44 58 60
 13 14 24 26 27 43 44 58 60 70
 13 14 24 26 27 43 44 58 60 68 69
 13 14 24 26 27 43 44 56 57 58 60
 13 14 24 26 27 43 44 56 57 58 60 70
 13 14 24 26 27 43 44 56 57 58 60 68 69
 13 14 24 26 27 31 45 58 60 70
 13 14 24 26 27 31 45 58 60 68 69
 13 14 24 26 27 31 43 45 58 60
 13 14 24 26 27 31 43 44 58 60
 13 14 24 26 27 31 43 44 58 60 70
 13 14 24 26 27 31 43 44 58 60 68 69
 13 14 24 25 45 60 64
 13 14 24 25 45 60 62 63
 13 14 24 25 45 58
 13 14 24 25 43 44 60 64
 13 14 24 25 43 44 60 62 63
 13 14 24 25 43 44 58
 13 14 24 25 37 45 60
 13 14 24 25 37 43 44 60
 13 14 18 60 64 68
 13 14 18 60 62 63 68
 13 14 18 58 68
 13 14 18 58 60 70 74
 13 14 18 58 60 70 72 73
 13 14 18 58 60 68 69 74
 13 14 18 58 60 68 69 72 73
 13 14 18 56 57 58 60 70 74
 13 14 18 56 57 58 60 70 72 73
 13 14 18 56 57 58 60 68 69 74
 13 14 18 56 57 58 60 68 69 72 73
 13 14 18 51 58 60
 13 14 18 49 50 58 60
 13 14 18 47 58 60 70
 13 14 18 47 58 60 68 69
 13 14 18 47 56 57 58 60 70
 13 14 18 47 56 57 58 60 68 69
 13 14 18 43 58 60 74
 13 14 18 43 58 60 72 73
 13 14 18 43 56 57 58 60 74
 13 14 18 43 56 57 58 60 72 73
 13 14 18 43 47 58 60
 13 14 18 43 47 56 57 58 60
 13 14 18 37 60 68
 13 14 18 31 58 60 70 74
 13 14 18 31 58 60 70 72 73
 13 14 18 31 58 60 68 69 74
 13 14 18 31 58 60 68 69 72 73
 13 14 18 31 47 58 60 70
 13 14 18 31 47 58 60 68 69
 13 14 18 31 43 58 60 74
 13 14 18 31 43 58 60 72 73
 13 14 18 31 43 47 58 60
 13 14 18 28 51 58 60 70
 13 14 18 28 51 58 60 68 69
 13 14 18 28 51 56 57 58 60 70
 13 14 18 28 51 56 57 58 60 68 69
 13 14 18 28 49 50 58 60 70
 13 14 18 28 49 50 58 60 68 69
 13 14 18 28 49 50 56 57 58 60 70
 13 14 18 28 49 50 56 57 58 60 68 69
 13 14 18 28 43 51 58 60
 13 14 18 28 43 51 56 57 58 60
 13 14 18 28 43 49 50 58 60
 13 14 18 28 43 49 50 56 57 58 60
 13 14 18 28 31 51 58 60 70
 13 14 18 28 31 51 58 60 68 69
 13 14 18 28 31 49 50 58 60 70
 13 14 18 28 31 49 50 58 60 68 69
 13 14 18 28 31 43 51 58 60
 13 14 18 28 31 43 49 50 58 60
 13 14 18 26 60 64
 13 14 18 26 60 62 63
 13 14 18 26 58
 13 14 18 26 37 60
 13 14 18 26 27 51 58 60 70
 13 14 18 26 27 51 58 60 68 69
 13 14 18 26 27 51 56 57 58 60 70
 13 14 18 26 27 51 56 57 58 60 68 69
 13 14 18 26 27 49 50 58 60 70
 13 14 18 26 27 49 50 58 60 68 69
 13 14 18 26 27 49 50 56 57 58 60 70
 13 14 18 26 27 49 50 56 57 58 60 68 69
 13 14 18 26 27 43 51 58 60
 13 14 18 26 27 43 51 56 57 58 60
 13 14 18 26 27 43 49 50 58 60
 13 14 18 26 27 43 49 50 56 57 58 60
 13 14 18 26 27 31 51 58 60 70
 13 14 18 26 27 31 51 58 60 68 69
 13 14 18 26 27 31 49 50 58 60 70
 13 14 18 26 27 31 49 50 58 60 68 69
 13 14 18 26 27 31 43 51 58 60
 13 14 18 26 27 31 43 49 50 58 60
 13 14 18 24 58 60
 13 14 18 24 28 58 60 70
 13 14 18 24 28 58 60 68 69
 13 14 18 24 28 56 57 58 60 70
 13 14 18 24 28 56 57 58 60 68 69
 13 14 18 24 28 43 58 60
 13 14 18 24 28 43 56 57 58 60
 13 14 18 24 28 31 58 60 70
 13 14 18 24 28 31 58 60 68 69
 13 14 18 24 28 31 43 58 60
 13 14 18 24 26 27 58 60 70
 13 14 18 24 26 27 58 60 68 69
 13 14 18 24 26 27 56 57 58 60 70
 13 14 18 24 26 27 56 57 58 60 68 69
 13 14 18 24 26 27 43 58 60
 13 14 18 24 26 27 43 56 57 58 60
 13 14 18 24 26 27 31 58 60 70
 13 14 18 24 26 27 31 58 60 68 69
 13 14 18 24 26 27 31 43 58 60
 13 14 18 24 25 60 64
 13 14 18 24 25 60 62 63
 13 14 18 24 25 58
 13 14 18 24 25 37 60
 1 56 58 68
 1 56 58 66 67
 1 51 60
 1 51 60 64
 1 51 60 62 63
 1 51 58 72
 1 51 58 70 71
 1 51 58 62
 1 51 58 60
 1 51 58 60 70
 1 51 58 60 68 72
 1 51 58 60 68 70 71
 1 51 58 60 68 69
 1 51 58 60 66 67 72
 1 51 58 60 66 67 70 71
 1 51 58 60 64 72
 1 51 58 60 64 70 71
 1 51 58 60 62 63 72
 1 51 58 60 62 63 70 71
 1 51 56 58 60 70
 1 51 56 58 60 68 69
 1 51 56 57 58 72
 1 51 56 57 58 70 71
 1 51 56 57 58 60 68 72
 1 51 56 57 58 60 68 70 71
 1 51 56 57 58 60 66 67 72
 1 51 56 57 58 60 66 67 70 71
 1 51 56 57 58 60 64 72
 1 51 56 57 58 60 64 70 71
 1 51 56 57 58 60 62 63 72
 1 51 56 57 58 60 62 63 70 71
 1 49 50 60
 1 49 50 60 64
 1 49 50 60 62 63
 1 49 50 58 72
 1 49 50 58 70 71
 1 49 50 58 62
 1 49 50 58 60
 1 49 50 58 60 70
 1 49 50 58 60 68 72
 1 49 50 58 60 68 70 71
 1 49 50 58 60 68 69
 1 49 50 58 60 66 67 72
 1 49 50 58 60 66 67 70 71
 1 49 50 58 60 64 72
 1 49 50 58 60 64 70 71
 1 49 50 58 60 62 63 72
 1 49 50 58 60 62 63 70 71
 1 49 50 56 58 60 70
 1 49 50 56 58 60 68 69
 1 49 50 56 57 58 72
 1 49 50 56 57 58 70 71
 1 49 50 56 57 58 60 68 72
 1 49 50 56 57 58 60 68 70 71
 1 49 50 56 57 58 60 66 67 72
 1 49 50 56 57 58 60 66 67 70 71
 1 49 50 56 57 58 60 64 72
 1 49 50 56 57 58 60 64 70 71
 1 49 50 56 57 58 60 62 63 72
 1 49 50 56 57 58 60 62 63 70 71
 1 45 51 58
 1 45 51 58 60 68
 1 45 51 58 60 66 67
 1 45 51 58 60 64
 1 45 51 58 60 62 63
 1 45 51 57 58 60 70
 1 45 51 57 58 60 68 69
 1 45 51 56 57 58
 1 45 51 56 57 58 60 70
 1 45 51 56 57 58 60 68
 1 45 51 56 57 58 60 68 69
 1 45 51 56 57 58 60 66 67
 1 45 51 56 57 58 60 64
 1 45 51 56 57 58 60 62 63
 1 45 49 50 58
 1 45 49 50 58 60 68
 1 45 49 50 58 60 66 67
 1 45 49 50 58 60 64
 1 45 49 50 58 60 62 63
 1 45 49 50 57 58 60 70
 1 45 49 50 57 58 60 68 69
 1 45 49 50 56 57 58
 1 45 49 50 56 57 58 60 70
 1 45 49 50 56 57 58 60 68
 1 45 49 50 56 57 58 60 68 69
 1 45 49 50 56 57 58 60 66 67
 1 45 49 50 56 57 58 60 64
 1 45 49 50 56 57 58 60 62 63
 1 43 51 58 60
 1 43 51 56 58 60
 1 43 49 50 58 60
 1 43 49 50 56 58 60
 1 43 45 51 57 58 60
 1 43 45 51 56 57 58 60
 1 43 45 49 50 57 58 60
 1 43 45 49 50 56 57 58 60
 1 43 44 51 57 58 60
 1 43 44 51 57 58 60 70
 1 43 44 51 57 58 60 68 69
 1 43 44 51 56 57 58 60
 1 43 44 51 56 57 58 60 70
 1 43 44 51 56 57 58 60 68 69
 1 43 44 49 50 57 58 60
 1 43 44 49 50 57 58 60 70
 1 43 44 49 50 57 58 60 68 69
 1 43 44 49 50 56 57 58 60
 1 43 44 49 50 56 57 58 60 70
 1 43 44 49 50 56 57 58 60 68 69
 1 41 56 58
 1 41 51 58 60 72
 1 41 51 58 60 70 71
 1 41 51 56 57 58 60 72
 1 41 51 56 57 58 60 70 71
 1 41 49 50 58 60 72
 1 41 49 50 58 60 70 71
 1 41 49 50 56 57 58 60 72
 1 41 49 50 56 57 58 60 70 71
 1 41 45 51 58 60
 1 41 45 51 56 57 58 60
 1 41 45 49 50 58 60
 1 41 45 49 50 56 57 58 60
 1 37 51 60
 1 37 51 58 60 72
 1 37 51 58 60 70 71
 1 37 51 56 57 58 60 72
 1 37 51 56 57 58 60 70 71
 1 37 49 50 60
 1 37 49 50 58 60 72
 1 37 49 50 58 60 70 71
 1 37 49 50 56 57 58 60 72
 1 37 49 50 56 57 58 60 70 71
 1 37 45 51 58 60
 1 37 45 51 56 57 58 60
 1 37 45 49 50 58 60
 1 37 45 49 50 56 57 58 60
 1 35 58 68
 1 35 58 66 67
 1 35 41 58
 1 31 51 58 72
 1 31 51 58 70 71
 1 31 51 58 60 68 72
 1 31 51 58 60 68 70 71
 1 31 51 58 60 66 67 72
 1 31 51 58 60 66 67 70 71
 1 31 51 58 60 64 72
 1 31 51 58 60 64 70 71
 1 31 51 58 60 62 63 72
 1 31 51 58 60 62 63 70 71
 1 31 49 50 58 72
 1 31 49 50 58 70 71
 1 31 49 50 58 60 68 72
 1 31 49 50 58 60 68 70 71
 1 31 49 50 58 60 66 67 72
 1 31 49 50 58 60 66 67 70 71
 1 31 49 50 58 60 64 72
 1 31 49 50 58 60 64 70 71
 1 31 49 50 58 60 62 63 72
 1 31 49 50 58 60 62 63 70 71
 1 31 45 51 58
 1 31 45 51 58 60 68
 1 31 45 51 58 60 66 67
 1 31 45 51 58 60 64
 1 31 45 51 58 60 62 63
 1 31 45 51 57 58 60 70
 1 31 45 51 57 58 60 68 69
 1 31 45 49 50 58
 1 31 45 49 50 58 60 68
 1 31 45 49 50 58 60 66 67
 1 31 45 49 50 58 60 64
 1 31 45 49 50 58 60 62 63
 1 31 45 49 50 57 58 60 70
 1 31 45 49 50 57 58 60 68 69
 1 31 43 45 51 57 58 60
 1 31 43 45 49 50 57 58 60
 1 31 43 44 51 57 58 60
 1 31 43 44 51 57 58 60 70
 1 31 43 44 51 57 58 60 68 69
 1 31 43 44 49 50 57 58 60
 1 31 43 44 49 50 57 58 60 70
 1 31 43 44 49 50 57 58 60 68 69
 1 31 41 51 58 60 72
 1 31 41 51 58 60 70 71
 1 31 41 49 50 58 60 72
 1 31 41 49 50 58 60 70 71
 1 31 41 45 51 58 60
 1 31 41 45 49 50 58 60
 1 31 37 51 58 60 72
 1 31 37 51 58 60 70 71
 1 31 37 49 50 58 60 72
 1 31 37 49 50 58 60 70 71
 1 31 37 45 51 58 60
 1 31 37 45 49 50 58 60
 1 24 60
 1 24 60 64
 1 24 60 62 63
 1 24 58 72
 1 24 58 70 71
 1 24 58 62
 1 24 58 60
 1 24 58 60 70
 1 24 58 60 68 72
 1 24 58 60 68 70 71
 1 24 58 60 68 69
 1 24 58 60 66 67 72
 1 24 58 60 66 67 70 71
 1 24 58 60 64 72
 1 24 58 60 64 70 71
 1 24 58 60 62 63 72
 1 24 58 60 62 63 70 71
 1 24 56 58 60 70
 1 24 56 58 60 68 69
 1 24 56 57 58 72
 1 24 56 57 58 70 71
 1 24 56 57 58 60 68 72
 1 24 56 57 58 60 68 70 71
 1 24 56 57 58 60 66 67 72
 1 24 56 57 58 60 66 67 70 71
 1 24 56 57 58 60 64 72
 1 24 56 57 58 60 64 70 71
 1 24 56 57 58 60 62 63 72
 1 24 56 57 58 60 62 63 70 71
 1 24 45 58
 1 24 45 58 60 68
 1 24 45 58 60 66 67
 1 24 45 58 60 64
 1 24 45 58 60 62 63
 1 24 45 57 58 60 70
 1 24 45 57 58 60 68 69
 1 24 45 56 57 58
 1 24 45 56 57 58 60 70
 1 24 45 56 57 58 60 68
 1 24 45 56 57 58 60 68 69
 1 24 45 56 57 58 60 66 67
 1 24 45 56 57 58 60 64
 1 24 45 56 57 58 60 62 63
 1 24 43 58 60
 1 24 43 56 58 60
 1 24 43 45 57 58 60
 1 24 43 45 56 57 58 60
 1 24 43 44 57 58 60
 1 24 43 44 57 58 60 70
 1 24 43 44 57 58 60 68 69
 1 24 43 44 56 57 58 60
 1 24 43 44 56 57 58 60 70
 1 24 43 44 56 57 58 60 68 69
 1 24 41 58 60 72
 1 24 41 58 60 70 71
 1 24 41 56 57 58 60 72
 1 24 41 56 57 58 60 70 71
 1 24 41 45 58 60
 1 24 41 45 56 57 58 60
 1 24 37 60
 1 24 37 58 60 72
 1 24 37 58 60 70 71
 1 24 37 56 57 58 60 72
 1 24 37 56 57 58 60 70 71
 1 24 37 45 58 60
 1 24 37 45 56 57 58 60
 1 24 31 58 72
 1 24 31 58 70 71
 1 24 31 58 60 68 72
 1 24 31 58 60 68 70 71
 1 24 31 58 60 66 67 72
 1 24 31 58 60 66 67 70 71
 1 24 31 58 60 64 72
 1 24 31 58 60 64 70 71
 1 24 31 58 60 62 63 72
 1 24 31 58 60 62 63 70 71
 1 24 31 45 58
 1 24 31 45 58 60 68
 1 24 31 45 58 60 66 67
 1 24 31 45 58 60 64
 1 24 31 45 58 60 62 63
 1 24 31 45 57 58 60 70
 1 24 31 45 57 58 60 68 69
 1 24 31 43 45 57 58 60
 1 24 31 43 44 57 58 60
 1 24 31 43 44 57 58 60 70
 1 24 31 43 44 57 58 60 68 69
 1 24 31 41 58 60 72
 1 24 31 41 58 60 70 71
 1 24 31 41 45 58 60
 1 24 31 37 58 60 72
 1 24 31 37 58 60 70 71
 1 24 31 37 45 58 60
 1 18 51 57 58 60 70
 1 18 51 57 58 60 68 69
 1 18 51 56 57 58 60 70
 1 18 51 56 57 58 60 68 69
 1 18 49 50 57 58 60 70
 1 18 49 50 57 58 60 68 69
 1 18 49 50 56 57 58 60 70
 1 18 49 50 56 57 58 60 68 69
 1 18 43 51 57 58 60
 1 18 43 51 56 57 58 60
 1 18 43 49 50 57 58 60
 1 18 43 49 50 56 57 58 60
 1 18 31 51 57 58 60 70
 1 18 31 51 57 58 60 68 69
 1 18 31 49 50 57 58 60 70
 1 18 31 49 50 57 58 60 68 69
 1 18 31 43 51 57 58 60
 1 18 31 43 49 50 57 58 60
 1 18 24 57 58 60 70
 1 18 24 57 58 60 68 69
 1 18 24 56 57 58 60 70
 1 18 24 56 57 58 60 68 69
 1 18 24 43 57 58 60
 1 18 24 43 56 57 58 60
 1 18 24 31 57 58 60 70
 1 18 24 31 57 58 60 68 69
 1 18 24 31 43 57 58 60
 1 15 45 51 58 60 70
 1 15 45 51 58 60 68 69
 1 15 45 51 56 57 58 60 70
 1 15 45 51 56 57 58 60 68 69
 1 15 45 49 50 58 60 70
 1 15 45 49 50 58 60 68 69
 1 15 45 49 50 56 57 58 60 70
 1 15 45 49 50 56 57 58 60 68 69
 1 15 43 45 51 58 60
 1 15 43 45 51 56 57 58 60
 1 15 43 45 49 50 58 60
 1 15 43 45 49 50 56 57 58 60
 1 15 43 44 51 58 60
 1 15 43 44 51 58 60 70
 1 15 43 44 51 58 60 68 69
 1 15 43 44 51 56 57 58 60
 1 15 43 44 51 56 57 58 60 70
 1 15 43 44 51 56 57 58 60 68 69
 1 15 43 44 49 50 58 60
 1 15 43 44 49 50 58 60 70
 1 15 43 44 49 50 58 60 68 69
 1 15 43 44 49 50 56 57 58 60
 1 15 43 44 49 50 56 57 58 60 70
 1 15 43 44 49 50 56 57 58 60 68 69
 1 15 31 45 51 58 60 70
 1 15 31 45 51 58 60 68 69
 1 15 31 45 49 50 58 60 70
 1 15 31 45 49 50 58 60 68 69
 1 15 31 43 45 51 58 60
 1 15 31 43 45 49 50 58 60
 1 15 31 43 44 51 58 60
 1 15 31 43 44 51 58 60 70
 1 15 31 43 44 51 58 60 68 69
 1 15 31 43 44 49 50 58 60
 1 15 31 43 44 49 50 58 60 70
 1 15 31 43 44 49 50 58 60 68 69
 1 15 24 45 58 60 70
 1 15 24 45 58 60 68 69
 1 15 24 45 56 57 58 60 70
 1 15 24 45 56 57 58 60 68 69
 1 15 24 43 45 58 60
 1 15 24 43 45 56 57 58 60
 1 15 24 43 44 58 60
 1 15 24 43 44 58 60 70
 1 15 24 43 44 58 60 68 69
 1 15 24 43 44 56 57 58 60
 1 15 24 43 44 56 57 58 60 70
 1 15 24 43 44 56 57 58 60 68 69
 1 15 24 31 45 58 60 70
 1 15 24 31 45 58 60 68 69
 1 15 24 31 43 45 58 60
 1 15 24 31 43 44 58 60
 1 15 24 31 43 44 58 60 70
 1 15 24 31 43 44 58 60 68 69
 1 15 18 51 58 60 70
 1 15 18 51 58 60 68 69
 1 15 18 51 56 57 58 60 70
 1 15 18 51 56 57 58 60 68 69
 1 15 18 49 50 58 60 70
 1 15 18 49 50 58 60 68 69
 1 15 18 49 50 56 57 58 60 70
 1 15 18 49 50 56 57 58 60 68 69
 1 15 18 43 51 58 60
 1 15 18 43 51 56 57 58 60
 1 15 18 43 49 50 58 60
 1 15 18 43 49 50 56 57 58 60
 1 15 18 31 51 58 60 70
 1 15 18 31 51 58 60 68 69
 1 15 18 31 49 50 58 60 70
 1 15 18 31 49 50 58 60 68 69
 1 15 18 31 43 51 58 60
 1 15 18 31 43 49 50 58 60
 1 15 18 24 58 60 70
 1 15 18 24 58 60 68 69
 1 15 18 24 56 57 58 60 70
 1 15 18 24 56 57 58 60 68 69
 1 15 18 24 43 58 60
 1 15 18 24 43 56 57 58 60
 1 15 18 24 31 58 60 70
 1 15 18 24 31 58 60 68 69
 1 15 18 24 31 43 58 60
 1 13 14 45 51 58 60 70
 1 13 14 45 51 58 60 68 69
 1 13 14 45 51 56 57 58 60 70
 1 13 14 45 51 56 57 58 60 68 69
 1 13 14 45 49 50 58 60 70
 1 13 14 45 49 50 58 60 68 69
 1 13 14 45 49 50 56 57 58 60 70
 1 13 14 45 49 50 56 57 58 60 68 69
 1 13 14 43 45 51 58 60
 1 13 14 43 45 51 56 57 58 60
 1 13 14 43 45 49 50 58 60
 1 13 14 43 45 49 50 56 57 58 60
 1 13 14 43 44 51 58 60
 1 13 14 43 44 51 58 60 70
 1 13 14 43 44 51 58 60 68 69
 1 13 14 43 44 51 56 57 58 60
 1 13 14 43 44 51 56 57 58 60 70
 1 13 14 43 44 51 56 57 58 60 68 69
 1 13 14 43 44 49 50 58 60
 1 13 14 43 44 49 50 58 60 70
 1 13 14 43 44 49 50 58 60 68 69
 1 13 14 43 44 49 50 56 57 58 60
 1 13 14 43 44 49 50 56 57 58 60 70
 1 13 14 43 44 49 50 56 57 58 60 68 69
 1 13 14 31 45 51 58 60 70
 1 13 14 31 45 51 58 60 68 69
 1 13 14 31 45 49 50 58 60 70
 1 13 14 31 45 49 50 58 60 68 69
 1 13 14 31 43 45 51 58 60
 1 13 14 31 43 45 49 50 58 60
 1 13 14 31 43 44 51 58 60
 1 13 14 31 43 44 51 58 60 70
 1 13 14 31 43 44 51 58 60 68 69
 1 13 14 31 43 44 49 50 58 60
 1 13 14 31 43 44 49 50 58 60 70
 1 13 14 31 43 44 49 50 58 60 68 69
 1 13 14 24 45 58 60 70
 1 13 14 24 45 58 60 68 69
 1 13 14 24 45 56 57 58 60 70
 1 13 14 24 45 56 57 58 60 68 69
 1 13 14 24 43 45 58 60
 1 13 14 24 43 45 56 57 58 60
 1 13 14 24 43 44 58 60
 1 13 14 24 43 44 58 60 70
 1 13 14 24 43 44 58 60 68 69
 1 13 14 24 43 44 56 57 58 60
 1 13 14 24 43 44 56 57 58 60 70
 1 13 14 24 43 44 56 57 58 60 68 69
 1 13 14 24 31 45 58 60 70
 1 13 14 24 31 45 58 60 68 69
 1 13 14 24 31 43 45 58 60
 1 13 14 24 31 43 44 58 60
 1 13 14 24 31 43 44 58 60 70
 1 13 14 24 31 43 44 58 60 68 69
 1 13 14 18 51 58 60 70
 1 13 14 18 51 58 60 68 69
 1 13 14 18 51 56 57 58 60 70
 1 13 14 18 51 56 57 58 60 68 69
 1 13 14 18 49 50 58 60 70
 1 13 14 18 49 50 58 60 68 69
 1 13 14 18 49 50 56 57 58 60 70
 1 13 14 18 49 50 56 57 58 60 68 69
 1 13 14 18 43 51 58 60
 1 13 14 18 43 51 56 57 58 60
 1 13 14 18 43 49 50 58 60
 1 13 14 18 43 49 50 56 57 58 60
 1 13 14 18 31 51 58 60 70
 1 13 14 18 31 51 58 60 68 69
 1 13 14 18 31 49 50 58 60 70
 1 13 14 18 31 49 50 58 60 68 69
 1 13 14 18 31 43 51 58 60
 1 13 14 18 31 43 49 50 58 60
 1 13 14 18 24 58 60 70
 1 13 14 18 24 58 60 68 69
 1 13 14 18 24 56 57 58 60 70
 1 13 14 18 24 56 57 58 60 68 69
 1 13 14 18 24 43 58 60
 1 13 14 18 24 43 56 57 58 60
 1 13 14 18 24 31 58 60 70
 1 13 14 18 24 31 58 60 68 69
 1 13 14 18 24 31 43 58 60
