 47 58 60
 45 46 58 60
 43 60 72 74
 43 60 72 73
 43 60 70 71 74
 43 60 70 71 72 73
 43 56 60 74
 43 56 60 72 73
 43 56 60 70 74
 43 56 60 70 72 73
 43 56 60 68 69 74
 43 56 60 68 69 72 73
 43 54 55 60 74
 43 54 55 60 72 73
 43 54 55 60 70 74
 43 54 55 60 70 72 73
 43 54 55 60 68 69 74
 43 54 55 60 68 69 72 73
 43 47 60 72
 43 47 60 70 71
 43 47 56 60
 43 47 56 60 70
 43 47 56 60 68 69
 43 47 54 55 60
 43 47 54 55 60 70
 43 47 54 55 60 68 69
 43 45 60 74
 43 45 60 72 73
 43 45 47 60
 41 60 72 76
 41 60 72 74
 41 60 72 74 75
 41 60 72 73
 41 60 70 71 76
 41 60 70 71 74
 41 60 70 71 74 75
 41 60 70 71 72 73
 41 56 60 70 76
 41 56 60 70 74
 41 56 60 70 74 75
 41 56 60 70 72 73
 41 56 60 68 69 76
 41 56 60 68 69 74
 41 56 60 68 69 74 75
 41 56 60 68 69 72 73
 41 54 55 60 70 76
 41 54 55 60 70 74
 41 54 55 60 70 74 75
 41 54 55 60 70 72 73
 41 54 55 60 68 69 76
 41 54 55 60 68 69 74
 41 54 55 60 68 69 74 75
 41 54 55 60 68 69 72 73
 41 49 60 72
 41 49 60 70 71
 41 49 56 60 70
 41 49 56 60 68 69
 41 49 54 55 60 70
 41 49 54 55 60 68 69
 41 47 60 72
 41 47 60 70 71
 41 47 56 60 70
 41 47 56 60 68 69
 41 47 54 55 60 70
 41 47 54 55 60 68 69
 41 45 60 76
 41 45 60 74
 41 45 60 74 75
 41 45 60 72 73
 41 45 49 60
 41 45 47 60
 41 43 56 60 76
 41 43 56 60 74
 41 43 56 60 74 75
 41 43 56 60 72 73
 41 43 54 55 60 76
 41 43 54 55 60 74
 41 43 54 55 60 74 75
 41 43 54 55 60 72 73
 41 43 49 56 60
 41 43 49 54 55 60
 41 43 47 56 60
 41 43 47 54 55 60
 41 42 60 72 74
 41 42 60 72 73
 41 42 60 70 71 74
 41 42 60 70 71 72 73
 41 42 56 60 70 74
 41 42 56 60 70 72 73
 41 42 56 60 68 69 74
 41 42 56 60 68 69 72 73
 41 42 54 55 60 70 74
 41 42 54 55 60 70 72 73
 41 42 54 55 60 68 69 74
 41 42 54 55 60 68 69 72 73
 41 42 47 60 72
 41 42 47 60 70 71
 41 42 47 56 60 70
 41 42 47 56 60 68 69
 41 42 47 54 55 60 70
 41 42 47 54 55 60 68 69
 41 42 45 60 74
 41 42 45 60 72 73
 41 42 45 47 60
 41 42 43 56 60 74
 41 42 43 56 60 72 73
 41 42 43 54 55 60 74
 41 42 43 54 55 60 72 73
 41 42 43 47 56 60
 41 42 43 47 54 55 60
 39 40 60 72 76
 39 40 60 72 74
 39 40 60 72 74 75
 39 40 60 72 73
 39 40 60 70 71 76
 39 40 60 70 71 74
 39 40 60 70 71 74 75
 39 40 60 70 71 72 73
 39 40 56 60 70 76
 39 40 56 60 70 74
 39 40 56 60 70 74 75
 39 40 56 60 70 72 73
 39 40 56 60 68 69 76
 39 40 56 60 68 69 74
 39 40 56 60 68 69 74 75
 39 40 56 60 68 69 72 73
 39 40 54 55 60 70 76
 39 40 54 55 60 70 74
 39 40 54 55 60 70 74 75
 39 40 54 55 60 70 72 73
 39 40 54 55 60 68 69 76
 39 40 54 55 60 68 69 74
 39 40 54 55 60 68 69 74 75
 39 40 54 55 60 68 69 72 73
 39 40 49 60 72
 39 40 49 60 70 71
 39 40 49 56 60 70
 39 40 49 56 60 68 69
 39 40 49 54 55 60 70
 39 40 49 54 55 60 68 69
 39 40 47 60 72
 39 40 47 60 70 71
 39 40 47 56 60 70
 39 40 47 56 60 68 69
 39 40 47 54 55 60 70
 39 40 47 54 55 60 68 69
 39 40 45 60 76
 39 40 45 60 74
 39 40 45 60 74 75
 39 40 45 60 72 73
 39 40 45 49 60
 39 40 45 47 60
 39 40 43 56 60 76
 39 40 43 56 60 74
 39 40 43 56 60 74 75
 39 40 43 56 60 72 73
 39 40 43 54 55 60 76
 39 40 43 54 55 60 74
 39 40 43 54 55 60 74 75
 39 40 43 54 55 60 72 73
 39 40 43 49 56 60
 39 40 43 49 54 55 60
 39 40 43 47 56 60
 39 40 43 47 54 55 60
 29 43 60 74
 29 43 60 72 73
 29 43 60 70 74
 29 43 60 70 72 73
 29 43 60 68 69 74
 29 43 60 68 69 72 73
 29 43 47 60
 29 43 47 60 70
 29 43 47 60 68 69
 29 41 60 70 76
 29 41 60 70 74
 29 41 60 70 74 75
 29 41 60 70 72 73
 29 41 60 68 69 76
 29 41 60 68 69 74
 29 41 60 68 69 74 75
 29 41 60 68 69 72 73
 29 41 49 60 70
 29 41 49 60 68 69
 29 41 47 60 70
 29 41 47 60 68 69
 29 41 43 60 76
 29 41 43 60 74
 29 41 43 60 74 75
 29 41 43 60 72 73
 29 41 43 49 60
 29 41 43 47 60
 29 41 42 60 70 74
 29 41 42 60 70 72 73
 29 41 42 60 68 69 74
 29 41 42 60 68 69 72 73
 29 41 42 47 60 70
 29 41 42 47 60 68 69
 29 41 42 43 60 74
 29 41 42 43 60 72 73
 29 41 42 43 47 60
 29 39 40 60 70 76
 29 39 40 60 70 74
 29 39 40 60 70 74 75
 29 39 40 60 70 72 73
 29 39 40 60 68 69 76
 29 39 40 60 68 69 74
 29 39 40 60 68 69 74 75
 29 39 40 60 68 69 72 73
 29 39 40 49 60 70
 29 39 40 49 60 68 69
 29 39 40 47 60 70
 29 39 40 47 60 68 69
 29 39 40 43 60 76
 29 39 40 43 60 74
 29 39 40 43 60 74 75
 29 39 40 43 60 72 73
 29 39 40 43 49 60
 29 39 40 43 47 60
 28 47 58 72
 28 47 58 70 71
 28 45 47 58
 28 45 46 58
 28 45 46 58 72
 28 45 46 58 70 71
 26 27 47 58 72
 26 27 47 58 70 71
 26 27 45 47 58
 26 27 45 46 58
 26 27 45 46 58 72
 26 27 45 46 58 70 71
 20 58 60
 20 28 58 72
 20 28 58 70 71
 20 28 45 58
 20 26 27 58 72
 20 26 27 58 70 71
 20 26 27 45 58
 16 60 72 74
 16 60 72 73
 16 60 70 71 74
 16 60 70 71 72 73
 16 56 60 70 74
 16 56 60 70 72 73
 16 56 60 68 69 74
 16 56 60 68 69 72 73
 16 54 55 60 70 74
 16 54 55 60 70 72 73
 16 54 55 60 68 69 74
 16 54 55 60 68 69 72 73
 16 47 60 72
 16 47 60 70 71
 16 47 56 60 70
 16 47 56 60 68 69
 16 47 54 55 60 70
 16 47 54 55 60 68 69
 16 45 60 74
 16 45 60 72 73
 16 45 47 60
 16 43 56 60 74
 16 43 56 60 72 73
 16 43 54 55 60 74
 16 43 54 55 60 72 73
 16 43 47 56 60
 16 43 47 54 55 60
 16 29 60 70 74
 16 29 60 70 72 73
 16 29 60 68 69 74
 16 29 60 68 69 72 73
 16 29 47 60 70
 16 29 47 60 68 69
 16 29 43 60 74
 16 29 43 60 72 73
 16 29 43 47 60
 14 60 72 76
 14 60 72 74
 14 60 72 74 75
 14 60 72 73
 14 60 70 71 76
 14 60 70 71 74
 14 60 70 71 74 75
 14 60 70 71 72 73
 14 56 60 70 76
 14 56 60 70 74
 14 56 60 70 74 75
 14 56 60 70 72 73
 14 56 60 68 69 76
 14 56 60 68 69 74
 14 56 60 68 69 74 75
 14 56 60 68 69 72 73
 14 54 55 60 70 76
 14 54 55 60 70 74
 14 54 55 60 70 74 75
 14 54 55 60 70 72 73
 14 54 55 60 68 69 76
 14 54 55 60 68 69 74
 14 54 55 60 68 69 74 75
 14 54 55 60 68 69 72 73
 14 49 60 72
 14 49 60 70 71
 14 49 56 60 70
 14 49 56 60 68 69
 14 49 54 55 60 70
 14 49 54 55 60 68 69
 14 47 60 72
 14 47 60 70 71
 14 47 56 60 70
 14 47 56 60 68 69
 14 47 54 55 60 70
 14 47 54 55 60 68 69
 14 45 60 76
 14 45 60 74
 14 45 60 74 75
 14 45 60 72 73
 14 45 49 60
 14 45 47 60
 14 43 56 60 76
 14 43 56 60 74
 14 43 56 60 74 75
 14 43 56 60 72 73
 14 43 54 55 60 76
 14 43 54 55 60 74
 14 43 54 55 60 74 75
 14 43 54 55 60 72 73
 14 43 49 56 60
 14 43 49 54 55 60
 14 43 47 56 60
 14 43 47 54 55 60
 14 29 60 70 76
 14 29 60 70 74
 14 29 60 70 74 75
 14 29 60 70 72 73
 14 29 60 68 69 76
 14 29 60 68 69 74
 14 29 60 68 69 74 75
 14 29 60 68 69 72 73
 14 29 49 60 70
 14 29 49 60 68 69
 14 29 47 60 70
 14 29 47 60 68 69
 14 29 43 60 76
 14 29 43 60 74
 14 29 43 60 74 75
 14 29 43 60 72 73
 14 29 43 49 60
 14 29 43 47 60
 1 47 58 72
 1 47 58 70 71
 1 45 47 58
 1 45 46 58
 1 45 46 58 72
 1 45 46 58 70 71
 1 20 58 72
 1 20 58 70 71
 1 20 45 58
