 43 45 55 58
 43 45 55 56 57 58
 43 44 55 58
 43 44 55 56 57 58
 41 55 60
 41 45 55 58
 41 45 55 56 57 58
 41 43 44 55 58
 41 43 44 55 56 57 58
 41 42 45 55 58
 41 42 45 55 56 57 58
 41 42 43 44 55 58
 41 42 43 44 55 56 57 58
 39 40 55 60
 39 40 45 55 58
 39 40 45 55 56 57 58
 39 40 43 44 55 58
 39 40 43 44 55 56 57 58
 31 43 45 55 58
 31 43 44 55 58
 31 41 45 55 58
 31 41 43 44 55 58
 31 41 42 45 55 58
 31 41 42 43 44 55 58
 31 39 40 45 55 58
 31 39 40 43 44 55 58
 18 43 55 58
 18 43 55 56 57 58
 18 41 55 58
 18 41 55 56 57 58
 18 41 42 55 58
 18 41 42 55 56 57 58
 18 39 40 55 58
 18 39 40 55 56 57 58
 18 31 43 55 58
 18 31 41 55 58
 18 31 41 42 55 58
 18 31 39 40 55 58
 16 45 55 58
 16 45 55 56 57 58
 16 43 44 55 58
 16 43 44 55 56 57 58
 16 31 45 55 58
 16 31 43 44 55 58
 16 18 55 58
 16 18 55 56 57 58
 16 18 31 55 58
 14 55 60
 14 45 55 58
 14 45 55 56 57 58
 14 43 44 55 58
 14 43 44 55 56 57 58
 14 31 45 55 58
 14 31 43 44 55 58
 14 18 55 58
 14 18 55 56 57 58
 14 18 31 55 58
