 30 53 57 58 68
 30 51 52 57 58 68
 28 60 68
 28 57 60 68
 28 30 53 57 58 72
 28 30 53 57 58 70 71
 28 30 53 56 57 58 72
 28 30 53 56 57 58 70 71
 28 30 51 52 57 58 72
 28 30 51 52 57 58 70 71
 28 30 51 52 56 57 58 72
 28 30 51 52 56 57 58 70 71
 28 30 45 53 57 58
 28 30 45 53 56 57 58
 28 30 45 51 52 57 58
 28 30 45 51 52 56 57 58
 28 30 31 53 57 58 72
 28 30 31 53 57 58 70 71
 28 30 31 51 52 57 58 72
 28 30 31 51 52 57 58 70 71
 28 30 31 45 53 57 58
 28 30 31 45 51 52 57 58
 28 29 53 57 58 72
 28 29 53 57 58 70 71
 28 29 53 57 58 68
 28 29 53 56 57 58 72
 28 29 53 56 57 58 70 71
 28 29 51 52 57 58 72
 28 29 51 52 57 58 70 71
 28 29 51 52 57 58 68
 28 29 51 52 56 57 58 72
 28 29 51 52 56 57 58 70 71
 28 29 45 53 57 58
 28 29 45 53 56 57 58
 28 29 45 51 52 57 58
 28 29 45 51 52 56 57 58
 28 29 31 53 57 58 72
 28 29 31 53 57 58 70 71
 28 29 31 51 52 57 58 72
 28 29 31 51 52 57 58 70 71
 28 29 31 45 53 57 58
 28 29 31 45 51 52 57 58
 26 30 57 58
 26 30 57 58 68
 26 30 53 57 58
 26 30 51 52 57 58
 26 28 60
 26 28 57 60
 26 28 30 57 58 72
 26 28 30 57 58 70 71
 26 28 30 56 57 58 72
 26 28 30 56 57 58 70 71
 26 28 30 45 57 58
 26 28 30 45 56 57 58
 26 28 30 31 57 58 72
 26 28 30 31 57 58 70 71
 26 28 30 31 45 57 58
 26 28 29 57 58
 26 28 29 57 58 72
 26 28 29 57 58 70 71
 26 28 29 57 58 68
 26 28 29 56 57 58 72
 26 28 29 56 57 58 70 71
 26 28 29 53 57 58
 26 28 29 51 52 57 58
 26 28 29 45 57 58
 26 28 29 45 56 57 58
 26 28 29 31 57 58 72
 26 28 29 31 57 58 70 71
 26 28 29 31 45 57 58
 26 27 60
 26 27 60 68
 26 27 57 60
 26 27 57 60 68
 26 27 30 57 58 72
 26 27 30 57 58 70 71
 26 27 30 56 57 58 72
 26 27 30 56 57 58 70 71
 26 27 30 53 57 58 72
 26 27 30 53 57 58 70 71
 26 27 30 53 56 57 58 72
 26 27 30 53 56 57 58 70 71
 26 27 30 51 52 57 58 72
 26 27 30 51 52 57 58 70 71
 26 27 30 51 52 56 57 58 72
 26 27 30 51 52 56 57 58 70 71
 26 27 30 45 57 58
 26 27 30 45 56 57 58
 26 27 30 45 53 57 58
 26 27 30 45 53 56 57 58
 26 27 30 45 51 52 57 58
 26 27 30 45 51 52 56 57 58
 26 27 30 31 57 58 72
 26 27 30 31 57 58 70 71
 26 27 30 31 53 57 58 72
 26 27 30 31 53 57 58 70 71
 26 27 30 31 51 52 57 58 72
 26 27 30 31 51 52 57 58 70 71
 26 27 30 31 45 57 58
 26 27 30 31 45 53 57 58
 26 27 30 31 45 51 52 57 58
 26 27 28 29 57 58 72
 26 27 28 29 57 58 70 71
 26 27 28 29 56 57 58 72
 26 27 28 29 56 57 58 70 71
 26 27 28 29 53 57 58 72
 26 27 28 29 53 57 58 70 71
 26 27 28 29 53 56 57 58 72
 26 27 28 29 53 56 57 58 70 71
 26 27 28 29 51 52 57 58 72
 26 27 28 29 51 52 57 58 70 71
 26 27 28 29 51 52 56 57 58 72
 26 27 28 29 51 52 56 57 58 70 71
 26 27 28 29 45 57 58
 26 27 28 29 45 56 57 58
 26 27 28 29 45 53 57 58
 26 27 28 29 45 53 56 57 58
 26 27 28 29 45 51 52 57 58
 26 27 28 29 45 51 52 56 57 58
 26 27 28 29 31 57 58 72
 26 27 28 29 31 57 58 70 71
 26 27 28 29 31 53 57 58 72
 26 27 28 29 31 53 57 58 70 71
 26 27 28 29 31 51 52 57 58 72
 26 27 28 29 31 51 52 57 58 70 71
 26 27 28 29 31 45 57 58
 26 27 28 29 31 45 53 57 58
 26 27 28 29 31 45 51 52 57 58
 24 25 30 53 57 58
 24 25 30 51 52 57 58
 24 25 28 60
 24 25 28 57 60
 24 25 28 29 53 57 58
 24 25 28 29 51 52 57 58
 24 25 26 30 57 58
 24 25 26 28 29 57 58
 24 25 26 27 60
 24 25 26 27 57 60
 15 30 53 58 68
 15 30 51 52 58 68
 15 28 60 68
 15 28 30 53 58 72
 15 28 30 53 58 70 71
 15 28 30 53 56 57 58 72
 15 28 30 53 56 57 58 70 71
 15 28 30 51 52 58 72
 15 28 30 51 52 58 70 71
 15 28 30 51 52 56 57 58 72
 15 28 30 51 52 56 57 58 70 71
 15 28 30 45 53 58
 15 28 30 45 53 56 57 58
 15 28 30 45 51 52 58
 15 28 30 45 51 52 56 57 58
 15 28 30 31 53 58 72
 15 28 30 31 53 58 70 71
 15 28 30 31 51 52 58 72
 15 28 30 31 51 52 58 70 71
 15 28 30 31 45 53 58
 15 28 30 31 45 51 52 58
 15 28 29 53 58 72
 15 28 29 53 58 70 71
 15 28 29 53 58 68
 15 28 29 53 56 57 58 72
 15 28 29 53 56 57 58 70 71
 15 28 29 51 52 58 72
 15 28 29 51 52 58 70 71
 15 28 29 51 52 58 68
 15 28 29 51 52 56 57 58 72
 15 28 29 51 52 56 57 58 70 71
 15 28 29 45 53 58
 15 28 29 45 53 56 57 58
 15 28 29 45 51 52 58
 15 28 29 45 51 52 56 57 58
 15 28 29 31 53 58 72
 15 28 29 31 53 58 70 71
 15 28 29 31 51 52 58 72
 15 28 29 31 51 52 58 70 71
 15 28 29 31 45 53 58
 15 28 29 31 45 51 52 58
 15 26 30 58
 15 26 30 58 68
 15 26 30 53 58
 15 26 30 51 52 58
 15 26 28 60
 15 26 28 30 58 72
 15 26 28 30 58 70 71
 15 26 28 30 56 57 58 72
 15 26 28 30 56 57 58 70 71
 15 26 28 30 45 58
 15 26 28 30 45 56 57 58
 15 26 28 30 31 58 72
 15 26 28 30 31 58 70 71
 15 26 28 30 31 45 58
 15 26 28 29 58
 15 26 28 29 58 72
 15 26 28 29 58 70 71
 15 26 28 29 58 68
 15 26 28 29 56 57 58 72
 15 26 28 29 56 57 58 70 71
 15 26 28 29 53 58
 15 26 28 29 51 52 58
 15 26 28 29 45 58
 15 26 28 29 45 56 57 58
 15 26 28 29 31 58 72
 15 26 28 29 31 58 70 71
 15 26 28 29 31 45 58
 15 26 27 60
 15 26 27 60 68
 15 26 27 30 58 72
 15 26 27 30 58 70 71
 15 26 27 30 56 57 58 72
 15 26 27 30 56 57 58 70 71
 15 26 27 30 53 58 72
 15 26 27 30 53 58 70 71
 15 26 27 30 53 56 57 58 72
 15 26 27 30 53 56 57 58 70 71
 15 26 27 30 51 52 58 72
 15 26 27 30 51 52 58 70 71
 15 26 27 30 51 52 56 57 58 72
 15 26 27 30 51 52 56 57 58 70 71
 15 26 27 30 45 58
 15 26 27 30 45 56 57 58
 15 26 27 30 45 53 58
 15 26 27 30 45 53 56 57 58
 15 26 27 30 45 51 52 58
 15 26 27 30 45 51 52 56 57 58
 15 26 27 30 31 58 72
 15 26 27 30 31 58 70 71
 15 26 27 30 31 53 58 72
 15 26 27 30 31 53 58 70 71
 15 26 27 30 31 51 52 58 72
 15 26 27 30 31 51 52 58 70 71
 15 26 27 30 31 45 58
 15 26 27 30 31 45 53 58
 15 26 27 30 31 45 51 52 58
 15 26 27 28 29 58 72
 15 26 27 28 29 58 70 71
 15 26 27 28 29 56 57 58 72
 15 26 27 28 29 56 57 58 70 71
 15 26 27 28 29 53 58 72
 15 26 27 28 29 53 58 70 71
 15 26 27 28 29 53 56 57 58 72
 15 26 27 28 29 53 56 57 58 70 71
 15 26 27 28 29 51 52 58 72
 15 26 27 28 29 51 52 58 70 71
 15 26 27 28 29 51 52 56 57 58 72
 15 26 27 28 29 51 52 56 57 58 70 71
 15 26 27 28 29 45 58
 15 26 27 28 29 45 56 57 58
 15 26 27 28 29 45 53 58
 15 26 27 28 29 45 53 56 57 58
 15 26 27 28 29 45 51 52 58
 15 26 27 28 29 45 51 52 56 57 58
 15 26 27 28 29 31 58 72
 15 26 27 28 29 31 58 70 71
 15 26 27 28 29 31 53 58 72
 15 26 27 28 29 31 53 58 70 71
 15 26 27 28 29 31 51 52 58 72
 15 26 27 28 29 31 51 52 58 70 71
 15 26 27 28 29 31 45 58
 15 26 27 28 29 31 45 53 58
 15 26 27 28 29 31 45 51 52 58
 15 24 25 30 53 58
 15 24 25 30 51 52 58
 15 24 25 28 60
 15 24 25 28 29 53 58
 15 24 25 28 29 51 52 58
 15 24 25 26 30 58
 15 24 25 26 28 29 58
 15 24 25 26 27 60
 13 14 30 53 58 68
 13 14 30 51 52 58 68
 13 14 28 60 68
 13 14 28 30 53 58 72
 13 14 28 30 53 58 70 71
 13 14 28 30 53 56 57 58 72
 13 14 28 30 53 56 57 58 70 71
 13 14 28 30 51 52 58 72
 13 14 28 30 51 52 58 70 71
 13 14 28 30 51 52 56 57 58 72
 13 14 28 30 51 52 56 57 58 70 71
 13 14 28 30 45 53 58
 13 14 28 30 45 53 56 57 58
 13 14 28 30 45 51 52 58
 13 14 28 30 45 51 52 56 57 58
 13 14 28 30 31 53 58 72
 13 14 28 30 31 53 58 70 71
 13 14 28 30 31 51 52 58 72
 13 14 28 30 31 51 52 58 70 71
 13 14 28 30 31 45 53 58
 13 14 28 30 31 45 51 52 58
 13 14 28 29 53 58 72
 13 14 28 29 53 58 70 71
 13 14 28 29 53 58 68
 13 14 28 29 53 56 57 58 72
 13 14 28 29 53 56 57 58 70 71
 13 14 28 29 51 52 58 72
 13 14 28 29 51 52 58 70 71
 13 14 28 29 51 52 58 68
 13 14 28 29 51 52 56 57 58 72
 13 14 28 29 51 52 56 57 58 70 71
 13 14 28 29 45 53 58
 13 14 28 29 45 53 56 57 58
 13 14 28 29 45 51 52 58
 13 14 28 29 45 51 52 56 57 58
 13 14 28 29 31 53 58 72
 13 14 28 29 31 53 58 70 71
 13 14 28 29 31 51 52 58 72
 13 14 28 29 31 51 52 58 70 71
 13 14 28 29 31 45 53 58
 13 14 28 29 31 45 51 52 58
 13 14 26 30 58
 13 14 26 30 58 68
 13 14 26 30 53 58
 13 14 26 30 51 52 58
 13 14 26 28 60
 13 14 26 28 30 58 72
 13 14 26 28 30 58 70 71
 13 14 26 28 30 56 57 58 72
 13 14 26 28 30 56 57 58 70 71
 13 14 26 28 30 45 58
 13 14 26 28 30 45 56 57 58
 13 14 26 28 30 31 58 72
 13 14 26 28 30 31 58 70 71
 13 14 26 28 30 31 45 58
 13 14 26 28 29 58
 13 14 26 28 29 58 72
 13 14 26 28 29 58 70 71
 13 14 26 28 29 58 68
 13 14 26 28 29 56 57 58 72
 13 14 26 28 29 56 57 58 70 71
 13 14 26 28 29 53 58
 13 14 26 28 29 51 52 58
 13 14 26 28 29 45 58
 13 14 26 28 29 45 56 57 58
 13 14 26 28 29 31 58 72
 13 14 26 28 29 31 58 70 71
 13 14 26 28 29 31 45 58
 13 14 26 27 60
 13 14 26 27 60 68
 13 14 26 27 30 58 72
 13 14 26 27 30 58 70 71
 13 14 26 27 30 56 57 58 72
 13 14 26 27 30 56 57 58 70 71
 13 14 26 27 30 53 58 72
 13 14 26 27 30 53 58 70 71
 13 14 26 27 30 53 56 57 58 72
 13 14 26 27 30 53 56 57 58 70 71
 13 14 26 27 30 51 52 58 72
 13 14 26 27 30 51 52 58 70 71
 13 14 26 27 30 51 52 56 57 58 72
 13 14 26 27 30 51 52 56 57 58 70 71
 13 14 26 27 30 45 58
 13 14 26 27 30 45 56 57 58
 13 14 26 27 30 45 53 58
 13 14 26 27 30 45 53 56 57 58
 13 14 26 27 30 45 51 52 58
 13 14 26 27 30 45 51 52 56 57 58
 13 14 26 27 30 31 58 72
 13 14 26 27 30 31 58 70 71
 13 14 26 27 30 31 53 58 72
 13 14 26 27 30 31 53 58 70 71
 13 14 26 27 30 31 51 52 58 72
 13 14 26 27 30 31 51 52 58 70 71
 13 14 26 27 30 31 45 58
 13 14 26 27 30 31 45 53 58
 13 14 26 27 30 31 45 51 52 58
 13 14 26 27 28 29 58 72
 13 14 26 27 28 29 58 70 71
 13 14 26 27 28 29 56 57 58 72
 13 14 26 27 28 29 56 57 58 70 71
 13 14 26 27 28 29 53 58 72
 13 14 26 27 28 29 53 58 70 71
 13 14 26 27 28 29 53 56 57 58 72
 13 14 26 27 28 29 53 56 57 58 70 71
 13 14 26 27 28 29 51 52 58 72
 13 14 26 27 28 29 51 52 58 70 71
 13 14 26 27 28 29 51 52 56 57 58 72
 13 14 26 27 28 29 51 52 56 57 58 70 71
 13 14 26 27 28 29 45 58
 13 14 26 27 28 29 45 56 57 58
 13 14 26 27 28 29 45 53 58
 13 14 26 27 28 29 45 53 56 57 58
 13 14 26 27 28 29 45 51 52 58
 13 14 26 27 28 29 45 51 52 56 57 58
 13 14 26 27 28 29 31 58 72
 13 14 26 27 28 29 31 58 70 71
 13 14 26 27 28 29 31 53 58 72
 13 14 26 27 28 29 31 53 58 70 71
 13 14 26 27 28 29 31 51 52 58 72
 13 14 26 27 28 29 31 51 52 58 70 71
 13 14 26 27 28 29 31 45 58
 13 14 26 27 28 29 31 45 53 58
 13 14 26 27 28 29 31 45 51 52 58
 13 14 24 25 30 53 58
 13 14 24 25 30 51 52 58
 13 14 24 25 28 60
 13 14 24 25 28 29 53 58
 13 14 24 25 28 29 51 52 58
 13 14 24 25 26 30 58
 13 14 24 25 26 28 29 58
 13 14 24 25 26 27 60
 3 53 57 58 68
 3 51 52 57 58 68
 3 28 53 57 58 72
 3 28 53 57 58 70 71
 3 28 53 56 57 58 72
 3 28 53 56 57 58 70 71
 3 28 51 52 57 58 72
 3 28 51 52 57 58 70 71
 3 28 51 52 56 57 58 72
 3 28 51 52 56 57 58 70 71
 3 28 45 53 57 58
 3 28 45 53 56 57 58
 3 28 45 51 52 57 58
 3 28 45 51 52 56 57 58
 3 28 31 53 57 58 72
 3 28 31 53 57 58 70 71
 3 28 31 51 52 57 58 72
 3 28 31 51 52 57 58 70 71
 3 28 31 45 53 57 58
 3 28 31 45 51 52 57 58
 3 26 57 58
 3 26 57 58 68
 3 26 53 57 58
 3 26 51 52 57 58
 3 26 28 57 58 72
 3 26 28 57 58 70 71
 3 26 28 56 57 58 72
 3 26 28 56 57 58 70 71
 3 26 28 45 57 58
 3 26 28 45 56 57 58
 3 26 28 31 57 58 72
 3 26 28 31 57 58 70 71
 3 26 28 31 45 57 58
 3 26 27 57 58 72
 3 26 27 57 58 70 71
 3 26 27 56 57 58 72
 3 26 27 56 57 58 70 71
 3 26 27 53 57 58 72
 3 26 27 53 57 58 70 71
 3 26 27 53 56 57 58 72
 3 26 27 53 56 57 58 70 71
 3 26 27 51 52 57 58 72
 3 26 27 51 52 57 58 70 71
 3 26 27 51 52 56 57 58 72
 3 26 27 51 52 56 57 58 70 71
 3 26 27 45 57 58
 3 26 27 45 56 57 58
 3 26 27 45 53 57 58
 3 26 27 45 53 56 57 58
 3 26 27 45 51 52 57 58
 3 26 27 45 51 52 56 57 58
 3 26 27 31 57 58 72
 3 26 27 31 57 58 70 71
 3 26 27 31 53 57 58 72
 3 26 27 31 53 57 58 70 71
 3 26 27 31 51 52 57 58 72
 3 26 27 31 51 52 57 58 70 71
 3 26 27 31 45 57 58
 3 26 27 31 45 53 57 58
 3 26 27 31 45 51 52 57 58
 3 24 25 53 57 58
 3 24 25 51 52 57 58
 3 24 25 26 57 58
 3 15 53 58 68
 3 15 51 52 58 68
 3 15 28 53 58 72
 3 15 28 53 58 70 71
 3 15 28 53 56 57 58 72
 3 15 28 53 56 57 58 70 71
 3 15 28 51 52 58 72
 3 15 28 51 52 58 70 71
 3 15 28 51 52 56 57 58 72
 3 15 28 51 52 56 57 58 70 71
 3 15 28 45 53 58
 3 15 28 45 53 56 57 58
 3 15 28 45 51 52 58
 3 15 28 45 51 52 56 57 58
 3 15 28 31 53 58 72
 3 15 28 31 53 58 70 71
 3 15 28 31 51 52 58 72
 3 15 28 31 51 52 58 70 71
 3 15 28 31 45 53 58
 3 15 28 31 45 51 52 58
 3 15 26 58
 3 15 26 58 68
 3 15 26 53 58
 3 15 26 51 52 58
 3 15 26 28 58 72
 3 15 26 28 58 70 71
 3 15 26 28 56 57 58 72
 3 15 26 28 56 57 58 70 71
 3 15 26 28 45 58
 3 15 26 28 45 56 57 58
 3 15 26 28 31 58 72
 3 15 26 28 31 58 70 71
 3 15 26 28 31 45 58
 3 15 26 27 58 72
 3 15 26 27 58 70 71
 3 15 26 27 56 57 58 72
 3 15 26 27 56 57 58 70 71
 3 15 26 27 53 58 72
 3 15 26 27 53 58 70 71
 3 15 26 27 53 56 57 58 72
 3 15 26 27 53 56 57 58 70 71
 3 15 26 27 51 52 58 72
 3 15 26 27 51 52 58 70 71
 3 15 26 27 51 52 56 57 58 72
 3 15 26 27 51 52 56 57 58 70 71
 3 15 26 27 45 58
 3 15 26 27 45 56 57 58
 3 15 26 27 45 53 58
 3 15 26 27 45 53 56 57 58
 3 15 26 27 45 51 52 58
 3 15 26 27 45 51 52 56 57 58
 3 15 26 27 31 58 72
 3 15 26 27 31 58 70 71
 3 15 26 27 31 53 58 72
 3 15 26 27 31 53 58 70 71
 3 15 26 27 31 51 52 58 72
 3 15 26 27 31 51 52 58 70 71
 3 15 26 27 31 45 58
 3 15 26 27 31 45 53 58
 3 15 26 27 31 45 51 52 58
 3 15 24 25 53 58
 3 15 24 25 51 52 58
 3 15 24 25 26 58
 3 13 14 53 58 68
 3 13 14 51 52 58 68
 3 13 14 28 53 58 72
 3 13 14 28 53 58 70 71
 3 13 14 28 53 56 57 58 72
 3 13 14 28 53 56 57 58 70 71
 3 13 14 28 51 52 58 72
 3 13 14 28 51 52 58 70 71
 3 13 14 28 51 52 56 57 58 72
 3 13 14 28 51 52 56 57 58 70 71
 3 13 14 28 45 53 58
 3 13 14 28 45 53 56 57 58
 3 13 14 28 45 51 52 58
 3 13 14 28 45 51 52 56 57 58
 3 13 14 28 31 53 58 72
 3 13 14 28 31 53 58 70 71
 3 13 14 28 31 51 52 58 72
 3 13 14 28 31 51 52 58 70 71
 3 13 14 28 31 45 53 58
 3 13 14 28 31 45 51 52 58
 3 13 14 26 58
 3 13 14 26 58 68
 3 13 14 26 53 58
 3 13 14 26 51 52 58
 3 13 14 26 28 58 72
 3 13 14 26 28 58 70 71
 3 13 14 26 28 56 57 58 72
 3 13 14 26 28 56 57 58 70 71
 3 13 14 26 28 45 58
 3 13 14 26 28 45 56 57 58
 3 13 14 26 28 31 58 72
 3 13 14 26 28 31 58 70 71
 3 13 14 26 28 31 45 58
 3 13 14 26 27 58 72
 3 13 14 26 27 58 70 71
 3 13 14 26 27 56 57 58 72
 3 13 14 26 27 56 57 58 70 71
 3 13 14 26 27 53 58 72
 3 13 14 26 27 53 58 70 71
 3 13 14 26 27 53 56 57 58 72
 3 13 14 26 27 53 56 57 58 70 71
 3 13 14 26 27 51 52 58 72
 3 13 14 26 27 51 52 58 70 71
 3 13 14 26 27 51 52 56 57 58 72
 3 13 14 26 27 51 52 56 57 58 70 71
 3 13 14 26 27 45 58
 3 13 14 26 27 45 56 57 58
 3 13 14 26 27 45 53 58
 3 13 14 26 27 45 53 56 57 58
 3 13 14 26 27 45 51 52 58
 3 13 14 26 27 45 51 52 56 57 58
 3 13 14 26 27 31 58 72
 3 13 14 26 27 31 58 70 71
 3 13 14 26 27 31 53 58 72
 3 13 14 26 27 31 53 58 70 71
 3 13 14 26 27 31 51 52 58 72
 3 13 14 26 27 31 51 52 58 70 71
 3 13 14 26 27 31 45 58
 3 13 14 26 27 31 45 53 58
 3 13 14 26 27 31 45 51 52 58
 3 13 14 24 25 53 58
 3 13 14 24 25 51 52 58
 3 13 14 24 25 26 58
 1 60 68
 1 57 60 68
 1 30 53 57 58 72
 1 30 53 57 58 70 71
 1 30 53 56 57 58 72
 1 30 53 56 57 58 70 71
 1 30 51 52 57 58 72
 1 30 51 52 57 58 70 71
 1 30 51 52 56 57 58 72
 1 30 51 52 56 57 58 70 71
 1 30 45 53 57 58
 1 30 45 53 56 57 58
 1 30 45 51 52 57 58
 1 30 45 51 52 56 57 58
 1 30 31 53 57 58 72
 1 30 31 53 57 58 70 71
 1 30 31 51 52 57 58 72
 1 30 31 51 52 57 58 70 71
 1 30 31 45 53 57 58
 1 30 31 45 51 52 57 58
 1 28 29 53 57 58 72
 1 28 29 53 57 58 70 71
 1 28 29 53 56 57 58 72
 1 28 29 53 56 57 58 70 71
 1 28 29 51 52 57 58 72
 1 28 29 51 52 57 58 70 71
 1 28 29 51 52 56 57 58 72
 1 28 29 51 52 56 57 58 70 71
 1 28 29 45 53 57 58
 1 28 29 45 53 56 57 58
 1 28 29 45 51 52 57 58
 1 28 29 45 51 52 56 57 58
 1 28 29 31 53 57 58 72
 1 28 29 31 53 57 58 70 71
 1 28 29 31 51 52 57 58 72
 1 28 29 31 51 52 57 58 70 71
 1 28 29 31 45 53 57 58
 1 28 29 31 45 51 52 57 58
 1 26 60
 1 26 57 60
 1 26 30 57 58 72
 1 26 30 57 58 70 71
 1 26 30 56 57 58 72
 1 26 30 56 57 58 70 71
 1 26 30 45 57 58
 1 26 30 45 56 57 58
 1 26 30 31 57 58 72
 1 26 30 31 57 58 70 71
 1 26 30 31 45 57 58
 1 26 28 29 57 58 72
 1 26 28 29 57 58 70 71
 1 26 28 29 56 57 58 72
 1 26 28 29 56 57 58 70 71
 1 26 28 29 45 57 58
 1 26 28 29 45 56 57 58
 1 26 28 29 31 57 58 72
 1 26 28 29 31 57 58 70 71
 1 26 28 29 31 45 57 58
 1 24 25 60
 1 24 25 57 60
 1 15 60 68
 1 15 30 53 58 72
 1 15 30 53 58 70 71
 1 15 30 53 56 57 58 72
 1 15 30 53 56 57 58 70 71
 1 15 30 51 52 58 72
 1 15 30 51 52 58 70 71
 1 15 30 51 52 56 57 58 72
 1 15 30 51 52 56 57 58 70 71
 1 15 30 45 53 58
 1 15 30 45 53 56 57 58
 1 15 30 45 51 52 58
 1 15 30 45 51 52 56 57 58
 1 15 30 31 53 58 72
 1 15 30 31 53 58 70 71
 1 15 30 31 51 52 58 72
 1 15 30 31 51 52 58 70 71
 1 15 30 31 45 53 58
 1 15 30 31 45 51 52 58
 1 15 28 29 53 58 72
 1 15 28 29 53 58 70 71
 1 15 28 29 53 56 57 58 72
 1 15 28 29 53 56 57 58 70 71
 1 15 28 29 51 52 58 72
 1 15 28 29 51 52 58 70 71
 1 15 28 29 51 52 56 57 58 72
 1 15 28 29 51 52 56 57 58 70 71
 1 15 28 29 45 53 58
 1 15 28 29 45 53 56 57 58
 1 15 28 29 45 51 52 58
 1 15 28 29 45 51 52 56 57 58
 1 15 28 29 31 53 58 72
 1 15 28 29 31 53 58 70 71
 1 15 28 29 31 51 52 58 72
 1 15 28 29 31 51 52 58 70 71
 1 15 28 29 31 45 53 58
 1 15 28 29 31 45 51 52 58
 1 15 26 60
 1 15 26 30 58 72
 1 15 26 30 58 70 71
 1 15 26 30 56 57 58 72
 1 15 26 30 56 57 58 70 71
 1 15 26 30 45 58
 1 15 26 30 45 56 57 58
 1 15 26 30 31 58 72
 1 15 26 30 31 58 70 71
 1 15 26 30 31 45 58
 1 15 26 28 29 58 72
 1 15 26 28 29 58 70 71
 1 15 26 28 29 56 57 58 72
 1 15 26 28 29 56 57 58 70 71
 1 15 26 28 29 45 58
 1 15 26 28 29 45 56 57 58
 1 15 26 28 29 31 58 72
 1 15 26 28 29 31 58 70 71
 1 15 26 28 29 31 45 58
 1 15 24 25 60
 1 13 14 60 68
 1 13 14 30 53 58 72
 1 13 14 30 53 58 70 71
 1 13 14 30 53 56 57 58 72
 1 13 14 30 53 56 57 58 70 71
 1 13 14 30 51 52 58 72
 1 13 14 30 51 52 58 70 71
 1 13 14 30 51 52 56 57 58 72
 1 13 14 30 51 52 56 57 58 70 71
 1 13 14 30 45 53 58
 1 13 14 30 45 53 56 57 58
 1 13 14 30 45 51 52 58
 1 13 14 30 45 51 52 56 57 58
 1 13 14 30 31 53 58 72
 1 13 14 30 31 53 58 70 71
 1 13 14 30 31 51 52 58 72
 1 13 14 30 31 51 52 58 70 71
 1 13 14 30 31 45 53 58
 1 13 14 30 31 45 51 52 58
 1 13 14 28 29 53 58 72
 1 13 14 28 29 53 58 70 71
 1 13 14 28 29 53 56 57 58 72
 1 13 14 28 29 53 56 57 58 70 71
 1 13 14 28 29 51 52 58 72
 1 13 14 28 29 51 52 58 70 71
 1 13 14 28 29 51 52 56 57 58 72
 1 13 14 28 29 51 52 56 57 58 70 71
 1 13 14 28 29 45 53 58
 1 13 14 28 29 45 53 56 57 58
 1 13 14 28 29 45 51 52 58
 1 13 14 28 29 45 51 52 56 57 58
 1 13 14 28 29 31 53 58 72
 1 13 14 28 29 31 53 58 70 71
 1 13 14 28 29 31 51 52 58 72
 1 13 14 28 29 31 51 52 58 70 71
 1 13 14 28 29 31 45 53 58
 1 13 14 28 29 31 45 51 52 58
 1 13 14 26 60
 1 13 14 26 30 58 72
 1 13 14 26 30 58 70 71
 1 13 14 26 30 56 57 58 72
 1 13 14 26 30 56 57 58 70 71
 1 13 14 26 30 45 58
 1 13 14 26 30 45 56 57 58
 1 13 14 26 30 31 58 72
 1 13 14 26 30 31 58 70 71
 1 13 14 26 30 31 45 58
 1 13 14 26 28 29 58 72
 1 13 14 26 28 29 58 70 71
 1 13 14 26 28 29 56 57 58 72
 1 13 14 26 28 29 56 57 58 70 71
 1 13 14 26 28 29 45 58
 1 13 14 26 28 29 45 56 57 58
 1 13 14 26 28 29 31 58 72
 1 13 14 26 28 29 31 58 70 71
 1 13 14 26 28 29 31 45 58
 1 13 14 24 25 60
 1 3 53 57 58 72
 1 3 53 57 58 70 71
 1 3 53 56 57 58 72
 1 3 53 56 57 58 70 71
 1 3 51 52 57 58 72
 1 3 51 52 57 58 70 71
 1 3 51 52 56 57 58 72
 1 3 51 52 56 57 58 70 71
 1 3 45 53 57 58
 1 3 45 53 56 57 58
 1 3 45 51 52 57 58
 1 3 45 51 52 56 57 58
 1 3 31 53 57 58 72
 1 3 31 53 57 58 70 71
 1 3 31 51 52 57 58 72
 1 3 31 51 52 57 58 70 71
 1 3 31 45 53 57 58
 1 3 31 45 51 52 57 58
 1 3 26 57 58 72
 1 3 26 57 58 70 71
 1 3 26 56 57 58 72
 1 3 26 56 57 58 70 71
 1 3 26 45 57 58
 1 3 26 45 56 57 58
 1 3 26 31 57 58 72
 1 3 26 31 57 58 70 71
 1 3 26 31 45 57 58
 1 3 15 53 58 72
 1 3 15 53 58 70 71
 1 3 15 53 56 57 58 72
 1 3 15 53 56 57 58 70 71
 1 3 15 51 52 58 72
 1 3 15 51 52 58 70 71
 1 3 15 51 52 56 57 58 72
 1 3 15 51 52 56 57 58 70 71
 1 3 15 45 53 58
 1 3 15 45 53 56 57 58
 1 3 15 45 51 52 58
 1 3 15 45 51 52 56 57 58
 1 3 15 31 53 58 72
 1 3 15 31 53 58 70 71
 1 3 15 31 51 52 58 72
 1 3 15 31 51 52 58 70 71
 1 3 15 31 45 53 58
 1 3 15 31 45 51 52 58
 1 3 15 26 58 72
 1 3 15 26 58 70 71
 1 3 15 26 56 57 58 72
 1 3 15 26 56 57 58 70 71
 1 3 15 26 45 58
 1 3 15 26 45 56 57 58
 1 3 15 26 31 58 72
 1 3 15 26 31 58 70 71
 1 3 15 26 31 45 58
 1 3 13 14 53 58 72
 1 3 13 14 53 58 70 71
 1 3 13 14 53 56 57 58 72
 1 3 13 14 53 56 57 58 70 71
 1 3 13 14 51 52 58 72
 1 3 13 14 51 52 58 70 71
 1 3 13 14 51 52 56 57 58 72
 1 3 13 14 51 52 56 57 58 70 71
 1 3 13 14 45 53 58
 1 3 13 14 45 53 56 57 58
 1 3 13 14 45 51 52 58
 1 3 13 14 45 51 52 56 57 58
 1 3 13 14 31 53 58 72
 1 3 13 14 31 53 58 70 71
 1 3 13 14 31 51 52 58 72
 1 3 13 14 31 51 52 58 70 71
 1 3 13 14 31 45 53 58
 1 3 13 14 31 45 51 52 58
 1 3 13 14 26 58 72
 1 3 13 14 26 58 70 71
 1 3 13 14 26 56 57 58 72
 1 3 13 14 26 56 57 58 70 71
 1 3 13 14 26 45 58
 1 3 13 14 26 45 56 57 58
 1 3 13 14 26 31 58 72
 1 3 13 14 26 31 58 70 71
 1 3 13 14 26 31 45 58
