 60 72
 60 70 71
 60 66 72
 60 66 70 71
 60 64 65 72
 60 64 65 70 71
 58
 58 72
 58 70 71
 57 60 68
 56 60 70
 56 60 68 69
 56 60 66 70
 56 60 66 68 69
 56 60 64 65 70
 56 60 64 65 68 69
 56 58 70
 56 58 68 69
 54 55 60 70
 54 55 60 68 69
 54 55 60 66 70
 54 55 60 66 68 69
 54 55 60 64 65 70
 54 55 60 64 65 68 69
 54 55 58 70
 54 55 58 68 69
 45 60
 45 60 66
 45 60 64 65
 45 58
 45 58 70
 45 58 68 69
 43 57 58 68
 43 56 60
 43 56 60 66
 43 56 60 64 65
 43 56 58
 43 54 55 60
 43 54 55 60 66
 43 54 55 60 64 65
 43 54 55 58
 43 45 58
 43 45 57 58
 43 45 57 58 70
 43 45 57 58 68 69
 43 44 58
 43 44 58 70
 43 44 58 68 69
 43 44 57 58
 43 44 57 58 70
 43 44 57 58 68 69
 41 42 57 58 68
 41 42 45 57 58 70
 41 42 45 57 58 68 69
 41 42 43 45 57 58
 41 42 43 44 57 58
 41 42 43 44 57 58 70
 41 42 43 44 57 58 68 69
 39 60 72
 39 60 70 71
 39 56 60 70
 39 56 60 68 69
 39 54 55 60 70
 39 54 55 60 68 69
 39 45 60
 39 43 56 60
 39 43 54 55 60
 37 60 72
 37 60 70 71
 37 56 60 70
 37 56 60 68 69
 37 54 55 60 70
 37 54 55 60 68 69
 37 45 60
 37 43 56 60
 37 43 54 55 60
 29 60 70
 29 60 68 69
 29 60 66 70
 29 60 66 68 69
 29 60 64 65 70
 29 60 64 65 68 69
 29 58 70
 29 58 68 69
 29 43 60
 29 43 60 66
 29 43 60 64 65
 29 43 58
 29 39 60 70
 29 39 60 68 69
 29 39 43 60
 29 37 60 70
 29 37 60 68 69
 29 37 43 60
 28 57 60
 26 57 60
 26 43 57 58
 26 41 42 57 58
 26 27 57 60
 24 25 57 60
 24 25 43 57 58
 24 25 41 42 57 58
 18 58 70
 18 58 68 69
 18 43 58
 18 43 57 58
 18 43 57 58 70
 18 43 57 58 68 69
 18 41 42 57 58 70
 18 41 42 57 58 68 69
 18 41 42 43 57 58
 16 57 58 68
 16 45 57 58 70
 16 45 57 58 68 69
 16 43 45 57 58
 16 43 44 57 58
 16 43 44 57 58 70
 16 43 44 57 58 68 69
 16 26 57 58
 16 24 25 57 58
 16 18 57 58 70
 16 18 57 58 68 69
 16 18 43 57 58
 15 60 68
 15 43 58 68
 15 43 45 58
 15 43 45 58 70
 15 43 45 58 68 69
 15 43 44 58
 15 43 44 58 70
 15 43 44 58 68 69
 15 41 42 58 68
 15 41 42 45 58 70
 15 41 42 45 58 68 69
 15 41 42 43 45 58
 15 41 42 43 44 58
 15 41 42 43 44 58 70
 15 41 42 43 44 58 68 69
 15 28 60
 15 26 60
 15 26 43 58
 15 26 41 42 58
 15 26 27 60
 15 24 25 60
 15 24 25 43 58
 15 24 25 41 42 58
 15 18 43 58
 15 18 43 58 70
 15 18 43 58 68 69
 15 18 41 42 58 70
 15 18 41 42 58 68 69
 15 18 41 42 43 58
 15 16 58 68
 15 16 45 58 70
 15 16 45 58 68 69
 15 16 43 45 58
 15 16 43 44 58
 15 16 43 44 58 70
 15 16 43 44 58 68 69
 15 16 26 58
 15 16 24 25 58
 15 16 18 58 70
 15 16 18 58 68 69
 15 16 18 43 58
 13 14 60 68
 13 14 43 58 68
 13 14 43 45 58
 13 14 43 45 58 70
 13 14 43 45 58 68 69
 13 14 43 44 58
 13 14 43 44 58 70
 13 14 43 44 58 68 69
 13 14 41 42 58 68
 13 14 41 42 45 58 70
 13 14 41 42 45 58 68 69
 13 14 41 42 43 45 58
 13 14 41 42 43 44 58
 13 14 41 42 43 44 58 70
 13 14 41 42 43 44 58 68 69
 13 14 28 60
 13 14 26 60
 13 14 26 43 58
 13 14 26 41 42 58
 13 14 26 27 60
 13 14 24 25 60
 13 14 24 25 43 58
 13 14 24 25 41 42 58
 13 14 18 43 58
 13 14 18 43 58 70
 13 14 18 43 58 68 69
 13 14 18 41 42 58 70
 13 14 18 41 42 58 68 69
 13 14 18 41 42 43 58
 13 14 16 58 68
 13 14 16 45 58 70
 13 14 16 45 58 68 69
 13 14 16 43 45 58
 13 14 16 43 44 58
 13 14 16 43 44 58 70
 13 14 16 43 44 58 68 69
 13 14 16 26 58
 13 14 16 24 25 58
 13 14 16 18 58 70
 13 14 16 18 58 68 69
 13 14 16 18 43 58
 1 57 60
 1 15 60
 1 13 14 60
