 58 60 72
 58 60 70 71
 45 58 60
 37 58
 37 58 60 72
 37 58 60 70 71
 37 56 57 60 72
 37 56 57 60 70 71
 37 45 58 60
 37 45 56 57 60
 35 58
 35 52 58 60 72
 35 52 58 60 70 71
 35 52 56 58 60 70
 35 52 56 58 60 68 69
 35 52 54 55 58 60 70
 35 52 54 55 58 60 68 69
 35 50 51 58 60 72
 35 50 51 58 60 70 71
 35 50 51 56 58 60 70
 35 50 51 56 58 60 68 69
 35 50 51 54 55 58 60 70
 35 50 51 54 55 58 60 68 69
 35 45 52 58 60
 35 45 50 51 58 60
 35 43 52 56 58 60
 35 43 52 54 55 58 60
 35 43 50 51 56 58 60
 35 43 50 51 54 55 58 60
 31 37 60 72
 31 37 60 70 71
 31 37 45 60
 29 35 52 58 60 70
 29 35 52 58 60 68 69
 29 35 50 51 58 60 70
 29 35 50 51 58 60 68 69
 29 35 43 52 58 60
 29 35 43 50 51 58 60
 28 58 60 66 72
 28 58 60 66 70 71
 28 58 60 64 65 72
 28 58 60 64 65 70 71
 28 56 58 60 66 70
 28 56 58 60 66 68 69
 28 56 58 60 64 65 70
 28 56 58 60 64 65 68 69
 28 54 57 60
 28 54 55 58 60 66 70
 28 54 55 58 60 66 68 69
 28 54 55 58 60 64 65 70
 28 54 55 58 60 64 65 68 69
 28 52 53 57 60
 28 45 58 60 66
 28 45 58 60 64 65
 28 43 56 58 60 66
 28 43 56 58 60 64 65
 28 43 54 55 58 60 66
 28 43 54 55 58 60 64 65
 28 39 58 60 72
 28 39 58 60 70 71
 28 39 56 58 60 70
 28 39 56 58 60 68 69
 28 39 54 55 58 60 70
 28 39 54 55 58 60 68 69
 28 39 45 58 60
 28 39 43 56 58 60
 28 39 43 54 55 58 60
 28 37 58 60 72
 28 37 58 60 70 71
 28 37 45 58 60
 28 35 56 58 60 70
 28 35 56 58 60 68 69
 28 35 54 55 58 60 70
 28 35 54 55 58 60 68 69
 28 35 43 56 58 60
 28 35 43 54 55 58 60
 28 29 58 60 66 70
 28 29 58 60 66 68 69
 28 29 58 60 64 65 70
 28 29 58 60 64 65 68 69
 28 29 43 58 60 66
 28 29 43 58 60 64 65
 28 29 39 58 60 70
 28 29 39 58 60 68 69
 28 29 39 43 58 60
 28 29 35 58 60 70
 28 29 35 58 60 68 69
 28 29 35 43 58 60
 27 28 57 60
 26 27 58 60 66 72
 26 27 58 60 66 70 71
 26 27 58 60 64 65 72
 26 27 58 60 64 65 70 71
 26 27 57 60
 26 27 56 58 60 66 70
 26 27 56 58 60 66 68 69
 26 27 56 58 60 64 65 70
 26 27 56 58 60 64 65 68 69
 26 27 54 57 60
 26 27 54 55 58 60 66 70
 26 27 54 55 58 60 66 68 69
 26 27 54 55 58 60 64 65 70
 26 27 54 55 58 60 64 65 68 69
 26 27 52 53 57 60
 26 27 45 58 60 66
 26 27 45 58 60 64 65
 26 27 43 56 58 60 66
 26 27 43 56 58 60 64 65
 26 27 43 54 55 58 60 66
 26 27 43 54 55 58 60 64 65
 26 27 39 58 60 72
 26 27 39 58 60 70 71
 26 27 39 56 58 60 70
 26 27 39 56 58 60 68 69
 26 27 39 54 55 58 60 70
 26 27 39 54 55 58 60 68 69
 26 27 39 45 58 60
 26 27 39 43 56 58 60
 26 27 39 43 54 55 58 60
 26 27 37 58 60 72
 26 27 37 58 60 70 71
 26 27 37 45 58 60
 26 27 35 56 58 60 70
 26 27 35 56 58 60 68 69
 26 27 35 54 55 58 60 70
 26 27 35 54 55 58 60 68 69
 26 27 35 43 56 58 60
 26 27 35 43 54 55 58 60
 26 27 29 58 60 66 70
 26 27 29 58 60 66 68 69
 26 27 29 58 60 64 65 70
 26 27 29 58 60 64 65 68 69
 26 27 29 43 58 60 66
 26 27 29 43 58 60 64 65
 26 27 29 39 58 60 70
 26 27 29 39 58 60 68 69
 26 27 29 39 43 58 60
 26 27 29 35 58 60 70
 26 27 29 35 58 60 68 69
 26 27 29 35 43 58 60
 25 35 58 60 72
 25 35 58 60 70 71
 25 35 56 58 60 70
 25 35 56 58 60 68 69
 25 35 54 55 58 60 70
 25 35 54 55 58 60 68 69
 25 35 45 58 60
 25 35 43 56 58 60
 25 35 43 54 55 58 60
 25 29 35 58 60 70
 25 29 35 58 60 68 69
 25 29 35 43 58 60
 15 28 54 60
 15 28 52 53 60
 15 27 28 60
 15 26 27 60
 15 26 27 54 60
 15 26 27 52 53 60
 13 14 28 54 60
 13 14 28 52 53 60
 13 14 27 28 60
 13 14 26 27 60
 13 14 26 27 54 60
 13 14 26 27 52 53 60
 1 58 60 66 72
 1 58 60 66 70 71
 1 58 60 64 65 72
 1 58 60 64 65 70 71
 1 56 58 60 66 70
 1 56 58 60 66 68 69
 1 56 58 60 64 65 70
 1 56 58 60 64 65 68 69
 1 54 57 60
 1 54 55 58 60 66 70
 1 54 55 58 60 66 68 69
 1 54 55 58 60 64 65 70
 1 54 55 58 60 64 65 68 69
 1 52 53 57 60
 1 45 58 60 66
 1 45 58 60 64 65
 1 43 56 58 60 66
 1 43 56 58 60 64 65
 1 43 54 55 58 60 66
 1 43 54 55 58 60 64 65
 1 39 58 60 72
 1 39 58 60 70 71
 1 39 56 58 60 70
 1 39 56 58 60 68 69
 1 39 54 55 58 60 70
 1 39 54 55 58 60 68 69
 1 39 45 58 60
 1 39 43 56 58 60
 1 39 43 54 55 58 60
 1 37 58 60 72
 1 37 58 60 70 71
 1 37 45 58 60
 1 35 56 58 60 70
 1 35 56 58 60 68 69
 1 35 54 55 58 60 70
 1 35 54 55 58 60 68 69
 1 35 43 56 58 60
 1 35 43 54 55 58 60
 1 29 58 60 66 70
 1 29 58 60 66 68 69
 1 29 58 60 64 65 70
 1 29 58 60 64 65 68 69
 1 29 43 58 60 66
 1 29 43 58 60 64 65
 1 29 39 58 60 70
 1 29 39 58 60 68 69
 1 29 39 43 58 60
 1 29 35 58 60 70
 1 29 35 58 60 68 69
 1 29 35 43 58 60
 1 27 57 60
 1 15 54 60
 1 15 52 53 60
 1 15 27 60
 1 13 14 54 60
 1 13 14 52 53 60
 1 13 14 27 60
