 58
 57 58 72
 57 58 70 71
 45 57 58
 41 45 58
 41 43 44 58
 40 41 47 58
 40 41 45 57 58
 40 41 45 46 58
 40 41 43 44 57 58
 39 40 47 58
 39 40 45 58
 39 40 45 57 58
 39 40 45 46 58
 39 40 43 44 58
 39 40 43 44 57 58
 38 41 58 72
 38 41 58 70 71
 38 41 47 58
 38 41 45 58
 38 41 45 46 58
 38 39 41 47 58
 38 39 41 45 57 58
 38 39 41 45 46 58
 38 39 41 43 44 57 58
 38 39 40 58 72
 38 39 40 58 70 71
 38 39 40 45 58
 38 39 40 45 57 58
 38 39 40 43 44 57 58
 36 37 41 58 72
 36 37 41 58 70 71
 36 37 41 47 58
 36 37 41 45 58
 36 37 41 45 46 58
 36 37 39 40 58 72
 36 37 39 40 58 70 71
 36 37 39 40 47 58
 36 37 39 40 45 58
 36 37 39 40 45 46 58
 28 41 58
 28 41 57 58
 28 39 40 58
 28 39 40 57 58
 28 38 41 47 57 58
 28 38 41 45 46 57 58
 28 38 39 40 47 57 58
 28 38 39 40 45 46 57 58
 28 36 37 41 47 57 58
 28 36 37 41 45 46 57 58
 28 36 37 39 40 47 57 58
 28 36 37 39 40 45 46 57 58
 26 27 41 58
 26 27 41 57 58
 26 27 39 40 58
 26 27 39 40 57 58
 26 27 38 41 47 57 58
 26 27 38 41 45 46 57 58
 26 27 38 39 40 47 57 58
 26 27 38 39 40 45 46 57 58
 26 27 36 37 41 47 57 58
 26 27 36 37 41 45 46 57 58
 26 27 36 37 39 40 47 57 58
 26 27 36 37 39 40 45 46 57 58
 20 40 41 58
 20 39 40 58
 20 38 41 58
 20 38 39 41 58
 20 36 37 41 58
 20 36 37 39 40 58
 20 28 38 41 57 58
 20 28 38 39 40 57 58
 20 28 36 37 41 57 58
 20 28 36 37 39 40 57 58
 20 26 27 38 41 57 58
 20 26 27 38 39 40 57 58
 20 26 27 36 37 41 57 58
 20 26 27 36 37 39 40 57 58
 18 41 58
 18 40 41 57 58
 18 39 40 58
 18 39 40 57 58
 18 38 39 41 57 58
 18 38 39 40 57 58
 15 58 72
 15 58 70 71
 15 45 58
 15 40 41 45 58
 15 40 41 43 44 58
 15 39 40 45 58
 15 39 40 43 44 58
 15 38 39 41 45 58
 15 38 39 41 43 44 58
 15 38 39 40 45 58
 15 38 39 40 43 44 58
 15 28 41 58
 15 28 39 40 58
 15 28 38 41 47 58
 15 28 38 41 45 46 58
 15 28 38 39 40 47 58
 15 28 38 39 40 45 46 58
 15 28 36 37 41 47 58
 15 28 36 37 41 45 46 58
 15 28 36 37 39 40 47 58
 15 28 36 37 39 40 45 46 58
 15 26 27 41 58
 15 26 27 39 40 58
 15 26 27 38 41 47 58
 15 26 27 38 41 45 46 58
 15 26 27 38 39 40 47 58
 15 26 27 38 39 40 45 46 58
 15 26 27 36 37 41 47 58
 15 26 27 36 37 41 45 46 58
 15 26 27 36 37 39 40 47 58
 15 26 27 36 37 39 40 45 46 58
 15 20 28 38 41 58
 15 20 28 38 39 40 58
 15 20 28 36 37 41 58
 15 20 28 36 37 39 40 58
 15 20 26 27 38 41 58
 15 20 26 27 38 39 40 58
 15 20 26 27 36 37 41 58
 15 20 26 27 36 37 39 40 58
 15 18 40 41 58
 15 18 39 40 58
 15 18 38 39 41 58
 15 18 38 39 40 58
 14 45 58
 14 43 44 58
 14 40 47 58
 14 40 45 57 58
 14 40 45 46 58
 14 40 43 44 57 58
 14 38 58 72
 14 38 58 70 71
 14 38 47 58
 14 38 45 58
 14 38 45 46 58
 14 38 39 47 58
 14 38 39 45 57 58
 14 38 39 45 46 58
 14 38 39 43 44 57 58
 14 36 37 58 72
 14 36 37 58 70 71
 14 36 37 47 58
 14 36 37 45 58
 14 36 37 45 46 58
 14 28 58
 14 28 57 58
 14 28 38 47 57 58
 14 28 38 45 46 57 58
 14 28 36 37 47 57 58
 14 28 36 37 45 46 57 58
 14 26 27 58
 14 26 27 57 58
 14 26 27 38 47 57 58
 14 26 27 38 45 46 57 58
 14 26 27 36 37 47 57 58
 14 26 27 36 37 45 46 57 58
 14 20 40 58
 14 20 38 58
 14 20 38 39 58
 14 20 36 37 58
 14 20 28 38 57 58
 14 20 28 36 37 57 58
 14 20 26 27 38 57 58
 14 20 26 27 36 37 57 58
 14 18 58
 14 18 40 57 58
 14 18 38 39 57 58
 14 15 40 45 58
 14 15 40 43 44 58
 14 15 38 39 45 58
 14 15 38 39 43 44 58
 14 15 28 58
 14 15 28 38 47 58
 14 15 28 38 45 46 58
 14 15 28 36 37 47 58
 14 15 28 36 37 45 46 58
 14 15 26 27 58
 14 15 26 27 38 47 58
 14 15 26 27 38 45 46 58
 14 15 26 27 36 37 47 58
 14 15 26 27 36 37 45 46 58
 14 15 20 28 38 58
 14 15 20 28 36 37 58
 14 15 20 26 27 38 58
 14 15 20 26 27 36 37 58
 14 15 18 40 58
 14 15 18 38 39 58
 13 41 47 58
 13 41 45 57 58
 13 41 45 46 58
 13 41 43 44 57 58
 13 39 40 47 58
 13 39 40 45 57 58
 13 39 40 45 46 58
 13 39 40 43 44 57 58
 13 20 41 58
 13 20 39 40 58
 13 18 41 57 58
 13 18 39 40 57 58
 13 15 41 45 58
 13 15 41 43 44 58
 13 15 39 40 45 58
 13 15 39 40 43 44 58
 13 15 18 41 58
 13 15 18 39 40 58
 13 14 58 72
 13 14 58 70 71
 13 14 47 58
 13 14 45 57 58
 13 14 45 46 58
 13 14 43 44 58
 13 14 43 44 57 58
 13 14 41 45 58
 13 14 41 43 44 58
 13 14 40 45 58
 13 14 40 43 44 58
 13 14 40 41 45 58
 13 14 40 41 43 44 58
 13 14 38 39 45 58
 13 14 38 39 43 44 58
 13 14 38 39 41 45 58
 13 14 38 39 41 43 44 58
 13 14 38 39 40 45 58
 13 14 38 39 40 43 44 58
 13 14 28 58
 13 14 28 41 58
 13 14 28 39 40 58
 13 14 28 38 47 58
 13 14 28 38 45 46 58
 13 14 28 38 41 47 58
 13 14 28 38 41 45 46 58
 13 14 28 38 39 40 47 58
 13 14 28 38 39 40 45 46 58
 13 14 28 36 37 47 58
 13 14 28 36 37 45 46 58
 13 14 28 36 37 41 47 58
 13 14 28 36 37 41 45 46 58
 13 14 28 36 37 39 40 47 58
 13 14 28 36 37 39 40 45 46 58
 13 14 26 27 58
 13 14 26 27 41 58
 13 14 26 27 39 40 58
 13 14 26 27 38 47 58
 13 14 26 27 38 45 46 58
 13 14 26 27 38 41 47 58
 13 14 26 27 38 41 45 46 58
 13 14 26 27 38 39 40 47 58
 13 14 26 27 38 39 40 45 46 58
 13 14 26 27 36 37 47 58
 13 14 26 27 36 37 45 46 58
 13 14 26 27 36 37 41 47 58
 13 14 26 27 36 37 41 45 46 58
 13 14 26 27 36 37 39 40 47 58
 13 14 26 27 36 37 39 40 45 46 58
 13 14 20 58
 13 14 20 28 38 58
 13 14 20 28 38 41 58
 13 14 20 28 38 39 40 58
 13 14 20 28 36 37 58
 13 14 20 28 36 37 41 58
 13 14 20 28 36 37 39 40 58
 13 14 20 26 27 38 58
 13 14 20 26 27 38 41 58
 13 14 20 26 27 38 39 40 58
 13 14 20 26 27 36 37 58
 13 14 20 26 27 36 37 41 58
 13 14 20 26 27 36 37 39 40 58
 13 14 18 58
 13 14 18 57 58
 13 14 18 41 58
 13 14 18 40 58
 13 14 18 40 41 58
 13 14 18 38 39 58
 13 14 18 38 39 41 58
 13 14 18 38 39 40 58
 13 14 15 45 58
 13 14 15 43 44 58
 13 14 15 18 58
 11 41 58 72
 11 41 58 70 71
 11 41 47 58
 11 41 45 58
 11 41 45 46 58
 11 39 40 58 72
 11 39 40 58 70 71
 11 39 40 47 58
 11 39 40 45 58
 11 39 40 45 46 58
 11 28 41 47 57 58
 11 28 41 45 46 57 58
 11 28 39 40 47 57 58
 11 28 39 40 45 46 57 58
 11 26 27 41 47 57 58
 11 26 27 41 45 46 57 58
 11 26 27 39 40 47 57 58
 11 26 27 39 40 45 46 57 58
 11 20 41 58
 11 20 39 40 58
 11 20 28 41 57 58
 11 20 28 39 40 57 58
 11 20 26 27 41 57 58
 11 20 26 27 39 40 57 58
 11 15 28 41 47 58
 11 15 28 41 45 46 58
 11 15 28 39 40 47 58
 11 15 28 39 40 45 46 58
 11 15 26 27 41 47 58
 11 15 26 27 41 45 46 58
 11 15 26 27 39 40 47 58
 11 15 26 27 39 40 45 46 58
 11 15 20 28 41 58
 11 15 20 28 39 40 58
 11 15 20 26 27 41 58
 11 15 20 26 27 39 40 58
 11 14 58 72
 11 14 58 70 71
 11 14 47 58
 11 14 45 58
 11 14 45 46 58
 11 14 28 47 57 58
 11 14 28 45 46 57 58
 11 14 26 27 47 57 58
 11 14 26 27 45 46 57 58
 11 14 20 58
 11 14 20 28 57 58
 11 14 20 26 27 57 58
 11 14 15 28 47 58
 11 14 15 28 45 46 58
 11 14 15 26 27 47 58
 11 14 15 26 27 45 46 58
 11 14 15 20 28 58
 11 14 15 20 26 27 58
 11 13 14 28 47 58
 11 13 14 28 45 46 58
 11 13 14 28 41 47 58
 11 13 14 28 41 45 46 58
 11 13 14 28 39 40 47 58
 11 13 14 28 39 40 45 46 58
 11 13 14 26 27 47 58
 11 13 14 26 27 45 46 58
 11 13 14 26 27 41 47 58
 11 13 14 26 27 41 45 46 58
 11 13 14 26 27 39 40 47 58
 11 13 14 26 27 39 40 45 46 58
 11 13 14 20 28 58
 11 13 14 20 28 41 58
 11 13 14 20 28 39 40 58
 11 13 14 20 26 27 58
 11 13 14 20 26 27 41 58
 11 13 14 20 26 27 39 40 58
 1 41 58
 1 41 57 58
 1 39 40 58
 1 39 40 57 58
 1 38 41 47 57 58
 1 38 41 45 46 57 58
 1 38 39 40 47 57 58
 1 38 39 40 45 46 57 58
 1 36 37 41 47 57 58
 1 36 37 41 45 46 57 58
 1 36 37 39 40 47 57 58
 1 36 37 39 40 45 46 57 58
 1 20 38 41 57 58
 1 20 38 39 40 57 58
 1 20 36 37 41 57 58
 1 20 36 37 39 40 57 58
 1 15 41 58
 1 15 39 40 58
 1 15 38 41 47 58
 1 15 38 41 45 46 58
 1 15 38 39 40 47 58
 1 15 38 39 40 45 46 58
 1 15 36 37 41 47 58
 1 15 36 37 41 45 46 58
 1 15 36 37 39 40 47 58
 1 15 36 37 39 40 45 46 58
 1 15 20 38 41 58
 1 15 20 38 39 40 58
 1 15 20 36 37 41 58
 1 15 20 36 37 39 40 58
 1 14 58
 1 14 57 58
 1 14 38 47 57 58
 1 14 38 45 46 57 58
 1 14 36 37 47 57 58
 1 14 36 37 45 46 57 58
 1 14 20 38 57 58
 1 14 20 36 37 57 58
 1 14 15 58
 1 14 15 38 47 58
 1 14 15 38 45 46 58
 1 14 15 36 37 47 58
 1 14 15 36 37 45 46 58
 1 14 15 20 38 58
 1 14 15 20 36 37 58
 1 13 14 58
 1 13 14 41 58
 1 13 14 39 40 58
 1 13 14 38 47 58
 1 13 14 38 45 46 58
 1 13 14 38 41 47 58
 1 13 14 38 41 45 46 58
 1 13 14 38 39 40 47 58
 1 13 14 38 39 40 45 46 58
 1 13 14 36 37 47 58
 1 13 14 36 37 45 46 58
 1 13 14 36 37 41 47 58
 1 13 14 36 37 41 45 46 58
 1 13 14 36 37 39 40 47 58
 1 13 14 36 37 39 40 45 46 58
 1 13 14 20 38 58
 1 13 14 20 38 41 58
 1 13 14 20 38 39 40 58
 1 13 14 20 36 37 58
 1 13 14 20 36 37 41 58
 1 13 14 20 36 37 39 40 58
 1 11 41 47 57 58
 1 11 41 45 46 57 58
 1 11 39 40 47 57 58
 1 11 39 40 45 46 57 58
 1 11 20 41 57 58
 1 11 20 39 40 57 58
 1 11 15 41 47 58
 1 11 15 41 45 46 58
 1 11 15 39 40 47 58
 1 11 15 39 40 45 46 58
 1 11 15 20 41 58
 1 11 15 20 39 40 58
 1 11 14 47 57 58
 1 11 14 45 46 57 58
 1 11 14 20 57 58
 1 11 14 15 47 58
 1 11 14 15 45 46 58
 1 11 14 15 20 58
 1 11 13 14 47 58
 1 11 13 14 45 46 58
 1 11 13 14 41 47 58
 1 11 13 14 41 45 46 58
 1 11 13 14 39 40 47 58
 1 11 13 14 39 40 45 46 58
 1 11 13 14 20 58
 1 11 13 14 20 41 58
 1 11 13 14 20 39 40 58
