 60 72
 60 70 71
 58 60 70
 58 60 68 69
 58 60 67 70
 58 60 67 68 69
 58 60 65 70
 58 60 65 68 69
 58 60 65 66 70
 58 60 65 66 68 69
 58 59 66 70
 58 59 66 68 69
 58 59 64 65 70
 58 59 64 65 68 69
 56 57 58 59 66 70
 56 57 58 59 66 68 69
 56 57 58 59 64 65 70
 56 57 58 59 64 65 68 69
 55 58 72
 55 58 70 71
 54 58 72
 54 58 70 71
 51 52 54 58 72
 51 52 54 58 70 71
 51 52 53 58 72
 51 52 53 58 70 71
 45 70
 45 68 69
 45 60
 45 58
 45 58 74
 45 58 72
 45 58 72 73
 45 58 70
 45 58 70
 45 58 70 71
 45 58 68 69
 45 58 68 69
 45 58 67 70
 45 58 67 68 69
 45 58 66 72
 45 58 66 70 71
 45 58 65 70
 45 58 65 68 69
 45 58 65 66 70
 45 58 65 66 68 69
 45 58 64
 45 58 64 67
 45 58 64 65
 45 58 64 65 72
 45 58 64 65 70 71
 45 58 64 65 66
 45 58 62
 45 58 62 70
 45 58 62 68 69
 45 58 62 66 70
 45 58 62 66 68 69
 45 58 62 64 65 70
 45 58 62 64 65 68 69
 45 58 60
 45 58 60 74
 45 58 60 72
 45 58 60 72 73
 45 58 60 70
 45 58 60 70 71
 45 58 60 68 69
 45 58 60 66 74
 45 58 60 66 72
 45 58 60 66 72 74
 45 58 60 66 70
 45 58 60 66 70 71
 45 58 60 66 70 71 74
 45 58 60 66 70 71 72 73
 45 58 60 66 68 69
 45 58 60 64 65 74
 45 58 60 64 65 72
 45 58 60 64 65 72 74
 45 58 60 64 65 70
 45 58 60 64 65 70 71
 45 58 60 64 65 70 71 74
 45 58 60 64 65 70 71 72 73
 45 58 60 64 65 68 69
 45 58 59 66
 45 58 59 66 72
 45 58 59 66 70 71
 45 58 59 64 65
 45 58 59 64 65 72
 45 58 59 64 65 70 71
 45 57 58 70
 45 57 58 70
 45 57 58 68 69
 45 57 58 68 69
 45 57 58 67 70
 45 57 58 67 68 69
 45 57 58 65 70
 45 57 58 65 68 69
 45 57 58 65 66 70
 45 57 58 65 66 68 69
 45 56 58
 45 56 58 72
 45 56 58 70 74
 45 56 58 70 72
 45 56 58 70 72 73
 45 56 58 68 69 74
 45 56 58 68 69 72
 45 56 58 68 69 72 73
 45 56 58 68 69 70 71
 45 56 58 66 74
 45 56 58 66 72 74
 45 56 58 66 70
 45 56 58 66 70 71 74
 45 56 58 66 70 71 72 73
 45 56 58 66 68 69
 45 56 58 64 65 74
 45 56 58 64 65 72 74
 45 56 58 64 65 70
 45 56 58 64 65 70 71 74
 45 56 58 64 65 70 71 72 73
 45 56 58 64 65 68 69
 45 56 58 62 66
 45 56 58 62 66 72
 45 56 58 62 66 70 71
 45 56 58 62 64 65
 45 56 58 62 64 65 72
 45 56 58 62 64 65 70 71
 45 56 57 58 59 66
 45 56 57 58 59 66 72
 45 56 57 58 59 66 70 71
 45 56 57 58 59 64 65
 45 56 57 58 59 64 65 72
 45 56 57 58 59 64 65 70 71
 45 55 58
 45 55 58
 45 55 58 67
 45 55 58 65
 45 55 58 65 66
 45 54 58
 45 54 55 58
 45 54 55 58 72
 45 54 55 58 70
 45 54 55 58 70 71
 45 54 55 58 68 69
 45 53 58 70
 45 53 58 68 69
 45 53 58 66 70
 45 53 58 66 68 69
 45 53 58 64 65 70
 45 53 58 64 65 68 69
 45 53 54 56 58 70
 45 53 54 56 58 68 69
 45 53 54 55 58 70
 45 53 54 55 58 68 69
 45 51 52 54 58
 45 51 52 53 58
 45 47 58
 45 47 58 60
 45 47 58 60 66
 45 47 58 60 66 72
 45 47 58 60 66 70 71
 45 47 58 60 64 65
 45 47 58 60 64 65 72
 45 47 58 60 64 65 70 71
 45 47 56 58 70
 45 47 56 58 68 69
 45 47 56 58 66
 45 47 56 58 66 72
 45 47 56 58 66 70 71
 45 47 56 58 64 65
 45 47 56 58 64 65 72
 45 47 56 58 64 65 70 71
 43 58 60
 43 58 60 67
 43 58 60 65
 43 58 60 65 66
 43 58 59 66
 43 58 59 64 65
 43 56 57 58 59 66
 43 56 57 58 59 64 65
 43 45
 43 45 58
 43 45 58
 43 45 58 67
 43 45 58 65
 43 45 58 65 66
 43 45 58 62
 43 45 58 62 66
 43 45 58 62 64 65
 43 45 58 60
 43 45 58 60 66
 43 45 58 60 64 65
 43 45 57 58
 43 45 57 58
 43 45 57 58 67
 43 45 57 58 65
 43 45 57 58 65 66
 43 45 56 58 74
 43 45 56 58 72
 43 45 56 58 72 73
 43 45 56 58 70 71
 43 45 56 58 66
 43 45 56 58 64 65
 43 45 54 55 58
 43 45 53 58
 43 45 53 58 66
 43 45 53 58 64 65
 43 45 53 54 56 58
 43 45 53 54 55 58
 43 45 47 56 58
 43 44
 43 44 70
 43 44 68 69
 43 44 58
 43 44 58
 43 44 58 74
 43 44 58 72
 43 44 58 72 73
 43 44 58 70
 43 44 58 70
 43 44 58 70 71
 43 44 58 68 69
 43 44 58 68 69
 43 44 58 67
 43 44 58 67 70
 43 44 58 67 68 69
 43 44 58 66
 43 44 58 66 72
 43 44 58 66 70 71
 43 44 58 65
 43 44 58 65 70
 43 44 58 65 68 69
 43 44 58 65 66
 43 44 58 65 66 70
 43 44 58 65 66 68 69
 43 44 58 64
 43 44 58 64 67
 43 44 58 64 65
 43 44 58 64 65
 43 44 58 64 65 72
 43 44 58 64 65 70 71
 43 44 58 64 65 66
 43 44 58 62 70
 43 44 58 62 68 69
 43 44 58 62 66
 43 44 58 62 66 70
 43 44 58 62 66 68 69
 43 44 58 62 64 65
 43 44 58 62 64 65 70
 43 44 58 62 64 65 68 69
 43 44 58 60
 43 44 58 60 74
 43 44 58 60 72
 43 44 58 60 72 73
 43 44 58 60 70
 43 44 58 60 70 71
 43 44 58 60 68 69
 43 44 58 60 66 72
 43 44 58 60 66 72 74
 43 44 58 60 66 72 73
 43 44 58 60 66 70
 43 44 58 60 66 70 71
 43 44 58 60 66 70 71 74
 43 44 58 60 66 70 71 72 73
 43 44 58 60 66 68 69
 43 44 58 60 64 65 72
 43 44 58 60 64 65 72 74
 43 44 58 60 64 65 72 73
 43 44 58 60 64 65 70
 43 44 58 60 64 65 70 71
 43 44 58 60 64 65 70 71 74
 43 44 58 60 64 65 70 71 72 73
 43 44 58 60 64 65 68 69
 43 44 58 59 66 72
 43 44 58 59 66 70 71
 43 44 58 59 64 65 72
 43 44 58 59 64 65 70 71
 43 44 57 58
 43 44 57 58
 43 44 57 58 70
 43 44 57 58 70
 43 44 57 58 68 69
 43 44 57 58 68 69
 43 44 57 58 67
 43 44 57 58 67 70
 43 44 57 58 67 68 69
 43 44 57 58 65
 43 44 57 58 65 70
 43 44 57 58 65 68 69
 43 44 57 58 65 66
 43 44 57 58 65 66 70
 43 44 57 58 65 66 68 69
 43 44 56 58
 43 44 56 58 74
 43 44 56 58 72 73
 43 44 56 58 70
 43 44 56 58 70 74
 43 44 56 58 70 72
 43 44 56 58 70 72 73
 43 44 56 58 70 71
 43 44 56 58 68 69
 43 44 56 58 68 69 74
 43 44 56 58 68 69 72
 43 44 56 58 68 69 72 73
 43 44 56 58 68 69 70 71
 43 44 56 58 66
 43 44 56 58 66 72 74
 43 44 56 58 66 72 73
 43 44 56 58 66 70
 43 44 56 58 66 70 71 74
 43 44 56 58 66 70 71 72 73
 43 44 56 58 66 68 69
 43 44 56 58 64 65
 43 44 56 58 64 65 72 74
 43 44 56 58 64 65 72 73
 43 44 56 58 64 65 70
 43 44 56 58 64 65 70 71 74
 43 44 56 58 64 65 70 71 72 73
 43 44 56 58 64 65 68 69
 43 44 56 58 62 66 72
 43 44 56 58 62 66 70 71
 43 44 56 58 62 64 65 72
 43 44 56 58 62 64 65 70 71
 43 44 56 57 58 59 66 72
 43 44 56 57 58 59 66 70 71
 43 44 56 57 58 59 64 65 72
 43 44 56 57 58 59 64 65 70 71
 43 44 55 58
 43 44 55 58 67
 43 44 55 58 65
 43 44 55 58 65 66
 43 44 54 55 58
 43 44 54 55 58 72
 43 44 54 55 58 70
 43 44 54 55 58 70 71
 43 44 54 55 58 68 69
 43 44 53 58
 43 44 53 58 70
 43 44 53 58 68 69
 43 44 53 58 66
 43 44 53 58 66 70
 43 44 53 58 66 68 69
 43 44 53 58 64 65
 43 44 53 58 64 65 70
 43 44 53 58 64 65 68 69
 43 44 53 54 56 58
 43 44 53 54 56 58 70
 43 44 53 54 56 58 68 69
 43 44 53 54 55 58
 43 44 53 54 55 58 70
 43 44 53 54 55 58 68 69
 43 44 47 58
 43 44 47 58 60
 43 44 47 58 60 66 72
 43 44 47 58 60 66 70 71
 43 44 47 58 60 64 65 72
 43 44 47 58 60 64 65 70 71
 43 44 47 56 58
 43 44 47 56 58 70
 43 44 47 56 58 68 69
 43 44 47 56 58 66 72
 43 44 47 56 58 66 70 71
 43 44 47 56 58 64 65 72
 43 44 47 56 58 64 65 70 71
 43 44 45 58
 43 44 45 58 66
 43 44 45 58 64 65
 43 44 45 58 60
 43 44 45 58 60 66
 43 44 45 58 60 66 74
 43 44 45 58 60 66 72 73
 43 44 45 58 60 64 65
 43 44 45 58 60 64 65 74
 43 44 45 58 60 64 65 72 73
 43 44 45 58 59 66
 43 44 45 58 59 64 65
 43 44 45 56 58 70
 43 44 45 56 58 68 69
 43 44 45 56 58 66 74
 43 44 45 56 58 66 72 73
 43 44 45 56 58 64 65 74
 43 44 45 56 58 64 65 72 73
 43 44 45 56 58 62 66
 43 44 45 56 58 62 64 65
 43 44 45 56 57 58 59 66
 43 44 45 56 57 58 59 64 65
 43 44 45 54 55 58
 43 44 45 47 58 60 66
 43 44 45 47 58 60 64 65
 43 44 45 47 56 58 66
 43 44 45 47 56 58 64 65
 40 58 72
 40 58 70 71
 40 58 60 70
 40 58 60 68 69
 40 45 58
 40 45 58 70
 40 45 58 68 69
 40 45 58 64
 40 45 57 58 70
 40 45 57 58 68 69
 40 45 55 58
 40 43 58 60
 40 43 45 58
 40 43 45 57 58
 40 43 44 58
 40 43 44 58 70
 40 43 44 58 68 69
 40 43 44 58 64
 40 43 44 57 58
 40 43 44 57 58 70
 40 43 44 57 58 68 69
 40 43 44 55 58
 39 58 59 70
 39 58 59 68 69
 39 56 57 58 59 70
 39 56 57 58 59 68 69
 39 45 58 72
 39 45 58 70 71
 39 45 58 62 70
 39 45 58 62 68 69
 39 45 58 60 74
 39 45 58 60 72
 39 45 58 60 72 74
 39 45 58 60 70
 39 45 58 60 70 71
 39 45 58 60 70 71 74
 39 45 58 60 70 71 72 73
 39 45 58 60 68 69
 39 45 58 59
 39 45 58 59 72
 39 45 58 59 70 71
 39 45 56 58 74
 39 45 56 58 72 74
 39 45 56 58 70
 39 45 56 58 70 71 74
 39 45 56 58 70 71 72 73
 39 45 56 58 68 69
 39 45 56 58 62
 39 45 56 58 62 72
 39 45 56 58 62 70 71
 39 45 56 57 58 59
 39 45 56 57 58 59 72
 39 45 56 57 58 59 70 71
 39 45 53 58 70
 39 45 53 58 68 69
 39 45 47 58 60
 39 45 47 58 60 72
 39 45 47 58 60 70 71
 39 45 47 56 58
 39 45 47 56 58 72
 39 45 47 56 58 70 71
 39 43 58 59
 39 43 56 57 58 59
 39 43 45 58 62
 39 43 45 58 60
 39 43 45 56 58
 39 43 45 53 58
 39 43 44 58
 39 43 44 58 72
 39 43 44 58 70 71
 39 43 44 58 62
 39 43 44 58 62 70
 39 43 44 58 62 68 69
 39 43 44 58 60 72
 39 43 44 58 60 72 74
 39 43 44 58 60 72 73
 39 43 44 58 60 70
 39 43 44 58 60 70 71
 39 43 44 58 60 70 71 74
 39 43 44 58 60 70 71 72 73
 39 43 44 58 60 68 69
 39 43 44 58 59 72
 39 43 44 58 59 70 71
 39 43 44 56 58
 39 43 44 56 58 72 74
 39 43 44 56 58 72 73
 39 43 44 56 58 70
 39 43 44 56 58 70 71 74
 39 43 44 56 58 70 71 72 73
 39 43 44 56 58 68 69
 39 43 44 56 58 62 72
 39 43 44 56 58 62 70 71
 39 43 44 56 57 58 59 72
 39 43 44 56 57 58 59 70 71
 39 43 44 53 58
 39 43 44 53 58 70
 39 43 44 53 58 68 69
 39 43 44 47 58 60 72
 39 43 44 47 58 60 70 71
 39 43 44 47 56 58 72
 39 43 44 47 56 58 70 71
 39 43 44 45 58
 39 43 44 45 58 60
 39 43 44 45 58 60 74
 39 43 44 45 58 60 72 73
 39 43 44 45 58 59
 39 43 44 45 56 58 74
 39 43 44 45 56 58 72 73
 39 43 44 45 56 58 62
 39 43 44 45 56 57 58 59
 39 43 44 45 47 58 60
 39 43 44 45 47 56 58
 38 39 58 72
 38 39 58 70 71
 38 39 45 58
 31 58 59 66 70
 31 58 59 66 68 69
 31 58 59 64 65 70
 31 58 59 64 65 68 69
 31 45 58 59 66
 31 45 58 59 66 72
 31 45 58 59 66 70 71
 31 45 58 59 64 65
 31 45 58 59 64 65 72
 31 45 58 59 64 65 70 71
 31 43 58 59 66
 31 43 58 59 64 65
 31 43 44 58 59 66 72
 31 43 44 58 59 66 70 71
 31 43 44 58 59 64 65 72
 31 43 44 58 59 64 65 70 71
 31 43 44 45 58 59 66
 31 43 44 45 58 59 64 65
 31 39 58 59 70
 31 39 58 59 68 69
 31 39 45 58 59
 31 39 45 58 59 72
 31 39 45 58 59 70 71
 31 39 43 58 59
 31 39 43 44 58 59 72
 31 39 43 44 58 59 70 71
 31 39 43 44 45 58 59
 30 45 58 70
 30 45 58 68 69
 30 43 45 58
 30 43 44 58
 30 43 44 58 70
 30 43 44 58 68 69
 29 45 58
 29 45 58 72
 29 45 58 70 71
 29 45 55 58 70
 29 45 55 58 68 69
 29 45 53 54 58 70
 29 45 53 54 58 68 69
 29 43 45 55 58
 29 43 45 53 54 58
 29 43 44 58 72
 29 43 44 58 70 71
 29 43 44 55 58
 29 43 44 55 58 70
 29 43 44 55 58 68 69
 29 43 44 53 54 58
 29 43 44 53 54 58 70
 29 43 44 53 54 58 68 69
 29 43 44 45 58
 28 45 58 66 70
 28 45 58 66 68 69
 28 45 58 64 65 70
 28 45 58 64 65 68 69
 28 45 58 60 70
 28 45 58 60 68 69
 28 45 58 59 66 70
 28 45 58 59 66 68 69
 28 45 58 59 64 65 70
 28 45 58 59 64 65 68 69
 28 45 57 58 70
 28 45 57 58 68 69
 28 45 56 58 66 70
 28 45 56 58 66 68 69
 28 45 56 58 64 65 70
 28 45 56 58 64 65 68 69
 28 45 56 57 58 59 66 70
 28 45 56 57 58 59 66 68 69
 28 45 56 57 58 59 64 65 70
 28 45 56 57 58 59 64 65 68 69
 28 45 54 55 58 70
 28 45 54 55 58 68 69
 28 45 53 54 56 58 70
 28 45 53 54 56 58 68 69
 28 45 53 54 55 58 70
 28 45 53 54 55 58 68 69
 28 43 45 58 66
 28 43 45 58 64 65
 28 43 45 58 60
 28 43 45 58 59 66
 28 43 45 58 59 64 65
 28 43 45 57 58
 28 43 45 56 58 66
 28 43 45 56 58 64 65
 28 43 45 56 57 58 59 66
 28 43 45 56 57 58 59 64 65
 28 43 45 54 55 58
 28 43 45 53 54 56 58
 28 43 45 53 54 55 58
 28 43 44 58 66
 28 43 44 58 66 70
 28 43 44 58 66 68 69
 28 43 44 58 64 65
 28 43 44 58 64 65 70
 28 43 44 58 64 65 68 69
 28 43 44 58 60
 28 43 44 58 60 70
 28 43 44 58 60 68 69
 28 43 44 58 59 66
 28 43 44 58 59 66 70
 28 43 44 58 59 66 68 69
 28 43 44 58 59 64 65
 28 43 44 58 59 64 65 70
 28 43 44 58 59 64 65 68 69
 28 43 44 57 58
 28 43 44 57 58 70
 28 43 44 57 58 68 69
 28 43 44 56 58 66
 28 43 44 56 58 66 70
 28 43 44 56 58 66 68 69
 28 43 44 56 58 64 65
 28 43 44 56 58 64 65 70
 28 43 44 56 58 64 65 68 69
 28 43 44 56 57 58 59 66
 28 43 44 56 57 58 59 66 70
 28 43 44 56 57 58 59 66 68 69
 28 43 44 56 57 58 59 64 65
 28 43 44 56 57 58 59 64 65 70
 28 43 44 56 57 58 59 64 65 68 69
 28 43 44 54 55 58
 28 43 44 54 55 58 70
 28 43 44 54 55 58 68 69
 28 43 44 53 54 56 58
 28 43 44 53 54 56 58 70
 28 43 44 53 54 56 58 68 69
 28 43 44 53 54 55 58
 28 43 44 53 54 55 58 70
 28 43 44 53 54 55 58 68 69
 28 42 45 58 59 70
 28 42 45 58 59 68 69
 28 42 43 45 58 59
 28 42 43 44 58 59
 28 42 43 44 58 59 70
 28 42 43 44 58 59 68 69
 28 40 45 56 58 59 70
 28 40 45 56 58 59 68 69
 28 40 45 54 55 58 59 70
 28 40 45 54 55 58 59 68 69
 28 40 43 45 56 58 59
 28 40 43 45 54 55 58 59
 28 40 43 44 56 58 59
 28 40 43 44 56 58 59 70
 28 40 43 44 56 58 59 68 69
 28 40 43 44 54 55 58 59
 28 40 43 44 54 55 58 59 70
 28 40 43 44 54 55 58 59 68 69
 28 40 41 45 58 59 70
 28 40 41 45 58 59 68 69
 28 40 41 43 45 58 59
 28 40 41 43 44 58 59
 28 40 41 43 44 58 59 70
 28 40 41 43 44 58 59 68 69
 28 39 45 58 70
 28 39 45 58 68 69
 28 39 45 58 59 70
 28 39 45 58 59 68 69
 28 39 45 56 58 70
 28 39 45 56 58 68 69
 28 39 45 56 57 58 59 70
 28 39 45 56 57 58 59 68 69
 28 39 43 45 58
 28 39 43 45 58 59
 28 39 43 45 56 58
 28 39 43 45 56 57 58 59
 28 39 43 44 58
 28 39 43 44 58 70
 28 39 43 44 58 68 69
 28 39 43 44 58 59
 28 39 43 44 58 59 70
 28 39 43 44 58 59 68 69
 28 39 43 44 56 58
 28 39 43 44 56 58 70
 28 39 43 44 56 58 68 69
 28 39 43 44 56 57 58 59
 28 39 43 44 56 57 58 59 70
 28 39 43 44 56 57 58 59 68 69
 28 38 39 45 56 58 59 70
 28 38 39 45 56 58 59 68 69
 28 38 39 45 54 55 58 59 70
 28 38 39 45 54 55 58 59 68 69
 28 38 39 43 45 56 58 59
 28 38 39 43 45 54 55 58 59
 28 38 39 43 44 56 58 59
 28 38 39 43 44 56 58 59 70
 28 38 39 43 44 56 58 59 68 69
 28 38 39 43 44 54 55 58 59
 28 38 39 43 44 54 55 58 59 70
 28 38 39 43 44 54 55 58 59 68 69
 28 31 45 58 59 66 70
 28 31 45 58 59 66 68 69
 28 31 45 58 59 64 65 70
 28 31 45 58 59 64 65 68 69
 28 31 43 45 58 59 66
 28 31 43 45 58 59 64 65
 28 31 43 44 58 59 66
 28 31 43 44 58 59 66 70
 28 31 43 44 58 59 66 68 69
 28 31 43 44 58 59 64 65
 28 31 43 44 58 59 64 65 70
 28 31 43 44 58 59 64 65 68 69
 28 31 39 45 58 59 70
 28 31 39 45 58 59 68 69
 28 31 39 43 45 58 59
 28 31 39 43 44 58 59
 28 31 39 43 44 58 59 70
 28 31 39 43 44 58 59 68 69
 28 30 45 58 70
 28 30 45 58 68 69
 28 30 43 45 58
 28 30 43 44 58
 28 30 43 44 58 70
 28 30 43 44 58 68 69
 28 29 45 55 58 70
 28 29 45 55 58 68 69
 28 29 45 53 54 58 70
 28 29 45 53 54 58 68 69
 28 29 43 45 55 58
 28 29 43 45 53 54 58
 28 29 43 44 55 58
 28 29 43 44 55 58 70
 28 29 43 44 55 58 68 69
 28 29 43 44 53 54 58
 28 29 43 44 53 54 58 70
 28 29 43 44 53 54 58 68 69
 28 29 40 45 58 59 70
 28 29 40 45 58 59 68 69
 28 29 40 43 45 58 59
 28 29 40 43 44 58 59
 28 29 40 43 44 58 59 70
 28 29 40 43 44 58 59 68 69
 28 29 38 39 45 58 59 70
 28 29 38 39 45 58 59 68 69
 28 29 38 39 43 45 58 59
 28 29 38 39 43 44 58 59
 28 29 38 39 43 44 58 59 70
 28 29 38 39 43 44 58 59 68 69
 27 58 72
 27 58 70 71
 27 53 58 72
 27 53 58 70 71
 27 51 52 58 72
 27 51 52 58 70 71
 27 45 58
 27 45 53 58
 27 45 51 52 58
 26 54 58 72
 26 54 58 70 71
 26 52 53 58 72
 26 52 53 58 70 71
 26 45 54 58
 26 45 52 53 58
 26 27 58 72
 26 27 58 70 71
 26 27 45 58
 26 27 45 58 66 70
 26 27 45 58 66 68 69
 26 27 45 58 64 65 70
 26 27 45 58 64 65 68 69
 26 27 45 58 60 70
 26 27 45 58 60 68 69
 26 27 45 58 59 66 70
 26 27 45 58 59 66 68 69
 26 27 45 58 59 64 65 70
 26 27 45 58 59 64 65 68 69
 26 27 45 57 58 70
 26 27 45 57 58 68 69
 26 27 45 56 58 66 70
 26 27 45 56 58 66 68 69
 26 27 45 56 58 64 65 70
 26 27 45 56 58 64 65 68 69
 26 27 45 56 57 58 59 66 70
 26 27 45 56 57 58 59 66 68 69
 26 27 45 56 57 58 59 64 65 70
 26 27 45 56 57 58 59 64 65 68 69
 26 27 45 54 55 58 70
 26 27 45 54 55 58 68 69
 26 27 45 53 54 56 58 70
 26 27 45 53 54 56 58 68 69
 26 27 45 53 54 55 58 70
 26 27 45 53 54 55 58 68 69
 26 27 43 45 58 66
 26 27 43 45 58 64 65
 26 27 43 45 58 60
 26 27 43 45 58 59 66
 26 27 43 45 58 59 64 65
 26 27 43 45 57 58
 26 27 43 45 56 58 66
 26 27 43 45 56 58 64 65
 26 27 43 45 56 57 58 59 66
 26 27 43 45 56 57 58 59 64 65
 26 27 43 45 54 55 58
 26 27 43 45 53 54 56 58
 26 27 43 45 53 54 55 58
 26 27 43 44 58 66
 26 27 43 44 58 66 70
 26 27 43 44 58 66 68 69
 26 27 43 44 58 64 65
 26 27 43 44 58 64 65 70
 26 27 43 44 58 64 65 68 69
 26 27 43 44 58 60
 26 27 43 44 58 60 70
 26 27 43 44 58 60 68 69
 26 27 43 44 58 59 66
 26 27 43 44 58 59 66 70
 26 27 43 44 58 59 66 68 69
 26 27 43 44 58 59 64 65
 26 27 43 44 58 59 64 65 70
 26 27 43 44 58 59 64 65 68 69
 26 27 43 44 57 58
 26 27 43 44 57 58 70
 26 27 43 44 57 58 68 69
 26 27 43 44 56 58 66
 26 27 43 44 56 58 66 70
 26 27 43 44 56 58 66 68 69
 26 27 43 44 56 58 64 65
 26 27 43 44 56 58 64 65 70
 26 27 43 44 56 58 64 65 68 69
 26 27 43 44 56 57 58 59 66
 26 27 43 44 56 57 58 59 66 70
 26 27 43 44 56 57 58 59 66 68 69
 26 27 43 44 56 57 58 59 64 65
 26 27 43 44 56 57 58 59 64 65 70
 26 27 43 44 56 57 58 59 64 65 68 69
 26 27 43 44 54 55 58
 26 27 43 44 54 55 58 70
 26 27 43 44 54 55 58 68 69
 26 27 43 44 53 54 56 58
 26 27 43 44 53 54 56 58 70
 26 27 43 44 53 54 56 58 68 69
 26 27 43 44 53 54 55 58
 26 27 43 44 53 54 55 58 70
 26 27 43 44 53 54 55 58 68 69
 26 27 42 45 58 59 70
 26 27 42 45 58 59 68 69
 26 27 42 43 45 58 59
 26 27 42 43 44 58 59
 26 27 42 43 44 58 59 70
 26 27 42 43 44 58 59 68 69
 26 27 40 45 56 58 59 70
 26 27 40 45 56 58 59 68 69
 26 27 40 45 54 55 58 59 70
 26 27 40 45 54 55 58 59 68 69
 26 27 40 43 45 56 58 59
 26 27 40 43 45 54 55 58 59
 26 27 40 43 44 56 58 59
 26 27 40 43 44 56 58 59 70
 26 27 40 43 44 56 58 59 68 69
 26 27 40 43 44 54 55 58 59
 26 27 40 43 44 54 55 58 59 70
 26 27 40 43 44 54 55 58 59 68 69
 26 27 40 41 45 58 59 70
 26 27 40 41 45 58 59 68 69
 26 27 40 41 43 45 58 59
 26 27 40 41 43 44 58 59
 26 27 40 41 43 44 58 59 70
 26 27 40 41 43 44 58 59 68 69
 26 27 39 45 58 70
 26 27 39 45 58 68 69
 26 27 39 45 58 59 70
 26 27 39 45 58 59 68 69
 26 27 39 45 56 58 70
 26 27 39 45 56 58 68 69
 26 27 39 45 56 57 58 59 70
 26 27 39 45 56 57 58 59 68 69
 26 27 39 43 45 58
 26 27 39 43 45 58 59
 26 27 39 43 45 56 58
 26 27 39 43 45 56 57 58 59
 26 27 39 43 44 58
 26 27 39 43 44 58 70
 26 27 39 43 44 58 68 69
 26 27 39 43 44 58 59
 26 27 39 43 44 58 59 70
 26 27 39 43 44 58 59 68 69
 26 27 39 43 44 56 58
 26 27 39 43 44 56 58 70
 26 27 39 43 44 56 58 68 69
 26 27 39 43 44 56 57 58 59
 26 27 39 43 44 56 57 58 59 70
 26 27 39 43 44 56 57 58 59 68 69
 26 27 38 39 45 56 58 59 70
 26 27 38 39 45 56 58 59 68 69
 26 27 38 39 45 54 55 58 59 70
 26 27 38 39 45 54 55 58 59 68 69
 26 27 38 39 43 45 56 58 59
 26 27 38 39 43 45 54 55 58 59
 26 27 38 39 43 44 56 58 59
 26 27 38 39 43 44 56 58 59 70
 26 27 38 39 43 44 56 58 59 68 69
 26 27 38 39 43 44 54 55 58 59
 26 27 38 39 43 44 54 55 58 59 70
 26 27 38 39 43 44 54 55 58 59 68 69
 26 27 31 45 58 59 66 70
 26 27 31 45 58 59 66 68 69
 26 27 31 45 58 59 64 65 70
 26 27 31 45 58 59 64 65 68 69
 26 27 31 43 45 58 59 66
 26 27 31 43 45 58 59 64 65
 26 27 31 43 44 58 59 66
 26 27 31 43 44 58 59 66 70
 26 27 31 43 44 58 59 66 68 69
 26 27 31 43 44 58 59 64 65
 26 27 31 43 44 58 59 64 65 70
 26 27 31 43 44 58 59 64 65 68 69
 26 27 31 39 45 58 59 70
 26 27 31 39 45 58 59 68 69
 26 27 31 39 43 45 58 59
 26 27 31 39 43 44 58 59
 26 27 31 39 43 44 58 59 70
 26 27 31 39 43 44 58 59 68 69
 26 27 30 45 58 70
 26 27 30 45 58 68 69
 26 27 30 43 45 58
 26 27 30 43 44 58
 26 27 30 43 44 58 70
 26 27 30 43 44 58 68 69
 26 27 29 45 55 58 70
 26 27 29 45 55 58 68 69
 26 27 29 45 53 54 58 70
 26 27 29 45 53 54 58 68 69
 26 27 29 43 45 55 58
 26 27 29 43 45 53 54 58
 26 27 29 43 44 55 58
 26 27 29 43 44 55 58 70
 26 27 29 43 44 55 58 68 69
 26 27 29 43 44 53 54 58
 26 27 29 43 44 53 54 58 70
 26 27 29 43 44 53 54 58 68 69
 26 27 29 40 45 58 59 70
 26 27 29 40 45 58 59 68 69
 26 27 29 40 43 45 58 59
 26 27 29 40 43 44 58 59
 26 27 29 40 43 44 58 59 70
 26 27 29 40 43 44 58 59 68 69
 26 27 29 38 39 45 58 59 70
 26 27 29 38 39 45 58 59 68 69
 26 27 29 38 39 43 45 58 59
 26 27 29 38 39 43 44 58 59
 26 27 29 38 39 43 44 58 59 70
 26 27 29 38 39 43 44 58 59 68 69
 26 27 28 45 56 58 70
 26 27 28 45 56 58 68 69
 26 27 28 45 54 55 58 70
 26 27 28 45 54 55 58 68 69
 26 27 28 43 45 56 58
 26 27 28 43 45 54 55 58
 26 27 28 43 44 56 58
 26 27 28 43 44 56 58 70
 26 27 28 43 44 56 58 68 69
 26 27 28 43 44 54 55 58
 26 27 28 43 44 54 55 58 70
 26 27 28 43 44 54 55 58 68 69
 26 27 28 29 45 58 70
 26 27 28 29 45 58 68 69
 26 27 28 29 43 45 58
 26 27 28 29 43 44 58
 26 27 28 29 43 44 58 70
 26 27 28 29 43 44 58 68 69
 24 60 72
 24 60 70 71
 24 45 60
 24 45 57 70
 24 45 57 68 69
 24 45 53 57 70
 24 45 53 57 68 69
 24 45 52 57 70
 24 45 52 57 68 69
 24 45 51 57 70
 24 45 51 57 68 69
 24 45 49 50 57 70
 24 45 49 50 57 68 69
 24 45 49 50 52 57 70
 24 45 49 50 52 57 68 69
 24 45 49 50 51 57 70
 24 45 49 50 51 57 68 69
 24 43 45 57
 24 43 45 53 57
 24 43 45 52 57
 24 43 45 51 57
 24 43 45 49 50 57
 24 43 45 49 50 52 57
 24 43 45 49 50 51 57
 24 43 44 57
 24 43 44 57 70
 24 43 44 57 68 69
 24 43 44 53 57
 24 43 44 53 57 70
 24 43 44 53 57 68 69
 24 43 44 52 57
 24 43 44 52 57 70
 24 43 44 52 57 68 69
 24 43 44 51 57
 24 43 44 51 57 70
 24 43 44 51 57 68 69
 24 43 44 49 50 57
 24 43 44 49 50 57 70
 24 43 44 49 50 57 68 69
 24 43 44 49 50 52 57
 24 43 44 49 50 52 57 70
 24 43 44 49 50 52 57 68 69
 24 43 44 49 50 51 57
 24 43 44 49 50 51 57 70
 24 43 44 49 50 51 57 68 69
 24 38 45 57 70
 24 38 45 57 68 69
 24 38 43 45 57
 24 38 43 44 57
 24 38 43 44 57 70
 24 38 43 44 57 68 69
 24 36 37 45 57 70
 24 36 37 45 57 68 69
 24 36 37 43 45 57
 24 36 37 43 44 57
 24 36 37 43 44 57 70
 24 36 37 43 44 57 68 69
 24 26 45 57 70
 24 26 45 57 68 69
 24 26 43 45 57
 24 26 43 44 57
 24 26 43 44 57 70
 24 26 43 44 57 68 69
 24 25 45 57 70
 24 25 45 57 68 69
 24 25 45 51 57 70
 24 25 45 51 57 68 69
 24 25 45 49 50 57 70
 24 25 45 49 50 57 68 69
 24 25 43 45 57
 24 25 43 45 51 57
 24 25 43 45 49 50 57
 24 25 43 44 57
 24 25 43 44 57 70
 24 25 43 44 57 68 69
 24 25 43 44 51 57
 24 25 43 44 51 57 70
 24 25 43 44 51 57 68 69
 24 25 43 44 49 50 57
 24 25 43 44 49 50 57 70
 24 25 43 44 49 50 57 68 69
 18 70
 18 68 69
 18 58 74
 18 58 72
 18 58 72 73
 18 58 70
 18 58 70
 18 58 70 71
 18 58 68 69
 18 58 68 69
 18 58 67 70
 18 58 67 68 69
 18 58 66
 18 58 66 72
 18 58 66 70 71
 18 58 65 70
 18 58 65 68 69
 18 58 65 66 70
 18 58 65 66 68 69
 18 58 64
 18 58 64 67
 18 58 64 65
 18 58 64 65
 18 58 64 65 72
 18 58 64 65 70 71
 18 58 64 65 66
 18 58 62
 18 58 62 70
 18 58 62 68 69
 18 58 62 66 70
 18 58 62 66 68 69
 18 58 62 64 65 70
 18 58 62 64 65 68 69
 18 58 60 74
 18 58 60 72
 18 58 60 72 73
 18 58 60 70
 18 58 60 70 71
 18 58 60 68 69
 18 58 60 66
 18 58 60 66 72
 18 58 60 66 72 74
 18 58 60 66 72 73
 18 58 60 66 70
 18 58 60 66 70 71
 18 58 60 66 70 71 74
 18 58 60 66 70 71 72 73
 18 58 60 66 68 69
 18 58 60 64 65
 18 58 60 64 65 72
 18 58 60 64 65 72 74
 18 58 60 64 65 72 73
 18 58 60 64 65 70
 18 58 60 64 65 70 71
 18 58 60 64 65 70 71 74
 18 58 60 64 65 70 71 72 73
 18 58 60 64 65 68 69
 18 58 59 66 72
 18 58 59 66 70 71
 18 58 59 64 65 72
 18 58 59 64 65 70 71
 18 57 58 70
 18 57 58 70
 18 57 58 68 69
 18 57 58 68 69
 18 57 58 67 70
 18 57 58 67 68 69
 18 57 58 65 70
 18 57 58 65 68 69
 18 57 58 65 66 70
 18 57 58 65 66 68 69
 18 56 58 72
 18 56 58 70
 18 56 58 70 74
 18 56 58 70 72
 18 56 58 70 72 73
 18 56 58 68 69
 18 56 58 68 69 74
 18 56 58 68 69 72
 18 56 58 68 69 72 73
 18 56 58 68 69 70 71
 18 56 58 66 72 74
 18 56 58 66 72 73
 18 56 58 66 70
 18 56 58 66 70 71 74
 18 56 58 66 70 71 72 73
 18 56 58 66 68 69
 18 56 58 64 65 72 74
 18 56 58 64 65 72 73
 18 56 58 64 65 70
 18 56 58 64 65 70 71 74
 18 56 58 64 65 70 71 72 73
 18 56 58 64 65 68 69
 18 56 58 62 66 72
 18 56 58 62 66 70 71
 18 56 58 62 64 65 72
 18 56 58 62 64 65 70 71
 18 56 57 58 59 66 72
 18 56 57 58 59 66 70 71
 18 56 57 58 59 64 65 72
 18 56 57 58 59 64 65 70 71
 18 55 58
 18 55 58 67
 18 55 58 65
 18 55 58 65 66
 18 54 55 58 72
 18 54 55 58 70
 18 54 55 58 70 71
 18 54 55 58 68 69
 18 53 58 70
 18 53 58 68 69
 18 53 58 66 70
 18 53 58 66 68 69
 18 53 58 64 65 70
 18 53 58 64 65 68 69
 18 53 54 56 58 70
 18 53 54 56 58 68 69
 18 53 54 55 58 70
 18 53 54 55 58 68 69
 18 47 58
 18 47 58 60
 18 47 58 60 66 72
 18 47 58 60 66 70 71
 18 47 58 60 64 65 72
 18 47 58 60 64 65 70 71
 18 47 56 58 70
 18 47 56 58 68 69
 18 47 56 58 66 72
 18 47 56 58 66 70 71
 18 47 56 58 64 65 72
 18 47 56 58 64 65 70 71
 18 45 58
 18 45 58 66
 18 45 58 64 65
 18 45 58 60
 18 45 58 60 66
 18 45 58 60 66 74
 18 45 58 60 66 72 73
 18 45 58 60 64 65
 18 45 58 60 64 65 74
 18 45 58 60 64 65 72 73
 18 45 58 59 66
 18 45 58 59 64 65
 18 45 56 58
 18 45 56 58 70
 18 45 56 58 68 69
 18 45 56 58 66 74
 18 45 56 58 66 72 73
 18 45 56 58 64 65 74
 18 45 56 58 64 65 72 73
 18 45 56 58 62 66
 18 45 56 58 62 64 65
 18 45 56 57 58 59 66
 18 45 56 57 58 59 64 65
 18 45 54 55 58
 18 45 47 58 60 66
 18 45 47 58 60 64 65
 18 45 47 56 58 66
 18 45 47 56 58 64 65
 18 43
 18 43 58
 18 43 58
 18 43 58 67
 18 43 58 65
 18 43 58 65 66
 18 43 58 62
 18 43 58 62 66
 18 43 58 62 64 65
 18 43 58 60
 18 43 58 60 66
 18 43 58 60 64 65
 18 43 57 58
 18 43 57 58
 18 43 57 58 67
 18 43 57 58 65
 18 43 57 58 65 66
 18 43 56 58
 18 43 56 58 74
 18 43 56 58 72
 18 43 56 58 72 73
 18 43 56 58 70 71
 18 43 56 58 66
 18 43 56 58 64 65
 18 43 54 55 58
 18 43 53 58
 18 43 53 58 66
 18 43 53 58 64 65
 18 43 53 54 56 58
 18 43 53 54 55 58
 18 43 47 56 58
 18 43 45 56 58
 18 40 58 70
 18 40 58 68 69
 18 40 58 64
 18 40 57 58 70
 18 40 57 58 68 69
 18 40 55 58
 18 40 43 58
 18 40 43 57 58
 18 39 58
 18 39 58 72
 18 39 58 70 71
 18 39 58 62 70
 18 39 58 62 68 69
 18 39 58 60
 18 39 58 60 72
 18 39 58 60 72 74
 18 39 58 60 72 73
 18 39 58 60 70
 18 39 58 60 70 71
 18 39 58 60 70 71 74
 18 39 58 60 70 71 72 73
 18 39 58 60 68 69
 18 39 58 59 72
 18 39 58 59 70 71
 18 39 56 58 72 74
 18 39 56 58 72 73
 18 39 56 58 70
 18 39 56 58 70 71 74
 18 39 56 58 70 71 72 73
 18 39 56 58 68 69
 18 39 56 58 62 72
 18 39 56 58 62 70 71
 18 39 56 57 58 59 72
 18 39 56 57 58 59 70 71
 18 39 53 58 70
 18 39 53 58 68 69
 18 39 47 58 60 72
 18 39 47 58 60 70 71
 18 39 47 56 58 72
 18 39 47 56 58 70 71
 18 39 45 58
 18 39 45 58 60
 18 39 45 58 60 74
 18 39 45 58 60 72 73
 18 39 45 58 59
 18 39 45 56 58 74
 18 39 45 56 58 72 73
 18 39 45 56 58 62
 18 39 45 56 57 58 59
 18 39 45 47 58 60
 18 39 45 47 56 58
 18 39 43 58 62
 18 39 43 58 60
 18 39 43 56 58
 18 39 43 53 58
 18 31 58 59 66 72
 18 31 58 59 66 70 71
 18 31 58 59 64 65 72
 18 31 58 59 64 65 70 71
 18 31 45 58 59 66
 18 31 45 58 59 64 65
 18 31 39 58 59 72
 18 31 39 58 59 70 71
 18 31 39 45 58 59
 18 30 58 70
 18 30 58 68 69
 18 30 43 58
 18 29 58 72
 18 29 58 70 71
 18 29 55 58 70
 18 29 55 58 68 69
 18 29 53 54 58 70
 18 29 53 54 58 68 69
 18 29 45 58
 18 29 43 55 58
 18 29 43 53 54 58
 18 28 58 66 70
 18 28 58 66 68 69
 18 28 58 64 65 70
 18 28 58 64 65 68 69
 18 28 58 60 70
 18 28 58 60 68 69
 18 28 58 59 66 70
 18 28 58 59 66 68 69
 18 28 58 59 64 65 70
 18 28 58 59 64 65 68 69
 18 28 57 58 70
 18 28 57 58 68 69
 18 28 56 58 66 70
 18 28 56 58 66 68 69
 18 28 56 58 64 65 70
 18 28 56 58 64 65 68 69
 18 28 56 57 58 59 66 70
 18 28 56 57 58 59 66 68 69
 18 28 56 57 58 59 64 65 70
 18 28 56 57 58 59 64 65 68 69
 18 28 54 55 58 70
 18 28 54 55 58 68 69
 18 28 53 54 56 58 70
 18 28 53 54 56 58 68 69
 18 28 53 54 55 58 70
 18 28 53 54 55 58 68 69
 18 28 43 58 66
 18 28 43 58 64 65
 18 28 43 58 60
 18 28 43 58 59 66
 18 28 43 58 59 64 65
 18 28 43 57 58
 18 28 43 56 58 66
 18 28 43 56 58 64 65
 18 28 43 56 57 58 59 66
 18 28 43 56 57 58 59 64 65
 18 28 43 54 55 58
 18 28 43 53 54 56 58
 18 28 43 53 54 55 58
 18 28 42 58 59 70
 18 28 42 58 59 68 69
 18 28 42 43 58 59
 18 28 40 56 58 59 70
 18 28 40 56 58 59 68 69
 18 28 40 54 55 58 59 70
 18 28 40 54 55 58 59 68 69
 18 28 40 43 56 58 59
 18 28 40 43 54 55 58 59
 18 28 40 41 58 59 70
 18 28 40 41 58 59 68 69
 18 28 40 41 43 58 59
 18 28 39 58 70
 18 28 39 58 68 69
 18 28 39 58 59 70
 18 28 39 58 59 68 69
 18 28 39 56 58 70
 18 28 39 56 58 68 69
 18 28 39 56 57 58 59 70
 18 28 39 56 57 58 59 68 69
 18 28 39 43 58
 18 28 39 43 58 59
 18 28 39 43 56 58
 18 28 39 43 56 57 58 59
 18 28 38 39 56 58 59 70
 18 28 38 39 56 58 59 68 69
 18 28 38 39 54 55 58 59 70
 18 28 38 39 54 55 58 59 68 69
 18 28 38 39 43 56 58 59
 18 28 38 39 43 54 55 58 59
 18 28 31 58 59 66 70
 18 28 31 58 59 66 68 69
 18 28 31 58 59 64 65 70
 18 28 31 58 59 64 65 68 69
 18 28 31 43 58 59 66
 18 28 31 43 58 59 64 65
 18 28 31 39 58 59 70
 18 28 31 39 58 59 68 69
 18 28 31 39 43 58 59
 18 28 30 58 70
 18 28 30 58 68 69
 18 28 30 43 58
 18 28 29 55 58 70
 18 28 29 55 58 68 69
 18 28 29 53 54 58 70
 18 28 29 53 54 58 68 69
 18 28 29 43 55 58
 18 28 29 43 53 54 58
 18 28 29 40 58 59 70
 18 28 29 40 58 59 68 69
 18 28 29 40 43 58 59
 18 28 29 38 39 58 59 70
 18 28 29 38 39 58 59 68 69
 18 28 29 38 39 43 58 59
 18 26 27 58 66 70
 18 26 27 58 66 68 69
 18 26 27 58 64 65 70
 18 26 27 58 64 65 68 69
 18 26 27 58 60 70
 18 26 27 58 60 68 69
 18 26 27 58 59 66 70
 18 26 27 58 59 66 68 69
 18 26 27 58 59 64 65 70
 18 26 27 58 59 64 65 68 69
 18 26 27 57 58 70
 18 26 27 57 58 68 69
 18 26 27 56 58 66 70
 18 26 27 56 58 66 68 69
 18 26 27 56 58 64 65 70
 18 26 27 56 58 64 65 68 69
 18 26 27 56 57 58 59 66 70
 18 26 27 56 57 58 59 66 68 69
 18 26 27 56 57 58 59 64 65 70
 18 26 27 56 57 58 59 64 65 68 69
 18 26 27 54 55 58 70
 18 26 27 54 55 58 68 69
 18 26 27 53 54 56 58 70
 18 26 27 53 54 56 58 68 69
 18 26 27 53 54 55 58 70
 18 26 27 53 54 55 58 68 69
 18 26 27 43 58 66
 18 26 27 43 58 64 65
 18 26 27 43 58 60
 18 26 27 43 58 59 66
 18 26 27 43 58 59 64 65
 18 26 27 43 57 58
 18 26 27 43 56 58 66
 18 26 27 43 56 58 64 65
 18 26 27 43 56 57 58 59 66
 18 26 27 43 56 57 58 59 64 65
 18 26 27 43 54 55 58
 18 26 27 43 53 54 56 58
 18 26 27 43 53 54 55 58
 18 26 27 42 58 59 70
 18 26 27 42 58 59 68 69
 18 26 27 42 43 58 59
 18 26 27 40 56 58 59 70
 18 26 27 40 56 58 59 68 69
 18 26 27 40 54 55 58 59 70
 18 26 27 40 54 55 58 59 68 69
 18 26 27 40 43 56 58 59
 18 26 27 40 43 54 55 58 59
 18 26 27 40 41 58 59 70
 18 26 27 40 41 58 59 68 69
 18 26 27 40 41 43 58 59
 18 26 27 39 58 70
 18 26 27 39 58 68 69
 18 26 27 39 58 59 70
 18 26 27 39 58 59 68 69
 18 26 27 39 56 58 70
 18 26 27 39 56 58 68 69
 18 26 27 39 56 57 58 59 70
 18 26 27 39 56 57 58 59 68 69
 18 26 27 39 43 58
 18 26 27 39 43 58 59
 18 26 27 39 43 56 58
 18 26 27 39 43 56 57 58 59
 18 26 27 38 39 56 58 59 70
 18 26 27 38 39 56 58 59 68 69
 18 26 27 38 39 54 55 58 59 70
 18 26 27 38 39 54 55 58 59 68 69
 18 26 27 38 39 43 56 58 59
 18 26 27 38 39 43 54 55 58 59
 18 26 27 31 58 59 66 70
 18 26 27 31 58 59 66 68 69
 18 26 27 31 58 59 64 65 70
 18 26 27 31 58 59 64 65 68 69
 18 26 27 31 43 58 59 66
 18 26 27 31 43 58 59 64 65
 18 26 27 31 39 58 59 70
 18 26 27 31 39 58 59 68 69
 18 26 27 31 39 43 58 59
 18 26 27 30 58 70
 18 26 27 30 58 68 69
 18 26 27 30 43 58
 18 26 27 29 55 58 70
 18 26 27 29 55 58 68 69
 18 26 27 29 53 54 58 70
 18 26 27 29 53 54 58 68 69
 18 26 27 29 43 55 58
 18 26 27 29 43 53 54 58
 18 26 27 29 40 58 59 70
 18 26 27 29 40 58 59 68 69
 18 26 27 29 40 43 58 59
 18 26 27 29 38 39 58 59 70
 18 26 27 29 38 39 58 59 68 69
 18 26 27 29 38 39 43 58 59
 18 26 27 28 56 58 70
 18 26 27 28 56 58 68 69
 18 26 27 28 54 55 58 70
 18 26 27 28 54 55 58 68 69
 18 26 27 28 43 56 58
 18 26 27 28 43 54 55 58
 18 26 27 28 29 58 70
 18 26 27 28 29 58 68 69
 18 26 27 28 29 43 58
 18 24 57 70
 18 24 57 68 69
 18 24 53 57 70
 18 24 53 57 68 69
 18 24 52 57 70
 18 24 52 57 68 69
 18 24 51 57 70
 18 24 51 57 68 69
 18 24 49 50 57 70
 18 24 49 50 57 68 69
 18 24 49 50 52 57 70
 18 24 49 50 52 57 68 69
 18 24 49 50 51 57 70
 18 24 49 50 51 57 68 69
 18 24 43 57
 18 24 43 53 57
 18 24 43 52 57
 18 24 43 51 57
 18 24 43 49 50 57
 18 24 43 49 50 52 57
 18 24 43 49 50 51 57
 18 24 38 57 70
 18 24 38 57 68 69
 18 24 38 43 57
 18 24 36 37 57 70
 18 24 36 37 57 68 69
 18 24 36 37 43 57
 18 24 26 57 70
 18 24 26 57 68 69
 18 24 26 43 57
 18 24 25 57 70
 18 24 25 57 68 69
 18 24 25 51 57 70
 18 24 25 51 57 68 69
 18 24 25 49 50 57 70
 18 24 25 49 50 57 68 69
 18 24 25 43 57
 18 24 25 43 51 57
 18 24 25 43 49 50 57
 17 58 66 70
 17 58 66 68 69
 17 58 64 65 70
 17 58 64 65 68 69
 17 56 57 58 66 70
 17 56 57 58 66 68 69
 17 56 57 58 64 65 70
 17 56 57 58 64 65 68 69
 17 45 58 66
 17 45 58 66 72
 17 45 58 66 70 71
 17 45 58 64 65
 17 45 58 64 65 72
 17 45 58 64 65 70 71
 17 45 56 57 58 66
 17 45 56 57 58 66 72
 17 45 56 57 58 66 70 71
 17 45 56 57 58 64 65
 17 45 56 57 58 64 65 72
 17 45 56 57 58 64 65 70 71
 17 43 58 66
 17 43 58 64 65
 17 43 56 57 58 66
 17 43 56 57 58 64 65
 17 43 44 58 66 72
 17 43 44 58 66 70 71
 17 43 44 58 64 65 72
 17 43 44 58 64 65 70 71
 17 43 44 56 57 58 66 72
 17 43 44 56 57 58 66 70 71
 17 43 44 56 57 58 64 65 72
 17 43 44 56 57 58 64 65 70 71
 17 43 44 45 58 66
 17 43 44 45 58 64 65
 17 43 44 45 56 57 58 66
 17 43 44 45 56 57 58 64 65
 17 39 58 70
 17 39 58 68 69
 17 39 56 57 58 70
 17 39 56 57 58 68 69
 17 39 45 58
 17 39 45 58 72
 17 39 45 58 70 71
 17 39 45 56 57 58
 17 39 45 56 57 58 72
 17 39 45 56 57 58 70 71
 17 39 43 58
 17 39 43 56 57 58
 17 39 43 44 58 72
 17 39 43 44 58 70 71
 17 39 43 44 56 57 58 72
 17 39 43 44 56 57 58 70 71
 17 39 43 44 45 58
 17 39 43 44 45 56 57 58
 17 31 58 66 70
 17 31 58 66 68 69
 17 31 58 64 65 70
 17 31 58 64 65 68 69
 17 31 45 58 66
 17 31 45 58 66 72
 17 31 45 58 66 70 71
 17 31 45 58 64 65
 17 31 45 58 64 65 72
 17 31 45 58 64 65 70 71
 17 31 43 58 66
 17 31 43 58 64 65
 17 31 43 44 58 66 72
 17 31 43 44 58 66 70 71
 17 31 43 44 58 64 65 72
 17 31 43 44 58 64 65 70 71
 17 31 43 44 45 58 66
 17 31 43 44 45 58 64 65
 17 31 39 58 70
 17 31 39 58 68 69
 17 31 39 45 58
 17 31 39 45 58 72
 17 31 39 45 58 70 71
 17 31 39 43 58
 17 31 39 43 44 58 72
 17 31 39 43 44 58 70 71
 17 31 39 43 44 45 58
 17 28 45 58 66 70
 17 28 45 58 66 68 69
 17 28 45 58 64 65 70
 17 28 45 58 64 65 68 69
 17 28 45 56 57 58 66 70
 17 28 45 56 57 58 66 68 69
 17 28 45 56 57 58 64 65 70
 17 28 45 56 57 58 64 65 68 69
 17 28 43 45 58 66
 17 28 43 45 58 64 65
 17 28 43 45 56 57 58 66
 17 28 43 45 56 57 58 64 65
 17 28 43 44 58 66
 17 28 43 44 58 66 70
 17 28 43 44 58 66 68 69
 17 28 43 44 58 64 65
 17 28 43 44 58 64 65 70
 17 28 43 44 58 64 65 68 69
 17 28 43 44 56 57 58 66
 17 28 43 44 56 57 58 66 70
 17 28 43 44 56 57 58 66 68 69
 17 28 43 44 56 57 58 64 65
 17 28 43 44 56 57 58 64 65 70
 17 28 43 44 56 57 58 64 65 68 69
 17 28 42 45 58 70
 17 28 42 45 58 68 69
 17 28 42 43 45 58
 17 28 42 43 44 58
 17 28 42 43 44 58 70
 17 28 42 43 44 58 68 69
 17 28 40 45 56 58 70
 17 28 40 45 56 58 68 69
 17 28 40 45 54 55 58 70
 17 28 40 45 54 55 58 68 69
 17 28 40 43 45 56 58
 17 28 40 43 45 54 55 58
 17 28 40 43 44 56 58
 17 28 40 43 44 56 58 70
 17 28 40 43 44 56 58 68 69
 17 28 40 43 44 54 55 58
 17 28 40 43 44 54 55 58 70
 17 28 40 43 44 54 55 58 68 69
 17 28 40 41 45 58 70
 17 28 40 41 45 58 68 69
 17 28 40 41 43 45 58
 17 28 40 41 43 44 58
 17 28 40 41 43 44 58 70
 17 28 40 41 43 44 58 68 69
 17 28 39 45 58 70
 17 28 39 45 58 68 69
 17 28 39 45 56 57 58 70
 17 28 39 45 56 57 58 68 69
 17 28 39 43 45 58
 17 28 39 43 45 56 57 58
 17 28 39 43 44 58
 17 28 39 43 44 58 70
 17 28 39 43 44 58 68 69
 17 28 39 43 44 56 57 58
 17 28 39 43 44 56 57 58 70
 17 28 39 43 44 56 57 58 68 69
 17 28 38 39 45 56 58 70
 17 28 38 39 45 56 58 68 69
 17 28 38 39 45 54 55 58 70
 17 28 38 39 45 54 55 58 68 69
 17 28 38 39 43 45 56 58
 17 28 38 39 43 45 54 55 58
 17 28 38 39 43 44 56 58
 17 28 38 39 43 44 56 58 70
 17 28 38 39 43 44 56 58 68 69
 17 28 38 39 43 44 54 55 58
 17 28 38 39 43 44 54 55 58 70
 17 28 38 39 43 44 54 55 58 68 69
 17 28 31 45 58 66 70
 17 28 31 45 58 66 68 69
 17 28 31 45 58 64 65 70
 17 28 31 45 58 64 65 68 69
 17 28 31 43 45 58 66
 17 28 31 43 45 58 64 65
 17 28 31 43 44 58 66
 17 28 31 43 44 58 66 70
 17 28 31 43 44 58 66 68 69
 17 28 31 43 44 58 64 65
 17 28 31 43 44 58 64 65 70
 17 28 31 43 44 58 64 65 68 69
 17 28 31 39 45 58 70
 17 28 31 39 45 58 68 69
 17 28 31 39 43 45 58
 17 28 31 39 43 44 58
 17 28 31 39 43 44 58 70
 17 28 31 39 43 44 58 68 69
 17 28 29 40 45 58 70
 17 28 29 40 45 58 68 69
 17 28 29 40 43 45 58
 17 28 29 40 43 44 58
 17 28 29 40 43 44 58 70
 17 28 29 40 43 44 58 68 69
 17 28 29 38 39 45 58 70
 17 28 29 38 39 45 58 68 69
 17 28 29 38 39 43 45 58
 17 28 29 38 39 43 44 58
 17 28 29 38 39 43 44 58 70
 17 28 29 38 39 43 44 58 68 69
 17 26 27 45 58 66 70
 17 26 27 45 58 66 68 69
 17 26 27 45 58 64 65 70
 17 26 27 45 58 64 65 68 69
 17 26 27 45 56 57 58 66 70
 17 26 27 45 56 57 58 66 68 69
 17 26 27 45 56 57 58 64 65 70
 17 26 27 45 56 57 58 64 65 68 69
 17 26 27 43 45 58 66
 17 26 27 43 45 58 64 65
 17 26 27 43 45 56 57 58 66
 17 26 27 43 45 56 57 58 64 65
 17 26 27 43 44 58 66
 17 26 27 43 44 58 66 70
 17 26 27 43 44 58 66 68 69
 17 26 27 43 44 58 64 65
 17 26 27 43 44 58 64 65 70
 17 26 27 43 44 58 64 65 68 69
 17 26 27 43 44 56 57 58 66
 17 26 27 43 44 56 57 58 66 70
 17 26 27 43 44 56 57 58 66 68 69
 17 26 27 43 44 56 57 58 64 65
 17 26 27 43 44 56 57 58 64 65 70
 17 26 27 43 44 56 57 58 64 65 68 69
 17 26 27 42 45 58 70
 17 26 27 42 45 58 68 69
 17 26 27 42 43 45 58
 17 26 27 42 43 44 58
 17 26 27 42 43 44 58 70
 17 26 27 42 43 44 58 68 69
 17 26 27 40 45 56 58 70
 17 26 27 40 45 56 58 68 69
 17 26 27 40 45 54 55 58 70
 17 26 27 40 45 54 55 58 68 69
 17 26 27 40 43 45 56 58
 17 26 27 40 43 45 54 55 58
 17 26 27 40 43 44 56 58
 17 26 27 40 43 44 56 58 70
 17 26 27 40 43 44 56 58 68 69
 17 26 27 40 43 44 54 55 58
 17 26 27 40 43 44 54 55 58 70
 17 26 27 40 43 44 54 55 58 68 69
 17 26 27 40 41 45 58 70
 17 26 27 40 41 45 58 68 69
 17 26 27 40 41 43 45 58
 17 26 27 40 41 43 44 58
 17 26 27 40 41 43 44 58 70
 17 26 27 40 41 43 44 58 68 69
 17 26 27 39 45 58 70
 17 26 27 39 45 58 68 69
 17 26 27 39 45 56 57 58 70
 17 26 27 39 45 56 57 58 68 69
 17 26 27 39 43 45 58
 17 26 27 39 43 45 56 57 58
 17 26 27 39 43 44 58
 17 26 27 39 43 44 58 70
 17 26 27 39 43 44 58 68 69
 17 26 27 39 43 44 56 57 58
 17 26 27 39 43 44 56 57 58 70
 17 26 27 39 43 44 56 57 58 68 69
 17 26 27 38 39 45 56 58 70
 17 26 27 38 39 45 56 58 68 69
 17 26 27 38 39 45 54 55 58 70
 17 26 27 38 39 45 54 55 58 68 69
 17 26 27 38 39 43 45 56 58
 17 26 27 38 39 43 45 54 55 58
 17 26 27 38 39 43 44 56 58
 17 26 27 38 39 43 44 56 58 70
 17 26 27 38 39 43 44 56 58 68 69
 17 26 27 38 39 43 44 54 55 58
 17 26 27 38 39 43 44 54 55 58 70
 17 26 27 38 39 43 44 54 55 58 68 69
 17 26 27 31 45 58 66 70
 17 26 27 31 45 58 66 68 69
 17 26 27 31 45 58 64 65 70
 17 26 27 31 45 58 64 65 68 69
 17 26 27 31 43 45 58 66
 17 26 27 31 43 45 58 64 65
 17 26 27 31 43 44 58 66
 17 26 27 31 43 44 58 66 70
 17 26 27 31 43 44 58 66 68 69
 17 26 27 31 43 44 58 64 65
 17 26 27 31 43 44 58 64 65 70
 17 26 27 31 43 44 58 64 65 68 69
 17 26 27 31 39 45 58 70
 17 26 27 31 39 45 58 68 69
 17 26 27 31 39 43 45 58
 17 26 27 31 39 43 44 58
 17 26 27 31 39 43 44 58 70
 17 26 27 31 39 43 44 58 68 69
 17 26 27 29 40 45 58 70
 17 26 27 29 40 45 58 68 69
 17 26 27 29 40 43 45 58
 17 26 27 29 40 43 44 58
 17 26 27 29 40 43 44 58 70
 17 26 27 29 40 43 44 58 68 69
 17 26 27 29 38 39 45 58 70
 17 26 27 29 38 39 45 58 68 69
 17 26 27 29 38 39 43 45 58
 17 26 27 29 38 39 43 44 58
 17 26 27 29 38 39 43 44 58 70
 17 26 27 29 38 39 43 44 58 68 69
 17 18 58 66 72
 17 18 58 66 70 71
 17 18 58 64 65 72
 17 18 58 64 65 70 71
 17 18 56 57 58 66 72
 17 18 56 57 58 66 70 71
 17 18 56 57 58 64 65 72
 17 18 56 57 58 64 65 70 71
 17 18 45 58 66
 17 18 45 58 64 65
 17 18 45 56 57 58 66
 17 18 45 56 57 58 64 65
 17 18 39 58 72
 17 18 39 58 70 71
 17 18 39 56 57 58 72
 17 18 39 56 57 58 70 71
 17 18 39 45 58
 17 18 39 45 56 57 58
 17 18 31 58 66 72
 17 18 31 58 66 70 71
 17 18 31 58 64 65 72
 17 18 31 58 64 65 70 71
 17 18 31 45 58 66
 17 18 31 45 58 64 65
 17 18 31 39 58 72
 17 18 31 39 58 70 71
 17 18 31 39 45 58
 17 18 28 58 66 70
 17 18 28 58 66 68 69
 17 18 28 58 64 65 70
 17 18 28 58 64 65 68 69
 17 18 28 56 57 58 66 70
 17 18 28 56 57 58 66 68 69
 17 18 28 56 57 58 64 65 70
 17 18 28 56 57 58 64 65 68 69
 17 18 28 43 58 66
 17 18 28 43 58 64 65
 17 18 28 43 56 57 58 66
 17 18 28 43 56 57 58 64 65
 17 18 28 42 58 70
 17 18 28 42 58 68 69
 17 18 28 42 43 58
 17 18 28 40 56 58 70
 17 18 28 40 56 58 68 69
 17 18 28 40 54 55 58 70
 17 18 28 40 54 55 58 68 69
 17 18 28 40 43 56 58
 17 18 28 40 43 54 55 58
 17 18 28 40 41 58 70
 17 18 28 40 41 58 68 69
 17 18 28 40 41 43 58
 17 18 28 39 58 70
 17 18 28 39 58 68 69
 17 18 28 39 56 57 58 70
 17 18 28 39 56 57 58 68 69
 17 18 28 39 43 58
 17 18 28 39 43 56 57 58
 17 18 28 38 39 56 58 70
 17 18 28 38 39 56 58 68 69
 17 18 28 38 39 54 55 58 70
 17 18 28 38 39 54 55 58 68 69
 17 18 28 38 39 43 56 58
 17 18 28 38 39 43 54 55 58
 17 18 28 31 58 66 70
 17 18 28 31 58 66 68 69
 17 18 28 31 58 64 65 70
 17 18 28 31 58 64 65 68 69
 17 18 28 31 43 58 66
 17 18 28 31 43 58 64 65
 17 18 28 31 39 58 70
 17 18 28 31 39 58 68 69
 17 18 28 31 39 43 58
 17 18 28 29 40 58 70
 17 18 28 29 40 58 68 69
 17 18 28 29 40 43 58
 17 18 28 29 38 39 58 70
 17 18 28 29 38 39 58 68 69
 17 18 28 29 38 39 43 58
 17 18 26 27 58 66 70
 17 18 26 27 58 66 68 69
 17 18 26 27 58 64 65 70
 17 18 26 27 58 64 65 68 69
 17 18 26 27 56 57 58 66 70
 17 18 26 27 56 57 58 66 68 69
 17 18 26 27 56 57 58 64 65 70
 17 18 26 27 56 57 58 64 65 68 69
 17 18 26 27 43 58 66
 17 18 26 27 43 58 64 65
 17 18 26 27 43 56 57 58 66
 17 18 26 27 43 56 57 58 64 65
 17 18 26 27 42 58 70
 17 18 26 27 42 58 68 69
 17 18 26 27 42 43 58
 17 18 26 27 40 56 58 70
 17 18 26 27 40 56 58 68 69
 17 18 26 27 40 54 55 58 70
 17 18 26 27 40 54 55 58 68 69
 17 18 26 27 40 43 56 58
 17 18 26 27 40 43 54 55 58
 17 18 26 27 40 41 58 70
 17 18 26 27 40 41 58 68 69
 17 18 26 27 40 41 43 58
 17 18 26 27 39 58 70
 17 18 26 27 39 58 68 69
 17 18 26 27 39 56 57 58 70
 17 18 26 27 39 56 57 58 68 69
 17 18 26 27 39 43 58
 17 18 26 27 39 43 56 57 58
 17 18 26 27 38 39 56 58 70
 17 18 26 27 38 39 56 58 68 69
 17 18 26 27 38 39 54 55 58 70
 17 18 26 27 38 39 54 55 58 68 69
 17 18 26 27 38 39 43 56 58
 17 18 26 27 38 39 43 54 55 58
 17 18 26 27 31 58 66 70
 17 18 26 27 31 58 66 68 69
 17 18 26 27 31 58 64 65 70
 17 18 26 27 31 58 64 65 68 69
 17 18 26 27 31 43 58 66
 17 18 26 27 31 43 58 64 65
 17 18 26 27 31 39 58 70
 17 18 26 27 31 39 58 68 69
 17 18 26 27 31 39 43 58
 17 18 26 27 29 40 58 70
 17 18 26 27 29 40 58 68 69
 17 18 26 27 29 40 43 58
 17 18 26 27 29 38 39 58 70
 17 18 26 27 29 38 39 58 68 69
 17 18 26 27 29 38 39 43 58
 15 45 58 70
 15 45 58 68 69
 15 45 58 67 70
 15 45 58 67 68 69
 15 45 58 65 70
 15 45 58 65 68 69
 15 45 58 65 66 70
 15 45 58 65 66 68 69
 15 43 45 58
 15 43 45 58 67
 15 43 45 58 65
 15 43 45 58 65 66
 15 43 44 58
 15 43 44 58 70
 15 43 44 58 68 69
 15 43 44 58 67
 15 43 44 58 67 70
 15 43 44 58 67 68 69
 15 43 44 58 65
 15 43 44 58 65 70
 15 43 44 58 65 68 69
 15 43 44 58 65 66
 15 43 44 58 65 66 70
 15 43 44 58 65 66 68 69
 15 40 45 58 70
 15 40 45 58 68 69
 15 40 43 45 58
 15 40 43 44 58
 15 40 43 44 58 70
 15 40 43 44 58 68 69
 15 28 45 58 59 70
 15 28 45 58 59 68 69
 15 28 43 45 58 59
 15 28 43 44 58 59
 15 28 43 44 58 59 70
 15 28 43 44 58 59 68 69
 15 26 27 45 58 59 70
 15 26 27 45 58 59 68 69
 15 26 27 43 45 58 59
 15 26 27 43 44 58 59
 15 26 27 43 44 58 59 70
 15 26 27 43 44 58 59 68 69
 15 24 45 70
 15 24 45 68 69
 15 24 45 53 70
 15 24 45 53 68 69
 15 24 45 52 70
 15 24 45 52 68 69
 15 24 45 51 70
 15 24 45 51 68 69
 15 24 45 49 50 70
 15 24 45 49 50 68 69
 15 24 45 49 50 52 70
 15 24 45 49 50 52 68 69
 15 24 45 49 50 51 70
 15 24 45 49 50 51 68 69
 15 24 43 45
 15 24 43 45 53
 15 24 43 45 52
 15 24 43 45 51
 15 24 43 45 49 50
 15 24 43 45 49 50 52
 15 24 43 45 49 50 51
 15 24 43 44
 15 24 43 44 70
 15 24 43 44 68 69
 15 24 43 44 53
 15 24 43 44 53 70
 15 24 43 44 53 68 69
 15 24 43 44 52
 15 24 43 44 52 70
 15 24 43 44 52 68 69
 15 24 43 44 51
 15 24 43 44 51 70
 15 24 43 44 51 68 69
 15 24 43 44 49 50
 15 24 43 44 49 50 70
 15 24 43 44 49 50 68 69
 15 24 43 44 49 50 52
 15 24 43 44 49 50 52 70
 15 24 43 44 49 50 52 68 69
 15 24 43 44 49 50 51
 15 24 43 44 49 50 51 70
 15 24 43 44 49 50 51 68 69
 15 24 38 45 70
 15 24 38 45 68 69
 15 24 38 43 45
 15 24 38 43 44
 15 24 38 43 44 70
 15 24 38 43 44 68 69
 15 24 36 37 45 70
 15 24 36 37 45 68 69
 15 24 36 37 43 45
 15 24 36 37 43 44
 15 24 36 37 43 44 70
 15 24 36 37 43 44 68 69
 15 24 26 45 70
 15 24 26 45 68 69
 15 24 26 43 45
 15 24 26 43 44
 15 24 26 43 44 70
 15 24 26 43 44 68 69
 15 24 25 45 70
 15 24 25 45 68 69
 15 24 25 45 51 70
 15 24 25 45 51 68 69
 15 24 25 45 49 50 70
 15 24 25 45 49 50 68 69
 15 24 25 43 45
 15 24 25 43 45 51
 15 24 25 43 45 49 50
 15 24 25 43 44
 15 24 25 43 44 70
 15 24 25 43 44 68 69
 15 24 25 43 44 51
 15 24 25 43 44 51 70
 15 24 25 43 44 51 68 69
 15 24 25 43 44 49 50
 15 24 25 43 44 49 50 70
 15 24 25 43 44 49 50 68 69
 15 18 58 70
 15 18 58 68 69
 15 18 58 67 70
 15 18 58 67 68 69
 15 18 58 65 70
 15 18 58 65 68 69
 15 18 58 65 66 70
 15 18 58 65 66 68 69
 15 18 43 58
 15 18 43 58 67
 15 18 43 58 65
 15 18 43 58 65 66
 15 18 40 58 70
 15 18 40 58 68 69
 15 18 40 43 58
 15 18 28 58 59 70
 15 18 28 58 59 68 69
 15 18 28 43 58 59
 15 18 26 27 58 59 70
 15 18 26 27 58 59 68 69
 15 18 26 27 43 58 59
 15 18 24 70
 15 18 24 68 69
 15 18 24 53 70
 15 18 24 53 68 69
 15 18 24 52 70
 15 18 24 52 68 69
 15 18 24 51 70
 15 18 24 51 68 69
 15 18 24 49 50 70
 15 18 24 49 50 68 69
 15 18 24 49 50 52 70
 15 18 24 49 50 52 68 69
 15 18 24 49 50 51 70
 15 18 24 49 50 51 68 69
 15 18 24 43
 15 18 24 43 53
 15 18 24 43 52
 15 18 24 43 51
 15 18 24 43 49 50
 15 18 24 43 49 50 52
 15 18 24 43 49 50 51
 15 18 24 38 70
 15 18 24 38 68 69
 15 18 24 38 43
 15 18 24 36 37 70
 15 18 24 36 37 68 69
 15 18 24 36 37 43
 15 18 24 26 70
 15 18 24 26 68 69
 15 18 24 26 43
 15 18 24 25 70
 15 18 24 25 68 69
 15 18 24 25 51 70
 15 18 24 25 51 68 69
 15 18 24 25 49 50 70
 15 18 24 25 49 50 68 69
 15 18 24 25 43
 15 18 24 25 43 51
 15 18 24 25 43 49 50
 15 17 28 45 58 70
 15 17 28 45 58 68 69
 15 17 28 43 45 58
 15 17 28 43 44 58
 15 17 28 43 44 58 70
 15 17 28 43 44 58 68 69
 15 17 26 27 45 58 70
 15 17 26 27 45 58 68 69
 15 17 26 27 43 45 58
 15 17 26 27 43 44 58
 15 17 26 27 43 44 58 70
 15 17 26 27 43 44 58 68 69
 15 17 18 28 58 70
 15 17 18 28 58 68 69
 15 17 18 28 43 58
 15 17 18 26 27 58 70
 15 17 18 26 27 58 68 69
 15 17 18 26 27 43 58
 15 16 58 66 70
 15 16 58 66 68 69
 15 16 58 64 65 70
 15 16 58 64 65 68 69
 15 16 56 57 58 66 70
 15 16 56 57 58 66 68 69
 15 16 56 57 58 64 65 70
 15 16 56 57 58 64 65 68 69
 15 16 45 58 66
 15 16 45 58 66 72
 15 16 45 58 66 70 71
 15 16 45 58 64 65
 15 16 45 58 64 65 72
 15 16 45 58 64 65 70 71
 15 16 45 56 57 58 66
 15 16 45 56 57 58 66 72
 15 16 45 56 57 58 66 70 71
 15 16 45 56 57 58 64 65
 15 16 45 56 57 58 64 65 72
 15 16 45 56 57 58 64 65 70 71
 15 16 43 58 66
 15 16 43 58 64 65
 15 16 43 56 57 58 66
 15 16 43 56 57 58 64 65
 15 16 43 44 58 66 72
 15 16 43 44 58 66 70 71
 15 16 43 44 58 64 65 72
 15 16 43 44 58 64 65 70 71
 15 16 43 44 56 57 58 66 72
 15 16 43 44 56 57 58 66 70 71
 15 16 43 44 56 57 58 64 65 72
 15 16 43 44 56 57 58 64 65 70 71
 15 16 43 44 45 58 66
 15 16 43 44 45 58 64 65
 15 16 43 44 45 56 57 58 66
 15 16 43 44 45 56 57 58 64 65
 15 16 39 58 70
 15 16 39 58 68 69
 15 16 39 56 57 58 70
 15 16 39 56 57 58 68 69
 15 16 39 45 58
 15 16 39 45 58 72
 15 16 39 45 58 70 71
 15 16 39 45 56 57 58
 15 16 39 45 56 57 58 72
 15 16 39 45 56 57 58 70 71
 15 16 39 43 58
 15 16 39 43 56 57 58
 15 16 39 43 44 58 72
 15 16 39 43 44 58 70 71
 15 16 39 43 44 56 57 58 72
 15 16 39 43 44 56 57 58 70 71
 15 16 39 43 44 45 58
 15 16 39 43 44 45 56 57 58
 15 16 31 58 66 70
 15 16 31 58 66 68 69
 15 16 31 58 64 65 70
 15 16 31 58 64 65 68 69
 15 16 31 45 58 66
 15 16 31 45 58 66 72
 15 16 31 45 58 66 70 71
 15 16 31 45 58 64 65
 15 16 31 45 58 64 65 72
 15 16 31 45 58 64 65 70 71
 15 16 31 43 58 66
 15 16 31 43 58 64 65
 15 16 31 43 44 58 66 72
 15 16 31 43 44 58 66 70 71
 15 16 31 43 44 58 64 65 72
 15 16 31 43 44 58 64 65 70 71
 15 16 31 43 44 45 58 66
 15 16 31 43 44 45 58 64 65
 15 16 31 39 58 70
 15 16 31 39 58 68 69
 15 16 31 39 45 58
 15 16 31 39 45 58 72
 15 16 31 39 45 58 70 71
 15 16 31 39 43 58
 15 16 31 39 43 44 58 72
 15 16 31 39 43 44 58 70 71
 15 16 31 39 43 44 45 58
 15 16 28 45 58 70
 15 16 28 45 58 68 69
 15 16 28 45 58 66 70
 15 16 28 45 58 66 68 69
 15 16 28 45 58 64 65 70
 15 16 28 45 58 64 65 68 69
 15 16 28 45 56 57 58 66 70
 15 16 28 45 56 57 58 66 68 69
 15 16 28 45 56 57 58 64 65 70
 15 16 28 45 56 57 58 64 65 68 69
 15 16 28 43 45 58
 15 16 28 43 45 58 66
 15 16 28 43 45 58 64 65
 15 16 28 43 45 56 57 58 66
 15 16 28 43 45 56 57 58 64 65
 15 16 28 43 44 58
 15 16 28 43 44 58 70
 15 16 28 43 44 58 68 69
 15 16 28 43 44 58 66
 15 16 28 43 44 58 66 70
 15 16 28 43 44 58 66 68 69
 15 16 28 43 44 58 64 65
 15 16 28 43 44 58 64 65 70
 15 16 28 43 44 58 64 65 68 69
 15 16 28 43 44 56 57 58 66
 15 16 28 43 44 56 57 58 66 70
 15 16 28 43 44 56 57 58 66 68 69
 15 16 28 43 44 56 57 58 64 65
 15 16 28 43 44 56 57 58 64 65 70
 15 16 28 43 44 56 57 58 64 65 68 69
 15 16 28 42 45 58 70
 15 16 28 42 45 58 68 69
 15 16 28 42 43 45 58
 15 16 28 42 43 44 58
 15 16 28 42 43 44 58 70
 15 16 28 42 43 44 58 68 69
 15 16 28 40 45 56 58 70
 15 16 28 40 45 56 58 68 69
 15 16 28 40 45 54 55 58 70
 15 16 28 40 45 54 55 58 68 69
 15 16 28 40 43 45 56 58
 15 16 28 40 43 45 54 55 58
 15 16 28 40 43 44 56 58
 15 16 28 40 43 44 56 58 70
 15 16 28 40 43 44 56 58 68 69
 15 16 28 40 43 44 54 55 58
 15 16 28 40 43 44 54 55 58 70
 15 16 28 40 43 44 54 55 58 68 69
 15 16 28 40 41 45 58 70
 15 16 28 40 41 45 58 68 69
 15 16 28 40 41 43 45 58
 15 16 28 40 41 43 44 58
 15 16 28 40 41 43 44 58 70
 15 16 28 40 41 43 44 58 68 69
 15 16 28 39 45 58 70
 15 16 28 39 45 58 68 69
 15 16 28 39 45 56 57 58 70
 15 16 28 39 45 56 57 58 68 69
 15 16 28 39 43 45 58
 15 16 28 39 43 45 56 57 58
 15 16 28 39 43 44 58
 15 16 28 39 43 44 58 70
 15 16 28 39 43 44 58 68 69
 15 16 28 39 43 44 56 57 58
 15 16 28 39 43 44 56 57 58 70
 15 16 28 39 43 44 56 57 58 68 69
 15 16 28 38 39 45 56 58 70
 15 16 28 38 39 45 56 58 68 69
 15 16 28 38 39 45 54 55 58 70
 15 16 28 38 39 45 54 55 58 68 69
 15 16 28 38 39 43 45 56 58
 15 16 28 38 39 43 45 54 55 58
 15 16 28 38 39 43 44 56 58
 15 16 28 38 39 43 44 56 58 70
 15 16 28 38 39 43 44 56 58 68 69
 15 16 28 38 39 43 44 54 55 58
 15 16 28 38 39 43 44 54 55 58 70
 15 16 28 38 39 43 44 54 55 58 68 69
 15 16 28 31 45 58 66 70
 15 16 28 31 45 58 66 68 69
 15 16 28 31 45 58 64 65 70
 15 16 28 31 45 58 64 65 68 69
 15 16 28 31 43 45 58 66
 15 16 28 31 43 45 58 64 65
 15 16 28 31 43 44 58 66
 15 16 28 31 43 44 58 66 70
 15 16 28 31 43 44 58 66 68 69
 15 16 28 31 43 44 58 64 65
 15 16 28 31 43 44 58 64 65 70
 15 16 28 31 43 44 58 64 65 68 69
 15 16 28 31 39 45 58 70
 15 16 28 31 39 45 58 68 69
 15 16 28 31 39 43 45 58
 15 16 28 31 39 43 44 58
 15 16 28 31 39 43 44 58 70
 15 16 28 31 39 43 44 58 68 69
 15 16 28 29 40 45 58 70
 15 16 28 29 40 45 58 68 69
 15 16 28 29 40 43 45 58
 15 16 28 29 40 43 44 58
 15 16 28 29 40 43 44 58 70
 15 16 28 29 40 43 44 58 68 69
 15 16 28 29 38 39 45 58 70
 15 16 28 29 38 39 45 58 68 69
 15 16 28 29 38 39 43 45 58
 15 16 28 29 38 39 43 44 58
 15 16 28 29 38 39 43 44 58 70
 15 16 28 29 38 39 43 44 58 68 69
 15 16 26 27 45 58 70
 15 16 26 27 45 58 68 69
 15 16 26 27 45 58 66 70
 15 16 26 27 45 58 66 68 69
 15 16 26 27 45 58 64 65 70
 15 16 26 27 45 58 64 65 68 69
 15 16 26 27 45 56 57 58 66 70
 15 16 26 27 45 56 57 58 66 68 69
 15 16 26 27 45 56 57 58 64 65 70
 15 16 26 27 45 56 57 58 64 65 68 69
 15 16 26 27 43 45 58
 15 16 26 27 43 45 58 66
 15 16 26 27 43 45 58 64 65
 15 16 26 27 43 45 56 57 58 66
 15 16 26 27 43 45 56 57 58 64 65
 15 16 26 27 43 44 58
 15 16 26 27 43 44 58 70
 15 16 26 27 43 44 58 68 69
 15 16 26 27 43 44 58 66
 15 16 26 27 43 44 58 66 70
 15 16 26 27 43 44 58 66 68 69
 15 16 26 27 43 44 58 64 65
 15 16 26 27 43 44 58 64 65 70
 15 16 26 27 43 44 58 64 65 68 69
 15 16 26 27 43 44 56 57 58 66
 15 16 26 27 43 44 56 57 58 66 70
 15 16 26 27 43 44 56 57 58 66 68 69
 15 16 26 27 43 44 56 57 58 64 65
 15 16 26 27 43 44 56 57 58 64 65 70
 15 16 26 27 43 44 56 57 58 64 65 68 69
 15 16 26 27 42 45 58 70
 15 16 26 27 42 45 58 68 69
 15 16 26 27 42 43 45 58
 15 16 26 27 42 43 44 58
 15 16 26 27 42 43 44 58 70
 15 16 26 27 42 43 44 58 68 69
 15 16 26 27 40 45 56 58 70
 15 16 26 27 40 45 56 58 68 69
 15 16 26 27 40 45 54 55 58 70
 15 16 26 27 40 45 54 55 58 68 69
 15 16 26 27 40 43 45 56 58
 15 16 26 27 40 43 45 54 55 58
 15 16 26 27 40 43 44 56 58
 15 16 26 27 40 43 44 56 58 70
 15 16 26 27 40 43 44 56 58 68 69
 15 16 26 27 40 43 44 54 55 58
 15 16 26 27 40 43 44 54 55 58 70
 15 16 26 27 40 43 44 54 55 58 68 69
 15 16 26 27 40 41 45 58 70
 15 16 26 27 40 41 45 58 68 69
 15 16 26 27 40 41 43 45 58
 15 16 26 27 40 41 43 44 58
 15 16 26 27 40 41 43 44 58 70
 15 16 26 27 40 41 43 44 58 68 69
 15 16 26 27 39 45 58 70
 15 16 26 27 39 45 58 68 69
 15 16 26 27 39 45 56 57 58 70
 15 16 26 27 39 45 56 57 58 68 69
 15 16 26 27 39 43 45 58
 15 16 26 27 39 43 45 56 57 58
 15 16 26 27 39 43 44 58
 15 16 26 27 39 43 44 58 70
 15 16 26 27 39 43 44 58 68 69
 15 16 26 27 39 43 44 56 57 58
 15 16 26 27 39 43 44 56 57 58 70
 15 16 26 27 39 43 44 56 57 58 68 69
 15 16 26 27 38 39 45 56 58 70
 15 16 26 27 38 39 45 56 58 68 69
 15 16 26 27 38 39 45 54 55 58 70
 15 16 26 27 38 39 45 54 55 58 68 69
 15 16 26 27 38 39 43 45 56 58
 15 16 26 27 38 39 43 45 54 55 58
 15 16 26 27 38 39 43 44 56 58
 15 16 26 27 38 39 43 44 56 58 70
 15 16 26 27 38 39 43 44 56 58 68 69
 15 16 26 27 38 39 43 44 54 55 58
 15 16 26 27 38 39 43 44 54 55 58 70
 15 16 26 27 38 39 43 44 54 55 58 68 69
 15 16 26 27 31 45 58 66 70
 15 16 26 27 31 45 58 66 68 69
 15 16 26 27 31 45 58 64 65 70
 15 16 26 27 31 45 58 64 65 68 69
 15 16 26 27 31 43 45 58 66
 15 16 26 27 31 43 45 58 64 65
 15 16 26 27 31 43 44 58 66
 15 16 26 27 31 43 44 58 66 70
 15 16 26 27 31 43 44 58 66 68 69
 15 16 26 27 31 43 44 58 64 65
 15 16 26 27 31 43 44 58 64 65 70
 15 16 26 27 31 43 44 58 64 65 68 69
 15 16 26 27 31 39 45 58 70
 15 16 26 27 31 39 45 58 68 69
 15 16 26 27 31 39 43 45 58
 15 16 26 27 31 39 43 44 58
 15 16 26 27 31 39 43 44 58 70
 15 16 26 27 31 39 43 44 58 68 69
 15 16 26 27 29 40 45 58 70
 15 16 26 27 29 40 45 58 68 69
 15 16 26 27 29 40 43 45 58
 15 16 26 27 29 40 43 44 58
 15 16 26 27 29 40 43 44 58 70
 15 16 26 27 29 40 43 44 58 68 69
 15 16 26 27 29 38 39 45 58 70
 15 16 26 27 29 38 39 45 58 68 69
 15 16 26 27 29 38 39 43 45 58
 15 16 26 27 29 38 39 43 44 58
 15 16 26 27 29 38 39 43 44 58 70
 15 16 26 27 29 38 39 43 44 58 68 69
 15 16 18 58 66 72
 15 16 18 58 66 70 71
 15 16 18 58 64 65 72
 15 16 18 58 64 65 70 71
 15 16 18 56 57 58 66 72
 15 16 18 56 57 58 66 70 71
 15 16 18 56 57 58 64 65 72
 15 16 18 56 57 58 64 65 70 71
 15 16 18 45 58 66
 15 16 18 45 58 64 65
 15 16 18 45 56 57 58 66
 15 16 18 45 56 57 58 64 65
 15 16 18 39 58 72
 15 16 18 39 58 70 71
 15 16 18 39 56 57 58 72
 15 16 18 39 56 57 58 70 71
 15 16 18 39 45 58
 15 16 18 39 45 56 57 58
 15 16 18 31 58 66 72
 15 16 18 31 58 66 70 71
 15 16 18 31 58 64 65 72
 15 16 18 31 58 64 65 70 71
 15 16 18 31 45 58 66
 15 16 18 31 45 58 64 65
 15 16 18 31 39 58 72
 15 16 18 31 39 58 70 71
 15 16 18 31 39 45 58
 15 16 18 28 58 70
 15 16 18 28 58 68 69
 15 16 18 28 58 66 70
 15 16 18 28 58 66 68 69
 15 16 18 28 58 64 65 70
 15 16 18 28 58 64 65 68 69
 15 16 18 28 56 57 58 66 70
 15 16 18 28 56 57 58 66 68 69
 15 16 18 28 56 57 58 64 65 70
 15 16 18 28 56 57 58 64 65 68 69
 15 16 18 28 43 58
 15 16 18 28 43 58 66
 15 16 18 28 43 58 64 65
 15 16 18 28 43 56 57 58 66
 15 16 18 28 43 56 57 58 64 65
 15 16 18 28 42 58 70
 15 16 18 28 42 58 68 69
 15 16 18 28 42 43 58
 15 16 18 28 40 56 58 70
 15 16 18 28 40 56 58 68 69
 15 16 18 28 40 54 55 58 70
 15 16 18 28 40 54 55 58 68 69
 15 16 18 28 40 43 56 58
 15 16 18 28 40 43 54 55 58
 15 16 18 28 40 41 58 70
 15 16 18 28 40 41 58 68 69
 15 16 18 28 40 41 43 58
 15 16 18 28 39 58 70
 15 16 18 28 39 58 68 69
 15 16 18 28 39 56 57 58 70
 15 16 18 28 39 56 57 58 68 69
 15 16 18 28 39 43 58
 15 16 18 28 39 43 56 57 58
 15 16 18 28 38 39 56 58 70
 15 16 18 28 38 39 56 58 68 69
 15 16 18 28 38 39 54 55 58 70
 15 16 18 28 38 39 54 55 58 68 69
 15 16 18 28 38 39 43 56 58
 15 16 18 28 38 39 43 54 55 58
 15 16 18 28 31 58 66 70
 15 16 18 28 31 58 66 68 69
 15 16 18 28 31 58 64 65 70
 15 16 18 28 31 58 64 65 68 69
 15 16 18 28 31 43 58 66
 15 16 18 28 31 43 58 64 65
 15 16 18 28 31 39 58 70
 15 16 18 28 31 39 58 68 69
 15 16 18 28 31 39 43 58
 15 16 18 28 29 40 58 70
 15 16 18 28 29 40 58 68 69
 15 16 18 28 29 40 43 58
 15 16 18 28 29 38 39 58 70
 15 16 18 28 29 38 39 58 68 69
 15 16 18 28 29 38 39 43 58
 15 16 18 26 27 58 70
 15 16 18 26 27 58 68 69
 15 16 18 26 27 58 66 70
 15 16 18 26 27 58 66 68 69
 15 16 18 26 27 58 64 65 70
 15 16 18 26 27 58 64 65 68 69
 15 16 18 26 27 56 57 58 66 70
 15 16 18 26 27 56 57 58 66 68 69
 15 16 18 26 27 56 57 58 64 65 70
 15 16 18 26 27 56 57 58 64 65 68 69
 15 16 18 26 27 43 58
 15 16 18 26 27 43 58 66
 15 16 18 26 27 43 58 64 65
 15 16 18 26 27 43 56 57 58 66
 15 16 18 26 27 43 56 57 58 64 65
 15 16 18 26 27 42 58 70
 15 16 18 26 27 42 58 68 69
 15 16 18 26 27 42 43 58
 15 16 18 26 27 40 56 58 70
 15 16 18 26 27 40 56 58 68 69
 15 16 18 26 27 40 54 55 58 70
 15 16 18 26 27 40 54 55 58 68 69
 15 16 18 26 27 40 43 56 58
 15 16 18 26 27 40 43 54 55 58
 15 16 18 26 27 40 41 58 70
 15 16 18 26 27 40 41 58 68 69
 15 16 18 26 27 40 41 43 58
 15 16 18 26 27 39 58 70
 15 16 18 26 27 39 58 68 69
 15 16 18 26 27 39 56 57 58 70
 15 16 18 26 27 39 56 57 58 68 69
 15 16 18 26 27 39 43 58
 15 16 18 26 27 39 43 56 57 58
 15 16 18 26 27 38 39 56 58 70
 15 16 18 26 27 38 39 56 58 68 69
 15 16 18 26 27 38 39 54 55 58 70
 15 16 18 26 27 38 39 54 55 58 68 69
 15 16 18 26 27 38 39 43 56 58
 15 16 18 26 27 38 39 43 54 55 58
 15 16 18 26 27 31 58 66 70
 15 16 18 26 27 31 58 66 68 69
 15 16 18 26 27 31 58 64 65 70
 15 16 18 26 27 31 58 64 65 68 69
 15 16 18 26 27 31 43 58 66
 15 16 18 26 27 31 43 58 64 65
 15 16 18 26 27 31 39 58 70
 15 16 18 26 27 31 39 58 68 69
 15 16 18 26 27 31 39 43 58
 15 16 18 26 27 29 40 58 70
 15 16 18 26 27 29 40 58 68 69
 15 16 18 26 27 29 40 43 58
 15 16 18 26 27 29 38 39 58 70
 15 16 18 26 27 29 38 39 58 68 69
 15 16 18 26 27 29 38 39 43 58
 13 58 72
 13 58 70 71
 13 45 58
 13 45 58
 13 45 58 67
 13 45 58 65
 13 45 58 65 66
 13 43 44 58
 13 43 44 58 67
 13 43 44 58 65
 13 43 44 58 65 66
 13 40 45 58
 13 40 43 44 58
 13 28 45 56 58 59 70
 13 28 45 56 58 59 68 69
 13 28 45 54 55 58 59 70
 13 28 45 54 55 58 59 68 69
 13 28 43 45 56 58 59
 13 28 43 45 54 55 58 59
 13 28 43 44 56 58 59
 13 28 43 44 56 58 59 70
 13 28 43 44 56 58 59 68 69
 13 28 43 44 54 55 58 59
 13 28 43 44 54 55 58 59 70
 13 28 43 44 54 55 58 59 68 69
 13 28 29 45 58 59 70
 13 28 29 45 58 59 68 69
 13 28 29 43 45 58 59
 13 28 29 43 44 58 59
 13 28 29 43 44 58 59 70
 13 28 29 43 44 58 59 68 69
 13 26 27 45 56 58 59 70
 13 26 27 45 56 58 59 68 69
 13 26 27 45 54 55 58 59 70
 13 26 27 45 54 55 58 59 68 69
 13 26 27 43 45 56 58 59
 13 26 27 43 45 54 55 58 59
 13 26 27 43 44 56 58 59
 13 26 27 43 44 56 58 59 70
 13 26 27 43 44 56 58 59 68 69
 13 26 27 43 44 54 55 58 59
 13 26 27 43 44 54 55 58 59 70
 13 26 27 43 44 54 55 58 59 68 69
 13 26 27 29 45 58 59 70
 13 26 27 29 45 58 59 68 69
 13 26 27 29 43 45 58 59
 13 26 27 29 43 44 58 59
 13 26 27 29 43 44 58 59 70
 13 26 27 29 43 44 58 59 68 69
 13 18 58
 13 18 58 67
 13 18 58 65
 13 18 58 65 66
 13 18 40 58
 13 18 28 56 58 59 70
 13 18 28 56 58 59 68 69
 13 18 28 54 55 58 59 70
 13 18 28 54 55 58 59 68 69
 13 18 28 43 56 58 59
 13 18 28 43 54 55 58 59
 13 18 28 29 58 59 70
 13 18 28 29 58 59 68 69
 13 18 28 29 43 58 59
 13 18 26 27 56 58 59 70
 13 18 26 27 56 58 59 68 69
 13 18 26 27 54 55 58 59 70
 13 18 26 27 54 55 58 59 68 69
 13 18 26 27 43 56 58 59
 13 18 26 27 43 54 55 58 59
 13 18 26 27 29 58 59 70
 13 18 26 27 29 58 59 68 69
 13 18 26 27 29 43 58 59
 13 17 28 45 56 58 70
 13 17 28 45 56 58 68 69
 13 17 28 45 54 55 58 70
 13 17 28 45 54 55 58 68 69
 13 17 28 43 45 56 58
 13 17 28 43 45 54 55 58
 13 17 28 43 44 56 58
 13 17 28 43 44 56 58 70
 13 17 28 43 44 56 58 68 69
 13 17 28 43 44 54 55 58
 13 17 28 43 44 54 55 58 70
 13 17 28 43 44 54 55 58 68 69
 13 17 28 29 45 58 70
 13 17 28 29 45 58 68 69
 13 17 28 29 43 45 58
 13 17 28 29 43 44 58
 13 17 28 29 43 44 58 70
 13 17 28 29 43 44 58 68 69
 13 17 26 27 45 56 58 70
 13 17 26 27 45 56 58 68 69
 13 17 26 27 45 54 55 58 70
 13 17 26 27 45 54 55 58 68 69
 13 17 26 27 43 45 56 58
 13 17 26 27 43 45 54 55 58
 13 17 26 27 43 44 56 58
 13 17 26 27 43 44 56 58 70
 13 17 26 27 43 44 56 58 68 69
 13 17 26 27 43 44 54 55 58
 13 17 26 27 43 44 54 55 58 70
 13 17 26 27 43 44 54 55 58 68 69
 13 17 26 27 29 45 58 70
 13 17 26 27 29 45 58 68 69
 13 17 26 27 29 43 45 58
 13 17 26 27 29 43 44 58
 13 17 26 27 29 43 44 58 70
 13 17 26 27 29 43 44 58 68 69
 13 17 18 28 56 58 70
 13 17 18 28 56 58 68 69
 13 17 18 28 54 55 58 70
 13 17 18 28 54 55 58 68 69
 13 17 18 28 43 56 58
 13 17 18 28 43 54 55 58
 13 17 18 28 29 58 70
 13 17 18 28 29 58 68 69
 13 17 18 28 29 43 58
 13 17 18 26 27 56 58 70
 13 17 18 26 27 56 58 68 69
 13 17 18 26 27 54 55 58 70
 13 17 18 26 27 54 55 58 68 69
 13 17 18 26 27 43 56 58
 13 17 18 26 27 43 54 55 58
 13 17 18 26 27 29 58 70
 13 17 18 26 27 29 58 68 69
 13 17 18 26 27 29 43 58
 13 15 16 28 45 56 58 70
 13 15 16 28 45 56 58 68 69
 13 15 16 28 45 54 55 58 70
 13 15 16 28 45 54 55 58 68 69
 13 15 16 28 43 45 56 58
 13 15 16 28 43 45 54 55 58
 13 15 16 28 43 44 56 58
 13 15 16 28 43 44 56 58 70
 13 15 16 28 43 44 56 58 68 69
 13 15 16 28 43 44 54 55 58
 13 15 16 28 43 44 54 55 58 70
 13 15 16 28 43 44 54 55 58 68 69
 13 15 16 28 29 45 58 70
 13 15 16 28 29 45 58 68 69
 13 15 16 28 29 43 45 58
 13 15 16 28 29 43 44 58
 13 15 16 28 29 43 44 58 70
 13 15 16 28 29 43 44 58 68 69
 13 15 16 26 27 45 56 58 70
 13 15 16 26 27 45 56 58 68 69
 13 15 16 26 27 45 54 55 58 70
 13 15 16 26 27 45 54 55 58 68 69
 13 15 16 26 27 43 45 56 58
 13 15 16 26 27 43 45 54 55 58
 13 15 16 26 27 43 44 56 58
 13 15 16 26 27 43 44 56 58 70
 13 15 16 26 27 43 44 56 58 68 69
 13 15 16 26 27 43 44 54 55 58
 13 15 16 26 27 43 44 54 55 58 70
 13 15 16 26 27 43 44 54 55 58 68 69
 13 15 16 26 27 29 45 58 70
 13 15 16 26 27 29 45 58 68 69
 13 15 16 26 27 29 43 45 58
 13 15 16 26 27 29 43 44 58
 13 15 16 26 27 29 43 44 58 70
 13 15 16 26 27 29 43 44 58 68 69
 13 15 16 18 28 56 58 70
 13 15 16 18 28 56 58 68 69
 13 15 16 18 28 54 55 58 70
 13 15 16 18 28 54 55 58 68 69
 13 15 16 18 28 43 56 58
 13 15 16 18 28 43 54 55 58
 13 15 16 18 28 29 58 70
 13 15 16 18 28 29 58 68 69
 13 15 16 18 28 29 43 58
 13 15 16 18 26 27 56 58 70
 13 15 16 18 26 27 56 58 68 69
 13 15 16 18 26 27 54 55 58 70
 13 15 16 18 26 27 54 55 58 68 69
 13 15 16 18 26 27 43 56 58
 13 15 16 18 26 27 43 54 55 58
 13 15 16 18 26 27 29 58 70
 13 15 16 18 26 27 29 58 68 69
 13 15 16 18 26 27 29 43 58
 13 14 45 58 70
 13 14 45 58 68 69
 13 14 45 58 67 70
 13 14 45 58 67 68 69
 13 14 45 58 65 70
 13 14 45 58 65 68 69
 13 14 45 58 65 66 70
 13 14 45 58 65 66 68 69
 13 14 43 45 58
 13 14 43 45 58 67
 13 14 43 45 58 65
 13 14 43 45 58 65 66
 13 14 43 44 58
 13 14 43 44 58 70
 13 14 43 44 58 68 69
 13 14 43 44 58 67
 13 14 43 44 58 67 70
 13 14 43 44 58 67 68 69
 13 14 43 44 58 65
 13 14 43 44 58 65 70
 13 14 43 44 58 65 68 69
 13 14 43 44 58 65 66
 13 14 43 44 58 65 66 70
 13 14 43 44 58 65 66 68 69
 13 14 40 45 58 70
 13 14 40 45 58 68 69
 13 14 40 43 45 58
 13 14 40 43 44 58
 13 14 40 43 44 58 70
 13 14 40 43 44 58 68 69
 13 14 24 45 70
 13 14 24 45 68 69
 13 14 24 45 53 70
 13 14 24 45 53 68 69
 13 14 24 45 52 70
 13 14 24 45 52 68 69
 13 14 24 45 51 70
 13 14 24 45 51 68 69
 13 14 24 45 49 50 70
 13 14 24 45 49 50 68 69
 13 14 24 45 49 50 52 70
 13 14 24 45 49 50 52 68 69
 13 14 24 45 49 50 51 70
 13 14 24 45 49 50 51 68 69
 13 14 24 43 45
 13 14 24 43 45 53
 13 14 24 43 45 52
 13 14 24 43 45 51
 13 14 24 43 45 49 50
 13 14 24 43 45 49 50 52
 13 14 24 43 45 49 50 51
 13 14 24 43 44
 13 14 24 43 44 70
 13 14 24 43 44 68 69
 13 14 24 43 44 53
 13 14 24 43 44 53 70
 13 14 24 43 44 53 68 69
 13 14 24 43 44 52
 13 14 24 43 44 52 70
 13 14 24 43 44 52 68 69
 13 14 24 43 44 51
 13 14 24 43 44 51 70
 13 14 24 43 44 51 68 69
 13 14 24 43 44 49 50
 13 14 24 43 44 49 50 70
 13 14 24 43 44 49 50 68 69
 13 14 24 43 44 49 50 52
 13 14 24 43 44 49 50 52 70
 13 14 24 43 44 49 50 52 68 69
 13 14 24 43 44 49 50 51
 13 14 24 43 44 49 50 51 70
 13 14 24 43 44 49 50 51 68 69
 13 14 24 38 45 70
 13 14 24 38 45 68 69
 13 14 24 38 43 45
 13 14 24 38 43 44
 13 14 24 38 43 44 70
 13 14 24 38 43 44 68 69
 13 14 24 36 37 45 70
 13 14 24 36 37 45 68 69
 13 14 24 36 37 43 45
 13 14 24 36 37 43 44
 13 14 24 36 37 43 44 70
 13 14 24 36 37 43 44 68 69
 13 14 24 26 45 70
 13 14 24 26 45 68 69
 13 14 24 26 43 45
 13 14 24 26 43 44
 13 14 24 26 43 44 70
 13 14 24 26 43 44 68 69
 13 14 24 25 45 70
 13 14 24 25 45 68 69
 13 14 24 25 45 51 70
 13 14 24 25 45 51 68 69
 13 14 24 25 45 49 50 70
 13 14 24 25 45 49 50 68 69
 13 14 24 25 43 45
 13 14 24 25 43 45 51
 13 14 24 25 43 45 49 50
 13 14 24 25 43 44
 13 14 24 25 43 44 70
 13 14 24 25 43 44 68 69
 13 14 24 25 43 44 51
 13 14 24 25 43 44 51 70
 13 14 24 25 43 44 51 68 69
 13 14 24 25 43 44 49 50
 13 14 24 25 43 44 49 50 70
 13 14 24 25 43 44 49 50 68 69
 13 14 18 58 70
 13 14 18 58 68 69
 13 14 18 58 67 70
 13 14 18 58 67 68 69
 13 14 18 58 65 70
 13 14 18 58 65 68 69
 13 14 18 58 65 66 70
 13 14 18 58 65 66 68 69
 13 14 18 43 58
 13 14 18 43 58 67
 13 14 18 43 58 65
 13 14 18 43 58 65 66
 13 14 18 40 58 70
 13 14 18 40 58 68 69
 13 14 18 40 43 58
 13 14 18 24 70
 13 14 18 24 68 69
 13 14 18 24 53 70
 13 14 18 24 53 68 69
 13 14 18 24 52 70
 13 14 18 24 52 68 69
 13 14 18 24 51 70
 13 14 18 24 51 68 69
 13 14 18 24 49 50 70
 13 14 18 24 49 50 68 69
 13 14 18 24 49 50 52 70
 13 14 18 24 49 50 52 68 69
 13 14 18 24 49 50 51 70
 13 14 18 24 49 50 51 68 69
 13 14 18 24 43
 13 14 18 24 43 53
 13 14 18 24 43 52
 13 14 18 24 43 51
 13 14 18 24 43 49 50
 13 14 18 24 43 49 50 52
 13 14 18 24 43 49 50 51
 13 14 18 24 38 70
 13 14 18 24 38 68 69
 13 14 18 24 38 43
 13 14 18 24 36 37 70
 13 14 18 24 36 37 68 69
 13 14 18 24 36 37 43
 13 14 18 24 26 70
 13 14 18 24 26 68 69
 13 14 18 24 26 43
 13 14 18 24 25 70
 13 14 18 24 25 68 69
 13 14 18 24 25 51 70
 13 14 18 24 25 51 68 69
 13 14 18 24 25 49 50 70
 13 14 18 24 25 49 50 68 69
 13 14 18 24 25 43
 13 14 18 24 25 43 51
 13 14 18 24 25 43 49 50
 11 45 58 70
 11 45 58 68 69
 11 45 58 66 70
 11 45 58 66 68 69
 11 45 58 64 65 70
 11 45 58 64 65 68 69
 11 43 45 58
 11 43 45 58 66
 11 43 45 58 64 65
 11 43 44 58
 11 43 44 58 70
 11 43 44 58 68 69
 11 43 44 58 66
 11 43 44 58 66 70
 11 43 44 58 66 68 69
 11 43 44 58 64 65
 11 43 44 58 64 65 70
 11 43 44 58 64 65 68 69
 11 39 45 58 70
 11 39 45 58 68 69
 11 39 43 45 58
 11 39 43 44 58
 11 39 43 44 58 70
 11 39 43 44 58 68 69
 11 24 45 57 70
 11 24 45 57 68 69
 11 24 43 45 57
 11 24 43 44 57
 11 24 43 44 57 70
 11 24 43 44 57 68 69
 11 18 58 70
 11 18 58 68 69
 11 18 58 66 70
 11 18 58 66 68 69
 11 18 58 64 65 70
 11 18 58 64 65 68 69
 11 18 43 58
 11 18 43 58 66
 11 18 43 58 64 65
 11 18 39 58 70
 11 18 39 58 68 69
 11 18 39 43 58
 11 18 24 57 70
 11 18 24 57 68 69
 11 18 24 43 57
 11 15 24 45 70
 11 15 24 45 68 69
 11 15 24 43 45
 11 15 24 43 44
 11 15 24 43 44 70
 11 15 24 43 44 68 69
 11 15 18 24 70
 11 15 18 24 68 69
 11 15 18 24 43
 11 13 14 24 45 70
 11 13 14 24 45 68 69
 11 13 14 24 43 45
 11 13 14 24 43 44
 11 13 14 24 43 44 70
 11 13 14 24 43 44 68 69
 11 13 14 18 24 70
 11 13 14 18 24 68 69
 11 13 14 18 24 43
 11 12 45 58
 11 12 45 58 67
 11 12 45 58 65
 11 12 45 58 65 66
 11 12 43 44 58
 11 12 43 44 58 67
 11 12 43 44 58 65
 11 12 43 44 58 65 66
 11 12 40 45 58
 11 12 40 43 44 58
 11 12 18 58
 11 12 18 58 67
 11 12 18 58 65
 11 12 18 58 65 66
 11 12 18 40 58
 9 10 45 58 70
 9 10 45 58 68 69
 9 10 45 58 66 70
 9 10 45 58 66 68 69
 9 10 45 58 64 65 70
 9 10 45 58 64 65 68 69
 9 10 43 45 58
 9 10 43 45 58 66
 9 10 43 45 58 64 65
 9 10 43 44 58
 9 10 43 44 58 70
 9 10 43 44 58 68 69
 9 10 43 44 58 66
 9 10 43 44 58 66 70
 9 10 43 44 58 66 68 69
 9 10 43 44 58 64 65
 9 10 43 44 58 64 65 70
 9 10 43 44 58 64 65 68 69
 9 10 39 45 58 70
 9 10 39 45 58 68 69
 9 10 39 43 45 58
 9 10 39 43 44 58
 9 10 39 43 44 58 70
 9 10 39 43 44 58 68 69
 9 10 18 58 70
 9 10 18 58 68 69
 9 10 18 58 66 70
 9 10 18 58 66 68 69
 9 10 18 58 64 65 70
 9 10 18 58 64 65 68 69
 9 10 18 43 58
 9 10 18 43 58 66
 9 10 18 43 58 64 65
 9 10 18 39 58 70
 9 10 18 39 58 68 69
 9 10 18 39 43 58
 1 45 58 66 70
 1 45 58 66 68 69
 1 45 58 64 65 70
 1 45 58 64 65 68 69
 1 45 58 60 70
 1 45 58 60 68 69
 1 45 58 59 66 70
 1 45 58 59 66 68 69
 1 45 58 59 64 65 70
 1 45 58 59 64 65 68 69
 1 45 57 58 70
 1 45 57 58 68 69
 1 45 56 58 66 70
 1 45 56 58 66 68 69
 1 45 56 58 64 65 70
 1 45 56 58 64 65 68 69
 1 45 56 57 58 59 66 70
 1 45 56 57 58 59 66 68 69
 1 45 56 57 58 59 64 65 70
 1 45 56 57 58 59 64 65 68 69
 1 45 54 55 58 70
 1 45 54 55 58 68 69
 1 45 53 54 56 58 70
 1 45 53 54 56 58 68 69
 1 45 53 54 55 58 70
 1 45 53 54 55 58 68 69
 1 43 45 58 66
 1 43 45 58 64 65
 1 43 45 58 60
 1 43 45 58 59 66
 1 43 45 58 59 64 65
 1 43 45 57 58
 1 43 45 56 58 66
 1 43 45 56 58 64 65
 1 43 45 56 57 58 59 66
 1 43 45 56 57 58 59 64 65
 1 43 45 54 55 58
 1 43 45 53 54 56 58
 1 43 45 53 54 55 58
 1 43 44 58 66
 1 43 44 58 66 70
 1 43 44 58 66 68 69
 1 43 44 58 64 65
 1 43 44 58 64 65 70
 1 43 44 58 64 65 68 69
 1 43 44 58 60
 1 43 44 58 60 70
 1 43 44 58 60 68 69
 1 43 44 58 59 66
 1 43 44 58 59 66 70
 1 43 44 58 59 66 68 69
 1 43 44 58 59 64 65
 1 43 44 58 59 64 65 70
 1 43 44 58 59 64 65 68 69
 1 43 44 57 58
 1 43 44 57 58 70
 1 43 44 57 58 68 69
 1 43 44 56 58 66
 1 43 44 56 58 66 70
 1 43 44 56 58 66 68 69
 1 43 44 56 58 64 65
 1 43 44 56 58 64 65 70
 1 43 44 56 58 64 65 68 69
 1 43 44 56 57 58 59 66
 1 43 44 56 57 58 59 66 70
 1 43 44 56 57 58 59 66 68 69
 1 43 44 56 57 58 59 64 65
 1 43 44 56 57 58 59 64 65 70
 1 43 44 56 57 58 59 64 65 68 69
 1 43 44 54 55 58
 1 43 44 54 55 58 70
 1 43 44 54 55 58 68 69
 1 43 44 53 54 56 58
 1 43 44 53 54 56 58 70
 1 43 44 53 54 56 58 68 69
 1 43 44 53 54 55 58
 1 43 44 53 54 55 58 70
 1 43 44 53 54 55 58 68 69
 1 42 45 58 59 70
 1 42 45 58 59 68 69
 1 42 43 45 58 59
 1 42 43 44 58 59
 1 42 43 44 58 59 70
 1 42 43 44 58 59 68 69
 1 40 45 56 58 59 70
 1 40 45 56 58 59 68 69
 1 40 45 54 55 58 59 70
 1 40 45 54 55 58 59 68 69
 1 40 43 45 56 58 59
 1 40 43 45 54 55 58 59
 1 40 43 44 56 58 59
 1 40 43 44 56 58 59 70
 1 40 43 44 56 58 59 68 69
 1 40 43 44 54 55 58 59
 1 40 43 44 54 55 58 59 70
 1 40 43 44 54 55 58 59 68 69
 1 40 41 45 58 59 70
 1 40 41 45 58 59 68 69
 1 40 41 43 45 58 59
 1 40 41 43 44 58 59
 1 40 41 43 44 58 59 70
 1 40 41 43 44 58 59 68 69
 1 39 45 58 70
 1 39 45 58 68 69
 1 39 45 58 59 70
 1 39 45 58 59 68 69
 1 39 45 56 58 70
 1 39 45 56 58 68 69
 1 39 45 56 57 58 59 70
 1 39 45 56 57 58 59 68 69
 1 39 43 45 58
 1 39 43 45 58 59
 1 39 43 45 56 58
 1 39 43 45 56 57 58 59
 1 39 43 44 58
 1 39 43 44 58 70
 1 39 43 44 58 68 69
 1 39 43 44 58 59
 1 39 43 44 58 59 70
 1 39 43 44 58 59 68 69
 1 39 43 44 56 58
 1 39 43 44 56 58 70
 1 39 43 44 56 58 68 69
 1 39 43 44 56 57 58 59
 1 39 43 44 56 57 58 59 70
 1 39 43 44 56 57 58 59 68 69
 1 38 39 45 56 58 59 70
 1 38 39 45 56 58 59 68 69
 1 38 39 45 54 55 58 59 70
 1 38 39 45 54 55 58 59 68 69
 1 38 39 43 45 56 58 59
 1 38 39 43 45 54 55 58 59
 1 38 39 43 44 56 58 59
 1 38 39 43 44 56 58 59 70
 1 38 39 43 44 56 58 59 68 69
 1 38 39 43 44 54 55 58 59
 1 38 39 43 44 54 55 58 59 70
 1 38 39 43 44 54 55 58 59 68 69
 1 31 45 58 59 66 70
 1 31 45 58 59 66 68 69
 1 31 45 58 59 64 65 70
 1 31 45 58 59 64 65 68 69
 1 31 43 45 58 59 66
 1 31 43 45 58 59 64 65
 1 31 43 44 58 59 66
 1 31 43 44 58 59 66 70
 1 31 43 44 58 59 66 68 69
 1 31 43 44 58 59 64 65
 1 31 43 44 58 59 64 65 70
 1 31 43 44 58 59 64 65 68 69
 1 31 39 45 58 59 70
 1 31 39 45 58 59 68 69
 1 31 39 43 45 58 59
 1 31 39 43 44 58 59
 1 31 39 43 44 58 59 70
 1 31 39 43 44 58 59 68 69
 1 30 45 58 70
 1 30 45 58 68 69
 1 30 43 45 58
 1 30 43 44 58
 1 30 43 44 58 70
 1 30 43 44 58 68 69
 1 29 45 55 58 70
 1 29 45 55 58 68 69
 1 29 45 53 54 58 70
 1 29 45 53 54 58 68 69
 1 29 43 45 55 58
 1 29 43 45 53 54 58
 1 29 43 44 55 58
 1 29 43 44 55 58 70
 1 29 43 44 55 58 68 69
 1 29 43 44 53 54 58
 1 29 43 44 53 54 58 70
 1 29 43 44 53 54 58 68 69
 1 29 40 45 58 59 70
 1 29 40 45 58 59 68 69
 1 29 40 43 45 58 59
 1 29 40 43 44 58 59
 1 29 40 43 44 58 59 70
 1 29 40 43 44 58 59 68 69
 1 29 38 39 45 58 59 70
 1 29 38 39 45 58 59 68 69
 1 29 38 39 43 45 58 59
 1 29 38 39 43 44 58 59
 1 29 38 39 43 44 58 59 70
 1 29 38 39 43 44 58 59 68 69
 1 28 45 56 58 70
 1 28 45 56 58 68 69
 1 28 45 54 55 58 70
 1 28 45 54 55 58 68 69
 1 28 43 45 56 58
 1 28 43 45 54 55 58
 1 28 43 44 56 58
 1 28 43 44 56 58 70
 1 28 43 44 56 58 68 69
 1 28 43 44 54 55 58
 1 28 43 44 54 55 58 70
 1 28 43 44 54 55 58 68 69
 1 28 29 45 58 70
 1 28 29 45 58 68 69
 1 28 29 43 45 58
 1 28 29 43 44 58
 1 28 29 43 44 58 70
 1 28 29 43 44 58 68 69
 1 18 58 66 70
 1 18 58 66 68 69
 1 18 58 64 65 70
 1 18 58 64 65 68 69
 1 18 58 60 70
 1 18 58 60 68 69
 1 18 58 59 66 70
 1 18 58 59 66 68 69
 1 18 58 59 64 65 70
 1 18 58 59 64 65 68 69
 1 18 57 58 70
 1 18 57 58 68 69
 1 18 56 58 66 70
 1 18 56 58 66 68 69
 1 18 56 58 64 65 70
 1 18 56 58 64 65 68 69
 1 18 56 57 58 59 66 70
 1 18 56 57 58 59 66 68 69
 1 18 56 57 58 59 64 65 70
 1 18 56 57 58 59 64 65 68 69
 1 18 54 55 58 70
 1 18 54 55 58 68 69
 1 18 53 54 56 58 70
 1 18 53 54 56 58 68 69
 1 18 53 54 55 58 70
 1 18 53 54 55 58 68 69
 1 18 43 58 66
 1 18 43 58 64 65
 1 18 43 58 60
 1 18 43 58 59 66
 1 18 43 58 59 64 65
 1 18 43 57 58
 1 18 43 56 58 66
 1 18 43 56 58 64 65
 1 18 43 56 57 58 59 66
 1 18 43 56 57 58 59 64 65
 1 18 43 54 55 58
 1 18 43 53 54 56 58
 1 18 43 53 54 55 58
 1 18 42 58 59 70
 1 18 42 58 59 68 69
 1 18 42 43 58 59
 1 18 40 56 58 59 70
 1 18 40 56 58 59 68 69
 1 18 40 54 55 58 59 70
 1 18 40 54 55 58 59 68 69
 1 18 40 43 56 58 59
 1 18 40 43 54 55 58 59
 1 18 40 41 58 59 70
 1 18 40 41 58 59 68 69
 1 18 40 41 43 58 59
 1 18 39 58 70
 1 18 39 58 68 69
 1 18 39 58 59 70
 1 18 39 58 59 68 69
 1 18 39 56 58 70
 1 18 39 56 58 68 69
 1 18 39 56 57 58 59 70
 1 18 39 56 57 58 59 68 69
 1 18 39 43 58
 1 18 39 43 58 59
 1 18 39 43 56 58
 1 18 39 43 56 57 58 59
 1 18 38 39 56 58 59 70
 1 18 38 39 56 58 59 68 69
 1 18 38 39 54 55 58 59 70
 1 18 38 39 54 55 58 59 68 69
 1 18 38 39 43 56 58 59
 1 18 38 39 43 54 55 58 59
 1 18 31 58 59 66 70
 1 18 31 58 59 66 68 69
 1 18 31 58 59 64 65 70
 1 18 31 58 59 64 65 68 69
 1 18 31 43 58 59 66
 1 18 31 43 58 59 64 65
 1 18 31 39 58 59 70
 1 18 31 39 58 59 68 69
 1 18 31 39 43 58 59
 1 18 30 58 70
 1 18 30 58 68 69
 1 18 30 43 58
 1 18 29 55 58 70
 1 18 29 55 58 68 69
 1 18 29 53 54 58 70
 1 18 29 53 54 58 68 69
 1 18 29 43 55 58
 1 18 29 43 53 54 58
 1 18 29 40 58 59 70
 1 18 29 40 58 59 68 69
 1 18 29 40 43 58 59
 1 18 29 38 39 58 59 70
 1 18 29 38 39 58 59 68 69
 1 18 29 38 39 43 58 59
 1 18 28 56 58 70
 1 18 28 56 58 68 69
 1 18 28 54 55 58 70
 1 18 28 54 55 58 68 69
 1 18 28 43 56 58
 1 18 28 43 54 55 58
 1 18 28 29 58 70
 1 18 28 29 58 68 69
 1 18 28 29 43 58
 1 17 45 58 66 70
 1 17 45 58 66 68 69
 1 17 45 58 64 65 70
 1 17 45 58 64 65 68 69
 1 17 45 56 57 58 66 70
 1 17 45 56 57 58 66 68 69
 1 17 45 56 57 58 64 65 70
 1 17 45 56 57 58 64 65 68 69
 1 17 43 45 58 66
 1 17 43 45 58 64 65
 1 17 43 45 56 57 58 66
 1 17 43 45 56 57 58 64 65
 1 17 43 44 58 66
 1 17 43 44 58 66 70
 1 17 43 44 58 66 68 69
 1 17 43 44 58 64 65
 1 17 43 44 58 64 65 70
 1 17 43 44 58 64 65 68 69
 1 17 43 44 56 57 58 66
 1 17 43 44 56 57 58 66 70
 1 17 43 44 56 57 58 66 68 69
 1 17 43 44 56 57 58 64 65
 1 17 43 44 56 57 58 64 65 70
 1 17 43 44 56 57 58 64 65 68 69
 1 17 42 45 58 70
 1 17 42 45 58 68 69
 1 17 42 43 45 58
 1 17 42 43 44 58
 1 17 42 43 44 58 70
 1 17 42 43 44 58 68 69
 1 17 40 45 56 58 70
 1 17 40 45 56 58 68 69
 1 17 40 45 54 55 58 70
 1 17 40 45 54 55 58 68 69
 1 17 40 43 45 56 58
 1 17 40 43 45 54 55 58
 1 17 40 43 44 56 58
 1 17 40 43 44 56 58 70
 1 17 40 43 44 56 58 68 69
 1 17 40 43 44 54 55 58
 1 17 40 43 44 54 55 58 70
 1 17 40 43 44 54 55 58 68 69
 1 17 40 41 45 58 70
 1 17 40 41 45 58 68 69
 1 17 40 41 43 45 58
 1 17 40 41 43 44 58
 1 17 40 41 43 44 58 70
 1 17 40 41 43 44 58 68 69
 1 17 39 45 58 70
 1 17 39 45 58 68 69
 1 17 39 45 56 57 58 70
 1 17 39 45 56 57 58 68 69
 1 17 39 43 45 58
 1 17 39 43 45 56 57 58
 1 17 39 43 44 58
 1 17 39 43 44 58 70
 1 17 39 43 44 58 68 69
 1 17 39 43 44 56 57 58
 1 17 39 43 44 56 57 58 70
 1 17 39 43 44 56 57 58 68 69
 1 17 38 39 45 56 58 70
 1 17 38 39 45 56 58 68 69
 1 17 38 39 45 54 55 58 70
 1 17 38 39 45 54 55 58 68 69
 1 17 38 39 43 45 56 58
 1 17 38 39 43 45 54 55 58
 1 17 38 39 43 44 56 58
 1 17 38 39 43 44 56 58 70
 1 17 38 39 43 44 56 58 68 69
 1 17 38 39 43 44 54 55 58
 1 17 38 39 43 44 54 55 58 70
 1 17 38 39 43 44 54 55 58 68 69
 1 17 31 45 58 66 70
 1 17 31 45 58 66 68 69
 1 17 31 45 58 64 65 70
 1 17 31 45 58 64 65 68 69
 1 17 31 43 45 58 66
 1 17 31 43 45 58 64 65
 1 17 31 43 44 58 66
 1 17 31 43 44 58 66 70
 1 17 31 43 44 58 66 68 69
 1 17 31 43 44 58 64 65
 1 17 31 43 44 58 64 65 70
 1 17 31 43 44 58 64 65 68 69
 1 17 31 39 45 58 70
 1 17 31 39 45 58 68 69
 1 17 31 39 43 45 58
 1 17 31 39 43 44 58
 1 17 31 39 43 44 58 70
 1 17 31 39 43 44 58 68 69
 1 17 29 40 45 58 70
 1 17 29 40 45 58 68 69
 1 17 29 40 43 45 58
 1 17 29 40 43 44 58
 1 17 29 40 43 44 58 70
 1 17 29 40 43 44 58 68 69
 1 17 29 38 39 45 58 70
 1 17 29 38 39 45 58 68 69
 1 17 29 38 39 43 45 58
 1 17 29 38 39 43 44 58
 1 17 29 38 39 43 44 58 70
 1 17 29 38 39 43 44 58 68 69
 1 17 18 58 66 70
 1 17 18 58 66 68 69
 1 17 18 58 64 65 70
 1 17 18 58 64 65 68 69
 1 17 18 56 57 58 66 70
 1 17 18 56 57 58 66 68 69
 1 17 18 56 57 58 64 65 70
 1 17 18 56 57 58 64 65 68 69
 1 17 18 43 58 66
 1 17 18 43 58 64 65
 1 17 18 43 56 57 58 66
 1 17 18 43 56 57 58 64 65
 1 17 18 42 58 70
 1 17 18 42 58 68 69
 1 17 18 42 43 58
 1 17 18 40 56 58 70
 1 17 18 40 56 58 68 69
 1 17 18 40 54 55 58 70
 1 17 18 40 54 55 58 68 69
 1 17 18 40 43 56 58
 1 17 18 40 43 54 55 58
 1 17 18 40 41 58 70
 1 17 18 40 41 58 68 69
 1 17 18 40 41 43 58
 1 17 18 39 58 70
 1 17 18 39 58 68 69
 1 17 18 39 56 57 58 70
 1 17 18 39 56 57 58 68 69
 1 17 18 39 43 58
 1 17 18 39 43 56 57 58
 1 17 18 38 39 56 58 70
 1 17 18 38 39 56 58 68 69
 1 17 18 38 39 54 55 58 70
 1 17 18 38 39 54 55 58 68 69
 1 17 18 38 39 43 56 58
 1 17 18 38 39 43 54 55 58
 1 17 18 31 58 66 70
 1 17 18 31 58 66 68 69
 1 17 18 31 58 64 65 70
 1 17 18 31 58 64 65 68 69
 1 17 18 31 43 58 66
 1 17 18 31 43 58 64 65
 1 17 18 31 39 58 70
 1 17 18 31 39 58 68 69
 1 17 18 31 39 43 58
 1 17 18 29 40 58 70
 1 17 18 29 40 58 68 69
 1 17 18 29 40 43 58
 1 17 18 29 38 39 58 70
 1 17 18 29 38 39 58 68 69
 1 17 18 29 38 39 43 58
 1 15 45 58 59 70
 1 15 45 58 59 68 69
 1 15 43 45 58 59
 1 15 43 44 58 59
 1 15 43 44 58 59 70
 1 15 43 44 58 59 68 69
 1 15 18 58 59 70
 1 15 18 58 59 68 69
 1 15 18 43 58 59
 1 15 17 45 58 70
 1 15 17 45 58 68 69
 1 15 17 43 45 58
 1 15 17 43 44 58
 1 15 17 43 44 58 70
 1 15 17 43 44 58 68 69
 1 15 17 18 58 70
 1 15 17 18 58 68 69
 1 15 17 18 43 58
 1 15 16 45 58 70
 1 15 16 45 58 68 69
 1 15 16 45 58 66 70
 1 15 16 45 58 66 68 69
 1 15 16 45 58 64 65 70
 1 15 16 45 58 64 65 68 69
 1 15 16 45 56 57 58 66 70
 1 15 16 45 56 57 58 66 68 69
 1 15 16 45 56 57 58 64 65 70
 1 15 16 45 56 57 58 64 65 68 69
 1 15 16 43 45 58
 1 15 16 43 45 58 66
 1 15 16 43 45 58 64 65
 1 15 16 43 45 56 57 58 66
 1 15 16 43 45 56 57 58 64 65
 1 15 16 43 44 58
 1 15 16 43 44 58 70
 1 15 16 43 44 58 68 69
 1 15 16 43 44 58 66
 1 15 16 43 44 58 66 70
 1 15 16 43 44 58 66 68 69
 1 15 16 43 44 58 64 65
 1 15 16 43 44 58 64 65 70
 1 15 16 43 44 58 64 65 68 69
 1 15 16 43 44 56 57 58 66
 1 15 16 43 44 56 57 58 66 70
 1 15 16 43 44 56 57 58 66 68 69
 1 15 16 43 44 56 57 58 64 65
 1 15 16 43 44 56 57 58 64 65 70
 1 15 16 43 44 56 57 58 64 65 68 69
 1 15 16 42 45 58 70
 1 15 16 42 45 58 68 69
 1 15 16 42 43 45 58
 1 15 16 42 43 44 58
 1 15 16 42 43 44 58 70
 1 15 16 42 43 44 58 68 69
 1 15 16 40 45 56 58 70
 1 15 16 40 45 56 58 68 69
 1 15 16 40 45 54 55 58 70
 1 15 16 40 45 54 55 58 68 69
 1 15 16 40 43 45 56 58
 1 15 16 40 43 45 54 55 58
 1 15 16 40 43 44 56 58
 1 15 16 40 43 44 56 58 70
 1 15 16 40 43 44 56 58 68 69
 1 15 16 40 43 44 54 55 58
 1 15 16 40 43 44 54 55 58 70
 1 15 16 40 43 44 54 55 58 68 69
 1 15 16 40 41 45 58 70
 1 15 16 40 41 45 58 68 69
 1 15 16 40 41 43 45 58
 1 15 16 40 41 43 44 58
 1 15 16 40 41 43 44 58 70
 1 15 16 40 41 43 44 58 68 69
 1 15 16 39 45 58 70
 1 15 16 39 45 58 68 69
 1 15 16 39 45 56 57 58 70
 1 15 16 39 45 56 57 58 68 69
 1 15 16 39 43 45 58
 1 15 16 39 43 45 56 57 58
 1 15 16 39 43 44 58
 1 15 16 39 43 44 58 70
 1 15 16 39 43 44 58 68 69
 1 15 16 39 43 44 56 57 58
 1 15 16 39 43 44 56 57 58 70
 1 15 16 39 43 44 56 57 58 68 69
 1 15 16 38 39 45 56 58 70
 1 15 16 38 39 45 56 58 68 69
 1 15 16 38 39 45 54 55 58 70
 1 15 16 38 39 45 54 55 58 68 69
 1 15 16 38 39 43 45 56 58
 1 15 16 38 39 43 45 54 55 58
 1 15 16 38 39 43 44 56 58
 1 15 16 38 39 43 44 56 58 70
 1 15 16 38 39 43 44 56 58 68 69
 1 15 16 38 39 43 44 54 55 58
 1 15 16 38 39 43 44 54 55 58 70
 1 15 16 38 39 43 44 54 55 58 68 69
 1 15 16 31 45 58 66 70
 1 15 16 31 45 58 66 68 69
 1 15 16 31 45 58 64 65 70
 1 15 16 31 45 58 64 65 68 69
 1 15 16 31 43 45 58 66
 1 15 16 31 43 45 58 64 65
 1 15 16 31 43 44 58 66
 1 15 16 31 43 44 58 66 70
 1 15 16 31 43 44 58 66 68 69
 1 15 16 31 43 44 58 64 65
 1 15 16 31 43 44 58 64 65 70
 1 15 16 31 43 44 58 64 65 68 69
 1 15 16 31 39 45 58 70
 1 15 16 31 39 45 58 68 69
 1 15 16 31 39 43 45 58
 1 15 16 31 39 43 44 58
 1 15 16 31 39 43 44 58 70
 1 15 16 31 39 43 44 58 68 69
 1 15 16 29 40 45 58 70
 1 15 16 29 40 45 58 68 69
 1 15 16 29 40 43 45 58
 1 15 16 29 40 43 44 58
 1 15 16 29 40 43 44 58 70
 1 15 16 29 40 43 44 58 68 69
 1 15 16 29 38 39 45 58 70
 1 15 16 29 38 39 45 58 68 69
 1 15 16 29 38 39 43 45 58
 1 15 16 29 38 39 43 44 58
 1 15 16 29 38 39 43 44 58 70
 1 15 16 29 38 39 43 44 58 68 69
 1 15 16 18 58 70
 1 15 16 18 58 68 69
 1 15 16 18 58 66 70
 1 15 16 18 58 66 68 69
 1 15 16 18 58 64 65 70
 1 15 16 18 58 64 65 68 69
 1 15 16 18 56 57 58 66 70
 1 15 16 18 56 57 58 66 68 69
 1 15 16 18 56 57 58 64 65 70
 1 15 16 18 56 57 58 64 65 68 69
 1 15 16 18 43 58
 1 15 16 18 43 58 66
 1 15 16 18 43 58 64 65
 1 15 16 18 43 56 57 58 66
 1 15 16 18 43 56 57 58 64 65
 1 15 16 18 42 58 70
 1 15 16 18 42 58 68 69
 1 15 16 18 42 43 58
 1 15 16 18 40 56 58 70
 1 15 16 18 40 56 58 68 69
 1 15 16 18 40 54 55 58 70
 1 15 16 18 40 54 55 58 68 69
 1 15 16 18 40 43 56 58
 1 15 16 18 40 43 54 55 58
 1 15 16 18 40 41 58 70
 1 15 16 18 40 41 58 68 69
 1 15 16 18 40 41 43 58
 1 15 16 18 39 58 70
 1 15 16 18 39 58 68 69
 1 15 16 18 39 56 57 58 70
 1 15 16 18 39 56 57 58 68 69
 1 15 16 18 39 43 58
 1 15 16 18 39 43 56 57 58
 1 15 16 18 38 39 56 58 70
 1 15 16 18 38 39 56 58 68 69
 1 15 16 18 38 39 54 55 58 70
 1 15 16 18 38 39 54 55 58 68 69
 1 15 16 18 38 39 43 56 58
 1 15 16 18 38 39 43 54 55 58
 1 15 16 18 31 58 66 70
 1 15 16 18 31 58 66 68 69
 1 15 16 18 31 58 64 65 70
 1 15 16 18 31 58 64 65 68 69
 1 15 16 18 31 43 58 66
 1 15 16 18 31 43 58 64 65
 1 15 16 18 31 39 58 70
 1 15 16 18 31 39 58 68 69
 1 15 16 18 31 39 43 58
 1 15 16 18 29 40 58 70
 1 15 16 18 29 40 58 68 69
 1 15 16 18 29 40 43 58
 1 15 16 18 29 38 39 58 70
 1 15 16 18 29 38 39 58 68 69
 1 15 16 18 29 38 39 43 58
 1 13 45 56 58 59 70
 1 13 45 56 58 59 68 69
 1 13 45 54 55 58 59 70
 1 13 45 54 55 58 59 68 69
 1 13 43 45 56 58 59
 1 13 43 45 54 55 58 59
 1 13 43 44 56 58 59
 1 13 43 44 56 58 59 70
 1 13 43 44 56 58 59 68 69
 1 13 43 44 54 55 58 59
 1 13 43 44 54 55 58 59 70
 1 13 43 44 54 55 58 59 68 69
 1 13 29 45 58 59 70
 1 13 29 45 58 59 68 69
 1 13 29 43 45 58 59
 1 13 29 43 44 58 59
 1 13 29 43 44 58 59 70
 1 13 29 43 44 58 59 68 69
 1 13 18 56 58 59 70
 1 13 18 56 58 59 68 69
 1 13 18 54 55 58 59 70
 1 13 18 54 55 58 59 68 69
 1 13 18 43 56 58 59
 1 13 18 43 54 55 58 59
 1 13 18 29 58 59 70
 1 13 18 29 58 59 68 69
 1 13 18 29 43 58 59
 1 13 17 45 56 58 70
 1 13 17 45 56 58 68 69
 1 13 17 45 54 55 58 70
 1 13 17 45 54 55 58 68 69
 1 13 17 43 45 56 58
 1 13 17 43 45 54 55 58
 1 13 17 43 44 56 58
 1 13 17 43 44 56 58 70
 1 13 17 43 44 56 58 68 69
 1 13 17 43 44 54 55 58
 1 13 17 43 44 54 55 58 70
 1 13 17 43 44 54 55 58 68 69
 1 13 17 29 45 58 70
 1 13 17 29 45 58 68 69
 1 13 17 29 43 45 58
 1 13 17 29 43 44 58
 1 13 17 29 43 44 58 70
 1 13 17 29 43 44 58 68 69
 1 13 17 18 56 58 70
 1 13 17 18 56 58 68 69
 1 13 17 18 54 55 58 70
 1 13 17 18 54 55 58 68 69
 1 13 17 18 43 56 58
 1 13 17 18 43 54 55 58
 1 13 17 18 29 58 70
 1 13 17 18 29 58 68 69
 1 13 17 18 29 43 58
 1 13 15 16 45 56 58 70
 1 13 15 16 45 56 58 68 69
 1 13 15 16 45 54 55 58 70
 1 13 15 16 45 54 55 58 68 69
 1 13 15 16 43 45 56 58
 1 13 15 16 43 45 54 55 58
 1 13 15 16 43 44 56 58
 1 13 15 16 43 44 56 58 70
 1 13 15 16 43 44 56 58 68 69
 1 13 15 16 43 44 54 55 58
 1 13 15 16 43 44 54 55 58 70
 1 13 15 16 43 44 54 55 58 68 69
 1 13 15 16 29 45 58 70
 1 13 15 16 29 45 58 68 69
 1 13 15 16 29 43 45 58
 1 13 15 16 29 43 44 58
 1 13 15 16 29 43 44 58 70
 1 13 15 16 29 43 44 58 68 69
 1 13 15 16 18 56 58 70
 1 13 15 16 18 56 58 68 69
 1 13 15 16 18 54 55 58 70
 1 13 15 16 18 54 55 58 68 69
 1 13 15 16 18 43 56 58
 1 13 15 16 18 43 54 55 58
 1 13 15 16 18 29 58 70
 1 13 15 16 18 29 58 68 69
 1 13 15 16 18 29 43 58
