 43 56 60
 43 56 60 70
 43 56 60 68 69
 43 54 55 60
 43 54 55 60 70
 43 54 55 60 68 69
 41 60
 41 60 72
 41 60 70 71
 41 58
 41 56 60 70
 41 56 60 68 69
 41 54 55 60 70
 41 54 55 60 68 69
 41 45 60
 41 43 56 60
 41 43 54 55 60
 41 42 56 60 70
 41 42 56 60 68 69
 41 42 54 55 60 70
 41 42 54 55 60 68 69
 41 42 43 56 60
 41 42 43 54 55 60
 39 40 60
 39 40 60 72
 39 40 60 70 71
 39 40 58
 39 40 56 60 70
 39 40 56 60 68 69
 39 40 54 55 60 70
 39 40 54 55 60 68 69
 39 40 45 60
 39 40 43 56 60
 39 40 43 54 55 60
 35 41 53 60 72
 35 41 53 60 70 71
 35 41 53 56 60 70
 35 41 53 56 60 68 69
 35 41 53 54 55 60 70
 35 41 53 54 55 60 68 69
 35 41 51 52 60 72
 35 41 51 52 60 70 71
 35 41 51 52 56 60 70
 35 41 51 52 56 60 68 69
 35 41 51 52 54 55 60 70
 35 41 51 52 54 55 60 68 69
 35 41 45 53 60
 35 41 45 51 52 60
 35 41 43 53 56 60
 35 41 43 53 54 55 60
 35 41 43 51 52 56 60
 35 41 43 51 52 54 55 60
 35 39 40 53 60 72
 35 39 40 53 60 70 71
 35 39 40 53 56 60 70
 35 39 40 53 56 60 68 69
 35 39 40 53 54 55 60 70
 35 39 40 53 54 55 60 68 69
 35 39 40 51 52 60 72
 35 39 40 51 52 60 70 71
 35 39 40 51 52 56 60 70
 35 39 40 51 52 56 60 68 69
 35 39 40 51 52 54 55 60 70
 35 39 40 51 52 54 55 60 68 69
 35 39 40 45 53 60
 35 39 40 45 51 52 60
 35 39 40 43 53 56 60
 35 39 40 43 53 54 55 60
 35 39 40 43 51 52 56 60
 35 39 40 43 51 52 54 55 60
 30 32 54 56 64 66
 30 32 54 56 64 65
 30 32 54 56 57 64 66
 30 32 54 56 57 64 65
 30 32 54 55 64 66
 30 32 54 55 64 65
 30 32 54 55 57 64 66
 30 32 54 55 57 64 65
 30 32 39 54 56 64
 30 32 39 54 56 57 64
 30 32 39 54 55 64
 30 32 39 54 55 57 64
 30 31 54 56 64 66
 30 31 54 56 64 65
 30 31 54 56 57 64 66
 30 31 54 56 57 64 65
 30 31 54 55 64 66
 30 31 54 55 64 65
 30 31 54 55 57 64 66
 30 31 54 55 57 64 65
 30 31 39 54 56 64
 30 31 39 54 56 57 64
 30 31 39 54 55 64
 30 31 39 54 55 57 64
 29 43 60
 29 43 60 70
 29 43 60 68 69
 29 41 60 70
 29 41 60 68 69
 29 41 43 60
 29 41 42 60 70
 29 41 42 60 68 69
 29 41 42 43 60
 29 39 40 60 70
 29 39 40 60 68 69
 29 39 40 43 60
 29 35 41 53 60 70
 29 35 41 53 60 68 69
 29 35 41 51 52 60 70
 29 35 41 51 52 60 68 69
 29 35 41 43 53 60
 29 35 41 43 51 52 60
 29 35 39 40 53 60 70
 29 35 39 40 53 60 68 69
 29 35 39 40 51 52 60 70
 29 35 39 40 51 52 60 68 69
 29 35 39 40 43 53 60
 29 35 39 40 43 51 52 60
 29 30 32 54 64 66
 29 30 32 54 64 65
 29 30 32 54 57 64 66
 29 30 32 54 57 64 65
 29 30 32 54 55 56 64 66
 29 30 32 54 55 56 64 65
 29 30 32 39 54 64
 29 30 32 39 54 57 64
 29 30 32 39 54 55 56 64
 29 30 31 54 64 66
 29 30 31 54 64 65
 29 30 31 54 57 64 66
 29 30 31 54 57 64 65
 29 30 31 54 55 56 64 66
 29 30 31 54 55 56 64 65
 29 30 31 39 54 64
 29 30 31 39 54 57 64
 29 30 31 39 54 55 56 64
 28 43 56 60
 28 43 56 60 70
 28 43 56 60 68 69
 28 43 54 55 56 60
 28 43 54 55 56 60 70
 28 43 54 55 56 60 68 69
 28 41 56 60
 28 41 56 60 70
 28 41 56 60 68 69
 28 41 56 58 60 70
 28 41 56 58 60 68 69
 28 41 56 57 60 70
 28 41 56 57 60 68 69
 28 41 54 55 56 60 70
 28 41 54 55 56 60 68 69
 28 41 43 56 60
 28 41 43 56 58 60
 28 41 43 56 57 60
 28 41 43 54 55 56 60
 28 41 42 56 60 70
 28 41 42 56 60 68 69
 28 41 42 54 55 56 60 70
 28 41 42 54 55 56 60 68 69
 28 41 42 43 56 60
 28 41 42 43 54 55 56 60
 28 39 40 56 60
 28 39 40 56 60 70
 28 39 40 56 60 68 69
 28 39 40 56 58 60 70
 28 39 40 56 58 60 68 69
 28 39 40 56 57 60 70
 28 39 40 56 57 60 68 69
 28 39 40 54 55 56 60 70
 28 39 40 54 55 56 60 68 69
 28 39 40 43 56 60
 28 39 40 43 56 58 60
 28 39 40 43 56 57 60
 28 39 40 43 54 55 56 60
 28 35 43 56 60
 28 35 43 56 60 70
 28 35 43 56 60 68 69
 28 35 43 54 55 60
 28 35 43 54 55 60 70
 28 35 43 54 55 60 68 69
 28 35 41 60
 28 35 41 58 60 70
 28 35 41 58 60 68 69
 28 35 41 56 60 70
 28 35 41 56 60 68 69
 28 35 41 56 57 60 70
 28 35 41 56 57 60 68 69
 28 35 41 54 55 60 70
 28 35 41 54 55 60 68 69
 28 35 41 43 58 60
 28 35 41 43 56 60
 28 35 41 43 56 57 60
 28 35 41 43 54 55 60
 28 35 41 42 56 60 70
 28 35 41 42 56 60 68 69
 28 35 41 42 54 55 60 70
 28 35 41 42 54 55 60 68 69
 28 35 41 42 43 56 60
 28 35 41 42 43 54 55 60
 28 35 39 40 60
 28 35 39 40 58 60 70
 28 35 39 40 58 60 68 69
 28 35 39 40 56 60 70
 28 35 39 40 56 60 68 69
 28 35 39 40 56 57 60 70
 28 35 39 40 56 57 60 68 69
 28 35 39 40 54 55 60 70
 28 35 39 40 54 55 60 68 69
 28 35 39 40 43 58 60
 28 35 39 40 43 56 60
 28 35 39 40 43 56 57 60
 28 35 39 40 43 54 55 60
 28 31 41 56 60 70
 28 31 41 56 60 68 69
 28 31 41 43 56 60
 28 31 39 40 56 60 70
 28 31 39 40 56 60 68 69
 28 31 39 40 43 56 60
 28 31 35 41 60 70
 28 31 35 41 60 68 69
 28 31 35 41 43 60
 28 31 35 39 40 60 70
 28 31 35 39 40 60 68 69
 28 31 35 39 40 43 60
 28 29 43 56 60
 28 29 43 56 60 70
 28 29 43 56 60 68 69
 28 29 41 56 60 70
 28 29 41 56 60 68 69
 28 29 41 43 56 60
 28 29 41 42 56 60 70
 28 29 41 42 56 60 68 69
 28 29 41 42 43 56 60
 28 29 39 40 56 60 70
 28 29 39 40 56 60 68 69
 28 29 39 40 43 56 60
 28 29 35 43 60
 28 29 35 43 60 70
 28 29 35 43 60 68 69
 28 29 35 41 60 70
 28 29 35 41 60 68 69
 28 29 35 41 43 60
 28 29 35 41 42 60 70
 28 29 35 41 42 60 68 69
 28 29 35 41 42 43 60
 28 29 35 39 40 60 70
 28 29 35 39 40 60 68 69
 28 29 35 39 40 43 60
 28 29 32 54 57 64 66
 28 29 32 54 57 64 65
 28 29 32 54 56 57 64 66
 28 29 32 54 56 57 64 65
 28 29 32 54 55 57 64 66
 28 29 32 54 55 57 64 65
 28 29 32 54 55 56 64 66
 28 29 32 54 55 56 64 65
 28 29 32 39 54 57 64
 28 29 32 39 54 56 57 64
 28 29 32 39 54 55 57 64
 28 29 32 39 54 55 56 64
 28 29 30 32 54 64 66
 28 29 30 32 54 64 65
 28 29 30 32 54 56 64 66
 28 29 30 32 54 56 64 65
 28 29 30 32 54 55 64 66
 28 29 30 32 54 55 64 65
 28 29 30 32 39 54 64
 28 29 30 32 39 54 56 64
 28 29 30 32 39 54 55 64
 28 29 30 31 54 64 66
 28 29 30 31 54 64 65
 28 29 30 31 54 57 64 66
 28 29 30 31 54 57 64 65
 28 29 30 31 54 56 64 66
 28 29 30 31 54 56 64 65
 28 29 30 31 54 56 57 64 66
 28 29 30 31 54 56 57 64 65
 28 29 30 31 54 55 64 66
 28 29 30 31 54 55 64 65
 28 29 30 31 54 55 57 64 66
 28 29 30 31 54 55 57 64 65
 28 29 30 31 54 55 56 64 66
 28 29 30 31 54 55 56 64 65
 28 29 30 31 39 54 64
 28 29 30 31 39 54 57 64
 28 29 30 31 39 54 56 64
 28 29 30 31 39 54 56 57 64
 28 29 30 31 39 54 55 64
 28 29 30 31 39 54 55 57 64
 28 29 30 31 39 54 55 56 64
 26 35 41 60 72
 26 35 41 60 70 71
 26 35 41 56 60 70
 26 35 41 56 60 68 69
 26 35 41 54 55 60 70
 26 35 41 54 55 60 68 69
 26 35 41 45 60
 26 35 41 43 56 60
 26 35 41 43 54 55 60
 26 35 39 40 60 72
 26 35 39 40 60 70 71
 26 35 39 40 56 60 70
 26 35 39 40 56 60 68 69
 26 35 39 40 54 55 60 70
 26 35 39 40 54 55 60 68 69
 26 35 39 40 45 60
 26 35 39 40 43 56 60
 26 35 39 40 43 54 55 60
 26 29 35 41 60 70
 26 29 35 41 60 68 69
 26 29 35 41 43 60
 26 29 35 39 40 60 70
 26 29 35 39 40 60 68 69
 26 29 35 39 40 43 60
 26 27 43 56 60
 26 27 43 56 60 70
 26 27 43 56 60 68 69
 26 27 43 54 55 56 60
 26 27 43 54 55 56 60 70
 26 27 43 54 55 56 60 68 69
 26 27 41 56 60
 26 27 41 56 60 70
 26 27 41 56 60 68 69
 26 27 41 56 58 60 70
 26 27 41 56 58 60 68 69
 26 27 41 56 57 60 70
 26 27 41 56 57 60 68 69
 26 27 41 54 55 56 60 70
 26 27 41 54 55 56 60 68 69
 26 27 41 43 56 60
 26 27 41 43 56 58 60
 26 27 41 43 56 57 60
 26 27 41 43 54 55 56 60
 26 27 41 42 56 60 70
 26 27 41 42 56 60 68 69
 26 27 41 42 54 55 56 60 70
 26 27 41 42 54 55 56 60 68 69
 26 27 41 42 43 56 60
 26 27 41 42 43 54 55 56 60
 26 27 39 40 56 60
 26 27 39 40 56 60 70
 26 27 39 40 56 60 68 69
 26 27 39 40 56 58 60 70
 26 27 39 40 56 58 60 68 69
 26 27 39 40 56 57 60 70
 26 27 39 40 56 57 60 68 69
 26 27 39 40 54 55 56 60 70
 26 27 39 40 54 55 56 60 68 69
 26 27 39 40 43 56 60
 26 27 39 40 43 56 58 60
 26 27 39 40 43 56 57 60
 26 27 39 40 43 54 55 56 60
 26 27 35 43 56 60
 26 27 35 43 56 60 70
 26 27 35 43 56 60 68 69
 26 27 35 43 54 55 60
 26 27 35 43 54 55 60 70
 26 27 35 43 54 55 60 68 69
 26 27 35 41 60
 26 27 35 41 58 60 70
 26 27 35 41 58 60 68 69
 26 27 35 41 56 60 70
 26 27 35 41 56 60 68 69
 26 27 35 41 56 57 60 70
 26 27 35 41 56 57 60 68 69
 26 27 35 41 54 55 60 70
 26 27 35 41 54 55 60 68 69
 26 27 35 41 43 58 60
 26 27 35 41 43 56 60
 26 27 35 41 43 56 57 60
 26 27 35 41 43 54 55 60
 26 27 35 41 42 56 60 70
 26 27 35 41 42 56 60 68 69
 26 27 35 41 42 54 55 60 70
 26 27 35 41 42 54 55 60 68 69
 26 27 35 41 42 43 56 60
 26 27 35 41 42 43 54 55 60
 26 27 35 39 40 60
 26 27 35 39 40 58 60 70
 26 27 35 39 40 58 60 68 69
 26 27 35 39 40 56 60 70
 26 27 35 39 40 56 60 68 69
 26 27 35 39 40 56 57 60 70
 26 27 35 39 40 56 57 60 68 69
 26 27 35 39 40 54 55 60 70
 26 27 35 39 40 54 55 60 68 69
 26 27 35 39 40 43 58 60
 26 27 35 39 40 43 56 60
 26 27 35 39 40 43 56 57 60
 26 27 35 39 40 43 54 55 60
 26 27 31 41 56 60 70
 26 27 31 41 56 60 68 69
 26 27 31 41 43 56 60
 26 27 31 39 40 56 60 70
 26 27 31 39 40 56 60 68 69
 26 27 31 39 40 43 56 60
 26 27 31 35 41 60 70
 26 27 31 35 41 60 68 69
 26 27 31 35 41 43 60
 26 27 31 35 39 40 60 70
 26 27 31 35 39 40 60 68 69
 26 27 31 35 39 40 43 60
 26 27 29 43 56 60
 26 27 29 43 56 60 70
 26 27 29 43 56 60 68 69
 26 27 29 41 56 60 70
 26 27 29 41 56 60 68 69
 26 27 29 41 43 56 60
 26 27 29 41 42 56 60 70
 26 27 29 41 42 56 60 68 69
 26 27 29 41 42 43 56 60
 26 27 29 39 40 56 60 70
 26 27 29 39 40 56 60 68 69
 26 27 29 39 40 43 56 60
 26 27 29 35 43 60
 26 27 29 35 43 60 70
 26 27 29 35 43 60 68 69
 26 27 29 35 41 60 70
 26 27 29 35 41 60 68 69
 26 27 29 35 41 43 60
 26 27 29 35 41 42 60 70
 26 27 29 35 41 42 60 68 69
 26 27 29 35 41 42 43 60
 26 27 29 35 39 40 60 70
 26 27 29 35 39 40 60 68 69
 26 27 29 35 39 40 43 60
 22 30 32 54 56 64 66
 22 30 32 54 56 64 65
 22 30 32 54 56 57 64 66
 22 30 32 54 56 57 64 65
 22 30 32 54 55 64 66
 22 30 32 54 55 64 65
 22 30 32 54 55 57 64 66
 22 30 32 54 55 57 64 65
 22 30 32 39 54 56 64
 22 30 32 39 54 56 57 64
 22 30 32 39 54 55 64
 22 30 32 39 54 55 57 64
 22 30 31 54 56 64 66
 22 30 31 54 56 64 65
 22 30 31 54 56 57 64 66
 22 30 31 54 56 57 64 65
 22 30 31 54 55 64 66
 22 30 31 54 55 64 65
 22 30 31 54 55 57 64 66
 22 30 31 54 55 57 64 65
 22 30 31 39 54 56 64
 22 30 31 39 54 56 57 64
 22 30 31 39 54 55 64
 22 30 31 39 54 55 57 64
 22 29 30 32 54 64 66
 22 29 30 32 54 64 65
 22 29 30 32 54 57 64 66
 22 29 30 32 54 57 64 65
 22 29 30 32 54 55 56 64 66
 22 29 30 32 54 55 56 64 65
 22 29 30 32 39 54 64
 22 29 30 32 39 54 57 64
 22 29 30 32 39 54 55 56 64
 22 29 30 31 54 64 66
 22 29 30 31 54 64 65
 22 29 30 31 54 57 64 66
 22 29 30 31 54 57 64 65
 22 29 30 31 54 55 56 64 66
 22 29 30 31 54 55 56 64 65
 22 29 30 31 39 54 64
 22 29 30 31 39 54 57 64
 22 29 30 31 39 54 55 56 64
 22 28 29 32 54 57 64 66
 22 28 29 32 54 57 64 65
 22 28 29 32 54 56 57 64 66
 22 28 29 32 54 56 57 64 65
 22 28 29 32 54 55 57 64 66
 22 28 29 32 54 55 57 64 65
 22 28 29 32 54 55 56 64 66
 22 28 29 32 54 55 56 64 65
 22 28 29 32 39 54 57 64
 22 28 29 32 39 54 56 57 64
 22 28 29 32 39 54 55 57 64
 22 28 29 32 39 54 55 56 64
 22 28 29 30 32 54 64 66
 22 28 29 30 32 54 64 65
 22 28 29 30 32 54 56 64 66
 22 28 29 30 32 54 56 64 65
 22 28 29 30 32 54 55 64 66
 22 28 29 30 32 54 55 64 65
 22 28 29 30 32 39 54 64
 22 28 29 30 32 39 54 56 64
 22 28 29 30 32 39 54 55 64
 22 28 29 30 31 54 64 66
 22 28 29 30 31 54 64 65
 22 28 29 30 31 54 57 64 66
 22 28 29 30 31 54 57 64 65
 22 28 29 30 31 54 56 64 66
 22 28 29 30 31 54 56 64 65
 22 28 29 30 31 54 56 57 64 66
 22 28 29 30 31 54 56 57 64 65
 22 28 29 30 31 54 55 64 66
 22 28 29 30 31 54 55 64 65
 22 28 29 30 31 54 55 57 64 66
 22 28 29 30 31 54 55 57 64 65
 22 28 29 30 31 54 55 56 64 66
 22 28 29 30 31 54 55 56 64 65
 22 28 29 30 31 39 54 64
 22 28 29 30 31 39 54 57 64
 22 28 29 30 31 39 54 56 64
 22 28 29 30 31 39 54 56 57 64
 22 28 29 30 31 39 54 55 64
 22 28 29 30 31 39 54 55 57 64
 22 28 29 30 31 39 54 55 56 64
 20 21 30 32 54 56 64 66
 20 21 30 32 54 56 64 65
 20 21 30 32 54 56 57 64 66
 20 21 30 32 54 56 57 64 65
 20 21 30 32 54 55 64 66
 20 21 30 32 54 55 64 65
 20 21 30 32 54 55 57 64 66
 20 21 30 32 54 55 57 64 65
 20 21 30 32 39 54 56 64
 20 21 30 32 39 54 56 57 64
 20 21 30 32 39 54 55 64
 20 21 30 32 39 54 55 57 64
 20 21 30 31 54 56 64 66
 20 21 30 31 54 56 64 65
 20 21 30 31 54 56 57 64 66
 20 21 30 31 54 56 57 64 65
 20 21 30 31 54 55 64 66
 20 21 30 31 54 55 64 65
 20 21 30 31 54 55 57 64 66
 20 21 30 31 54 55 57 64 65
 20 21 30 31 39 54 56 64
 20 21 30 31 39 54 56 57 64
 20 21 30 31 39 54 55 64
 20 21 30 31 39 54 55 57 64
 20 21 29 30 32 54 64 66
 20 21 29 30 32 54 64 65
 20 21 29 30 32 54 57 64 66
 20 21 29 30 32 54 57 64 65
 20 21 29 30 32 54 55 56 64 66
 20 21 29 30 32 54 55 56 64 65
 20 21 29 30 32 39 54 64
 20 21 29 30 32 39 54 57 64
 20 21 29 30 32 39 54 55 56 64
 20 21 29 30 31 54 64 66
 20 21 29 30 31 54 64 65
 20 21 29 30 31 54 57 64 66
 20 21 29 30 31 54 57 64 65
 20 21 29 30 31 54 55 56 64 66
 20 21 29 30 31 54 55 56 64 65
 20 21 29 30 31 39 54 64
 20 21 29 30 31 39 54 57 64
 20 21 29 30 31 39 54 55 56 64
 20 21 28 29 32 54 57 64 66
 20 21 28 29 32 54 57 64 65
 20 21 28 29 32 54 56 57 64 66
 20 21 28 29 32 54 56 57 64 65
 20 21 28 29 32 54 55 57 64 66
 20 21 28 29 32 54 55 57 64 65
 20 21 28 29 32 54 55 56 64 66
 20 21 28 29 32 54 55 56 64 65
 20 21 28 29 32 39 54 57 64
 20 21 28 29 32 39 54 56 57 64
 20 21 28 29 32 39 54 55 57 64
 20 21 28 29 32 39 54 55 56 64
 20 21 28 29 30 32 54 64 66
 20 21 28 29 30 32 54 64 65
 20 21 28 29 30 32 54 56 64 66
 20 21 28 29 30 32 54 56 64 65
 20 21 28 29 30 32 54 55 64 66
 20 21 28 29 30 32 54 55 64 65
 20 21 28 29 30 32 39 54 64
 20 21 28 29 30 32 39 54 56 64
 20 21 28 29 30 32 39 54 55 64
 20 21 28 29 30 31 54 64 66
 20 21 28 29 30 31 54 64 65
 20 21 28 29 30 31 54 57 64 66
 20 21 28 29 30 31 54 57 64 65
 20 21 28 29 30 31 54 56 64 66
 20 21 28 29 30 31 54 56 64 65
 20 21 28 29 30 31 54 56 57 64 66
 20 21 28 29 30 31 54 56 57 64 65
 20 21 28 29 30 31 54 55 64 66
 20 21 28 29 30 31 54 55 64 65
 20 21 28 29 30 31 54 55 57 64 66
 20 21 28 29 30 31 54 55 57 64 65
 20 21 28 29 30 31 54 55 56 64 66
 20 21 28 29 30 31 54 55 56 64 65
 20 21 28 29 30 31 39 54 64
 20 21 28 29 30 31 39 54 57 64
 20 21 28 29 30 31 39 54 56 64
 20 21 28 29 30 31 39 54 56 57 64
 20 21 28 29 30 31 39 54 55 64
 20 21 28 29 30 31 39 54 55 57 64
 20 21 28 29 30 31 39 54 55 56 64
 16 56 60 70
 16 56 60 68 69
 16 54 55 60 70
 16 54 55 60 68 69
 16 43 56 60
 16 43 54 55 60
 16 29 60 70
 16 29 60 68 69
 16 29 43 60
 16 28 56 60 70
 16 28 56 60 68 69
 16 28 54 55 56 60 70
 16 28 54 55 56 60 68 69
 16 28 43 56 60
 16 28 43 54 55 56 60
 16 28 35 56 60 70
 16 28 35 56 60 68 69
 16 28 35 54 55 60 70
 16 28 35 54 55 60 68 69
 16 28 35 43 56 60
 16 28 35 43 54 55 60
 16 28 29 56 60 70
 16 28 29 56 60 68 69
 16 28 29 43 56 60
 16 28 29 35 60 70
 16 28 29 35 60 68 69
 16 28 29 35 43 60
 16 26 27 56 60 70
 16 26 27 56 60 68 69
 16 26 27 54 55 56 60 70
 16 26 27 54 55 56 60 68 69
 16 26 27 43 56 60
 16 26 27 43 54 55 56 60
 16 26 27 35 56 60 70
 16 26 27 35 56 60 68 69
 16 26 27 35 54 55 60 70
 16 26 27 35 54 55 60 68 69
 16 26 27 35 43 56 60
 16 26 27 35 43 54 55 60
 16 26 27 29 56 60 70
 16 26 27 29 56 60 68 69
 16 26 27 29 43 56 60
 16 26 27 29 35 60 70
 16 26 27 29 35 60 68 69
 16 26 27 29 35 43 60
 14 60
 14 60 72
 14 60 70 71
 14 58
 14 56 60 70
 14 56 60 68 69
 14 54 55 60 70
 14 54 55 60 68 69
 14 45 60
 14 43 56 60
 14 43 54 55 60
 14 35 53 60 72
 14 35 53 60 70 71
 14 35 53 56 60 70
 14 35 53 56 60 68 69
 14 35 53 54 55 60 70
 14 35 53 54 55 60 68 69
 14 35 51 52 60 72
 14 35 51 52 60 70 71
 14 35 51 52 56 60 70
 14 35 51 52 56 60 68 69
 14 35 51 52 54 55 60 70
 14 35 51 52 54 55 60 68 69
 14 35 45 53 60
 14 35 45 51 52 60
 14 35 43 53 56 60
 14 35 43 53 54 55 60
 14 35 43 51 52 56 60
 14 35 43 51 52 54 55 60
 14 29 60 70
 14 29 60 68 69
 14 29 43 60
 14 29 35 53 60 70
 14 29 35 53 60 68 69
 14 29 35 51 52 60 70
 14 29 35 51 52 60 68 69
 14 29 35 43 53 60
 14 29 35 43 51 52 60
 14 28 56 60
 14 28 56 60 70
 14 28 56 60 68 69
 14 28 56 58 60 70
 14 28 56 58 60 68 69
 14 28 56 57 60 70
 14 28 56 57 60 68 69
 14 28 54 55 56 60 70
 14 28 54 55 56 60 68 69
 14 28 43 56 60
 14 28 43 56 58 60
 14 28 43 56 57 60
 14 28 43 54 55 56 60
 14 28 35 60
 14 28 35 58 60 70
 14 28 35 58 60 68 69
 14 28 35 56 60 70
 14 28 35 56 60 68 69
 14 28 35 56 57 60 70
 14 28 35 56 57 60 68 69
 14 28 35 54 55 60 70
 14 28 35 54 55 60 68 69
 14 28 35 43 58 60
 14 28 35 43 56 60
 14 28 35 43 56 57 60
 14 28 35 43 54 55 60
 14 28 31 56 60 70
 14 28 31 56 60 68 69
 14 28 31 43 56 60
 14 28 31 35 60 70
 14 28 31 35 60 68 69
 14 28 31 35 43 60
 14 28 29 56 60 70
 14 28 29 56 60 68 69
 14 28 29 43 56 60
 14 28 29 35 60 70
 14 28 29 35 60 68 69
 14 28 29 35 43 60
 14 26 35 60 72
 14 26 35 60 70 71
 14 26 35 56 60 70
 14 26 35 56 60 68 69
 14 26 35 54 55 60 70
 14 26 35 54 55 60 68 69
 14 26 35 45 60
 14 26 35 43 56 60
 14 26 35 43 54 55 60
 14 26 29 35 60 70
 14 26 29 35 60 68 69
 14 26 29 35 43 60
 14 26 27 56 60
 14 26 27 56 60 70
 14 26 27 56 60 68 69
 14 26 27 56 58 60 70
 14 26 27 56 58 60 68 69
 14 26 27 56 57 60 70
 14 26 27 56 57 60 68 69
 14 26 27 54 55 56 60 70
 14 26 27 54 55 56 60 68 69
 14 26 27 43 56 60
 14 26 27 43 56 58 60
 14 26 27 43 56 57 60
 14 26 27 43 54 55 56 60
 14 26 27 35 60
 14 26 27 35 58 60 70
 14 26 27 35 58 60 68 69
 14 26 27 35 56 60 70
 14 26 27 35 56 60 68 69
 14 26 27 35 56 57 60 70
 14 26 27 35 56 57 60 68 69
 14 26 27 35 54 55 60 70
 14 26 27 35 54 55 60 68 69
 14 26 27 35 43 58 60
 14 26 27 35 43 56 60
 14 26 27 35 43 56 57 60
 14 26 27 35 43 54 55 60
 14 26 27 31 56 60 70
 14 26 27 31 56 60 68 69
 14 26 27 31 43 56 60
 14 26 27 31 35 60 70
 14 26 27 31 35 60 68 69
 14 26 27 31 35 43 60
 14 26 27 29 56 60 70
 14 26 27 29 56 60 68 69
 14 26 27 29 43 56 60
 14 26 27 29 35 60 70
 14 26 27 29 35 60 68 69
 14 26 27 29 35 43 60
 5 30 54 56 64 66
 5 30 54 56 64 65
 5 30 54 56 57 64 66
 5 30 54 56 57 64 65
 5 30 54 55 64 66
 5 30 54 55 64 65
 5 30 54 55 57 64 66
 5 30 54 55 57 64 65
 5 30 39 54 56 64
 5 30 39 54 56 57 64
 5 30 39 54 55 64
 5 30 39 54 55 57 64
 5 29 30 54 64 66
 5 29 30 54 64 65
 5 29 30 54 57 64 66
 5 29 30 54 57 64 65
 5 29 30 54 55 56 64 66
 5 29 30 54 55 56 64 65
 5 29 30 39 54 64
 5 29 30 39 54 57 64
 5 29 30 39 54 55 56 64
 5 28 29 54 57 64 66
 5 28 29 54 57 64 65
 5 28 29 54 56 57 64 66
 5 28 29 54 56 57 64 65
 5 28 29 54 55 57 64 66
 5 28 29 54 55 57 64 65
 5 28 29 54 55 56 64 66
 5 28 29 54 55 56 64 65
 5 28 29 39 54 57 64
 5 28 29 39 54 56 57 64
 5 28 29 39 54 55 57 64
 5 28 29 39 54 55 56 64
 5 28 29 30 54 64 66
 5 28 29 30 54 64 65
 5 28 29 30 54 56 64 66
 5 28 29 30 54 56 64 65
 5 28 29 30 54 55 64 66
 5 28 29 30 54 55 64 65
 5 28 29 30 39 54 64
 5 28 29 30 39 54 56 64
 5 28 29 30 39 54 55 64
 5 22 30 54 56 64 66
 5 22 30 54 56 64 65
 5 22 30 54 56 57 64 66
 5 22 30 54 56 57 64 65
 5 22 30 54 55 64 66
 5 22 30 54 55 64 65
 5 22 30 54 55 57 64 66
 5 22 30 54 55 57 64 65
 5 22 30 39 54 56 64
 5 22 30 39 54 56 57 64
 5 22 30 39 54 55 64
 5 22 30 39 54 55 57 64
 5 22 29 30 54 64 66
 5 22 29 30 54 64 65
 5 22 29 30 54 57 64 66
 5 22 29 30 54 57 64 65
 5 22 29 30 54 55 56 64 66
 5 22 29 30 54 55 56 64 65
 5 22 29 30 39 54 64
 5 22 29 30 39 54 57 64
 5 22 29 30 39 54 55 56 64
 5 22 28 29 54 57 64 66
 5 22 28 29 54 57 64 65
 5 22 28 29 54 56 57 64 66
 5 22 28 29 54 56 57 64 65
 5 22 28 29 54 55 57 64 66
 5 22 28 29 54 55 57 64 65
 5 22 28 29 54 55 56 64 66
 5 22 28 29 54 55 56 64 65
 5 22 28 29 39 54 57 64
 5 22 28 29 39 54 56 57 64
 5 22 28 29 39 54 55 57 64
 5 22 28 29 39 54 55 56 64
 5 22 28 29 30 54 64 66
 5 22 28 29 30 54 64 65
 5 22 28 29 30 54 56 64 66
 5 22 28 29 30 54 56 64 65
 5 22 28 29 30 54 55 64 66
 5 22 28 29 30 54 55 64 65
 5 22 28 29 30 39 54 64
 5 22 28 29 30 39 54 56 64
 5 22 28 29 30 39 54 55 64
 5 20 21 30 54 56 64 66
 5 20 21 30 54 56 64 65
 5 20 21 30 54 56 57 64 66
 5 20 21 30 54 56 57 64 65
 5 20 21 30 54 55 64 66
 5 20 21 30 54 55 64 65
 5 20 21 30 54 55 57 64 66
 5 20 21 30 54 55 57 64 65
 5 20 21 30 39 54 56 64
 5 20 21 30 39 54 56 57 64
 5 20 21 30 39 54 55 64
 5 20 21 30 39 54 55 57 64
 5 20 21 29 30 54 64 66
 5 20 21 29 30 54 64 65
 5 20 21 29 30 54 57 64 66
 5 20 21 29 30 54 57 64 65
 5 20 21 29 30 54 55 56 64 66
 5 20 21 29 30 54 55 56 64 65
 5 20 21 29 30 39 54 64
 5 20 21 29 30 39 54 57 64
 5 20 21 29 30 39 54 55 56 64
 5 20 21 28 29 54 57 64 66
 5 20 21 28 29 54 57 64 65
 5 20 21 28 29 54 56 57 64 66
 5 20 21 28 29 54 56 57 64 65
 5 20 21 28 29 54 55 57 64 66
 5 20 21 28 29 54 55 57 64 65
 5 20 21 28 29 54 55 56 64 66
 5 20 21 28 29 54 55 56 64 65
 5 20 21 28 29 39 54 57 64
 5 20 21 28 29 39 54 56 57 64
 5 20 21 28 29 39 54 55 57 64
 5 20 21 28 29 39 54 55 56 64
 5 20 21 28 29 30 54 64 66
 5 20 21 28 29 30 54 64 65
 5 20 21 28 29 30 54 56 64 66
 5 20 21 28 29 30 54 56 64 65
 5 20 21 28 29 30 54 55 64 66
 5 20 21 28 29 30 54 55 64 65
 5 20 21 28 29 30 39 54 64
 5 20 21 28 29 30 39 54 56 64
 5 20 21 28 29 30 39 54 55 64
 3 32 54 56 57 64 66
 3 32 54 56 57 64 65
 3 32 54 55 57 64 66
 3 32 54 55 57 64 65
 3 32 39 54 56 57 64
 3 32 39 54 55 57 64
 3 30 32 54 56 64 66
 3 30 32 54 56 64 65
 3 30 32 54 55 64 66
 3 30 32 54 55 64 65
 3 30 32 39 54 56 64
 3 30 32 39 54 55 64
 3 30 31 54 56 64 66
 3 30 31 54 56 64 65
 3 30 31 54 56 57 64 66
 3 30 31 54 56 57 64 65
 3 30 31 54 55 64 66
 3 30 31 54 55 64 65
 3 30 31 54 55 57 64 66
 3 30 31 54 55 57 64 65
 3 30 31 39 54 56 64
 3 30 31 39 54 56 57 64
 3 30 31 39 54 55 64
 3 30 31 39 54 55 57 64
 3 29 32 54 57 64 66
 3 29 32 54 57 64 65
 3 29 32 54 55 56 64 66
 3 29 32 54 55 56 64 65
 3 29 32 39 54 57 64
 3 29 32 39 54 55 56 64
 3 29 30 32 54 64 66
 3 29 30 32 54 64 65
 3 29 30 32 39 54 64
 3 29 30 31 54 64 66
 3 29 30 31 54 64 65
 3 29 30 31 54 57 64 66
 3 29 30 31 54 57 64 65
 3 29 30 31 54 55 56 64 66
 3 29 30 31 54 55 56 64 65
 3 29 30 31 39 54 64
 3 29 30 31 39 54 57 64
 3 29 30 31 39 54 55 56 64
 3 22 32 54 56 57 64 66
 3 22 32 54 56 57 64 65
 3 22 32 54 55 57 64 66
 3 22 32 54 55 57 64 65
 3 22 32 39 54 56 57 64
 3 22 32 39 54 55 57 64
 3 22 30 32 54 56 64 66
 3 22 30 32 54 56 64 65
 3 22 30 32 54 55 64 66
 3 22 30 32 54 55 64 65
 3 22 30 32 39 54 56 64
 3 22 30 32 39 54 55 64
 3 22 30 31 54 56 64 66
 3 22 30 31 54 56 64 65
 3 22 30 31 54 56 57 64 66
 3 22 30 31 54 56 57 64 65
 3 22 30 31 54 55 64 66
 3 22 30 31 54 55 64 65
 3 22 30 31 54 55 57 64 66
 3 22 30 31 54 55 57 64 65
 3 22 30 31 39 54 56 64
 3 22 30 31 39 54 56 57 64
 3 22 30 31 39 54 55 64
 3 22 30 31 39 54 55 57 64
 3 22 29 32 54 57 64 66
 3 22 29 32 54 57 64 65
 3 22 29 32 54 55 56 64 66
 3 22 29 32 54 55 56 64 65
 3 22 29 32 39 54 57 64
 3 22 29 32 39 54 55 56 64
 3 22 29 30 32 54 64 66
 3 22 29 30 32 54 64 65
 3 22 29 30 32 39 54 64
 3 22 29 30 31 54 64 66
 3 22 29 30 31 54 64 65
 3 22 29 30 31 54 57 64 66
 3 22 29 30 31 54 57 64 65
 3 22 29 30 31 54 55 56 64 66
 3 22 29 30 31 54 55 56 64 65
 3 22 29 30 31 39 54 64
 3 22 29 30 31 39 54 57 64
 3 22 29 30 31 39 54 55 56 64
 3 20 21 32 54 56 57 64 66
 3 20 21 32 54 56 57 64 65
 3 20 21 32 54 55 57 64 66
 3 20 21 32 54 55 57 64 65
 3 20 21 32 39 54 56 57 64
 3 20 21 32 39 54 55 57 64
 3 20 21 30 32 54 56 64 66
 3 20 21 30 32 54 56 64 65
 3 20 21 30 32 54 55 64 66
 3 20 21 30 32 54 55 64 65
 3 20 21 30 32 39 54 56 64
 3 20 21 30 32 39 54 55 64
 3 20 21 30 31 54 56 64 66
 3 20 21 30 31 54 56 64 65
 3 20 21 30 31 54 56 57 64 66
 3 20 21 30 31 54 56 57 64 65
 3 20 21 30 31 54 55 64 66
 3 20 21 30 31 54 55 64 65
 3 20 21 30 31 54 55 57 64 66
 3 20 21 30 31 54 55 57 64 65
 3 20 21 30 31 39 54 56 64
 3 20 21 30 31 39 54 56 57 64
 3 20 21 30 31 39 54 55 64
 3 20 21 30 31 39 54 55 57 64
 3 20 21 29 32 54 57 64 66
 3 20 21 29 32 54 57 64 65
 3 20 21 29 32 54 55 56 64 66
 3 20 21 29 32 54 55 56 64 65
 3 20 21 29 32 39 54 57 64
 3 20 21 29 32 39 54 55 56 64
 3 20 21 29 30 32 54 64 66
 3 20 21 29 30 32 54 64 65
 3 20 21 29 30 32 39 54 64
 3 20 21 29 30 31 54 64 66
 3 20 21 29 30 31 54 64 65
 3 20 21 29 30 31 54 57 64 66
 3 20 21 29 30 31 54 57 64 65
 3 20 21 29 30 31 54 55 56 64 66
 3 20 21 29 30 31 54 55 56 64 65
 3 20 21 29 30 31 39 54 64
 3 20 21 29 30 31 39 54 57 64
 3 20 21 29 30 31 39 54 55 56 64
 3 5 54 56 57 64 66
 3 5 54 56 57 64 65
 3 5 54 55 57 64 66
 3 5 54 55 57 64 65
 3 5 39 54 56 57 64
 3 5 39 54 55 57 64
 3 5 30 54 56 64 66
 3 5 30 54 56 64 65
 3 5 30 54 55 64 66
 3 5 30 54 55 64 65
 3 5 30 39 54 56 64
 3 5 30 39 54 55 64
 3 5 29 54 57 64 66
 3 5 29 54 57 64 65
 3 5 29 54 55 56 64 66
 3 5 29 54 55 56 64 65
 3 5 29 39 54 57 64
 3 5 29 39 54 55 56 64
 3 5 29 30 54 64 66
 3 5 29 30 54 64 65
 3 5 29 30 39 54 64
 3 5 22 54 56 57 64 66
 3 5 22 54 56 57 64 65
 3 5 22 54 55 57 64 66
 3 5 22 54 55 57 64 65
 3 5 22 39 54 56 57 64
 3 5 22 39 54 55 57 64
 3 5 22 30 54 56 64 66
 3 5 22 30 54 56 64 65
 3 5 22 30 54 55 64 66
 3 5 22 30 54 55 64 65
 3 5 22 30 39 54 56 64
 3 5 22 30 39 54 55 64
 3 5 22 29 54 57 64 66
 3 5 22 29 54 57 64 65
 3 5 22 29 54 55 56 64 66
 3 5 22 29 54 55 56 64 65
 3 5 22 29 39 54 57 64
 3 5 22 29 39 54 55 56 64
 3 5 22 29 30 54 64 66
 3 5 22 29 30 54 64 65
 3 5 22 29 30 39 54 64
 3 5 20 21 54 56 57 64 66
 3 5 20 21 54 56 57 64 65
 3 5 20 21 54 55 57 64 66
 3 5 20 21 54 55 57 64 65
 3 5 20 21 39 54 56 57 64
 3 5 20 21 39 54 55 57 64
 3 5 20 21 30 54 56 64 66
 3 5 20 21 30 54 56 64 65
 3 5 20 21 30 54 55 64 66
 3 5 20 21 30 54 55 64 65
 3 5 20 21 30 39 54 56 64
 3 5 20 21 30 39 54 55 64
 3 5 20 21 29 54 57 64 66
 3 5 20 21 29 54 57 64 65
 3 5 20 21 29 54 55 56 64 66
 3 5 20 21 29 54 55 56 64 65
 3 5 20 21 29 39 54 57 64
 3 5 20 21 29 39 54 55 56 64
 3 5 20 21 29 30 54 64 66
 3 5 20 21 29 30 54 64 65
 3 5 20 21 29 30 39 54 64
 1 43 56 60
 1 43 56 60 70
 1 43 56 60 68 69
 1 43 54 55 56 60
 1 43 54 55 56 60 70
 1 43 54 55 56 60 68 69
 1 41 56 60
 1 41 56 60 70
 1 41 56 60 68 69
 1 41 56 58 60 70
 1 41 56 58 60 68 69
 1 41 56 57 60 70
 1 41 56 57 60 68 69
 1 41 54 55 56 60 70
 1 41 54 55 56 60 68 69
 1 41 43 56 60
 1 41 43 56 58 60
 1 41 43 56 57 60
 1 41 43 54 55 56 60
 1 41 42 56 60 70
 1 41 42 56 60 68 69
 1 41 42 54 55 56 60 70
 1 41 42 54 55 56 60 68 69
 1 41 42 43 56 60
 1 41 42 43 54 55 56 60
 1 39 40 56 60
 1 39 40 56 60 70
 1 39 40 56 60 68 69
 1 39 40 56 58 60 70
 1 39 40 56 58 60 68 69
 1 39 40 56 57 60 70
 1 39 40 56 57 60 68 69
 1 39 40 54 55 56 60 70
 1 39 40 54 55 56 60 68 69
 1 39 40 43 56 60
 1 39 40 43 56 58 60
 1 39 40 43 56 57 60
 1 39 40 43 54 55 56 60
 1 35 43 56 60
 1 35 43 56 60 70
 1 35 43 56 60 68 69
 1 35 43 54 55 60
 1 35 43 54 55 60 70
 1 35 43 54 55 60 68 69
 1 35 41 60
 1 35 41 58 60 70
 1 35 41 58 60 68 69
 1 35 41 56 60 70
 1 35 41 56 60 68 69
 1 35 41 56 57 60 70
 1 35 41 56 57 60 68 69
 1 35 41 54 55 60 70
 1 35 41 54 55 60 68 69
 1 35 41 43 58 60
 1 35 41 43 56 60
 1 35 41 43 56 57 60
 1 35 41 43 54 55 60
 1 35 41 42 56 60 70
 1 35 41 42 56 60 68 69
 1 35 41 42 54 55 60 70
 1 35 41 42 54 55 60 68 69
 1 35 41 42 43 56 60
 1 35 41 42 43 54 55 60
 1 35 39 40 60
 1 35 39 40 58 60 70
 1 35 39 40 58 60 68 69
 1 35 39 40 56 60 70
 1 35 39 40 56 60 68 69
 1 35 39 40 56 57 60 70
 1 35 39 40 56 57 60 68 69
 1 35 39 40 54 55 60 70
 1 35 39 40 54 55 60 68 69
 1 35 39 40 43 58 60
 1 35 39 40 43 56 60
 1 35 39 40 43 56 57 60
 1 35 39 40 43 54 55 60
 1 31 41 56 60 70
 1 31 41 56 60 68 69
 1 31 41 43 56 60
 1 31 39 40 56 60 70
 1 31 39 40 56 60 68 69
 1 31 39 40 43 56 60
 1 31 35 41 60 70
 1 31 35 41 60 68 69
 1 31 35 41 43 60
 1 31 35 39 40 60 70
 1 31 35 39 40 60 68 69
 1 31 35 39 40 43 60
 1 29 43 56 60
 1 29 43 56 60 70
 1 29 43 56 60 68 69
 1 29 41 56 60 70
 1 29 41 56 60 68 69
 1 29 41 43 56 60
 1 29 41 42 56 60 70
 1 29 41 42 56 60 68 69
 1 29 41 42 43 56 60
 1 29 39 40 56 60 70
 1 29 39 40 56 60 68 69
 1 29 39 40 43 56 60
 1 29 35 43 60
 1 29 35 43 60 70
 1 29 35 43 60 68 69
 1 29 35 41 60 70
 1 29 35 41 60 68 69
 1 29 35 41 43 60
 1 29 35 41 42 60 70
 1 29 35 41 42 60 68 69
 1 29 35 41 42 43 60
 1 29 35 39 40 60 70
 1 29 35 39 40 60 68 69
 1 29 35 39 40 43 60
 1 16 56 60 70
 1 16 56 60 68 69
 1 16 54 55 56 60 70
 1 16 54 55 56 60 68 69
 1 16 43 56 60
 1 16 43 54 55 56 60
 1 16 35 56 60 70
 1 16 35 56 60 68 69
 1 16 35 54 55 60 70
 1 16 35 54 55 60 68 69
 1 16 35 43 56 60
 1 16 35 43 54 55 60
 1 16 29 56 60 70
 1 16 29 56 60 68 69
 1 16 29 43 56 60
 1 16 29 35 60 70
 1 16 29 35 60 68 69
 1 16 29 35 43 60
 1 14 56 60
 1 14 56 60 70
 1 14 56 60 68 69
 1 14 56 58 60 70
 1 14 56 58 60 68 69
 1 14 56 57 60 70
 1 14 56 57 60 68 69
 1 14 54 55 56 60 70
 1 14 54 55 56 60 68 69
 1 14 43 56 60
 1 14 43 56 58 60
 1 14 43 56 57 60
 1 14 43 54 55 56 60
 1 14 35 60
 1 14 35 58 60 70
 1 14 35 58 60 68 69
 1 14 35 56 60 70
 1 14 35 56 60 68 69
 1 14 35 56 57 60 70
 1 14 35 56 57 60 68 69
 1 14 35 54 55 60 70
 1 14 35 54 55 60 68 69
 1 14 35 43 58 60
 1 14 35 43 56 60
 1 14 35 43 56 57 60
 1 14 35 43 54 55 60
 1 14 31 56 60 70
 1 14 31 56 60 68 69
 1 14 31 43 56 60
 1 14 31 35 60 70
 1 14 31 35 60 68 69
 1 14 31 35 43 60
 1 14 29 56 60 70
 1 14 29 56 60 68 69
 1 14 29 43 56 60
 1 14 29 35 60 70
 1 14 29 35 60 68 69
 1 14 29 35 43 60
