 57 58 68
 57 58 62 68
 56 57 58 62 68
 54 57 58 62 68
 54 56 68 72
 54 56 68 70 71
 54 56 57 68 72
 54 56 57 68 70 71
 54 55 57 58 62 68
 52 53 57 58 62 68
 52 53 56 68 72
 52 53 56 68 70 71
 52 53 56 57 68 72
 52 53 56 57 68 70 71
 45 54 56 68
 45 54 56 57 70
 45 54 56 57 68
 45 54 56 57 68 69
 45 54 56 57 58 70
 45 54 56 57 58 68 69
 45 52 53 56 68
 45 52 53 56 57 70
 45 52 53 56 57 68
 45 52 53 56 57 68 69
 45 52 53 56 57 58 70
 45 52 53 56 57 58 68 69
 43 45 54 56 57
 43 45 54 56 57 58
 43 45 52 53 56 57
 43 45 52 53 56 57 58
 43 44 54 56 57
 43 44 54 56 57 70
 43 44 54 56 57 68 69
 43 44 54 56 57 58
 43 44 54 56 57 58 70
 43 44 54 56 57 58 68 69
 43 44 52 53 56 57
 43 44 52 53 56 57 70
 43 44 52 53 56 57 68 69
 43 44 52 53 56 57 58
 43 44 52 53 56 57 58 70
 43 44 52 53 56 57 58 68 69
 41 57 58 62 68
 41 54 58
 41 52 53 58
 39 57 58 72
 39 57 58 70 71
 39 57 58 62 68
 39 45 57 58
 39 41 58
 39 40 58
 39 40 57 58 62 68
 39 40 54 58
 39 40 52 53 58
 37 57 58
 37 38 57 58 72
 37 38 57 58 70 71
 37 38 57 58 62 68
 37 38 45 57 58
 37 38 41 58
 37 38 39 40 58
 35 36 57 58
 31 45 54 56 57 70
 31 45 54 56 57 68 69
 31 45 52 53 56 57 70
 31 45 52 53 56 57 68 69
 31 43 45 54 56 57
 31 43 45 52 53 56 57
 31 43 44 54 56 57
 31 43 44 54 56 57 70
 31 43 44 54 56 57 68 69
 31 43 44 52 53 56 57
 31 43 44 52 53 56 57 70
 31 43 44 52 53 56 57 68 69
 29 57 58 62 68
 28 57 58 62
 28 54 57 58 62
 28 54 56 57 58 62
 28 52 53 57 58 62
 28 52 53 56 57 58 62
 28 45 54 56
 28 45 54 56 72
 28 45 54 56 70 71
 28 45 52 53 56
 28 45 52 53 56 72
 28 45 52 53 56 70 71
 28 43 44 54 56 72
 28 43 44 54 56 70 71
 28 43 44 52 53 56 72
 28 43 44 52 53 56 70 71
 28 43 44 45 54 56
 28 43 44 45 52 53 56
 28 41 58
 28 41 51
 28 39 57 58 62
 28 39 56 57 58 62
 28 39 51 57 58 62
 28 39 49 50 57 58 62
 28 39 47 57 58
 28 39 45 46 57 58
 28 39 41 57 58
 28 39 41 47 58
 28 39 41 47 57 58
 28 39 41 45 46 58
 28 39 41 45 46 57 58
 28 39 40 58
 28 39 40 57 58
 28 39 40 51
 28 39 40 47 58
 28 39 40 47 57 58
 28 39 40 45 46 58
 28 39 40 45 46 57 58
 28 37 38 57 58 62
 28 37 38 56 57 58 62
 28 37 38 51 57 58 62
 28 37 38 49 50 57 58 62
 28 37 38 47 57 58
 28 37 38 45 46 57 58
 28 37 38 41 57 58
 28 37 38 41 47 58
 28 37 38 41 47 57 58
 28 37 38 41 45 46 58
 28 37 38 41 45 46 57 58
 28 37 38 39 40 57 58
 28 37 38 39 40 47 58
 28 37 38 39 40 47 57 58
 28 37 38 39 40 45 46 58
 28 37 38 39 40 45 46 57 58
 27 57 58 62 68
 27 56 68 72
 27 56 68 70 71
 27 56 57 68 72
 27 56 57 68 70 71
 27 45 56 68
 27 45 56 57 70
 27 45 56 57 68
 27 45 56 57 68 69
 27 45 56 57 58 70
 27 45 56 57 58 68 69
 27 43 45 56 57
 27 43 45 56 57 58
 27 43 44 56 57
 27 43 44 56 57 70
 27 43 44 56 57 68 69
 27 43 44 56 57 58
 27 43 44 56 57 58 70
 27 43 44 56 57 58 68 69
 27 41 58
 27 39 40 58
 27 31 45 56 57 70
 27 31 45 56 57 68 69
 27 31 43 45 56 57
 27 31 43 44 56 57
 27 31 43 44 56 57 70
 27 31 43 44 56 57 68 69
 27 28 57 58 62
 27 28 56 57 58 62
 27 28 45 56
 27 28 45 56 72
 27 28 45 56 70 71
 27 28 43 44 56 72
 27 28 43 44 56 70 71
 27 28 43 44 45 56
 26 57 58
 26 57 58 62
 26 56 57 58 62
 26 54 57 58 62
 26 54 56 72
 26 54 56 70 71
 26 54 56 57 72
 26 54 56 57 70 71
 26 54 55 57 58 62
 26 52 53 57 58 62
 26 52 53 56 72
 26 52 53 56 70 71
 26 52 53 56 57 72
 26 52 53 56 57 70 71
 26 45 54 56
 26 45 54 56 57
 26 45 52 53 56
 26 45 52 53 56 57
 26 41 57 58 62
 26 39 57 58 62
 26 39 40 57 58 62
 26 37 38 57 58 62
 26 29 57 58 62
 26 27 57 58 62
 26 27 56 72
 26 27 56 70 71
 26 27 56 57 72
 26 27 56 57 70 71
 26 27 56 57 58 62
 26 27 54 57 58 62
 26 27 54 56 57 58 62
 26 27 52 53 57 58 62
 26 27 52 53 56 57 58 62
 26 27 45 56 72
 26 27 45 56 70 71
 26 27 45 56 57
 26 27 45 54 56
 26 27 45 54 56 72
 26 27 45 54 56 70 71
 26 27 45 52 53 56
 26 27 45 52 53 56 72
 26 27 45 52 53 56 70 71
 26 27 43 44 56 72
 26 27 43 44 56 70 71
 26 27 43 44 54 56 72
 26 27 43 44 54 56 70 71
 26 27 43 44 52 53 56 72
 26 27 43 44 52 53 56 70 71
 26 27 43 44 45 56
 26 27 43 44 45 54 56
 26 27 43 44 45 52 53 56
 26 27 41 58
 26 27 41 51
 26 27 39 57 58 62
 26 27 39 56 57 58 62
 26 27 39 51 57 58 62
 26 27 39 49 50 57 58 62
 26 27 39 47 57 58
 26 27 39 45 46 57 58
 26 27 39 41 57 58
 26 27 39 41 47 58
 26 27 39 41 47 57 58
 26 27 39 41 45 46 58
 26 27 39 41 45 46 57 58
 26 27 39 40 58
 26 27 39 40 57 58
 26 27 39 40 51
 26 27 39 40 47 58
 26 27 39 40 47 57 58
 26 27 39 40 45 46 58
 26 27 39 40 45 46 57 58
 26 27 37 38 57 58 62
 26 27 37 38 56 57 58 62
 26 27 37 38 51 57 58 62
 26 27 37 38 49 50 57 58 62
 26 27 37 38 47 57 58
 26 27 37 38 45 46 57 58
 26 27 37 38 41 57 58
 26 27 37 38 41 47 58
 26 27 37 38 41 47 57 58
 26 27 37 38 41 45 46 58
 26 27 37 38 41 45 46 57 58
 26 27 37 38 39 40 57 58
 26 27 37 38 39 40 47 58
 26 27 37 38 39 40 47 57 58
 26 27 37 38 39 40 45 46 58
 26 27 37 38 39 40 45 46 57 58
 24 28 39 57 58 62
 24 28 37 38 57 58 62
 24 26 27 39 57 58 62
 24 26 27 37 38 57 58 62
 24 25 57 58
 24 25 57 58 62
 24 25 56 57 58 62
 24 25 54 57 58 62
 24 25 54 56 72
 24 25 54 56 70 71
 24 25 54 56 57 72
 24 25 54 56 57 70 71
 24 25 54 55 57 58 62
 24 25 52 53 57 58 62
 24 25 52 53 56 72
 24 25 52 53 56 70 71
 24 25 52 53 56 57 72
 24 25 52 53 56 57 70 71
 24 25 45 54 56
 24 25 45 54 56 57
 24 25 45 52 53 56
 24 25 45 52 53 56 57
 24 25 41 57 58 62
 24 25 39 57 58 62
 24 25 39 40 57 58 62
 24 25 37 38 57 58 62
 24 25 29 57 58 62
 24 25 27 57 58 62
 24 25 27 56 72
 24 25 27 56 70 71
 24 25 27 56 57 72
 24 25 27 56 57 70 71
 24 25 27 45 56
 24 25 27 45 56 57
 20 28 39 57 58
 20 28 39 41 58
 20 28 39 41 57 58
 20 28 39 40 58
 20 28 39 40 57 58
 20 28 37 38 57 58
 20 28 37 38 41 58
 20 28 37 38 41 57 58
 20 28 37 38 39 40 58
 20 28 37 38 39 40 57 58
 20 26 27 39 57 58
 20 26 27 39 41 58
 20 26 27 39 41 57 58
 20 26 27 39 40 58
 20 26 27 39 40 57 58
 20 26 27 37 38 57 58
 20 26 27 37 38 41 58
 20 26 27 37 38 41 57 58
 20 26 27 37 38 39 40 58
 20 26 27 37 38 39 40 57 58
 18 54 56 57 70
 18 54 56 57 68 69
 18 54 56 57 58 70
 18 54 56 57 58 68 69
 18 52 53 56 57 70
 18 52 53 56 57 68 69
 18 52 53 56 57 58 70
 18 52 53 56 57 58 68 69
 18 43 54 56 57
 18 43 54 56 57 58
 18 43 52 53 56 57
 18 43 52 53 56 57 58
 18 31 54 56 57 70
 18 31 54 56 57 68 69
 18 31 52 53 56 57 70
 18 31 52 53 56 57 68 69
 18 31 43 54 56 57
 18 31 43 52 53 56 57
 18 28 54 56 72
 18 28 54 56 70 71
 18 28 52 53 56 72
 18 28 52 53 56 70 71
 18 28 45 54 56
 18 28 45 52 53 56
 18 27 56 57 70
 18 27 56 57 68 69
 18 27 56 57 58 70
 18 27 56 57 58 68 69
 18 27 43 56 57
 18 27 43 56 57 58
 18 27 31 56 57 70
 18 27 31 56 57 68 69
 18 27 31 43 56 57
 18 27 28 56 72
 18 27 28 56 70 71
 18 27 28 45 56
 18 26 27 56 72
 18 26 27 56 70 71
 18 26 27 54 56 72
 18 26 27 54 56 70 71
 18 26 27 52 53 56 72
 18 26 27 52 53 56 70 71
 18 26 27 45 56
 18 26 27 45 54 56
 18 26 27 45 52 53 56
 15 58 68
 15 58 62 68
 15 56 58 62 68
 15 54 58 62 68
 15 54 56 68 72
 15 54 56 68 70 71
 15 54 55 58 62 68
 15 52 53 58 62 68
 15 52 53 56 68 72
 15 52 53 56 68 70 71
 15 45 54 56 68
 15 45 54 56 58 70
 15 45 54 56 58 68 69
 15 45 54 56 57 70
 15 45 54 56 57 68 69
 15 45 52 53 56 68
 15 45 52 53 56 58 70
 15 45 52 53 56 58 68 69
 15 45 52 53 56 57 70
 15 45 52 53 56 57 68 69
 15 43 45 54 56 58
 15 43 45 54 56 57
 15 43 45 52 53 56 58
 15 43 45 52 53 56 57
 15 43 44 54 56 58
 15 43 44 54 56 58 70
 15 43 44 54 56 58 68 69
 15 43 44 54 56 57
 15 43 44 54 56 57 70
 15 43 44 54 56 57 68 69
 15 43 44 52 53 56 58
 15 43 44 52 53 56 58 70
 15 43 44 52 53 56 58 68 69
 15 43 44 52 53 56 57
 15 43 44 52 53 56 57 70
 15 43 44 52 53 56 57 68 69
 15 41 58 62 68
 15 39 58 72
 15 39 58 70 71
 15 39 58 62 68
 15 39 45 58
 15 39 40 58 62 68
 15 37 58
 15 37 38 58 72
 15 37 38 58 70 71
 15 37 38 58 62 68
 15 37 38 45 58
 15 35 36 58
 15 31 45 54 56 70
 15 31 45 54 56 68 69
 15 31 45 52 53 56 70
 15 31 45 52 53 56 68 69
 15 31 43 45 54 56
 15 31 43 45 52 53 56
 15 31 43 44 54 56
 15 31 43 44 54 56 70
 15 31 43 44 54 56 68 69
 15 31 43 44 52 53 56
 15 31 43 44 52 53 56 70
 15 31 43 44 52 53 56 68 69
 15 29 58 62 68
 15 28 58 62
 15 28 54 58 62
 15 28 54 56 58 62
 15 28 52 53 58 62
 15 28 52 53 56 58 62
 15 28 39 58 62
 15 28 39 56 58 62
 15 28 39 51 58 62
 15 28 39 49 50 58 62
 15 28 39 47 58
 15 28 39 45 46 58
 15 28 39 41 58
 15 28 39 41 47 58
 15 28 39 41 45 46 58
 15 28 39 40 58
 15 28 39 40 47 58
 15 28 39 40 45 46 58
 15 28 37 38 58 62
 15 28 37 38 56 58 62
 15 28 37 38 51 58 62
 15 28 37 38 49 50 58 62
 15 28 37 38 47 58
 15 28 37 38 45 46 58
 15 28 37 38 41 58
 15 28 37 38 41 47 58
 15 28 37 38 41 45 46 58
 15 28 37 38 39 40 58
 15 28 37 38 39 40 47 58
 15 28 37 38 39 40 45 46 58
 15 27 58 62 68
 15 27 56 68 72
 15 27 56 68 70 71
 15 27 45 56 68
 15 27 45 56 58 70
 15 27 45 56 58 68 69
 15 27 45 56 57 70
 15 27 45 56 57 68 69
 15 27 43 45 56 58
 15 27 43 45 56 57
 15 27 43 44 56 58
 15 27 43 44 56 58 70
 15 27 43 44 56 58 68 69
 15 27 43 44 56 57
 15 27 43 44 56 57 70
 15 27 43 44 56 57 68 69
 15 27 31 45 56 70
 15 27 31 45 56 68 69
 15 27 31 43 45 56
 15 27 31 43 44 56
 15 27 31 43 44 56 70
 15 27 31 43 44 56 68 69
 15 27 28 58 62
 15 27 28 56 58 62
 15 26 58
 15 26 58 62
 15 26 56 58 62
 15 26 54 58 62
 15 26 54 56 72
 15 26 54 56 70 71
 15 26 54 55 58 62
 15 26 52 53 58 62
 15 26 52 53 56 72
 15 26 52 53 56 70 71
 15 26 45 54 56
 15 26 45 52 53 56
 15 26 41 58 62
 15 26 39 58 62
 15 26 39 40 58 62
 15 26 37 38 58 62
 15 26 29 58 62
 15 26 27 58 62
 15 26 27 56 72
 15 26 27 56 70 71
 15 26 27 56 58 62
 15 26 27 54 58 62
 15 26 27 54 56 58 62
 15 26 27 52 53 58 62
 15 26 27 52 53 56 58 62
 15 26 27 45 56
 15 26 27 39 58 62
 15 26 27 39 56 58 62
 15 26 27 39 51 58 62
 15 26 27 39 49 50 58 62
 15 26 27 39 47 58
 15 26 27 39 45 46 58
 15 26 27 39 41 58
 15 26 27 39 41 47 58
 15 26 27 39 41 45 46 58
 15 26 27 39 40 58
 15 26 27 39 40 47 58
 15 26 27 39 40 45 46 58
 15 26 27 37 38 58 62
 15 26 27 37 38 56 58 62
 15 26 27 37 38 51 58 62
 15 26 27 37 38 49 50 58 62
 15 26 27 37 38 47 58
 15 26 27 37 38 45 46 58
 15 26 27 37 38 41 58
 15 26 27 37 38 41 47 58
 15 26 27 37 38 41 45 46 58
 15 26 27 37 38 39 40 58
 15 26 27 37 38 39 40 47 58
 15 26 27 37 38 39 40 45 46 58
 15 24 28 39 58 62
 15 24 28 37 38 58 62
 15 24 26 27 39 58 62
 15 24 26 27 37 38 58 62
 15 24 25 58
 15 24 25 58 62
 15 24 25 56 58 62
 15 24 25 54 58 62
 15 24 25 54 56 72
 15 24 25 54 56 70 71
 15 24 25 54 55 58 62
 15 24 25 52 53 58 62
 15 24 25 52 53 56 72
 15 24 25 52 53 56 70 71
 15 24 25 45 54 56
 15 24 25 45 52 53 56
 15 24 25 41 58 62
 15 24 25 39 58 62
 15 24 25 39 40 58 62
 15 24 25 37 38 58 62
 15 24 25 29 58 62
 15 24 25 27 58 62
 15 24 25 27 56 72
 15 24 25 27 56 70 71
 15 24 25 27 45 56
 15 20 28 39 58
 15 20 28 39 41 58
 15 20 28 39 40 58
 15 20 28 37 38 58
 15 20 28 37 38 41 58
 15 20 28 37 38 39 40 58
 15 20 26 27 39 58
 15 20 26 27 39 41 58
 15 20 26 27 39 40 58
 15 20 26 27 37 38 58
 15 20 26 27 37 38 41 58
 15 20 26 27 37 38 39 40 58
 15 18 54 56 58 70
 15 18 54 56 58 68 69
 15 18 54 56 57 70
 15 18 54 56 57 68 69
 15 18 52 53 56 58 70
 15 18 52 53 56 58 68 69
 15 18 52 53 56 57 70
 15 18 52 53 56 57 68 69
 15 18 43 54 56 58
 15 18 43 54 56 57
 15 18 43 52 53 56 58
 15 18 43 52 53 56 57
 15 18 31 54 56 70
 15 18 31 54 56 68 69
 15 18 31 52 53 56 70
 15 18 31 52 53 56 68 69
 15 18 31 43 54 56
 15 18 31 43 52 53 56
 15 18 27 56 58 70
 15 18 27 56 58 68 69
 15 18 27 56 57 70
 15 18 27 56 57 68 69
 15 18 27 43 56 58
 15 18 27 43 56 57
 15 18 27 31 56 70
 15 18 27 31 56 68 69
 15 18 27 31 43 56
 14 57 58 62 68
 14 54 58
 14 52 53 58
 14 39 58
 14 37 38 58
 14 28 58
 14 28 51
 14 28 39 57 58
 14 28 39 47 58
 14 28 39 47 57 58
 14 28 39 45 46 58
 14 28 39 45 46 57 58
 14 28 37 38 57 58
 14 28 37 38 47 58
 14 28 37 38 47 57 58
 14 28 37 38 45 46 58
 14 28 37 38 45 46 57 58
 14 27 58
 14 26 57 58 62
 14 26 27 58
 14 26 27 51
 14 26 27 39 57 58
 14 26 27 39 47 58
 14 26 27 39 47 57 58
 14 26 27 39 45 46 58
 14 26 27 39 45 46 57 58
 14 26 27 37 38 57 58
 14 26 27 37 38 47 58
 14 26 27 37 38 47 57 58
 14 26 27 37 38 45 46 58
 14 26 27 37 38 45 46 57 58
 14 24 25 57 58 62
 14 20 28 39 58
 14 20 28 39 57 58
 14 20 28 37 38 58
 14 20 28 37 38 57 58
 14 20 26 27 39 58
 14 20 26 27 39 57 58
 14 20 26 27 37 38 58
 14 20 26 27 37 38 57 58
 14 15 58 62 68
 14 15 28 39 58
 14 15 28 39 47 58
 14 15 28 39 45 46 58
 14 15 28 37 38 58
 14 15 28 37 38 47 58
 14 15 28 37 38 45 46 58
 14 15 26 58 62
 14 15 26 27 39 58
 14 15 26 27 39 47 58
 14 15 26 27 39 45 46 58
 14 15 26 27 37 38 58
 14 15 26 27 37 38 47 58
 14 15 26 27 37 38 45 46 58
 14 15 24 25 58 62
 14 15 20 28 39 58
 14 15 20 28 37 38 58
 14 15 20 26 27 39 58
 14 15 20 26 27 37 38 58
 13 14 58 68
 13 14 56 58 62 68
 13 14 54 58 62 68
 13 14 54 56 68 72
 13 14 54 56 68 70 71
 13 14 54 55 58 62 68
 13 14 52 53 58 62 68
 13 14 52 53 56 68 72
 13 14 52 53 56 68 70 71
 13 14 45 54 56 68
 13 14 45 54 56 58 70
 13 14 45 54 56 58 68 69
 13 14 45 54 56 57 70
 13 14 45 54 56 57 68 69
 13 14 45 52 53 56 68
 13 14 45 52 53 56 58 70
 13 14 45 52 53 56 58 68 69
 13 14 45 52 53 56 57 70
 13 14 45 52 53 56 57 68 69
 13 14 43 45 54 56 58
 13 14 43 45 54 56 57
 13 14 43 45 52 53 56 58
 13 14 43 45 52 53 56 57
 13 14 43 44 54 56 58
 13 14 43 44 54 56 58 70
 13 14 43 44 54 56 58 68 69
 13 14 43 44 54 56 57
 13 14 43 44 54 56 57 70
 13 14 43 44 54 56 57 68 69
 13 14 43 44 52 53 56 58
 13 14 43 44 52 53 56 58 70
 13 14 43 44 52 53 56 58 68 69
 13 14 43 44 52 53 56 57
 13 14 43 44 52 53 56 57 70
 13 14 43 44 52 53 56 57 68 69
 13 14 41 58 62 68
 13 14 39 58 72
 13 14 39 58 70 71
 13 14 39 58 62 68
 13 14 39 45 58
 13 14 39 40 58 62 68
 13 14 37 58
 13 14 37 38 58 72
 13 14 37 38 58 70 71
 13 14 37 38 58 62 68
 13 14 37 38 45 58
 13 14 35 36 58
 13 14 31 45 54 56 70
 13 14 31 45 54 56 68 69
 13 14 31 45 52 53 56 70
 13 14 31 45 52 53 56 68 69
 13 14 31 43 45 54 56
 13 14 31 43 45 52 53 56
 13 14 31 43 44 54 56
 13 14 31 43 44 54 56 70
 13 14 31 43 44 54 56 68 69
 13 14 31 43 44 52 53 56
 13 14 31 43 44 52 53 56 70
 13 14 31 43 44 52 53 56 68 69
 13 14 29 58 62 68
 13 14 28 58 62
 13 14 28 54 58 62
 13 14 28 54 56 58 62
 13 14 28 52 53 58 62
 13 14 28 52 53 56 58 62
 13 14 28 39 58
 13 14 28 39 58 62
 13 14 28 39 56 58 62
 13 14 28 39 51 58 62
 13 14 28 39 49 50 58 62
 13 14 28 39 41 58
 13 14 28 39 41 47 58
 13 14 28 39 41 45 46 58
 13 14 28 39 40 58
 13 14 28 39 40 47 58
 13 14 28 39 40 45 46 58
 13 14 28 37 38 58
 13 14 28 37 38 58 62
 13 14 28 37 38 56 58 62
 13 14 28 37 38 51 58 62
 13 14 28 37 38 49 50 58 62
 13 14 28 37 38 41 58
 13 14 28 37 38 41 47 58
 13 14 28 37 38 41 45 46 58
 13 14 28 37 38 39 40 58
 13 14 28 37 38 39 40 47 58
 13 14 28 37 38 39 40 45 46 58
 13 14 27 58 62 68
 13 14 27 56 68 72
 13 14 27 56 68 70 71
 13 14 27 45 56 68
 13 14 27 45 56 58 70
 13 14 27 45 56 58 68 69
 13 14 27 45 56 57 70
 13 14 27 45 56 57 68 69
 13 14 27 43 45 56 58
 13 14 27 43 45 56 57
 13 14 27 43 44 56 58
 13 14 27 43 44 56 58 70
 13 14 27 43 44 56 58 68 69
 13 14 27 43 44 56 57
 13 14 27 43 44 56 57 70
 13 14 27 43 44 56 57 68 69
 13 14 27 31 45 56 70
 13 14 27 31 45 56 68 69
 13 14 27 31 43 45 56
 13 14 27 31 43 44 56
 13 14 27 31 43 44 56 70
 13 14 27 31 43 44 56 68 69
 13 14 27 28 58 62
 13 14 27 28 56 58 62
 13 14 26 58
 13 14 26 56 58 62
 13 14 26 54 58 62
 13 14 26 54 56 72
 13 14 26 54 56 70 71
 13 14 26 54 55 58 62
 13 14 26 52 53 58 62
 13 14 26 52 53 56 72
 13 14 26 52 53 56 70 71
 13 14 26 45 54 56
 13 14 26 45 52 53 56
 13 14 26 41 58 62
 13 14 26 39 58 62
 13 14 26 39 40 58 62
 13 14 26 37 38 58 62
 13 14 26 29 58 62
 13 14 26 27 58 62
 13 14 26 27 56 72
 13 14 26 27 56 70 71
 13 14 26 27 56 58 62
 13 14 26 27 54 58 62
 13 14 26 27 54 56 58 62
 13 14 26 27 52 53 58 62
 13 14 26 27 52 53 56 58 62
 13 14 26 27 45 56
 13 14 26 27 39 58
 13 14 26 27 39 58 62
 13 14 26 27 39 56 58 62
 13 14 26 27 39 51 58 62
 13 14 26 27 39 49 50 58 62
 13 14 26 27 39 41 58
 13 14 26 27 39 41 47 58
 13 14 26 27 39 41 45 46 58
 13 14 26 27 39 40 58
 13 14 26 27 39 40 47 58
 13 14 26 27 39 40 45 46 58
 13 14 26 27 37 38 58
 13 14 26 27 37 38 58 62
 13 14 26 27 37 38 56 58 62
 13 14 26 27 37 38 51 58 62
 13 14 26 27 37 38 49 50 58 62
 13 14 26 27 37 38 41 58
 13 14 26 27 37 38 41 47 58
 13 14 26 27 37 38 41 45 46 58
 13 14 26 27 37 38 39 40 58
 13 14 26 27 37 38 39 40 47 58
 13 14 26 27 37 38 39 40 45 46 58
 13 14 24 28 39 58 62
 13 14 24 28 37 38 58 62
 13 14 24 26 27 39 58 62
 13 14 24 26 27 37 38 58 62
 13 14 24 25 58
 13 14 24 25 56 58 62
 13 14 24 25 54 58 62
 13 14 24 25 54 56 72
 13 14 24 25 54 56 70 71
 13 14 24 25 54 55 58 62
 13 14 24 25 52 53 58 62
 13 14 24 25 52 53 56 72
 13 14 24 25 52 53 56 70 71
 13 14 24 25 45 54 56
 13 14 24 25 45 52 53 56
 13 14 24 25 41 58 62
 13 14 24 25 39 58 62
 13 14 24 25 39 40 58 62
 13 14 24 25 37 38 58 62
 13 14 24 25 29 58 62
 13 14 24 25 27 58 62
 13 14 24 25 27 56 72
 13 14 24 25 27 56 70 71
 13 14 24 25 27 45 56
 13 14 20 28 39 41 58
 13 14 20 28 39 40 58
 13 14 20 28 37 38 41 58
 13 14 20 28 37 38 39 40 58
 13 14 20 26 27 39 41 58
 13 14 20 26 27 39 40 58
 13 14 20 26 27 37 38 41 58
 13 14 20 26 27 37 38 39 40 58
 13 14 18 54 56 58 70
 13 14 18 54 56 58 68 69
 13 14 18 54 56 57 70
 13 14 18 54 56 57 68 69
 13 14 18 52 53 56 58 70
 13 14 18 52 53 56 58 68 69
 13 14 18 52 53 56 57 70
 13 14 18 52 53 56 57 68 69
 13 14 18 43 54 56 58
 13 14 18 43 54 56 57
 13 14 18 43 52 53 56 58
 13 14 18 43 52 53 56 57
 13 14 18 31 54 56 70
 13 14 18 31 54 56 68 69
 13 14 18 31 52 53 56 70
 13 14 18 31 52 53 56 68 69
 13 14 18 31 43 54 56
 13 14 18 31 43 52 53 56
 13 14 18 27 56 58 70
 13 14 18 27 56 58 68 69
 13 14 18 27 56 57 70
 13 14 18 27 56 57 68 69
 13 14 18 27 43 56 58
 13 14 18 27 43 56 57
 13 14 18 27 31 56 70
 13 14 18 27 31 56 68 69
 13 14 18 27 31 43 56
 12 57 58 72
 12 57 58 70 71
 12 57 58 62 68
 12 45 57 58
 12 41 58
 12 39 40 58
 12 28 57 58 62
 12 28 56 57 58 62
 12 28 51 57 58 62
 12 28 49 50 57 58 62
 12 28 47 57 58
 12 28 45 46 57 58
 12 28 41 57 58
 12 28 41 47 58
 12 28 41 47 57 58
 12 28 41 45 46 58
 12 28 41 45 46 57 58
 12 28 39 40 57 58
 12 28 39 40 47 58
 12 28 39 40 47 57 58
 12 28 39 40 45 46 58
 12 28 39 40 45 46 57 58
 12 26 57 58 62
 12 26 27 57 58 62
 12 26 27 56 57 58 62
 12 26 27 51 57 58 62
 12 26 27 49 50 57 58 62
 12 26 27 47 57 58
 12 26 27 45 46 57 58
 12 26 27 41 57 58
 12 26 27 41 47 58
 12 26 27 41 47 57 58
 12 26 27 41 45 46 58
 12 26 27 41 45 46 57 58
 12 26 27 39 40 57 58
 12 26 27 39 40 47 58
 12 26 27 39 40 47 57 58
 12 26 27 39 40 45 46 58
 12 26 27 39 40 45 46 57 58
 12 24 28 57 58 62
 12 24 26 27 57 58 62
 12 24 25 57 58 62
 12 20 28 57 58
 12 20 28 41 58
 12 20 28 41 57 58
 12 20 28 39 40 58
 12 20 28 39 40 57 58
 12 20 26 27 57 58
 12 20 26 27 41 58
 12 20 26 27 41 57 58
 12 20 26 27 39 40 58
 12 20 26 27 39 40 57 58
 12 15 58 72
 12 15 58 70 71
 12 15 58 62 68
 12 15 45 58
 12 15 28 58 62
 12 15 28 56 58 62
 12 15 28 51 58 62
 12 15 28 49 50 58 62
 12 15 28 47 58
 12 15 28 45 46 58
 12 15 28 41 58
 12 15 28 41 47 58
 12 15 28 41 45 46 58
 12 15 28 39 40 58
 12 15 28 39 40 47 58
 12 15 28 39 40 45 46 58
 12 15 26 58 62
 12 15 26 27 58 62
 12 15 26 27 56 58 62
 12 15 26 27 51 58 62
 12 15 26 27 49 50 58 62
 12 15 26 27 47 58
 12 15 26 27 45 46 58
 12 15 26 27 41 58
 12 15 26 27 41 47 58
 12 15 26 27 41 45 46 58
 12 15 26 27 39 40 58
 12 15 26 27 39 40 47 58
 12 15 26 27 39 40 45 46 58
 12 15 24 28 58 62
 12 15 24 26 27 58 62
 12 15 24 25 58 62
 12 15 20 28 58
 12 15 20 28 41 58
 12 15 20 28 39 40 58
 12 15 20 26 27 58
 12 15 20 26 27 41 58
 12 15 20 26 27 39 40 58
 12 14 58
 12 14 28 57 58
 12 14 28 47 58
 12 14 28 47 57 58
 12 14 28 45 46 58
 12 14 28 45 46 57 58
 12 14 26 27 57 58
 12 14 26 27 47 58
 12 14 26 27 47 57 58
 12 14 26 27 45 46 58
 12 14 26 27 45 46 57 58
 12 14 20 28 58
 12 14 20 28 57 58
 12 14 20 26 27 58
 12 14 20 26 27 57 58
 12 14 15 28 58
 12 14 15 28 47 58
 12 14 15 28 45 46 58
 12 14 15 26 27 58
 12 14 15 26 27 47 58
 12 14 15 26 27 45 46 58
 12 14 15 20 28 58
 12 14 15 20 26 27 58
 12 13 14 58 72
 12 13 14 58 70 71
 12 13 14 58 62 68
 12 13 14 45 58
 12 13 14 28 58
 12 13 14 28 58 62
 12 13 14 28 56 58 62
 12 13 14 28 51 58 62
 12 13 14 28 49 50 58 62
 12 13 14 28 41 58
 12 13 14 28 41 47 58
 12 13 14 28 41 45 46 58
 12 13 14 28 39 40 58
 12 13 14 28 39 40 47 58
 12 13 14 28 39 40 45 46 58
 12 13 14 26 58 62
 12 13 14 26 27 58
 12 13 14 26 27 58 62
 12 13 14 26 27 56 58 62
 12 13 14 26 27 51 58 62
 12 13 14 26 27 49 50 58 62
 12 13 14 26 27 41 58
 12 13 14 26 27 41 47 58
 12 13 14 26 27 41 45 46 58
 12 13 14 26 27 39 40 58
 12 13 14 26 27 39 40 47 58
 12 13 14 26 27 39 40 45 46 58
 12 13 14 24 28 58 62
 12 13 14 24 26 27 58 62
 12 13 14 24 25 58 62
 12 13 14 20 28 41 58
 12 13 14 20 28 39 40 58
 12 13 14 20 26 27 41 58
 12 13 14 20 26 27 39 40 58
 10 57 58
 10 15 58
 10 13 14 58
 9 28 41
 9 28 39 40
 9 26 27 41
 9 26 27 39 40
 9 14 28
 9 14 26 27
 7 8 28 41
 7 8 28 39 40
 7 8 26 27 41
 7 8 26 27 39 40
 7 8 14 28
 7 8 14 26 27
 1 57 58 62
 1 54 57 58 62
 1 54 56 57 58 62
 1 52 53 57 58 62
 1 52 53 56 57 58 62
 1 45 54 56
 1 45 54 56 72
 1 45 54 56 70 71
 1 45 52 53 56
 1 45 52 53 56 72
 1 45 52 53 56 70 71
 1 43 44 54 56 72
 1 43 44 54 56 70 71
 1 43 44 52 53 56 72
 1 43 44 52 53 56 70 71
 1 43 44 45 54 56
 1 43 44 45 52 53 56
 1 41 58
 1 41 51
 1 39 57 58 62
 1 39 56 57 58 62
 1 39 51 57 58 62
 1 39 49 50 57 58 62
 1 39 47 57 58
 1 39 45 46 57 58
 1 39 41 57 58
 1 39 41 47 58
 1 39 41 47 57 58
 1 39 41 45 46 58
 1 39 41 45 46 57 58
 1 39 40 58
 1 39 40 57 58
 1 39 40 51
 1 39 40 47 58
 1 39 40 47 57 58
 1 39 40 45 46 58
 1 39 40 45 46 57 58
 1 37 38 57 58 62
 1 37 38 56 57 58 62
 1 37 38 51 57 58 62
 1 37 38 49 50 57 58 62
 1 37 38 47 57 58
 1 37 38 45 46 57 58
 1 37 38 41 57 58
 1 37 38 41 47 58
 1 37 38 41 47 57 58
 1 37 38 41 45 46 58
 1 37 38 41 45 46 57 58
 1 37 38 39 40 57 58
 1 37 38 39 40 47 58
 1 37 38 39 40 47 57 58
 1 37 38 39 40 45 46 58
 1 37 38 39 40 45 46 57 58
 1 27 57 58 62
 1 27 56 57 58 62
 1 27 45 56
 1 27 45 56 72
 1 27 45 56 70 71
 1 27 43 44 56 72
 1 27 43 44 56 70 71
 1 27 43 44 45 56
 1 24 39 57 58 62
 1 24 37 38 57 58 62
 1 20 39 57 58
 1 20 39 41 58
 1 20 39 41 57 58
 1 20 39 40 58
 1 20 39 40 57 58
 1 20 37 38 57 58
 1 20 37 38 41 58
 1 20 37 38 41 57 58
 1 20 37 38 39 40 58
 1 20 37 38 39 40 57 58
 1 18 54 56 72
 1 18 54 56 70 71
 1 18 52 53 56 72
 1 18 52 53 56 70 71
 1 18 45 54 56
 1 18 45 52 53 56
 1 18 27 56 72
 1 18 27 56 70 71
 1 18 27 45 56
 1 15 58 62
 1 15 54 58 62
 1 15 54 56 58 62
 1 15 52 53 58 62
 1 15 52 53 56 58 62
 1 15 39 58 62
 1 15 39 56 58 62
 1 15 39 51 58 62
 1 15 39 49 50 58 62
 1 15 39 47 58
 1 15 39 45 46 58
 1 15 39 41 58
 1 15 39 41 47 58
 1 15 39 41 45 46 58
 1 15 39 40 58
 1 15 39 40 47 58
 1 15 39 40 45 46 58
 1 15 37 38 58 62
 1 15 37 38 56 58 62
 1 15 37 38 51 58 62
 1 15 37 38 49 50 58 62
 1 15 37 38 47 58
 1 15 37 38 45 46 58
 1 15 37 38 41 58
 1 15 37 38 41 47 58
 1 15 37 38 41 45 46 58
 1 15 37 38 39 40 58
 1 15 37 38 39 40 47 58
 1 15 37 38 39 40 45 46 58
 1 15 27 58 62
 1 15 27 56 58 62
 1 15 24 39 58 62
 1 15 24 37 38 58 62
 1 15 20 39 58
 1 15 20 39 41 58
 1 15 20 39 40 58
 1 15 20 37 38 58
 1 15 20 37 38 41 58
 1 15 20 37 38 39 40 58
 1 14 58
 1 14 51
 1 14 39 57 58
 1 14 39 47 58
 1 14 39 47 57 58
 1 14 39 45 46 58
 1 14 39 45 46 57 58
 1 14 37 38 57 58
 1 14 37 38 47 58
 1 14 37 38 47 57 58
 1 14 37 38 45 46 58
 1 14 37 38 45 46 57 58
 1 14 20 39 58
 1 14 20 39 57 58
 1 14 20 37 38 58
 1 14 20 37 38 57 58
 1 14 15 39 58
 1 14 15 39 47 58
 1 14 15 39 45 46 58
 1 14 15 37 38 58
 1 14 15 37 38 47 58
 1 14 15 37 38 45 46 58
 1 14 15 20 39 58
 1 14 15 20 37 38 58
 1 13 14 58 62
 1 13 14 54 58 62
 1 13 14 54 56 58 62
 1 13 14 52 53 58 62
 1 13 14 52 53 56 58 62
 1 13 14 39 58
 1 13 14 39 58 62
 1 13 14 39 56 58 62
 1 13 14 39 51 58 62
 1 13 14 39 49 50 58 62
 1 13 14 39 41 58
 1 13 14 39 41 47 58
 1 13 14 39 41 45 46 58
 1 13 14 39 40 58
 1 13 14 39 40 47 58
 1 13 14 39 40 45 46 58
 1 13 14 37 38 58
 1 13 14 37 38 58 62
 1 13 14 37 38 56 58 62
 1 13 14 37 38 51 58 62
 1 13 14 37 38 49 50 58 62
 1 13 14 37 38 41 58
 1 13 14 37 38 41 47 58
 1 13 14 37 38 41 45 46 58
 1 13 14 37 38 39 40 58
 1 13 14 37 38 39 40 47 58
 1 13 14 37 38 39 40 45 46 58
 1 13 14 27 58 62
 1 13 14 27 56 58 62
 1 13 14 24 39 58 62
 1 13 14 24 37 38 58 62
 1 13 14 20 39 41 58
 1 13 14 20 39 40 58
 1 13 14 20 37 38 41 58
 1 13 14 20 37 38 39 40 58
 1 12 57 58 62
 1 12 56 57 58 62
 1 12 51 57 58 62
 1 12 49 50 57 58 62
 1 12 47 57 58
 1 12 45 46 57 58
 1 12 41 57 58
 1 12 41 47 58
 1 12 41 47 57 58
 1 12 41 45 46 58
 1 12 41 45 46 57 58
 1 12 39 40 57 58
 1 12 39 40 47 58
 1 12 39 40 47 57 58
 1 12 39 40 45 46 58
 1 12 39 40 45 46 57 58
 1 12 24 57 58 62
 1 12 20 57 58
 1 12 20 41 58
 1 12 20 41 57 58
 1 12 20 39 40 58
 1 12 20 39 40 57 58
 1 12 15 58 62
 1 12 15 56 58 62
 1 12 15 51 58 62
 1 12 15 49 50 58 62
 1 12 15 47 58
 1 12 15 45 46 58
 1 12 15 41 58
 1 12 15 41 47 58
 1 12 15 41 45 46 58
 1 12 15 39 40 58
 1 12 15 39 40 47 58
 1 12 15 39 40 45 46 58
 1 12 15 24 58 62
 1 12 15 20 58
 1 12 15 20 41 58
 1 12 15 20 39 40 58
 1 12 14 57 58
 1 12 14 47 58
 1 12 14 47 57 58
 1 12 14 45 46 58
 1 12 14 45 46 57 58
 1 12 14 20 58
 1 12 14 20 57 58
 1 12 14 15 58
 1 12 14 15 47 58
 1 12 14 15 45 46 58
 1 12 14 15 20 58
 1 12 13 14 58
 1 12 13 14 58 62
 1 12 13 14 56 58 62
 1 12 13 14 51 58 62
 1 12 13 14 49 50 58 62
 1 12 13 14 41 58
 1 12 13 14 41 47 58
 1 12 13 14 41 45 46 58
 1 12 13 14 39 40 58
 1 12 13 14 39 40 47 58
 1 12 13 14 39 40 45 46 58
 1 12 13 14 24 58 62
 1 12 13 14 20 41 58
 1 12 13 14 20 39 40 58
 1 9 41
 1 9 39 40
 1 9 14
 1 7 8 41
 1 7 8 39 40
 1 7 8 14
