 41 45 54 56 62 70
 41 45 54 56 62 68 69
 41 45 52 53 56 62 70
 41 45 52 53 56 62 68 69
 41 43 45 54 56 62
 41 43 45 52 53 56 62
 41 43 44 54 56 62
 41 43 44 54 56 62 70
 41 43 44 54 56 62 68 69
 41 43 44 52 53 56 62
 41 43 44 52 53 56 62 70
 41 43 44 52 53 56 62 68 69
 39 40 45 54 56 62 70
 39 40 45 54 56 62 68 69
 39 40 45 52 53 56 62 70
 39 40 45 52 53 56 62 68 69
 39 40 43 45 54 56 62
 39 40 43 45 52 53 56 62
 39 40 43 44 54 56 62
 39 40 43 44 54 56 62 70
 39 40 43 44 54 56 62 68 69
 39 40 43 44 52 53 56 62
 39 40 43 44 52 53 56 62 70
 39 40 43 44 52 53 56 62 68 69
 27 41 45 56 62 70
 27 41 45 56 62 68 69
 27 41 43 45 56 62
 27 41 43 44 56 62
 27 41 43 44 56 62 70
 27 41 43 44 56 62 68 69
 27 39 40 45 56 62 70
 27 39 40 45 56 62 68 69
 27 39 40 43 45 56 62
 27 39 40 43 44 56 62
 27 39 40 43 44 56 62 70
 27 39 40 43 44 56 62 68 69
 18 41 54 56 62 70
 18 41 54 56 62 68 69
 18 41 52 53 56 62 70
 18 41 52 53 56 62 68 69
 18 41 43 54 56 62
 18 41 43 52 53 56 62
 18 39 40 54 56 62 70
 18 39 40 54 56 62 68 69
 18 39 40 52 53 56 62 70
 18 39 40 52 53 56 62 68 69
 18 39 40 43 54 56 62
 18 39 40 43 52 53 56 62
 18 27 41 56 62 70
 18 27 41 56 62 68 69
 18 27 41 43 56 62
 18 27 39 40 56 62 70
 18 27 39 40 56 62 68 69
 18 27 39 40 43 56 62
 14 45 54 56 62 70
 14 45 54 56 62 68 69
 14 45 52 53 56 62 70
 14 45 52 53 56 62 68 69
 14 43 45 54 56 62
 14 43 45 52 53 56 62
 14 43 44 54 56 62
 14 43 44 54 56 62 70
 14 43 44 54 56 62 68 69
 14 43 44 52 53 56 62
 14 43 44 52 53 56 62 70
 14 43 44 52 53 56 62 68 69
 14 27 45 56 62 70
 14 27 45 56 62 68 69
 14 27 43 45 56 62
 14 27 43 44 56 62
 14 27 43 44 56 62 70
 14 27 43 44 56 62 68 69
 14 18 54 56 62 70
 14 18 54 56 62 68 69
 14 18 52 53 56 62 70
 14 18 52 53 56 62 68 69
 14 18 43 54 56 62
 14 18 43 52 53 56 62
 14 18 27 56 62 70
 14 18 27 56 62 68 69
 14 18 27 43 56 62
