 47 57 58 72
 47 57 58 70 71
 47 56 57 58 70
 47 56 57 58 68 69
 47 54 55 57 58 70
 47 54 55 57 58 68 69
 45 60 70
 45 60 68 69
 45 47 57 58
 45 46 57 58
 45 46 57 58 72
 45 46 57 58 70 71
 45 46 56 57 58 70
 45 46 56 57 58 68 69
 45 46 54 55 57 58 70
 45 46 54 55 57 58 68 69
 43 47 56 60
 43 47 56 60 72
 43 47 56 60 70
 43 47 56 60 70 71
 43 47 56 60 68 69
 43 47 56 57 58
 43 47 54 55 57 58
 43 47 54 55 56 60
 43 47 54 55 56 60 70
 43 47 54 55 56 60 68 69
 43 45 60
 43 45 58
 43 45 58 70
 43 45 58 68 69
 43 45 47 56 60
 43 45 46 56 60 72
 43 45 46 56 60 70
 43 45 46 56 60 70 71
 43 45 46 56 60 68 69
 43 45 46 56 57 58
 43 45 46 54 55 57 58
 43 45 46 54 55 56 60
 43 45 46 54 55 56 60 70
 43 45 46 54 55 56 60 68 69
 43 44 60
 43 44 60 70
 43 44 60 68 69
 43 44 58
 43 44 58 70
 43 44 58 68 69
 41 60
 41 47 56 60 72
 41 47 56 60 70
 41 47 56 60 70 71
 41 47 56 60 68 69
 41 47 56 60 66 72
 41 47 56 60 66 70
 41 47 56 60 66 70 71
 41 47 56 60 66 68 69
 41 47 56 60 64 65 72
 41 47 56 60 64 65 70
 41 47 56 60 64 65 70 71
 41 47 56 60 64 65 68 69
 41 47 54 55 56 60 70
 41 47 54 55 56 60 68 69
 41 47 54 55 56 60 66 70
 41 47 54 55 56 60 66 68 69
 41 47 54 55 56 60 64 65 70
 41 47 54 55 56 60 64 65 68 69
 41 45 60 64
 41 45 60 62 63
 41 45 58
 41 45 47 56 60
 41 45 47 56 60 66
 41 45 47 56 60 64 65
 41 45 46 56 60
 41 45 46 56 60 72
 41 45 46 56 60 70
 41 45 46 56 60 70 71
 41 45 46 56 60 68 69
 41 45 46 56 60 66
 41 45 46 56 60 66 72
 41 45 46 56 60 66 70
 41 45 46 56 60 66 70 71
 41 45 46 56 60 66 68 69
 41 45 46 56 60 64 65
 41 45 46 56 60 64 65 72
 41 45 46 56 60 64 65 70
 41 45 46 56 60 64 65 70 71
 41 45 46 56 60 64 65 68 69
 41 45 46 54 55 56 60 70
 41 45 46 54 55 56 60 68 69
 41 45 46 54 55 56 60 66 70
 41 45 46 54 55 56 60 66 68 69
 41 45 46 54 55 56 60 64 65 70
 41 45 46 54 55 56 60 64 65 68 69
 41 43 47 56 60
 41 43 47 56 60 66
 41 43 47 56 60 64 65
 41 43 47 54 55 56 60
 41 43 47 54 55 56 60 66
 41 43 47 54 55 56 60 64 65
 41 43 45 46 56 60
 41 43 45 46 56 60 66
 41 43 45 46 56 60 64 65
 41 43 45 46 54 55 56 60
 41 43 45 46 54 55 56 60 66
 41 43 45 46 54 55 56 60 64 65
 41 43 44 60 64
 41 43 44 60 62 63
 41 43 44 58
 41 42 47 56 60 72
 41 42 47 56 60 70
 41 42 47 56 60 70 71
 41 42 47 56 60 68 69
 41 42 47 54 55 56 60 70
 41 42 47 54 55 56 60 68 69
 41 42 45 58 70
 41 42 45 58 68 69
 41 42 45 47 56 60
 41 42 45 46 56 60
 41 42 45 46 56 60 72
 41 42 45 46 56 60 70
 41 42 45 46 56 60 70 71
 41 42 45 46 56 60 68 69
 41 42 45 46 54 55 56 60 70
 41 42 45 46 54 55 56 60 68 69
 41 42 43 47 56 60
 41 42 43 47 54 55 56 60
 41 42 43 45 58
 41 42 43 45 46 56 60
 41 42 43 45 46 54 55 56 60
 41 42 43 44 58
 41 42 43 44 58 70
 41 42 43 44 58 68 69
 39 41 47 56 60 72
 39 41 47 56 60 70
 39 41 47 56 60 70 71
 39 41 47 56 60 68 69
 39 41 47 54 55 56 60 70
 39 41 47 54 55 56 60 68 69
 39 41 45 47 56 60
 39 41 45 46 56 60
 39 41 45 46 56 60 72
 39 41 45 46 56 60 70
 39 41 45 46 56 60 70 71
 39 41 45 46 56 60 68 69
 39 41 45 46 54 55 56 60 70
 39 41 45 46 54 55 56 60 68 69
 39 41 43 47 56 60
 39 41 43 47 54 55 56 60
 39 41 43 45 46 56 60
 39 41 43 45 46 54 55 56 60
 39 40 60
 39 40 47 56 60 66 72
 39 40 47 56 60 66 70
 39 40 47 56 60 66 70 71
 39 40 47 56 60 66 68 69
 39 40 47 56 60 64 65 72
 39 40 47 56 60 64 65 70
 39 40 47 56 60 64 65 70 71
 39 40 47 56 60 64 65 68 69
 39 40 47 54 55 56 60 66 70
 39 40 47 54 55 56 60 66 68 69
 39 40 47 54 55 56 60 64 65 70
 39 40 47 54 55 56 60 64 65 68 69
 39 40 45 60 64
 39 40 45 60 62 63
 39 40 45 58
 39 40 45 47 56 60 66
 39 40 45 47 56 60 64 65
 39 40 45 46 56 60 66
 39 40 45 46 56 60 66 72
 39 40 45 46 56 60 66 70
 39 40 45 46 56 60 66 70 71
 39 40 45 46 56 60 66 68 69
 39 40 45 46 56 60 64 65
 39 40 45 46 56 60 64 65 72
 39 40 45 46 56 60 64 65 70
 39 40 45 46 56 60 64 65 70 71
 39 40 45 46 56 60 64 65 68 69
 39 40 45 46 54 55 56 60 66 70
 39 40 45 46 54 55 56 60 66 68 69
 39 40 45 46 54 55 56 60 64 65 70
 39 40 45 46 54 55 56 60 64 65 68 69
 39 40 43 47 56 60 66
 39 40 43 47 56 60 64 65
 39 40 43 47 54 55 56 60 66
 39 40 43 47 54 55 56 60 64 65
 39 40 43 45 46 56 60 66
 39 40 43 45 46 56 60 64 65
 39 40 43 45 46 54 55 56 60 66
 39 40 43 45 46 54 55 56 60 64 65
 39 40 43 44 60 64
 39 40 43 44 60 62 63
 39 40 43 44 58
 37 43 47 56 58
 37 43 47 56 58 72
 37 43 47 56 58 70
 37 43 47 56 58 70 71
 37 43 47 56 58 68 69
 37 43 47 54 55 56 58
 37 43 47 54 55 56 58 70
 37 43 47 54 55 56 58 68 69
 37 43 45 47 56 58
 37 43 45 46 56 58 72
 37 43 45 46 56 58 70
 37 43 45 46 56 58 70 71
 37 43 45 46 56 58 68 69
 37 43 45 46 54 55 56 58
 37 43 45 46 54 55 56 58 70
 37 43 45 46 54 55 56 58 68 69
 37 41 47 56 58 72
 37 41 47 56 58 70
 37 41 47 56 58 70 71
 37 41 47 56 58 68 69
 37 41 47 54 55 56 58 70
 37 41 47 54 55 56 58 68 69
 37 41 45 60
 37 41 45 47 56 58
 37 41 45 46 56 58
 37 41 45 46 56 58 72
 37 41 45 46 56 58 70
 37 41 45 46 56 58 70 71
 37 41 45 46 56 58 68 69
 37 41 45 46 54 55 56 58 70
 37 41 45 46 54 55 56 58 68 69
 37 41 43 47 56 58
 37 41 43 47 54 55 56 58
 37 41 43 45 46 56 58
 37 41 43 45 46 54 55 56 58
 37 41 43 44 60
 37 41 42 47 56 58 72
 37 41 42 47 56 58 70
 37 41 42 47 56 58 70 71
 37 41 42 47 56 58 68 69
 37 41 42 47 54 55 56 58 70
 37 41 42 47 54 55 56 58 68 69
 37 41 42 45 47 56 58
 37 41 42 45 46 56 58
 37 41 42 45 46 56 58 72
 37 41 42 45 46 56 58 70
 37 41 42 45 46 56 58 70 71
 37 41 42 45 46 56 58 68 69
 37 41 42 45 46 54 55 56 58 70
 37 41 42 45 46 54 55 56 58 68 69
 37 41 42 43 47 56 58
 37 41 42 43 47 54 55 56 58
 37 41 42 43 45 46 56 58
 37 41 42 43 45 46 54 55 56 58
 37 39 40 47 56 58 72
 37 39 40 47 56 58 70
 37 39 40 47 56 58 70 71
 37 39 40 47 56 58 68 69
 37 39 40 47 54 55 56 58 70
 37 39 40 47 54 55 56 58 68 69
 37 39 40 45 60
 37 39 40 45 47 56 58
 37 39 40 45 46 56 58
 37 39 40 45 46 56 58 72
 37 39 40 45 46 56 58 70
 37 39 40 45 46 56 58 70 71
 37 39 40 45 46 56 58 68 69
 37 39 40 45 46 54 55 56 58 70
 37 39 40 45 46 54 55 56 58 68 69
 37 39 40 43 47 56 58
 37 39 40 43 47 54 55 56 58
 37 39 40 43 45 46 56 58
 37 39 40 43 45 46 54 55 56 58
 37 39 40 43 44 60
 29 47 57 58 70
 29 47 57 58 68 69
 29 45 46 57 58 70
 29 45 46 57 58 68 69
 29 43 47 57 58
 29 43 47 56 60
 29 43 47 56 60 70
 29 43 47 56 60 68 69
 29 43 45 46 57 58
 29 43 45 46 56 60
 29 43 45 46 56 60 70
 29 43 45 46 56 60 68 69
 29 41 47 56 60 70
 29 41 47 56 60 68 69
 29 41 47 56 60 66 70
 29 41 47 56 60 66 68 69
 29 41 47 56 60 64 65 70
 29 41 47 56 60 64 65 68 69
 29 41 45 46 56 60 70
 29 41 45 46 56 60 68 69
 29 41 45 46 56 60 66 70
 29 41 45 46 56 60 66 68 69
 29 41 45 46 56 60 64 65 70
 29 41 45 46 56 60 64 65 68 69
 29 41 43 47 56 60
 29 41 43 47 56 60 66
 29 41 43 47 56 60 64 65
 29 41 43 45 46 56 60
 29 41 43 45 46 56 60 66
 29 41 43 45 46 56 60 64 65
 29 41 42 47 56 60 70
 29 41 42 47 56 60 68 69
 29 41 42 45 46 56 60 70
 29 41 42 45 46 56 60 68 69
 29 41 42 43 47 56 60
 29 41 42 43 45 46 56 60
 29 39 41 47 56 60 70
 29 39 41 47 56 60 68 69
 29 39 41 45 46 56 60 70
 29 39 41 45 46 56 60 68 69
 29 39 41 43 47 56 60
 29 39 41 43 45 46 56 60
 29 39 40 47 56 60 66 70
 29 39 40 47 56 60 66 68 69
 29 39 40 47 56 60 64 65 70
 29 39 40 47 56 60 64 65 68 69
 29 39 40 45 46 56 60 66 70
 29 39 40 45 46 56 60 66 68 69
 29 39 40 45 46 56 60 64 65 70
 29 39 40 45 46 56 60 64 65 68 69
 29 39 40 43 47 56 60 66
 29 39 40 43 47 56 60 64 65
 29 39 40 43 45 46 56 60 66
 29 39 40 43 45 46 56 60 64 65
 29 37 43 47 56 58
 29 37 43 47 56 58 70
 29 37 43 47 56 58 68 69
 29 37 43 45 46 56 58
 29 37 43 45 46 56 58 70
 29 37 43 45 46 56 58 68 69
 29 37 41 47 56 58 70
 29 37 41 47 56 58 68 69
 29 37 41 45 46 56 58 70
 29 37 41 45 46 56 58 68 69
 29 37 41 43 47 56 58
 29 37 41 43 45 46 56 58
 29 37 41 42 47 56 58 70
 29 37 41 42 47 56 58 68 69
 29 37 41 42 45 46 56 58 70
 29 37 41 42 45 46 56 58 68 69
 29 37 41 42 43 47 56 58
 29 37 41 42 43 45 46 56 58
 29 37 39 40 47 56 58 70
 29 37 39 40 47 56 58 68 69
 29 37 39 40 45 46 56 58 70
 29 37 39 40 45 46 56 58 68 69
 29 37 39 40 43 47 56 58
 29 37 39 40 43 45 46 56 58
 28 47 58
 28 45 58 60 70
 28 45 58 60 68 69
 28 45 56 57 58 60 70
 28 45 56 57 58 60 68 69
 28 45 53 58 70
 28 45 53 58 68 69
 28 45 53 56 57 58 70
 28 45 53 56 57 58 68 69
 28 45 46 58
 28 43 45 58
 28 43 45 58 70
 28 43 45 58 68 69
 28 43 45 58 60
 28 43 45 56 57 58
 28 43 45 56 57 58 70
 28 43 45 56 57 58 68 69
 28 43 45 56 57 58 60
 28 43 45 53 58
 28 43 45 53 56 57 58
 28 43 44 58
 28 43 44 58 70
 28 43 44 58 68 69
 28 43 44 58 60
 28 43 44 58 60 70
 28 43 44 58 60 68 69
 28 43 44 56 57 58
 28 43 44 56 57 58 70
 28 43 44 56 57 58 68 69
 28 43 44 56 57 58 60
 28 43 44 56 57 58 60 70
 28 43 44 56 57 58 60 68 69
 28 43 44 53 58
 28 43 44 53 58 70
 28 43 44 53 58 68 69
 28 43 44 53 56 57 58
 28 43 44 53 56 57 58 70
 28 43 44 53 56 57 58 68 69
 28 41 42 45 58 70
 28 41 42 45 58 68 69
 28 41 42 45 56 57 58 70
 28 41 42 45 56 57 58 68 69
 28 41 42 43 45 58
 28 41 42 43 45 56 57 58
 28 41 42 43 44 58
 28 41 42 43 44 58 70
 28 41 42 43 44 58 68 69
 28 41 42 43 44 56 57 58
 28 41 42 43 44 56 57 58 70
 28 41 42 43 44 56 57 58 68 69
 28 31 45 58 60 70
 28 31 45 58 60 68 69
 28 31 45 53 58 70
 28 31 45 53 58 68 69
 28 31 43 45 58
 28 31 43 45 58 70
 28 31 43 45 58 68 69
 28 31 43 45 58 60
 28 31 43 45 53 58
 28 31 43 44 58
 28 31 43 44 58 70
 28 31 43 44 58 68 69
 28 31 43 44 58 60
 28 31 43 44 58 60 70
 28 31 43 44 58 60 68 69
 28 31 43 44 53 58
 28 31 43 44 53 58 70
 28 31 43 44 53 58 68 69
 28 31 41 42 45 58 70
 28 31 41 42 45 58 68 69
 28 31 41 42 43 45 58
 28 31 41 42 43 44 58
 28 31 41 42 43 44 58 70
 28 31 41 42 43 44 58 68 69
 26 27 47 58
 26 27 45 58 60 70
 26 27 45 58 60 68 69
 26 27 45 56 57 58 60 70
 26 27 45 56 57 58 60 68 69
 26 27 45 53 58 70
 26 27 45 53 58 68 69
 26 27 45 53 56 57 58 70
 26 27 45 53 56 57 58 68 69
 26 27 45 46 58
 26 27 43 45 58
 26 27 43 45 58 70
 26 27 43 45 58 68 69
 26 27 43 45 58 60
 26 27 43 45 56 57 58
 26 27 43 45 56 57 58 70
 26 27 43 45 56 57 58 68 69
 26 27 43 45 56 57 58 60
 26 27 43 45 53 58
 26 27 43 45 53 56 57 58
 26 27 43 44 58
 26 27 43 44 58 70
 26 27 43 44 58 68 69
 26 27 43 44 58 60
 26 27 43 44 58 60 70
 26 27 43 44 58 60 68 69
 26 27 43 44 56 57 58
 26 27 43 44 56 57 58 70
 26 27 43 44 56 57 58 68 69
 26 27 43 44 56 57 58 60
 26 27 43 44 56 57 58 60 70
 26 27 43 44 56 57 58 60 68 69
 26 27 43 44 53 58
 26 27 43 44 53 58 70
 26 27 43 44 53 58 68 69
 26 27 43 44 53 56 57 58
 26 27 43 44 53 56 57 58 70
 26 27 43 44 53 56 57 58 68 69
 26 27 41 42 45 58 70
 26 27 41 42 45 58 68 69
 26 27 41 42 45 56 57 58 70
 26 27 41 42 45 56 57 58 68 69
 26 27 41 42 43 45 58
 26 27 41 42 43 45 56 57 58
 26 27 41 42 43 44 58
 26 27 41 42 43 44 58 70
 26 27 41 42 43 44 58 68 69
 26 27 41 42 43 44 56 57 58
 26 27 41 42 43 44 56 57 58 70
 26 27 41 42 43 44 56 57 58 68 69
 26 27 31 45 58 60 70
 26 27 31 45 58 60 68 69
 26 27 31 45 53 58 70
 26 27 31 45 53 58 68 69
 26 27 31 43 45 58
 26 27 31 43 45 58 70
 26 27 31 43 45 58 68 69
 26 27 31 43 45 58 60
 26 27 31 43 45 53 58
 26 27 31 43 44 58
 26 27 31 43 44 58 70
 26 27 31 43 44 58 68 69
 26 27 31 43 44 58 60
 26 27 31 43 44 58 60 70
 26 27 31 43 44 58 60 68 69
 26 27 31 43 44 53 58
 26 27 31 43 44 53 58 70
 26 27 31 43 44 53 58 68 69
 26 27 31 41 42 45 58 70
 26 27 31 41 42 45 58 68 69
 26 27 31 41 42 43 45 58
 26 27 31 41 42 43 44 58
 26 27 31 41 42 43 44 58 70
 26 27 31 41 42 43 44 58 68 69
 20 57 58 72
 20 57 58 70 71
 20 56 57 58 70
 20 56 57 58 68 69
 20 54 55 57 58 70
 20 54 55 57 58 68 69
 20 45 57 58
 20 43 56 60
 20 43 56 60 72
 20 43 56 60 70
 20 43 56 60 70 71
 20 43 56 60 68 69
 20 43 56 57 58
 20 43 54 55 57 58
 20 43 54 55 56 60
 20 43 54 55 56 60 70
 20 43 54 55 56 60 68 69
 20 43 45 56 60
 20 41 56 60 72
 20 41 56 60 70
 20 41 56 60 70 71
 20 41 56 60 68 69
 20 41 56 60 66 72
 20 41 56 60 66 70
 20 41 56 60 66 70 71
 20 41 56 60 66 68 69
 20 41 56 60 64 65 72
 20 41 56 60 64 65 70
 20 41 56 60 64 65 70 71
 20 41 56 60 64 65 68 69
 20 41 54 55 56 60 70
 20 41 54 55 56 60 68 69
 20 41 54 55 56 60 66 70
 20 41 54 55 56 60 66 68 69
 20 41 54 55 56 60 64 65 70
 20 41 54 55 56 60 64 65 68 69
 20 41 45 56 60
 20 41 45 56 60 66
 20 41 45 56 60 64 65
 20 41 43 56 60
 20 41 43 56 60 66
 20 41 43 56 60 64 65
 20 41 43 54 55 56 60
 20 41 43 54 55 56 60 66
 20 41 43 54 55 56 60 64 65
 20 41 42 56 60 72
 20 41 42 56 60 70
 20 41 42 56 60 70 71
 20 41 42 56 60 68 69
 20 41 42 54 55 56 60 70
 20 41 42 54 55 56 60 68 69
 20 41 42 45 56 60
 20 41 42 43 56 60
 20 41 42 43 54 55 56 60
 20 39 41 56 60 72
 20 39 41 56 60 70
 20 39 41 56 60 70 71
 20 39 41 56 60 68 69
 20 39 41 54 55 56 60 70
 20 39 41 54 55 56 60 68 69
 20 39 41 45 56 60
 20 39 41 43 56 60
 20 39 41 43 54 55 56 60
 20 39 40 56 60 66 72
 20 39 40 56 60 66 70
 20 39 40 56 60 66 70 71
 20 39 40 56 60 66 68 69
 20 39 40 56 60 64 65 72
 20 39 40 56 60 64 65 70
 20 39 40 56 60 64 65 70 71
 20 39 40 56 60 64 65 68 69
 20 39 40 54 55 56 60 66 70
 20 39 40 54 55 56 60 66 68 69
 20 39 40 54 55 56 60 64 65 70
 20 39 40 54 55 56 60 64 65 68 69
 20 39 40 45 56 60 66
 20 39 40 45 56 60 64 65
 20 39 40 43 56 60 66
 20 39 40 43 56 60 64 65
 20 39 40 43 54 55 56 60 66
 20 39 40 43 54 55 56 60 64 65
 20 37 43 56 58
 20 37 43 56 58 72
 20 37 43 56 58 70
 20 37 43 56 58 70 71
 20 37 43 56 58 68 69
 20 37 43 54 55 56 58
 20 37 43 54 55 56 58 70
 20 37 43 54 55 56 58 68 69
 20 37 43 45 56 58
 20 37 41 56 58 72
 20 37 41 56 58 70
 20 37 41 56 58 70 71
 20 37 41 56 58 68 69
 20 37 41 54 55 56 58 70
 20 37 41 54 55 56 58 68 69
 20 37 41 45 56 58
 20 37 41 43 56 58
 20 37 41 43 54 55 56 58
 20 37 41 42 56 58 72
 20 37 41 42 56 58 70
 20 37 41 42 56 58 70 71
 20 37 41 42 56 58 68 69
 20 37 41 42 54 55 56 58 70
 20 37 41 42 54 55 56 58 68 69
 20 37 41 42 45 56 58
 20 37 41 42 43 56 58
 20 37 41 42 43 54 55 56 58
 20 37 39 40 56 58 72
 20 37 39 40 56 58 70
 20 37 39 40 56 58 70 71
 20 37 39 40 56 58 68 69
 20 37 39 40 54 55 56 58 70
 20 37 39 40 54 55 56 58 68 69
 20 37 39 40 45 56 58
 20 37 39 40 43 56 58
 20 37 39 40 43 54 55 56 58
 20 29 57 58 70
 20 29 57 58 68 69
 20 29 43 57 58
 20 29 43 56 60
 20 29 43 56 60 70
 20 29 43 56 60 68 69
 20 29 41 56 60 70
 20 29 41 56 60 68 69
 20 29 41 56 60 66 70
 20 29 41 56 60 66 68 69
 20 29 41 56 60 64 65 70
 20 29 41 56 60 64 65 68 69
 20 29 41 43 56 60
 20 29 41 43 56 60 66
 20 29 41 43 56 60 64 65
 20 29 41 42 56 60 70
 20 29 41 42 56 60 68 69
 20 29 41 42 43 56 60
 20 29 39 41 56 60 70
 20 29 39 41 56 60 68 69
 20 29 39 41 43 56 60
 20 29 39 40 56 60 66 70
 20 29 39 40 56 60 66 68 69
 20 29 39 40 56 60 64 65 70
 20 29 39 40 56 60 64 65 68 69
 20 29 39 40 43 56 60 66
 20 29 39 40 43 56 60 64 65
 20 29 37 43 56 58
 20 29 37 43 56 58 70
 20 29 37 43 56 58 68 69
 20 29 37 41 56 58 70
 20 29 37 41 56 58 68 69
 20 29 37 41 43 56 58
 20 29 37 41 42 56 58 70
 20 29 37 41 42 56 58 68 69
 20 29 37 41 42 43 56 58
 20 29 37 39 40 56 58 70
 20 29 37 39 40 56 58 68 69
 20 29 37 39 40 43 56 58
 20 28 58
 20 26 27 58
 18 60 70
 18 60 68 69
 18 43 60
 18 43 58
 18 43 58 70
 18 43 58 68 69
 18 41 60 64
 18 41 60 62 63
 18 41 58
 18 41 42 58 70
 18 41 42 58 68 69
 18 41 42 43 58
 18 39 40 60 64
 18 39 40 60 62 63
 18 39 40 58
 18 37 41 60
 18 37 39 40 60
 18 28 58 60 70
 18 28 58 60 68 69
 18 28 56 57 58 60 70
 18 28 56 57 58 60 68 69
 18 28 53 58 70
 18 28 53 58 68 69
 18 28 53 56 57 58 70
 18 28 53 56 57 58 68 69
 18 28 43 58
 18 28 43 58 70
 18 28 43 58 68 69
 18 28 43 58 60
 18 28 43 56 57 58
 18 28 43 56 57 58 70
 18 28 43 56 57 58 68 69
 18 28 43 56 57 58 60
 18 28 43 53 58
 18 28 43 53 56 57 58
 18 28 41 42 58 70
 18 28 41 42 58 68 69
 18 28 41 42 56 57 58 70
 18 28 41 42 56 57 58 68 69
 18 28 41 42 43 58
 18 28 41 42 43 56 57 58
 18 28 31 58 60 70
 18 28 31 58 60 68 69
 18 28 31 53 58 70
 18 28 31 53 58 68 69
 18 28 31 43 58
 18 28 31 43 58 70
 18 28 31 43 58 68 69
 18 28 31 43 58 60
 18 28 31 43 53 58
 18 28 31 41 42 58 70
 18 28 31 41 42 58 68 69
 18 28 31 41 42 43 58
 18 26 27 58 60 70
 18 26 27 58 60 68 69
 18 26 27 56 57 58 60 70
 18 26 27 56 57 58 60 68 69
 18 26 27 53 58 70
 18 26 27 53 58 68 69
 18 26 27 53 56 57 58 70
 18 26 27 53 56 57 58 68 69
 18 26 27 43 58
 18 26 27 43 58 70
 18 26 27 43 58 68 69
 18 26 27 43 58 60
 18 26 27 43 56 57 58
 18 26 27 43 56 57 58 70
 18 26 27 43 56 57 58 68 69
 18 26 27 43 56 57 58 60
 18 26 27 43 53 58
 18 26 27 43 53 56 57 58
 18 26 27 41 42 58 70
 18 26 27 41 42 58 68 69
 18 26 27 41 42 56 57 58 70
 18 26 27 41 42 56 57 58 68 69
 18 26 27 41 42 43 58
 18 26 27 41 42 43 56 57 58
 18 26 27 31 58 60 70
 18 26 27 31 58 60 68 69
 18 26 27 31 53 58 70
 18 26 27 31 53 58 68 69
 18 26 27 31 43 58
 18 26 27 31 43 58 70
 18 26 27 31 43 58 68 69
 18 26 27 31 43 58 60
 18 26 27 31 43 53 58
 18 26 27 31 41 42 58 70
 18 26 27 31 41 42 58 68 69
 18 26 27 31 41 42 43 58
 16 47 56 60 72
 16 47 56 60 70
 16 47 56 60 70 71
 16 47 56 60 68 69
 16 47 54 55 56 60 70
 16 47 54 55 56 60 68 69
 16 45 58 70
 16 45 58 68 69
 16 45 47 56 60
 16 45 46 56 60
 16 45 46 56 60 72
 16 45 46 56 60 70
 16 45 46 56 60 70 71
 16 45 46 56 60 68 69
 16 45 46 54 55 56 60 70
 16 45 46 54 55 56 60 68 69
 16 43 47 56 60
 16 43 47 54 55 56 60
 16 43 45 58
 16 43 45 46 56 60
 16 43 45 46 54 55 56 60
 16 43 44 58
 16 43 44 58 70
 16 43 44 58 68 69
 16 37 47 56 58 72
 16 37 47 56 58 70
 16 37 47 56 58 70 71
 16 37 47 56 58 68 69
 16 37 47 54 55 56 58 70
 16 37 47 54 55 56 58 68 69
 16 37 45 47 56 58
 16 37 45 46 56 58
 16 37 45 46 56 58 72
 16 37 45 46 56 58 70
 16 37 45 46 56 58 70 71
 16 37 45 46 56 58 68 69
 16 37 45 46 54 55 56 58 70
 16 37 45 46 54 55 56 58 68 69
 16 37 43 47 56 58
 16 37 43 47 54 55 56 58
 16 37 43 45 46 56 58
 16 37 43 45 46 54 55 56 58
 16 29 47 56 60 70
 16 29 47 56 60 68 69
 16 29 45 46 56 60 70
 16 29 45 46 56 60 68 69
 16 29 43 47 56 60
 16 29 43 45 46 56 60
 16 29 37 47 56 58 70
 16 29 37 47 56 58 68 69
 16 29 37 45 46 56 58 70
 16 29 37 45 46 56 58 68 69
 16 29 37 43 47 56 58
 16 29 37 43 45 46 56 58
 16 28 45 58 70
 16 28 45 58 68 69
 16 28 45 56 57 58 70
 16 28 45 56 57 58 68 69
 16 28 43 45 58
 16 28 43 45 56 57 58
 16 28 43 44 58
 16 28 43 44 58 70
 16 28 43 44 58 68 69
 16 28 43 44 56 57 58
 16 28 43 44 56 57 58 70
 16 28 43 44 56 57 58 68 69
 16 28 31 45 58 70
 16 28 31 45 58 68 69
 16 28 31 43 45 58
 16 28 31 43 44 58
 16 28 31 43 44 58 70
 16 28 31 43 44 58 68 69
 16 26 27 45 58 70
 16 26 27 45 58 68 69
 16 26 27 45 56 57 58 70
 16 26 27 45 56 57 58 68 69
 16 26 27 43 45 58
 16 26 27 43 45 56 57 58
 16 26 27 43 44 58
 16 26 27 43 44 58 70
 16 26 27 43 44 58 68 69
 16 26 27 43 44 56 57 58
 16 26 27 43 44 56 57 58 70
 16 26 27 43 44 56 57 58 68 69
 16 26 27 31 45 58 70
 16 26 27 31 45 58 68 69
 16 26 27 31 43 45 58
 16 26 27 31 43 44 58
 16 26 27 31 43 44 58 70
 16 26 27 31 43 44 58 68 69
 16 20 56 60 72
 16 20 56 60 70
 16 20 56 60 70 71
 16 20 56 60 68 69
 16 20 54 55 56 60 70
 16 20 54 55 56 60 68 69
 16 20 45 56 60
 16 20 43 56 60
 16 20 43 54 55 56 60
 16 20 37 56 58 72
 16 20 37 56 58 70
 16 20 37 56 58 70 71
 16 20 37 56 58 68 69
 16 20 37 54 55 56 58 70
 16 20 37 54 55 56 58 68 69
 16 20 37 45 56 58
 16 20 37 43 56 58
 16 20 37 43 54 55 56 58
 16 20 29 56 60 70
 16 20 29 56 60 68 69
 16 20 29 43 56 60
 16 20 29 37 56 58 70
 16 20 29 37 56 58 68 69
 16 20 29 37 43 56 58
 16 18 58 70
 16 18 58 68 69
 16 18 43 58
 16 18 28 58 70
 16 18 28 58 68 69
 16 18 28 56 57 58 70
 16 18 28 56 57 58 68 69
 16 18 28 43 58
 16 18 28 43 56 57 58
 16 18 28 31 58 70
 16 18 28 31 58 68 69
 16 18 28 31 43 58
 16 18 26 27 58 70
 16 18 26 27 58 68 69
 16 18 26 27 56 57 58 70
 16 18 26 27 56 57 58 68 69
 16 18 26 27 43 58
 16 18 26 27 43 56 57 58
 16 18 26 27 31 58 70
 16 18 26 27 31 58 68 69
 16 18 26 27 31 43 58
 15 47 58 72
 15 47 58 70 71
 15 47 56 58 70
 15 47 56 58 68 69
 15 47 54 55 58 70
 15 47 54 55 58 68 69
 15 45 47 58
 15 45 46 58
 15 45 46 58 72
 15 45 46 58 70 71
 15 45 46 56 58 70
 15 45 46 56 58 68 69
 15 45 46 54 55 58 70
 15 45 46 54 55 58 68 69
 15 43 47 56 58
 15 43 47 54 55 58
 15 43 45 46 56 58
 15 43 45 46 54 55 58
 15 29 47 58 70
 15 29 47 58 68 69
 15 29 45 46 58 70
 15 29 45 46 58 68 69
 15 29 43 47 58
 15 29 43 45 46 58
 15 20 58 72
 15 20 58 70 71
 15 20 56 58 70
 15 20 56 58 68 69
 15 20 54 55 58 70
 15 20 54 55 58 68 69
 15 20 45 58
 15 20 43 56 58
 15 20 43 54 55 58
 15 20 29 58 70
 15 20 29 58 68 69
 15 20 29 43 58
 14 60
 14 47 56 60 72
 14 47 56 60 70
 14 47 56 60 70 71
 14 47 56 60 68 69
 14 47 56 60 66 72
 14 47 56 60 66 70
 14 47 56 60 66 70 71
 14 47 56 60 66 68 69
 14 47 56 60 64 65 72
 14 47 56 60 64 65 70
 14 47 56 60 64 65 70 71
 14 47 56 60 64 65 68 69
 14 47 54 55 56 60 70
 14 47 54 55 56 60 68 69
 14 47 54 55 56 60 66 70
 14 47 54 55 56 60 66 68 69
 14 47 54 55 56 60 64 65 70
 14 47 54 55 56 60 64 65 68 69
 14 45 60 64
 14 45 60 62 63
 14 45 58
 14 45 47 56 60
 14 45 47 56 60 66
 14 45 47 56 60 64 65
 14 45 46 56 60
 14 45 46 56 60 72
 14 45 46 56 60 70
 14 45 46 56 60 70 71
 14 45 46 56 60 68 69
 14 45 46 56 60 66
 14 45 46 56 60 66 72
 14 45 46 56 60 66 70
 14 45 46 56 60 66 70 71
 14 45 46 56 60 66 68 69
 14 45 46 56 60 64 65
 14 45 46 56 60 64 65 72
 14 45 46 56 60 64 65 70
 14 45 46 56 60 64 65 70 71
 14 45 46 56 60 64 65 68 69
 14 45 46 54 55 56 60 70
 14 45 46 54 55 56 60 68 69
 14 45 46 54 55 56 60 66 70
 14 45 46 54 55 56 60 66 68 69
 14 45 46 54 55 56 60 64 65 70
 14 45 46 54 55 56 60 64 65 68 69
 14 43 47 56 60
 14 43 47 56 60 66
 14 43 47 56 60 64 65
 14 43 47 54 55 56 60
 14 43 47 54 55 56 60 66
 14 43 47 54 55 56 60 64 65
 14 43 45 46 56 60
 14 43 45 46 56 60 66
 14 43 45 46 56 60 64 65
 14 43 45 46 54 55 56 60
 14 43 45 46 54 55 56 60 66
 14 43 45 46 54 55 56 60 64 65
 14 43 44 60 64
 14 43 44 60 62 63
 14 43 44 58
 14 39 47 56 60 72
 14 39 47 56 60 70
 14 39 47 56 60 70 71
 14 39 47 56 60 68 69
 14 39 47 54 55 56 60 70
 14 39 47 54 55 56 60 68 69
 14 39 45 47 56 60
 14 39 45 46 56 60
 14 39 45 46 56 60 72
 14 39 45 46 56 60 70
 14 39 45 46 56 60 70 71
 14 39 45 46 56 60 68 69
 14 39 45 46 54 55 56 60 70
 14 39 45 46 54 55 56 60 68 69
 14 39 43 47 56 60
 14 39 43 47 54 55 56 60
 14 39 43 45 46 56 60
 14 39 43 45 46 54 55 56 60
 14 37 47 56 58 72
 14 37 47 56 58 70
 14 37 47 56 58 70 71
 14 37 47 56 58 68 69
 14 37 47 54 55 56 58 70
 14 37 47 54 55 56 58 68 69
 14 37 45 60
 14 37 45 47 56 58
 14 37 45 46 56 58
 14 37 45 46 56 58 72
 14 37 45 46 56 58 70
 14 37 45 46 56 58 70 71
 14 37 45 46 56 58 68 69
 14 37 45 46 54 55 56 58 70
 14 37 45 46 54 55 56 58 68 69
 14 37 43 47 56 58
 14 37 43 47 54 55 56 58
 14 37 43 45 46 56 58
 14 37 43 45 46 54 55 56 58
 14 37 43 44 60
 14 29 47 56 60 70
 14 29 47 56 60 68 69
 14 29 47 56 60 66 70
 14 29 47 56 60 66 68 69
 14 29 47 56 60 64 65 70
 14 29 47 56 60 64 65 68 69
 14 29 45 46 56 60 70
 14 29 45 46 56 60 68 69
 14 29 45 46 56 60 66 70
 14 29 45 46 56 60 66 68 69
 14 29 45 46 56 60 64 65 70
 14 29 45 46 56 60 64 65 68 69
 14 29 43 47 56 60
 14 29 43 47 56 60 66
 14 29 43 47 56 60 64 65
 14 29 43 45 46 56 60
 14 29 43 45 46 56 60 66
 14 29 43 45 46 56 60 64 65
 14 29 39 47 56 60 70
 14 29 39 47 56 60 68 69
 14 29 39 45 46 56 60 70
 14 29 39 45 46 56 60 68 69
 14 29 39 43 47 56 60
 14 29 39 43 45 46 56 60
 14 29 37 47 56 58 70
 14 29 37 47 56 58 68 69
 14 29 37 45 46 56 58 70
 14 29 37 45 46 56 58 68 69
 14 29 37 43 47 56 58
 14 29 37 43 45 46 56 58
 14 20 56 60 72
 14 20 56 60 70
 14 20 56 60 70 71
 14 20 56 60 68 69
 14 20 56 60 66 72
 14 20 56 60 66 70
 14 20 56 60 66 70 71
 14 20 56 60 66 68 69
 14 20 56 60 64 65 72
 14 20 56 60 64 65 70
 14 20 56 60 64 65 70 71
 14 20 56 60 64 65 68 69
 14 20 54 55 56 60 70
 14 20 54 55 56 60 68 69
 14 20 54 55 56 60 66 70
 14 20 54 55 56 60 66 68 69
 14 20 54 55 56 60 64 65 70
 14 20 54 55 56 60 64 65 68 69
 14 20 45 56 60
 14 20 45 56 60 66
 14 20 45 56 60 64 65
 14 20 43 56 60
 14 20 43 56 60 66
 14 20 43 56 60 64 65
 14 20 43 54 55 56 60
 14 20 43 54 55 56 60 66
 14 20 43 54 55 56 60 64 65
 14 20 39 56 60 72
 14 20 39 56 60 70
 14 20 39 56 60 70 71
 14 20 39 56 60 68 69
 14 20 39 54 55 56 60 70
 14 20 39 54 55 56 60 68 69
 14 20 39 45 56 60
 14 20 39 43 56 60
 14 20 39 43 54 55 56 60
 14 20 37 56 58 72
 14 20 37 56 58 70
 14 20 37 56 58 70 71
 14 20 37 56 58 68 69
 14 20 37 54 55 56 58 70
 14 20 37 54 55 56 58 68 69
 14 20 37 45 56 58
 14 20 37 43 56 58
 14 20 37 43 54 55 56 58
 14 20 29 56 60 70
 14 20 29 56 60 68 69
 14 20 29 56 60 66 70
 14 20 29 56 60 66 68 69
 14 20 29 56 60 64 65 70
 14 20 29 56 60 64 65 68 69
 14 20 29 43 56 60
 14 20 29 43 56 60 66
 14 20 29 43 56 60 64 65
 14 20 29 39 56 60 70
 14 20 29 39 56 60 68 69
 14 20 29 39 43 56 60
 14 20 29 37 56 58 70
 14 20 29 37 56 58 68 69
 14 20 29 37 43 56 58
 14 18 60 64
 14 18 60 62 63
 14 18 58
 14 18 37 60
 13 14 47 58 72
 13 14 47 58 70 71
 13 14 47 56 58 70
 13 14 47 56 58 68 69
 13 14 47 54 55 58 70
 13 14 47 54 55 58 68 69
 13 14 45 47 58
 13 14 45 46 58
 13 14 45 46 58 72
 13 14 45 46 58 70 71
 13 14 45 46 56 58 70
 13 14 45 46 56 58 68 69
 13 14 45 46 54 55 58 70
 13 14 45 46 54 55 58 68 69
 13 14 43 47 56 58
 13 14 43 47 54 55 58
 13 14 43 45 46 56 58
 13 14 43 45 46 54 55 58
 13 14 29 47 58 70
 13 14 29 47 58 68 69
 13 14 29 45 46 58 70
 13 14 29 45 46 58 68 69
 13 14 29 43 47 58
 13 14 29 43 45 46 58
 13 14 20 58 72
 13 14 20 58 70 71
 13 14 20 56 58 70
 13 14 20 56 58 68 69
 13 14 20 54 55 58 70
 13 14 20 54 55 58 68 69
 13 14 20 45 58
 13 14 20 43 56 58
 13 14 20 43 54 55 58
 13 14 20 29 58 70
 13 14 20 29 58 68 69
 13 14 20 29 43 58
 11 28 45 58 70
 11 28 45 58 68 69
 11 28 45 56 57 58 70
 11 28 45 56 57 58 68 69
 11 28 43 45 58
 11 28 43 45 56 57 58
 11 28 43 44 58
 11 28 43 44 58 70
 11 28 43 44 58 68 69
 11 28 43 44 56 57 58
 11 28 43 44 56 57 58 70
 11 28 43 44 56 57 58 68 69
 11 28 31 45 58 70
 11 28 31 45 58 68 69
 11 28 31 43 45 58
 11 28 31 43 44 58
 11 28 31 43 44 58 70
 11 28 31 43 44 58 68 69
 11 26 27 45 58 70
 11 26 27 45 58 68 69
 11 26 27 45 56 57 58 70
 11 26 27 45 56 57 58 68 69
 11 26 27 43 45 58
 11 26 27 43 45 56 57 58
 11 26 27 43 44 58
 11 26 27 43 44 58 70
 11 26 27 43 44 58 68 69
 11 26 27 43 44 56 57 58
 11 26 27 43 44 56 57 58 70
 11 26 27 43 44 56 57 58 68 69
 11 26 27 31 45 58 70
 11 26 27 31 45 58 68 69
 11 26 27 31 43 45 58
 11 26 27 31 43 44 58
 11 26 27 31 43 44 58 70
 11 26 27 31 43 44 58 68 69
 11 18 28 58 70
 11 18 28 58 68 69
 11 18 28 56 57 58 70
 11 18 28 56 57 58 68 69
 11 18 28 43 58
 11 18 28 43 56 57 58
 11 18 28 31 58 70
 11 18 28 31 58 68 69
 11 18 28 31 43 58
 11 18 26 27 58 70
 11 18 26 27 58 68 69
 11 18 26 27 56 57 58 70
 11 18 26 27 56 57 58 68 69
 11 18 26 27 43 58
 11 18 26 27 43 56 57 58
 11 18 26 27 31 58 70
 11 18 26 27 31 58 68 69
 11 18 26 27 31 43 58
 9 10 28 45 58 70
 9 10 28 45 58 68 69
 9 10 28 45 56 57 58 70
 9 10 28 45 56 57 58 68 69
 9 10 28 43 45 58
 9 10 28 43 45 56 57 58
 9 10 28 43 44 58
 9 10 28 43 44 58 70
 9 10 28 43 44 58 68 69
 9 10 28 43 44 56 57 58
 9 10 28 43 44 56 57 58 70
 9 10 28 43 44 56 57 58 68 69
 9 10 28 31 45 58 70
 9 10 28 31 45 58 68 69
 9 10 28 31 43 45 58
 9 10 28 31 43 44 58
 9 10 28 31 43 44 58 70
 9 10 28 31 43 44 58 68 69
 9 10 26 27 45 58 70
 9 10 26 27 45 58 68 69
 9 10 26 27 45 56 57 58 70
 9 10 26 27 45 56 57 58 68 69
 9 10 26 27 43 45 58
 9 10 26 27 43 45 56 57 58
 9 10 26 27 43 44 58
 9 10 26 27 43 44 58 70
 9 10 26 27 43 44 58 68 69
 9 10 26 27 43 44 56 57 58
 9 10 26 27 43 44 56 57 58 70
 9 10 26 27 43 44 56 57 58 68 69
 9 10 26 27 31 45 58 70
 9 10 26 27 31 45 58 68 69
 9 10 26 27 31 43 45 58
 9 10 26 27 31 43 44 58
 9 10 26 27 31 43 44 58 70
 9 10 26 27 31 43 44 58 68 69
 9 10 18 28 58 70
 9 10 18 28 58 68 69
 9 10 18 28 56 57 58 70
 9 10 18 28 56 57 58 68 69
 9 10 18 28 43 58
 9 10 18 28 43 56 57 58
 9 10 18 28 31 58 70
 9 10 18 28 31 58 68 69
 9 10 18 28 31 43 58
 9 10 18 26 27 58 70
 9 10 18 26 27 58 68 69
 9 10 18 26 27 56 57 58 70
 9 10 18 26 27 56 57 58 68 69
 9 10 18 26 27 43 58
 9 10 18 26 27 43 56 57 58
 9 10 18 26 27 31 58 70
 9 10 18 26 27 31 58 68 69
 9 10 18 26 27 31 43 58
 1 47 58
 1 45 58 60 70
 1 45 58 60 68 69
 1 45 56 57 58 60 70
 1 45 56 57 58 60 68 69
 1 45 53 58 70
 1 45 53 58 68 69
 1 45 53 56 57 58 70
 1 45 53 56 57 58 68 69
 1 45 46 58
 1 43 45 58
 1 43 45 58 70
 1 43 45 58 68 69
 1 43 45 58 60
 1 43 45 56 57 58
 1 43 45 56 57 58 70
 1 43 45 56 57 58 68 69
 1 43 45 56 57 58 60
 1 43 45 53 58
 1 43 45 53 56 57 58
 1 43 44 58
 1 43 44 58 70
 1 43 44 58 68 69
 1 43 44 58 60
 1 43 44 58 60 70
 1 43 44 58 60 68 69
 1 43 44 56 57 58
 1 43 44 56 57 58 70
 1 43 44 56 57 58 68 69
 1 43 44 56 57 58 60
 1 43 44 56 57 58 60 70
 1 43 44 56 57 58 60 68 69
 1 43 44 53 58
 1 43 44 53 58 70
 1 43 44 53 58 68 69
 1 43 44 53 56 57 58
 1 43 44 53 56 57 58 70
 1 43 44 53 56 57 58 68 69
 1 41 42 45 58 70
 1 41 42 45 58 68 69
 1 41 42 45 56 57 58 70
 1 41 42 45 56 57 58 68 69
 1 41 42 43 45 58
 1 41 42 43 45 56 57 58
 1 41 42 43 44 58
 1 41 42 43 44 58 70
 1 41 42 43 44 58 68 69
 1 41 42 43 44 56 57 58
 1 41 42 43 44 56 57 58 70
 1 41 42 43 44 56 57 58 68 69
 1 31 45 58 60 70
 1 31 45 58 60 68 69
 1 31 45 53 58 70
 1 31 45 53 58 68 69
 1 31 43 45 58
 1 31 43 45 58 70
 1 31 43 45 58 68 69
 1 31 43 45 58 60
 1 31 43 45 53 58
 1 31 43 44 58
 1 31 43 44 58 70
 1 31 43 44 58 68 69
 1 31 43 44 58 60
 1 31 43 44 58 60 70
 1 31 43 44 58 60 68 69
 1 31 43 44 53 58
 1 31 43 44 53 58 70
 1 31 43 44 53 58 68 69
 1 31 41 42 45 58 70
 1 31 41 42 45 58 68 69
 1 31 41 42 43 45 58
 1 31 41 42 43 44 58
 1 31 41 42 43 44 58 70
 1 31 41 42 43 44 58 68 69
 1 20 58
 1 18 58 60 70
 1 18 58 60 68 69
 1 18 56 57 58 60 70
 1 18 56 57 58 60 68 69
 1 18 53 58 70
 1 18 53 58 68 69
 1 18 53 56 57 58 70
 1 18 53 56 57 58 68 69
 1 18 43 58
 1 18 43 58 70
 1 18 43 58 68 69
 1 18 43 58 60
 1 18 43 56 57 58
 1 18 43 56 57 58 70
 1 18 43 56 57 58 68 69
 1 18 43 56 57 58 60
 1 18 43 53 58
 1 18 43 53 56 57 58
 1 18 41 42 58 70
 1 18 41 42 58 68 69
 1 18 41 42 56 57 58 70
 1 18 41 42 56 57 58 68 69
 1 18 41 42 43 58
 1 18 41 42 43 56 57 58
 1 18 31 58 60 70
 1 18 31 58 60 68 69
 1 18 31 53 58 70
 1 18 31 53 58 68 69
 1 18 31 43 58
 1 18 31 43 58 70
 1 18 31 43 58 68 69
 1 18 31 43 58 60
 1 18 31 43 53 58
 1 18 31 41 42 58 70
 1 18 31 41 42 58 68 69
 1 18 31 41 42 43 58
 1 16 45 58 70
 1 16 45 58 68 69
 1 16 45 56 57 58 70
 1 16 45 56 57 58 68 69
 1 16 43 45 58
 1 16 43 45 56 57 58
 1 16 43 44 58
 1 16 43 44 58 70
 1 16 43 44 58 68 69
 1 16 43 44 56 57 58
 1 16 43 44 56 57 58 70
 1 16 43 44 56 57 58 68 69
 1 16 31 45 58 70
 1 16 31 45 58 68 69
 1 16 31 43 45 58
 1 16 31 43 44 58
 1 16 31 43 44 58 70
 1 16 31 43 44 58 68 69
 1 16 18 58 70
 1 16 18 58 68 69
 1 16 18 56 57 58 70
 1 16 18 56 57 58 68 69
 1 16 18 43 58
 1 16 18 43 56 57 58
 1 16 18 31 58 70
 1 16 18 31 58 68 69
 1 16 18 31 43 58
 1 11 45 58 70
 1 11 45 58 68 69
 1 11 45 56 57 58 70
 1 11 45 56 57 58 68 69
 1 11 43 45 58
 1 11 43 45 56 57 58
 1 11 43 44 58
 1 11 43 44 58 70
 1 11 43 44 58 68 69
 1 11 43 44 56 57 58
 1 11 43 44 56 57 58 70
 1 11 43 44 56 57 58 68 69
 1 11 31 45 58 70
 1 11 31 45 58 68 69
 1 11 31 43 45 58
 1 11 31 43 44 58
 1 11 31 43 44 58 70
 1 11 31 43 44 58 68 69
 1 11 18 58 70
 1 11 18 58 68 69
 1 11 18 56 57 58 70
 1 11 18 56 57 58 68 69
 1 11 18 43 58
 1 11 18 43 56 57 58
 1 11 18 31 58 70
 1 11 18 31 58 68 69
 1 11 18 31 43 58
 1 9 10 45 58 70
 1 9 10 45 58 68 69
 1 9 10 45 56 57 58 70
 1 9 10 45 56 57 58 68 69
 1 9 10 43 45 58
 1 9 10 43 45 56 57 58
 1 9 10 43 44 58
 1 9 10 43 44 58 70
 1 9 10 43 44 58 68 69
 1 9 10 43 44 56 57 58
 1 9 10 43 44 56 57 58 70
 1 9 10 43 44 56 57 58 68 69
 1 9 10 31 45 58 70
 1 9 10 31 45 58 68 69
 1 9 10 31 43 45 58
 1 9 10 31 43 44 58
 1 9 10 31 43 44 58 70
 1 9 10 31 43 44 58 68 69
 1 9 10 18 58 70
 1 9 10 18 58 68 69
 1 9 10 18 56 57 58 70
 1 9 10 18 56 57 58 68 69
 1 9 10 18 43 58
 1 9 10 18 43 56 57 58
 1 9 10 18 31 58 70
 1 9 10 18 31 58 68 69
 1 9 10 18 31 43 58
