 45 56
 45 56 72
 45 56 70 71
 45 54 55
 45 54 55 72
 45 54 55 70 71
 45 51 58 74
 45 51 58 72 73
 45 49 50 58 74
 45 49 50 58 72 73
 45 47 51 58
 45 47 49 50 58
 43 44 56 72
 43 44 56 70 71
 43 44 54 55 72
 43 44 54 55 70 71
 43 44 51 58 74
 43 44 51 58 72 73
 43 44 49 50 58 74
 43 44 49 50 58 72 73
 43 44 47 51 58
 43 44 47 49 50 58
 43 44 45 56
 43 44 45 54 55
 35 41 53 58 72 74
 35 41 53 58 72 73
 35 41 53 58 70 71 74
 35 41 53 58 70 71 72 73
 35 41 53 56 57 72 74
 35 41 53 56 57 72 73
 35 41 53 56 57 70 71 74
 35 41 53 56 57 70 71 72 73
 35 41 51 52 58 72 74
 35 41 51 52 58 72 73
 35 41 51 52 58 70 71 74
 35 41 51 52 58 70 71 72 73
 35 41 51 52 56 57 72 74
 35 41 51 52 56 57 72 73
 35 41 51 52 56 57 70 71 74
 35 41 51 52 56 57 70 71 72 73
 35 41 47 53 58 72
 35 41 47 53 58 70 71
 35 41 47 53 56 57 72
 35 41 47 53 56 57 70 71
 35 41 47 51 52 58 72
 35 41 47 51 52 58 70 71
 35 41 47 51 52 56 57 72
 35 41 47 51 52 56 57 70 71
 35 41 45 53 58 74
 35 41 45 53 58 72 73
 35 41 45 53 56 57 74
 35 41 45 53 56 57 72 73
 35 41 45 51 52 58 74
 35 41 45 51 52 58 72 73
 35 41 45 51 52 56 57 74
 35 41 45 51 52 56 57 72 73
 35 41 45 47 53 58
 35 41 45 47 53 56 57
 35 41 45 47 51 52 58
 35 41 45 47 51 52 56 57
 35 39 40 53 58 72 74
 35 39 40 53 58 72 73
 35 39 40 53 58 70 71 74
 35 39 40 53 58 70 71 72 73
 35 39 40 53 56 57 72 74
 35 39 40 53 56 57 72 73
 35 39 40 53 56 57 70 71 74
 35 39 40 53 56 57 70 71 72 73
 35 39 40 51 52 58 72 74
 35 39 40 51 52 58 72 73
 35 39 40 51 52 58 70 71 74
 35 39 40 51 52 58 70 71 72 73
 35 39 40 51 52 56 57 72 74
 35 39 40 51 52 56 57 72 73
 35 39 40 51 52 56 57 70 71 74
 35 39 40 51 52 56 57 70 71 72 73
 35 39 40 47 53 58 72
 35 39 40 47 53 58 70 71
 35 39 40 47 53 56 57 72
 35 39 40 47 53 56 57 70 71
 35 39 40 47 51 52 58 72
 35 39 40 47 51 52 58 70 71
 35 39 40 47 51 52 56 57 72
 35 39 40 47 51 52 56 57 70 71
 35 39 40 45 53 58 74
 35 39 40 45 53 58 72 73
 35 39 40 45 53 56 57 74
 35 39 40 45 53 56 57 72 73
 35 39 40 45 51 52 58 74
 35 39 40 45 51 52 58 72 73
 35 39 40 45 51 52 56 57 74
 35 39 40 45 51 52 56 57 72 73
 35 39 40 45 47 53 58
 35 39 40 45 47 53 56 57
 35 39 40 45 47 51 52 58
 35 39 40 45 47 51 52 56 57
 31 35 41 53 72 74
 31 35 41 53 72 73
 31 35 41 53 70 71 74
 31 35 41 53 70 71 72 73
 31 35 41 51 52 72 74
 31 35 41 51 52 72 73
 31 35 41 51 52 70 71 74
 31 35 41 51 52 70 71 72 73
 31 35 41 47 53 72
 31 35 41 47 53 70 71
 31 35 41 47 51 52 72
 31 35 41 47 51 52 70 71
 31 35 41 45 53 74
 31 35 41 45 53 72 73
 31 35 41 45 51 52 74
 31 35 41 45 51 52 72 73
 31 35 41 45 47 53
 31 35 41 45 47 51 52
 31 35 39 40 53 72 74
 31 35 39 40 53 72 73
 31 35 39 40 53 70 71 74
 31 35 39 40 53 70 71 72 73
 31 35 39 40 51 52 72 74
 31 35 39 40 51 52 72 73
 31 35 39 40 51 52 70 71 74
 31 35 39 40 51 52 70 71 72 73
 31 35 39 40 47 53 72
 31 35 39 40 47 53 70 71
 31 35 39 40 47 51 52 72
 31 35 39 40 47 51 52 70 71
 31 35 39 40 45 53 74
 31 35 39 40 45 53 72 73
 31 35 39 40 45 51 52 74
 31 35 39 40 45 51 52 72 73
 31 35 39 40 45 47 53
 31 35 39 40 45 47 51 52
 29 45
 29 45 72
 29 45 70 71
 29 43 44 72
 29 43 44 70 71
 29 43 44 45
 28 74
 28 72 73
 28 65
 28 63 64
 28 58 72 74
 28 58 72 73
 28 58 70 71 74
 28 58 70 71 72 73
 28 58 65 72
 28 58 65 70 71
 28 58 63 64 72
 28 58 63 64 70 71
 28 56 57 72 74
 28 56 57 72 73
 28 56 57 70 71 74
 28 56 57 70 71 72 73
 28 56 57 65 72
 28 56 57 65 70 71
 28 56 57 63 64 72
 28 56 57 63 64 70 71
 28 47
 28 47 58 72
 28 47 58 70 71
 28 47 56 57 72
 28 47 56 57 70 71
 28 47 53 56 58
 28 47 53 54 55 58
 28 47 51 52 56 58
 28 47 51 52 54 55 58
 28 45 70 74
 28 45 70 72 73
 28 45 68 70
 28 45 68 70 72
 28 45 68 70 71
 28 45 68 69
 28 45 68 69 74
 28 45 68 69 72
 28 45 68 69 72 73
 28 45 68 69 70 71
 28 45 65 70
 28 45 65 68 69
 28 45 63 64 70
 28 45 63 64 68 69
 28 45 58 74
 28 45 58 72 73
 28 45 58 65
 28 45 58 63 64
 28 45 56 58
 28 45 56 58 72
 28 45 56 58 70 71
 28 45 56 57 74
 28 45 56 57 72 73
 28 45 56 57 65
 28 45 56 57 63 64
 28 45 54 55 58
 28 45 54 55 58 72
 28 45 54 55 58 70 71
 28 45 51 58
 28 45 51 58 72
 28 45 51 58 70 71
 28 45 49 50 58
 28 45 49 50 58 72
 28 45 49 50 58 70 71
 28 45 47 70
 28 45 47 68 69
 28 45 47 58
 28 45 47 56 57
 28 45 46 53 56 58
 28 45 46 53 54 55 58
 28 45 46 51 52 56 58
 28 45 46 51 52 54 55 58
 28 43 45 74
 28 43 45 72 73
 28 43 45 68
 28 43 45 68 72
 28 43 45 68 70 71
 28 43 45 65
 28 43 45 63 64
 28 43 45 47
 28 43 44 74
 28 43 44 72 73
 28 43 44 70 74
 28 43 44 70 72 73
 28 43 44 68 72
 28 43 44 68 70 72
 28 43 44 68 69 74
 28 43 44 68 69 72
 28 43 44 68 69 72 73
 28 43 44 68 69 70 71
 28 43 44 65
 28 43 44 65 70
 28 43 44 65 68 69
 28 43 44 63 64
 28 43 44 63 64 70
 28 43 44 63 64 68 69
 28 43 44 56 58 72
 28 43 44 56 58 70 71
 28 43 44 54 55 58 72
 28 43 44 54 55 58 70 71
 28 43 44 51 58 72
 28 43 44 51 58 70 71
 28 43 44 49 50 58 72
 28 43 44 49 50 58 70 71
 28 43 44 47
 28 43 44 47 70
 28 43 44 47 68 69
 28 43 44 45 68
 28 43 44 45 68 70
 28 43 44 45 68 69
 28 43 44 45 56 58
 28 43 44 45 54 55 58
 28 43 44 45 51 58
 28 43 44 45 49 50 58
 28 41 60 74
 28 41 60 72 73
 28 41 53 74
 28 41 53 72 73
 28 41 51 52 74
 28 41 51 52 72 73
 28 41 47 60
 28 41 47 53
 28 41 47 51 52
 28 41 45 58
 28 41 43 44 58
 28 39 40 60 74
 28 39 40 60 72 73
 28 39 40 53 74
 28 39 40 53 72 73
 28 39 40 51 52 74
 28 39 40 51 52 72 73
 28 39 40 47 60
 28 39 40 47 53
 28 39 40 47 51 52
 28 39 40 45 58
 28 39 40 43 44 58
 28 38
 28 38 58 72
 28 38 58 70 71
 28 38 56 57 72
 28 38 56 57 70 71
 28 38 45 70
 28 38 45 68 69
 28 38 45 58
 28 38 45 56 57
 28 38 43 45
 28 38 43 44
 28 38 43 44 70
 28 38 43 44 68 69
 28 31 72 74
 28 31 72 73
 28 31 70 71 74
 28 31 70 71 72 73
 28 31 65 72
 28 31 65 70 71
 28 31 63 64 72
 28 31 63 64 70 71
 28 31 47 72
 28 31 47 70 71
 28 31 45 74
 28 31 45 72 73
 28 31 45 65
 28 31 45 63 64
 28 31 45 47
 28 31 38 72
 28 31 38 70 71
 28 31 38 45
 28 29 47 53 58
 28 29 47 51 52 58
 28 29 45 58
 28 29 45 58 72
 28 29 45 58 70 71
 28 29 45 46 53 58
 28 29 45 46 51 52 58
 28 29 43 44 58 72
 28 29 43 44 58 70 71
 28 29 43 44 45 58
 26 35 41 58 72 74
 26 35 41 58 72 73
 26 35 41 58 70 71 74
 26 35 41 58 70 71 72 73
 26 35 41 56 57 72 74
 26 35 41 56 57 72 73
 26 35 41 56 57 70 71 74
 26 35 41 56 57 70 71 72 73
 26 35 41 47 58 72
 26 35 41 47 58 70 71
 26 35 41 47 56 57 72
 26 35 41 47 56 57 70 71
 26 35 41 45 58 74
 26 35 41 45 58 72 73
 26 35 41 45 56 57 74
 26 35 41 45 56 57 72 73
 26 35 41 45 47 58
 26 35 41 45 47 56 57
 26 35 39 40 58 72 74
 26 35 39 40 58 72 73
 26 35 39 40 58 70 71 74
 26 35 39 40 58 70 71 72 73
 26 35 39 40 56 57 72 74
 26 35 39 40 56 57 72 73
 26 35 39 40 56 57 70 71 74
 26 35 39 40 56 57 70 71 72 73
 26 35 39 40 47 58 72
 26 35 39 40 47 58 70 71
 26 35 39 40 47 56 57 72
 26 35 39 40 47 56 57 70 71
 26 35 39 40 45 58 74
 26 35 39 40 45 58 72 73
 26 35 39 40 45 56 57 74
 26 35 39 40 45 56 57 72 73
 26 35 39 40 45 47 58
 26 35 39 40 45 47 56 57
 26 31 35 41 72 74
 26 31 35 41 72 73
 26 31 35 41 70 71 74
 26 31 35 41 70 71 72 73
 26 31 35 41 47 72
 26 31 35 41 47 70 71
 26 31 35 41 45 74
 26 31 35 41 45 72 73
 26 31 35 41 45 47
 26 31 35 39 40 72 74
 26 31 35 39 40 72 73
 26 31 35 39 40 70 71 74
 26 31 35 39 40 70 71 72 73
 26 31 35 39 40 47 72
 26 31 35 39 40 47 70 71
 26 31 35 39 40 45 74
 26 31 35 39 40 45 72 73
 26 31 35 39 40 45 47
 26 28 47 56 58
 26 28 47 54 55 58
 26 28 45 70
 26 28 45 70 72
 26 28 45 70 71
 26 28 45 68 69
 26 28 45 68 69 72
 26 28 45 68 69 70 71
 26 28 45 46 56 58
 26 28 45 46 54 55 58
 26 28 43 45
 26 28 43 45 72
 26 28 43 45 70 71
 26 28 43 44 72
 26 28 43 44 70 72
 26 28 43 44 68 69 72
 26 28 43 44 68 69 70 71
 26 28 43 44 45
 26 28 43 44 45 70
 26 28 43 44 45 68 69
 26 28 41 74
 26 28 41 72 73
 26 28 41 47
 26 28 39 40 74
 26 28 39 40 72 73
 26 28 39 40 47
 26 28 29 47 58
 26 28 29 45 46 58
 26 27 74
 26 27 72 73
 26 27 65
 26 27 63 64
 26 27 58 72 74
 26 27 58 72 73
 26 27 58 70 71 74
 26 27 58 70 71 72 73
 26 27 58 65 72
 26 27 58 65 70 71
 26 27 58 63 64 72
 26 27 58 63 64 70 71
 26 27 56 57 72 74
 26 27 56 57 72 73
 26 27 56 57 70 71 74
 26 27 56 57 70 71 72 73
 26 27 56 57 65 72
 26 27 56 57 65 70 71
 26 27 56 57 63 64 72
 26 27 56 57 63 64 70 71
 26 27 47
 26 27 47 58 72
 26 27 47 58 70 71
 26 27 47 56 58
 26 27 47 56 57 72
 26 27 47 56 57 70 71
 26 27 47 54 55 58
 26 27 47 53 56 58
 26 27 47 53 54 55 58
 26 27 47 51 52 56 58
 26 27 47 51 52 54 55 58
 26 27 45 70
 26 27 45 70 74
 26 27 45 70 72
 26 27 45 70 72 73
 26 27 45 70 71
 26 27 45 68 70
 26 27 45 68 70 72
 26 27 45 68 70 71
 26 27 45 68 69 74
 26 27 45 68 69 72 73
 26 27 45 65 70
 26 27 45 65 68 69
 26 27 45 63 64 70
 26 27 45 63 64 68 69
 26 27 45 58 74
 26 27 45 58 72 73
 26 27 45 58 65
 26 27 45 58 63 64
 26 27 45 56 58
 26 27 45 56 58 72
 26 27 45 56 58 70 71
 26 27 45 56 57 74
 26 27 45 56 57 72 73
 26 27 45 56 57 65
 26 27 45 56 57 63 64
 26 27 45 54 55 58
 26 27 45 54 55 58 72
 26 27 45 54 55 58 70 71
 26 27 45 51 58
 26 27 45 51 58 72
 26 27 45 51 58 70 71
 26 27 45 49 50 58
 26 27 45 49 50 58 72
 26 27 45 49 50 58 70 71
 26 27 45 47 70
 26 27 45 47 68 69
 26 27 45 47 58
 26 27 45 47 56 57
 26 27 45 46 56 58
 26 27 45 46 54 55 58
 26 27 45 46 53 56 58
 26 27 45 46 53 54 55 58
 26 27 45 46 51 52 56 58
 26 27 45 46 51 52 54 55 58
 26 27 43 45
 26 27 43 45 74
 26 27 43 45 72
 26 27 43 45 72 73
 26 27 43 45 70 71
 26 27 43 45 68
 26 27 43 45 68 72
 26 27 43 45 68 70 71
 26 27 43 45 65
 26 27 43 45 63 64
 26 27 43 45 47
 26 27 43 44 74
 26 27 43 44 72
 26 27 43 44 72 73
 26 27 43 44 70 74
 26 27 43 44 70 72
 26 27 43 44 70 72 73
 26 27 43 44 68 72
 26 27 43 44 68 70 72
 26 27 43 44 68 69 74
 26 27 43 44 68 69 72 73
 26 27 43 44 65
 26 27 43 44 65 70
 26 27 43 44 65 68 69
 26 27 43 44 63 64
 26 27 43 44 63 64 70
 26 27 43 44 63 64 68 69
 26 27 43 44 56 58 72
 26 27 43 44 56 58 70 71
 26 27 43 44 54 55 58 72
 26 27 43 44 54 55 58 70 71
 26 27 43 44 51 58 72
 26 27 43 44 51 58 70 71
 26 27 43 44 49 50 58 72
 26 27 43 44 49 50 58 70 71
 26 27 43 44 47
 26 27 43 44 47 70
 26 27 43 44 47 68 69
 26 27 43 44 45
 26 27 43 44 45 70
 26 27 43 44 45 68
 26 27 43 44 45 68 70
 26 27 43 44 45 56 58
 26 27 43 44 45 54 55 58
 26 27 43 44 45 51 58
 26 27 43 44 45 49 50 58
 26 27 41 74
 26 27 41 72 73
 26 27 41 60 74
 26 27 41 60 72 73
 26 27 41 53 74
 26 27 41 53 72 73
 26 27 41 51 52 74
 26 27 41 51 52 72 73
 26 27 41 47
 26 27 41 47 60
 26 27 41 47 53
 26 27 41 47 51 52
 26 27 41 45 58
 26 27 41 43 44 58
 26 27 39 40 74
 26 27 39 40 72 73
 26 27 39 40 60 74
 26 27 39 40 60 72 73
 26 27 39 40 53 74
 26 27 39 40 53 72 73
 26 27 39 40 51 52 74
 26 27 39 40 51 52 72 73
 26 27 39 40 47
 26 27 39 40 47 60
 26 27 39 40 47 53
 26 27 39 40 47 51 52
 26 27 39 40 45 58
 26 27 39 40 43 44 58
 26 27 38
 26 27 38 58 72
 26 27 38 58 70 71
 26 27 38 56 57 72
 26 27 38 56 57 70 71
 26 27 38 45 70
 26 27 38 45 68 69
 26 27 38 45 58
 26 27 38 45 56 57
 26 27 38 43 45
 26 27 38 43 44
 26 27 38 43 44 70
 26 27 38 43 44 68 69
 26 27 31 72 74
 26 27 31 72 73
 26 27 31 70 71 74
 26 27 31 70 71 72 73
 26 27 31 65 72
 26 27 31 65 70 71
 26 27 31 63 64 72
 26 27 31 63 64 70 71
 26 27 31 47 72
 26 27 31 47 70 71
 26 27 31 45 74
 26 27 31 45 72 73
 26 27 31 45 65
 26 27 31 45 63 64
 26 27 31 45 47
 26 27 31 38 72
 26 27 31 38 70 71
 26 27 31 38 45
 26 27 29 47 58
 26 27 29 47 53 58
 26 27 29 47 51 52 58
 26 27 29 45 58
 26 27 29 45 58 72
 26 27 29 45 58 70 71
 26 27 29 45 46 58
 26 27 29 45 46 53 58
 26 27 29 45 46 51 52 58
 26 27 29 43 44 58 72
 26 27 29 43 44 58 70 71
 26 27 29 43 44 45 58
 24 45 58 74
 24 45 58 72 73
 24 45 47 58
 24 43 44 58 74
 24 43 44 58 72 73
 24 43 44 47 58
 24 28 45 58
 24 28 45 58 72
 24 28 45 58 70 71
 24 28 43 44 58 72
 24 28 43 44 58 70 71
 24 28 43 44 45 58
 24 28 39 74
 24 28 39 72 73
 24 28 39 47
 24 28 37 38 74
 24 28 37 38 72 73
 24 28 37 38 47
 24 26 27 45 58
 24 26 27 45 58 72
 24 26 27 45 58 70 71
 24 26 27 43 44 58 72
 24 26 27 43 44 58 70 71
 24 26 27 43 44 45 58
 24 26 27 39 74
 24 26 27 39 72 73
 24 26 27 39 47
 24 26 27 37 38 74
 24 26 27 37 38 72 73
 24 26 27 37 38 47
 24 25 28 45 70
 24 25 28 45 70 72
 24 25 28 45 70 71
 24 25 28 45 68 69
 24 25 28 45 68 69 72
 24 25 28 45 68 69 70 71
 24 25 28 43 45
 24 25 28 43 45 72
 24 25 28 43 45 70 71
 24 25 28 43 44 72
 24 25 28 43 44 70 72
 24 25 28 43 44 68 69 72
 24 25 28 43 44 68 69 70 71
 24 25 28 43 44 45
 24 25 28 43 44 45 70
 24 25 28 43 44 45 68 69
 24 25 26 27 45 70
 24 25 26 27 45 70 72
 24 25 26 27 45 70 71
 24 25 26 27 45 68 69
 24 25 26 27 45 68 69 72
 24 25 26 27 45 68 69 70 71
 24 25 26 27 43 45
 24 25 26 27 43 45 72
 24 25 26 27 43 45 70 71
 24 25 26 27 43 44 72
 24 25 26 27 43 44 70 72
 24 25 26 27 43 44 68 69 72
 24 25 26 27 43 44 68 69 70 71
 24 25 26 27 43 44 45
 24 25 26 27 43 44 45 70
 24 25 26 27 43 44 45 68 69
 20 28 53 56 58
 20 28 53 54 55 58
 20 28 51 52 56 58
 20 28 51 52 54 55 58
 20 28 29 53 58
 20 28 29 51 52 58
 20 26 28 56 58
 20 26 28 54 55 58
 20 26 28 29 58
 20 26 27 56 58
 20 26 27 54 55 58
 20 26 27 53 56 58
 20 26 27 53 54 55 58
 20 26 27 51 52 56 58
 20 26 27 51 52 54 55 58
 20 26 27 29 58
 20 26 27 29 53 58
 20 26 27 29 51 52 58
 18 56 72
 18 56 70 71
 18 54 55 72
 18 54 55 70 71
 18 51 58 74
 18 51 58 72 73
 18 49 50 58 74
 18 49 50 58 72 73
 18 47 51 58
 18 47 49 50 58
 18 45 56
 18 45 54 55
 18 29 72
 18 29 70 71
 18 29 45
 18 28 70 74
 18 28 70 72 73
 18 28 68 70 72
 18 28 68 70 71
 18 28 68 69 74
 18 28 68 69 72
 18 28 68 69 72 73
 18 28 68 69 70 71
 18 28 65 70
 18 28 65 68 69
 18 28 63 64 70
 18 28 63 64 68 69
 18 28 56 58 72
 18 28 56 58 70 71
 18 28 54 55 58 72
 18 28 54 55 58 70 71
 18 28 51 58 72
 18 28 51 58 70 71
 18 28 49 50 58 72
 18 28 49 50 58 70 71
 18 28 47 70
 18 28 47 68 69
 18 28 45 68 70
 18 28 45 68 69
 18 28 45 56 58
 18 28 45 54 55 58
 18 28 45 51 58
 18 28 45 49 50 58
 18 28 43 74
 18 28 43 72 73
 18 28 43 68 72
 18 28 43 68 70 71
 18 28 43 65
 18 28 43 63 64
 18 28 43 47
 18 28 43 45 68
 18 28 41 58
 18 28 39 40 58
 18 28 38 70
 18 28 38 68 69
 18 28 38 43
 18 28 29 58 72
 18 28 29 58 70 71
 18 28 29 45 58
 18 26 28 70 72
 18 26 28 70 71
 18 26 28 68 69 72
 18 26 28 68 69 70 71
 18 26 28 45 70
 18 26 28 45 68 69
 18 26 28 43 72
 18 26 28 43 70 71
 18 26 28 43 45
 18 26 27 70 74
 18 26 27 70 72
 18 26 27 70 72 73
 18 26 27 70 71
 18 26 27 68 70 72
 18 26 27 68 70 71
 18 26 27 68 69 74
 18 26 27 68 69 72 73
 18 26 27 65 70
 18 26 27 65 68 69
 18 26 27 63 64 70
 18 26 27 63 64 68 69
 18 26 27 56 58 72
 18 26 27 56 58 70 71
 18 26 27 54 55 58 72
 18 26 27 54 55 58 70 71
 18 26 27 51 58 72
 18 26 27 51 58 70 71
 18 26 27 49 50 58 72
 18 26 27 49 50 58 70 71
 18 26 27 47 70
 18 26 27 47 68 69
 18 26 27 45 70
 18 26 27 45 68 70
 18 26 27 45 56 58
 18 26 27 45 54 55 58
 18 26 27 45 51 58
 18 26 27 45 49 50 58
 18 26 27 43 74
 18 26 27 43 72
 18 26 27 43 72 73
 18 26 27 43 70 71
 18 26 27 43 68 72
 18 26 27 43 68 70 71
 18 26 27 43 65
 18 26 27 43 63 64
 18 26 27 43 47
 18 26 27 43 45
 18 26 27 43 45 68
 18 26 27 41 58
 18 26 27 39 40 58
 18 26 27 38 70
 18 26 27 38 68 69
 18 26 27 38 43
 18 26 27 29 58 72
 18 26 27 29 58 70 71
 18 26 27 29 45 58
 18 24 58 74
 18 24 58 72 73
 18 24 47 58
 18 24 28 58 72
 18 24 28 58 70 71
 18 24 28 45 58
 18 24 26 27 58 72
 18 24 26 27 58 70 71
 18 24 26 27 45 58
 18 24 25 28 70 72
 18 24 25 28 70 71
 18 24 25 28 68 69 72
 18 24 25 28 68 69 70 71
 18 24 25 28 45 70
 18 24 25 28 45 68 69
 18 24 25 28 43 72
 18 24 25 28 43 70 71
 18 24 25 28 43 45
 18 24 25 26 27 70 72
 18 24 25 26 27 70 71
 18 24 25 26 27 68 69 72
 18 24 25 26 27 68 69 70 71
 18 24 25 26 27 45 70
 18 24 25 26 27 45 68 69
 18 24 25 26 27 43 72
 18 24 25 26 27 43 70 71
 18 24 25 26 27 43 45
 14 35 53 58 72 74
 14 35 53 58 72 73
 14 35 53 58 70 71 74
 14 35 53 58 70 71 72 73
 14 35 53 56 57 72 74
 14 35 53 56 57 72 73
 14 35 53 56 57 70 71 74
 14 35 53 56 57 70 71 72 73
 14 35 51 52 58 72 74
 14 35 51 52 58 72 73
 14 35 51 52 58 70 71 74
 14 35 51 52 58 70 71 72 73
 14 35 51 52 56 57 72 74
 14 35 51 52 56 57 72 73
 14 35 51 52 56 57 70 71 74
 14 35 51 52 56 57 70 71 72 73
 14 35 47 53 58 72
 14 35 47 53 58 70 71
 14 35 47 53 56 57 72
 14 35 47 53 56 57 70 71
 14 35 47 51 52 58 72
 14 35 47 51 52 58 70 71
 14 35 47 51 52 56 57 72
 14 35 47 51 52 56 57 70 71
 14 35 45 53 58 74
 14 35 45 53 58 72 73
 14 35 45 53 56 57 74
 14 35 45 53 56 57 72 73
 14 35 45 51 52 58 74
 14 35 45 51 52 58 72 73
 14 35 45 51 52 56 57 74
 14 35 45 51 52 56 57 72 73
 14 35 45 47 53 58
 14 35 45 47 53 56 57
 14 35 45 47 51 52 58
 14 35 45 47 51 52 56 57
 14 31 35 53 72 74
 14 31 35 53 72 73
 14 31 35 53 70 71 74
 14 31 35 53 70 71 72 73
 14 31 35 51 52 72 74
 14 31 35 51 52 72 73
 14 31 35 51 52 70 71 74
 14 31 35 51 52 70 71 72 73
 14 31 35 47 53 72
 14 31 35 47 53 70 71
 14 31 35 47 51 52 72
 14 31 35 47 51 52 70 71
 14 31 35 45 53 74
 14 31 35 45 53 72 73
 14 31 35 45 51 52 74
 14 31 35 45 51 52 72 73
 14 31 35 45 47 53
 14 31 35 45 47 51 52
 14 28 60 74
 14 28 60 72 73
 14 28 53 74
 14 28 53 72 73
 14 28 51 52 74
 14 28 51 52 72 73
 14 28 47 60
 14 28 47 53
 14 28 47 51 52
 14 28 45 58
 14 28 43 44 58
 14 26 35 58 72 74
 14 26 35 58 72 73
 14 26 35 58 70 71 74
 14 26 35 58 70 71 72 73
 14 26 35 56 57 72 74
 14 26 35 56 57 72 73
 14 26 35 56 57 70 71 74
 14 26 35 56 57 70 71 72 73
 14 26 35 47 58 72
 14 26 35 47 58 70 71
 14 26 35 47 56 57 72
 14 26 35 47 56 57 70 71
 14 26 35 45 58 74
 14 26 35 45 58 72 73
 14 26 35 45 56 57 74
 14 26 35 45 56 57 72 73
 14 26 35 45 47 58
 14 26 35 45 47 56 57
 14 26 31 35 72 74
 14 26 31 35 72 73
 14 26 31 35 70 71 74
 14 26 31 35 70 71 72 73
 14 26 31 35 47 72
 14 26 31 35 47 70 71
 14 26 31 35 45 74
 14 26 31 35 45 72 73
 14 26 31 35 45 47
 14 26 28 74
 14 26 28 72 73
 14 26 28 47
 14 26 27 74
 14 26 27 72 73
 14 26 27 60 74
 14 26 27 60 72 73
 14 26 27 53 74
 14 26 27 53 72 73
 14 26 27 51 52 74
 14 26 27 51 52 72 73
 14 26 27 47
 14 26 27 47 60
 14 26 27 47 53
 14 26 27 47 51 52
 14 26 27 45 58
 14 26 27 43 44 58
 14 18 28 58
 14 18 26 27 58
 12 24 28 74
 12 24 28 72 73
 12 24 28 47
 12 24 26 27 74
 12 24 26 27 72 73
 12 24 26 27 47
 1 74
 1 72 73
 1 65
 1 63 64
 1 58 72 74
 1 58 72 73
 1 58 70 71 74
 1 58 70 71 72 73
 1 58 65 72
 1 58 65 70 71
 1 58 63 64 72
 1 58 63 64 70 71
 1 56 57 72 74
 1 56 57 72 73
 1 56 57 70 71 74
 1 56 57 70 71 72 73
 1 56 57 65 72
 1 56 57 65 70 71
 1 56 57 63 64 72
 1 56 57 63 64 70 71
 1 47
 1 47 58 72
 1 47 58 70 71
 1 47 56 57 72
 1 47 56 57 70 71
 1 47 53 56 58
 1 47 53 54 55 58
 1 47 51 52 56 58
 1 47 51 52 54 55 58
 1 45 70 74
 1 45 70 72 73
 1 45 68 70
 1 45 68 70 72
 1 45 68 70 71
 1 45 68 69
 1 45 68 69 74
 1 45 68 69 72
 1 45 68 69 72 73
 1 45 68 69 70 71
 1 45 65 70
 1 45 65 68 69
 1 45 63 64 70
 1 45 63 64 68 69
 1 45 58 74
 1 45 58 72 73
 1 45 58 65
 1 45 58 63 64
 1 45 56 58
 1 45 56 58 72
 1 45 56 58 70 71
 1 45 56 57 74
 1 45 56 57 72 73
 1 45 56 57 65
 1 45 56 57 63 64
 1 45 54 55 58
 1 45 54 55 58 72
 1 45 54 55 58 70 71
 1 45 51 58
 1 45 51 58 72
 1 45 51 58 70 71
 1 45 49 50 58
 1 45 49 50 58 72
 1 45 49 50 58 70 71
 1 45 47 70
 1 45 47 68 69
 1 45 47 58
 1 45 47 56 57
 1 45 46 53 56 58
 1 45 46 53 54 55 58
 1 45 46 51 52 56 58
 1 45 46 51 52 54 55 58
 1 43 45 74
 1 43 45 72 73
 1 43 45 68
 1 43 45 68 72
 1 43 45 68 70 71
 1 43 45 65
 1 43 45 63 64
 1 43 45 47
 1 43 44 74
 1 43 44 72 73
 1 43 44 70 74
 1 43 44 70 72 73
 1 43 44 68 72
 1 43 44 68 70 72
 1 43 44 68 69 74
 1 43 44 68 69 72
 1 43 44 68 69 72 73
 1 43 44 68 69 70 71
 1 43 44 65
 1 43 44 65 70
 1 43 44 65 68 69
 1 43 44 63 64
 1 43 44 63 64 70
 1 43 44 63 64 68 69
 1 43 44 56 58 72
 1 43 44 56 58 70 71
 1 43 44 54 55 58 72
 1 43 44 54 55 58 70 71
 1 43 44 51 58 72
 1 43 44 51 58 70 71
 1 43 44 49 50 58 72
 1 43 44 49 50 58 70 71
 1 43 44 47
 1 43 44 47 70
 1 43 44 47 68 69
 1 43 44 45 68
 1 43 44 45 68 70
 1 43 44 45 68 69
 1 43 44 45 56 58
 1 43 44 45 54 55 58
 1 43 44 45 51 58
 1 43 44 45 49 50 58
 1 41 60 74
 1 41 60 72 73
 1 41 53 74
 1 41 53 72 73
 1 41 51 52 74
 1 41 51 52 72 73
 1 41 47 60
 1 41 47 53
 1 41 47 51 52
 1 41 45 58
 1 41 43 44 58
 1 39 40 60 74
 1 39 40 60 72 73
 1 39 40 53 74
 1 39 40 53 72 73
 1 39 40 51 52 74
 1 39 40 51 52 72 73
 1 39 40 47 60
 1 39 40 47 53
 1 39 40 47 51 52
 1 39 40 45 58
 1 39 40 43 44 58
 1 38
 1 38 58 72
 1 38 58 70 71
 1 38 56 57 72
 1 38 56 57 70 71
 1 38 45 70
 1 38 45 68 69
 1 38 45 58
 1 38 45 56 57
 1 38 43 45
 1 38 43 44
 1 38 43 44 70
 1 38 43 44 68 69
 1 31 72 74
 1 31 72 73
 1 31 70 71 74
 1 31 70 71 72 73
 1 31 65 72
 1 31 65 70 71
 1 31 63 64 72
 1 31 63 64 70 71
 1 31 47 72
 1 31 47 70 71
 1 31 45 74
 1 31 45 72 73
 1 31 45 65
 1 31 45 63 64
 1 31 45 47
 1 31 38 72
 1 31 38 70 71
 1 31 38 45
 1 29 47 53 58
 1 29 47 51 52 58
 1 29 45 58
 1 29 45 58 72
 1 29 45 58 70 71
 1 29 45 46 53 58
 1 29 45 46 51 52 58
 1 29 43 44 58 72
 1 29 43 44 58 70 71
 1 29 43 44 45 58
 1 26 47 56 58
 1 26 47 54 55 58
 1 26 45 70
 1 26 45 70 72
 1 26 45 70 71
 1 26 45 68 69
 1 26 45 68 69 72
 1 26 45 68 69 70 71
 1 26 45 46 56 58
 1 26 45 46 54 55 58
 1 26 43 45
 1 26 43 45 72
 1 26 43 45 70 71
 1 26 43 44 72
 1 26 43 44 70 72
 1 26 43 44 68 69 72
 1 26 43 44 68 69 70 71
 1 26 43 44 45
 1 26 43 44 45 70
 1 26 43 44 45 68 69
 1 26 41 74
 1 26 41 72 73
 1 26 41 47
 1 26 39 40 74
 1 26 39 40 72 73
 1 26 39 40 47
 1 26 29 47 58
 1 26 29 45 46 58
 1 24 45 58
 1 24 45 58 72
 1 24 45 58 70 71
 1 24 43 44 58 72
 1 24 43 44 58 70 71
 1 24 43 44 45 58
 1 24 39 74
 1 24 39 72 73
 1 24 39 47
 1 24 37 38 74
 1 24 37 38 72 73
 1 24 37 38 47
 1 24 25 45 70
 1 24 25 45 70 72
 1 24 25 45 70 71
 1 24 25 45 68 69
 1 24 25 45 68 69 72
 1 24 25 45 68 69 70 71
 1 24 25 43 45
 1 24 25 43 45 72
 1 24 25 43 45 70 71
 1 24 25 43 44 72
 1 24 25 43 44 70 72
 1 24 25 43 44 68 69 72
 1 24 25 43 44 68 69 70 71
 1 24 25 43 44 45
 1 24 25 43 44 45 70
 1 24 25 43 44 45 68 69
 1 20 53 56 58
 1 20 53 54 55 58
 1 20 51 52 56 58
 1 20 51 52 54 55 58
 1 20 29 53 58
 1 20 29 51 52 58
 1 20 26 56 58
 1 20 26 54 55 58
 1 20 26 29 58
 1 18 70 74
 1 18 70 72 73
 1 18 68 70 72
 1 18 68 70 71
 1 18 68 69 74
 1 18 68 69 72
 1 18 68 69 72 73
 1 18 68 69 70 71
 1 18 65 70
 1 18 65 68 69
 1 18 63 64 70
 1 18 63 64 68 69
 1 18 56 58 72
 1 18 56 58 70 71
 1 18 54 55 58 72
 1 18 54 55 58 70 71
 1 18 51 58 72
 1 18 51 58 70 71
 1 18 49 50 58 72
 1 18 49 50 58 70 71
 1 18 47 70
 1 18 47 68 69
 1 18 45 68 70
 1 18 45 68 69
 1 18 45 56 58
 1 18 45 54 55 58
 1 18 45 51 58
 1 18 45 49 50 58
 1 18 43 74
 1 18 43 72 73
 1 18 43 68 72
 1 18 43 68 70 71
 1 18 43 65
 1 18 43 63 64
 1 18 43 47
 1 18 43 45 68
 1 18 41 58
 1 18 39 40 58
 1 18 38 70
 1 18 38 68 69
 1 18 38 43
 1 18 29 58 72
 1 18 29 58 70 71
 1 18 29 45 58
 1 18 26 70 72
 1 18 26 70 71
 1 18 26 68 69 72
 1 18 26 68 69 70 71
 1 18 26 45 70
 1 18 26 45 68 69
 1 18 26 43 72
 1 18 26 43 70 71
 1 18 26 43 45
 1 18 24 58 72
 1 18 24 58 70 71
 1 18 24 45 58
 1 18 24 25 70 72
 1 18 24 25 70 71
 1 18 24 25 68 69 72
 1 18 24 25 68 69 70 71
 1 18 24 25 45 70
 1 18 24 25 45 68 69
 1 18 24 25 43 72
 1 18 24 25 43 70 71
 1 18 24 25 43 45
 1 14 60 74
 1 14 60 72 73
 1 14 53 74
 1 14 53 72 73
 1 14 51 52 74
 1 14 51 52 72 73
 1 14 47 60
 1 14 47 53
 1 14 47 51 52
 1 14 45 58
 1 14 43 44 58
 1 14 26 74
 1 14 26 72 73
 1 14 26 47
 1 14 18 58
 1 12 24 74
 1 12 24 72 73
 1 12 24 47
