 68
 60 72
 60 70 71
 60 68
 60 68 73
 60 68 72
 60 68 71 72
 60 68 70 71
 60 67 68
 60 65 66 68
 59 60 68 72
 59 60 68 70 71
 58 60 68
 57
 56 57 60 68
 55 60 68
 54 72
 54 70 71
 54 60 68 78 79
 53 57 68
 53 54 60 68
 52 53 72
 52 53 70 71
 51 52 57 68
 46 60 68
 45 70
 45 68 69
 45 62
 45 60
 45 60 68
 45 59 60 68
 45 57
 45 54
 45 54 56
 45 54 55 56
 45 53 56 68 70
 45 53 56 68 69
 45 53 54 55 68 70
 45 53 54 55 68 69
 45 52 53
 45 52 53 56
 45 51 52 56 68 70
 45 51 52 56 68 69
 45 51 52 54 55 68 70
 45 51 52 54 55 68 69
 43 45
 43 45 53 56 68
 43 45 53 54 55 68
 43 45 51 52 56 68
 43 45 51 52 54 55 68
 43 44
 43 44 70
 43 44 68 69
 43 44 62
 43 44 57
 43 44 54 56
 43 44 54 55 56
 43 44 53 56 68
 43 44 53 56 68 70
 43 44 53 56 68 69
 43 44 53 54 55 68
 43 44 53 54 55 68 70
 43 44 53 54 55 68 69
 43 44 52 53 56
 43 44 51 52 56 68
 43 44 51 52 56 68 70
 43 44 51 52 56 68 69
 43 44 51 52 54 55 68
 43 44 51 52 54 55 68 70
 43 44 51 52 54 55 68 69
 41
 41 68
 41 64 68
 41 60 68 72
 41 60 68 70 71
 41 55 68
 41 45 60 68
 41 45 56
 41 45 53 59 68 70
 41 45 53 59 68 69
 41 45 51 52 59 68 70
 41 45 51 52 59 68 69
 41 43
 41 43 68
 41 43 64 68
 41 43 55 68
 41 43 45 53 59 68
 41 43 45 51 52 59 68
 41 43 44 56
 41 43 44 53 59 68
 41 43 44 53 59 68 70
 41 43 44 53 59 68 69
 41 43 44 51 52 59 68
 41 43 44 51 52 59 68 70
 41 43 44 51 52 59 68 69
 41 42
 41 42 68
 41 42 64 68
 41 42 55 68
 40 60 68
 39
 39 64 68
 39 57 62 68
 39 45 56 57
 39 43
 39 43 64
 39 43 55
 39 43 44 56 57
 39 41 64
 39 41 55
 39 41 42
 39 41 42 64
 39 41 42 55
 39 40
 39 40 68
 39 40 64
 39 40 64 68
 39 40 60 68 72
 39 40 60 68 70 71
 39 40 55
 39 40 55 68
 39 40 45 60 68
 39 40 45 56
 39 40 45 53 59 68 70
 39 40 45 53 59 68 69
 39 40 45 51 52 59 68 70
 39 40 45 51 52 59 68 69
 39 40 43
 39 40 43 68
 39 40 43 64 68
 39 40 43 55 68
 39 40 43 45 53 59 68
 39 40 43 45 51 52 59 68
 39 40 43 44 56
 39 40 43 44 53 59 68
 39 40 43 44 53 59 68 70
 39 40 43 44 53 59 68 69
 39 40 43 44 51 52 59 68
 39 40 43 44 51 52 59 68 70
 39 40 43 44 51 52 59 68 69
 39 40 41 42
 39 40 41 42 68
 39 40 41 42 64 68
 39 40 41 42 55 68
 37 38
 37 38 64 68
 37 38 57 62 68
 37 38 45 56 57
 37 38 43
 37 38 43 64
 37 38 43 55
 37 38 43 44 56 57
 37 38 41 64
 37 38 41 55
 37 38 41 42
 37 38 41 42 64
 37 38 41 42 55
 37 38 39 40 64
 37 38 39 40 55
 35 53 68
 35 53 57
 35 51 52 68
 35 51 52 57
 35 39 53
 35 39 53 57 62 68
 35 39 53 55 68
 35 39 51 52
 35 39 51 52 57 62 68
 35 39 51 52 55 68
 35 39 43
 35 39 43 53 64
 35 39 43 53 55
 35 39 43 51 52 64
 35 39 43 51 52 55
 35 39 41 53 64
 35 39 41 53 55
 35 39 41 51 52 64
 35 39 41 51 52 55
 35 39 41 42
 35 39 41 42 53 64
 35 39 41 42 53 55
 35 39 41 42 51 52 64
 35 39 41 42 51 52 55
 35 39 40 53 64
 35 39 40 53 55
 35 39 40 51 52 64
 35 39 40 51 52 55
 35 37 38 53
 35 37 38 53 57 62 68
 35 37 38 53 55 68
 35 37 38 51 52
 35 37 38 51 52 57 62 68
 35 37 38 51 52 55 68
 35 37 38 43
 35 37 38 43 53 64
 35 37 38 43 53 55
 35 37 38 43 51 52 64
 35 37 38 43 51 52 55
 35 37 38 41 53 64
 35 37 38 41 53 55
 35 37 38 41 51 52 64
 35 37 38 41 51 52 55
 35 37 38 41 42
 35 37 38 41 42 53 64
 35 37 38 41 42 53 55
 35 37 38 41 42 51 52 64
 35 37 38 41 42 51 52 55
 35 37 38 39 40 53 64
 35 37 38 39 40 53 55
 35 37 38 39 40 51 52 64
 35 37 38 39 40 51 52 55
 31 60 68
 29 45 56
 29 45 53 68 70
 29 45 53 68 69
 29 45 51 52 68 70
 29 45 51 52 68 69
 29 43 45 53 68
 29 43 45 51 52 68
 29 43 44 56
 29 43 44 53 68
 29 43 44 53 68 70
 29 43 44 53 68 69
 29 43 44 51 52 68
 29 43 44 51 52 68 70
 29 43 44 51 52 68 69
 28
 28 72
 28 70
 28 70 71
 28 68 69
 28 60
 28 60 71
 28 60 70
 28 60 67 68 70
 28 60 67 68 69
 28 58 60 68 70
 28 58 60 68 69
 28 56 60
 28 56 57 60 68 70
 28 56 57 60 68 69
 28 54 55 60
 28 45 62
 28 45 60 62
 28 45 60 62 72
 28 45 60 62 70 71
 28 45 59
 28 45 58
 28 45 58 62
 28 45 58 62 72
 28 45 58 62 70 71
 28 45 56 57
 28 45 53
 28 45 51 62
 28 45 51 62 72
 28 45 51 62 70 71
 28 44 60
 28 43
 28 43 60
 28 43 60 69
 28 43 60 67 68
 28 43 58 60 68
 28 43 56 57 60 68
 28 43 44
 28 43 44 62
 28 43 44 60 62 72
 28 43 44 60 62 70 71
 28 43 44 59
 28 43 44 58
 28 43 44 58 62 72
 28 43 44 58 62 70 71
 28 43 44 56 57
 28 43 44 53
 28 43 44 51 62 72
 28 43 44 51 62 70 71
 28 43 44 45 60 62
 28 43 44 45 58 62
 28 43 44 45 51 62
 28 42 60 70
 28 42 60 68 69
 28 42 43 60
 28 41
 28 41 45
 28 41 45 56 57
 28 41 45 53
 28 41 45 53 56
 28 41 45 53 56 72
 28 41 45 53 56 70 71
 28 41 45 51 52
 28 41 45 51 52 56
 28 41 45 51 52 56 72
 28 41 45 51 52 56 70 71
 28 41 43 44
 28 41 43 44 56 57
 28 41 43 44 53
 28 41 43 44 53 56 72
 28 41 43 44 53 56 70 71
 28 41 43 44 51 52
 28 41 43 44 51 52 56 72
 28 41 43 44 51 52 56 70 71
 28 41 43 44 45 53 56
 28 41 43 44 45 51 52 56
 28 39 56 68 70
 28 39 56 68 69
 28 39 45 57
 28 39 43 56 68
 28 39 43 44 57
 28 39 41 45 57
 28 39 41 43 44 57
 28 39 40
 28 39 40 45
 28 39 40 45 57
 28 39 40 45 56 57
 28 39 40 45 53
 28 39 40 45 53 56
 28 39 40 45 53 56 72
 28 39 40 45 53 56 70 71
 28 39 40 45 51 52
 28 39 40 45 51 52 56
 28 39 40 45 51 52 56 72
 28 39 40 45 51 52 56 70 71
 28 39 40 43 44
 28 39 40 43 44 57
 28 39 40 43 44 56 57
 28 39 40 43 44 53
 28 39 40 43 44 53 56 72
 28 39 40 43 44 53 56 70 71
 28 39 40 43 44 51 52
 28 39 40 43 44 51 52 56 72
 28 39 40 43 44 51 52 56 70 71
 28 39 40 43 44 45 53 56
 28 39 40 43 44 45 51 52 56
 28 37 38 56 68 70
 28 37 38 56 68 69
 28 37 38 45 57
 28 37 38 43 56 68
 28 37 38 43 44 57
 28 37 38 41 45 57
 28 37 38 41 43 44 57
 28 37 38 39 40 45 57
 28 37 38 39 40 43 44 57
 28 35 41 53
 28 35 41 51 52
 28 35 39 40 53
 28 35 39 40 51 52
 28 31 60 68 70
 28 31 60 68 69
 28 31 45
 28 31 43 60 68
 28 31 43 44
 28 30 45
 28 30 43 44
 28 29 60
 28 29 45
 28 29 43 44
 27 72
 27 70 71
 27 45
 27 45 56
 27 43 44 56
 26
 26 60
 26 60 73
 26 60 72
 26 60 71 72
 26 60 70 71
 26 60 67
 26 60 65 66
 26 59 60 72
 26 59 60 70 71
 26 58 60
 26 57
 26 57 68
 26 56 57 60
 26 55 60
 26 54 60 78 79
 26 53 57
 26 53 54 60
 26 51 52 57
 26 46 60
 26 45 60
 26 45 59 60
 26 45 56 70
 26 45 56 68 70
 26 45 54 55 70
 26 45 54 55 68 70
 26 45 53 56 70
 26 45 53 56 68 69
 26 45 53 54 55 70
 26 45 53 54 55 68 69
 26 45 51 52 56 70
 26 45 51 52 56 68 69
 26 45 51 52 54 55 70
 26 45 51 52 54 55 68 69
 26 43 45 56
 26 43 45 56 68
 26 43 45 54 55
 26 43 45 54 55 68
 26 43 45 53 56
 26 43 45 53 54 55
 26 43 45 51 52 56
 26 43 45 51 52 54 55
 26 43 44 56
 26 43 44 56 70
 26 43 44 56 68
 26 43 44 56 68 70
 26 43 44 54 55
 26 43 44 54 55 70
 26 43 44 54 55 68
 26 43 44 54 55 68 70
 26 43 44 53 56
 26 43 44 53 56 70
 26 43 44 53 56 68 69
 26 43 44 53 54 55
 26 43 44 53 54 55 70
 26 43 44 53 54 55 68 69
 26 43 44 51 52 56
 26 43 44 51 52 56 70
 26 43 44 51 52 56 68 69
 26 43 44 51 52 54 55
 26 43 44 51 52 54 55 70
 26 43 44 51 52 54 55 68 69
 26 41
 26 41 64
 26 41 60 72
 26 41 60 70 71
 26 41 55
 26 41 45 60
 26 41 45 59 70
 26 41 45 59 68 70
 26 41 45 53 59 70
 26 41 45 53 59 68 69
 26 41 45 51 52 59 70
 26 41 45 51 52 59 68 69
 26 41 43
 26 41 43 64
 26 41 43 55
 26 41 43 45 59
 26 41 43 45 59 68
 26 41 43 45 53 59
 26 41 43 45 51 52 59
 26 41 43 44 59
 26 41 43 44 59 70
 26 41 43 44 59 68
 26 41 43 44 59 68 70
 26 41 43 44 53 59
 26 41 43 44 53 59 70
 26 41 43 44 53 59 68 69
 26 41 43 44 51 52 59
 26 41 43 44 51 52 59 70
 26 41 43 44 51 52 59 68 69
 26 41 42
 26 41 42 64
 26 41 42 55
 26 40 60
 26 39 64
 26 39 57 62
 26 39 40
 26 39 40 64
 26 39 40 60 72
 26 39 40 60 70 71
 26 39 40 55
 26 39 40 45 60
 26 39 40 45 59 70
 26 39 40 45 59 68 70
 26 39 40 45 53 59 70
 26 39 40 45 53 59 68 69
 26 39 40 45 51 52 59 70
 26 39 40 45 51 52 59 68 69
 26 39 40 43
 26 39 40 43 64
 26 39 40 43 55
 26 39 40 43 45 59
 26 39 40 43 45 59 68
 26 39 40 43 45 53 59
 26 39 40 43 45 51 52 59
 26 39 40 43 44 59
 26 39 40 43 44 59 70
 26 39 40 43 44 59 68
 26 39 40 43 44 59 68 70
 26 39 40 43 44 53 59
 26 39 40 43 44 53 59 70
 26 39 40 43 44 53 59 68 69
 26 39 40 43 44 51 52 59
 26 39 40 43 44 51 52 59 70
 26 39 40 43 44 51 52 59 68 69
 26 39 40 41 42
 26 39 40 41 42 64
 26 39 40 41 42 55
 26 37 38 64
 26 37 38 57 62
 26 35
 26 35 68
 26 35 57
 26 35 53
 26 35 51 52
 26 35 39
 26 35 39 57 62
 26 35 39 57 62 68
 26 35 39 55
 26 35 39 55 68
 26 35 39 53 57 62
 26 35 39 53 55
 26 35 39 51 52 57 62
 26 35 39 51 52 55
 26 35 39 43 64
 26 35 39 43 55
 26 35 39 41 64
 26 35 39 41 55
 26 35 39 41 42 64
 26 35 39 41 42 55
 26 35 39 40 64
 26 35 39 40 55
 26 35 37 38
 26 35 37 38 57 62
 26 35 37 38 57 62 68
 26 35 37 38 55
 26 35 37 38 55 68
 26 35 37 38 53 57 62
 26 35 37 38 53 55
 26 35 37 38 51 52 57 62
 26 35 37 38 51 52 55
 26 35 37 38 43 64
 26 35 37 38 43 55
 26 35 37 38 41 64
 26 35 37 38 41 55
 26 35 37 38 41 42 64
 26 35 37 38 41 42 55
 26 35 37 38 39 40 64
 26 35 37 38 39 40 55
 26 31 60
 26 29 45 70
 26 29 45 68 70
 26 29 45 53 70
 26 29 45 53 68 69
 26 29 45 51 52 70
 26 29 45 51 52 68 69
 26 29 43 45
 26 29 43 45 68
 26 29 43 45 53
 26 29 43 45 51 52
 26 29 43 44
 26 29 43 44 70
 26 29 43 44 68
 26 29 43 44 68 70
 26 29 43 44 53
 26 29 43 44 53 70
 26 29 43 44 53 68 69
 26 29 43 44 51 52
 26 29 43 44 51 52 70
 26 29 43 44 51 52 68 69
 26 28 58 60 70
 26 28 58 60 68 69
 26 28 56 57 60 70
 26 28 56 57 60 68 69
 26 28 43 58 60
 26 28 43 56 57 60
 26 28 41 45
 26 28 41 45 56
 26 28 41 45 56 72
 26 28 41 45 56 70 71
 26 28 41 43 44
 26 28 41 43 44 56 72
 26 28 41 43 44 56 70 71
 26 28 41 43 44 45 56
 26 28 39 56 70
 26 28 39 56 68 69
 26 28 39 43 56
 26 28 39 40 45
 26 28 39 40 45 56
 26 28 39 40 45 56 72
 26 28 39 40 45 56 70 71
 26 28 39 40 43 44
 26 28 39 40 43 44 56 72
 26 28 39 40 43 44 56 70 71
 26 28 39 40 43 44 45 56
 26 28 37 38 56 70
 26 28 37 38 56 68 69
 26 28 37 38 43 56
 26 28 35 41
 26 28 35 39 40
 26 28 31 60 70
 26 28 31 60 68 69
 26 28 31 43 60
 26 27
 26 27 72
 26 27 70
 26 27 70 71
 26 27 68 69
 26 27 60
 26 27 60 71
 26 27 60 70
 26 27 60 67 68 70
 26 27 60 67 68 69
 26 27 58 60 70
 26 27 58 60 68 70
 26 27 56 60
 26 27 56 57 60 70
 26 27 56 57 60 68 70
 26 27 54 55 60
 26 27 45 62
 26 27 45 60 62
 26 27 45 60 62 72
 26 27 45 60 62 70 71
 26 27 45 59
 26 27 45 58
 26 27 45 58 62
 26 27 45 58 62 72
 26 27 45 58 62 70 71
 26 27 45 56 57
 26 27 45 53
 26 27 45 51 62
 26 27 45 51 62 72
 26 27 45 51 62 70 71
 26 27 44 60
 26 27 43
 26 27 43 60
 26 27 43 60 69
 26 27 43 60 67 68
 26 27 43 58 60
 26 27 43 58 60 68
 26 27 43 56 57 60
 26 27 43 56 57 60 68
 26 27 43 44
 26 27 43 44 62
 26 27 43 44 60 62 72
 26 27 43 44 60 62 70 71
 26 27 43 44 59
 26 27 43 44 58
 26 27 43 44 58 62 72
 26 27 43 44 58 62 70 71
 26 27 43 44 56 57
 26 27 43 44 53
 26 27 43 44 51 62 72
 26 27 43 44 51 62 70 71
 26 27 43 44 45 60 62
 26 27 43 44 45 58 62
 26 27 43 44 45 51 62
 26 27 42 60 70
 26 27 42 60 68 69
 26 27 42 43 60
 26 27 41
 26 27 41 45 56
 26 27 41 45 56 72
 26 27 41 45 56 70 71
 26 27 41 45 56 57
 26 27 41 45 53
 26 27 41 45 53 56
 26 27 41 45 53 56 72
 26 27 41 45 53 56 70 71
 26 27 41 45 51 52
 26 27 41 45 51 52 56
 26 27 41 45 51 52 56 72
 26 27 41 45 51 52 56 70 71
 26 27 41 43 44 56 72
 26 27 41 43 44 56 70 71
 26 27 41 43 44 56 57
 26 27 41 43 44 53
 26 27 41 43 44 53 56 72
 26 27 41 43 44 53 56 70 71
 26 27 41 43 44 51 52
 26 27 41 43 44 51 52 56 72
 26 27 41 43 44 51 52 56 70 71
 26 27 41 43 44 45 56
 26 27 41 43 44 45 53 56
 26 27 41 43 44 45 51 52 56
 26 27 39 56 70
 26 27 39 56 68 70
 26 27 39 45 57
 26 27 39 43 56
 26 27 39 43 56 68
 26 27 39 43 44 57
 26 27 39 41 45 57
 26 27 39 41 43 44 57
 26 27 39 40
 26 27 39 40 45 57
 26 27 39 40 45 56
 26 27 39 40 45 56 72
 26 27 39 40 45 56 70 71
 26 27 39 40 45 56 57
 26 27 39 40 45 53
 26 27 39 40 45 53 56
 26 27 39 40 45 53 56 72
 26 27 39 40 45 53 56 70 71
 26 27 39 40 45 51 52
 26 27 39 40 45 51 52 56
 26 27 39 40 45 51 52 56 72
 26 27 39 40 45 51 52 56 70 71
 26 27 39 40 43 44 57
 26 27 39 40 43 44 56 72
 26 27 39 40 43 44 56 70 71
 26 27 39 40 43 44 56 57
 26 27 39 40 43 44 53
 26 27 39 40 43 44 53 56 72
 26 27 39 40 43 44 53 56 70 71
 26 27 39 40 43 44 51 52
 26 27 39 40 43 44 51 52 56 72
 26 27 39 40 43 44 51 52 56 70 71
 26 27 39 40 43 44 45 56
 26 27 39 40 43 44 45 53 56
 26 27 39 40 43 44 45 51 52 56
 26 27 37 38 56 70
 26 27 37 38 56 68 70
 26 27 37 38 45 57
 26 27 37 38 43 56
 26 27 37 38 43 56 68
 26 27 37 38 43 44 57
 26 27 37 38 41 45 57
 26 27 37 38 41 43 44 57
 26 27 37 38 39 40 45 57
 26 27 37 38 39 40 43 44 57
 26 27 35 41
 26 27 35 41 53
 26 27 35 41 51 52
 26 27 35 39 40
 26 27 35 39 40 53
 26 27 35 39 40 51 52
 26 27 31 60 70
 26 27 31 60 68 70
 26 27 31 45
 26 27 31 43 60
 26 27 31 43 60 68
 26 27 31 43 44
 26 27 30 45
 26 27 30 43 44
 26 27 29 60
 26 27 28 29 45
 26 27 28 29 43 44
 24 41 64 68
 24 41 55 68
 24 39 64 68
 24 39 55 68
 24 39 53 68
 24 39 51 52 68
 24 39 45 56
 24 39 45 56 57
 24 39 43 44 56
 24 39 43 44 56 57
 24 39 40 64 68
 24 39 40 55 68
 24 37 38 64 68
 24 37 38 55 68
 24 37 38 53 68
 24 37 38 51 52 68
 24 37 38 45 56
 24 37 38 45 56 57
 24 37 38 43 44 56
 24 37 38 43 44 56 57
 24 35 39 53
 24 35 39 51 52
 24 35 39 43 53 64
 24 35 39 43 53 55
 24 35 39 43 51 52 64
 24 35 39 43 51 52 55
 24 35 39 41 53 64
 24 35 39 41 53 55
 24 35 39 41 51 52 64
 24 35 39 41 51 52 55
 24 35 39 41 42 53 64
 24 35 39 41 42 53 55
 24 35 39 41 42 51 52 64
 24 35 39 41 42 51 52 55
 24 35 39 40 53 64
 24 35 39 40 53 55
 24 35 39 40 51 52 64
 24 35 39 40 51 52 55
 24 35 37 38 53
 24 35 37 38 51 52
 24 35 37 38 43 53 64
 24 35 37 38 43 53 55
 24 35 37 38 43 51 52 64
 24 35 37 38 43 51 52 55
 24 35 37 38 41 53 64
 24 35 37 38 41 53 55
 24 35 37 38 41 51 52 64
 24 35 37 38 41 51 52 55
 24 35 37 38 41 42 53 64
 24 35 37 38 41 42 53 55
 24 35 37 38 41 42 51 52 64
 24 35 37 38 41 42 51 52 55
 24 35 37 38 39 40 53 64
 24 35 37 38 39 40 53 55
 24 35 37 38 39 40 51 52 64
 24 35 37 38 39 40 51 52 55
 24 28 60 70
 24 28 60 68 69
 24 28 43 60
 24 26 41 64
 24 26 41 55
 24 26 39
 24 26 39 68
 24 26 39 64
 24 26 39 55
 24 26 39 53
 24 26 39 51 52
 24 26 39 40 64
 24 26 39 40 55
 24 26 37 38
 24 26 37 38 68
 24 26 37 38 64
 24 26 37 38 55
 24 26 37 38 53
 24 26 37 38 51 52
 24 26 35 39
 24 26 35 39 43 64
 24 26 35 39 43 55
 24 26 35 39 41 64
 24 26 35 39 41 55
 24 26 35 39 41 42 64
 24 26 35 39 41 42 55
 24 26 35 39 40 64
 24 26 35 39 40 55
 24 26 35 37 38
 24 26 35 37 38 43 64
 24 26 35 37 38 43 55
 24 26 35 37 38 41 64
 24 26 35 37 38 41 55
 24 26 35 37 38 41 42 64
 24 26 35 37 38 41 42 55
 24 26 35 37 38 39 40 64
 24 26 35 37 38 39 40 55
 24 26 27 60 70
 24 26 27 60 68 69
 24 26 27 43 60
 24 25
 24 25 60
 24 25 60 73
 24 25 60 72
 24 25 60 71 72
 24 25 60 70 71
 24 25 60 67
 24 25 60 65 66
 24 25 59 60 72
 24 25 59 60 70 71
 24 25 58 60
 24 25 56 57 60
 24 25 55 60
 24 25 54 60 78 79
 24 25 53 57
 24 25 53 54 60
 24 25 51 52 57
 24 25 46 60
 24 25 45 60
 24 25 45 59 60
 24 25 45 53 56 70
 24 25 45 53 56 68 69
 24 25 45 53 54 55 70
 24 25 45 53 54 55 68 69
 24 25 45 51 52 56 70
 24 25 45 51 52 56 68 69
 24 25 45 51 52 54 55 70
 24 25 45 51 52 54 55 68 69
 24 25 43 45 53 56
 24 25 43 45 53 54 55
 24 25 43 45 51 52 56
 24 25 43 45 51 52 54 55
 24 25 43 44 53 56
 24 25 43 44 53 56 70
 24 25 43 44 53 56 68 69
 24 25 43 44 53 54 55
 24 25 43 44 53 54 55 70
 24 25 43 44 53 54 55 68 69
 24 25 43 44 51 52 56
 24 25 43 44 51 52 56 70
 24 25 43 44 51 52 56 68 69
 24 25 43 44 51 52 54 55
 24 25 43 44 51 52 54 55 70
 24 25 43 44 51 52 54 55 68 69
 24 25 41
 24 25 41 60 72
 24 25 41 60 70 71
 24 25 41 45 60
 24 25 41 45 53 59 70
 24 25 41 45 53 59 68 69
 24 25 41 45 51 52 59 70
 24 25 41 45 51 52 59 68 69
 24 25 41 43
 24 25 41 43 64
 24 25 41 43 55
 24 25 41 43 45 53 59
 24 25 41 43 45 51 52 59
 24 25 41 43 44 53 59
 24 25 41 43 44 53 59 70
 24 25 41 43 44 53 59 68 69
 24 25 41 43 44 51 52 59
 24 25 41 43 44 51 52 59 70
 24 25 41 43 44 51 52 59 68 69
 24 25 41 42
 24 25 41 42 64
 24 25 41 42 55
 24 25 40 60
 24 25 39 57 62
 24 25 39 55
 24 25 39 53
 24 25 39 51 52
 24 25 39 40
 24 25 39 40 60 72
 24 25 39 40 60 70 71
 24 25 39 40 45 60
 24 25 39 40 45 53 59 70
 24 25 39 40 45 53 59 68 69
 24 25 39 40 45 51 52 59 70
 24 25 39 40 45 51 52 59 68 69
 24 25 39 40 43
 24 25 39 40 43 64
 24 25 39 40 43 55
 24 25 39 40 43 45 53 59
 24 25 39 40 43 45 51 52 59
 24 25 39 40 43 44 53 59
 24 25 39 40 43 44 53 59 70
 24 25 39 40 43 44 53 59 68 69
 24 25 39 40 43 44 51 52 59
 24 25 39 40 43 44 51 52 59 70
 24 25 39 40 43 44 51 52 59 68 69
 24 25 39 40 41 42
 24 25 39 40 41 42 64
 24 25 39 40 41 42 55
 24 25 37 38 57 62
 24 25 37 38 55
 24 25 37 38 53
 24 25 37 38 51 52
 24 25 35 53
 24 25 35 51 52
 24 25 35 39 53 57 62
 24 25 35 39 53 55
 24 25 35 39 51 52 57 62
 24 25 35 39 51 52 55
 24 25 35 37 38 53 57 62
 24 25 35 37 38 53 55
 24 25 35 37 38 51 52 57 62
 24 25 35 37 38 51 52 55
 24 25 31 60
 24 25 29 45 53 70
 24 25 29 45 53 68 69
 24 25 29 45 51 52 70
 24 25 29 45 51 52 68 69
 24 25 29 43 45 53
 24 25 29 43 45 51 52
 24 25 29 43 44 53
 24 25 29 43 44 53 70
 24 25 29 43 44 53 68 69
 24 25 29 43 44 51 52
 24 25 29 43 44 51 52 70
 24 25 29 43 44 51 52 68 69
 24 25 28 58 60 70
 24 25 28 58 60 68 69
 24 25 28 56 57 60 70
 24 25 28 56 57 60 68 69
 24 25 28 43 58 60
 24 25 28 43 56 57 60
 24 25 28 39 56 70
 24 25 28 39 56 68 69
 24 25 28 39 43 56
 24 25 28 37 38 56 70
 24 25 28 37 38 56 68 69
 24 25 28 37 38 43 56
 24 25 28 31 60 70
 24 25 28 31 60 68 69
 24 25 28 31 43 60
 24 25 26 57
 24 25 26 45 56 70
 24 25 26 45 56 68 69
 24 25 26 45 54 55 70
 24 25 26 45 54 55 68 69
 24 25 26 43 45 56
 24 25 26 43 45 54 55
 24 25 26 43 44 56
 24 25 26 43 44 56 70
 24 25 26 43 44 56 68 69
 24 25 26 43 44 54 55
 24 25 26 43 44 54 55 70
 24 25 26 43 44 54 55 68 69
 24 25 26 41 45 59 70
 24 25 26 41 45 59 68 69
 24 25 26 41 43 45 59
 24 25 26 41 43 44 59
 24 25 26 41 43 44 59 70
 24 25 26 41 43 44 59 68 69
 24 25 26 39
 24 25 26 39 40 45 59 70
 24 25 26 39 40 45 59 68 69
 24 25 26 39 40 43 45 59
 24 25 26 39 40 43 44 59
 24 25 26 39 40 43 44 59 70
 24 25 26 39 40 43 44 59 68 69
 24 25 26 37 38
 24 25 26 35
 24 25 26 35 39 57 62
 24 25 26 35 39 55
 24 25 26 35 37 38 57 62
 24 25 26 35 37 38 55
 24 25 26 29 45 70
 24 25 26 29 45 68 69
 24 25 26 29 43 45
 24 25 26 29 43 44
 24 25 26 29 43 44 70
 24 25 26 29 43 44 68 69
 24 25 26 27 58 60 70
 24 25 26 27 58 60 68 69
 24 25 26 27 56 57 60 70
 24 25 26 27 56 57 60 68 69
 24 25 26 27 43 58 60
 24 25 26 27 43 56 57 60
 24 25 26 27 39 56 70
 24 25 26 27 39 56 68 69
 24 25 26 27 39 43 56
 24 25 26 27 37 38 56 70
 24 25 26 27 37 38 56 68 69
 24 25 26 27 37 38 43 56
 24 25 26 27 31 60 70
 24 25 26 27 31 60 68 69
 24 25 26 27 31 43 60
 18 70
 18 68 69
 18 62
 18 57
 18 54 56
 18 54 55 56
 18 53 56 68 70
 18 53 56 68 69
 18 53 54 55 68 70
 18 53 54 55 68 69
 18 52 53 56
 18 51 52 56 68 70
 18 51 52 56 68 69
 18 51 52 54 55 68 70
 18 51 52 54 55 68 69
 18 43
 18 43 53 56 68
 18 43 53 54 55 68
 18 43 51 52 56 68
 18 43 51 52 54 55 68
 18 41 56
 18 41 53 59 68 70
 18 41 53 59 68 69
 18 41 51 52 59 68 70
 18 41 51 52 59 68 69
 18 41 43 53 59 68
 18 41 43 51 52 59 68
 18 39 56 57
 18 39 40 56
 18 39 40 53 59 68 70
 18 39 40 53 59 68 69
 18 39 40 51 52 59 68 70
 18 39 40 51 52 59 68 69
 18 39 40 43 53 59 68
 18 39 40 43 51 52 59 68
 18 37 38 56 57
 18 29 56
 18 29 53 68 70
 18 29 53 68 69
 18 29 51 52 68 70
 18 29 51 52 68 69
 18 29 43 53 68
 18 29 43 51 52 68
 18 28
 18 28 62
 18 28 60 62 72
 18 28 60 62 70 71
 18 28 59
 18 28 58
 18 28 58 62 72
 18 28 58 62 70 71
 18 28 56 57
 18 28 53
 18 28 51 62 72
 18 28 51 62 70 71
 18 28 45 60 62
 18 28 45 58 62
 18 28 45 51 62
 18 28 41
 18 28 41 56 57
 18 28 41 53
 18 28 41 53 56 72
 18 28 41 53 56 70 71
 18 28 41 51 52
 18 28 41 51 52 56 72
 18 28 41 51 52 56 70 71
 18 28 41 45 53 56
 18 28 41 45 51 52 56
 18 28 39 57
 18 28 39 41 57
 18 28 39 40
 18 28 39 40 57
 18 28 39 40 56 57
 18 28 39 40 53
 18 28 39 40 53 56 72
 18 28 39 40 53 56 70 71
 18 28 39 40 51 52
 18 28 39 40 51 52 56 72
 18 28 39 40 51 52 56 70 71
 18 28 39 40 45 53 56
 18 28 39 40 45 51 52 56
 18 28 37 38 57
 18 28 37 38 41 57
 18 28 37 38 39 40 57
 18 28 31
 18 28 30
 18 28 29
 18 27 56
 18 26 56 70
 18 26 56 68 70
 18 26 54 55 70
 18 26 54 55 68 70
 18 26 53 56 70
 18 26 53 56 68 69
 18 26 53 54 55 70
 18 26 53 54 55 68 69
 18 26 51 52 56 70
 18 26 51 52 56 68 69
 18 26 51 52 54 55 70
 18 26 51 52 54 55 68 69
 18 26 43 56
 18 26 43 56 68
 18 26 43 54 55
 18 26 43 54 55 68
 18 26 43 53 56
 18 26 43 53 54 55
 18 26 43 51 52 56
 18 26 43 51 52 54 55
 18 26 41 59 70
 18 26 41 59 68 70
 18 26 41 53 59 70
 18 26 41 53 59 68 69
 18 26 41 51 52 59 70
 18 26 41 51 52 59 68 69
 18 26 41 43 59
 18 26 41 43 59 68
 18 26 41 43 53 59
 18 26 41 43 51 52 59
 18 26 39 40 59 70
 18 26 39 40 59 68 70
 18 26 39 40 53 59 70
 18 26 39 40 53 59 68 69
 18 26 39 40 51 52 59 70
 18 26 39 40 51 52 59 68 69
 18 26 39 40 43 59
 18 26 39 40 43 59 68
 18 26 39 40 43 53 59
 18 26 39 40 43 51 52 59
 18 26 29 70
 18 26 29 68 70
 18 26 29 53 70
 18 26 29 53 68 69
 18 26 29 51 52 70
 18 26 29 51 52 68 69
 18 26 29 43
 18 26 29 43 68
 18 26 29 43 53
 18 26 29 43 51 52
 18 26 28 41
 18 26 28 41 56 72
 18 26 28 41 56 70 71
 18 26 28 41 45 56
 18 26 28 39 40
 18 26 28 39 40 56 72
 18 26 28 39 40 56 70 71
 18 26 28 39 40 45 56
 18 26 27
 18 26 27 62
 18 26 27 60 62 72
 18 26 27 60 62 70 71
 18 26 27 59
 18 26 27 58
 18 26 27 58 62 72
 18 26 27 58 62 70 71
 18 26 27 56 57
 18 26 27 53
 18 26 27 51 62 72
 18 26 27 51 62 70 71
 18 26 27 45 60 62
 18 26 27 45 58 62
 18 26 27 45 51 62
 18 26 27 41 56 72
 18 26 27 41 56 70 71
 18 26 27 41 56 57
 18 26 27 41 53
 18 26 27 41 53 56 72
 18 26 27 41 53 56 70 71
 18 26 27 41 51 52
 18 26 27 41 51 52 56 72
 18 26 27 41 51 52 56 70 71
 18 26 27 41 45 56
 18 26 27 41 45 53 56
 18 26 27 41 45 51 52 56
 18 26 27 39 57
 18 26 27 39 41 57
 18 26 27 39 40 57
 18 26 27 39 40 56 72
 18 26 27 39 40 56 70 71
 18 26 27 39 40 56 57
 18 26 27 39 40 53
 18 26 27 39 40 53 56 72
 18 26 27 39 40 53 56 70 71
 18 26 27 39 40 51 52
 18 26 27 39 40 51 52 56 72
 18 26 27 39 40 51 52 56 70 71
 18 26 27 39 40 45 56
 18 26 27 39 40 45 53 56
 18 26 27 39 40 45 51 52 56
 18 26 27 37 38 57
 18 26 27 37 38 41 57
 18 26 27 37 38 39 40 57
 18 26 27 31
 18 26 27 30
 18 26 27 28 29
 18 24 39 56
 18 24 39 56 57
 18 24 37 38 56
 18 24 37 38 56 57
 18 24 25 53 56 70
 18 24 25 53 56 68 69
 18 24 25 53 54 55 70
 18 24 25 53 54 55 68 69
 18 24 25 51 52 56 70
 18 24 25 51 52 56 68 69
 18 24 25 51 52 54 55 70
 18 24 25 51 52 54 55 68 69
 18 24 25 43 53 56
 18 24 25 43 53 54 55
 18 24 25 43 51 52 56
 18 24 25 43 51 52 54 55
 18 24 25 41 53 59 70
 18 24 25 41 53 59 68 69
 18 24 25 41 51 52 59 70
 18 24 25 41 51 52 59 68 69
 18 24 25 41 43 53 59
 18 24 25 41 43 51 52 59
 18 24 25 39 40 53 59 70
 18 24 25 39 40 53 59 68 69
 18 24 25 39 40 51 52 59 70
 18 24 25 39 40 51 52 59 68 69
 18 24 25 39 40 43 53 59
 18 24 25 39 40 43 51 52 59
 18 24 25 29 53 70
 18 24 25 29 53 68 69
 18 24 25 29 51 52 70
 18 24 25 29 51 52 68 69
 18 24 25 29 43 53
 18 24 25 29 43 51 52
 18 24 25 26 56 70
 18 24 25 26 56 68 69
 18 24 25 26 54 55 70
 18 24 25 26 54 55 68 69
 18 24 25 26 43 56
 18 24 25 26 43 54 55
 18 24 25 26 41 59 70
 18 24 25 26 41 59 68 69
 18 24 25 26 41 43 59
 18 24 25 26 39 40 59 70
 18 24 25 26 39 40 59 68 69
 18 24 25 26 39 40 43 59
 18 24 25 26 29 70
 18 24 25 26 29 68 69
 18 24 25 26 29 43
 17 41 45 53 68 70
 17 41 45 53 68 69
 17 41 45 51 52 68 70
 17 41 45 51 52 68 69
 17 41 43 45 53 68
 17 41 43 45 51 52 68
 17 41 43 44 53 68
 17 41 43 44 53 68 70
 17 41 43 44 53 68 69
 17 41 43 44 51 52 68
 17 41 43 44 51 52 68 70
 17 41 43 44 51 52 68 69
 17 39 40 45 53 68 70
 17 39 40 45 53 68 69
 17 39 40 45 51 52 68 70
 17 39 40 45 51 52 68 69
 17 39 40 43 45 53 68
 17 39 40 43 45 51 52 68
 17 39 40 43 44 53 68
 17 39 40 43 44 53 68 70
 17 39 40 43 44 53 68 69
 17 39 40 43 44 51 52 68
 17 39 40 43 44 51 52 68 70
 17 39 40 43 44 51 52 68 69
 17 28 45
 17 28 43 44
 17 26 41 45 70
 17 26 41 45 68 70
 17 26 41 45 53 70
 17 26 41 45 53 68 69
 17 26 41 45 51 52 70
 17 26 41 45 51 52 68 69
 17 26 41 43 45
 17 26 41 43 45 68
 17 26 41 43 45 53
 17 26 41 43 45 51 52
 17 26 41 43 44
 17 26 41 43 44 70
 17 26 41 43 44 68
 17 26 41 43 44 68 70
 17 26 41 43 44 53
 17 26 41 43 44 53 70
 17 26 41 43 44 53 68 69
 17 26 41 43 44 51 52
 17 26 41 43 44 51 52 70
 17 26 41 43 44 51 52 68 69
 17 26 39 40 45 70
 17 26 39 40 45 68 70
 17 26 39 40 45 53 70
 17 26 39 40 45 53 68 69
 17 26 39 40 45 51 52 70
 17 26 39 40 45 51 52 68 69
 17 26 39 40 43 45
 17 26 39 40 43 45 68
 17 26 39 40 43 45 53
 17 26 39 40 43 45 51 52
 17 26 39 40 43 44
 17 26 39 40 43 44 70
 17 26 39 40 43 44 68
 17 26 39 40 43 44 68 70
 17 26 39 40 43 44 53
 17 26 39 40 43 44 53 70
 17 26 39 40 43 44 53 68 69
 17 26 39 40 43 44 51 52
 17 26 39 40 43 44 51 52 70
 17 26 39 40 43 44 51 52 68 69
 17 26 27 45
 17 26 27 43 44
 17 24 25 41 45 53 70
 17 24 25 41 45 53 68 69
 17 24 25 41 45 51 52 70
 17 24 25 41 45 51 52 68 69
 17 24 25 41 43 45 53
 17 24 25 41 43 45 51 52
 17 24 25 41 43 44 53
 17 24 25 41 43 44 53 70
 17 24 25 41 43 44 53 68 69
 17 24 25 41 43 44 51 52
 17 24 25 41 43 44 51 52 70
 17 24 25 41 43 44 51 52 68 69
 17 24 25 39 40 45 53 70
 17 24 25 39 40 45 53 68 69
 17 24 25 39 40 45 51 52 70
 17 24 25 39 40 45 51 52 68 69
 17 24 25 39 40 43 45 53
 17 24 25 39 40 43 45 51 52
 17 24 25 39 40 43 44 53
 17 24 25 39 40 43 44 53 70
 17 24 25 39 40 43 44 53 68 69
 17 24 25 39 40 43 44 51 52
 17 24 25 39 40 43 44 51 52 70
 17 24 25 39 40 43 44 51 52 68 69
 17 24 25 26 41 45 70
 17 24 25 26 41 45 68 69
 17 24 25 26 41 43 45
 17 24 25 26 41 43 44
 17 24 25 26 41 43 44 70
 17 24 25 26 41 43 44 68 69
 17 24 25 26 39 40 45 70
 17 24 25 26 39 40 45 68 69
 17 24 25 26 39 40 43 45
 17 24 25 26 39 40 43 44
 17 24 25 26 39 40 43 44 70
 17 24 25 26 39 40 43 44 68 69
 17 18 41 53 68 70
 17 18 41 53 68 69
 17 18 41 51 52 68 70
 17 18 41 51 52 68 69
 17 18 41 43 53 68
 17 18 41 43 51 52 68
 17 18 39 40 53 68 70
 17 18 39 40 53 68 69
 17 18 39 40 51 52 68 70
 17 18 39 40 51 52 68 69
 17 18 39 40 43 53 68
 17 18 39 40 43 51 52 68
 17 18 28
 17 18 26 41 70
 17 18 26 41 68 70
 17 18 26 41 53 70
 17 18 26 41 53 68 69
 17 18 26 41 51 52 70
 17 18 26 41 51 52 68 69
 17 18 26 41 43
 17 18 26 41 43 68
 17 18 26 41 43 53
 17 18 26 41 43 51 52
 17 18 26 39 40 70
 17 18 26 39 40 68 70
 17 18 26 39 40 53 70
 17 18 26 39 40 53 68 69
 17 18 26 39 40 51 52 70
 17 18 26 39 40 51 52 68 69
 17 18 26 39 40 43
 17 18 26 39 40 43 68
 17 18 26 39 40 43 53
 17 18 26 39 40 43 51 52
 17 18 26 27
 17 18 24 25 41 53 70
 17 18 24 25 41 53 68 69
 17 18 24 25 41 51 52 70
 17 18 24 25 41 51 52 68 69
 17 18 24 25 41 43 53
 17 18 24 25 41 43 51 52
 17 18 24 25 39 40 53 70
 17 18 24 25 39 40 53 68 69
 17 18 24 25 39 40 51 52 70
 17 18 24 25 39 40 51 52 68 69
 17 18 24 25 39 40 43 53
 17 18 24 25 39 40 43 51 52
 17 18 24 25 26 41 70
 17 18 24 25 26 41 68 69
 17 18 24 25 26 41 43
 17 18 24 25 26 39 40 70
 17 18 24 25 26 39 40 68 69
 17 18 24 25 26 39 40 43
 16 41
 16 41 68
 16 41 64 68
 16 41 55 68
 16 39
 16 39 64
 16 39 55
 16 39 40
 16 39 40 68
 16 39 40 64 68
 16 39 40 55 68
 16 37 38
 16 37 38 64
 16 37 38 55
 16 35 39
 16 35 39 53 64
 16 35 39 53 55
 16 35 39 51 52 64
 16 35 39 51 52 55
 16 35 37 38
 16 35 37 38 53 64
 16 35 37 38 53 55
 16 35 37 38 51 52 64
 16 35 37 38 51 52 55
 16 26 41
 16 26 41 64
 16 26 41 55
 16 26 39 40
 16 26 39 40 64
 16 26 39 40 55
 16 26 35 39 64
 16 26 35 39 55
 16 26 35 37 38 64
 16 26 35 37 38 55
 16 24 35 39 53 64
 16 24 35 39 53 55
 16 24 35 39 51 52 64
 16 24 35 39 51 52 55
 16 24 35 37 38 53 64
 16 24 35 37 38 53 55
 16 24 35 37 38 51 52 64
 16 24 35 37 38 51 52 55
 16 24 26 35 39 64
 16 24 26 35 39 55
 16 24 26 35 37 38 64
 16 24 26 35 37 38 55
 16 24 25 41
 16 24 25 41 64
 16 24 25 41 55
 16 24 25 39 40
 16 24 25 39 40 64
 16 24 25 39 40 55
 15
 15 53 68
 15 51 52 68
 15 45
 15 43 44
 15 39 62 68
 15 39 45 56
 15 39 43 44 56
 15 37 38 62 68
 15 37 38 45 56
 15 37 38 43 44 56
 15 35 53
 15 35 51 52
 15 35 39 53 62 68
 15 35 39 51 52 62 68
 15 35 37 38 53 62 68
 15 35 37 38 51 52 62 68
 15 28 41 45 56
 15 28 41 43 44 56
 15 28 39 45
 15 28 39 43 44
 15 28 39 41 45
 15 28 39 41 43 44
 15 28 39 40 45
 15 28 39 40 45 56
 15 28 39 40 43 44
 15 28 39 40 43 44 56
 15 28 37 38 45
 15 28 37 38 43 44
 15 28 37 38 41 45
 15 28 37 38 41 43 44
 15 28 37 38 39 40 45
 15 28 37 38 39 40 43 44
 15 26
 15 26 68
 15 26 53
 15 26 51 52
 15 26 39 62
 15 26 37 38 62
 15 26 35
 15 26 35 39 62
 15 26 35 39 62 68
 15 26 35 39 53 62
 15 26 35 39 51 52 62
 15 26 35 37 38 62
 15 26 35 37 38 62 68
 15 26 35 37 38 53 62
 15 26 35 37 38 51 52 62
 15 26 27 41 45 56
 15 26 27 41 43 44 56
 15 26 27 39 45
 15 26 27 39 43 44
 15 26 27 39 41 45
 15 26 27 39 41 43 44
 15 26 27 39 40 45
 15 26 27 39 40 45 56
 15 26 27 39 40 43 44
 15 26 27 39 40 43 44 56
 15 26 27 37 38 45
 15 26 27 37 38 43 44
 15 26 27 37 38 41 45
 15 26 27 37 38 41 43 44
 15 26 27 37 38 39 40 45
 15 26 27 37 38 39 40 43 44
 15 24 39 45 56
 15 24 39 43 44 56
 15 24 37 38 45 56
 15 24 37 38 43 44 56
 15 24 25 53
 15 24 25 51 52
 15 24 25 39 62
 15 24 25 37 38 62
 15 24 25 35 39 53 62
 15 24 25 35 39 51 52 62
 15 24 25 35 37 38 53 62
 15 24 25 35 37 38 51 52 62
 15 24 25 26
 15 24 25 26 35 39 62
 15 24 25 26 35 37 38 62
 15 18
 15 18 39 56
 15 18 37 38 56
 15 18 28 41 56
 15 18 28 39
 15 18 28 39 41
 15 18 28 39 40
 15 18 28 39 40 56
 15 18 28 37 38
 15 18 28 37 38 41
 15 18 28 37 38 39 40
 15 18 26 27 41 56
 15 18 26 27 39
 15 18 26 27 39 41
 15 18 26 27 39 40
 15 18 26 27 39 40 56
 15 18 26 27 37 38
 15 18 26 27 37 38 41
 15 18 26 27 37 38 39 40
 15 18 24 39 56
 15 18 24 37 38 56
 15 16 41 45 53 68 70
 15 16 41 45 53 68 69
 15 16 41 45 51 52 68 70
 15 16 41 45 51 52 68 69
 15 16 41 43 45 53 68
 15 16 41 43 45 51 52 68
 15 16 41 43 44 53 68
 15 16 41 43 44 53 68 70
 15 16 41 43 44 53 68 69
 15 16 41 43 44 51 52 68
 15 16 41 43 44 51 52 68 70
 15 16 41 43 44 51 52 68 69
 15 16 39 40 45 53 68 70
 15 16 39 40 45 53 68 69
 15 16 39 40 45 51 52 68 70
 15 16 39 40 45 51 52 68 69
 15 16 39 40 43 45 53 68
 15 16 39 40 43 45 51 52 68
 15 16 39 40 43 44 53 68
 15 16 39 40 43 44 53 68 70
 15 16 39 40 43 44 53 68 69
 15 16 39 40 43 44 51 52 68
 15 16 39 40 43 44 51 52 68 70
 15 16 39 40 43 44 51 52 68 69
 15 16 28 45
 15 16 28 43 44
 15 16 26 41 45 70
 15 16 26 41 45 68 70
 15 16 26 41 45 53 70
 15 16 26 41 45 53 68 69
 15 16 26 41 45 51 52 70
 15 16 26 41 45 51 52 68 69
 15 16 26 41 43 45
 15 16 26 41 43 45 68
 15 16 26 41 43 45 53
 15 16 26 41 43 45 51 52
 15 16 26 41 43 44
 15 16 26 41 43 44 70
 15 16 26 41 43 44 68
 15 16 26 41 43 44 68 70
 15 16 26 41 43 44 53
 15 16 26 41 43 44 53 70
 15 16 26 41 43 44 53 68 69
 15 16 26 41 43 44 51 52
 15 16 26 41 43 44 51 52 70
 15 16 26 41 43 44 51 52 68 69
 15 16 26 39 40 45 70
 15 16 26 39 40 45 68 70
 15 16 26 39 40 45 53 70
 15 16 26 39 40 45 53 68 69
 15 16 26 39 40 45 51 52 70
 15 16 26 39 40 45 51 52 68 69
 15 16 26 39 40 43 45
 15 16 26 39 40 43 45 68
 15 16 26 39 40 43 45 53
 15 16 26 39 40 43 45 51 52
 15 16 26 39 40 43 44
 15 16 26 39 40 43 44 70
 15 16 26 39 40 43 44 68
 15 16 26 39 40 43 44 68 70
 15 16 26 39 40 43 44 53
 15 16 26 39 40 43 44 53 70
 15 16 26 39 40 43 44 53 68 69
 15 16 26 39 40 43 44 51 52
 15 16 26 39 40 43 44 51 52 70
 15 16 26 39 40 43 44 51 52 68 69
 15 16 26 27 45
 15 16 26 27 43 44
 15 16 24 25 41 45 53 70
 15 16 24 25 41 45 53 68 69
 15 16 24 25 41 45 51 52 70
 15 16 24 25 41 45 51 52 68 69
 15 16 24 25 41 43 45 53
 15 16 24 25 41 43 45 51 52
 15 16 24 25 41 43 44 53
 15 16 24 25 41 43 44 53 70
 15 16 24 25 41 43 44 53 68 69
 15 16 24 25 41 43 44 51 52
 15 16 24 25 41 43 44 51 52 70
 15 16 24 25 41 43 44 51 52 68 69
 15 16 24 25 39 40 45 53 70
 15 16 24 25 39 40 45 53 68 69
 15 16 24 25 39 40 45 51 52 70
 15 16 24 25 39 40 45 51 52 68 69
 15 16 24 25 39 40 43 45 53
 15 16 24 25 39 40 43 45 51 52
 15 16 24 25 39 40 43 44 53
 15 16 24 25 39 40 43 44 53 70
 15 16 24 25 39 40 43 44 53 68 69
 15 16 24 25 39 40 43 44 51 52
 15 16 24 25 39 40 43 44 51 52 70
 15 16 24 25 39 40 43 44 51 52 68 69
 15 16 24 25 26 41 45 70
 15 16 24 25 26 41 45 68 69
 15 16 24 25 26 41 43 45
 15 16 24 25 26 41 43 44
 15 16 24 25 26 41 43 44 70
 15 16 24 25 26 41 43 44 68 69
 15 16 24 25 26 39 40 45 70
 15 16 24 25 26 39 40 45 68 69
 15 16 24 25 26 39 40 43 45
 15 16 24 25 26 39 40 43 44
 15 16 24 25 26 39 40 43 44 70
 15 16 24 25 26 39 40 43 44 68 69
 15 16 18 41 53 68 70
 15 16 18 41 53 68 69
 15 16 18 41 51 52 68 70
 15 16 18 41 51 52 68 69
 15 16 18 41 43 53 68
 15 16 18 41 43 51 52 68
 15 16 18 39 40 53 68 70
 15 16 18 39 40 53 68 69
 15 16 18 39 40 51 52 68 70
 15 16 18 39 40 51 52 68 69
 15 16 18 39 40 43 53 68
 15 16 18 39 40 43 51 52 68
 15 16 18 28
 15 16 18 26 41 70
 15 16 18 26 41 68 70
 15 16 18 26 41 53 70
 15 16 18 26 41 53 68 69
 15 16 18 26 41 51 52 70
 15 16 18 26 41 51 52 68 69
 15 16 18 26 41 43
 15 16 18 26 41 43 68
 15 16 18 26 41 43 53
 15 16 18 26 41 43 51 52
 15 16 18 26 39 40 70
 15 16 18 26 39 40 68 70
 15 16 18 26 39 40 53 70
 15 16 18 26 39 40 53 68 69
 15 16 18 26 39 40 51 52 70
 15 16 18 26 39 40 51 52 68 69
 15 16 18 26 39 40 43
 15 16 18 26 39 40 43 68
 15 16 18 26 39 40 43 53
 15 16 18 26 39 40 43 51 52
 15 16 18 26 27
 15 16 18 24 25 41 53 70
 15 16 18 24 25 41 53 68 69
 15 16 18 24 25 41 51 52 70
 15 16 18 24 25 41 51 52 68 69
 15 16 18 24 25 41 43 53
 15 16 18 24 25 41 43 51 52
 15 16 18 24 25 39 40 53 70
 15 16 18 24 25 39 40 53 68 69
 15 16 18 24 25 39 40 51 52 70
 15 16 18 24 25 39 40 51 52 68 69
 15 16 18 24 25 39 40 43 53
 15 16 18 24 25 39 40 43 51 52
 15 16 18 24 25 26 41 70
 15 16 18 24 25 26 41 68 69
 15 16 18 24 25 26 41 43
 15 16 18 24 25 26 39 40 70
 15 16 18 24 25 26 39 40 68 69
 15 16 18 24 25 26 39 40 43
 14
 14 68
 14 64 68
 14 60 68 72
 14 60 68 70 71
 14 55 68
 14 45 60 68
 14 45 56
 14 45 53 59 68 70
 14 45 53 59 68 69
 14 45 51 52 59 68 70
 14 45 51 52 59 68 69
 14 43
 14 43 68
 14 43 64 68
 14 43 55 68
 14 43 45 53 59 68
 14 43 45 51 52 59 68
 14 43 44 56
 14 43 44 53 59 68
 14 43 44 53 59 68 70
 14 43 44 53 59 68 69
 14 43 44 51 52 59 68
 14 43 44 51 52 59 68 70
 14 43 44 51 52 59 68 69
 14 41 42
 14 41 42 68
 14 41 42 64 68
 14 41 42 55 68
 14 39 64
 14 39 55
 14 37 38 64
 14 37 38 55
 14 35 39 53 64
 14 35 39 53 55
 14 35 39 51 52 64
 14 35 39 51 52 55
 14 35 37 38 53 64
 14 35 37 38 53 55
 14 35 37 38 51 52 64
 14 35 37 38 51 52 55
 14 28
 14 28 45
 14 28 45 56 57
 14 28 45 53
 14 28 45 53 56
 14 28 45 53 56 72
 14 28 45 53 56 70 71
 14 28 45 51 52
 14 28 45 51 52 56
 14 28 45 51 52 56 72
 14 28 45 51 52 56 70 71
 14 28 43 44
 14 28 43 44 56 57
 14 28 43 44 53
 14 28 43 44 53 56 72
 14 28 43 44 53 56 70 71
 14 28 43 44 51 52
 14 28 43 44 51 52 56 72
 14 28 43 44 51 52 56 70 71
 14 28 43 44 45 53 56
 14 28 43 44 45 51 52 56
 14 28 39 45 57
 14 28 39 43 44 57
 14 28 37 38 45 57
 14 28 37 38 43 44 57
 14 28 35 53
 14 28 35 51 52
 14 26
 14 26 64
 14 26 60 72
 14 26 60 70 71
 14 26 55
 14 26 45 60
 14 26 45 59 70
 14 26 45 59 68 70
 14 26 45 53 59 70
 14 26 45 53 59 68 69
 14 26 45 51 52 59 70
 14 26 45 51 52 59 68 69
 14 26 43
 14 26 43 64
 14 26 43 55
 14 26 43 45 59
 14 26 43 45 59 68
 14 26 43 45 53 59
 14 26 43 45 51 52 59
 14 26 43 44 59
 14 26 43 44 59 70
 14 26 43 44 59 68
 14 26 43 44 59 68 70
 14 26 43 44 53 59
 14 26 43 44 53 59 70
 14 26 43 44 53 59 68 69
 14 26 43 44 51 52 59
 14 26 43 44 51 52 59 70
 14 26 43 44 51 52 59 68 69
 14 26 41 42
 14 26 41 42 64
 14 26 41 42 55
 14 26 35 39 64
 14 26 35 39 55
 14 26 35 37 38 64
 14 26 35 37 38 55
 14 26 28 45
 14 26 28 45 56
 14 26 28 45 56 72
 14 26 28 45 56 70 71
 14 26 28 43 44
 14 26 28 43 44 56 72
 14 26 28 43 44 56 70 71
 14 26 28 43 44 45 56
 14 26 28 35
 14 26 27
 14 26 27 45 56
 14 26 27 45 56 72
 14 26 27 45 56 70 71
 14 26 27 45 56 57
 14 26 27 45 53
 14 26 27 45 53 56
 14 26 27 45 53 56 72
 14 26 27 45 53 56 70 71
 14 26 27 45 51 52
 14 26 27 45 51 52 56
 14 26 27 45 51 52 56 72
 14 26 27 45 51 52 56 70 71
 14 26 27 43 44 56 72
 14 26 27 43 44 56 70 71
 14 26 27 43 44 56 57
 14 26 27 43 44 53
 14 26 27 43 44 53 56 72
 14 26 27 43 44 53 56 70 71
 14 26 27 43 44 51 52
 14 26 27 43 44 51 52 56 72
 14 26 27 43 44 51 52 56 70 71
 14 26 27 43 44 45 56
 14 26 27 43 44 45 53 56
 14 26 27 43 44 45 51 52 56
 14 26 27 39 45 57
 14 26 27 39 43 44 57
 14 26 27 37 38 45 57
 14 26 27 37 38 43 44 57
 14 26 27 35
 14 26 27 35 53
 14 26 27 35 51 52
 14 24 64 68
 14 24 55 68
 14 24 35 39 53 64
 14 24 35 39 53 55
 14 24 35 39 51 52 64
 14 24 35 39 51 52 55
 14 24 35 37 38 53 64
 14 24 35 37 38 53 55
 14 24 35 37 38 51 52 64
 14 24 35 37 38 51 52 55
 14 24 26 64
 14 24 26 55
 14 24 26 35 39 64
 14 24 26 35 39 55
 14 24 26 35 37 38 64
 14 24 26 35 37 38 55
 14 24 25
 14 24 25 60 72
 14 24 25 60 70 71
 14 24 25 45 60
 14 24 25 45 53 59 70
 14 24 25 45 53 59 68 69
 14 24 25 45 51 52 59 70
 14 24 25 45 51 52 59 68 69
 14 24 25 43
 14 24 25 43 64
 14 24 25 43 55
 14 24 25 43 45 53 59
 14 24 25 43 45 51 52 59
 14 24 25 43 44 53 59
 14 24 25 43 44 53 59 70
 14 24 25 43 44 53 59 68 69
 14 24 25 43 44 51 52 59
 14 24 25 43 44 51 52 59 70
 14 24 25 43 44 51 52 59 68 69
 14 24 25 41 42
 14 24 25 41 42 64
 14 24 25 41 42 55
 14 24 25 26 45 59 70
 14 24 25 26 45 59 68 69
 14 24 25 26 43 45 59
 14 24 25 26 43 44 59
 14 24 25 26 43 44 59 70
 14 24 25 26 43 44 59 68 69
 14 18 56
 14 18 53 59 68 70
 14 18 53 59 68 69
 14 18 51 52 59 68 70
 14 18 51 52 59 68 69
 14 18 43 53 59 68
 14 18 43 51 52 59 68
 14 18 28
 14 18 28 56 57
 14 18 28 53
 14 18 28 53 56 72
 14 18 28 53 56 70 71
 14 18 28 51 52
 14 18 28 51 52 56 72
 14 18 28 51 52 56 70 71
 14 18 28 45 53 56
 14 18 28 45 51 52 56
 14 18 28 39 57
 14 18 28 37 38 57
 14 18 26 59 70
 14 18 26 59 68 70
 14 18 26 53 59 70
 14 18 26 53 59 68 69
 14 18 26 51 52 59 70
 14 18 26 51 52 59 68 69
 14 18 26 43 59
 14 18 26 43 59 68
 14 18 26 43 53 59
 14 18 26 43 51 52 59
 14 18 26 28
 14 18 26 28 56 72
 14 18 26 28 56 70 71
 14 18 26 28 45 56
 14 18 26 27 56 72
 14 18 26 27 56 70 71
 14 18 26 27 56 57
 14 18 26 27 53
 14 18 26 27 53 56 72
 14 18 26 27 53 56 70 71
 14 18 26 27 51 52
 14 18 26 27 51 52 56 72
 14 18 26 27 51 52 56 70 71
 14 18 26 27 45 56
 14 18 26 27 45 53 56
 14 18 26 27 45 51 52 56
 14 18 26 27 39 57
 14 18 26 27 37 38 57
 14 18 24 25 53 59 70
 14 18 24 25 53 59 68 69
 14 18 24 25 51 52 59 70
 14 18 24 25 51 52 59 68 69
 14 18 24 25 43 53 59
 14 18 24 25 43 51 52 59
 14 18 24 25 26 59 70
 14 18 24 25 26 59 68 69
 14 18 24 25 26 43 59
 14 17 45 53 68 70
 14 17 45 53 68 69
 14 17 45 51 52 68 70
 14 17 45 51 52 68 69
 14 17 43 45 53 68
 14 17 43 45 51 52 68
 14 17 43 44 53 68
 14 17 43 44 53 68 70
 14 17 43 44 53 68 69
 14 17 43 44 51 52 68
 14 17 43 44 51 52 68 70
 14 17 43 44 51 52 68 69
 14 17 26 45 70
 14 17 26 45 68 70
 14 17 26 45 53 70
 14 17 26 45 53 68 69
 14 17 26 45 51 52 70
 14 17 26 45 51 52 68 69
 14 17 26 43 45
 14 17 26 43 45 68
 14 17 26 43 45 53
 14 17 26 43 45 51 52
 14 17 26 43 44
 14 17 26 43 44 70
 14 17 26 43 44 68
 14 17 26 43 44 68 70
 14 17 26 43 44 53
 14 17 26 43 44 53 70
 14 17 26 43 44 53 68 69
 14 17 26 43 44 51 52
 14 17 26 43 44 51 52 70
 14 17 26 43 44 51 52 68 69
 14 17 24 25 45 53 70
 14 17 24 25 45 53 68 69
 14 17 24 25 45 51 52 70
 14 17 24 25 45 51 52 68 69
 14 17 24 25 43 45 53
 14 17 24 25 43 45 51 52
 14 17 24 25 43 44 53
 14 17 24 25 43 44 53 70
 14 17 24 25 43 44 53 68 69
 14 17 24 25 43 44 51 52
 14 17 24 25 43 44 51 52 70
 14 17 24 25 43 44 51 52 68 69
 14 17 24 25 26 45 70
 14 17 24 25 26 45 68 69
 14 17 24 25 26 43 45
 14 17 24 25 26 43 44
 14 17 24 25 26 43 44 70
 14 17 24 25 26 43 44 68 69
 14 17 18 53 68 70
 14 17 18 53 68 69
 14 17 18 51 52 68 70
 14 17 18 51 52 68 69
 14 17 18 43 53 68
 14 17 18 43 51 52 68
 14 17 18 26 70
 14 17 18 26 68 70
 14 17 18 26 53 70
 14 17 18 26 53 68 69
 14 17 18 26 51 52 70
 14 17 18 26 51 52 68 69
 14 17 18 26 43
 14 17 18 26 43 68
 14 17 18 26 43 53
 14 17 18 26 43 51 52
 14 17 18 24 25 53 70
 14 17 18 24 25 53 68 69
 14 17 18 24 25 51 52 70
 14 17 18 24 25 51 52 68 69
 14 17 18 24 25 43 53
 14 17 18 24 25 43 51 52
 14 17 18 24 25 26 70
 14 17 18 24 25 26 68 69
 14 17 18 24 25 26 43
 14 16
 14 16 68
 14 16 64 68
 14 16 55 68
 14 16 26
 14 16 26 64
 14 16 26 55
 14 16 24 25
 14 16 24 25 64
 14 16 24 25 55
 14 15 28 45 56
 14 15 28 43 44 56
 14 15 28 39 45
 14 15 28 39 43 44
 14 15 28 37 38 45
 14 15 28 37 38 43 44
 14 15 26 27 45 56
 14 15 26 27 43 44 56
 14 15 26 27 39 45
 14 15 26 27 39 43 44
 14 15 26 27 37 38 45
 14 15 26 27 37 38 43 44
 14 15 18 28 56
 14 15 18 28 39
 14 15 18 28 37 38
 14 15 18 26 27 56
 14 15 18 26 27 39
 14 15 18 26 27 37 38
 14 15 16 45 53 68 70
 14 15 16 45 53 68 69
 14 15 16 45 51 52 68 70
 14 15 16 45 51 52 68 69
 14 15 16 43 45 53 68
 14 15 16 43 45 51 52 68
 14 15 16 43 44 53 68
 14 15 16 43 44 53 68 70
 14 15 16 43 44 53 68 69
 14 15 16 43 44 51 52 68
 14 15 16 43 44 51 52 68 70
 14 15 16 43 44 51 52 68 69
 14 15 16 26 45 70
 14 15 16 26 45 68 70
 14 15 16 26 45 53 70
 14 15 16 26 45 53 68 69
 14 15 16 26 45 51 52 70
 14 15 16 26 45 51 52 68 69
 14 15 16 26 43 45
 14 15 16 26 43 45 68
 14 15 16 26 43 45 53
 14 15 16 26 43 45 51 52
 14 15 16 26 43 44
 14 15 16 26 43 44 70
 14 15 16 26 43 44 68
 14 15 16 26 43 44 68 70
 14 15 16 26 43 44 53
 14 15 16 26 43 44 53 70
 14 15 16 26 43 44 53 68 69
 14 15 16 26 43 44 51 52
 14 15 16 26 43 44 51 52 70
 14 15 16 26 43 44 51 52 68 69
 14 15 16 24 25 45 53 70
 14 15 16 24 25 45 53 68 69
 14 15 16 24 25 45 51 52 70
 14 15 16 24 25 45 51 52 68 69
 14 15 16 24 25 43 45 53
 14 15 16 24 25 43 45 51 52
 14 15 16 24 25 43 44 53
 14 15 16 24 25 43 44 53 70
 14 15 16 24 25 43 44 53 68 69
 14 15 16 24 25 43 44 51 52
 14 15 16 24 25 43 44 51 52 70
 14 15 16 24 25 43 44 51 52 68 69
 14 15 16 24 25 26 45 70
 14 15 16 24 25 26 45 68 69
 14 15 16 24 25 26 43 45
 14 15 16 24 25 26 43 44
 14 15 16 24 25 26 43 44 70
 14 15 16 24 25 26 43 44 68 69
 14 15 16 18 53 68 70
 14 15 16 18 53 68 69
 14 15 16 18 51 52 68 70
 14 15 16 18 51 52 68 69
 14 15 16 18 43 53 68
 14 15 16 18 43 51 52 68
 14 15 16 18 26 70
 14 15 16 18 26 68 70
 14 15 16 18 26 53 70
 14 15 16 18 26 53 68 69
 14 15 16 18 26 51 52 70
 14 15 16 18 26 51 52 68 69
 14 15 16 18 26 43
 14 15 16 18 26 43 68
 14 15 16 18 26 43 53
 14 15 16 18 26 43 51 52
 14 15 16 18 24 25 53 70
 14 15 16 18 24 25 53 68 69
 14 15 16 18 24 25 51 52 70
 14 15 16 18 24 25 51 52 68 69
 14 15 16 18 24 25 43 53
 14 15 16 18 24 25 43 51 52
 14 15 16 18 24 25 26 70
 14 15 16 18 24 25 26 68 69
 14 15 16 18 24 25 26 43
 13 41 68
 13 41 43 68
 13 41 42 68
 13 39 43
 13 39 41
 13 39 41 42
 13 39 40
 13 39 40 68
 13 39 40 43 68
 13 39 40 41 42 68
 13 37 38 43
 13 37 38 41
 13 37 38 41 42
 13 37 38 39 40
 13 35 39 53 68
 13 35 39 51 52 68
 13 35 39 43 53
 13 35 39 43 51 52
 13 35 39 41 53
 13 35 39 41 51 52
 13 35 39 41 42 53
 13 35 39 41 42 51 52
 13 35 39 40 53
 13 35 39 40 51 52
 13 35 37 38 53 68
 13 35 37 38 51 52 68
 13 35 37 38 43 53
 13 35 37 38 43 51 52
 13 35 37 38 41 53
 13 35 37 38 41 51 52
 13 35 37 38 41 42 53
 13 35 37 38 41 42 51 52
 13 35 37 38 39 40 53
 13 35 37 38 39 40 51 52
 13 26 41
 13 26 41 43
 13 26 41 42
 13 26 39 40
 13 26 39 40 43
 13 26 39 40 41 42
 13 26 35 39
 13 26 35 39 68
 13 26 35 39 53
 13 26 35 39 51 52
 13 26 35 39 43
 13 26 35 39 41
 13 26 35 39 41 42
 13 26 35 39 40
 13 26 35 37 38
 13 26 35 37 38 68
 13 26 35 37 38 53
 13 26 35 37 38 51 52
 13 26 35 37 38 43
 13 26 35 37 38 41
 13 26 35 37 38 41 42
 13 26 35 37 38 39 40
 13 24 41 68
 13 24 39 68
 13 24 39 40 68
 13 24 37 38 68
 13 24 35 39 43 53
 13 24 35 39 43 51 52
 13 24 35 39 41 53
 13 24 35 39 41 51 52
 13 24 35 39 41 42 53
 13 24 35 39 41 42 51 52
 13 24 35 39 40 53
 13 24 35 39 40 51 52
 13 24 35 37 38 43 53
 13 24 35 37 38 43 51 52
 13 24 35 37 38 41 53
 13 24 35 37 38 41 51 52
 13 24 35 37 38 41 42 53
 13 24 35 37 38 41 42 51 52
 13 24 35 37 38 39 40 53
 13 24 35 37 38 39 40 51 52
 13 24 26 41
 13 24 26 39
 13 24 26 39 40
 13 24 26 37 38
 13 24 26 35 39 43
 13 24 26 35 39 41
 13 24 26 35 39 41 42
 13 24 26 35 39 40
 13 24 26 35 37 38 43
 13 24 26 35 37 38 41
 13 24 26 35 37 38 41 42
 13 24 26 35 37 38 39 40
 13 24 25 41 43
 13 24 25 41 42
 13 24 25 39
 13 24 25 39 40 43
 13 24 25 39 40 41 42
 13 24 25 37 38
 13 24 25 35 39 53
 13 24 25 35 39 51 52
 13 24 25 35 37 38 53
 13 24 25 35 37 38 51 52
 13 24 25 26 35 39
 13 24 25 26 35 37 38
 13 16 41 68
 13 16 39
 13 16 39 40 68
 13 16 37 38
 13 16 35 39 53
 13 16 35 39 51 52
 13 16 35 37 38 53
 13 16 35 37 38 51 52
 13 16 26 41
 13 16 26 39 40
 13 16 26 35 39
 13 16 26 35 37 38
 13 16 24 35 39 53
 13 16 24 35 39 51 52
 13 16 24 35 37 38 53
 13 16 24 35 37 38 51 52
 13 16 24 26 35 39
 13 16 24 26 35 37 38
 13 16 24 25 41
 13 16 24 25 39 40
 13 14
 13 14 68
 13 14 53 68
 13 14 51 52 68
 13 14 45
 13 14 43 68
 13 14 43 44
 13 14 41 42 68
 13 14 39
 13 14 39 62 68
 13 14 39 45 56
 13 14 39 43 44 56
 13 14 37 38
 13 14 37 38 62 68
 13 14 37 38 45 56
 13 14 37 38 43 44 56
 13 14 35 53
 13 14 35 51 52
 13 14 35 39 53
 13 14 35 39 53 62 68
 13 14 35 39 51 52
 13 14 35 39 51 52 62 68
 13 14 35 37 38 53
 13 14 35 37 38 53 62 68
 13 14 35 37 38 51 52
 13 14 35 37 38 51 52 62 68
 13 14 28 45 56
 13 14 28 43 44 56
 13 14 28 41 45 56
 13 14 28 41 43 44 56
 13 14 28 39 41 45
 13 14 28 39 41 43 44
 13 14 28 39 40 45
 13 14 28 39 40 45 56
 13 14 28 39 40 43 44
 13 14 28 39 40 43 44 56
 13 14 28 37 38 41 45
 13 14 28 37 38 41 43 44
 13 14 28 37 38 39 40 45
 13 14 28 37 38 39 40 43 44
 13 14 26 68
 13 14 26 53
 13 14 26 51 52
 13 14 26 43
 13 14 26 41 42
 13 14 26 39 62
 13 14 26 37 38 62
 13 14 26 35
 13 14 26 35 39
 13 14 26 35 39 62
 13 14 26 35 39 62 68
 13 14 26 35 39 53 62
 13 14 26 35 39 51 52 62
 13 14 26 35 37 38
 13 14 26 35 37 38 62
 13 14 26 35 37 38 62 68
 13 14 26 35 37 38 53 62
 13 14 26 35 37 38 51 52 62
 13 14 26 27 45 56
 13 14 26 27 43 44 56
 13 14 26 27 41 45 56
 13 14 26 27 41 43 44 56
 13 14 26 27 39 41 45
 13 14 26 27 39 41 43 44
 13 14 26 27 39 40 45
 13 14 26 27 39 40 45 56
 13 14 26 27 39 40 43 44
 13 14 26 27 39 40 43 44 56
 13 14 26 27 37 38 41 45
 13 14 26 27 37 38 41 43 44
 13 14 26 27 37 38 39 40 45
 13 14 26 27 37 38 39 40 43 44
 13 14 24 68
 13 14 24 39 45 56
 13 14 24 39 43 44 56
 13 14 24 37 38 45 56
 13 14 24 37 38 43 44 56
 13 14 24 35 39 53
 13 14 24 35 39 51 52
 13 14 24 35 37 38 53
 13 14 24 35 37 38 51 52
 13 14 24 26
 13 14 24 26 35 39
 13 14 24 26 35 37 38
 13 14 24 25 53
 13 14 24 25 51 52
 13 14 24 25 43
 13 14 24 25 41 42
 13 14 24 25 39 62
 13 14 24 25 37 38 62
 13 14 24 25 35 39 53 62
 13 14 24 25 35 39 51 52 62
 13 14 24 25 35 37 38 53 62
 13 14 24 25 35 37 38 51 52 62
 13 14 24 25 26
 13 14 24 25 26 35 39 62
 13 14 24 25 26 35 37 38 62
 13 14 18
 13 14 18 39 56
 13 14 18 37 38 56
 13 14 18 28 56
 13 14 18 28 41 56
 13 14 18 28 39 41
 13 14 18 28 39 40
 13 14 18 28 39 40 56
 13 14 18 28 37 38 41
 13 14 18 28 37 38 39 40
 13 14 18 26 27 56
 13 14 18 26 27 41 56
 13 14 18 26 27 39 41
 13 14 18 26 27 39 40
 13 14 18 26 27 39 40 56
 13 14 18 26 27 37 38 41
 13 14 18 26 27 37 38 39 40
 13 14 18 24 39 56
 13 14 18 24 37 38 56
 13 14 16 68
 13 14 16 26
 13 14 16 24 25
 12
 12 64 68
 12 57 62 68
 12 45 56 57
 12 43
 12 43 64
 12 43 55
 12 43 44 56 57
 12 41 64
 12 41 55
 12 41 42
 12 41 42 64
 12 41 42 55
 12 39 40 64
 12 39 40 55
 12 35 53
 12 35 53 57 62 68
 12 35 53 55 68
 12 35 51 52
 12 35 51 52 57 62 68
 12 35 51 52 55 68
 12 35 43
 12 35 43 53 64
 12 35 43 53 55
 12 35 43 51 52 64
 12 35 43 51 52 55
 12 35 41 53 64
 12 35 41 53 55
 12 35 41 51 52 64
 12 35 41 51 52 55
 12 35 41 42
 12 35 41 42 53 64
 12 35 41 42 53 55
 12 35 41 42 51 52 64
 12 35 41 42 51 52 55
 12 35 39 40 53 64
 12 35 39 40 53 55
 12 35 39 40 51 52 64
 12 35 39 40 51 52 55
 12 28 56 68 70
 12 28 56 68 69
 12 28 45 57
 12 28 43 56 68
 12 28 43 44 57
 12 28 41 45 57
 12 28 41 43 44 57
 12 28 39 40 45 57
 12 28 39 40 43 44 57
 12 26 64
 12 26 57 62
 12 26 35
 12 26 35 57 62
 12 26 35 57 62 68
 12 26 35 55
 12 26 35 55 68
 12 26 35 53 57 62
 12 26 35 53 55
 12 26 35 51 52 57 62
 12 26 35 51 52 55
 12 26 35 43 64
 12 26 35 43 55
 12 26 35 41 64
 12 26 35 41 55
 12 26 35 41 42 64
 12 26 35 41 42 55
 12 26 35 39 40 64
 12 26 35 39 40 55
 12 26 28 56 70
 12 26 28 56 68 69
 12 26 28 43 56
 12 26 27 56 70
 12 26 27 56 68 70
 12 26 27 45 57
 12 26 27 43 56
 12 26 27 43 56 68
 12 26 27 43 44 57
 12 26 27 41 45 57
 12 26 27 41 43 44 57
 12 26 27 39 40 45 57
 12 26 27 39 40 43 44 57
 12 24 64 68
 12 24 55 68
 12 24 53 68
 12 24 51 52 68
 12 24 45 56
 12 24 45 56 57
 12 24 43 44 56
 12 24 43 44 56 57
 12 24 35 53
 12 24 35 51 52
 12 24 35 43 53 64
 12 24 35 43 53 55
 12 24 35 43 51 52 64
 12 24 35 43 51 52 55
 12 24 35 41 53 64
 12 24 35 41 53 55
 12 24 35 41 51 52 64
 12 24 35 41 51 52 55
 12 24 35 41 42 53 64
 12 24 35 41 42 53 55
 12 24 35 41 42 51 52 64
 12 24 35 41 42 51 52 55
 12 24 35 39 40 53 64
 12 24 35 39 40 53 55
 12 24 35 39 40 51 52 64
 12 24 35 39 40 51 52 55
 12 24 26
 12 24 26 68
 12 24 26 64
 12 24 26 55
 12 24 26 53
 12 24 26 51 52
 12 24 26 35
 12 24 26 35 43 64
 12 24 26 35 43 55
 12 24 26 35 41 64
 12 24 26 35 41 55
 12 24 26 35 41 42 64
 12 24 26 35 41 42 55
 12 24 26 35 39 40 64
 12 24 26 35 39 40 55
 12 24 25 57 62
 12 24 25 55
 12 24 25 53
 12 24 25 51 52
 12 24 25 35 53 57 62
 12 24 25 35 53 55
 12 24 25 35 51 52 57 62
 12 24 25 35 51 52 55
 12 24 25 28 56 70
 12 24 25 28 56 68 69
 12 24 25 28 43 56
 12 24 25 26
 12 24 25 26 35 57 62
 12 24 25 26 35 55
 12 24 25 26 27 56 70
 12 24 25 26 27 56 68 69
 12 24 25 26 27 43 56
 12 18 56 57
 12 18 28 57
 12 18 28 41 57
 12 18 28 39 40 57
 12 18 26 27 57
 12 18 26 27 41 57
 12 18 26 27 39 40 57
 12 18 24 56
 12 18 24 56 57
 12 16
 12 16 64
 12 16 55
 12 16 35
 12 16 35 53 64
 12 16 35 53 55
 12 16 35 51 52 64
 12 16 35 51 52 55
 12 16 26 35 64
 12 16 26 35 55
 12 16 24 35 53 64
 12 16 24 35 53 55
 12 16 24 35 51 52 64
 12 16 24 35 51 52 55
 12 16 24 26 35 64
 12 16 24 26 35 55
 12 15 62 68
 12 15 45 56
 12 15 43 44 56
 12 15 35 53 62 68
 12 15 35 51 52 62 68
 12 15 28 45
 12 15 28 43 44
 12 15 28 41 45
 12 15 28 41 43 44
 12 15 28 39 40 45
 12 15 28 39 40 43 44
 12 15 26 62
 12 15 26 35 62
 12 15 26 35 62 68
 12 15 26 35 53 62
 12 15 26 35 51 52 62
 12 15 26 27 45
 12 15 26 27 43 44
 12 15 26 27 41 45
 12 15 26 27 41 43 44
 12 15 26 27 39 40 45
 12 15 26 27 39 40 43 44
 12 15 24 45 56
 12 15 24 43 44 56
 12 15 24 25 62
 12 15 24 25 35 53 62
 12 15 24 25 35 51 52 62
 12 15 24 25 26 35 62
 12 15 18 56
 12 15 18 28
 12 15 18 28 41
 12 15 18 28 39 40
 12 15 18 26 27
 12 15 18 26 27 41
 12 15 18 26 27 39 40
 12 15 18 24 56
 12 14 64
 12 14 55
 12 14 35 53 64
 12 14 35 53 55
 12 14 35 51 52 64
 12 14 35 51 52 55
 12 14 28 45 57
 12 14 28 43 44 57
 12 14 26 35 64
 12 14 26 35 55
 12 14 26 27 45 57
 12 14 26 27 43 44 57
 12 14 24 35 53 64
 12 14 24 35 53 55
 12 14 24 35 51 52 64
 12 14 24 35 51 52 55
 12 14 24 26 35 64
 12 14 24 26 35 55
 12 14 18 28 57
 12 14 18 26 27 57
 12 14 15 28 45
 12 14 15 28 43 44
 12 14 15 26 27 45
 12 14 15 26 27 43 44
 12 14 15 18 28
 12 14 15 18 26 27
 12 13 43
 12 13 41
 12 13 41 42
 12 13 39 40
 12 13 35 53 68
 12 13 35 51 52 68
 12 13 35 43 53
 12 13 35 43 51 52
 12 13 35 41 53
 12 13 35 41 51 52
 12 13 35 41 42 53
 12 13 35 41 42 51 52
 12 13 35 39 40 53
 12 13 35 39 40 51 52
 12 13 26 35
 12 13 26 35 68
 12 13 26 35 53
 12 13 26 35 51 52
 12 13 26 35 43
 12 13 26 35 41
 12 13 26 35 41 42
 12 13 26 35 39 40
 12 13 24 68
 12 13 24 35 43 53
 12 13 24 35 43 51 52
 12 13 24 35 41 53
 12 13 24 35 41 51 52
 12 13 24 35 41 42 53
 12 13 24 35 41 42 51 52
 12 13 24 35 39 40 53
 12 13 24 35 39 40 51 52
 12 13 24 26
 12 13 24 26 35 43
 12 13 24 26 35 41
 12 13 24 26 35 41 42
 12 13 24 26 35 39 40
 12 13 24 25
 12 13 24 25 35 53
 12 13 24 25 35 51 52
 12 13 24 25 26 35
 12 13 16
 12 13 16 35 53
 12 13 16 35 51 52
 12 13 16 26 35
 12 13 16 24 35 53
 12 13 16 24 35 51 52
 12 13 16 24 26 35
 12 13 14
 12 13 14 62 68
 12 13 14 45 56
 12 13 14 43 44 56
 12 13 14 35 53
 12 13 14 35 53 62 68
 12 13 14 35 51 52
 12 13 14 35 51 52 62 68
 12 13 14 28 41 45
 12 13 14 28 41 43 44
 12 13 14 28 39 40 45
 12 13 14 28 39 40 43 44
 12 13 14 26 62
 12 13 14 26 35
 12 13 14 26 35 62
 12 13 14 26 35 62 68
 12 13 14 26 35 53 62
 12 13 14 26 35 51 52 62
 12 13 14 26 27 41 45
 12 13 14 26 27 41 43 44
 12 13 14 26 27 39 40 45
 12 13 14 26 27 39 40 43 44
 12 13 14 24 45 56
 12 13 14 24 43 44 56
 12 13 14 24 35 53
 12 13 14 24 35 51 52
 12 13 14 24 26 35
 12 13 14 24 25 62
 12 13 14 24 25 35 53 62
 12 13 14 24 25 35 51 52 62
 12 13 14 24 25 26 35 62
 12 13 14 18 56
 12 13 14 18 28 41
 12 13 14 18 28 39 40
 12 13 14 18 26 27 41
 12 13 14 18 26 27 39 40
 12 13 14 18 24 56
 11 28 45
 11 28 43 44
 11 26 27 45
 11 26 27 43 44
 11 18 28
 11 18 26 27
 11 12 43
 11 12 41
 11 12 41 68
 11 12 41 43 68
 11 12 41 42
 11 12 41 42 68
 11 12 39 43
 11 12 39 41
 11 12 39 41 42
 11 12 39 40 68
 11 12 39 40 43 68
 11 12 39 40 41 42 68
 11 12 37 38 43
 11 12 37 38 41
 11 12 37 38 41 42
 11 12 37 38 39 40
 11 12 35 53 68
 11 12 35 51 52 68
 11 12 35 43 53
 11 12 35 43 51 52
 11 12 35 41 53
 11 12 35 41 51 52
 11 12 35 41 42 53
 11 12 35 41 42 51 52
 11 12 35 39 53 68
 11 12 35 39 51 52 68
 11 12 35 39 43 53
 11 12 35 39 43 51 52
 11 12 35 39 41 53
 11 12 35 39 41 51 52
 11 12 35 39 41 42 53
 11 12 35 39 41 42 51 52
 11 12 35 37 38 53 68
 11 12 35 37 38 51 52 68
 11 12 35 37 38 43 53
 11 12 35 37 38 43 51 52
 11 12 35 37 38 41 53
 11 12 35 37 38 41 51 52
 11 12 35 37 38 41 42 53
 11 12 35 37 38 41 42 51 52
 11 12 35 37 38 39 40 53
 11 12 35 37 38 39 40 51 52
 11 12 26 41
 11 12 26 41 43
 11 12 26 41 42
 11 12 26 39 40
 11 12 26 39 40 43
 11 12 26 39 40 41 42
 11 12 26 35
 11 12 26 35 68
 11 12 26 35 53
 11 12 26 35 51 52
 11 12 26 35 43
 11 12 26 35 41
 11 12 26 35 41 42
 11 12 26 35 39
 11 12 26 35 39 68
 11 12 26 35 39 53
 11 12 26 35 39 51 52
 11 12 26 35 39 43
 11 12 26 35 39 41
 11 12 26 35 39 41 42
 11 12 26 35 37 38
 11 12 26 35 37 38 68
 11 12 26 35 37 38 53
 11 12 26 35 37 38 51 52
 11 12 26 35 37 38 43
 11 12 26 35 37 38 41
 11 12 26 35 37 38 41 42
 11 12 26 35 37 38 39 40
 11 12 24 68
 11 12 24 41 68
 11 12 24 39 68
 11 12 24 39 40 68
 11 12 24 37 38 68
 11 12 24 35 43 53
 11 12 24 35 43 51 52
 11 12 24 35 41 53
 11 12 24 35 41 51 52
 11 12 24 35 41 42 53
 11 12 24 35 41 42 51 52
 11 12 24 35 39 43 53
 11 12 24 35 39 43 51 52
 11 12 24 35 39 41 53
 11 12 24 35 39 41 51 52
 11 12 24 35 39 41 42 53
 11 12 24 35 39 41 42 51 52
 11 12 24 35 37 38 43 53
 11 12 24 35 37 38 43 51 52
 11 12 24 35 37 38 41 53
 11 12 24 35 37 38 41 51 52
 11 12 24 35 37 38 41 42 53
 11 12 24 35 37 38 41 42 51 52
 11 12 24 35 37 38 39 40 53
 11 12 24 35 37 38 39 40 51 52
 11 12 24 26
 11 12 24 26 41
 11 12 24 26 39
 11 12 24 26 39 40
 11 12 24 26 37 38
 11 12 24 26 35 43
 11 12 24 26 35 41
 11 12 24 26 35 41 42
 11 12 24 26 35 39 43
 11 12 24 26 35 39 41
 11 12 24 26 35 39 41 42
 11 12 24 26 35 37 38 43
 11 12 24 26 35 37 38 41
 11 12 24 26 35 37 38 41 42
 11 12 24 26 35 37 38 39 40
 11 12 24 25
 11 12 24 25 41 43
 11 12 24 25 41 42
 11 12 24 25 39
 11 12 24 25 39 40 43
 11 12 24 25 39 40 41 42
 11 12 24 25 37 38
 11 12 24 25 35 53
 11 12 24 25 35 51 52
 11 12 24 25 35 39 53
 11 12 24 25 35 39 51 52
 11 12 24 25 35 37 38 53
 11 12 24 25 35 37 38 51 52
 11 12 24 25 26 35
 11 12 24 25 26 35 39
 11 12 24 25 26 35 37 38
 11 12 16
 11 12 16 41 68
 11 12 16 39
 11 12 16 39 40 68
 11 12 16 37 38
 11 12 16 35 53
 11 12 16 35 51 52
 11 12 16 35 39 53
 11 12 16 35 39 51 52
 11 12 16 35 37 38 53
 11 12 16 35 37 38 51 52
 11 12 16 26 41
 11 12 16 26 39 40
 11 12 16 26 35
 11 12 16 26 35 39
 11 12 16 26 35 37 38
 11 12 16 24 35 53
 11 12 16 24 35 51 52
 11 12 16 24 35 39 53
 11 12 16 24 35 39 51 52
 11 12 16 24 35 37 38 53
 11 12 16 24 35 37 38 51 52
 11 12 16 24 26 35
 11 12 16 24 26 35 39
 11 12 16 24 26 35 37 38
 11 12 16 24 25 41
 11 12 16 24 25 39 40
 11 12 14
 11 12 14 68
 11 12 14 43 68
 11 12 14 41 42 68
 11 12 14 39
 11 12 14 37 38
 11 12 14 35 53
 11 12 14 35 51 52
 11 12 14 35 39 53
 11 12 14 35 39 51 52
 11 12 14 35 37 38 53
 11 12 14 35 37 38 51 52
 11 12 14 26
 11 12 14 26 43
 11 12 14 26 41 42
 11 12 14 26 35
 11 12 14 26 35 39
 11 12 14 26 35 37 38
 11 12 14 24 68
 11 12 14 24 35 53
 11 12 14 24 35 51 52
 11 12 14 24 35 39 53
 11 12 14 24 35 39 51 52
 11 12 14 24 35 37 38 53
 11 12 14 24 35 37 38 51 52
 11 12 14 24 26
 11 12 14 24 26 35
 11 12 14 24 26 35 39
 11 12 14 24 26 35 37 38
 11 12 14 24 25 43
 11 12 14 24 25 41 42
 11 12 14 16 68
 11 12 14 16 26
 11 12 14 16 24 25
 9 28 45 62
 9 28 45 62 72
 9 28 45 62 70 71
 9 28 43 44 62 72
 9 28 43 44 62 70 71
 9 28 43 44 45 62
 9 26 27 45 62
 9 26 27 45 62 72
 9 26 27 45 62 70 71
 9 26 27 43 44 62 72
 9 26 27 43 44 62 70 71
 9 26 27 43 44 45 62
 9 18 28 62 72
 9 18 28 62 70 71
 9 18 28 45 62
 9 18 26 27 62 72
 9 18 26 27 62 70 71
 9 18 26 27 45 62
 9 10 28 45
 9 10 28 43 44
 9 10 26 27 45
 9 10 26 27 43 44
 9 10 18 28
 9 10 18 26 27
 7 8 28 45 62
 7 8 28 45 62 72
 7 8 28 45 62 70 71
 7 8 28 43 44 62 72
 7 8 28 43 44 62 70 71
 7 8 28 43 44 45 62
 7 8 26 27 45 62
 7 8 26 27 45 62 72
 7 8 26 27 45 62 70 71
 7 8 26 27 43 44 62 72
 7 8 26 27 43 44 62 70 71
 7 8 26 27 43 44 45 62
 7 8 18 28 62 72
 7 8 18 28 62 70 71
 7 8 18 28 45 62
 7 8 18 26 27 62 72
 7 8 18 26 27 62 70 71
 7 8 18 26 27 45 62
 3 28 45
 3 28 43 44
 3 26 27 45
 3 26 27 43 44
 3 18 28
 3 18 26 27
 1
 1 72
 1 70
 1 70 71
 1 68 69
 1 60
 1 60 71
 1 60 70
 1 60 67 68 70
 1 60 67 68 69
 1 58 60 68 70
 1 58 60 68 69
 1 56 60
 1 56 57 60 68 70
 1 56 57 60 68 69
 1 54 55 60
 1 45 62
 1 45 60 62
 1 45 60 62 72
 1 45 60 62 70 71
 1 45 59
 1 45 58
 1 45 58 62
 1 45 58 62 72
 1 45 58 62 70 71
 1 45 56 57
 1 45 53
 1 45 51 62
 1 45 51 62 72
 1 45 51 62 70 71
 1 44 60
 1 43
 1 43 60
 1 43 60 69
 1 43 60 67 68
 1 43 58 60 68
 1 43 56 57 60 68
 1 43 44
 1 43 44 62
 1 43 44 60 62 72
 1 43 44 60 62 70 71
 1 43 44 59
 1 43 44 58
 1 43 44 58 62 72
 1 43 44 58 62 70 71
 1 43 44 56 57
 1 43 44 53
 1 43 44 51 62 72
 1 43 44 51 62 70 71
 1 43 44 45 60 62
 1 43 44 45 58 62
 1 43 44 45 51 62
 1 42 60 70
 1 42 60 68 69
 1 42 43 60
 1 41
 1 41 45
 1 41 45 56 57
 1 41 45 53
 1 41 45 53 56
 1 41 45 53 56 72
 1 41 45 53 56 70 71
 1 41 45 51 52
 1 41 45 51 52 56
 1 41 45 51 52 56 72
 1 41 45 51 52 56 70 71
 1 41 43 44
 1 41 43 44 56 57
 1 41 43 44 53
 1 41 43 44 53 56 72
 1 41 43 44 53 56 70 71
 1 41 43 44 51 52
 1 41 43 44 51 52 56 72
 1 41 43 44 51 52 56 70 71
 1 41 43 44 45 53 56
 1 41 43 44 45 51 52 56
 1 39 56 68 70
 1 39 56 68 69
 1 39 45 57
 1 39 43 56 68
 1 39 43 44 57
 1 39 41 45 57
 1 39 41 43 44 57
 1 39 40
 1 39 40 45
 1 39 40 45 57
 1 39 40 45 56 57
 1 39 40 45 53
 1 39 40 45 53 56
 1 39 40 45 53 56 72
 1 39 40 45 53 56 70 71
 1 39 40 45 51 52
 1 39 40 45 51 52 56
 1 39 40 45 51 52 56 72
 1 39 40 45 51 52 56 70 71
 1 39 40 43 44
 1 39 40 43 44 57
 1 39 40 43 44 56 57
 1 39 40 43 44 53
 1 39 40 43 44 53 56 72
 1 39 40 43 44 53 56 70 71
 1 39 40 43 44 51 52
 1 39 40 43 44 51 52 56 72
 1 39 40 43 44 51 52 56 70 71
 1 39 40 43 44 45 53 56
 1 39 40 43 44 45 51 52 56
 1 37 38 56 68 70
 1 37 38 56 68 69
 1 37 38 45 57
 1 37 38 43 56 68
 1 37 38 43 44 57
 1 37 38 41 45 57
 1 37 38 41 43 44 57
 1 37 38 39 40 45 57
 1 37 38 39 40 43 44 57
 1 35 41 53
 1 35 41 51 52
 1 35 39 40 53
 1 35 39 40 51 52
 1 31 60 68 70
 1 31 60 68 69
 1 31 45
 1 31 43 60 68
 1 31 43 44
 1 30 45
 1 30 43 44
 1 29 60
 1 28 29 45
 1 28 29 43 44
 1 26 58 60 70
 1 26 58 60 68 69
 1 26 56 57 60 70
 1 26 56 57 60 68 69
 1 26 43 58 60
 1 26 43 56 57 60
 1 26 41 45
 1 26 41 45 56
 1 26 41 45 56 72
 1 26 41 45 56 70 71
 1 26 41 43 44
 1 26 41 43 44 56 72
 1 26 41 43 44 56 70 71
 1 26 41 43 44 45 56
 1 26 39 56 70
 1 26 39 56 68 69
 1 26 39 43 56
 1 26 39 40 45
 1 26 39 40 45 56
 1 26 39 40 45 56 72
 1 26 39 40 45 56 70 71
 1 26 39 40 43 44
 1 26 39 40 43 44 56 72
 1 26 39 40 43 44 56 70 71
 1 26 39 40 43 44 45 56
 1 26 37 38 56 70
 1 26 37 38 56 68 69
 1 26 37 38 43 56
 1 26 35 41
 1 26 35 39 40
 1 26 31 60 70
 1 26 31 60 68 69
 1 26 31 43 60
 1 24 60 70
 1 24 60 68 69
 1 24 43 60
 1 24 25 58 60 70
 1 24 25 58 60 68 69
 1 24 25 56 57 60 70
 1 24 25 56 57 60 68 69
 1 24 25 43 58 60
 1 24 25 43 56 57 60
 1 24 25 39 56 70
 1 24 25 39 56 68 69
 1 24 25 39 43 56
 1 24 25 37 38 56 70
 1 24 25 37 38 56 68 69
 1 24 25 37 38 43 56
 1 24 25 31 60 70
 1 24 25 31 60 68 69
 1 24 25 31 43 60
 1 18
 1 18 62
 1 18 60 62 72
 1 18 60 62 70 71
 1 18 59
 1 18 58
 1 18 58 62 72
 1 18 58 62 70 71
 1 18 56 57
 1 18 53
 1 18 51 62 72
 1 18 51 62 70 71
 1 18 45 60 62
 1 18 45 58 62
 1 18 45 51 62
 1 18 41
 1 18 41 56 57
 1 18 41 53
 1 18 41 53 56 72
 1 18 41 53 56 70 71
 1 18 41 51 52
 1 18 41 51 52 56 72
 1 18 41 51 52 56 70 71
 1 18 41 45 53 56
 1 18 41 45 51 52 56
 1 18 39 57
 1 18 39 41 57
 1 18 39 40
 1 18 39 40 57
 1 18 39 40 56 57
 1 18 39 40 53
 1 18 39 40 53 56 72
 1 18 39 40 53 56 70 71
 1 18 39 40 51 52
 1 18 39 40 51 52 56 72
 1 18 39 40 51 52 56 70 71
 1 18 39 40 45 53 56
 1 18 39 40 45 51 52 56
 1 18 37 38 57
 1 18 37 38 41 57
 1 18 37 38 39 40 57
 1 18 31
 1 18 30
 1 18 28 29
 1 18 26 41
 1 18 26 41 56 72
 1 18 26 41 56 70 71
 1 18 26 41 45 56
 1 18 26 39 40
 1 18 26 39 40 56 72
 1 18 26 39 40 56 70 71
 1 18 26 39 40 45 56
 1 17 45
 1 17 43 44
 1 17 18
 1 15 41 45 56
 1 15 41 43 44 56
 1 15 39 45
 1 15 39 43 44
 1 15 39 41 45
 1 15 39 41 43 44
 1 15 39 40 45
 1 15 39 40 45 56
 1 15 39 40 43 44
 1 15 39 40 43 44 56
 1 15 37 38 45
 1 15 37 38 43 44
 1 15 37 38 41 45
 1 15 37 38 41 43 44
 1 15 37 38 39 40 45
 1 15 37 38 39 40 43 44
 1 15 18 41 56
 1 15 18 39
 1 15 18 39 41
 1 15 18 39 40
 1 15 18 39 40 56
 1 15 18 37 38
 1 15 18 37 38 41
 1 15 18 37 38 39 40
 1 15 16 45
 1 15 16 43 44
 1 15 16 18
 1 14
 1 14 45
 1 14 45 56 57
 1 14 45 53
 1 14 45 53 56
 1 14 45 53 56 72
 1 14 45 53 56 70 71
 1 14 45 51 52
 1 14 45 51 52 56
 1 14 45 51 52 56 72
 1 14 45 51 52 56 70 71
 1 14 43 44
 1 14 43 44 56 57
 1 14 43 44 53
 1 14 43 44 53 56 72
 1 14 43 44 53 56 70 71
 1 14 43 44 51 52
 1 14 43 44 51 52 56 72
 1 14 43 44 51 52 56 70 71
 1 14 43 44 45 53 56
 1 14 43 44 45 51 52 56
 1 14 39 45 57
 1 14 39 43 44 57
 1 14 37 38 45 57
 1 14 37 38 43 44 57
 1 14 35 53
 1 14 35 51 52
 1 14 26 45
 1 14 26 45 56
 1 14 26 45 56 72
 1 14 26 45 56 70 71
 1 14 26 43 44
 1 14 26 43 44 56 72
 1 14 26 43 44 56 70 71
 1 14 26 43 44 45 56
 1 14 26 35
 1 14 18
 1 14 18 56 57
 1 14 18 53
 1 14 18 53 56 72
 1 14 18 53 56 70 71
 1 14 18 51 52
 1 14 18 51 52 56 72
 1 14 18 51 52 56 70 71
 1 14 18 45 53 56
 1 14 18 45 51 52 56
 1 14 18 39 57
 1 14 18 37 38 57
 1 14 18 26
 1 14 18 26 56 72
 1 14 18 26 56 70 71
 1 14 18 26 45 56
 1 14 15 45 56
 1 14 15 43 44 56
 1 14 15 39 45
 1 14 15 39 43 44
 1 14 15 37 38 45
 1 14 15 37 38 43 44
 1 14 15 18 56
 1 14 15 18 39
 1 14 15 18 37 38
 1 13 14 45 56
 1 13 14 43 44 56
 1 13 14 41 45 56
 1 13 14 41 43 44 56
 1 13 14 39 41 45
 1 13 14 39 41 43 44
 1 13 14 39 40 45
 1 13 14 39 40 45 56
 1 13 14 39 40 43 44
 1 13 14 39 40 43 44 56
 1 13 14 37 38 41 45
 1 13 14 37 38 41 43 44
 1 13 14 37 38 39 40 45
 1 13 14 37 38 39 40 43 44
 1 13 14 18 56
 1 13 14 18 41 56
 1 13 14 18 39 41
 1 13 14 18 39 40
 1 13 14 18 39 40 56
 1 13 14 18 37 38 41
 1 13 14 18 37 38 39 40
 1 12 56 68 70
 1 12 56 68 69
 1 12 45 57
 1 12 43 56 68
 1 12 43 44 57
 1 12 41 45 57
 1 12 41 43 44 57
 1 12 39 40 45 57
 1 12 39 40 43 44 57
 1 12 26 56 70
 1 12 26 56 68 69
 1 12 26 43 56
 1 12 24 25 56 70
 1 12 24 25 56 68 69
 1 12 24 25 43 56
 1 12 18 57
 1 12 18 41 57
 1 12 18 39 40 57
 1 12 15 45
 1 12 15 43 44
 1 12 15 41 45
 1 12 15 41 43 44
 1 12 15 39 40 45
 1 12 15 39 40 43 44
 1 12 15 18
 1 12 15 18 41
 1 12 15 18 39 40
 1 12 14 45 57
 1 12 14 43 44 57
 1 12 14 18 57
 1 12 14 15 45
 1 12 14 15 43 44
 1 12 14 15 18
 1 12 13 14 41 45
 1 12 13 14 41 43 44
 1 12 13 14 39 40 45
 1 12 13 14 39 40 43 44
 1 12 13 14 18 41
 1 12 13 14 18 39 40
 1 11 45
 1 11 43 44
 1 11 18
 1 9 45 62
 1 9 45 62 72
 1 9 45 62 70 71
 1 9 43 44 62 72
 1 9 43 44 62 70 71
 1 9 43 44 45 62
 1 9 18 62 72
 1 9 18 62 70 71
 1 9 18 45 62
 1 9 10 45
 1 9 10 43 44
 1 9 10 18
 1 7 8 45 62
 1 7 8 45 62 72
 1 7 8 45 62 70 71
 1 7 8 43 44 62 72
 1 7 8 43 44 62 70 71
 1 7 8 43 44 45 62
 1 7 8 18 62 72
 1 7 8 18 62 70 71
 1 7 8 18 45 62
 1 3 45
 1 3 43 44
 1 3 18
