 60 62 68
 58
 57 60
 57 58 60 72
 57 58 60 70 71
 56 57 58 60 72
 56 57 58 60 70 71
 51 54 60
 51 52 53 60
 49 50 54 60
 49 50 52 53 60
 45 57 58 60
 45 56 57 58 60
 43 58
 43 58 59
 43 58 59 62
 41 58
 41 58 59
 41 58 59 62
 41 57 60 68
 41 57 58
 41 57 58 68
 41 53 58
 41 51 52 58
 41 43 60 64 68
 41 43 55 60 68
 41 42 60 64 68
 41 42 58
 41 42 58 59
 41 42 58 59 62
 41 42 55 60 68
 39 60 64 68
 39 55 60 68
 39 40 58
 39 40 58 59
 39 40 58 59 62
 39 40 57 60 68
 39 40 57 58
 39 40 57 58 68
 39 40 53 58
 39 40 51 52 58
 39 40 43 60 64 68
 39 40 43 55 60 68
 39 40 41 42 60 64 68
 39 40 41 42 55 60 68
 37 38 60 64 68
 37 38 55 60 68
 31 57 58 60 72
 31 57 58 60 70 71
 31 45 57 58 60
 28 60 62
 28 53
 28 53 57 58 60 72
 28 53 57 58 60 70 71
 28 53 56 57 60 72
 28 53 56 57 60 70 71
 28 51 56 60
 28 51 54 55 60
 28 51 52
 28 51 52 57 58 60 72
 28 51 52 57 58 60 70 71
 28 51 52 56 57 60 72
 28 51 52 56 57 60 70 71
 28 49 50 56 60
 28 49 50 54 55 60
 28 45 53 57 58 60
 28 45 53 56 57 60
 28 45 51 52 57 58 60
 28 45 51 52 56 57 60
 28 41 57 60
 28 41 51 60
 28 41 49 50 60
 28 41 43 60 64
 28 41 43 55 60
 28 41 42 60 64
 28 41 42 55 60
 28 39 60 64
 28 39 55 60
 28 39 40 57 60
 28 39 40 51 60
 28 39 40 49 50 60
 28 39 40 43 60 64
 28 39 40 43 55 60
 28 39 40 41 42 60 64
 28 39 40 41 42 55 60
 28 37 38 60 64
 28 37 38 55 60
 28 31 53 57 60 72
 28 31 53 57 60 70 71
 28 31 51 52 57 60 72
 28 31 51 52 57 60 70 71
 28 31 45 53 57 60
 28 31 45 51 52 57 60
 28 29 51 60
 28 29 49 50 60
 27 51 60
 27 49 50 60
 26 60 62
 26 41 58
 26 41 57 60
 26 41 57 58
 26 41 43 60 64
 26 41 43 55 60
 26 41 42 60 64
 26 41 42 55 60
 26 39 60 64
 26 39 55 60
 26 39 40 58
 26 39 40 57 60
 26 39 40 57 58
 26 39 40 43 60 64
 26 39 40 43 55 60
 26 39 40 41 42 60 64
 26 39 40 41 42 55 60
 26 37 38 60 64
 26 37 38 55 60
 26 28
 26 28 57 58 60 72
 26 28 57 58 60 70 71
 26 28 56 57 60 72
 26 28 56 57 60 70 71
 26 28 45 57 58 60
 26 28 45 56 57 60
 26 28 31 57 60 72
 26 28 31 57 60 70 71
 26 28 31 45 57 60
 26 27
 26 27 60 62
 26 27 57 58 60 72
 26 27 57 58 60 70 71
 26 27 56 57 60 72
 26 27 56 57 60 70 71
 26 27 53
 26 27 53 57 58 60 72
 26 27 53 57 58 60 70 71
 26 27 53 56 57 60 72
 26 27 53 56 57 60 70 71
 26 27 51 56 60
 26 27 51 54 55 60
 26 27 51 52
 26 27 51 52 57 58 60 72
 26 27 51 52 57 58 60 70 71
 26 27 51 52 56 57 60 72
 26 27 51 52 56 57 60 70 71
 26 27 49 50 56 60
 26 27 49 50 54 55 60
 26 27 45 57 58 60
 26 27 45 56 57 60
 26 27 45 53 57 58 60
 26 27 45 53 56 57 60
 26 27 45 51 52 57 58 60
 26 27 45 51 52 56 57 60
 26 27 41 57 60
 26 27 41 51 60
 26 27 41 49 50 60
 26 27 41 43 60 64
 26 27 41 43 55 60
 26 27 41 42 60 64
 26 27 41 42 55 60
 26 27 39 60 64
 26 27 39 55 60
 26 27 39 40 57 60
 26 27 39 40 51 60
 26 27 39 40 49 50 60
 26 27 39 40 43 60 64
 26 27 39 40 43 55 60
 26 27 39 40 41 42 60 64
 26 27 39 40 41 42 55 60
 26 27 37 38 60 64
 26 27 37 38 55 60
 26 27 31 57 60 72
 26 27 31 57 60 70 71
 26 27 31 53 57 60 72
 26 27 31 53 57 60 70 71
 26 27 31 51 52 57 60 72
 26 27 31 51 52 57 60 70 71
 26 27 31 45 57 60
 26 27 31 45 53 57 60
 26 27 31 45 51 52 57 60
 26 27 29 51 60
 26 27 29 49 50 60
 24 54 60
 24 52 53 60
 24 28 56 60
 24 28 54 55 60
 24 28 41 60
 24 28 39 40 60
 24 28 29 60
 24 27 60
 24 26 27 56 60
 24 26 27 54 55 60
 24 26 27 41 60
 24 26 27 39 40 60
 24 26 27 29 60
 24 25 60 62
 24 25 41 57 60
 24 25 41 57 58
 24 25 41 43 60 64
 24 25 41 43 55 60
 24 25 41 42 60 64
 24 25 41 42 55 60
 24 25 39 60 64
 24 25 39 55 60
 24 25 39 40 57 60
 24 25 39 40 57 58
 24 25 39 40 43 60 64
 24 25 39 40 43 55 60
 24 25 39 40 41 42 60 64
 24 25 39 40 41 42 55 60
 24 25 37 38 60 64
 24 25 37 38 55 60
 17 43 58
 17 43 58 62
 17 41 58
 17 41 58 62
 17 41 42 58
 17 41 42 58 62
 17 39 40 58
 17 39 40 58 62
 16 58
 16 58 59
 16 58 59 62
 16 41 60 64 68
 16 41 55 60 68
 16 39 40 60 64 68
 16 39 40 55 60 68
 16 28 41 60 64
 16 28 41 55 60
 16 28 39 40 60 64
 16 28 39 40 55 60
 16 26 41 60 64
 16 26 41 55 60
 16 26 39 40 60 64
 16 26 39 40 55 60
 16 26 27 41 60 64
 16 26 27 41 55 60
 16 26 27 39 40 60 64
 16 26 27 39 40 55 60
 16 24 25 41 60 64
 16 24 25 41 55 60
 16 24 25 39 40 60 64
 16 24 25 39 40 55 60
 16 17 58
 16 17 58 62
 15 60
 15 58 60 72
 15 58 60 70 71
 15 56 57 58 60 72
 15 56 57 58 60 70 71
 15 45 58 60
 15 45 56 57 58 60
 15 41 60 68
 15 41 58
 15 41 58 68
 15 39 40 60 68
 15 39 40 58
 15 39 40 58 68
 15 31 58 60 72
 15 31 58 60 70 71
 15 31 45 58 60
 15 28 53 58 60 72
 15 28 53 58 60 70 71
 15 28 53 56 57 60 72
 15 28 53 56 57 60 70 71
 15 28 51 52 58 60 72
 15 28 51 52 58 60 70 71
 15 28 51 52 56 57 60 72
 15 28 51 52 56 57 60 70 71
 15 28 45 53 58 60
 15 28 45 53 56 57 60
 15 28 45 51 52 58 60
 15 28 45 51 52 56 57 60
 15 28 41 60
 15 28 39 40 60
 15 28 31 53 60 72
 15 28 31 53 60 70 71
 15 28 31 51 52 60 72
 15 28 31 51 52 60 70 71
 15 28 31 45 53 60
 15 28 31 45 51 52 60
 15 26 41 60
 15 26 41 58
 15 26 39 40 60
 15 26 39 40 58
 15 26 28 58 60 72
 15 26 28 58 60 70 71
 15 26 28 56 57 60 72
 15 26 28 56 57 60 70 71
 15 26 28 45 58 60
 15 26 28 45 56 57 60
 15 26 28 31 60 72
 15 26 28 31 60 70 71
 15 26 28 31 45 60
 15 26 27 58 60 72
 15 26 27 58 60 70 71
 15 26 27 56 57 60 72
 15 26 27 56 57 60 70 71
 15 26 27 53 58 60 72
 15 26 27 53 58 60 70 71
 15 26 27 53 56 57 60 72
 15 26 27 53 56 57 60 70 71
 15 26 27 51 52 58 60 72
 15 26 27 51 52 58 60 70 71
 15 26 27 51 52 56 57 60 72
 15 26 27 51 52 56 57 60 70 71
 15 26 27 45 58 60
 15 26 27 45 56 57 60
 15 26 27 45 53 58 60
 15 26 27 45 53 56 57 60
 15 26 27 45 51 52 58 60
 15 26 27 45 51 52 56 57 60
 15 26 27 41 60
 15 26 27 39 40 60
 15 26 27 31 60 72
 15 26 27 31 60 70 71
 15 26 27 31 53 60 72
 15 26 27 31 53 60 70 71
 15 26 27 31 51 52 60 72
 15 26 27 31 51 52 60 70 71
 15 26 27 31 45 60
 15 26 27 31 45 53 60
 15 26 27 31 45 51 52 60
 15 24 25 41 60
 15 24 25 41 58
 15 24 25 39 40 60
 15 24 25 39 40 58
 15 16 58
 15 16 58 62
 15 16 43 58
 15 16 43 58 62
 15 16 41 58
 15 16 41 58 62
 15 16 41 42 58
 15 16 41 42 58 62
 15 16 39 40 58
 15 16 39 40 58 62
 14 58
 14 58 59
 14 58 59 62
 14 57 60 68
 14 57 58
 14 57 58 68
 14 53 58
 14 51 52 58
 14 43 60 64 68
 14 43 55 60 68
 14 41 42 60 64 68
 14 41 42 55 60 68
 14 28 57 60
 14 28 51 60
 14 28 49 50 60
 14 28 43 60 64
 14 28 43 55 60
 14 28 41 42 60 64
 14 28 41 42 55 60
 14 26 58
 14 26 57 60
 14 26 57 58
 14 26 43 60 64
 14 26 43 55 60
 14 26 41 42 60 64
 14 26 41 42 55 60
 14 26 27 57 60
 14 26 27 51 60
 14 26 27 49 50 60
 14 26 27 43 60 64
 14 26 27 43 55 60
 14 26 27 41 42 60 64
 14 26 27 41 42 55 60
 14 24 28 60
 14 24 26 27 60
 14 24 25 57 60
 14 24 25 57 58
 14 24 25 43 60 64
 14 24 25 43 55 60
 14 24 25 41 42 60 64
 14 24 25 41 42 55 60
 14 17 58
 14 17 58 62
 14 16 60 64 68
 14 16 55 60 68
 14 16 28 60 64
 14 16 28 55 60
 14 16 26 60 64
 14 16 26 55 60
 14 16 26 27 60 64
 14 16 26 27 55 60
 14 16 24 25 60 64
 14 16 24 25 55 60
 14 15 60 68
 14 15 58
 14 15 58 68
 14 15 28 60
 14 15 26 60
 14 15 26 58
 14 15 26 27 60
 14 15 24 25 60
 14 15 24 25 58
 14 15 16 58
 14 15 16 58 62
 13 41 43 60 68
 13 41 42 60 68
 13 39 60 68
 13 39 40 43 60 68
 13 39 40 41 42 60 68
 13 37 38 60 68
 13 28 41 43 60
 13 28 41 42 60
 13 28 39 60
 13 28 39 40 43 60
 13 28 39 40 41 42 60
 13 28 37 38 60
 13 26 41 43 60
 13 26 41 42 60
 13 26 39 60
 13 26 39 40 43 60
 13 26 39 40 41 42 60
 13 26 37 38 60
 13 26 27 41 43 60
 13 26 27 41 42 60
 13 26 27 39 60
 13 26 27 39 40 43 60
 13 26 27 39 40 41 42 60
 13 26 27 37 38 60
 13 24 25 41 43 60
 13 24 25 41 42 60
 13 24 25 39 60
 13 24 25 39 40 43 60
 13 24 25 39 40 41 42 60
 13 24 25 37 38 60
 13 16 41 60 68
 13 16 39 40 60 68
 13 16 28 41 60
 13 16 28 39 40 60
 13 16 26 41 60
 13 16 26 39 40 60
 13 16 26 27 41 60
 13 16 26 27 39 40 60
 13 16 24 25 41 60
 13 16 24 25 39 40 60
 13 14 60
 13 14 60 68
 13 14 58
 13 14 58 68
 13 14 58 60 72
 13 14 58 60 70 71
 13 14 56 57 58 60 72
 13 14 56 57 58 60 70 71
 13 14 45 58 60
 13 14 45 56 57 58 60
 13 14 43 60 68
 13 14 41 60 68
 13 14 41 58
 13 14 41 58 68
 13 14 41 42 60 68
 13 14 39 40 60 68
 13 14 39 40 58
 13 14 39 40 58 68
 13 14 31 58 60 72
 13 14 31 58 60 70 71
 13 14 31 45 58 60
 13 14 28 60
 13 14 28 53 58 60 72
 13 14 28 53 58 60 70 71
 13 14 28 53 56 57 60 72
 13 14 28 53 56 57 60 70 71
 13 14 28 51 52 58 60 72
 13 14 28 51 52 58 60 70 71
 13 14 28 51 52 56 57 60 72
 13 14 28 51 52 56 57 60 70 71
 13 14 28 45 53 58 60
 13 14 28 45 53 56 57 60
 13 14 28 45 51 52 58 60
 13 14 28 45 51 52 56 57 60
 13 14 28 43 60
 13 14 28 41 60
 13 14 28 41 42 60
 13 14 28 39 40 60
 13 14 28 31 53 60 72
 13 14 28 31 53 60 70 71
 13 14 28 31 51 52 60 72
 13 14 28 31 51 52 60 70 71
 13 14 28 31 45 53 60
 13 14 28 31 45 51 52 60
 13 14 26 60
 13 14 26 58
 13 14 26 43 60
 13 14 26 41 60
 13 14 26 41 58
 13 14 26 41 42 60
 13 14 26 39 40 60
 13 14 26 39 40 58
 13 14 26 28 58 60 72
 13 14 26 28 58 60 70 71
 13 14 26 28 56 57 60 72
 13 14 26 28 56 57 60 70 71
 13 14 26 28 45 58 60
 13 14 26 28 45 56 57 60
 13 14 26 28 31 60 72
 13 14 26 28 31 60 70 71
 13 14 26 28 31 45 60
 13 14 26 27 60
 13 14 26 27 58 60 72
 13 14 26 27 58 60 70 71
 13 14 26 27 56 57 60 72
 13 14 26 27 56 57 60 70 71
 13 14 26 27 53 58 60 72
 13 14 26 27 53 58 60 70 71
 13 14 26 27 53 56 57 60 72
 13 14 26 27 53 56 57 60 70 71
 13 14 26 27 51 52 58 60 72
 13 14 26 27 51 52 58 60 70 71
 13 14 26 27 51 52 56 57 60 72
 13 14 26 27 51 52 56 57 60 70 71
 13 14 26 27 45 58 60
 13 14 26 27 45 56 57 60
 13 14 26 27 45 53 58 60
 13 14 26 27 45 53 56 57 60
 13 14 26 27 45 51 52 58 60
 13 14 26 27 45 51 52 56 57 60
 13 14 26 27 43 60
 13 14 26 27 41 60
 13 14 26 27 41 42 60
 13 14 26 27 39 40 60
 13 14 26 27 31 60 72
 13 14 26 27 31 60 70 71
 13 14 26 27 31 53 60 72
 13 14 26 27 31 53 60 70 71
 13 14 26 27 31 51 52 60 72
 13 14 26 27 31 51 52 60 70 71
 13 14 26 27 31 45 60
 13 14 26 27 31 45 53 60
 13 14 26 27 31 45 51 52 60
 13 14 24 25 60
 13 14 24 25 58
 13 14 24 25 43 60
 13 14 24 25 41 60
 13 14 24 25 41 58
 13 14 24 25 41 42 60
 13 14 24 25 39 40 60
 13 14 24 25 39 40 58
 13 14 16 60 68
 13 14 16 28 60
 13 14 16 26 60
 13 14 16 26 27 60
 13 14 16 24 25 60
 12 60 64 68
 12 55 60 68
 12 28 60 64
 12 28 55 60
 12 26 60 64
 12 26 55 60
 12 26 27 60 64
 12 26 27 55 60
 12 24 25 60 64
 12 24 25 55 60
 12 13 60 68
 12 13 28 60
 12 13 26 60
 12 13 26 27 60
 12 13 24 25 60
 11 12 60 68
 11 12 41 43 60 68
 11 12 41 42 60 68
 11 12 39 60 68
 11 12 39 40 43 60 68
 11 12 39 40 41 42 60 68
 11 12 37 38 60 68
 11 12 28 60
 11 12 28 41 43 60
 11 12 28 41 42 60
 11 12 28 39 60
 11 12 28 39 40 43 60
 11 12 28 39 40 41 42 60
 11 12 28 37 38 60
 11 12 26 60
 11 12 26 41 43 60
 11 12 26 41 42 60
 11 12 26 39 60
 11 12 26 39 40 43 60
 11 12 26 39 40 41 42 60
 11 12 26 37 38 60
 11 12 26 27 60
 11 12 26 27 41 43 60
 11 12 26 27 41 42 60
 11 12 26 27 39 60
 11 12 26 27 39 40 43 60
 11 12 26 27 39 40 41 42 60
 11 12 26 27 37 38 60
 11 12 24 25 60
 11 12 24 25 41 43 60
 11 12 24 25 41 42 60
 11 12 24 25 39 60
 11 12 24 25 39 40 43 60
 11 12 24 25 39 40 41 42 60
 11 12 24 25 37 38 60
 11 12 16 41 60 68
 11 12 16 39 40 60 68
 11 12 16 28 41 60
 11 12 16 28 39 40 60
 11 12 16 26 41 60
 11 12 16 26 39 40 60
 11 12 16 26 27 41 60
 11 12 16 26 27 39 40 60
 11 12 16 24 25 41 60
 11 12 16 24 25 39 40 60
 11 12 14 43 60 68
 11 12 14 41 42 60 68
 11 12 14 28 43 60
 11 12 14 28 41 42 60
 11 12 14 26 43 60
 11 12 14 26 41 42 60
 11 12 14 26 27 43 60
 11 12 14 26 27 41 42 60
 11 12 14 24 25 43 60
 11 12 14 24 25 41 42 60
 11 12 14 16 60 68
 11 12 14 16 28 60
 11 12 14 16 26 60
 11 12 14 16 26 27 60
 11 12 14 16 24 25 60
 1 60 62
 1 53
 1 53 57 58 60 72
 1 53 57 58 60 70 71
 1 53 56 57 60 72
 1 53 56 57 60 70 71
 1 51 56 60
 1 51 54 55 60
 1 51 52
 1 51 52 57 58 60 72
 1 51 52 57 58 60 70 71
 1 51 52 56 57 60 72
 1 51 52 56 57 60 70 71
 1 49 50 56 60
 1 49 50 54 55 60
 1 45 53 57 58 60
 1 45 53 56 57 60
 1 45 51 52 57 58 60
 1 45 51 52 56 57 60
 1 41 57 60
 1 41 51 60
 1 41 49 50 60
 1 41 43 60 64
 1 41 43 55 60
 1 41 42 60 64
 1 41 42 55 60
 1 39 60 64
 1 39 55 60
 1 39 40 57 60
 1 39 40 51 60
 1 39 40 49 50 60
 1 39 40 43 60 64
 1 39 40 43 55 60
 1 39 40 41 42 60 64
 1 39 40 41 42 55 60
 1 37 38 60 64
 1 37 38 55 60
 1 31 53 57 60 72
 1 31 53 57 60 70 71
 1 31 51 52 57 60 72
 1 31 51 52 57 60 70 71
 1 31 45 53 57 60
 1 31 45 51 52 57 60
 1 29 51 60
 1 29 49 50 60
 1 26
 1 26 57 58 60 72
 1 26 57 58 60 70 71
 1 26 56 57 60 72
 1 26 56 57 60 70 71
 1 26 45 57 58 60
 1 26 45 56 57 60
 1 26 31 57 60 72
 1 26 31 57 60 70 71
 1 26 31 45 57 60
 1 24 56 60
 1 24 54 55 60
 1 24 41 60
 1 24 39 40 60
 1 24 29 60
 1 16 41 60 64
 1 16 41 55 60
 1 16 39 40 60 64
 1 16 39 40 55 60
 1 15 53 58 60 72
 1 15 53 58 60 70 71
 1 15 53 56 57 60 72
 1 15 53 56 57 60 70 71
 1 15 51 52 58 60 72
 1 15 51 52 58 60 70 71
 1 15 51 52 56 57 60 72
 1 15 51 52 56 57 60 70 71
 1 15 45 53 58 60
 1 15 45 53 56 57 60
 1 15 45 51 52 58 60
 1 15 45 51 52 56 57 60
 1 15 41 60
 1 15 39 40 60
 1 15 31 53 60 72
 1 15 31 53 60 70 71
 1 15 31 51 52 60 72
 1 15 31 51 52 60 70 71
 1 15 31 45 53 60
 1 15 31 45 51 52 60
 1 15 26 58 60 72
 1 15 26 58 60 70 71
 1 15 26 56 57 60 72
 1 15 26 56 57 60 70 71
 1 15 26 45 58 60
 1 15 26 45 56 57 60
 1 15 26 31 60 72
 1 15 26 31 60 70 71
 1 15 26 31 45 60
 1 14 57 60
 1 14 51 60
 1 14 49 50 60
 1 14 43 60 64
 1 14 43 55 60
 1 14 41 42 60 64
 1 14 41 42 55 60
 1 14 24 60
 1 14 16 60 64
 1 14 16 55 60
 1 14 15 60
 1 13 41 43 60
 1 13 41 42 60
 1 13 39 60
 1 13 39 40 43 60
 1 13 39 40 41 42 60
 1 13 37 38 60
 1 13 16 41 60
 1 13 16 39 40 60
 1 13 14 60
 1 13 14 53 58 60 72
 1 13 14 53 58 60 70 71
 1 13 14 53 56 57 60 72
 1 13 14 53 56 57 60 70 71
 1 13 14 51 52 58 60 72
 1 13 14 51 52 58 60 70 71
 1 13 14 51 52 56 57 60 72
 1 13 14 51 52 56 57 60 70 71
 1 13 14 45 53 58 60
 1 13 14 45 53 56 57 60
 1 13 14 45 51 52 58 60
 1 13 14 45 51 52 56 57 60
 1 13 14 43 60
 1 13 14 41 60
 1 13 14 41 42 60
 1 13 14 39 40 60
 1 13 14 31 53 60 72
 1 13 14 31 53 60 70 71
 1 13 14 31 51 52 60 72
 1 13 14 31 51 52 60 70 71
 1 13 14 31 45 53 60
 1 13 14 31 45 51 52 60
 1 13 14 26 58 60 72
 1 13 14 26 58 60 70 71
 1 13 14 26 56 57 60 72
 1 13 14 26 56 57 60 70 71
 1 13 14 26 45 58 60
 1 13 14 26 45 56 57 60
 1 13 14 26 31 60 72
 1 13 14 26 31 60 70 71
 1 13 14 26 31 45 60
 1 13 14 16 60
 1 12 60 64
 1 12 55 60
 1 12 13 60
 1 11 12 60
 1 11 12 41 43 60
 1 11 12 41 42 60
 1 11 12 39 60
 1 11 12 39 40 43 60
 1 11 12 39 40 41 42 60
 1 11 12 37 38 60
 1 11 12 16 41 60
 1 11 12 16 39 40 60
 1 11 12 14 43 60
 1 11 12 14 41 42 60
 1 11 12 14 16 60
