 59 72
 59 70 71
 58
 58 72
 58 71
 58 70
 58 70 71
 58 69 70
 58 68
 58 68 69
 58 64
 58 59
 58 59 72
 58 59 70 71
 57 60 68
 57 58
 57 58 70
 57 58 69
 57 58 68 69
 57 58 67 68
 57 58 60
 56 58
 56 58 62
 56 57 60 68
 56 57 58
 56 57 58 59
 56 57 58 59 72
 56 57 58 59 70 71
 51 58 68 72
 51 58 68 70 71
 51 56 58 68 70
 51 56 58 68 69
 51 56 58 62
 51 54 55 58 68 70
 51 54 55 58 68 69
 49 50 58 68 72
 49 50 58 68 70 71
 49 50 56 58 68 70
 49 50 56 58 68 69
 49 50 56 58 62
 49 50 54 55 58 68 70
 49 50 54 55 58 68 69
 47 58 74
 47 58 72 73
 47 58 69
 47 58 67 68
 47 58 60
 47 57 58
 47 56 57 58 74
 47 56 57 58 72 73
 47 56 57 58 59
 45 59
 45 58
 45 58 71
 45 58 69 70
 45 56 58
 45 56 57 58
 45 56 57 58 59
 45 51 58 68
 45 51 56 58
 45 51 56 58 74
 45 51 56 58 72
 45 51 56 58 72 73
 45 51 56 58 70 71
 45 51 56 58 64
 45 51 56 58 62
 45 51 56 58 62 74
 45 51 56 58 62 72
 45 51 56 58 62 72 73
 45 51 56 58 62 70 71
 45 51 56 57 58 72
 45 51 56 57 58 70 71
 45 51 56 57 58 62 72
 45 51 56 57 58 62 70 71
 45 49 50 58 68
 45 49 50 56 58
 45 49 50 56 58 74
 45 49 50 56 58 72
 45 49 50 56 58 72 73
 45 49 50 56 58 70 71
 45 49 50 56 58 64
 45 49 50 56 58 62
 45 49 50 56 58 62 74
 45 49 50 56 58 62 72
 45 49 50 56 58 62 72 73
 45 49 50 56 58 62 70 71
 45 49 50 56 57 58 72
 45 49 50 56 57 58 70 71
 45 49 50 56 57 58 62 72
 45 49 50 56 57 58 62 70 71
 45 47 58
 45 47 51 56 58
 45 47 51 56 58 62
 45 47 49 50 56 58
 45 47 49 50 56 58 62
 45 46 58 74
 45 46 58 72 73
 45 46 58 69
 45 46 58 67 68
 45 46 58 60
 45 46 57 58
 45 46 56 57 58
 45 46 56 57 58 74
 45 46 56 57 58 72 73
 45 46 56 57 58 59
 45 46 47 58
 45 46 47 56 57 58
 44 58
 44 45 58
 43 58
 43 57 58
 43 57 58 68
 43 56 57 58 68
 43 51 56 58 68
 43 51 54 55 58 68
 43 49 50 56 58 68
 43 49 50 54 55 58 68
 43 44 58
 43 44 58 71
 43 44 58 69 70
 43 44 58 59
 43 44 56 58
 43 44 56 57 58
 43 44 51 56 58 74
 43 44 51 56 58 72
 43 44 51 56 58 72 73
 43 44 51 56 58 70 71
 43 44 51 56 58 64
 43 44 51 56 58 62 74
 43 44 51 56 58 62 72
 43 44 51 56 58 62 72 73
 43 44 51 56 58 62 70 71
 43 44 51 56 57 58
 43 44 51 56 57 58 72
 43 44 51 56 57 58 70 71
 43 44 51 56 57 58 62
 43 44 51 56 57 58 62 72
 43 44 51 56 57 58 62 70 71
 43 44 49 50 56 58 74
 43 44 49 50 56 58 72
 43 44 49 50 56 58 72 73
 43 44 49 50 56 58 70 71
 43 44 49 50 56 58 64
 43 44 49 50 56 58 62 74
 43 44 49 50 56 58 62 72
 43 44 49 50 56 58 62 72 73
 43 44 49 50 56 58 62 70 71
 43 44 49 50 56 57 58
 43 44 49 50 56 57 58 72
 43 44 49 50 56 57 58 70 71
 43 44 49 50 56 57 58 62
 43 44 49 50 56 57 58 62 72
 43 44 49 50 56 57 58 62 70 71
 43 44 47 58
 43 44 47 51 56 58
 43 44 47 51 56 58 62
 43 44 47 49 50 56 58
 43 44 47 49 50 56 58 62
 43 44 45 51 56 58
 43 44 45 51 56 58 62
 43 44 45 51 56 57 58
 43 44 45 51 56 57 58 62
 43 44 45 49 50 56 58
 43 44 45 49 50 56 58 62
 43 44 45 49 50 56 57 58
 43 44 45 49 50 56 57 58 62
 43 44 45 46 58
 42 57 58
 42 47 58
 42 45 46 58
 41 58
 41 45 58
 41 43 44 58
 41 42 57 58 68
 41 42 56 57 58 68
 40 58
 40 58 64
 40 58 59 72
 40 58 59 70 71
 40 57 60 68
 40 57 58
 40 57 58 72
 40 57 58 70
 40 57 58 70 71
 40 57 58 68
 40 57 58 68 69
 40 57 58 62
 40 57 58 60 68
 40 56 58 64
 40 56 57 72
 40 56 57 70 71
 40 56 57 60 68
 40 56 57 58 62
 40 56 57 58 59 72
 40 56 57 58 59 70 71
 40 47 58
 40 47 56 57 58
 40 45 58 64
 40 45 58 59
 40 45 56 57
 40 45 56 57 58
 40 45 56 57 58 59
 40 45 55 58
 40 45 46 58
 40 45 46 56 57 58
 40 43 57 58
 40 43 56 57 58 68
 40 43 44 58 64
 40 43 44 57 58
 40 43 44 56 57 58
 40 43 44 55 58
 40 41 42 56 57 58 68
 39 40 58
 39 40 45 58
 39 40 43 44 58
 38 60 68
 38 59 72
 38 59 70 71
 38 58
 38 58 72
 38 58 71
 38 58 70 71
 38 58 69
 38 58 69 70
 38 58 68
 38 58 67 68
 38 58 60
 38 58 60 68
 38 58 59
 38 57
 38 57 58
 38 57 58 72
 38 57 58 71
 38 57 58 70 71
 38 57 58 69
 38 57 58 69 70
 38 57 58 68
 38 57 58 67 68
 38 57 58 62
 38 57 58 60
 38 57 58 59
 38 56 60 68
 38 56 58
 38 56 57 58
 38 56 57 58 72
 38 56 57 58 70 71
 38 55 58
 38 47 58 69
 38 47 58 67 68
 38 47 58 60
 38 47 57 58
 38 47 56 58
 38 47 56 57 58 59
 38 45 59
 38 45 58
 38 45 58 71
 38 45 58 69 70
 38 45 58 64
 38 45 58 59
 38 45 57 58 69
 38 45 57 58 67 68
 38 45 57 58 60
 38 45 56 57 58 59
 38 45 55 58
 38 45 47 58
 38 45 46 58
 38 45 46 58 69
 38 45 46 58 67 68
 38 45 46 58 60
 38 45 46 57 58
 38 45 46 56 58
 38 45 46 56 57 58 59
 38 44 58
 38 44 57 58
 38 44 45 58
 38 43 56 58 68
 38 43 44 58
 38 43 44 58 71
 38 43 44 58 69 70
 38 43 44 58 64
 38 43 44 58 59
 38 43 44 57 58
 38 43 44 57 58 69
 38 43 44 57 58 67 68
 38 43 44 57 58 60
 38 43 44 56 57 58
 38 43 44 56 57 58 59
 38 43 44 55 58
 38 43 44 47 58
 38 43 44 45 46 58
 38 42 58
 38 42 57 58
 38 42 47 58
 38 42 45 57 58
 38 42 45 46 58
 38 42 43 44 57 58
 38 41 57 58
 38 41 45 58
 38 41 43 44 58
 38 41 42 56 58 68
 38 39 58
 38 39 58 64
 38 39 58 59 72
 38 39 58 59 70 71
 38 39 57 60 68
 38 39 57 58
 38 39 57 58 72
 38 39 57 58 70
 38 39 57 58 70 71
 38 39 57 58 68
 38 39 57 58 68 69
 38 39 57 58 62
 38 39 57 58 60 68
 38 39 56 58 64
 38 39 56 57 72
 38 39 56 57 70 71
 38 39 56 57 60 68
 38 39 56 57 58 62
 38 39 56 57 58 59 72
 38 39 56 57 58 59 70 71
 38 39 47 58
 38 39 47 56 57 58
 38 39 45 58 64
 38 39 45 58 59
 38 39 45 56 57
 38 39 45 56 57 58
 38 39 45 56 57 58 59
 38 39 45 55 58
 38 39 45 46 58
 38 39 45 46 56 57 58
 38 39 43 57 58
 38 39 43 56 57 58 68
 38 39 43 44 58 64
 38 39 43 44 57 58
 38 39 43 44 56 57 58
 38 39 43 44 55 58
 38 39 41 42 56 57 58 68
 38 39 40 57 58
 38 39 40 45 58
 38 39 40 43 44 58
 37 60 68
 37 43 58 68
 37 41 42 58 68
 37 40 58 64
 37 40 57 60 68
 37 40 57 58 62
 37 40 45 58
 37 40 43 57 58 68
 37 40 43 44 58
 37 40 41 42 57 58 68
 37 38 60 68
 37 38 43 58 68
 37 38 41 42 58 68
 37 38 39 58 64
 37 38 39 57 60 68
 37 38 39 57 58 62
 37 38 39 45 58
 37 38 39 43 57 58 68
 37 38 39 43 44 58
 37 38 39 41 42 57 58 68
 36 37 59 72
 36 37 59 70 71
 36 37 58
 36 37 58 72
 36 37 58 71
 36 37 58 70 71
 36 37 58 69
 36 37 58 69 70
 36 37 58 68
 36 37 58 67 68
 36 37 58 60
 36 37 58 60 68
 36 37 58 59
 36 37 57
 36 37 57 58
 36 37 57 58 72
 36 37 57 58 71
 36 37 57 58 70 71
 36 37 57 58 69
 36 37 57 58 69 70
 36 37 57 58 68
 36 37 57 58 67 68
 36 37 57 58 62
 36 37 57 58 60
 36 37 57 58 59
 36 37 56 60 68
 36 37 56 58
 36 37 56 57 58
 36 37 56 57 58 72
 36 37 56 57 58 70 71
 36 37 55 58
 36 37 47 58 69
 36 37 47 58 67 68
 36 37 47 58 60
 36 37 47 57 58
 36 37 47 56 58
 36 37 47 56 57 58 59
 36 37 45 59
 36 37 45 58
 36 37 45 58 71
 36 37 45 58 69 70
 36 37 45 58 64
 36 37 45 58 59
 36 37 45 57 58 69
 36 37 45 57 58 67 68
 36 37 45 57 58 60
 36 37 45 56 57 58 59
 36 37 45 55 58
 36 37 45 47 58
 36 37 45 46 58
 36 37 45 46 58 69
 36 37 45 46 58 67 68
 36 37 45 46 58 60
 36 37 45 46 57 58
 36 37 45 46 56 58
 36 37 45 46 56 57 58 59
 36 37 44 58
 36 37 44 57 58
 36 37 44 45 58
 36 37 43 58 68
 36 37 43 56 58 68
 36 37 43 44 58
 36 37 43 44 58 71
 36 37 43 44 58 69 70
 36 37 43 44 58 64
 36 37 43 44 58 59
 36 37 43 44 57 58
 36 37 43 44 57 58 69
 36 37 43 44 57 58 67 68
 36 37 43 44 57 58 60
 36 37 43 44 56 57 58
 36 37 43 44 56 57 58 59
 36 37 43 44 55 58
 36 37 43 44 47 58
 36 37 43 44 45 46 58
 36 37 42 58
 36 37 42 57 58
 36 37 42 47 58
 36 37 42 45 57 58
 36 37 42 45 46 58
 36 37 42 43 44 57 58
 36 37 41 57 58
 36 37 41 45 58
 36 37 41 43 44 58
 36 37 41 42 58 68
 36 37 41 42 56 58 68
 36 37 39 40 57 58
 36 37 39 40 45 58
 36 37 39 40 43 44 58
 35 72
 35 70 71
 35 58
 35 58 72
 35 58 70 71
 35 58 59
 35 58 59 72
 35 58 59 70 71
 35 57 60
 35 57 58
 35 56 58 59 70
 35 56 58 59 68 69
 35 54 55 58 59 70
 35 54 55 58 59 68 69
 35 45
 35 45 58
 35 45 58 59
 35 43 58
 35 43 58 64
 35 43 56 58 59
 35 43 54 55 58 59
 35 41 42 58
 35 41 42 58 64
 35 40 58 59 64 72
 35 40 58 59 64 70 71
 35 40 56 58 59 64 70
 35 40 56 58 59 64 68 69
 35 40 54 55 58 59 64 70
 35 40 54 55 58 59 64 68 69
 35 40 45 58 59 64
 35 40 43 56 58 59 64
 35 40 43 54 55 58 59 64
 35 38 58 72
 35 38 58 70 71
 35 38 57 60
 35 38 57 58
 35 38 45 58
 35 38 39 58 59 64 72
 35 38 39 58 59 64 70 71
 35 38 39 56 58 59 64 70
 35 38 39 56 58 59 64 68 69
 35 38 39 54 55 58 59 64 70
 35 38 39 54 55 58 59 64 68 69
 35 38 39 45 58 59 64
 35 38 39 43 56 58 59 64
 35 38 39 43 54 55 58 59 64
 35 36 37 58 72
 35 36 37 58 70 71
 35 36 37 57 60
 35 36 37 57 58
 35 36 37 45 58
 33 57 58
 33 47 58
 33 45 46 58
 33 38 58
 33 38 57 58
 33 38 47 58
 33 38 45 57 58
 33 38 45 46 58
 33 38 43 44 57 58
 33 36 37 58
 33 36 37 57 58
 33 36 37 47 58
 33 36 37 45 57 58
 33 36 37 45 46 58
 33 36 37 43 44 57 58
 32 57 58
 32 56 57 58
 32 47 58
 32 47 56 57 58
 32 45 46 58
 32 45 46 56 57 58
 32 38 58
 32 38 57 58
 32 38 47 58
 32 38 47 56 57 58
 32 38 45 57 58
 32 38 45 56 57 58
 32 38 45 46 58
 32 38 45 46 56 57 58
 32 38 43 44 57 58
 32 38 43 44 56 57 58
 32 36 37 58
 32 36 37 57 58
 32 36 37 47 58
 32 36 37 47 56 57 58
 32 36 37 45 57 58
 32 36 37 45 56 57 58
 32 36 37 45 46 58
 32 36 37 45 46 56 57 58
 32 36 37 43 44 57 58
 32 36 37 43 44 56 57 58
 31 58 59 72
 31 58 59 70 71
 31 57 58 59
 31 47 58
 31 47 58 74
 31 47 58 72 73
 31 47 58 59
 31 47 57 58
 31 45 58
 31 45 58 59
 31 45 51 56 58
 31 45 51 56 58 72
 31 45 51 56 58 70 71
 31 45 51 56 58 62
 31 45 51 56 58 62 72
 31 45 51 56 58 62 70 71
 31 45 49 50 56 58
 31 45 49 50 56 58 72
 31 45 49 50 56 58 70 71
 31 45 49 50 56 58 62
 31 45 49 50 56 58 62 72
 31 45 49 50 56 58 62 70 71
 31 45 46 58 74
 31 45 46 58 72 73
 31 45 46 58 59
 31 45 46 57 58
 31 45 46 47 58
 31 43 44 58
 31 43 44 51 56 58 72
 31 43 44 51 56 58 70 71
 31 43 44 51 56 58 62 72
 31 43 44 51 56 58 62 70 71
 31 43 44 49 50 56 58 72
 31 43 44 49 50 56 58 70 71
 31 43 44 49 50 56 58 62 72
 31 43 44 49 50 56 58 62 70 71
 31 43 44 45 51 56 58
 31 43 44 45 51 56 58 62
 31 43 44 45 49 50 56 58
 31 43 44 45 49 50 56 58 62
 31 40 58 59 72
 31 40 58 59 70 71
 31 40 57 72
 31 40 57 70 71
 31 40 47 58
 31 40 45 58 59
 31 40 45 57
 31 40 45 57 58
 31 40 45 46 58
 31 40 43 44 57 58
 31 38 58
 31 38 58 59
 31 38 57 58
 31 38 57 58 72
 31 38 57 58 70 71
 31 38 57 58 59
 31 38 47 58
 31 38 47 58 59
 31 38 47 57 58
 31 38 45 57 58
 31 38 45 57 58 59
 31 38 45 46 58
 31 38 45 46 58 59
 31 38 45 46 57 58
 31 38 43 44 57 58 59
 31 38 39 58 59 72
 31 38 39 58 59 70 71
 31 38 39 57 72
 31 38 39 57 70 71
 31 38 39 47 58
 31 38 39 45 58 59
 31 38 39 45 57
 31 38 39 45 57 58
 31 38 39 45 46 58
 31 38 39 43 44 57 58
 31 36 37 58
 31 36 37 58 59
 31 36 37 57 58
 31 36 37 57 58 72
 31 36 37 57 58 70 71
 31 36 37 57 58 59
 31 36 37 47 58
 31 36 37 47 58 59
 31 36 37 47 57 58
 31 36 37 45 57 58
 31 36 37 45 57 58 59
 31 36 37 45 46 58
 31 36 37 45 46 58 59
 31 36 37 45 46 57 58
 31 36 37 43 44 57 58 59
 31 32 57 58
 31 32 47 58
 31 32 45 46 58
 31 32 38 58
 31 32 38 57 58
 31 32 38 47 58
 31 32 38 45 57 58
 31 32 38 45 46 58
 31 32 38 43 44 57 58
 31 32 36 37 58
 31 32 36 37 57 58
 31 32 36 37 47 58
 31 32 36 37 45 57 58
 31 32 36 37 45 46 58
 31 32 36 37 43 44 57 58
 30 58
 30 45 58 72
 30 45 58 70 71
 30 45 56 57 58 72
 30 45 56 57 58 70 71
 30 43 44 58
 30 43 44 58 72
 30 43 44 58 70 71
 30 43 44 56 57 58
 30 43 44 56 57 58 72
 30 43 44 56 57 58 70 71
 30 43 44 45 58
 30 43 44 45 56 57 58
 30 31 45 58 72
 30 31 45 58 70 71
 30 31 43 44 58
 30 31 43 44 58 72
 30 31 43 44 58 70 71
 30 31 43 44 45 58
 29 51 58 68 70
 29 51 58 68 69
 29 49 50 58 68 70
 29 49 50 58 68 69
 29 43 51 58 68
 29 43 49 50 58 68
 29 35 58 59 70
 29 35 58 59 68 69
 29 35 43 58 59
 29 35 40 58 59 64 70
 29 35 40 58 59 64 68 69
 29 35 40 43 58 59 64
 29 35 38 39 58 59 64 70
 29 35 38 39 58 59 64 68 69
 29 35 38 39 43 58 59 64
 28 72
 28 70 71
 28 58
 28 58 71
 28 58 69
 28 58 69 70
 28 58 67 68
 28 58 60
 28 58 59
 28 57 60
 28 57 58
 28 56 58
 28 56 57 60
 28 56 57 58 59
 28 47 58
 28 47 58 74
 28 47 58 72
 28 47 58 72 73
 28 47 58 70 71
 28 47 58 65
 28 47 58 63 64
 28 47 57 58
 28 47 56 57 58
 28 47 56 57 58 74
 28 47 56 57 58 72
 28 47 56 57 58 72 73
 28 47 56 57 58 70 71
 28 47 56 57 58 65
 28 47 56 57 58 63 64
 28 45
 28 45 58 72
 28 45 58 70 71
 28 45 56 57 58
 28 45 56 57 58 74
 28 45 56 57 58 72
 28 45 56 57 58 72 73
 28 45 56 57 58 70 71
 28 45 47 58
 28 45 46 58
 28 45 46 58 74
 28 45 46 58 72
 28 45 46 58 72 73
 28 45 46 58 70 71
 28 45 46 58 65
 28 45 46 58 63 64
 28 45 46 57 58
 28 45 46 56 57 58
 28 45 46 56 57 58 74
 28 45 46 56 57 58 72
 28 45 46 56 57 58 72 73
 28 45 46 56 57 58 70 71
 28 45 46 56 57 58 65
 28 45 46 56 57 58 63 64
 28 45 46 47 58
 28 45 46 47 56 57 58
 28 44 58
 28 43 44 58
 28 43 44 58 72
 28 43 44 58 70 71
 28 43 44 56 57 58 74
 28 43 44 56 57 58 72
 28 43 44 56 57 58 72 73
 28 43 44 56 57 58 70 71
 28 43 44 47 56 57 58
 28 43 44 45 58
 28 43 44 45 56 57 58
 28 42 58
 28 41 47 58 72
 28 41 47 58 70 71
 28 41 47 56 57 58 72
 28 41 47 56 57 58 70 71
 28 41 45 47 58
 28 41 45 47 56 57 58
 28 41 45 46 58
 28 41 45 46 58 72
 28 41 45 46 58 70 71
 28 41 45 46 56 57 58
 28 41 45 46 56 57 58 72
 28 41 45 46 56 57 58 70 71
 28 40 57 60
 28 40 57 58 60
 28 40 56 57 60
 28 39 40 47 58 72
 28 39 40 47 58 70 71
 28 39 40 47 56 57 58 72
 28 39 40 47 56 57 58 70 71
 28 39 40 45 47 58
 28 39 40 45 47 56 57 58
 28 39 40 45 46 58
 28 39 40 45 46 58 72
 28 39 40 45 46 58 70 71
 28 39 40 45 46 56 57 58
 28 39 40 45 46 56 57 58 72
 28 39 40 45 46 56 57 58 70 71
 28 38 60
 28 38 58
 28 38 58 71
 28 38 58 69 70
 28 38 58 60
 28 38 58 59
 28 38 57 58
 28 38 56 60
 28 38 47 58
 28 38 47 58 71
 28 38 47 58 69 70
 28 38 47 58 59
 28 38 47 57 58
 28 38 47 56 57 58
 28 38 45 46 58
 28 38 45 46 58 71
 28 38 45 46 58 69 70
 28 38 45 46 58 59
 28 38 45 46 57 58
 28 38 45 46 56 57 58
 28 38 44 58
 28 38 44 47 58
 28 38 44 45 46 58
 28 38 41 58
 28 38 41 47 58
 28 38 41 45 46 58
 28 38 39 57 60
 28 38 39 57 58 60
 28 38 39 56 57 60
 28 38 39 40 58
 28 38 39 40 47 58
 28 38 39 40 45 46 58
 28 37 60
 28 37 40 57 60
 28 37 38 60
 28 37 38 39 57 60
 28 36 37 58
 28 36 37 58 71
 28 36 37 58 69 70
 28 36 37 58 60
 28 36 37 58 59
 28 36 37 57 58
 28 36 37 56 60
 28 36 37 47 58 71
 28 36 37 47 58 69 70
 28 36 37 47 58 59
 28 36 37 47 57 58
 28 36 37 45 46 58 71
 28 36 37 45 46 58 69 70
 28 36 37 45 46 58 59
 28 36 37 45 46 57 58
 28 36 37 44 58
 28 36 37 44 47 58
 28 36 37 44 45 46 58
 28 36 37 41 58
 28 36 37 41 47 58
 28 36 37 41 45 46 58
 28 36 37 39 40 58
 28 36 37 39 40 47 58
 28 36 37 39 40 45 46 58
 28 35 58 72
 28 35 58 70 71
 28 35 45 58
 28 35 43 58
 28 35 41 42 58
 28 33 58
 28 32 58
 28 32 56 57 58
 28 31 58
 28 31 58 59
 28 31 57 58
 28 31 47 58
 28 31 47 58 74
 28 31 47 58 72
 28 31 47 58 72 73
 28 31 47 58 70 71
 28 31 47 58 65
 28 31 47 58 63 64
 28 31 45 58
 28 31 45 58 74
 28 31 45 58 72
 28 31 45 58 72 73
 28 31 45 58 70 71
 28 31 45 46 58
 28 31 45 46 58 74
 28 31 45 46 58 72
 28 31 45 46 58 72 73
 28 31 45 46 58 70 71
 28 31 45 46 58 65
 28 31 45 46 58 63 64
 28 31 45 46 47 58
 28 31 43 44 58 74
 28 31 43 44 58 72
 28 31 43 44 58 72 73
 28 31 43 44 58 70 71
 28 31 43 44 47 58
 28 31 43 44 45 58
 28 31 41 47 58 72
 28 31 41 47 58 70 71
 28 31 41 45 47 58
 28 31 41 45 46 58
 28 31 41 45 46 58 72
 28 31 41 45 46 58 70 71
 28 31 39 40 47 58 72
 28 31 39 40 47 58 70 71
 28 31 39 40 45 47 58
 28 31 39 40 45 46 58
 28 31 39 40 45 46 58 72
 28 31 39 40 45 46 58 70 71
 28 31 38 47 58
 28 31 38 45 46 58
 28 31 32 58
 28 29 58
 28 29 45 58 72
 28 29 45 58 70 71
 28 29 45 56 57 58 72
 28 29 45 56 57 58 70 71
 28 29 43 44 58
 28 29 43 44 58 72
 28 29 43 44 58 70 71
 28 29 43 44 56 57 58
 28 29 43 44 56 57 58 72
 28 29 43 44 56 57 58 70 71
 28 29 43 44 45 58
 28 29 43 44 45 56 57 58
 28 29 31 45 58 72
 28 29 31 45 58 70 71
 28 29 31 43 44 58
 28 29 31 43 44 58 72
 28 29 31 43 44 58 70 71
 28 29 31 43 44 45 58
 26 58
 26 57 60
 26 56 57 60
 26 51 58 72
 26 51 58 70 71
 26 51 56 58 70
 26 51 56 58 68 69
 26 51 54 55 58 70
 26 51 54 55 58 68 69
 26 49 50 58 72
 26 49 50 58 70 71
 26 49 50 56 58 70
 26 49 50 56 58 68 69
 26 49 50 54 55 58 70
 26 49 50 54 55 58 68 69
 26 45 51 58
 26 45 49 50 58
 26 43 57 58
 26 43 56 57 58
 26 43 51 56 58
 26 43 51 54 55 58
 26 43 49 50 56 58
 26 43 49 50 54 55 58
 26 41 42 57 58
 26 41 42 56 57 58
 26 40 57 60
 26 40 57 58
 26 40 57 58 60
 26 40 56 57 60
 26 40 43 56 57 58
 26 40 41 42 56 57 58
 26 38 60
 26 38 58
 26 38 58 60
 26 38 57 58
 26 38 56 60
 26 38 43 56 58
 26 38 41 42 56 58
 26 38 39 57 60
 26 38 39 57 58
 26 38 39 57 58 60
 26 38 39 56 57 60
 26 38 39 43 56 57 58
 26 38 39 41 42 56 57 58
 26 37 60
 26 37 43 58
 26 37 41 42 58
 26 37 40 57 60
 26 37 40 43 57 58
 26 37 40 41 42 57 58
 26 37 38 60
 26 37 38 43 58
 26 37 38 41 42 58
 26 37 38 39 57 60
 26 37 38 39 43 57 58
 26 37 38 39 41 42 57 58
 26 36 37 58
 26 36 37 58 60
 26 36 37 57 58
 26 36 37 56 60
 26 36 37 43 58
 26 36 37 43 56 58
 26 36 37 41 42 58
 26 36 37 41 42 56 58
 26 29 51 58 70
 26 29 51 58 68 69
 26 29 49 50 58 70
 26 29 49 50 58 68 69
 26 29 43 51 58
 26 29 43 49 50 58
 26 27 72
 26 27 70 71
 26 27 58
 26 27 58 71
 26 27 58 69
 26 27 58 69 70
 26 27 58 67 68
 26 27 58 60
 26 27 58 59
 26 27 57 60
 26 27 57 58
 26 27 56 58
 26 27 56 57 60
 26 27 56 57 58 59
 26 27 47 58
 26 27 47 58 74
 26 27 47 58 72
 26 27 47 58 72 73
 26 27 47 58 70 71
 26 27 47 58 65
 26 27 47 58 63 64
 26 27 47 57 58
 26 27 47 56 57 58
 26 27 47 56 57 58 74
 26 27 47 56 57 58 72
 26 27 47 56 57 58 72 73
 26 27 47 56 57 58 70 71
 26 27 47 56 57 58 65
 26 27 47 56 57 58 63 64
 26 27 45
 26 27 45 58 72
 26 27 45 58 70 71
 26 27 45 56 57 58
 26 27 45 56 57 58 74
 26 27 45 56 57 58 72
 26 27 45 56 57 58 72 73
 26 27 45 56 57 58 70 71
 26 27 45 47 58
 26 27 45 46 58
 26 27 45 46 58 74
 26 27 45 46 58 72
 26 27 45 46 58 72 73
 26 27 45 46 58 70 71
 26 27 45 46 58 65
 26 27 45 46 58 63 64
 26 27 45 46 57 58
 26 27 45 46 56 57 58
 26 27 45 46 56 57 58 74
 26 27 45 46 56 57 58 72
 26 27 45 46 56 57 58 72 73
 26 27 45 46 56 57 58 70 71
 26 27 45 46 56 57 58 65
 26 27 45 46 56 57 58 63 64
 26 27 45 46 47 58
 26 27 45 46 47 56 57 58
 26 27 44 58
 26 27 43 44 58
 26 27 43 44 58 72
 26 27 43 44 58 70 71
 26 27 43 44 56 57 58 74
 26 27 43 44 56 57 58 72
 26 27 43 44 56 57 58 72 73
 26 27 43 44 56 57 58 70 71
 26 27 43 44 47 56 57 58
 26 27 43 44 45 58
 26 27 43 44 45 56 57 58
 26 27 42 58
 26 27 41 47 58 72
 26 27 41 47 58 70 71
 26 27 41 47 56 57 58 72
 26 27 41 47 56 57 58 70 71
 26 27 41 45 47 58
 26 27 41 45 47 56 57 58
 26 27 41 45 46 58
 26 27 41 45 46 58 72
 26 27 41 45 46 58 70 71
 26 27 41 45 46 56 57 58
 26 27 41 45 46 56 57 58 72
 26 27 41 45 46 56 57 58 70 71
 26 27 40 57 60
 26 27 40 57 58 60
 26 27 40 56 57 60
 26 27 39 40 47 58 72
 26 27 39 40 47 58 70 71
 26 27 39 40 47 56 57 58 72
 26 27 39 40 47 56 57 58 70 71
 26 27 39 40 45 47 58
 26 27 39 40 45 47 56 57 58
 26 27 39 40 45 46 58
 26 27 39 40 45 46 58 72
 26 27 39 40 45 46 58 70 71
 26 27 39 40 45 46 56 57 58
 26 27 39 40 45 46 56 57 58 72
 26 27 39 40 45 46 56 57 58 70 71
 26 27 38 60
 26 27 38 58
 26 27 38 58 71
 26 27 38 58 69 70
 26 27 38 58 60
 26 27 38 58 59
 26 27 38 57 58
 26 27 38 56 60
 26 27 38 47 58
 26 27 38 47 58 71
 26 27 38 47 58 69 70
 26 27 38 47 58 59
 26 27 38 47 57 58
 26 27 38 47 56 57 58
 26 27 38 45 46 58
 26 27 38 45 46 58 71
 26 27 38 45 46 58 69 70
 26 27 38 45 46 58 59
 26 27 38 45 46 57 58
 26 27 38 45 46 56 57 58
 26 27 38 44 58
 26 27 38 44 47 58
 26 27 38 44 45 46 58
 26 27 38 41 58
 26 27 38 41 47 58
 26 27 38 41 45 46 58
 26 27 38 39 57 60
 26 27 38 39 57 58 60
 26 27 38 39 56 57 60
 26 27 38 39 40 58
 26 27 38 39 40 47 58
 26 27 38 39 40 45 46 58
 26 27 37 60
 26 27 37 40 57 60
 26 27 37 38 60
 26 27 37 38 39 57 60
 26 27 36 37 58
 26 27 36 37 58 71
 26 27 36 37 58 69 70
 26 27 36 37 58 60
 26 27 36 37 58 59
 26 27 36 37 57 58
 26 27 36 37 56 60
 26 27 36 37 47 58 71
 26 27 36 37 47 58 69 70
 26 27 36 37 47 58 59
 26 27 36 37 47 57 58
 26 27 36 37 45 46 58 71
 26 27 36 37 45 46 58 69 70
 26 27 36 37 45 46 58 59
 26 27 36 37 45 46 57 58
 26 27 36 37 44 58
 26 27 36 37 44 47 58
 26 27 36 37 44 45 46 58
 26 27 36 37 41 58
 26 27 36 37 41 47 58
 26 27 36 37 41 45 46 58
 26 27 36 37 39 40 58
 26 27 36 37 39 40 47 58
 26 27 36 37 39 40 45 46 58
 26 27 35 58 72
 26 27 35 58 70 71
 26 27 35 45 58
 26 27 35 43 58
 26 27 35 41 42 58
 26 27 33 58
 26 27 32 58
 26 27 32 56 57 58
 26 27 31 58
 26 27 31 58 59
 26 27 31 57 58
 26 27 31 47 58
 26 27 31 47 58 74
 26 27 31 47 58 72
 26 27 31 47 58 72 73
 26 27 31 47 58 70 71
 26 27 31 47 58 65
 26 27 31 47 58 63 64
 26 27 31 45 58
 26 27 31 45 58 74
 26 27 31 45 58 72
 26 27 31 45 58 72 73
 26 27 31 45 58 70 71
 26 27 31 45 46 58
 26 27 31 45 46 58 74
 26 27 31 45 46 58 72
 26 27 31 45 46 58 72 73
 26 27 31 45 46 58 70 71
 26 27 31 45 46 58 65
 26 27 31 45 46 58 63 64
 26 27 31 45 46 47 58
 26 27 31 43 44 58 74
 26 27 31 43 44 58 72
 26 27 31 43 44 58 72 73
 26 27 31 43 44 58 70 71
 26 27 31 43 44 47 58
 26 27 31 43 44 45 58
 26 27 31 41 47 58 72
 26 27 31 41 47 58 70 71
 26 27 31 41 45 47 58
 26 27 31 41 45 46 58
 26 27 31 41 45 46 58 72
 26 27 31 41 45 46 58 70 71
 26 27 31 39 40 47 58 72
 26 27 31 39 40 47 58 70 71
 26 27 31 39 40 45 47 58
 26 27 31 39 40 45 46 58
 26 27 31 39 40 45 46 58 72
 26 27 31 39 40 45 46 58 70 71
 26 27 31 38 47 58
 26 27 31 38 45 46 58
 26 27 31 32 58
 24 58 68 72
 24 58 68 70 71
 24 56 58 68 70
 24 56 58 68 69
 24 56 58 62
 24 54 55 58 68 70
 24 54 55 58 68 69
 24 45 58 68
 24 45 56 58
 24 45 56 58 74
 24 45 56 58 72
 24 45 56 58 72 73
 24 45 56 58 70 71
 24 45 56 58 64
 24 45 56 58 62
 24 45 56 58 62 74
 24 45 56 58 62 72
 24 45 56 58 62 72 73
 24 45 56 58 62 70 71
 24 45 56 57 58 72
 24 45 56 57 58 70 71
 24 45 56 57 58 62 72
 24 45 56 57 58 62 70 71
 24 45 47 56 58
 24 45 47 56 58 62
 24 43 56 58 68
 24 43 54 55 58 68
 24 43 44 56 58 74
 24 43 44 56 58 72
 24 43 44 56 58 72 73
 24 43 44 56 58 70 71
 24 43 44 56 58 64
 24 43 44 56 58 62 74
 24 43 44 56 58 62 72
 24 43 44 56 58 62 72 73
 24 43 44 56 58 62 70 71
 24 43 44 56 57 58
 24 43 44 56 57 58 72
 24 43 44 56 57 58 70 71
 24 43 44 56 57 58 62
 24 43 44 56 57 58 62 72
 24 43 44 56 57 58 62 70 71
 24 43 44 47 56 58
 24 43 44 47 56 58 62
 24 43 44 45 56 58
 24 43 44 45 56 58 62
 24 43 44 45 56 57 58
 24 43 44 45 56 57 58 62
 24 40 57 58 68
 24 38 39 57 58 68
 24 31 45 56 58
 24 31 45 56 58 72
 24 31 45 56 58 70 71
 24 31 45 56 58 62
 24 31 45 56 58 62 72
 24 31 45 56 58 62 70 71
 24 31 43 44 56 58 72
 24 31 43 44 56 58 70 71
 24 31 43 44 56 58 62 72
 24 31 43 44 56 58 62 70 71
 24 31 43 44 45 56 58
 24 31 43 44 45 56 58 62
 24 29 58 68 70
 24 29 58 68 69
 24 29 43 58 68
 24 26 58 72
 24 26 58 70 71
 24 26 56 58 70
 24 26 56 58 68 69
 24 26 54 55 58 70
 24 26 54 55 58 68 69
 24 26 45 58
 24 26 43 56 58
 24 26 43 54 55 58
 24 26 40 57 58
 24 26 38 39 57 58
 24 26 29 58 70
 24 26 29 58 68 69
 24 26 29 43 58
 24 25 58
 24 25 58 72
 24 25 58 70 71
 24 25 57 60
 24 25 56 58 70
 24 25 56 58 68 69
 24 25 56 57 60
 24 25 54 55 58 70
 24 25 54 55 58 68 69
 24 25 51 58 72
 24 25 51 58 70 71
 24 25 51 56 58 70
 24 25 51 56 58 68 69
 24 25 51 54 55 58 70
 24 25 51 54 55 58 68 69
 24 25 49 50 58 72
 24 25 49 50 58 70 71
 24 25 49 50 56 58 70
 24 25 49 50 56 58 68 69
 24 25 49 50 54 55 58 70
 24 25 49 50 54 55 58 68 69
 24 25 45 58
 24 25 45 51 58
 24 25 45 49 50 58
 24 25 43 57 58
 24 25 43 56 58
 24 25 43 56 57 58
 24 25 43 54 55 58
 24 25 43 51 56 58
 24 25 43 51 54 55 58
 24 25 43 49 50 56 58
 24 25 43 49 50 54 55 58
 24 25 41 42 57 58
 24 25 41 42 56 57 58
 24 25 40 57 60
 24 25 40 57 58 60
 24 25 40 56 57 60
 24 25 40 43 56 57 58
 24 25 40 41 42 56 57 58
 24 25 38 60
 24 25 38 58
 24 25 38 58 60
 24 25 38 57 58
 24 25 38 56 60
 24 25 38 43 56 58
 24 25 38 41 42 56 58
 24 25 38 39 57 60
 24 25 38 39 57 58 60
 24 25 38 39 56 57 60
 24 25 38 39 43 56 57 58
 24 25 38 39 41 42 56 57 58
 24 25 37 60
 24 25 37 43 58
 24 25 37 41 42 58
 24 25 37 40 57 60
 24 25 37 40 43 57 58
 24 25 37 40 41 42 57 58
 24 25 37 38 60
 24 25 37 38 43 58
 24 25 37 38 41 42 58
 24 25 37 38 39 57 60
 24 25 37 38 39 43 57 58
 24 25 37 38 39 41 42 57 58
 24 25 36 37 58
 24 25 36 37 58 60
 24 25 36 37 57 58
 24 25 36 37 56 60
 24 25 36 37 43 58
 24 25 36 37 43 56 58
 24 25 36 37 41 42 58
 24 25 36 37 41 42 56 58
 24 25 29 58 70
 24 25 29 58 68 69
 24 25 29 51 58 70
 24 25 29 51 58 68 69
 24 25 29 49 50 58 70
 24 25 29 49 50 58 68 69
 24 25 29 43 58
 24 25 29 43 51 58
 24 25 29 43 49 50 58
 20 58
 20 58 74
 20 58 72 73
 20 58 69
 20 58 67 68
 20 58 60
 20 57 58
 20 56 57 58
 20 56 57 58 74
 20 56 57 58 72 73
 20 56 57 58 59
 20 47 58
 20 47 56 57 58
 20 45 58
 20 43 44 58
 20 42 58
 20 40 58
 20 40 56 57 58
 20 38 58 69
 20 38 58 67 68
 20 38 58 60
 20 38 57 58
 20 38 56 58
 20 38 56 57 58 59
 20 38 45 58
 20 38 43 44 58
 20 38 42 58
 20 38 39 58
 20 38 39 56 57 58
 20 36 37 58 69
 20 36 37 58 67 68
 20 36 37 58 60
 20 36 37 57 58
 20 36 37 56 58
 20 36 37 56 57 58 59
 20 36 37 45 58
 20 36 37 43 44 58
 20 36 37 42 58
 20 33 58
 20 33 38 58
 20 33 36 37 58
 20 32 58
 20 32 56 57 58
 20 32 38 58
 20 32 38 56 57 58
 20 32 36 37 58
 20 32 36 37 56 57 58
 20 31 58 74
 20 31 58 72 73
 20 31 58 59
 20 31 57 58
 20 31 47 58
 20 31 40 58
 20 31 38 58
 20 31 38 58 59
 20 31 38 57 58
 20 31 38 39 58
 20 31 36 37 58
 20 31 36 37 58 59
 20 31 36 37 57 58
 20 31 32 58
 20 31 32 38 58
 20 31 32 36 37 58
 20 28 58 74
 20 28 58 72
 20 28 58 72 73
 20 28 58 70 71
 20 28 58 65
 20 28 58 63 64
 20 28 57 58
 20 28 56 57 58 74
 20 28 56 57 58 72
 20 28 56 57 58 72 73
 20 28 56 57 58 70 71
 20 28 56 57 58 65
 20 28 56 57 58 63 64
 20 28 47 58
 20 28 47 56 57 58
 20 28 45 58
 20 28 45 56 57 58
 20 28 41 58 72
 20 28 41 58 70 71
 20 28 41 56 57 58 72
 20 28 41 56 57 58 70 71
 20 28 41 45 58
 20 28 41 45 56 57 58
 20 28 39 40 58 72
 20 28 39 40 58 70 71
 20 28 39 40 56 57 58 72
 20 28 39 40 56 57 58 70 71
 20 28 39 40 45 58
 20 28 39 40 45 56 57 58
 20 28 38 58
 20 28 38 58 71
 20 28 38 58 69 70
 20 28 38 58 59
 20 28 38 57 58
 20 28 38 56 57 58
 20 28 38 44 58
 20 28 38 41 58
 20 28 38 39 40 58
 20 28 36 37 58 71
 20 28 36 37 58 69 70
 20 28 36 37 58 59
 20 28 36 37 57 58
 20 28 36 37 44 58
 20 28 36 37 41 58
 20 28 36 37 39 40 58
 20 28 31 58 74
 20 28 31 58 72
 20 28 31 58 72 73
 20 28 31 58 70 71
 20 28 31 58 65
 20 28 31 58 63 64
 20 28 31 47 58
 20 28 31 45 58
 20 28 31 41 58 72
 20 28 31 41 58 70 71
 20 28 31 41 45 58
 20 28 31 39 40 58 72
 20 28 31 39 40 58 70 71
 20 28 31 39 40 45 58
 20 28 31 38 58
 20 26 27 58 74
 20 26 27 58 72
 20 26 27 58 72 73
 20 26 27 58 70 71
 20 26 27 58 65
 20 26 27 58 63 64
 20 26 27 57 58
 20 26 27 56 57 58 74
 20 26 27 56 57 58 72
 20 26 27 56 57 58 72 73
 20 26 27 56 57 58 70 71
 20 26 27 56 57 58 65
 20 26 27 56 57 58 63 64
 20 26 27 47 58
 20 26 27 47 56 57 58
 20 26 27 45 58
 20 26 27 45 56 57 58
 20 26 27 41 58 72
 20 26 27 41 58 70 71
 20 26 27 41 56 57 58 72
 20 26 27 41 56 57 58 70 71
 20 26 27 41 45 58
 20 26 27 41 45 56 57 58
 20 26 27 39 40 58 72
 20 26 27 39 40 58 70 71
 20 26 27 39 40 56 57 58 72
 20 26 27 39 40 56 57 58 70 71
 20 26 27 39 40 45 58
 20 26 27 39 40 45 56 57 58
 20 26 27 38 58
 20 26 27 38 58 71
 20 26 27 38 58 69 70
 20 26 27 38 58 59
 20 26 27 38 57 58
 20 26 27 38 56 57 58
 20 26 27 38 44 58
 20 26 27 38 41 58
 20 26 27 38 39 40 58
 20 26 27 36 37 58 71
 20 26 27 36 37 58 69 70
 20 26 27 36 37 58 59
 20 26 27 36 37 57 58
 20 26 27 36 37 44 58
 20 26 27 36 37 41 58
 20 26 27 36 37 39 40 58
 20 26 27 31 58 74
 20 26 27 31 58 72
 20 26 27 31 58 72 73
 20 26 27 31 58 70 71
 20 26 27 31 58 65
 20 26 27 31 58 63 64
 20 26 27 31 47 58
 20 26 27 31 45 58
 20 26 27 31 41 58 72
 20 26 27 31 41 58 70 71
 20 26 27 31 41 45 58
 20 26 27 31 39 40 58 72
 20 26 27 31 39 40 58 70 71
 20 26 27 31 39 40 45 58
 20 26 27 31 38 58
 18 58 71
 18 58 69 70
 18 58 59
 18 56 58
 18 56 57 58
 18 51 56 58 74
 18 51 56 58 72
 18 51 56 58 72 73
 18 51 56 58 70 71
 18 51 56 58 64
 18 51 56 58 62 74
 18 51 56 58 62 72
 18 51 56 58 62 72 73
 18 51 56 58 62 70 71
 18 51 56 57 58
 18 51 56 57 58 72
 18 51 56 57 58 70 71
 18 51 56 57 58 62
 18 51 56 57 58 62 72
 18 51 56 57 58 62 70 71
 18 49 50 56 58 74
 18 49 50 56 58 72
 18 49 50 56 58 72 73
 18 49 50 56 58 70 71
 18 49 50 56 58 64
 18 49 50 56 58 62 74
 18 49 50 56 58 62 72
 18 49 50 56 58 62 72 73
 18 49 50 56 58 62 70 71
 18 49 50 56 57 58
 18 49 50 56 57 58 72
 18 49 50 56 57 58 70 71
 18 49 50 56 57 58 62
 18 49 50 56 57 58 62 72
 18 49 50 56 57 58 62 70 71
 18 47 58
 18 47 51 56 58
 18 47 51 56 58 62
 18 47 49 50 56 58
 18 47 49 50 56 58 62
 18 45 51 56 58
 18 45 51 56 58 62
 18 45 51 56 57 58
 18 45 51 56 57 58 62
 18 45 49 50 56 58
 18 45 49 50 56 58 62
 18 45 49 50 56 57 58
 18 45 49 50 56 57 58 62
 18 45 46 58
 18 44 58
 18 41 58
 18 40 58 64
 18 40 57 58
 18 40 56 57 58
 18 40 55 58
 18 39 40 58
 18 38 58 71
 18 38 58 69 70
 18 38 58 64
 18 38 58 59
 18 38 57 58
 18 38 57 58 69
 18 38 57 58 67 68
 18 38 57 58 60
 18 38 56 57 58
 18 38 56 57 58 59
 18 38 55 58
 18 38 47 58
 18 38 45 46 58
 18 38 44 58
 18 38 42 57 58
 18 38 41 58
 18 38 39 58 64
 18 38 39 57 58
 18 38 39 56 57 58
 18 38 39 55 58
 18 38 39 40 58
 18 37 40 58
 18 37 38 39 58
 18 36 37 58 71
 18 36 37 58 69 70
 18 36 37 58 64
 18 36 37 58 59
 18 36 37 57 58
 18 36 37 57 58 69
 18 36 37 57 58 67 68
 18 36 37 57 58 60
 18 36 37 56 57 58
 18 36 37 56 57 58 59
 18 36 37 55 58
 18 36 37 47 58
 18 36 37 45 46 58
 18 36 37 44 58
 18 36 37 42 57 58
 18 36 37 41 58
 18 36 37 39 40 58
 18 33 38 57 58
 18 33 36 37 57 58
 18 32 38 57 58
 18 32 38 56 57 58
 18 32 36 37 57 58
 18 32 36 37 56 57 58
 18 31 58
 18 31 51 56 58 72
 18 31 51 56 58 70 71
 18 31 51 56 58 62 72
 18 31 51 56 58 62 70 71
 18 31 49 50 56 58 72
 18 31 49 50 56 58 70 71
 18 31 49 50 56 58 62 72
 18 31 49 50 56 58 62 70 71
 18 31 45 51 56 58
 18 31 45 51 56 58 62
 18 31 45 49 50 56 58
 18 31 45 49 50 56 58 62
 18 31 40 57 58
 18 31 38 57 58 59
 18 31 38 39 57 58
 18 31 36 37 57 58 59
 18 31 32 38 57 58
 18 31 32 36 37 57 58
 18 30 58
 18 30 58 72
 18 30 58 70 71
 18 30 56 57 58
 18 30 56 57 58 72
 18 30 56 57 58 70 71
 18 30 45 58
 18 30 45 56 57 58
 18 30 31 58
 18 30 31 58 72
 18 30 31 58 70 71
 18 30 31 45 58
 18 28 58
 18 28 58 72
 18 28 58 70 71
 18 28 56 57 58 74
 18 28 56 57 58 72
 18 28 56 57 58 72 73
 18 28 56 57 58 70 71
 18 28 47 56 57 58
 18 28 45 58
 18 28 45 56 57 58
 18 28 31 58 74
 18 28 31 58 72
 18 28 31 58 72 73
 18 28 31 58 70 71
 18 28 31 47 58
 18 28 31 45 58
 18 28 29 58
 18 28 29 58 72
 18 28 29 58 70 71
 18 28 29 56 57 58
 18 28 29 56 57 58 72
 18 28 29 56 57 58 70 71
 18 28 29 45 58
 18 28 29 45 56 57 58
 18 28 29 31 58
 18 28 29 31 58 72
 18 28 29 31 58 70 71
 18 28 29 31 45 58
 18 26 27 58
 18 26 27 58 72
 18 26 27 58 70 71
 18 26 27 56 57 58 74
 18 26 27 56 57 58 72
 18 26 27 56 57 58 72 73
 18 26 27 56 57 58 70 71
 18 26 27 47 56 57 58
 18 26 27 45 58
 18 26 27 45 56 57 58
 18 26 27 31 58 74
 18 26 27 31 58 72
 18 26 27 31 58 72 73
 18 26 27 31 58 70 71
 18 26 27 31 47 58
 18 26 27 31 45 58
 18 24 56 58 74
 18 24 56 58 72
 18 24 56 58 72 73
 18 24 56 58 70 71
 18 24 56 58 64
 18 24 56 58 62 74
 18 24 56 58 62 72
 18 24 56 58 62 72 73
 18 24 56 58 62 70 71
 18 24 56 57 58
 18 24 56 57 58 72
 18 24 56 57 58 70 71
 18 24 56 57 58 62
 18 24 56 57 58 62 72
 18 24 56 57 58 62 70 71
 18 24 47 56 58
 18 24 47 56 58 62
 18 24 45 56 58
 18 24 45 56 58 62
 18 24 45 56 57 58
 18 24 45 56 57 58 62
 18 24 31 56 58 72
 18 24 31 56 58 70 71
 18 24 31 56 58 62 72
 18 24 31 56 58 62 70 71
 18 24 31 45 56 58
 18 24 31 45 56 58 62
 18 20 58
 18 20 38 58
 18 20 36 37 58
 17 72
 17 70 71
 17 58 72
 17 58 70 71
 17 56 57 58 72
 17 56 57 58 70 71
 17 45
 17 45 58
 17 45 56 57 58
 17 40 58 72
 17 40 58 70 71
 17 40 56 57 58 72
 17 40 56 57 58 70 71
 17 40 45 58
 17 40 45 56 57 58
 17 38 72
 17 38 70 71
 17 38 45
 17 38 39 58 72
 17 38 39 58 70 71
 17 38 39 56 57 58 72
 17 38 39 56 57 58 70 71
 17 38 39 45 58
 17 38 39 45 56 57 58
 17 36 37 72
 17 36 37 70 71
 17 36 37 45
 17 35 58
 17 35 58 72
 17 35 58 70 71
 17 35 56 58 70
 17 35 56 58 68 69
 17 35 54 55 58 70
 17 35 54 55 58 68 69
 17 35 45 58
 17 35 43 56 58
 17 35 43 54 55 58
 17 35 40 58 64 72
 17 35 40 58 64 70 71
 17 35 40 56 58 64 70
 17 35 40 56 58 64 68 69
 17 35 40 54 55 58 64 70
 17 35 40 54 55 58 64 68 69
 17 35 40 45 58 64
 17 35 40 43 56 58 64
 17 35 40 43 54 55 58 64
 17 35 38 39 58 64 72
 17 35 38 39 58 64 70 71
 17 35 38 39 56 58 64 70
 17 35 38 39 56 58 64 68 69
 17 35 38 39 54 55 58 64 70
 17 35 38 39 54 55 58 64 68 69
 17 35 38 39 45 58 64
 17 35 38 39 43 56 58 64
 17 35 38 39 43 54 55 58 64
 17 31 58 72
 17 31 58 70 71
 17 31 45 58
 17 31 40 58 72
 17 31 40 58 70 71
 17 31 40 45 58
 17 31 38 39 58 72
 17 31 38 39 58 70 71
 17 31 38 39 45 58
 17 29 35 58 70
 17 29 35 58 68 69
 17 29 35 43 58
 17 29 35 40 58 64 70
 17 29 35 40 58 64 68 69
 17 29 35 40 43 58 64
 17 29 35 38 39 58 64 70
 17 29 35 38 39 58 64 68 69
 17 29 35 38 39 43 58 64
 16 57 58 68
 16 56 57 58 68
 16 40 56 57 58 68
 16 38 56 58 68
 16 38 39 56 57 58 68
 16 37 58 68
 16 37 40 57 58 68
 16 37 38 58 68
 16 37 38 39 57 58 68
 16 36 37 58 68
 16 36 37 56 58 68
 16 35 58
 16 35 58 64
 16 28 35 58
 16 26 57 58
 16 26 56 57 58
 16 26 40 56 57 58
 16 26 38 56 58
 16 26 38 39 56 57 58
 16 26 37 58
 16 26 37 40 57 58
 16 26 37 38 58
 16 26 37 38 39 57 58
 16 26 36 37 58
 16 26 36 37 56 58
 16 26 27 35 58
 16 24 25 57 58
 16 24 25 56 57 58
 16 24 25 40 56 57 58
 16 24 25 38 56 58
 16 24 25 38 39 56 57 58
 16 24 25 37 58
 16 24 25 37 40 57 58
 16 24 25 37 38 58
 16 24 25 37 38 39 57 58
 16 24 25 36 37 58
 16 24 25 36 37 56 58
 15 60 68
 15 58 70
 15 58 69
 15 58 68 69
 15 58 67 68
 15 58 60
 15 56 60 68
 15 56 58
 15 56 57 58 59
 15 47 58
 15 45 58
 15 45 51 56 58
 15 45 51 56 58 62
 15 45 49 50 56 58
 15 45 49 50 56 58 62
 15 45 46 58
 15 43 58
 15 43 58 68
 15 43 56 58 68
 15 43 44 58
 15 43 44 51 56 58
 15 43 44 51 56 58 62
 15 43 44 49 50 56 58
 15 43 44 49 50 56 58 62
 15 42 58
 15 41 42 58 68
 15 41 42 56 58 68
 15 40 60 68
 15 40 58
 15 40 58 72
 15 40 58 70
 15 40 58 70 71
 15 40 58 68
 15 40 58 68 69
 15 40 58 62
 15 40 58 60 68
 15 40 56 60 68
 15 40 56 58 62
 15 40 56 57 72
 15 40 56 57 70 71
 15 40 45 56 57
 15 40 45 56 57 58
 15 40 43 58
 15 40 43 56 58 68
 15 40 43 44 58
 15 40 43 44 56 57 58
 15 40 41 42 56 58 68
 15 38
 15 38 58
 15 38 58 72
 15 38 58 71
 15 38 58 70 71
 15 38 58 69
 15 38 58 69 70
 15 38 58 68
 15 38 58 67 68
 15 38 58 62
 15 38 58 60
 15 38 58 59
 15 38 57 58
 15 38 56 58
 15 38 56 57 58 72
 15 38 56 57 58 70 71
 15 38 56 57 58 59
 15 38 47 58
 15 38 45 58
 15 38 45 58 69
 15 38 45 58 67 68
 15 38 45 58 60
 15 38 45 56 58
 15 38 45 56 57 58
 15 38 45 56 57 58 59
 15 38 45 46 58
 15 38 44 58
 15 38 43 44 58 69
 15 38 43 44 58 67 68
 15 38 43 44 58 60
 15 38 43 44 56 58
 15 38 43 44 56 57 58 59
 15 38 42 58
 15 38 42 45 58
 15 38 42 43 44 58
 15 38 41 58
 15 38 39 60 68
 15 38 39 58
 15 38 39 58 72
 15 38 39 58 70
 15 38 39 58 70 71
 15 38 39 58 68
 15 38 39 58 68 69
 15 38 39 58 62
 15 38 39 58 60 68
 15 38 39 56 60 68
 15 38 39 56 58 62
 15 38 39 56 57 72
 15 38 39 56 57 70 71
 15 38 39 45 56 57
 15 38 39 45 56 57 58
 15 38 39 43 58
 15 38 39 43 56 58 68
 15 38 39 43 44 58
 15 38 39 43 44 56 57 58
 15 38 39 41 42 56 58 68
 15 38 39 40 58
 15 37 40 60 68
 15 37 40 58 62
 15 37 40 43 58 68
 15 37 40 41 42 58 68
 15 37 38 39 60 68
 15 37 38 39 58 62
 15 37 38 39 43 58 68
 15 37 38 39 41 42 58 68
 15 36 37
 15 36 37 58
 15 36 37 58 72
 15 36 37 58 71
 15 36 37 58 70 71
 15 36 37 58 69
 15 36 37 58 69 70
 15 36 37 58 68
 15 36 37 58 67 68
 15 36 37 58 62
 15 36 37 58 60
 15 36 37 58 59
 15 36 37 57 58
 15 36 37 56 58
 15 36 37 56 57 58 72
 15 36 37 56 57 58 70 71
 15 36 37 56 57 58 59
 15 36 37 47 58
 15 36 37 45 58
 15 36 37 45 58 69
 15 36 37 45 58 67 68
 15 36 37 45 58 60
 15 36 37 45 56 58
 15 36 37 45 56 57 58
 15 36 37 45 56 57 58 59
 15 36 37 45 46 58
 15 36 37 44 58
 15 36 37 43 44 58 69
 15 36 37 43 44 58 67 68
 15 36 37 43 44 58 60
 15 36 37 43 44 56 58
 15 36 37 43 44 56 57 58 59
 15 36 37 42 58
 15 36 37 42 45 58
 15 36 37 42 43 44 58
 15 36 37 41 58
 15 36 37 39 40 58
 15 35 60
 15 35 58
 15 35 38 60
 15 35 38 58
 15 35 36 37 60
 15 35 36 37 58
 15 33 58
 15 33 38 58
 15 33 38 45 58
 15 33 38 43 44 58
 15 33 36 37 58
 15 33 36 37 45 58
 15 33 36 37 43 44 58
 15 32 58
 15 32 56 57 58
 15 32 38 58
 15 32 38 56 57 58
 15 32 38 45 58
 15 32 38 45 56 57 58
 15 32 38 43 44 58
 15 32 38 43 44 56 57 58
 15 32 36 37 58
 15 32 36 37 56 57 58
 15 32 36 37 45 58
 15 32 36 37 45 56 57 58
 15 32 36 37 43 44 58
 15 32 36 37 43 44 56 57 58
 15 31 58
 15 31 58 59
 15 31 57 58
 15 31 40 72
 15 31 40 70 71
 15 31 40 45
 15 31 40 45 58
 15 31 40 43 44 58
 15 31 38 58
 15 31 38 58 72
 15 31 38 58 70 71
 15 31 38 58 59
 15 31 38 57 58
 15 31 38 45 58 59
 15 31 38 45 57 58
 15 31 38 43 44 58
 15 31 38 43 44 58 59
 15 31 38 43 44 57 58
 15 31 38 39 72
 15 31 38 39 70 71
 15 31 38 39 45
 15 31 38 39 45 58
 15 31 38 39 43 44 58
 15 31 36 37 58
 15 31 36 37 58 72
 15 31 36 37 58 70 71
 15 31 36 37 58 59
 15 31 36 37 57 58
 15 31 36 37 45 58 59
 15 31 36 37 45 57 58
 15 31 36 37 43 44 58
 15 31 36 37 43 44 58 59
 15 31 36 37 43 44 57 58
 15 31 32 58
 15 31 32 38 58
 15 31 32 38 45 58
 15 31 32 38 43 44 58
 15 31 32 36 37 58
 15 31 32 36 37 45 58
 15 31 32 36 37 43 44 58
 15 28 60
 15 28 56 60
 15 28 47 58
 15 28 45 46 58
 15 28 40 60
 15 28 40 58 60
 15 28 40 56 60
 15 28 38 39 60
 15 28 38 39 58 60
 15 28 38 39 56 60
 15 28 37 40 60
 15 28 37 38 39 60
 15 26 60
 15 26 56 60
 15 26 43 58
 15 26 43 56 58
 15 26 41 42 58
 15 26 41 42 56 58
 15 26 40 60
 15 26 40 58
 15 26 40 58 60
 15 26 40 56 60
 15 26 40 43 56 58
 15 26 40 41 42 56 58
 15 26 38 58
 15 26 38 39 60
 15 26 38 39 58
 15 26 38 39 58 60
 15 26 38 39 56 60
 15 26 38 39 43 56 58
 15 26 38 39 41 42 56 58
 15 26 37 40 60
 15 26 37 40 43 58
 15 26 37 40 41 42 58
 15 26 37 38 39 60
 15 26 37 38 39 43 58
 15 26 37 38 39 41 42 58
 15 26 36 37 58
 15 26 27 60
 15 26 27 56 60
 15 26 27 47 58
 15 26 27 45 46 58
 15 26 27 40 60
 15 26 27 40 58 60
 15 26 27 40 56 60
 15 26 27 38 39 60
 15 26 27 38 39 58 60
 15 26 27 38 39 56 60
 15 26 27 37 40 60
 15 26 27 37 38 39 60
 15 24 45 56 58
 15 24 45 56 58 62
 15 24 43 44 56 58
 15 24 43 44 56 58 62
 15 24 40 58 68
 15 24 38 39 58 68
 15 24 26 40 58
 15 24 26 38 39 58
 15 24 25 60
 15 24 25 56 60
 15 24 25 43 58
 15 24 25 43 56 58
 15 24 25 41 42 58
 15 24 25 41 42 56 58
 15 24 25 40 60
 15 24 25 40 58 60
 15 24 25 40 56 60
 15 24 25 40 43 56 58
 15 24 25 40 41 42 56 58
 15 24 25 38 58
 15 24 25 38 39 60
 15 24 25 38 39 58 60
 15 24 25 38 39 56 60
 15 24 25 38 39 43 56 58
 15 24 25 38 39 41 42 56 58
 15 24 25 37 40 60
 15 24 25 37 40 43 58
 15 24 25 37 40 41 42 58
 15 24 25 37 38 39 60
 15 24 25 37 38 39 43 58
 15 24 25 37 38 39 41 42 58
 15 24 25 36 37 58
 15 20 58
 15 20 38 58
 15 20 36 37 58
 15 20 28 58
 15 20 26 27 58
 15 18 58
 15 18 51 56 58
 15 18 51 56 58 62
 15 18 49 50 56 58
 15 18 49 50 56 58 62
 15 18 40 58
 15 18 40 56 57 58
 15 18 38 58 69
 15 18 38 58 67 68
 15 18 38 58 60
 15 18 38 56 58
 15 18 38 56 57 58 59
 15 18 38 42 58
 15 18 38 39 58
 15 18 38 39 56 57 58
 15 18 36 37 58 69
 15 18 36 37 58 67 68
 15 18 36 37 58 60
 15 18 36 37 56 58
 15 18 36 37 56 57 58 59
 15 18 36 37 42 58
 15 18 33 38 58
 15 18 33 36 37 58
 15 18 32 38 58
 15 18 32 38 56 57 58
 15 18 32 36 37 58
 15 18 32 36 37 56 57 58
 15 18 31 40 58
 15 18 31 38 58
 15 18 31 38 58 59
 15 18 31 38 57 58
 15 18 31 38 39 58
 15 18 31 36 37 58
 15 18 31 36 37 58 59
 15 18 31 36 37 57 58
 15 18 31 32 38 58
 15 18 31 32 36 37 58
 15 18 24 56 58
 15 18 24 56 58 62
 15 16 72
 15 16 70 71
 15 16 58 72
 15 16 58 70 71
 15 16 58 68
 15 16 56 58 68
 15 16 56 57 58 72
 15 16 56 57 58 70 71
 15 16 45
 15 16 45 58
 15 16 45 56 57 58
 15 16 40 58 72
 15 16 40 58 70 71
 15 16 40 56 58 68
 15 16 40 56 57 58 72
 15 16 40 56 57 58 70 71
 15 16 40 45 58
 15 16 40 45 56 57 58
 15 16 38 72
 15 16 38 70 71
 15 16 38 45
 15 16 38 39 58 72
 15 16 38 39 58 70 71
 15 16 38 39 56 58 68
 15 16 38 39 56 57 58 72
 15 16 38 39 56 57 58 70 71
 15 16 38 39 45 58
 15 16 38 39 45 56 57 58
 15 16 37 40 58 68
 15 16 37 38 39 58 68
 15 16 36 37 72
 15 16 36 37 70 71
 15 16 36 37 45
 15 16 35 58
 15 16 35 58 72
 15 16 35 58 70 71
 15 16 35 56 58 70
 15 16 35 56 58 68 69
 15 16 35 54 55 58 70
 15 16 35 54 55 58 68 69
 15 16 35 45 58
 15 16 35 43 56 58
 15 16 35 43 54 55 58
 15 16 35 40 58 64 72
 15 16 35 40 58 64 70 71
 15 16 35 40 56 58 64 70
 15 16 35 40 56 58 64 68 69
 15 16 35 40 54 55 58 64 70
 15 16 35 40 54 55 58 64 68 69
 15 16 35 40 45 58 64
 15 16 35 40 43 56 58 64
 15 16 35 40 43 54 55 58 64
 15 16 35 38 39 58 64 72
 15 16 35 38 39 58 64 70 71
 15 16 35 38 39 56 58 64 70
 15 16 35 38 39 56 58 64 68 69
 15 16 35 38 39 54 55 58 64 70
 15 16 35 38 39 54 55 58 64 68 69
 15 16 35 38 39 45 58 64
 15 16 35 38 39 43 56 58 64
 15 16 35 38 39 43 54 55 58 64
 15 16 31 58 72
 15 16 31 58 70 71
 15 16 31 45 58
 15 16 31 40 58 72
 15 16 31 40 58 70 71
 15 16 31 40 45 58
 15 16 31 38 39 58 72
 15 16 31 38 39 58 70 71
 15 16 31 38 39 45 58
 15 16 29 35 58 70
 15 16 29 35 58 68 69
 15 16 29 35 43 58
 15 16 29 35 40 58 64 70
 15 16 29 35 40 58 64 68 69
 15 16 29 35 40 43 58 64
 15 16 29 35 38 39 58 64 70
 15 16 29 35 38 39 58 64 68 69
 15 16 29 35 38 39 43 58 64
 15 16 26 58
 15 16 26 56 58
 15 16 26 40 56 58
 15 16 26 38 39 56 58
 15 16 26 37 40 58
 15 16 26 37 38 39 58
 15 16 24 25 58
 15 16 24 25 56 58
 15 16 24 25 40 56 58
 15 16 24 25 38 39 56 58
 15 16 24 25 37 40 58
 15 16 24 25 37 38 39 58
 14 38 58
 14 36 37 58
 14 28 58
 14 28 47 58 72
 14 28 47 58 70 71
 14 28 47 56 57 58 72
 14 28 47 56 57 58 70 71
 14 28 45 47 58
 14 28 45 47 56 57 58
 14 28 45 46 58
 14 28 45 46 58 72
 14 28 45 46 58 70 71
 14 28 45 46 56 57 58
 14 28 45 46 56 57 58 72
 14 28 45 46 56 57 58 70 71
 14 28 31 47 58 72
 14 28 31 47 58 70 71
 14 28 31 45 47 58
 14 28 31 45 46 58
 14 28 31 45 46 58 72
 14 28 31 45 46 58 70 71
 14 26 27 58
 14 26 27 47 58 72
 14 26 27 47 58 70 71
 14 26 27 47 56 57 58 72
 14 26 27 47 56 57 58 70 71
 14 26 27 45 47 58
 14 26 27 45 47 56 57 58
 14 26 27 45 46 58
 14 26 27 45 46 58 72
 14 26 27 45 46 58 70 71
 14 26 27 45 46 56 57 58
 14 26 27 45 46 56 57 58 72
 14 26 27 45 46 56 57 58 70 71
 14 26 27 31 47 58 72
 14 26 27 31 47 58 70 71
 14 26 27 31 45 47 58
 14 26 27 31 45 46 58
 14 26 27 31 45 46 58 72
 14 26 27 31 45 46 58 70 71
 14 20 28 58 72
 14 20 28 58 70 71
 14 20 28 56 57 58 72
 14 20 28 56 57 58 70 71
 14 20 28 45 58
 14 20 28 45 56 57 58
 14 20 28 31 58 72
 14 20 28 31 58 70 71
 14 20 28 31 45 58
 14 20 26 27 58 72
 14 20 26 27 58 70 71
 14 20 26 27 56 57 58 72
 14 20 26 27 56 57 58 70 71
 14 20 26 27 45 58
 14 20 26 27 45 56 57 58
 14 20 26 27 31 58 72
 14 20 26 27 31 58 70 71
 14 20 26 27 31 45 58
 13 58
 13 58 64
 13 58 59 72
 13 58 59 70 71
 13 57 60 68
 13 57 58
 13 57 58 72
 13 57 58 70
 13 57 58 70 71
 13 57 58 68
 13 57 58 68 69
 13 57 58 62
 13 57 58 60 68
 13 56 58 64
 13 56 57 72
 13 56 57 70 71
 13 56 57 60 68
 13 56 57 58 62
 13 56 57 58 59 72
 13 56 57 58 59 70 71
 13 47 58
 13 47 56 57 58
 13 45 58
 13 45 58 64
 13 45 58 59
 13 45 56 57
 13 45 56 57 58
 13 45 56 57 58 59
 13 45 55 58
 13 45 46 58
 13 45 46 56 57 58
 13 43 57 58
 13 43 56 57 58 68
 13 43 44 58
 13 43 44 58 64
 13 43 44 57 58
 13 43 44 56 57 58
 13 43 44 55 58
 13 41 42 56 57 58 68
 13 40 45 58
 13 40 43 44 58
 13 38 58
 13 38 45 58
 13 38 43 44 58
 13 38 39 45 58
 13 38 39 43 44 58
 13 37 58 64
 13 37 57 60 68
 13 37 57 58 62
 13 37 45 58
 13 37 43 57 58 68
 13 37 43 44 58
 13 37 41 42 57 58 68
 13 36 37 58
 13 36 37 45 58
 13 36 37 43 44 58
 13 35 58 59 64 72
 13 35 58 59 64 70 71
 13 35 56 58 59 64 70
 13 35 56 58 59 64 68 69
 13 35 54 55 58 59 64 70
 13 35 54 55 58 59 64 68 69
 13 35 45 58 59 64
 13 35 43 56 58 59 64
 13 35 43 54 55 58 59 64
 13 31 58 59 72
 13 31 58 59 70 71
 13 31 57 72
 13 31 57 70 71
 13 31 47 58
 13 31 45 58 59
 13 31 45 57
 13 31 45 57 58
 13 31 45 46 58
 13 31 43 44 57 58
 13 29 35 58 59 64 70
 13 29 35 58 59 64 68 69
 13 29 35 43 58 59 64
 13 28 57 60
 13 28 57 58 60
 13 28 56 57 60
 13 28 37 57 60
 13 26 57 60
 13 26 57 58
 13 26 57 58 60
 13 26 56 57 60
 13 26 43 56 57 58
 13 26 41 42 56 57 58
 13 26 37 57 60
 13 26 37 43 57 58
 13 26 37 41 42 57 58
 13 26 27 57 60
 13 26 27 57 58 60
 13 26 27 56 57 60
 13 26 27 37 57 60
 13 24 57 58 68
 13 24 26 57 58
 13 24 25 57 60
 13 24 25 57 58 60
 13 24 25 56 57 60
 13 24 25 43 56 57 58
 13 24 25 41 42 56 57 58
 13 24 25 37 57 60
 13 24 25 37 43 57 58
 13 24 25 37 41 42 57 58
 13 20 58
 13 20 56 57 58
 13 20 31 58
 13 18 58
 13 18 58 64
 13 18 57 58
 13 18 56 57 58
 13 18 55 58
 13 18 40 58
 13 18 38 58
 13 18 38 39 58
 13 18 37 58
 13 18 36 37 58
 13 18 31 57 58
 13 17 58 72
 13 17 58 70 71
 13 17 56 57 58 72
 13 17 56 57 58 70 71
 13 17 45 58
 13 17 45 56 57 58
 13 17 35 58 64 72
 13 17 35 58 64 70 71
 13 17 35 56 58 64 70
 13 17 35 56 58 64 68 69
 13 17 35 54 55 58 64 70
 13 17 35 54 55 58 64 68 69
 13 17 35 45 58 64
 13 17 35 43 56 58 64
 13 17 35 43 54 55 58 64
 13 17 31 58 72
 13 17 31 58 70 71
 13 17 31 45 58
 13 17 29 35 58 64 70
 13 17 29 35 58 64 68 69
 13 17 29 35 43 58 64
 13 16 56 57 58 68
 13 16 37 57 58 68
 13 16 26 56 57 58
 13 16 26 37 57 58
 13 16 24 25 56 57 58
 13 16 24 25 37 57 58
 13 15 60 68
 13 15 58
 13 15 58 72
 13 15 58 70
 13 15 58 70 71
 13 15 58 68
 13 15 58 68 69
 13 15 58 62
 13 15 58 60 68
 13 15 56 60 68
 13 15 56 58 62
 13 15 56 57 72
 13 15 56 57 70 71
 13 15 45 56 57
 13 15 45 56 57 58
 13 15 43 58
 13 15 43 56 58 68
 13 15 43 44 58
 13 15 43 44 56 57 58
 13 15 41 42 56 58 68
 13 15 37 60 68
 13 15 37 58 62
 13 15 37 43 58 68
 13 15 37 41 42 58 68
 13 15 31 72
 13 15 31 70 71
 13 15 31 45
 13 15 31 45 58
 13 15 31 43 44 58
 13 15 28 60
 13 15 28 58 60
 13 15 28 56 60
 13 15 28 37 60
 13 15 26 60
 13 15 26 58
 13 15 26 58 60
 13 15 26 56 60
 13 15 26 43 56 58
 13 15 26 41 42 56 58
 13 15 26 37 60
 13 15 26 37 43 58
 13 15 26 37 41 42 58
 13 15 26 27 60
 13 15 26 27 58 60
 13 15 26 27 56 60
 13 15 26 27 37 60
 13 15 24 58 68
 13 15 24 26 58
 13 15 24 25 60
 13 15 24 25 58 60
 13 15 24 25 56 60
 13 15 24 25 43 56 58
 13 15 24 25 41 42 56 58
 13 15 24 25 37 60
 13 15 24 25 37 43 58
 13 15 24 25 37 41 42 58
 13 15 18 58
 13 15 18 56 57 58
 13 15 18 31 58
 13 15 16 58 72
 13 15 16 58 70 71
 13 15 16 56 58 68
 13 15 16 56 57 58 72
 13 15 16 56 57 58 70 71
 13 15 16 45 58
 13 15 16 45 56 57 58
 13 15 16 37 58 68
 13 15 16 35 58 64 72
 13 15 16 35 58 64 70 71
 13 15 16 35 56 58 64 70
 13 15 16 35 56 58 64 68 69
 13 15 16 35 54 55 58 64 70
 13 15 16 35 54 55 58 64 68 69
 13 15 16 35 45 58 64
 13 15 16 35 43 56 58 64
 13 15 16 35 43 54 55 58 64
 13 15 16 31 58 72
 13 15 16 31 58 70 71
 13 15 16 31 45 58
 13 15 16 29 35 58 64 70
 13 15 16 29 35 58 64 68 69
 13 15 16 29 35 43 58 64
 13 15 16 26 56 58
 13 15 16 26 37 58
 13 15 16 24 25 56 58
 13 15 16 24 25 37 58
 13 14 58
 13 14 58 72
 13 14 58 70 71
 13 14 58 69
 13 14 58 68
 13 14 58 67 68
 13 14 58 62
 13 14 58 60
 13 14 58 60 68
 13 14 56 58
 13 14 56 58 62
 13 14 56 57 72
 13 14 56 57 70 71
 13 14 56 57 58 59
 13 14 47 58
 13 14 45 58
 13 14 45 56 57
 13 14 45 56 57 58
 13 14 45 51 56 58
 13 14 45 51 56 58 62
 13 14 45 49 50 56 58
 13 14 45 49 50 56 58 62
 13 14 45 46 58
 13 14 43 58 68
 13 14 43 44 56 57 58
 13 14 43 44 51 56 58
 13 14 43 44 51 56 58 62
 13 14 43 44 49 50 56 58
 13 14 43 44 49 50 56 58 62
 13 14 42 58
 13 14 41 42 58 68
 13 14 40 60 68
 13 14 40 58
 13 14 40 58 72
 13 14 40 58 70
 13 14 40 58 70 71
 13 14 40 58 68
 13 14 40 58 68 69
 13 14 40 58 62
 13 14 40 58 60 68
 13 14 40 56 60 68
 13 14 40 56 58 62
 13 14 40 56 57 72
 13 14 40 56 57 70 71
 13 14 40 45 56 57
 13 14 40 45 56 57 58
 13 14 40 43 58
 13 14 40 43 56 58 68
 13 14 40 43 44 58
 13 14 40 43 44 56 57 58
 13 14 40 41 42 56 58 68
 13 14 38
 13 14 38 58
 13 14 38 58 72
 13 14 38 58 71
 13 14 38 58 70 71
 13 14 38 58 69
 13 14 38 58 69 70
 13 14 38 58 68
 13 14 38 58 67 68
 13 14 38 58 62
 13 14 38 58 60
 13 14 38 58 59
 13 14 38 57 58
 13 14 38 56 58
 13 14 38 56 57 58 72
 13 14 38 56 57 58 70 71
 13 14 38 56 57 58 59
 13 14 38 47 58
 13 14 38 45 58
 13 14 38 45 58 69
 13 14 38 45 58 67 68
 13 14 38 45 58 60
 13 14 38 45 56 58
 13 14 38 45 56 57 58
 13 14 38 45 56 57 58 59
 13 14 38 45 46 58
 13 14 38 44 58
 13 14 38 43 44 58 69
 13 14 38 43 44 58 67 68
 13 14 38 43 44 58 60
 13 14 38 43 44 56 58
 13 14 38 43 44 56 57 58 59
 13 14 38 42 58
 13 14 38 42 45 58
 13 14 38 42 43 44 58
 13 14 38 41 58
 13 14 38 39 60 68
 13 14 38 39 58
 13 14 38 39 58 72
 13 14 38 39 58 70
 13 14 38 39 58 70 71
 13 14 38 39 58 68
 13 14 38 39 58 68 69
 13 14 38 39 58 62
 13 14 38 39 58 60 68
 13 14 38 39 56 60 68
 13 14 38 39 56 58 62
 13 14 38 39 56 57 72
 13 14 38 39 56 57 70 71
 13 14 38 39 45 56 57
 13 14 38 39 45 56 57 58
 13 14 38 39 43 58
 13 14 38 39 43 56 58 68
 13 14 38 39 43 44 58
 13 14 38 39 43 44 56 57 58
 13 14 38 39 41 42 56 58 68
 13 14 38 39 40 58
 13 14 37 60 68
 13 14 37 58 62
 13 14 37 43 58 68
 13 14 37 41 42 58 68
 13 14 37 40 60 68
 13 14 37 40 58 62
 13 14 37 40 43 58 68
 13 14 37 40 41 42 58 68
 13 14 37 38 39 60 68
 13 14 37 38 39 58 62
 13 14 37 38 39 43 58 68
 13 14 37 38 39 41 42 58 68
 13 14 36 37
 13 14 36 37 58
 13 14 36 37 58 72
 13 14 36 37 58 71
 13 14 36 37 58 70 71
 13 14 36 37 58 69
 13 14 36 37 58 69 70
 13 14 36 37 58 68
 13 14 36 37 58 67 68
 13 14 36 37 58 62
 13 14 36 37 58 60
 13 14 36 37 58 59
 13 14 36 37 57 58
 13 14 36 37 56 58
 13 14 36 37 56 57 58 72
 13 14 36 37 56 57 58 70 71
 13 14 36 37 56 57 58 59
 13 14 36 37 47 58
 13 14 36 37 45 58
 13 14 36 37 45 58 69
 13 14 36 37 45 58 67 68
 13 14 36 37 45 58 60
 13 14 36 37 45 56 58
 13 14 36 37 45 56 57 58
 13 14 36 37 45 56 57 58 59
 13 14 36 37 45 46 58
 13 14 36 37 44 58
 13 14 36 37 43 44 58 69
 13 14 36 37 43 44 58 67 68
 13 14 36 37 43 44 58 60
 13 14 36 37 43 44 56 58
 13 14 36 37 43 44 56 57 58 59
 13 14 36 37 42 58
 13 14 36 37 42 45 58
 13 14 36 37 42 43 44 58
 13 14 36 37 41 58
 13 14 36 37 39 40 58
 13 14 35 60
 13 14 35 58
 13 14 35 38 60
 13 14 35 38 58
 13 14 35 36 37 60
 13 14 35 36 37 58
 13 14 33 58
 13 14 33 38 58
 13 14 33 38 45 58
 13 14 33 38 43 44 58
 13 14 33 36 37 58
 13 14 33 36 37 45 58
 13 14 33 36 37 43 44 58
 13 14 32 58
 13 14 32 56 57 58
 13 14 32 38 58
 13 14 32 38 56 57 58
 13 14 32 38 45 58
 13 14 32 38 45 56 57 58
 13 14 32 38 43 44 58
 13 14 32 38 43 44 56 57 58
 13 14 32 36 37 58
 13 14 32 36 37 56 57 58
 13 14 32 36 37 45 58
 13 14 32 36 37 45 56 57 58
 13 14 32 36 37 43 44 58
 13 14 32 36 37 43 44 56 57 58
 13 14 31 72
 13 14 31 70 71
 13 14 31 58
 13 14 31 58 59
 13 14 31 57 58
 13 14 31 45
 13 14 31 45 58
 13 14 31 43 44 58
 13 14 31 40 72
 13 14 31 40 70 71
 13 14 31 40 45
 13 14 31 40 45 58
 13 14 31 40 43 44 58
 13 14 31 38 58
 13 14 31 38 58 72
 13 14 31 38 58 70 71
 13 14 31 38 58 59
 13 14 31 38 57 58
 13 14 31 38 45 58 59
 13 14 31 38 45 57 58
 13 14 31 38 43 44 58
 13 14 31 38 43 44 58 59
 13 14 31 38 43 44 57 58
 13 14 31 38 39 72
 13 14 31 38 39 70 71
 13 14 31 38 39 45
 13 14 31 38 39 45 58
 13 14 31 38 39 43 44 58
 13 14 31 36 37 58
 13 14 31 36 37 58 72
 13 14 31 36 37 58 70 71
 13 14 31 36 37 58 59
 13 14 31 36 37 57 58
 13 14 31 36 37 45 58 59
 13 14 31 36 37 45 57 58
 13 14 31 36 37 43 44 58
 13 14 31 36 37 43 44 58 59
 13 14 31 36 37 43 44 57 58
 13 14 31 32 58
 13 14 31 32 38 58
 13 14 31 32 38 45 58
 13 14 31 32 38 43 44 58
 13 14 31 32 36 37 58
 13 14 31 32 36 37 45 58
 13 14 31 32 36 37 43 44 58
 13 14 28 58 60
 13 14 28 47 58
 13 14 28 45 46 58
 13 14 28 40 60
 13 14 28 40 58 60
 13 14 28 40 56 60
 13 14 28 38 39 60
 13 14 28 38 39 58 60
 13 14 28 38 39 56 60
 13 14 28 37 60
 13 14 28 37 40 60
 13 14 28 37 38 39 60
 13 14 26 58
 13 14 26 58 60
 13 14 26 43 58
 13 14 26 41 42 58
 13 14 26 40 60
 13 14 26 40 58
 13 14 26 40 58 60
 13 14 26 40 56 60
 13 14 26 40 43 56 58
 13 14 26 40 41 42 56 58
 13 14 26 38 58
 13 14 26 38 39 60
 13 14 26 38 39 58
 13 14 26 38 39 58 60
 13 14 26 38 39 56 60
 13 14 26 38 39 43 56 58
 13 14 26 38 39 41 42 56 58
 13 14 26 37 60
 13 14 26 37 43 58
 13 14 26 37 41 42 58
 13 14 26 37 40 60
 13 14 26 37 40 43 58
 13 14 26 37 40 41 42 58
 13 14 26 37 38 39 60
 13 14 26 37 38 39 43 58
 13 14 26 37 38 39 41 42 58
 13 14 26 36 37 58
 13 14 26 27 58 60
 13 14 26 27 47 58
 13 14 26 27 45 46 58
 13 14 26 27 40 60
 13 14 26 27 40 58 60
 13 14 26 27 40 56 60
 13 14 26 27 38 39 60
 13 14 26 27 38 39 58 60
 13 14 26 27 38 39 56 60
 13 14 26 27 37 60
 13 14 26 27 37 40 60
 13 14 26 27 37 38 39 60
 13 14 24 58 68
 13 14 24 45 56 58
 13 14 24 45 56 58 62
 13 14 24 43 44 56 58
 13 14 24 43 44 56 58 62
 13 14 24 40 58 68
 13 14 24 38 39 58 68
 13 14 24 26 58
 13 14 24 26 40 58
 13 14 24 26 38 39 58
 13 14 24 25 58 60
 13 14 24 25 43 58
 13 14 24 25 41 42 58
 13 14 24 25 40 60
 13 14 24 25 40 58 60
 13 14 24 25 40 56 60
 13 14 24 25 40 43 56 58
 13 14 24 25 40 41 42 56 58
 13 14 24 25 38 58
 13 14 24 25 38 39 60
 13 14 24 25 38 39 58 60
 13 14 24 25 38 39 56 60
 13 14 24 25 38 39 43 56 58
 13 14 24 25 38 39 41 42 56 58
 13 14 24 25 37 60
 13 14 24 25 37 43 58
 13 14 24 25 37 41 42 58
 13 14 24 25 37 40 60
 13 14 24 25 37 40 43 58
 13 14 24 25 37 40 41 42 58
 13 14 24 25 37 38 39 60
 13 14 24 25 37 38 39 43 58
 13 14 24 25 37 38 39 41 42 58
 13 14 24 25 36 37 58
 13 14 20 58
 13 14 20 38 58
 13 14 20 36 37 58
 13 14 20 28 58
 13 14 20 26 27 58
 13 14 18 56 57 58
 13 14 18 51 56 58
 13 14 18 51 56 58 62
 13 14 18 49 50 56 58
 13 14 18 49 50 56 58 62
 13 14 18 40 58
 13 14 18 40 56 57 58
 13 14 18 38 58 69
 13 14 18 38 58 67 68
 13 14 18 38 58 60
 13 14 18 38 56 58
 13 14 18 38 56 57 58 59
 13 14 18 38 42 58
 13 14 18 38 39 58
 13 14 18 38 39 56 57 58
 13 14 18 36 37 58 69
 13 14 18 36 37 58 67 68
 13 14 18 36 37 58 60
 13 14 18 36 37 56 58
 13 14 18 36 37 56 57 58 59
 13 14 18 36 37 42 58
 13 14 18 33 38 58
 13 14 18 33 36 37 58
 13 14 18 32 38 58
 13 14 18 32 38 56 57 58
 13 14 18 32 36 37 58
 13 14 18 32 36 37 56 57 58
 13 14 18 31 58
 13 14 18 31 40 58
 13 14 18 31 38 58
 13 14 18 31 38 58 59
 13 14 18 31 38 57 58
 13 14 18 31 38 39 58
 13 14 18 31 36 37 58
 13 14 18 31 36 37 58 59
 13 14 18 31 36 37 57 58
 13 14 18 31 32 38 58
 13 14 18 31 32 36 37 58
 13 14 18 24 56 58
 13 14 18 24 56 58 62
 13 14 16 58 68
 13 14 16 40 56 58 68
 13 14 16 38 39 56 58 68
 13 14 16 37 58 68
 13 14 16 37 40 58 68
 13 14 16 37 38 39 58 68
 13 14 16 26 58
 13 14 16 26 40 56 58
 13 14 16 26 38 39 56 58
 13 14 16 26 37 58
 13 14 16 26 37 40 58
 13 14 16 26 37 38 39 58
 13 14 16 24 25 58
 13 14 16 24 25 40 56 58
 13 14 16 24 25 38 39 56 58
 13 14 16 24 25 37 58
 13 14 16 24 25 37 40 58
 13 14 16 24 25 37 38 39 58
 11 60 68
 11 59 72
 11 59 70 71
 11 58
 11 58 72
 11 58 71
 11 58 70 71
 11 58 69
 11 58 69 70
 11 58 68
 11 58 67 68
 11 58 60
 11 58 60 68
 11 58 59
 11 57
 11 57 58
 11 57 58 72
 11 57 58 71
 11 57 58 70 71
 11 57 58 69
 11 57 58 69 70
 11 57 58 68
 11 57 58 67 68
 11 57 58 62
 11 57 58 60
 11 57 58 59
 11 56 60 68
 11 56 58
 11 56 57 58
 11 56 57 58 72
 11 56 57 58 70 71
 11 55 58
 11 47 58 69
 11 47 58 67 68
 11 47 58 60
 11 47 57 58
 11 47 56 58
 11 47 56 57 58 59
 11 45 59
 11 45 58
 11 45 58 71
 11 45 58 69 70
 11 45 58 64
 11 45 58 59
 11 45 57 58 69
 11 45 57 58 67 68
 11 45 57 58 60
 11 45 56 57 58 59
 11 45 55 58
 11 45 47 58
 11 45 46 58
 11 45 46 58 69
 11 45 46 58 67 68
 11 45 46 58 60
 11 45 46 57 58
 11 45 46 56 58
 11 45 46 56 57 58 59
 11 44 58
 11 44 57 58
 11 44 45 58
 11 43 56 58 68
 11 43 44 58
 11 43 44 58 71
 11 43 44 58 69 70
 11 43 44 58 64
 11 43 44 58 59
 11 43 44 57 58
 11 43 44 57 58 69
 11 43 44 57 58 67 68
 11 43 44 57 58 60
 11 43 44 56 57 58
 11 43 44 56 57 58 59
 11 43 44 55 58
 11 43 44 47 58
 11 43 44 45 46 58
 11 42 58
 11 42 57 58
 11 42 47 58
 11 42 45 57 58
 11 42 45 46 58
 11 42 43 44 57 58
 11 41 57 58
 11 41 45 58
 11 41 43 44 58
 11 41 42 56 58 68
 11 39 40 57 58
 11 39 40 45 58
 11 39 40 43 44 58
 11 37 60 68
 11 37 43 58 68
 11 37 41 42 58 68
 11 35 58 72
 11 35 58 70 71
 11 35 57 60
 11 35 57 58
 11 35 45 58
 11 33 58
 11 33 57 58
 11 33 47 58
 11 33 45 57 58
 11 33 45 46 58
 11 33 43 44 57 58
 11 32 58
 11 32 57 58
 11 32 47 58
 11 32 47 56 57 58
 11 32 45 57 58
 11 32 45 56 57 58
 11 32 45 46 58
 11 32 45 46 56 57 58
 11 32 43 44 57 58
 11 32 43 44 56 57 58
 11 31 58
 11 31 58 59
 11 31 57 58
 11 31 57 58 72
 11 31 57 58 70 71
 11 31 57 58 59
 11 31 47 58
 11 31 47 58 59
 11 31 47 57 58
 11 31 45 57 58
 11 31 45 57 58 59
 11 31 45 46 58
 11 31 45 46 58 59
 11 31 45 46 57 58
 11 31 43 44 57 58 59
 11 31 32 58
 11 31 32 57 58
 11 31 32 47 58
 11 31 32 45 57 58
 11 31 32 45 46 58
 11 31 32 43 44 57 58
 11 28 60
 11 28 58
 11 28 58 71
 11 28 58 69 70
 11 28 58 60
 11 28 58 59
 11 28 57 58
 11 28 56 60
 11 28 47 58 71
 11 28 47 58 69 70
 11 28 47 58 59
 11 28 47 57 58
 11 28 45 46 58 71
 11 28 45 46 58 69 70
 11 28 45 46 58 59
 11 28 45 46 57 58
 11 28 44 58
 11 28 44 47 58
 11 28 44 45 46 58
 11 28 41 58
 11 28 41 47 58
 11 28 41 45 46 58
 11 28 39 40 58
 11 28 39 40 47 58
 11 28 39 40 45 46 58
 11 28 37 60
 11 26 60
 11 26 58
 11 26 58 60
 11 26 57 58
 11 26 56 60
 11 26 43 56 58
 11 26 41 42 56 58
 11 26 37 60
 11 26 37 43 58
 11 26 37 41 42 58
 11 26 27 60
 11 26 27 58
 11 26 27 58 71
 11 26 27 58 69 70
 11 26 27 58 60
 11 26 27 58 59
 11 26 27 57 58
 11 26 27 56 60
 11 26 27 47 58 71
 11 26 27 47 58 69 70
 11 26 27 47 58 59
 11 26 27 47 57 58
 11 26 27 45 46 58 71
 11 26 27 45 46 58 69 70
 11 26 27 45 46 58 59
 11 26 27 45 46 57 58
 11 26 27 44 58
 11 26 27 44 47 58
 11 26 27 44 45 46 58
 11 26 27 41 58
 11 26 27 41 47 58
 11 26 27 41 45 46 58
 11 26 27 39 40 58
 11 26 27 39 40 47 58
 11 26 27 39 40 45 46 58
 11 26 27 37 60
 11 24 25 60
 11 24 25 58
 11 24 25 58 60
 11 24 25 57 58
 11 24 25 56 60
 11 24 25 43 56 58
 11 24 25 41 42 56 58
 11 24 25 37 60
 11 24 25 37 43 58
 11 24 25 37 41 42 58
 11 20 58 69
 11 20 58 67 68
 11 20 58 60
 11 20 57 58
 11 20 56 58
 11 20 56 57 58 59
 11 20 45 58
 11 20 43 44 58
 11 20 42 58
 11 20 33 58
 11 20 32 58
 11 20 32 56 57 58
 11 20 31 58
 11 20 31 58 59
 11 20 31 57 58
 11 20 31 32 58
 11 20 28 58 71
 11 20 28 58 69 70
 11 20 28 58 59
 11 20 28 57 58
 11 20 28 44 58
 11 20 28 41 58
 11 20 28 39 40 58
 11 20 26 27 58 71
 11 20 26 27 58 69 70
 11 20 26 27 58 59
 11 20 26 27 57 58
 11 20 26 27 44 58
 11 20 26 27 41 58
 11 20 26 27 39 40 58
 11 18 58 71
 11 18 58 69 70
 11 18 58 64
 11 18 58 59
 11 18 57 58
 11 18 57 58 69
 11 18 57 58 67 68
 11 18 57 58 60
 11 18 56 57 58
 11 18 56 57 58 59
 11 18 55 58
 11 18 47 58
 11 18 45 46 58
 11 18 44 58
 11 18 42 57 58
 11 18 41 58
 11 18 39 40 58
 11 18 33 57 58
 11 18 32 57 58
 11 18 32 56 57 58
 11 18 31 57 58 59
 11 18 31 32 57 58
 11 18 20 58
 11 17 72
 11 17 70 71
 11 17 45
 11 16 56 58 68
 11 16 37 58 68
 11 16 26 56 58
 11 16 26 37 58
 11 16 24 25 56 58
 11 16 24 25 37 58
 11 15
 11 15 58
 11 15 58 72
 11 15 58 71
 11 15 58 70 71
 11 15 58 69
 11 15 58 69 70
 11 15 58 68
 11 15 58 67 68
 11 15 58 62
 11 15 58 60
 11 15 58 59
 11 15 57 58
 11 15 56 58
 11 15 56 57 58 72
 11 15 56 57 58 70 71
 11 15 56 57 58 59
 11 15 47 58
 11 15 45 58
 11 15 45 58 69
 11 15 45 58 67 68
 11 15 45 58 60
 11 15 45 56 58
 11 15 45 56 57 58
 11 15 45 56 57 58 59
 11 15 45 46 58
 11 15 44 58
 11 15 43 44 58 69
 11 15 43 44 58 67 68
 11 15 43 44 58 60
 11 15 43 44 56 58
 11 15 43 44 56 57 58 59
 11 15 42 58
 11 15 42 45 58
 11 15 42 43 44 58
 11 15 41 58
 11 15 39 40 58
 11 15 35 60
 11 15 35 58
 11 15 33 58
 11 15 33 45 58
 11 15 33 43 44 58
 11 15 32 58
 11 15 32 56 57 58
 11 15 32 45 58
 11 15 32 45 56 57 58
 11 15 32 43 44 58
 11 15 32 43 44 56 57 58
 11 15 31 58
 11 15 31 58 72
 11 15 31 58 70 71
 11 15 31 58 59
 11 15 31 57 58
 11 15 31 45 58 59
 11 15 31 45 57 58
 11 15 31 43 44 58
 11 15 31 43 44 58 59
 11 15 31 43 44 57 58
 11 15 31 32 58
 11 15 31 32 45 58
 11 15 31 32 43 44 58
 11 15 26 58
 11 15 24 25 58
 11 15 20 58
 11 15 18 58 69
 11 15 18 58 67 68
 11 15 18 58 60
 11 15 18 56 58
 11 15 18 56 57 58 59
 11 15 18 42 58
 11 15 18 33 58
 11 15 18 32 58
 11 15 18 32 56 57 58
 11 15 18 31 58
 11 15 18 31 58 59
 11 15 18 31 57 58
 11 15 18 31 32 58
 11 15 16 72
 11 15 16 70 71
 11 15 16 45
 11 14 58
 11 13 58
 11 13 45 58
 11 13 43 44 58
 11 13 18 58
 11 13 14
 11 13 14 58
 11 13 14 58 72
 11 13 14 58 71
 11 13 14 58 70 71
 11 13 14 58 69
 11 13 14 58 69 70
 11 13 14 58 68
 11 13 14 58 67 68
 11 13 14 58 62
 11 13 14 58 60
 11 13 14 58 59
 11 13 14 57 58
 11 13 14 56 58
 11 13 14 56 57 58 72
 11 13 14 56 57 58 70 71
 11 13 14 56 57 58 59
 11 13 14 47 58
 11 13 14 45 58
 11 13 14 45 58 69
 11 13 14 45 58 67 68
 11 13 14 45 58 60
 11 13 14 45 56 58
 11 13 14 45 56 57 58
 11 13 14 45 56 57 58 59
 11 13 14 45 46 58
 11 13 14 44 58
 11 13 14 43 44 58 69
 11 13 14 43 44 58 67 68
 11 13 14 43 44 58 60
 11 13 14 43 44 56 58
 11 13 14 43 44 56 57 58 59
 11 13 14 42 58
 11 13 14 42 45 58
 11 13 14 42 43 44 58
 11 13 14 41 58
 11 13 14 39 40 58
 11 13 14 35 60
 11 13 14 35 58
 11 13 14 33 58
 11 13 14 33 45 58
 11 13 14 33 43 44 58
 11 13 14 32 58
 11 13 14 32 56 57 58
 11 13 14 32 45 58
 11 13 14 32 45 56 57 58
 11 13 14 32 43 44 58
 11 13 14 32 43 44 56 57 58
 11 13 14 31 58
 11 13 14 31 58 72
 11 13 14 31 58 70 71
 11 13 14 31 58 59
 11 13 14 31 57 58
 11 13 14 31 45 58 59
 11 13 14 31 45 57 58
 11 13 14 31 43 44 58
 11 13 14 31 43 44 58 59
 11 13 14 31 43 44 57 58
 11 13 14 31 32 58
 11 13 14 31 32 45 58
 11 13 14 31 32 43 44 58
 11 13 14 26 58
 11 13 14 24 25 58
 11 13 14 20 58
 11 13 14 18 58 69
 11 13 14 18 58 67 68
 11 13 14 18 58 60
 11 13 14 18 56 58
 11 13 14 18 56 57 58 59
 11 13 14 18 42 58
 11 13 14 18 33 58
 11 13 14 18 32 58
 11 13 14 18 32 56 57 58
 11 13 14 18 31 58
 11 13 14 18 31 58 59
 11 13 14 18 31 57 58
 11 13 14 18 31 32 58
 11 12 58
 11 12 45 58
 11 12 43 44 58
 11 12 40 45 58
 11 12 40 43 44 58
 11 12 38 58
 11 12 38 45 58
 11 12 38 43 44 58
 11 12 38 39 45 58
 11 12 38 39 43 44 58
 11 12 36 37 58
 11 12 36 37 45 58
 11 12 36 37 43 44 58
 11 12 18 58
 11 12 18 40 58
 11 12 18 38 58
 11 12 18 38 39 58
 11 12 18 36 37 58
 11 12 13 45 58
 11 12 13 43 44 58
 11 12 13 18 58
 3 58
 3 45 58 72
 3 45 58 70 71
 3 45 56 57 58 72
 3 45 56 57 58 70 71
 3 43 44 58
 3 43 44 58 72
 3 43 44 58 70 71
 3 43 44 56 57 58
 3 43 44 56 57 58 72
 3 43 44 56 57 58 70 71
 3 43 44 45 58
 3 43 44 45 56 57 58
 3 31 45 58 72
 3 31 45 58 70 71
 3 31 43 44 58
 3 31 43 44 58 72
 3 31 43 44 58 70 71
 3 31 43 44 45 58
 3 18 58
 3 18 58 72
 3 18 58 70 71
 3 18 56 57 58
 3 18 56 57 58 72
 3 18 56 57 58 70 71
 3 18 45 58
 3 18 45 56 57 58
 3 18 31 58
 3 18 31 58 72
 3 18 31 58 70 71
 3 18 31 45 58
 1 72
 1 70 71
 1 58
 1 58 71
 1 58 69
 1 58 69 70
 1 58 67 68
 1 58 60
 1 58 59
 1 57 60
 1 57 58
 1 56 58
 1 56 57 60
 1 56 57 58 59
 1 47 58
 1 47 58 74
 1 47 58 72
 1 47 58 72 73
 1 47 58 70 71
 1 47 58 65
 1 47 58 63 64
 1 47 57 58
 1 47 56 57 58
 1 47 56 57 58 74
 1 47 56 57 58 72
 1 47 56 57 58 72 73
 1 47 56 57 58 70 71
 1 47 56 57 58 65
 1 47 56 57 58 63 64
 1 45
 1 45 58 72
 1 45 58 70 71
 1 45 56 57 58
 1 45 56 57 58 74
 1 45 56 57 58 72
 1 45 56 57 58 72 73
 1 45 56 57 58 70 71
 1 45 47 58
 1 45 46 58
 1 45 46 58 74
 1 45 46 58 72
 1 45 46 58 72 73
 1 45 46 58 70 71
 1 45 46 58 65
 1 45 46 58 63 64
 1 45 46 57 58
 1 45 46 56 57 58
 1 45 46 56 57 58 74
 1 45 46 56 57 58 72
 1 45 46 56 57 58 72 73
 1 45 46 56 57 58 70 71
 1 45 46 56 57 58 65
 1 45 46 56 57 58 63 64
 1 45 46 47 58
 1 45 46 47 56 57 58
 1 44 58
 1 43 44 58
 1 43 44 58 72
 1 43 44 58 70 71
 1 43 44 56 57 58 74
 1 43 44 56 57 58 72
 1 43 44 56 57 58 72 73
 1 43 44 56 57 58 70 71
 1 43 44 47 56 57 58
 1 43 44 45 58
 1 43 44 45 56 57 58
 1 42 58
 1 41 47 58 72
 1 41 47 58 70 71
 1 41 47 56 57 58 72
 1 41 47 56 57 58 70 71
 1 41 45 47 58
 1 41 45 47 56 57 58
 1 41 45 46 58
 1 41 45 46 58 72
 1 41 45 46 58 70 71
 1 41 45 46 56 57 58
 1 41 45 46 56 57 58 72
 1 41 45 46 56 57 58 70 71
 1 40 57 60
 1 40 57 58 60
 1 40 56 57 60
 1 39 40 47 58 72
 1 39 40 47 58 70 71
 1 39 40 47 56 57 58 72
 1 39 40 47 56 57 58 70 71
 1 39 40 45 47 58
 1 39 40 45 47 56 57 58
 1 39 40 45 46 58
 1 39 40 45 46 58 72
 1 39 40 45 46 58 70 71
 1 39 40 45 46 56 57 58
 1 39 40 45 46 56 57 58 72
 1 39 40 45 46 56 57 58 70 71
 1 38 60
 1 38 58
 1 38 58 71
 1 38 58 69 70
 1 38 58 60
 1 38 58 59
 1 38 57 58
 1 38 56 60
 1 38 47 58
 1 38 47 58 71
 1 38 47 58 69 70
 1 38 47 58 59
 1 38 47 57 58
 1 38 47 56 57 58
 1 38 45 46 58
 1 38 45 46 58 71
 1 38 45 46 58 69 70
 1 38 45 46 58 59
 1 38 45 46 57 58
 1 38 45 46 56 57 58
 1 38 44 58
 1 38 44 47 58
 1 38 44 45 46 58
 1 38 41 58
 1 38 41 47 58
 1 38 41 45 46 58
 1 38 39 57 60
 1 38 39 57 58 60
 1 38 39 56 57 60
 1 38 39 40 58
 1 38 39 40 47 58
 1 38 39 40 45 46 58
 1 37 60
 1 37 40 57 60
 1 37 38 60
 1 37 38 39 57 60
 1 36 37 58
 1 36 37 58 71
 1 36 37 58 69 70
 1 36 37 58 60
 1 36 37 58 59
 1 36 37 57 58
 1 36 37 56 60
 1 36 37 47 58 71
 1 36 37 47 58 69 70
 1 36 37 47 58 59
 1 36 37 47 57 58
 1 36 37 45 46 58 71
 1 36 37 45 46 58 69 70
 1 36 37 45 46 58 59
 1 36 37 45 46 57 58
 1 36 37 44 58
 1 36 37 44 47 58
 1 36 37 44 45 46 58
 1 36 37 41 58
 1 36 37 41 47 58
 1 36 37 41 45 46 58
 1 36 37 39 40 58
 1 36 37 39 40 47 58
 1 36 37 39 40 45 46 58
 1 35 58 72
 1 35 58 70 71
 1 35 45 58
 1 35 43 58
 1 35 41 42 58
 1 33 58
 1 32 58
 1 32 56 57 58
 1 31 58
 1 31 58 59
 1 31 57 58
 1 31 47 58
 1 31 47 58 74
 1 31 47 58 72
 1 31 47 58 72 73
 1 31 47 58 70 71
 1 31 47 58 65
 1 31 47 58 63 64
 1 31 45 58
 1 31 45 58 74
 1 31 45 58 72
 1 31 45 58 72 73
 1 31 45 58 70 71
 1 31 45 46 58
 1 31 45 46 58 74
 1 31 45 46 58 72
 1 31 45 46 58 72 73
 1 31 45 46 58 70 71
 1 31 45 46 58 65
 1 31 45 46 58 63 64
 1 31 45 46 47 58
 1 31 43 44 58 74
 1 31 43 44 58 72
 1 31 43 44 58 72 73
 1 31 43 44 58 70 71
 1 31 43 44 47 58
 1 31 43 44 45 58
 1 31 41 47 58 72
 1 31 41 47 58 70 71
 1 31 41 45 47 58
 1 31 41 45 46 58
 1 31 41 45 46 58 72
 1 31 41 45 46 58 70 71
 1 31 39 40 47 58 72
 1 31 39 40 47 58 70 71
 1 31 39 40 45 47 58
 1 31 39 40 45 46 58
 1 31 39 40 45 46 58 72
 1 31 39 40 45 46 58 70 71
 1 31 38 47 58
 1 31 38 45 46 58
 1 31 32 58
 1 20 58 74
 1 20 58 72
 1 20 58 72 73
 1 20 58 70 71
 1 20 58 65
 1 20 58 63 64
 1 20 57 58
 1 20 56 57 58 74
 1 20 56 57 58 72
 1 20 56 57 58 72 73
 1 20 56 57 58 70 71
 1 20 56 57 58 65
 1 20 56 57 58 63 64
 1 20 47 58
 1 20 47 56 57 58
 1 20 45 58
 1 20 45 56 57 58
 1 20 41 58 72
 1 20 41 58 70 71
 1 20 41 56 57 58 72
 1 20 41 56 57 58 70 71
 1 20 41 45 58
 1 20 41 45 56 57 58
 1 20 39 40 58 72
 1 20 39 40 58 70 71
 1 20 39 40 56 57 58 72
 1 20 39 40 56 57 58 70 71
 1 20 39 40 45 58
 1 20 39 40 45 56 57 58
 1 20 38 58
 1 20 38 58 71
 1 20 38 58 69 70
 1 20 38 58 59
 1 20 38 57 58
 1 20 38 56 57 58
 1 20 38 44 58
 1 20 38 41 58
 1 20 38 39 40 58
 1 20 36 37 58 71
 1 20 36 37 58 69 70
 1 20 36 37 58 59
 1 20 36 37 57 58
 1 20 36 37 44 58
 1 20 36 37 41 58
 1 20 36 37 39 40 58
 1 20 31 58 74
 1 20 31 58 72
 1 20 31 58 72 73
 1 20 31 58 70 71
 1 20 31 58 65
 1 20 31 58 63 64
 1 20 31 47 58
 1 20 31 45 58
 1 20 31 41 58 72
 1 20 31 41 58 70 71
 1 20 31 41 45 58
 1 20 31 39 40 58 72
 1 20 31 39 40 58 70 71
 1 20 31 39 40 45 58
 1 20 31 38 58
 1 18 58
 1 18 58 72
 1 18 58 70 71
 1 18 56 57 58 74
 1 18 56 57 58 72
 1 18 56 57 58 72 73
 1 18 56 57 58 70 71
 1 18 47 56 57 58
 1 18 45 58
 1 18 45 56 57 58
 1 18 31 58 74
 1 18 31 58 72
 1 18 31 58 72 73
 1 18 31 58 70 71
 1 18 31 47 58
 1 18 31 45 58
 1 16 35 58
 1 15 60
 1 15 56 60
 1 15 47 58
 1 15 45 46 58
 1 15 40 60
 1 15 40 58 60
 1 15 40 56 60
 1 15 38 39 60
 1 15 38 39 58 60
 1 15 38 39 56 60
 1 15 37 40 60
 1 15 37 38 39 60
 1 15 20 58
 1 14 58
 1 14 47 58 72
 1 14 47 58 70 71
 1 14 47 56 57 58 72
 1 14 47 56 57 58 70 71
 1 14 45 47 58
 1 14 45 47 56 57 58
 1 14 45 46 58
 1 14 45 46 58 72
 1 14 45 46 58 70 71
 1 14 45 46 56 57 58
 1 14 45 46 56 57 58 72
 1 14 45 46 56 57 58 70 71
 1 14 31 47 58 72
 1 14 31 47 58 70 71
 1 14 31 45 47 58
 1 14 31 45 46 58
 1 14 31 45 46 58 72
 1 14 31 45 46 58 70 71
 1 14 20 58 72
 1 14 20 58 70 71
 1 14 20 56 57 58 72
 1 14 20 56 57 58 70 71
 1 14 20 45 58
 1 14 20 45 56 57 58
 1 14 20 31 58 72
 1 14 20 31 58 70 71
 1 14 20 31 45 58
 1 13 57 60
 1 13 57 58 60
 1 13 56 57 60
 1 13 37 57 60
 1 13 15 60
 1 13 15 58 60
 1 13 15 56 60
 1 13 15 37 60
 1 13 14 58 60
 1 13 14 47 58
 1 13 14 45 46 58
 1 13 14 40 60
 1 13 14 40 58 60
 1 13 14 40 56 60
 1 13 14 38 39 60
 1 13 14 38 39 58 60
 1 13 14 38 39 56 60
 1 13 14 37 60
 1 13 14 37 40 60
 1 13 14 37 38 39 60
 1 13 14 20 58
 1 11 60
 1 11 58
 1 11 58 71
 1 11 58 69 70
 1 11 58 60
 1 11 58 59
 1 11 57 58
 1 11 56 60
 1 11 47 58 71
 1 11 47 58 69 70
 1 11 47 58 59
 1 11 47 57 58
 1 11 45 46 58 71
 1 11 45 46 58 69 70
 1 11 45 46 58 59
 1 11 45 46 57 58
 1 11 44 58
 1 11 44 47 58
 1 11 44 45 46 58
 1 11 41 58
 1 11 41 47 58
 1 11 41 45 46 58
 1 11 39 40 58
 1 11 39 40 47 58
 1 11 39 40 45 46 58
 1 11 37 60
 1 11 20 58 71
 1 11 20 58 69 70
 1 11 20 58 59
 1 11 20 57 58
 1 11 20 44 58
 1 11 20 41 58
 1 11 20 39 40 58
