 70 72
 70 71
 68 69 72
 68 69 70 71
 45 70
 45 68 69
 45 58
 45 56 58
 43 72
 43 70 71
 43 62 72
 43 62 70 72
 43 62 68 69 72
 43 62 68 69 70 71
 43 45
 43 45 62
 43 45 62 70
 43 45 62 68 69
 43 45 58 64
 43 45 58 64 72
 43 45 58 64 70 71
 43 45 56 57
 43 45 56 57 70
 43 45 56 57 68 69
 43 45 56 57 64
 43 45 56 57 64 72
 43 45 56 57 64 70 71
 43 45 55 58
 43 45 55 58 72
 43 45 55 58 70 71
 43 45 55 56 57
 43 45 55 56 57 72
 43 45 55 56 57 70 71
 43 45 54 55 57
 43 45 54 55 57 70
 43 45 54 55 57 68 69
 43 44 58
 43 44 58 64 72
 43 44 58 64 70 71
 43 44 56 58
 43 44 56 57
 43 44 56 57 70
 43 44 56 57 68 69
 43 44 56 57 64 72
 43 44 56 57 64 70 71
 43 44 55 58 72
 43 44 55 58 70 71
 43 44 55 56 57 72
 43 44 55 56 57 70 71
 43 44 54 55 57
 43 44 54 55 57 70
 43 44 54 55 57 68 69
 43 44 45 58 64
 43 44 45 56 57 64
 43 44 45 55 58
 43 44 45 55 56 57
 41 58 72
 41 58 70
 41 58 70 71
 41 58 68 69
 41 57 58 72
 41 57 58 70 71
 41 53 68 72
 41 53 68 70 71
 41 51 58 72
 41 51 58 70 71
 41 51 52 68 72
 41 51 52 68 70 71
 41 49 50 58 72
 41 49 50 58 70 71
 41 45 58
 41 45 58 64
 41 45 58 64 72
 41 45 58 64 70 71
 41 45 57 60
 41 45 57 60 72
 41 45 57 60 70 71
 41 45 57 58
 41 45 57 58 60 74
 41 45 57 58 60 72 74
 41 45 57 58 60 70 71 74
 41 45 57 58 60 70 71 72 73
 41 45 56 57 70
 41 45 56 57 68 69
 41 45 56 57 64
 41 45 56 57 64 72
 41 45 56 57 64 70 71
 41 45 55 58
 41 45 55 58 72
 41 45 55 58 70 71
 41 45 55 56 57
 41 45 55 56 57 72
 41 45 55 56 57 70 71
 41 45 54 55 57 70
 41 45 54 55 57 68 69
 41 45 53 68
 41 45 51 58
 41 45 51 52 68
 41 45 49 50 58
 41 45 47 57 58 60
 41 45 47 57 58 60 72
 41 45 47 57 58 60 70 71
 41 43 58
 41 43 45 56 57
 41 43 45 54 55 57
 41 43 44 58 64 72
 41 43 44 58 64 70 71
 41 43 44 57 60 72
 41 43 44 57 60 70 71
 41 43 44 57 58 60 72 74
 41 43 44 57 58 60 72 73
 41 43 44 57 58 60 70 71 74
 41 43 44 57 58 60 70 71 72 73
 41 43 44 56 57
 41 43 44 56 57 70
 41 43 44 56 57 68 69
 41 43 44 56 57 64 72
 41 43 44 56 57 64 70 71
 41 43 44 55 58 72
 41 43 44 55 58 70 71
 41 43 44 55 56 57 72
 41 43 44 55 56 57 70 71
 41 43 44 54 55 57
 41 43 44 54 55 57 70
 41 43 44 54 55 57 68 69
 41 43 44 47 57 58 60 72
 41 43 44 47 57 58 60 70 71
 41 43 44 45 58 64
 41 43 44 45 57 60
 41 43 44 45 57 58 60 74
 41 43 44 45 57 58 60 72 73
 41 43 44 45 56 57 64
 41 43 44 45 55 58
 41 43 44 45 55 56 57
 41 43 44 45 47 57 58 60
 41 42 62 70 72
 41 42 62 70 71
 41 42 62 68 69 72
 41 42 62 68 69 70 71
 41 42 45 62 70
 41 42 45 62 68 69
 41 42 45 58 64
 41 42 45 58 64 72
 41 42 45 58 64 70 71
 41 42 45 56 57 70
 41 42 45 56 57 68 69
 41 42 45 56 57 64
 41 42 45 56 57 64 72
 41 42 45 56 57 64 70 71
 41 42 45 55 58
 41 42 45 55 58 72
 41 42 45 55 58 70 71
 41 42 45 55 56 57
 41 42 45 55 56 57 72
 41 42 45 55 56 57 70 71
 41 42 45 54 55 57 70
 41 42 45 54 55 57 68 69
 41 42 43 62 72
 41 42 43 62 70 71
 41 42 43 45 62
 41 42 43 45 56 57
 41 42 43 45 54 55 57
 41 42 43 44 58 64 72
 41 42 43 44 58 64 70 71
 41 42 43 44 56 57
 41 42 43 44 56 57 70
 41 42 43 44 56 57 68 69
 41 42 43 44 56 57 64 72
 41 42 43 44 56 57 64 70 71
 41 42 43 44 55 58 72
 41 42 43 44 55 58 70 71
 41 42 43 44 55 56 57 72
 41 42 43 44 55 56 57 70 71
 41 42 43 44 54 55 57
 41 42 43 44 54 55 57 70
 41 42 43 44 54 55 57 68 69
 41 42 43 44 45 58 64
 41 42 43 44 45 56 57 64
 41 42 43 44 45 55 58
 41 42 43 44 45 55 56 57
 39 40 58 72
 39 40 58 70
 39 40 58 70 71
 39 40 58 68 69
 39 40 57 58 72
 39 40 57 58 70 71
 39 40 53 68 72
 39 40 53 68 70 71
 39 40 51 58 72
 39 40 51 58 70 71
 39 40 51 52 68 72
 39 40 51 52 68 70 71
 39 40 49 50 58 72
 39 40 49 50 58 70 71
 39 40 45 58
 39 40 45 58 64
 39 40 45 58 64 72
 39 40 45 58 64 70 71
 39 40 45 57 60
 39 40 45 57 60 72
 39 40 45 57 60 70 71
 39 40 45 57 58
 39 40 45 57 58 60 74
 39 40 45 57 58 60 72 74
 39 40 45 57 58 60 70 71 74
 39 40 45 57 58 60 70 71 72 73
 39 40 45 56 57 70
 39 40 45 56 57 68 69
 39 40 45 56 57 64
 39 40 45 56 57 64 72
 39 40 45 56 57 64 70 71
 39 40 45 55 58
 39 40 45 55 58 72
 39 40 45 55 58 70 71
 39 40 45 55 56 57
 39 40 45 55 56 57 72
 39 40 45 55 56 57 70 71
 39 40 45 54 55 57 70
 39 40 45 54 55 57 68 69
 39 40 45 53 68
 39 40 45 51 58
 39 40 45 51 52 68
 39 40 45 49 50 58
 39 40 45 47 57 58 60
 39 40 45 47 57 58 60 72
 39 40 45 47 57 58 60 70 71
 39 40 43 58
 39 40 43 45 56 57
 39 40 43 45 54 55 57
 39 40 43 44 58 64 72
 39 40 43 44 58 64 70 71
 39 40 43 44 57 60 72
 39 40 43 44 57 60 70 71
 39 40 43 44 57 58 60 72 74
 39 40 43 44 57 58 60 72 73
 39 40 43 44 57 58 60 70 71 74
 39 40 43 44 57 58 60 70 71 72 73
 39 40 43 44 56 57
 39 40 43 44 56 57 70
 39 40 43 44 56 57 68 69
 39 40 43 44 56 57 64 72
 39 40 43 44 56 57 64 70 71
 39 40 43 44 55 58 72
 39 40 43 44 55 58 70 71
 39 40 43 44 55 56 57 72
 39 40 43 44 55 56 57 70 71
 39 40 43 44 54 55 57
 39 40 43 44 54 55 57 70
 39 40 43 44 54 55 57 68 69
 39 40 43 44 47 57 58 60 72
 39 40 43 44 47 57 58 60 70 71
 39 40 43 44 45 58 64
 39 40 43 44 45 57 60
 39 40 43 44 45 57 58 60 74
 39 40 43 44 45 57 58 60 72 73
 39 40 43 44 45 56 57 64
 39 40 43 44 45 55 58
 39 40 43 44 45 55 56 57
 39 40 43 44 45 47 57 58 60
 37 43 60 72 74
 37 43 60 72 73
 37 43 60 70 71 74
 37 43 60 70 71 72 73
 37 43 47 60 72
 37 43 47 60 70 71
 37 43 45 60 74
 37 43 45 60 72 73
 37 43 45 47 60
 37 41 60 72 76
 37 41 60 72 74
 37 41 60 72 74 75
 37 41 60 72 73
 37 41 60 70 71 76
 37 41 60 70 71 74
 37 41 60 70 71 74 75
 37 41 60 70 71 72 73
 37 41 58 60 72
 37 41 58 60 70 71
 37 41 57 58 70 72
 37 41 57 58 70 71
 37 41 57 58 68 69 72
 37 41 57 58 68 69 70 71
 37 41 49 60 72
 37 41 49 60 70 71
 37 41 47 60 72
 37 41 47 60 70 71
 37 41 45 60 76
 37 41 45 60 74
 37 41 45 60 74 75
 37 41 45 60 72 73
 37 41 45 58 60
 37 41 45 57 58 70
 37 41 45 57 58 68 69
 37 41 45 49 60
 37 41 45 47 60
 37 41 43 57 58 72
 37 41 43 57 58 70 71
 37 41 43 45 57 58
 37 41 42 60 72 74
 37 41 42 60 72 73
 37 41 42 60 70 71 74
 37 41 42 60 70 71 72 73
 37 41 42 47 60 72
 37 41 42 47 60 70 71
 37 41 42 45 60 74
 37 41 42 45 60 72 73
 37 41 42 45 47 60
 37 39 40 60 72 76
 37 39 40 60 72 74
 37 39 40 60 72 74 75
 37 39 40 60 72 73
 37 39 40 60 70 71 76
 37 39 40 60 70 71 74
 37 39 40 60 70 71 74 75
 37 39 40 60 70 71 72 73
 37 39 40 58 60 72
 37 39 40 58 60 70 71
 37 39 40 57 58 70 72
 37 39 40 57 58 70 71
 37 39 40 57 58 68 69 72
 37 39 40 57 58 68 69 70 71
 37 39 40 49 60 72
 37 39 40 49 60 70 71
 37 39 40 47 60 72
 37 39 40 47 60 70 71
 37 39 40 45 60 76
 37 39 40 45 60 74
 37 39 40 45 60 74 75
 37 39 40 45 60 72 73
 37 39 40 45 58 60
 37 39 40 45 57 58 70
 37 39 40 45 57 58 68 69
 37 39 40 45 49 60
 37 39 40 45 47 60
 37 39 40 43 57 58 72
 37 39 40 43 57 58 70 71
 37 39 40 43 45 57 58
 31 45 58
 31 45 56 58
 31 43 45 64
 31 43 45 64 72
 31 43 45 64 70 71
 31 43 45 55
 31 43 45 55 72
 31 43 45 55 70 71
 31 43 44 64 72
 31 43 44 64 70 71
 31 43 44 58
 31 43 44 56 58
 31 43 44 55 72
 31 43 44 55 70 71
 31 43 44 45 64
 31 43 44 45 55
 31 41 45 64
 31 41 45 64 72
 31 41 45 64 70 71
 31 41 45 55
 31 41 45 55 72
 31 41 45 55 70 71
 31 41 43 44 64 72
 31 41 43 44 64 70 71
 31 41 43 44 55 72
 31 41 43 44 55 70 71
 31 41 43 44 45 64
 31 41 43 44 45 55
 31 41 42 45 64
 31 41 42 45 64 72
 31 41 42 45 64 70 71
 31 41 42 45 55
 31 41 42 45 55 72
 31 41 42 45 55 70 71
 31 41 42 43 44 64 72
 31 41 42 43 44 64 70 71
 31 41 42 43 44 55 72
 31 41 42 43 44 55 70 71
 31 41 42 43 44 45 64
 31 41 42 43 44 45 55
 31 39 40 45 64
 31 39 40 45 64 72
 31 39 40 45 64 70 71
 31 39 40 45 55
 31 39 40 45 55 72
 31 39 40 45 55 70 71
 31 39 40 43 44 64 72
 31 39 40 43 44 64 70 71
 31 39 40 43 44 55 72
 31 39 40 43 44 55 70 71
 31 39 40 43 44 45 64
 31 39 40 43 44 45 55
 29 43 45 57
 29 43 45 57 70
 29 43 45 57 68 69
 29 43 44 57
 29 43 44 57 70
 29 43 44 57 68 69
 29 41 45 57 70
 29 41 45 57 68 69
 29 41 43 45 57
 29 41 43 44 57
 29 41 43 44 57 70
 29 41 43 44 57 68 69
 29 41 42 45 57 70
 29 41 42 45 57 68 69
 29 41 42 43 45 57
 29 41 42 43 44 57
 29 41 42 43 44 57 70
 29 41 42 43 44 57 68 69
 29 39 40 45 57 70
 29 39 40 45 57 68 69
 29 39 40 43 45 57
 29 39 40 43 44 57
 29 39 40 43 44 57 70
 29 39 40 43 44 57 68 69
 28 45 58
 28 45 57 58
 28 45 57 58 72
 28 45 57 58 70 71
 28 45 56 57 58
 28 43 44 58
 28 43 44 57 58 72
 28 43 44 57 58 70 71
 28 43 44 56 57 58
 28 43 44 45 57 58
 28 41 53
 28 41 51 52
 28 39 40 53
 28 39 40 51 52
 28 31 45 58
 28 31 43 44 58
 26 41 72
 26 41 70 71
 26 41 68 72
 26 41 68 70 71
 26 41 53 72
 26 41 53 70 71
 26 41 51 52 72
 26 41 51 52 70 71
 26 41 45
 26 41 45 68
 26 41 45 53
 26 41 45 51 52
 26 39 40 72
 26 39 40 70 71
 26 39 40 68 72
 26 39 40 68 70 71
 26 39 40 53 72
 26 39 40 53 70 71
 26 39 40 51 52 72
 26 39 40 51 52 70 71
 26 39 40 45
 26 39 40 45 68
 26 39 40 45 53
 26 39 40 45 51 52
 26 28 41
 26 28 39 40
 26 27 45 58
 26 27 45 57 58
 26 27 45 57 58 72
 26 27 45 57 58 70 71
 26 27 45 56 57 58
 26 27 43 44 58
 26 27 43 44 57 58 72
 26 27 43 44 57 58 70 71
 26 27 43 44 56 57 58
 26 27 43 44 45 57 58
 26 27 41
 26 27 41 53
 26 27 41 51 52
 26 27 39 40
 26 27 39 40 53
 26 27 39 40 51 52
 26 27 31 45 58
 26 27 31 43 44 58
 24 41 58 72
 24 41 58 70 71
 24 41 45 58
 24 39 40 58 72
 24 39 40 58 70 71
 24 39 40 45 58
 24 25 41 53 72
 24 25 41 53 70 71
 24 25 41 51 52 72
 24 25 41 51 52 70 71
 24 25 41 45 53
 24 25 41 45 51 52
 24 25 39 40 53 72
 24 25 39 40 53 70 71
 24 25 39 40 51 52 72
 24 25 39 40 51 52 70 71
 24 25 39 40 45 53
 24 25 39 40 45 51 52
 24 25 26 41 72
 24 25 26 41 70 71
 24 25 26 41 45
 24 25 26 39 40 72
 24 25 26 39 40 70 71
 24 25 26 39 40 45
 18 58
 18 56 58
 18 43 58 64 72
 18 43 58 64 70 71
 18 43 56 57
 18 43 56 57 70
 18 43 56 57 68 69
 18 43 56 57 64 72
 18 43 56 57 64 70 71
 18 43 55 58 72
 18 43 55 58 70 71
 18 43 55 56 57 72
 18 43 55 56 57 70 71
 18 43 54 55 57
 18 43 54 55 57 70
 18 43 54 55 57 68 69
 18 43 45 58 64
 18 43 45 56 57 64
 18 43 45 55 58
 18 43 45 55 56 57
 18 41 58 64 72
 18 41 58 64 70 71
 18 41 57 60 72
 18 41 57 60 70 71
 18 41 57 58 60 72 74
 18 41 57 58 60 72 73
 18 41 57 58 60 70 71 74
 18 41 57 58 60 70 71 72 73
 18 41 56 57 70
 18 41 56 57 68 69
 18 41 56 57 64 72
 18 41 56 57 64 70 71
 18 41 55 58 72
 18 41 55 58 70 71
 18 41 55 56 57 72
 18 41 55 56 57 70 71
 18 41 54 55 57 70
 18 41 54 55 57 68 69
 18 41 47 57 58 60 72
 18 41 47 57 58 60 70 71
 18 41 45 58 64
 18 41 45 57 60
 18 41 45 57 58 60 74
 18 41 45 57 58 60 72 73
 18 41 45 56 57 64
 18 41 45 55 58
 18 41 45 55 56 57
 18 41 45 47 57 58 60
 18 41 43 56 57
 18 41 43 54 55 57
 18 41 42 58 64 72
 18 41 42 58 64 70 71
 18 41 42 56 57 70
 18 41 42 56 57 68 69
 18 41 42 56 57 64 72
 18 41 42 56 57 64 70 71
 18 41 42 55 58 72
 18 41 42 55 58 70 71
 18 41 42 55 56 57 72
 18 41 42 55 56 57 70 71
 18 41 42 54 55 57 70
 18 41 42 54 55 57 68 69
 18 41 42 45 58 64
 18 41 42 45 56 57 64
 18 41 42 45 55 58
 18 41 42 45 55 56 57
 18 41 42 43 56 57
 18 41 42 43 54 55 57
 18 39 40 58 64 72
 18 39 40 58 64 70 71
 18 39 40 57 60 72
 18 39 40 57 60 70 71
 18 39 40 57 58 60 72 74
 18 39 40 57 58 60 72 73
 18 39 40 57 58 60 70 71 74
 18 39 40 57 58 60 70 71 72 73
 18 39 40 56 57 70
 18 39 40 56 57 68 69
 18 39 40 56 57 64 72
 18 39 40 56 57 64 70 71
 18 39 40 55 58 72
 18 39 40 55 58 70 71
 18 39 40 55 56 57 72
 18 39 40 55 56 57 70 71
 18 39 40 54 55 57 70
 18 39 40 54 55 57 68 69
 18 39 40 47 57 58 60 72
 18 39 40 47 57 58 60 70 71
 18 39 40 45 58 64
 18 39 40 45 57 60
 18 39 40 45 57 58 60 74
 18 39 40 45 57 58 60 72 73
 18 39 40 45 56 57 64
 18 39 40 45 55 58
 18 39 40 45 55 56 57
 18 39 40 45 47 57 58 60
 18 39 40 43 56 57
 18 39 40 43 54 55 57
 18 31 58
 18 31 56 58
 18 31 43 64 72
 18 31 43 64 70 71
 18 31 43 55 72
 18 31 43 55 70 71
 18 31 43 45 64
 18 31 43 45 55
 18 31 41 64 72
 18 31 41 64 70 71
 18 31 41 55 72
 18 31 41 55 70 71
 18 31 41 45 64
 18 31 41 45 55
 18 31 41 42 64 72
 18 31 41 42 64 70 71
 18 31 41 42 55 72
 18 31 41 42 55 70 71
 18 31 41 42 45 64
 18 31 41 42 45 55
 18 31 39 40 64 72
 18 31 39 40 64 70 71
 18 31 39 40 55 72
 18 31 39 40 55 70 71
 18 31 39 40 45 64
 18 31 39 40 45 55
 18 29 43 57
 18 29 43 57 70
 18 29 43 57 68 69
 18 29 41 57 70
 18 29 41 57 68 69
 18 29 41 43 57
 18 29 41 42 57 70
 18 29 41 42 57 68 69
 18 29 41 42 43 57
 18 29 39 40 57 70
 18 29 39 40 57 68 69
 18 29 39 40 43 57
 18 28 58
 18 28 57 58 72
 18 28 57 58 70 71
 18 28 56 57 58
 18 28 45 57 58
 18 28 31 58
 18 26 27 58
 18 26 27 57 58 72
 18 26 27 57 58 70 71
 18 26 27 56 57 58
 18 26 27 45 57 58
 18 26 27 31 58
 16 62 70 72
 16 62 70 71
 16 62 68 69 72
 16 62 68 69 70 71
 16 45 62 70
 16 45 62 68 69
 16 45 58 64
 16 45 58 64 72
 16 45 58 64 70 71
 16 45 56 57 70
 16 45 56 57 68 69
 16 45 56 57 64
 16 45 56 57 64 72
 16 45 56 57 64 70 71
 16 45 55 58
 16 45 55 58 72
 16 45 55 58 70 71
 16 45 55 56 57
 16 45 55 56 57 72
 16 45 55 56 57 70 71
 16 45 54 55 57 70
 16 45 54 55 57 68 69
 16 43 62 72
 16 43 62 70 71
 16 43 45 62
 16 43 45 56 57
 16 43 45 54 55 57
 16 43 44 58 64 72
 16 43 44 58 64 70 71
 16 43 44 56 57
 16 43 44 56 57 70
 16 43 44 56 57 68 69
 16 43 44 56 57 64 72
 16 43 44 56 57 64 70 71
 16 43 44 55 58 72
 16 43 44 55 58 70 71
 16 43 44 55 56 57 72
 16 43 44 55 56 57 70 71
 16 43 44 54 55 57
 16 43 44 54 55 57 70
 16 43 44 54 55 57 68 69
 16 43 44 45 58 64
 16 43 44 45 56 57 64
 16 43 44 45 55 58
 16 43 44 45 55 56 57
 16 37 60 72 74
 16 37 60 72 73
 16 37 60 70 71 74
 16 37 60 70 71 72 73
 16 37 47 60 72
 16 37 47 60 70 71
 16 37 45 60 74
 16 37 45 60 72 73
 16 37 45 47 60
 16 31 45 64
 16 31 45 64 72
 16 31 45 64 70 71
 16 31 45 55
 16 31 45 55 72
 16 31 45 55 70 71
 16 31 43 44 64 72
 16 31 43 44 64 70 71
 16 31 43 44 55 72
 16 31 43 44 55 70 71
 16 31 43 44 45 64
 16 31 43 44 45 55
 16 29 45 57 70
 16 29 45 57 68 69
 16 29 43 45 57
 16 29 43 44 57
 16 29 43 44 57 70
 16 29 43 44 57 68 69
 16 18 58 64 72
 16 18 58 64 70 71
 16 18 56 57 70
 16 18 56 57 68 69
 16 18 56 57 64 72
 16 18 56 57 64 70 71
 16 18 55 58 72
 16 18 55 58 70 71
 16 18 55 56 57 72
 16 18 55 56 57 70 71
 16 18 54 55 57 70
 16 18 54 55 57 68 69
 16 18 45 58 64
 16 18 45 56 57 64
 16 18 45 55 58
 16 18 45 55 56 57
 16 18 43 56 57
 16 18 43 54 55 57
 16 18 31 64 72
 16 18 31 64 70 71
 16 18 31 55 72
 16 18 31 55 70 71
 16 18 31 45 64
 16 18 31 45 55
 16 18 29 57 70
 16 18 29 57 68 69
 16 18 29 43 57
 15 43 45 56
 15 43 45 56 70
 15 43 45 56 68 69
 15 43 45 54 55
 15 43 45 54 55 70
 15 43 45 54 55 68 69
 15 43 44 56
 15 43 44 56 70
 15 43 44 56 68 69
 15 43 44 54 55
 15 43 44 54 55 70
 15 43 44 54 55 68 69
 15 41 58 72
 15 41 58 70 71
 15 41 45 60
 15 41 45 60 72
 15 41 45 60 70 71
 15 41 45 58
 15 41 45 58 60 74
 15 41 45 58 60 72 74
 15 41 45 58 60 70 71 74
 15 41 45 58 60 70 71 72 73
 15 41 45 56 70
 15 41 45 56 68 69
 15 41 45 54 55 70
 15 41 45 54 55 68 69
 15 41 45 47 58 60
 15 41 45 47 58 60 72
 15 41 45 47 58 60 70 71
 15 41 43 45 56
 15 41 43 45 54 55
 15 41 43 44 60 72
 15 41 43 44 60 70 71
 15 41 43 44 58 60 72 74
 15 41 43 44 58 60 72 73
 15 41 43 44 58 60 70 71 74
 15 41 43 44 58 60 70 71 72 73
 15 41 43 44 56
 15 41 43 44 56 70
 15 41 43 44 56 68 69
 15 41 43 44 54 55
 15 41 43 44 54 55 70
 15 41 43 44 54 55 68 69
 15 41 43 44 47 58 60 72
 15 41 43 44 47 58 60 70 71
 15 41 43 44 45 60
 15 41 43 44 45 58 60 74
 15 41 43 44 45 58 60 72 73
 15 41 43 44 45 47 58 60
 15 41 42 45 56 70
 15 41 42 45 56 68 69
 15 41 42 45 54 55 70
 15 41 42 45 54 55 68 69
 15 41 42 43 45 56
 15 41 42 43 45 54 55
 15 41 42 43 44 56
 15 41 42 43 44 56 70
 15 41 42 43 44 56 68 69
 15 41 42 43 44 54 55
 15 41 42 43 44 54 55 70
 15 41 42 43 44 54 55 68 69
 15 39 40 58 72
 15 39 40 58 70 71
 15 39 40 45 60
 15 39 40 45 60 72
 15 39 40 45 60 70 71
 15 39 40 45 58
 15 39 40 45 58 60 74
 15 39 40 45 58 60 72 74
 15 39 40 45 58 60 70 71 74
 15 39 40 45 58 60 70 71 72 73
 15 39 40 45 56 70
 15 39 40 45 56 68 69
 15 39 40 45 54 55 70
 15 39 40 45 54 55 68 69
 15 39 40 45 47 58 60
 15 39 40 45 47 58 60 72
 15 39 40 45 47 58 60 70 71
 15 39 40 43 45 56
 15 39 40 43 45 54 55
 15 39 40 43 44 60 72
 15 39 40 43 44 60 70 71
 15 39 40 43 44 58 60 72 74
 15 39 40 43 44 58 60 72 73
 15 39 40 43 44 58 60 70 71 74
 15 39 40 43 44 58 60 70 71 72 73
 15 39 40 43 44 56
 15 39 40 43 44 56 70
 15 39 40 43 44 56 68 69
 15 39 40 43 44 54 55
 15 39 40 43 44 54 55 70
 15 39 40 43 44 54 55 68 69
 15 39 40 43 44 47 58 60 72
 15 39 40 43 44 47 58 60 70 71
 15 39 40 43 44 45 60
 15 39 40 43 44 45 58 60 74
 15 39 40 43 44 45 58 60 72 73
 15 39 40 43 44 45 47 58 60
 15 37 41 58 70 72
 15 37 41 58 70 71
 15 37 41 58 68 69 72
 15 37 41 58 68 69 70 71
 15 37 41 45 58 70
 15 37 41 45 58 68 69
 15 37 41 43 58 72
 15 37 41 43 58 70 71
 15 37 41 43 45 58
 15 37 39 40 58 70 72
 15 37 39 40 58 70 71
 15 37 39 40 58 68 69 72
 15 37 39 40 58 68 69 70 71
 15 37 39 40 45 58 70
 15 37 39 40 45 58 68 69
 15 37 39 40 43 58 72
 15 37 39 40 43 58 70 71
 15 37 39 40 43 45 58
 15 29 43 45
 15 29 43 45 70
 15 29 43 45 68 69
 15 29 43 44
 15 29 43 44 70
 15 29 43 44 68 69
 15 29 41 45 70
 15 29 41 45 68 69
 15 29 41 43 45
 15 29 41 43 44
 15 29 41 43 44 70
 15 29 41 43 44 68 69
 15 29 41 42 45 70
 15 29 41 42 45 68 69
 15 29 41 42 43 45
 15 29 41 42 43 44
 15 29 41 42 43 44 70
 15 29 41 42 43 44 68 69
 15 29 39 40 45 70
 15 29 39 40 45 68 69
 15 29 39 40 43 45
 15 29 39 40 43 44
 15 29 39 40 43 44 70
 15 29 39 40 43 44 68 69
 15 28 45 58
 15 28 45 58 72
 15 28 45 58 70 71
 15 28 43 44 58 72
 15 28 43 44 58 70 71
 15 28 43 44 45 58
 15 26 27 45 58
 15 26 27 45 58 72
 15 26 27 45 58 70 71
 15 26 27 43 44 58 72
 15 26 27 43 44 58 70 71
 15 26 27 43 44 45 58
 15 18 43 56
 15 18 43 56 70
 15 18 43 56 68 69
 15 18 43 54 55
 15 18 43 54 55 70
 15 18 43 54 55 68 69
 15 18 41 60 72
 15 18 41 60 70 71
 15 18 41 58 60 72 74
 15 18 41 58 60 72 73
 15 18 41 58 60 70 71 74
 15 18 41 58 60 70 71 72 73
 15 18 41 56 70
 15 18 41 56 68 69
 15 18 41 54 55 70
 15 18 41 54 55 68 69
 15 18 41 47 58 60 72
 15 18 41 47 58 60 70 71
 15 18 41 45 60
 15 18 41 45 58 60 74
 15 18 41 45 58 60 72 73
 15 18 41 45 47 58 60
 15 18 41 43 56
 15 18 41 43 54 55
 15 18 41 42 56 70
 15 18 41 42 56 68 69
 15 18 41 42 54 55 70
 15 18 41 42 54 55 68 69
 15 18 41 42 43 56
 15 18 41 42 43 54 55
 15 18 39 40 60 72
 15 18 39 40 60 70 71
 15 18 39 40 58 60 72 74
 15 18 39 40 58 60 72 73
 15 18 39 40 58 60 70 71 74
 15 18 39 40 58 60 70 71 72 73
 15 18 39 40 56 70
 15 18 39 40 56 68 69
 15 18 39 40 54 55 70
 15 18 39 40 54 55 68 69
 15 18 39 40 47 58 60 72
 15 18 39 40 47 58 60 70 71
 15 18 39 40 45 60
 15 18 39 40 45 58 60 74
 15 18 39 40 45 58 60 72 73
 15 18 39 40 45 47 58 60
 15 18 39 40 43 56
 15 18 39 40 43 54 55
 15 18 29 43
 15 18 29 43 70
 15 18 29 43 68 69
 15 18 29 41 70
 15 18 29 41 68 69
 15 18 29 41 43
 15 18 29 41 42 70
 15 18 29 41 42 68 69
 15 18 29 41 42 43
 15 18 29 39 40 70
 15 18 29 39 40 68 69
 15 18 29 39 40 43
 15 18 28 58 72
 15 18 28 58 70 71
 15 18 28 45 58
 15 18 26 27 58 72
 15 18 26 27 58 70 71
 15 18 26 27 45 58
 15 16 45 56 70
 15 16 45 56 68 69
 15 16 45 54 55 70
 15 16 45 54 55 68 69
 15 16 43 45 56
 15 16 43 45 54 55
 15 16 43 44 56
 15 16 43 44 56 70
 15 16 43 44 56 68 69
 15 16 43 44 54 55
 15 16 43 44 54 55 70
 15 16 43 44 54 55 68 69
 15 16 29 45 70
 15 16 29 45 68 69
 15 16 29 43 45
 15 16 29 43 44
 15 16 29 43 44 70
 15 16 29 43 44 68 69
 15 16 18 56 70
 15 16 18 56 68 69
 15 16 18 54 55 70
 15 16 18 54 55 68 69
 15 16 18 43 56
 15 16 18 43 54 55
 15 16 18 29 70
 15 16 18 29 68 69
 15 16 18 29 43
 14 58 72
 14 58 70
 14 58 70 71
 14 58 68 69
 14 57 58 72
 14 57 58 70 71
 14 53 68 72
 14 53 68 70 71
 14 51 58 72
 14 51 58 70 71
 14 51 52 68 72
 14 51 52 68 70 71
 14 49 50 58 72
 14 49 50 58 70 71
 14 45 58
 14 45 58 64
 14 45 58 64 72
 14 45 58 64 70 71
 14 45 57 60
 14 45 57 60 72
 14 45 57 60 70 71
 14 45 57 58
 14 45 57 58 60 74
 14 45 57 58 60 72 74
 14 45 57 58 60 70 71 74
 14 45 57 58 60 70 71 72 73
 14 45 56 57 70
 14 45 56 57 68 69
 14 45 56 57 64
 14 45 56 57 64 72
 14 45 56 57 64 70 71
 14 45 55 58
 14 45 55 58 72
 14 45 55 58 70 71
 14 45 55 56 57
 14 45 55 56 57 72
 14 45 55 56 57 70 71
 14 45 54 55 57 70
 14 45 54 55 57 68 69
 14 45 53 68
 14 45 51 58
 14 45 51 52 68
 14 45 49 50 58
 14 45 47 57 58 60
 14 45 47 57 58 60 72
 14 45 47 57 58 60 70 71
 14 43 58
 14 43 45 56 57
 14 43 45 54 55 57
 14 43 44 58 64 72
 14 43 44 58 64 70 71
 14 43 44 57 60 72
 14 43 44 57 60 70 71
 14 43 44 57 58 60 72 74
 14 43 44 57 58 60 72 73
 14 43 44 57 58 60 70 71 74
 14 43 44 57 58 60 70 71 72 73
 14 43 44 56 57
 14 43 44 56 57 70
 14 43 44 56 57 68 69
 14 43 44 56 57 64 72
 14 43 44 56 57 64 70 71
 14 43 44 55 58 72
 14 43 44 55 58 70 71
 14 43 44 55 56 57 72
 14 43 44 55 56 57 70 71
 14 43 44 54 55 57
 14 43 44 54 55 57 70
 14 43 44 54 55 57 68 69
 14 43 44 47 57 58 60 72
 14 43 44 47 57 58 60 70 71
 14 43 44 45 58 64
 14 43 44 45 57 60
 14 43 44 45 57 58 60 74
 14 43 44 45 57 58 60 72 73
 14 43 44 45 56 57 64
 14 43 44 45 55 58
 14 43 44 45 55 56 57
 14 43 44 45 47 57 58 60
 14 37 60 72 76
 14 37 60 72 74
 14 37 60 72 74 75
 14 37 60 72 73
 14 37 60 70 71 76
 14 37 60 70 71 74
 14 37 60 70 71 74 75
 14 37 60 70 71 72 73
 14 37 58 60 72
 14 37 58 60 70 71
 14 37 57 58 70 72
 14 37 57 58 70 71
 14 37 57 58 68 69 72
 14 37 57 58 68 69 70 71
 14 37 49 60 72
 14 37 49 60 70 71
 14 37 47 60 72
 14 37 47 60 70 71
 14 37 45 60 76
 14 37 45 60 74
 14 37 45 60 74 75
 14 37 45 60 72 73
 14 37 45 58 60
 14 37 45 57 58 70
 14 37 45 57 58 68 69
 14 37 45 49 60
 14 37 45 47 60
 14 37 43 57 58 72
 14 37 43 57 58 70 71
 14 37 43 45 57 58
 14 31 45 64
 14 31 45 64 72
 14 31 45 64 70 71
 14 31 45 55
 14 31 45 55 72
 14 31 45 55 70 71
 14 31 43 44 64 72
 14 31 43 44 64 70 71
 14 31 43 44 55 72
 14 31 43 44 55 70 71
 14 31 43 44 45 64
 14 31 43 44 45 55
 14 29 45 57 70
 14 29 45 57 68 69
 14 29 43 45 57
 14 29 43 44 57
 14 29 43 44 57 70
 14 29 43 44 57 68 69
 14 28 53
 14 28 51 52
 14 26 72
 14 26 70 71
 14 26 68 72
 14 26 68 70 71
 14 26 53 72
 14 26 53 70 71
 14 26 51 52 72
 14 26 51 52 70 71
 14 26 45
 14 26 45 68
 14 26 45 53
 14 26 45 51 52
 14 26 28
 14 26 27
 14 26 27 53
 14 26 27 51 52
 14 24 58 72
 14 24 58 70 71
 14 24 45 58
 14 24 25 53 72
 14 24 25 53 70 71
 14 24 25 51 52 72
 14 24 25 51 52 70 71
 14 24 25 45 53
 14 24 25 45 51 52
 14 24 25 26 72
 14 24 25 26 70 71
 14 24 25 26 45
 14 18 58 64 72
 14 18 58 64 70 71
 14 18 57 60 72
 14 18 57 60 70 71
 14 18 57 58 60 72 74
 14 18 57 58 60 72 73
 14 18 57 58 60 70 71 74
 14 18 57 58 60 70 71 72 73
 14 18 56 57 70
 14 18 56 57 68 69
 14 18 56 57 64 72
 14 18 56 57 64 70 71
 14 18 55 58 72
 14 18 55 58 70 71
 14 18 55 56 57 72
 14 18 55 56 57 70 71
 14 18 54 55 57 70
 14 18 54 55 57 68 69
 14 18 47 57 58 60 72
 14 18 47 57 58 60 70 71
 14 18 45 58 64
 14 18 45 57 60
 14 18 45 57 58 60 74
 14 18 45 57 58 60 72 73
 14 18 45 56 57 64
 14 18 45 55 58
 14 18 45 55 56 57
 14 18 45 47 57 58 60
 14 18 43 56 57
 14 18 43 54 55 57
 14 18 31 64 72
 14 18 31 64 70 71
 14 18 31 55 72
 14 18 31 55 70 71
 14 18 31 45 64
 14 18 31 45 55
 14 18 29 57 70
 14 18 29 57 68 69
 14 18 29 43 57
 14 15 58 72
 14 15 58 70 71
 14 15 45 60
 14 15 45 60 72
 14 15 45 60 70 71
 14 15 45 58
 14 15 45 58 60 74
 14 15 45 58 60 72 74
 14 15 45 58 60 70 71 74
 14 15 45 58 60 70 71 72 73
 14 15 45 56 70
 14 15 45 56 68 69
 14 15 45 54 55 70
 14 15 45 54 55 68 69
 14 15 45 47 58 60
 14 15 45 47 58 60 72
 14 15 45 47 58 60 70 71
 14 15 43 45 56
 14 15 43 45 54 55
 14 15 43 44 60 72
 14 15 43 44 60 70 71
 14 15 43 44 58 60 72 74
 14 15 43 44 58 60 72 73
 14 15 43 44 58 60 70 71 74
 14 15 43 44 58 60 70 71 72 73
 14 15 43 44 56
 14 15 43 44 56 70
 14 15 43 44 56 68 69
 14 15 43 44 54 55
 14 15 43 44 54 55 70
 14 15 43 44 54 55 68 69
 14 15 43 44 47 58 60 72
 14 15 43 44 47 58 60 70 71
 14 15 43 44 45 60
 14 15 43 44 45 58 60 74
 14 15 43 44 45 58 60 72 73
 14 15 43 44 45 47 58 60
 14 15 37 58 70 72
 14 15 37 58 70 71
 14 15 37 58 68 69 72
 14 15 37 58 68 69 70 71
 14 15 37 45 58 70
 14 15 37 45 58 68 69
 14 15 37 43 58 72
 14 15 37 43 58 70 71
 14 15 37 43 45 58
 14 15 29 45 70
 14 15 29 45 68 69
 14 15 29 43 45
 14 15 29 43 44
 14 15 29 43 44 70
 14 15 29 43 44 68 69
 14 15 18 60 72
 14 15 18 60 70 71
 14 15 18 58 60 72 74
 14 15 18 58 60 72 73
 14 15 18 58 60 70 71 74
 14 15 18 58 60 70 71 72 73
 14 15 18 56 70
 14 15 18 56 68 69
 14 15 18 54 55 70
 14 15 18 54 55 68 69
 14 15 18 47 58 60 72
 14 15 18 47 58 60 70 71
 14 15 18 45 60
 14 15 18 45 58 60 74
 14 15 18 45 58 60 72 73
 14 15 18 45 47 58 60
 14 15 18 43 56
 14 15 18 43 54 55
 14 15 18 29 70
 14 15 18 29 68 69
 14 15 18 29 43
 13 43 45 58
 13 43 45 58 72
 13 43 45 58 70 71
 13 43 45 56 57
 13 43 45 56 57 72
 13 43 45 56 57 70 71
 13 43 44 58 72
 13 43 44 58 70 71
 13 43 44 56 57 72
 13 43 44 56 57 70 71
 13 43 44 45 58
 13 43 44 45 56 57
 13 41 45 58
 13 41 45 58 72
 13 41 45 58 70 71
 13 41 45 56 57
 13 41 45 56 57 72
 13 41 45 56 57 70 71
 13 41 43 44 58 72
 13 41 43 44 58 70 71
 13 41 43 44 56 57 72
 13 41 43 44 56 57 70 71
 13 41 43 44 45 58
 13 41 43 44 45 56 57
 13 41 42 45 58
 13 41 42 45 58 72
 13 41 42 45 58 70 71
 13 41 42 45 56 57
 13 41 42 45 56 57 72
 13 41 42 45 56 57 70 71
 13 41 42 43 44 58 72
 13 41 42 43 44 58 70 71
 13 41 42 43 44 56 57 72
 13 41 42 43 44 56 57 70 71
 13 41 42 43 44 45 58
 13 41 42 43 44 45 56 57
 13 39 40 45 58
 13 39 40 45 58 72
 13 39 40 45 58 70 71
 13 39 40 45 56 57
 13 39 40 45 56 57 72
 13 39 40 45 56 57 70 71
 13 39 40 43 44 58 72
 13 39 40 43 44 58 70 71
 13 39 40 43 44 56 57 72
 13 39 40 43 44 56 57 70 71
 13 39 40 43 44 45 58
 13 39 40 43 44 45 56 57
 13 31 43 45
 13 31 43 45 72
 13 31 43 45 70 71
 13 31 43 44 72
 13 31 43 44 70 71
 13 31 43 44 45
 13 31 41 45
 13 31 41 45 72
 13 31 41 45 70 71
 13 31 41 43 44 72
 13 31 41 43 44 70 71
 13 31 41 43 44 45
 13 31 41 42 45
 13 31 41 42 45 72
 13 31 41 42 45 70 71
 13 31 41 42 43 44 72
 13 31 41 42 43 44 70 71
 13 31 41 42 43 44 45
 13 31 39 40 45
 13 31 39 40 45 72
 13 31 39 40 45 70 71
 13 31 39 40 43 44 72
 13 31 39 40 43 44 70 71
 13 31 39 40 43 44 45
 13 18 43 58 72
 13 18 43 58 70 71
 13 18 43 56 57 72
 13 18 43 56 57 70 71
 13 18 43 45 58
 13 18 43 45 56 57
 13 18 41 58 72
 13 18 41 58 70 71
 13 18 41 56 57 72
 13 18 41 56 57 70 71
 13 18 41 45 58
 13 18 41 45 56 57
 13 18 41 42 58 72
 13 18 41 42 58 70 71
 13 18 41 42 56 57 72
 13 18 41 42 56 57 70 71
 13 18 41 42 45 58
 13 18 41 42 45 56 57
 13 18 39 40 58 72
 13 18 39 40 58 70 71
 13 18 39 40 56 57 72
 13 18 39 40 56 57 70 71
 13 18 39 40 45 58
 13 18 39 40 45 56 57
 13 18 31 43 72
 13 18 31 43 70 71
 13 18 31 43 45
 13 18 31 41 72
 13 18 31 41 70 71
 13 18 31 41 45
 13 18 31 41 42 72
 13 18 31 41 42 70 71
 13 18 31 41 42 45
 13 18 31 39 40 72
 13 18 31 39 40 70 71
 13 18 31 39 40 45
 13 16 45 58
 13 16 45 58 72
 13 16 45 58 70 71
 13 16 45 56 57
 13 16 45 56 57 72
 13 16 45 56 57 70 71
 13 16 43 44 58 72
 13 16 43 44 58 70 71
 13 16 43 44 56 57 72
 13 16 43 44 56 57 70 71
 13 16 43 44 45 58
 13 16 43 44 45 56 57
 13 16 31 45
 13 16 31 45 72
 13 16 31 45 70 71
 13 16 31 43 44 72
 13 16 31 43 44 70 71
 13 16 31 43 44 45
 13 16 18 58 72
 13 16 18 58 70 71
 13 16 18 56 57 72
 13 16 18 56 57 70 71
 13 16 18 45 58
 13 16 18 45 56 57
 13 16 18 31 72
 13 16 18 31 70 71
 13 16 18 31 45
 13 14 58 72
 13 14 58 70 71
 13 14 45 60
 13 14 45 60 72
 13 14 45 60 70 71
 13 14 45 58 72
 13 14 45 58 70 71
 13 14 45 58 60 74
 13 14 45 58 60 72 74
 13 14 45 58 60 70 71 74
 13 14 45 58 60 70 71 72 73
 13 14 45 56 70
 13 14 45 56 68 69
 13 14 45 56 57
 13 14 45 56 57 72
 13 14 45 56 57 70 71
 13 14 45 54 55 70
 13 14 45 54 55 68 69
 13 14 45 47 58 60
 13 14 45 47 58 60 72
 13 14 45 47 58 60 70 71
 13 14 43 45 56 70
 13 14 43 45 56 68 69
 13 14 43 45 54 55 70
 13 14 43 45 54 55 68 69
 13 14 43 44 60 72
 13 14 43 44 60 70 71
 13 14 43 44 58 72
 13 14 43 44 58 70 71
 13 14 43 44 58 60 72 74
 13 14 43 44 58 60 72 73
 13 14 43 44 58 60 70 71 74
 13 14 43 44 58 60 70 71 72 73
 13 14 43 44 56 57 72
 13 14 43 44 56 57 70 71
 13 14 43 44 47 58 60 72
 13 14 43 44 47 58 60 70 71
 13 14 43 44 45 60
 13 14 43 44 45 58
 13 14 43 44 45 58 60 74
 13 14 43 44 45 58 60 72 73
 13 14 43 44 45 56 57
 13 14 43 44 45 47 58 60
 13 14 41 58 72
 13 14 41 58 70 71
 13 14 41 45 60
 13 14 41 45 60 72
 13 14 41 45 60 70 71
 13 14 41 45 58
 13 14 41 45 58 60 74
 13 14 41 45 58 60 72 74
 13 14 41 45 58 60 70 71 74
 13 14 41 45 58 60 70 71 72 73
 13 14 41 45 56 70
 13 14 41 45 56 68 69
 13 14 41 45 54 55 70
 13 14 41 45 54 55 68 69
 13 14 41 45 47 58 60
 13 14 41 45 47 58 60 72
 13 14 41 45 47 58 60 70 71
 13 14 41 43 45 56
 13 14 41 43 45 54 55
 13 14 41 43 44 60 72
 13 14 41 43 44 60 70 71
 13 14 41 43 44 58 60 72 74
 13 14 41 43 44 58 60 72 73
 13 14 41 43 44 58 60 70 71 74
 13 14 41 43 44 58 60 70 71 72 73
 13 14 41 43 44 56
 13 14 41 43 44 56 70
 13 14 41 43 44 56 68 69
 13 14 41 43 44 54 55
 13 14 41 43 44 54 55 70
 13 14 41 43 44 54 55 68 69
 13 14 41 43 44 47 58 60 72
 13 14 41 43 44 47 58 60 70 71
 13 14 41 43 44 45 60
 13 14 41 43 44 45 58 60 74
 13 14 41 43 44 45 58 60 72 73
 13 14 41 43 44 45 47 58 60
 13 14 41 42 45 56 70
 13 14 41 42 45 56 68 69
 13 14 41 42 45 54 55 70
 13 14 41 42 45 54 55 68 69
 13 14 41 42 43 45 56
 13 14 41 42 43 45 54 55
 13 14 41 42 43 44 56
 13 14 41 42 43 44 56 70
 13 14 41 42 43 44 56 68 69
 13 14 41 42 43 44 54 55
 13 14 41 42 43 44 54 55 70
 13 14 41 42 43 44 54 55 68 69
 13 14 39 40 58 72
 13 14 39 40 58 70 71
 13 14 39 40 45 60
 13 14 39 40 45 60 72
 13 14 39 40 45 60 70 71
 13 14 39 40 45 58
 13 14 39 40 45 58 60 74
 13 14 39 40 45 58 60 72 74
 13 14 39 40 45 58 60 70 71 74
 13 14 39 40 45 58 60 70 71 72 73
 13 14 39 40 45 56 70
 13 14 39 40 45 56 68 69
 13 14 39 40 45 54 55 70
 13 14 39 40 45 54 55 68 69
 13 14 39 40 45 47 58 60
 13 14 39 40 45 47 58 60 72
 13 14 39 40 45 47 58 60 70 71
 13 14 39 40 43 45 56
 13 14 39 40 43 45 54 55
 13 14 39 40 43 44 60 72
 13 14 39 40 43 44 60 70 71
 13 14 39 40 43 44 58 60 72 74
 13 14 39 40 43 44 58 60 72 73
 13 14 39 40 43 44 58 60 70 71 74
 13 14 39 40 43 44 58 60 70 71 72 73
 13 14 39 40 43 44 56
 13 14 39 40 43 44 56 70
 13 14 39 40 43 44 56 68 69
 13 14 39 40 43 44 54 55
 13 14 39 40 43 44 54 55 70
 13 14 39 40 43 44 54 55 68 69
 13 14 39 40 43 44 47 58 60 72
 13 14 39 40 43 44 47 58 60 70 71
 13 14 39 40 43 44 45 60
 13 14 39 40 43 44 45 58 60 74
 13 14 39 40 43 44 45 58 60 72 73
 13 14 39 40 43 44 45 47 58 60
 13 14 37 58 70 72
 13 14 37 58 70 71
 13 14 37 58 68 69 72
 13 14 37 58 68 69 70 71
 13 14 37 45 58 70
 13 14 37 45 58 68 69
 13 14 37 43 58 72
 13 14 37 43 58 70 71
 13 14 37 43 45 58
 13 14 37 41 58 70 72
 13 14 37 41 58 70 71
 13 14 37 41 58 68 69 72
 13 14 37 41 58 68 69 70 71
 13 14 37 41 45 58 70
 13 14 37 41 45 58 68 69
 13 14 37 41 43 58 72
 13 14 37 41 43 58 70 71
 13 14 37 41 43 45 58
 13 14 37 39 40 58 70 72
 13 14 37 39 40 58 70 71
 13 14 37 39 40 58 68 69 72
 13 14 37 39 40 58 68 69 70 71
 13 14 37 39 40 45 58 70
 13 14 37 39 40 45 58 68 69
 13 14 37 39 40 43 58 72
 13 14 37 39 40 43 58 70 71
 13 14 37 39 40 43 45 58
 13 14 31 45
 13 14 31 45 72
 13 14 31 45 70 71
 13 14 31 43 44 72
 13 14 31 43 44 70 71
 13 14 31 43 44 45
 13 14 29 45 70
 13 14 29 45 68 69
 13 14 29 43 45 70
 13 14 29 43 45 68 69
 13 14 29 41 45 70
 13 14 29 41 45 68 69
 13 14 29 41 43 45
 13 14 29 41 43 44
 13 14 29 41 43 44 70
 13 14 29 41 43 44 68 69
 13 14 29 41 42 45 70
 13 14 29 41 42 45 68 69
 13 14 29 41 42 43 45
 13 14 29 41 42 43 44
 13 14 29 41 42 43 44 70
 13 14 29 41 42 43 44 68 69
 13 14 29 39 40 45 70
 13 14 29 39 40 45 68 69
 13 14 29 39 40 43 45
 13 14 29 39 40 43 44
 13 14 29 39 40 43 44 70
 13 14 29 39 40 43 44 68 69
 13 14 28 45 58
 13 14 28 45 58 72
 13 14 28 45 58 70 71
 13 14 28 43 44 58 72
 13 14 28 43 44 58 70 71
 13 14 28 43 44 45 58
 13 14 26 27 45 58
 13 14 26 27 45 58 72
 13 14 26 27 45 58 70 71
 13 14 26 27 43 44 58 72
 13 14 26 27 43 44 58 70 71
 13 14 26 27 43 44 45 58
 13 14 18 60 72
 13 14 18 60 70 71
 13 14 18 58 72
 13 14 18 58 70 71
 13 14 18 58 60 72 74
 13 14 18 58 60 72 73
 13 14 18 58 60 70 71 74
 13 14 18 58 60 70 71 72 73
 13 14 18 56 70
 13 14 18 56 68 69
 13 14 18 56 57 72
 13 14 18 56 57 70 71
 13 14 18 54 55 70
 13 14 18 54 55 68 69
 13 14 18 47 58 60 72
 13 14 18 47 58 60 70 71
 13 14 18 45 60
 13 14 18 45 58
 13 14 18 45 58 60 74
 13 14 18 45 58 60 72 73
 13 14 18 45 56 57
 13 14 18 45 47 58 60
 13 14 18 43 56 70
 13 14 18 43 56 68 69
 13 14 18 43 54 55 70
 13 14 18 43 54 55 68 69
 13 14 18 41 60 72
 13 14 18 41 60 70 71
 13 14 18 41 58 60 72 74
 13 14 18 41 58 60 72 73
 13 14 18 41 58 60 70 71 74
 13 14 18 41 58 60 70 71 72 73
 13 14 18 41 56 70
 13 14 18 41 56 68 69
 13 14 18 41 54 55 70
 13 14 18 41 54 55 68 69
 13 14 18 41 47 58 60 72
 13 14 18 41 47 58 60 70 71
 13 14 18 41 45 60
 13 14 18 41 45 58 60 74
 13 14 18 41 45 58 60 72 73
 13 14 18 41 45 47 58 60
 13 14 18 41 43 56
 13 14 18 41 43 54 55
 13 14 18 41 42 56 70
 13 14 18 41 42 56 68 69
 13 14 18 41 42 54 55 70
 13 14 18 41 42 54 55 68 69
 13 14 18 41 42 43 56
 13 14 18 41 42 43 54 55
 13 14 18 39 40 60 72
 13 14 18 39 40 60 70 71
 13 14 18 39 40 58 60 72 74
 13 14 18 39 40 58 60 72 73
 13 14 18 39 40 58 60 70 71 74
 13 14 18 39 40 58 60 70 71 72 73
 13 14 18 39 40 56 70
 13 14 18 39 40 56 68 69
 13 14 18 39 40 54 55 70
 13 14 18 39 40 54 55 68 69
 13 14 18 39 40 47 58 60 72
 13 14 18 39 40 47 58 60 70 71
 13 14 18 39 40 45 60
 13 14 18 39 40 45 58 60 74
 13 14 18 39 40 45 58 60 72 73
 13 14 18 39 40 45 47 58 60
 13 14 18 39 40 43 56
 13 14 18 39 40 43 54 55
 13 14 18 31 72
 13 14 18 31 70 71
 13 14 18 31 45
 13 14 18 29 70
 13 14 18 29 68 69
 13 14 18 29 43 70
 13 14 18 29 43 68 69
 13 14 18 29 41 70
 13 14 18 29 41 68 69
 13 14 18 29 41 43
 13 14 18 29 41 42 70
 13 14 18 29 41 42 68 69
 13 14 18 29 41 42 43
 13 14 18 29 39 40 70
 13 14 18 29 39 40 68 69
 13 14 18 29 39 40 43
 13 14 18 28 58 72
 13 14 18 28 58 70 71
 13 14 18 28 45 58
 13 14 18 26 27 58 72
 13 14 18 26 27 58 70 71
 13 14 18 26 27 45 58
 13 14 16 45 56 70
 13 14 16 45 56 68 69
 13 14 16 45 54 55 70
 13 14 16 45 54 55 68 69
 13 14 16 43 45 56
 13 14 16 43 45 54 55
 13 14 16 43 44 56
 13 14 16 43 44 56 70
 13 14 16 43 44 56 68 69
 13 14 16 43 44 54 55
 13 14 16 43 44 54 55 70
 13 14 16 43 44 54 55 68 69
 13 14 16 29 45 70
 13 14 16 29 45 68 69
 13 14 16 29 43 45
 13 14 16 29 43 44
 13 14 16 29 43 44 70
 13 14 16 29 43 44 68 69
 13 14 16 18 56 70
 13 14 16 18 56 68 69
 13 14 16 18 54 55 70
 13 14 16 18 54 55 68 69
 13 14 16 18 43 56
 13 14 16 18 43 54 55
 13 14 16 18 29 70
 13 14 16 18 29 68 69
 13 14 16 18 29 43
 11 12 43 45 58
 11 12 43 45 58 72
 11 12 43 45 58 70 71
 11 12 43 45 56 57
 11 12 43 45 56 57 72
 11 12 43 45 56 57 70 71
 11 12 43 44 58 72
 11 12 43 44 58 70 71
 11 12 43 44 56 57 72
 11 12 43 44 56 57 70 71
 11 12 43 44 45 58
 11 12 43 44 45 56 57
 11 12 41 45 58
 11 12 41 45 58 72
 11 12 41 45 58 70 71
 11 12 41 45 56 57
 11 12 41 45 56 57 72
 11 12 41 45 56 57 70 71
 11 12 41 43 44 58 72
 11 12 41 43 44 58 70 71
 11 12 41 43 44 56 57 72
 11 12 41 43 44 56 57 70 71
 11 12 41 43 44 45 58
 11 12 41 43 44 45 56 57
 11 12 41 42 45 58
 11 12 41 42 45 58 72
 11 12 41 42 45 58 70 71
 11 12 41 42 45 56 57
 11 12 41 42 45 56 57 72
 11 12 41 42 45 56 57 70 71
 11 12 41 42 43 44 58 72
 11 12 41 42 43 44 58 70 71
 11 12 41 42 43 44 56 57 72
 11 12 41 42 43 44 56 57 70 71
 11 12 41 42 43 44 45 58
 11 12 41 42 43 44 45 56 57
 11 12 39 40 45 58
 11 12 39 40 45 58 72
 11 12 39 40 45 58 70 71
 11 12 39 40 45 56 57
 11 12 39 40 45 56 57 72
 11 12 39 40 45 56 57 70 71
 11 12 39 40 43 44 58 72
 11 12 39 40 43 44 58 70 71
 11 12 39 40 43 44 56 57 72
 11 12 39 40 43 44 56 57 70 71
 11 12 39 40 43 44 45 58
 11 12 39 40 43 44 45 56 57
 11 12 31 43 45
 11 12 31 43 45 72
 11 12 31 43 45 70 71
 11 12 31 43 44 72
 11 12 31 43 44 70 71
 11 12 31 43 44 45
 11 12 31 41 45
 11 12 31 41 45 72
 11 12 31 41 45 70 71
 11 12 31 41 43 44 72
 11 12 31 41 43 44 70 71
 11 12 31 41 43 44 45
 11 12 31 41 42 45
 11 12 31 41 42 45 72
 11 12 31 41 42 45 70 71
 11 12 31 41 42 43 44 72
 11 12 31 41 42 43 44 70 71
 11 12 31 41 42 43 44 45
 11 12 31 39 40 45
 11 12 31 39 40 45 72
 11 12 31 39 40 45 70 71
 11 12 31 39 40 43 44 72
 11 12 31 39 40 43 44 70 71
 11 12 31 39 40 43 44 45
 11 12 18 43 58 72
 11 12 18 43 58 70 71
 11 12 18 43 56 57 72
 11 12 18 43 56 57 70 71
 11 12 18 43 45 58
 11 12 18 43 45 56 57
 11 12 18 41 58 72
 11 12 18 41 58 70 71
 11 12 18 41 56 57 72
 11 12 18 41 56 57 70 71
 11 12 18 41 45 58
 11 12 18 41 45 56 57
 11 12 18 41 42 58 72
 11 12 18 41 42 58 70 71
 11 12 18 41 42 56 57 72
 11 12 18 41 42 56 57 70 71
 11 12 18 41 42 45 58
 11 12 18 41 42 45 56 57
 11 12 18 39 40 58 72
 11 12 18 39 40 58 70 71
 11 12 18 39 40 56 57 72
 11 12 18 39 40 56 57 70 71
 11 12 18 39 40 45 58
 11 12 18 39 40 45 56 57
 11 12 18 31 43 72
 11 12 18 31 43 70 71
 11 12 18 31 43 45
 11 12 18 31 41 72
 11 12 18 31 41 70 71
 11 12 18 31 41 45
 11 12 18 31 41 42 72
 11 12 18 31 41 42 70 71
 11 12 18 31 41 42 45
 11 12 18 31 39 40 72
 11 12 18 31 39 40 70 71
 11 12 18 31 39 40 45
 11 12 16 45 58
 11 12 16 45 58 72
 11 12 16 45 58 70 71
 11 12 16 45 56 57
 11 12 16 45 56 57 72
 11 12 16 45 56 57 70 71
 11 12 16 43 44 58 72
 11 12 16 43 44 58 70 71
 11 12 16 43 44 56 57 72
 11 12 16 43 44 56 57 70 71
 11 12 16 43 44 45 58
 11 12 16 43 44 45 56 57
 11 12 16 31 45
 11 12 16 31 45 72
 11 12 16 31 45 70 71
 11 12 16 31 43 44 72
 11 12 16 31 43 44 70 71
 11 12 16 31 43 44 45
 11 12 16 18 58 72
 11 12 16 18 58 70 71
 11 12 16 18 56 57 72
 11 12 16 18 56 57 70 71
 11 12 16 18 45 58
 11 12 16 18 45 56 57
 11 12 16 18 31 72
 11 12 16 18 31 70 71
 11 12 16 18 31 45
 11 12 14 45 58
 11 12 14 45 58 72
 11 12 14 45 58 70 71
 11 12 14 45 56 57
 11 12 14 45 56 57 72
 11 12 14 45 56 57 70 71
 11 12 14 43 44 58 72
 11 12 14 43 44 58 70 71
 11 12 14 43 44 56 57 72
 11 12 14 43 44 56 57 70 71
 11 12 14 43 44 45 58
 11 12 14 43 44 45 56 57
 11 12 14 31 45
 11 12 14 31 45 72
 11 12 14 31 45 70 71
 11 12 14 31 43 44 72
 11 12 14 31 43 44 70 71
 11 12 14 31 43 44 45
 11 12 14 18 58 72
 11 12 14 18 58 70 71
 11 12 14 18 56 57 72
 11 12 14 18 56 57 70 71
 11 12 14 18 45 58
 11 12 14 18 45 56 57
 11 12 14 18 31 72
 11 12 14 18 31 70 71
 11 12 14 18 31 45
 1 45 58
 1 45 57 58
 1 45 57 58 72
 1 45 57 58 70 71
 1 45 56 57 58
 1 43 44 58
 1 43 44 57 58 72
 1 43 44 57 58 70 71
 1 43 44 56 57 58
 1 43 44 45 57 58
 1 41 53
 1 41 51 52
 1 39 40 53
 1 39 40 51 52
 1 31 45 58
 1 31 43 44 58
 1 26 41
 1 26 39 40
 1 18 58
 1 18 57 58 72
 1 18 57 58 70 71
 1 18 56 57 58
 1 18 45 57 58
 1 18 31 58
 1 15 45 58
 1 15 45 58 72
 1 15 45 58 70 71
 1 15 43 44 58 72
 1 15 43 44 58 70 71
 1 15 43 44 45 58
 1 15 18 58 72
 1 15 18 58 70 71
 1 15 18 45 58
 1 14 53
 1 14 51 52
 1 14 26
 1 13 14 45 58
 1 13 14 45 58 72
 1 13 14 45 58 70 71
 1 13 14 43 44 58 72
 1 13 14 43 44 58 70 71
 1 13 14 43 44 45 58
 1 13 14 18 58 72
 1 13 14 18 58 70 71
 1 13 14 18 45 58
