 45 58
 45 56 57 58
 43 58 72
 43 58 70 71
 43 56 57 72
 43 56 57 70 71
 43 45 58
 43 45 56 57
 43 44 58
 43 44 56 57 58
 41 58 72
 41 58 70 71
 41 56 57 72
 41 56 57 70 71
 41 45 58
 41 45 56 57
 41 42 58 72
 41 42 58 70 71
 41 42 56 57 72
 41 42 56 57 70 71
 41 42 45 58
 41 42 45 56 57
 39 40 58 72
 39 40 58 70 71
 39 40 56 57 72
 39 40 56 57 70 71
 39 40 45 58
 39 40 45 56 57
 31 45 58
 31 43 72
 31 43 70 71
 31 43 45
 31 43 44 58
 31 41 72
 31 41 70 71
 31 41 45
 31 41 42 72
 31 41 42 70 71
 31 41 42 45
 31 39 40 72
 31 39 40 70 71
 31 39 40 45
 28 58 72
 28 58 70 71
 28 56 57 72
 28 56 57 70 71
 28 45 58
 28 45 56 57
 28 31 72
 28 31 70 71
 28 31 45
 26 27 58 72
 26 27 58 70 71
 26 27 56 57 72
 26 27 56 57 70 71
 26 27 45 58
 26 27 45 56 57
 26 27 31 72
 26 27 31 70 71
 26 27 31 45
 18 58
 18 56 57 58
 18 31 58
 16 58 72
 16 58 70 71
 16 56 57 72
 16 56 57 70 71
 16 45 58
 16 45 56 57
 16 31 72
 16 31 70 71
 16 31 45
 14 58 72
 14 58 70 71
 14 56 57 72
 14 56 57 70 71
 14 45 58
 14 45 56 57
 14 31 72
 14 31 70 71
 14 31 45
 1 58 72
 1 58 70 71
 1 56 57 72
 1 56 57 70 71
 1 45 58
 1 45 56 57
 1 31 72
 1 31 70 71
 1 31 45
