 56 60 72
 56 60 70
 56 60 70 71
 56 60 68 69
 54 55 56 60 70
 54 55 56 60 68 69
 47 58 72
 47 58 70 71
 47 56 58 70
 47 56 58 68 69
 47 54 55 58 70
 47 54 55 58 68 69
 45 56 60
 45 47 58
 45 46 58
 45 46 58 72
 45 46 58 70 71
 45 46 56 58 70
 45 46 56 58 68 69
 45 46 54 55 58 70
 45 46 54 55 58 68 69
 43 56 60
 43 54 55 56 60
 43 47 56 58
 43 47 54 55 58
 43 45 46 56 58
 43 45 46 54 55 58
 42 58 60 72
 42 58 60 70 71
 42 58 60 66 72
 42 58 60 66 70 71
 42 58 60 64 65 72
 42 58 60 64 65 70 71
 42 56 60 72
 42 56 60 70
 42 56 60 70 71
 42 56 60 68 69
 42 56 58 60 70
 42 56 58 60 68 69
 42 56 58 60 66 70
 42 56 58 60 66 68 69
 42 56 58 60 64 65 70
 42 56 58 60 64 65 68 69
 42 54 55 58 60 70
 42 54 55 58 60 68 69
 42 54 55 58 60 66 70
 42 54 55 58 60 66 68 69
 42 54 55 58 60 64 65 70
 42 54 55 58 60 64 65 68 69
 42 54 55 56 60 70
 42 54 55 56 60 68 69
 42 47 58 72
 42 47 58 70 71
 42 47 58 60 66 72
 42 47 58 60 66 70 71
 42 47 58 60 64 65 72
 42 47 58 60 64 65 70 71
 42 47 56 58 70
 42 47 56 58 68 69
 42 47 56 58 60 66 70
 42 47 56 58 60 66 68 69
 42 47 56 58 60 64 65 70
 42 47 56 58 60 64 65 68 69
 42 47 54 55 58 70
 42 47 54 55 58 68 69
 42 47 54 55 58 60 66 70
 42 47 54 55 58 60 66 68 69
 42 47 54 55 58 60 64 65 70
 42 47 54 55 58 60 64 65 68 69
 42 45 58 60
 42 45 58 60 66
 42 45 58 60 64 65
 42 45 56 60
 42 45 47 58
 42 45 47 58 60 66
 42 45 47 58 60 64 65
 42 45 46 58
 42 45 46 58 72
 42 45 46 58 70 71
 42 45 46 58 60 66
 42 45 46 58 60 66 72
 42 45 46 58 60 66 70 71
 42 45 46 58 60 64 65
 42 45 46 58 60 64 65 72
 42 45 46 58 60 64 65 70 71
 42 45 46 56 58 70
 42 45 46 56 58 68 69
 42 45 46 56 58 60 66 70
 42 45 46 56 58 60 66 68 69
 42 45 46 56 58 60 64 65 70
 42 45 46 56 58 60 64 65 68 69
 42 45 46 54 55 58 70
 42 45 46 54 55 58 68 69
 42 45 46 54 55 58 60 66 70
 42 45 46 54 55 58 60 66 68 69
 42 45 46 54 55 58 60 64 65 70
 42 45 46 54 55 58 60 64 65 68 69
 42 43 56 60
 42 43 56 58 60
 42 43 56 58 60 66
 42 43 56 58 60 64 65
 42 43 54 55 58 60
 42 43 54 55 58 60 66
 42 43 54 55 58 60 64 65
 42 43 54 55 56 60
 42 43 47 56 58
 42 43 47 56 58 60 66
 42 43 47 56 58 60 64 65
 42 43 47 54 55 58
 42 43 47 54 55 58 60 66
 42 43 47 54 55 58 60 64 65
 42 43 45 46 56 58
 42 43 45 46 56 58 60 66
 42 43 45 46 56 58 60 64 65
 42 43 45 46 54 55 58
 42 43 45 46 54 55 58 60 66
 42 43 45 46 54 55 58 60 64 65
 40 60
 40 58
 40 58 72
 40 58 70 71
 40 58 66
 40 58 64 65
 40 56 57 58 72
 40 56 57 58 70 71
 40 47 60 72
 40 47 60 70 71
 40 47 58
 40 47 56 60 70
 40 47 56 60 68 69
 40 47 56 58 72
 40 47 56 58 70
 40 47 56 58 70 71
 40 47 56 58 68 69
 40 47 54 55 60 70
 40 47 54 55 60 68 69
 40 47 54 55 56 58 70
 40 47 54 55 56 58 68 69
 40 45 56 58 70
 40 45 56 58 68 69
 40 45 56 57 58
 40 45 54 55 58 70
 40 45 54 55 58 68 69
 40 45 47 60
 40 45 47 56 58
 40 45 46 60
 40 45 46 60 72
 40 45 46 60 70 71
 40 45 46 58
 40 45 46 56 60 70
 40 45 46 56 60 68 69
 40 45 46 56 58
 40 45 46 56 58 72
 40 45 46 56 58 70
 40 45 46 56 58 70 71
 40 45 46 56 58 68 69
 40 45 46 54 55 60 70
 40 45 46 54 55 60 68 69
 40 45 46 54 55 56 58 70
 40 45 46 54 55 56 58 68 69
 40 43 47 56 60
 40 43 47 56 58
 40 43 47 54 55 60
 40 43 47 54 55 56 58
 40 43 45 56 58
 40 43 45 54 55 58
 40 43 45 46 56 60
 40 43 45 46 56 58
 40 43 45 46 54 55 60
 40 43 45 46 54 55 56 58
 40 43 44 58
 40 43 44 56 58
 40 43 44 56 58 70
 40 43 44 56 58 68 69
 40 43 44 54 55 58
 40 43 44 54 55 58 70
 40 43 44 54 55 58 68 69
 40 41 58 60 72
 40 41 58 60 70 71
 40 41 58 60 66 72
 40 41 58 60 66 70 71
 40 41 58 60 64 65 72
 40 41 58 60 64 65 70 71
 40 41 56 60 72
 40 41 56 60 70
 40 41 56 60 70 71
 40 41 56 60 68 69
 40 41 56 58 60 70
 40 41 56 58 60 68 69
 40 41 56 58 60 66 70
 40 41 56 58 60 66 68 69
 40 41 56 58 60 64 65 70
 40 41 56 58 60 64 65 68 69
 40 41 54 55 58 60 70
 40 41 54 55 58 60 68 69
 40 41 54 55 58 60 66 70
 40 41 54 55 58 60 66 68 69
 40 41 54 55 58 60 64 65 70
 40 41 54 55 58 60 64 65 68 69
 40 41 54 55 56 60 70
 40 41 54 55 56 60 68 69
 40 41 47 58 72
 40 41 47 58 70 71
 40 41 47 58 60 66 72
 40 41 47 58 60 66 70 71
 40 41 47 58 60 64 65 72
 40 41 47 58 60 64 65 70 71
 40 41 47 56 58 70
 40 41 47 56 58 68 69
 40 41 47 56 58 60 66 70
 40 41 47 56 58 60 66 68 69
 40 41 47 56 58 60 64 65 70
 40 41 47 56 58 60 64 65 68 69
 40 41 47 54 55 58 70
 40 41 47 54 55 58 68 69
 40 41 47 54 55 58 60 66 70
 40 41 47 54 55 58 60 66 68 69
 40 41 47 54 55 58 60 64 65 70
 40 41 47 54 55 58 60 64 65 68 69
 40 41 45 58 60
 40 41 45 58 60 66
 40 41 45 58 60 64 65
 40 41 45 56 60
 40 41 45 47 58
 40 41 45 47 58 60 66
 40 41 45 47 58 60 64 65
 40 41 45 46 58
 40 41 45 46 58 72
 40 41 45 46 58 70 71
 40 41 45 46 58 60 66
 40 41 45 46 58 60 66 72
 40 41 45 46 58 60 66 70 71
 40 41 45 46 58 60 64 65
 40 41 45 46 58 60 64 65 72
 40 41 45 46 58 60 64 65 70 71
 40 41 45 46 56 58 70
 40 41 45 46 56 58 68 69
 40 41 45 46 56 58 60 66 70
 40 41 45 46 56 58 60 66 68 69
 40 41 45 46 56 58 60 64 65 70
 40 41 45 46 56 58 60 64 65 68 69
 40 41 45 46 54 55 58 70
 40 41 45 46 54 55 58 68 69
 40 41 45 46 54 55 58 60 66 70
 40 41 45 46 54 55 58 60 66 68 69
 40 41 45 46 54 55 58 60 64 65 70
 40 41 45 46 54 55 58 60 64 65 68 69
 40 41 43 56 60
 40 41 43 56 58 60
 40 41 43 56 58 60 66
 40 41 43 56 58 60 64 65
 40 41 43 54 55 58 60
 40 41 43 54 55 58 60 66
 40 41 43 54 55 58 60 64 65
 40 41 43 54 55 56 60
 40 41 43 47 56 58
 40 41 43 47 56 58 60 66
 40 41 43 47 56 58 60 64 65
 40 41 43 47 54 55 58
 40 41 43 47 54 55 58 60 66
 40 41 43 47 54 55 58 60 64 65
 40 41 43 45 46 56 58
 40 41 43 45 46 56 58 60 66
 40 41 43 45 46 56 58 60 64 65
 40 41 43 45 46 54 55 58
 40 41 43 45 46 54 55 58 60 66
 40 41 43 45 46 54 55 58 60 64 65
 39 42 58 60 72
 39 42 58 60 70 71
 39 42 56 58 60 70
 39 42 56 58 60 68 69
 39 42 54 55 58 60 70
 39 42 54 55 58 60 68 69
 39 42 47 58 60 72
 39 42 47 58 60 70 71
 39 42 47 56 58 60 70
 39 42 47 56 58 60 68 69
 39 42 47 54 55 58 60 70
 39 42 47 54 55 58 60 68 69
 39 42 45 58 60
 39 42 45 47 58 60
 39 42 45 46 58 60
 39 42 45 46 58 60 72
 39 42 45 46 58 60 70 71
 39 42 45 46 56 58 60 70
 39 42 45 46 56 58 60 68 69
 39 42 45 46 54 55 58 60 70
 39 42 45 46 54 55 58 60 68 69
 39 42 43 56 58 60
 39 42 43 54 55 58 60
 39 42 43 47 56 58 60
 39 42 43 47 54 55 58 60
 39 42 43 45 46 56 58 60
 39 42 43 45 46 54 55 58 60
 39 40 58
 39 40 41 58 60 72
 39 40 41 58 60 70 71
 39 40 41 56 58 60 70
 39 40 41 56 58 60 68 69
 39 40 41 54 55 58 60 70
 39 40 41 54 55 58 60 68 69
 39 40 41 47 58 60 72
 39 40 41 47 58 60 70 71
 39 40 41 47 56 58 60 70
 39 40 41 47 56 58 60 68 69
 39 40 41 47 54 55 58 60 70
 39 40 41 47 54 55 58 60 68 69
 39 40 41 45 58 60
 39 40 41 45 47 58 60
 39 40 41 45 46 58 60
 39 40 41 45 46 58 60 72
 39 40 41 45 46 58 60 70 71
 39 40 41 45 46 56 58 60 70
 39 40 41 45 46 56 58 60 68 69
 39 40 41 45 46 54 55 58 60 70
 39 40 41 45 46 54 55 58 60 68 69
 39 40 41 43 56 58 60
 39 40 41 43 54 55 58 60
 39 40 41 43 47 56 58 60
 39 40 41 43 47 54 55 58 60
 39 40 41 43 45 46 56 58 60
 39 40 41 43 45 46 54 55 58 60
 38 39 60
 38 39 58 72
 38 39 58 70 71
 38 39 58 66
 38 39 58 64 65
 38 39 56 57 58 72
 38 39 56 57 58 70 71
 38 39 47 60 72
 38 39 47 60 70 71
 38 39 47 58
 38 39 47 56 60 70
 38 39 47 56 60 68 69
 38 39 47 56 58 72
 38 39 47 56 58 70
 38 39 47 56 58 70 71
 38 39 47 56 58 68 69
 38 39 47 54 55 60 70
 38 39 47 54 55 60 68 69
 38 39 47 54 55 56 58 70
 38 39 47 54 55 56 58 68 69
 38 39 45 56 58 70
 38 39 45 56 58 68 69
 38 39 45 56 57 58
 38 39 45 54 55 58 70
 38 39 45 54 55 58 68 69
 38 39 45 47 60
 38 39 45 47 56 58
 38 39 45 46 60
 38 39 45 46 60 72
 38 39 45 46 60 70 71
 38 39 45 46 58
 38 39 45 46 56 60 70
 38 39 45 46 56 60 68 69
 38 39 45 46 56 58
 38 39 45 46 56 58 72
 38 39 45 46 56 58 70
 38 39 45 46 56 58 70 71
 38 39 45 46 56 58 68 69
 38 39 45 46 54 55 60 70
 38 39 45 46 54 55 60 68 69
 38 39 45 46 54 55 56 58 70
 38 39 45 46 54 55 56 58 68 69
 38 39 43 47 56 60
 38 39 43 47 56 58
 38 39 43 47 54 55 60
 38 39 43 47 54 55 56 58
 38 39 43 45 56 58
 38 39 43 45 54 55 58
 38 39 43 45 46 56 60
 38 39 43 45 46 56 58
 38 39 43 45 46 54 55 60
 38 39 43 45 46 54 55 56 58
 38 39 43 44 58
 38 39 43 44 56 58
 38 39 43 44 56 58 70
 38 39 43 44 56 58 68 69
 38 39 43 44 54 55 58
 38 39 43 44 54 55 58 70
 38 39 43 44 54 55 58 68 69
 35 42 60 72
 35 42 60 70 71
 35 42 56 60 70
 35 42 56 60 68 69
 35 42 54 55 60 70
 35 42 54 55 60 68 69
 35 42 45 60
 35 42 43 56 60
 35 42 43 54 55 60
 35 40 58 72
 35 40 58 70 71
 35 40 56 58 70
 35 40 56 58 68 69
 35 40 54 55 58 70
 35 40 54 55 58 68 69
 35 40 45 58
 35 40 43 56 58
 35 40 43 54 55 58
 35 40 41 60 72
 35 40 41 60 70 71
 35 40 41 56 60 70
 35 40 41 56 60 68 69
 35 40 41 54 55 60 70
 35 40 41 54 55 60 68 69
 35 40 41 45 60
 35 40 41 43 56 60
 35 40 41 43 54 55 60
 35 38 39 58 72
 35 38 39 58 70 71
 35 38 39 56 58 70
 35 38 39 56 58 68 69
 35 38 39 54 55 58 70
 35 38 39 54 55 58 68 69
 35 38 39 45 58
 35 38 39 43 56 58
 35 38 39 43 54 55 58
 31 40 58 72
 31 40 58 70 71
 31 40 45 58
 31 38 39 58 72
 31 38 39 58 70 71
 31 38 39 45 58
 30 58
 30 40 45 58
 30 40 45 58 70
 30 40 45 58 68 69
 30 40 45 56 57 58 70
 30 40 45 56 57 58 68 69
 30 40 43 45 58
 30 40 43 45 56 57 58
 30 40 43 44 58 70
 30 40 43 44 58 68 69
 30 40 43 44 56 57 58
 30 40 43 44 56 57 58 70
 30 40 43 44 56 57 58 68 69
 30 38 39 45 58
 30 38 39 45 58 70
 30 38 39 45 58 68 69
 30 38 39 45 56 57 58 70
 30 38 39 45 56 57 58 68 69
 30 38 39 43 45 58
 30 38 39 43 45 56 57 58
 30 38 39 43 44 58 70
 30 38 39 43 44 58 68 69
 30 38 39 43 44 56 57 58
 30 38 39 43 44 56 57 58 70
 30 38 39 43 44 56 57 58 68 69
 30 31 40 45 58 70
 30 31 40 45 58 68 69
 30 31 40 43 45 58
 30 31 40 43 44 58
 30 31 40 43 44 58 70
 30 31 40 43 44 58 68 69
 30 31 38 39 45 58 70
 30 31 38 39 45 58 68 69
 30 31 38 39 43 45 58
 30 31 38 39 43 44 58
 30 31 38 39 43 44 58 70
 30 31 38 39 43 44 58 68 69
 29 56 60 70
 29 56 60 68 69
 29 47 58 70
 29 47 58 68 69
 29 45 46 58 70
 29 45 46 58 68 69
 29 43 56 60
 29 43 47 58
 29 43 45 46 58
 29 42 58 60 70
 29 42 58 60 68 69
 29 42 58 60 66 70
 29 42 58 60 66 68 69
 29 42 58 60 64 65 70
 29 42 58 60 64 65 68 69
 29 42 56 60 70
 29 42 56 60 68 69
 29 42 47 58 70
 29 42 47 58 68 69
 29 42 47 58 60 66 70
 29 42 47 58 60 66 68 69
 29 42 47 58 60 64 65 70
 29 42 47 58 60 64 65 68 69
 29 42 45 46 58 70
 29 42 45 46 58 68 69
 29 42 45 46 58 60 66 70
 29 42 45 46 58 60 66 68 69
 29 42 45 46 58 60 64 65 70
 29 42 45 46 58 60 64 65 68 69
 29 42 43 58 60
 29 42 43 58 60 66
 29 42 43 58 60 64 65
 29 42 43 56 60
 29 42 43 47 58
 29 42 43 47 58 60 66
 29 42 43 47 58 60 64 65
 29 42 43 45 46 58
 29 42 43 45 46 58 60 66
 29 42 43 45 46 58 60 64 65
 29 40 47 60 70
 29 40 47 60 68 69
 29 40 47 56 58 70
 29 40 47 56 58 68 69
 29 40 45 58 70
 29 40 45 58 68 69
 29 40 45 46 60 70
 29 40 45 46 60 68 69
 29 40 45 46 56 58 70
 29 40 45 46 56 58 68 69
 29 40 43 47 60
 29 40 43 47 56 58
 29 40 43 45 58
 29 40 43 45 46 60
 29 40 43 45 46 56 58
 29 40 43 44 58
 29 40 43 44 58 70
 29 40 43 44 58 68 69
 29 40 41 58 60 70
 29 40 41 58 60 68 69
 29 40 41 58 60 66 70
 29 40 41 58 60 66 68 69
 29 40 41 58 60 64 65 70
 29 40 41 58 60 64 65 68 69
 29 40 41 56 60 70
 29 40 41 56 60 68 69
 29 40 41 47 58 70
 29 40 41 47 58 68 69
 29 40 41 47 58 60 66 70
 29 40 41 47 58 60 66 68 69
 29 40 41 47 58 60 64 65 70
 29 40 41 47 58 60 64 65 68 69
 29 40 41 45 46 58 70
 29 40 41 45 46 58 68 69
 29 40 41 45 46 58 60 66 70
 29 40 41 45 46 58 60 66 68 69
 29 40 41 45 46 58 60 64 65 70
 29 40 41 45 46 58 60 64 65 68 69
 29 40 41 43 58 60
 29 40 41 43 58 60 66
 29 40 41 43 58 60 64 65
 29 40 41 43 56 60
 29 40 41 43 47 58
 29 40 41 43 47 58 60 66
 29 40 41 43 47 58 60 64 65
 29 40 41 43 45 46 58
 29 40 41 43 45 46 58 60 66
 29 40 41 43 45 46 58 60 64 65
 29 39 42 58 60 70
 29 39 42 58 60 68 69
 29 39 42 47 58 60 70
 29 39 42 47 58 60 68 69
 29 39 42 45 46 58 60 70
 29 39 42 45 46 58 60 68 69
 29 39 42 43 58 60
 29 39 42 43 47 58 60
 29 39 42 43 45 46 58 60
 29 39 40 41 58 60 70
 29 39 40 41 58 60 68 69
 29 39 40 41 47 58 60 70
 29 39 40 41 47 58 60 68 69
 29 39 40 41 45 46 58 60 70
 29 39 40 41 45 46 58 60 68 69
 29 39 40 41 43 58 60
 29 39 40 41 43 47 58 60
 29 39 40 41 43 45 46 58 60
 29 38 39 47 60 70
 29 38 39 47 60 68 69
 29 38 39 47 56 58 70
 29 38 39 47 56 58 68 69
 29 38 39 45 58 70
 29 38 39 45 58 68 69
 29 38 39 45 46 60 70
 29 38 39 45 46 60 68 69
 29 38 39 45 46 56 58 70
 29 38 39 45 46 56 58 68 69
 29 38 39 43 47 60
 29 38 39 43 47 56 58
 29 38 39 43 45 58
 29 38 39 43 45 46 60
 29 38 39 43 45 46 56 58
 29 38 39 43 44 58
 29 38 39 43 44 58 70
 29 38 39 43 44 58 68 69
 29 35 42 60 70
 29 35 42 60 68 69
 29 35 42 43 60
 29 35 40 58 70
 29 35 40 58 68 69
 29 35 40 43 58
 29 35 40 41 60 70
 29 35 40 41 60 68 69
 29 35 40 41 43 60
 29 35 38 39 58 70
 29 35 38 39 58 68 69
 29 35 38 39 43 58
 28 29 58
 28 29 40 45 58
 28 29 40 45 58 70
 28 29 40 45 58 68 69
 28 29 40 45 56 57 58 70
 28 29 40 45 56 57 58 68 69
 28 29 40 43 45 58
 28 29 40 43 45 56 57 58
 28 29 40 43 44 58 70
 28 29 40 43 44 58 68 69
 28 29 40 43 44 56 57 58
 28 29 40 43 44 56 57 58 70
 28 29 40 43 44 56 57 58 68 69
 28 29 38 39 45 58
 28 29 38 39 45 58 70
 28 29 38 39 45 58 68 69
 28 29 38 39 45 56 57 58 70
 28 29 38 39 45 56 57 58 68 69
 28 29 38 39 43 45 58
 28 29 38 39 43 45 56 57 58
 28 29 38 39 43 44 58 70
 28 29 38 39 43 44 58 68 69
 28 29 38 39 43 44 56 57 58
 28 29 38 39 43 44 56 57 58 70
 28 29 38 39 43 44 56 57 58 68 69
 28 29 31 40 45 58 70
 28 29 31 40 45 58 68 69
 28 29 31 40 43 45 58
 28 29 31 40 43 44 58
 28 29 31 40 43 44 58 70
 28 29 31 40 43 44 58 68 69
 28 29 31 38 39 45 58 70
 28 29 31 38 39 45 58 68 69
 28 29 31 38 39 43 45 58
 28 29 31 38 39 43 44 58
 28 29 31 38 39 43 44 58 70
 28 29 31 38 39 43 44 58 68 69
 20 58 72
 20 58 70 71
 20 56 58 70
 20 56 58 68 69
 20 54 55 58 70
 20 54 55 58 68 69
 20 45 58
 20 43 56 58
 20 43 54 55 58
 20 42 58 72
 20 42 58 70 71
 20 42 58 60 66 72
 20 42 58 60 66 70 71
 20 42 58 60 64 65 72
 20 42 58 60 64 65 70 71
 20 42 56 58 70
 20 42 56 58 68 69
 20 42 56 58 60 66 70
 20 42 56 58 60 66 68 69
 20 42 56 58 60 64 65 70
 20 42 56 58 60 64 65 68 69
 20 42 54 55 58 70
 20 42 54 55 58 68 69
 20 42 54 55 58 60 66 70
 20 42 54 55 58 60 66 68 69
 20 42 54 55 58 60 64 65 70
 20 42 54 55 58 60 64 65 68 69
 20 42 45 58
 20 42 45 58 60 66
 20 42 45 58 60 64 65
 20 42 43 56 58
 20 42 43 56 58 60 66
 20 42 43 56 58 60 64 65
 20 42 43 54 55 58
 20 42 43 54 55 58 60 66
 20 42 43 54 55 58 60 64 65
 20 40 60 72
 20 40 60 70 71
 20 40 58
 20 40 56 60 70
 20 40 56 60 68 69
 20 40 56 58 72
 20 40 56 58 70
 20 40 56 58 70 71
 20 40 56 58 68 69
 20 40 54 55 60 70
 20 40 54 55 60 68 69
 20 40 54 55 56 58 70
 20 40 54 55 56 58 68 69
 20 40 45 60
 20 40 45 56 58
 20 40 43 56 60
 20 40 43 56 58
 20 40 43 54 55 60
 20 40 43 54 55 56 58
 20 40 41 58 72
 20 40 41 58 70 71
 20 40 41 58 60 66 72
 20 40 41 58 60 66 70 71
 20 40 41 58 60 64 65 72
 20 40 41 58 60 64 65 70 71
 20 40 41 56 58 70
 20 40 41 56 58 68 69
 20 40 41 56 58 60 66 70
 20 40 41 56 58 60 66 68 69
 20 40 41 56 58 60 64 65 70
 20 40 41 56 58 60 64 65 68 69
 20 40 41 54 55 58 70
 20 40 41 54 55 58 68 69
 20 40 41 54 55 58 60 66 70
 20 40 41 54 55 58 60 66 68 69
 20 40 41 54 55 58 60 64 65 70
 20 40 41 54 55 58 60 64 65 68 69
 20 40 41 45 58
 20 40 41 45 58 60 66
 20 40 41 45 58 60 64 65
 20 40 41 43 56 58
 20 40 41 43 56 58 60 66
 20 40 41 43 56 58 60 64 65
 20 40 41 43 54 55 58
 20 40 41 43 54 55 58 60 66
 20 40 41 43 54 55 58 60 64 65
 20 39 42 58 60 72
 20 39 42 58 60 70 71
 20 39 42 56 58 60 70
 20 39 42 56 58 60 68 69
 20 39 42 54 55 58 60 70
 20 39 42 54 55 58 60 68 69
 20 39 42 45 58 60
 20 39 42 43 56 58 60
 20 39 42 43 54 55 58 60
 20 39 40 41 58 60 72
 20 39 40 41 58 60 70 71
 20 39 40 41 56 58 60 70
 20 39 40 41 56 58 60 68 69
 20 39 40 41 54 55 58 60 70
 20 39 40 41 54 55 58 60 68 69
 20 39 40 41 45 58 60
 20 39 40 41 43 56 58 60
 20 39 40 41 43 54 55 58 60
 20 38 39 60 72
 20 38 39 60 70 71
 20 38 39 58
 20 38 39 56 60 70
 20 38 39 56 60 68 69
 20 38 39 56 58 72
 20 38 39 56 58 70
 20 38 39 56 58 70 71
 20 38 39 56 58 68 69
 20 38 39 54 55 60 70
 20 38 39 54 55 60 68 69
 20 38 39 54 55 56 58 70
 20 38 39 54 55 56 58 68 69
 20 38 39 45 60
 20 38 39 45 56 58
 20 38 39 43 56 60
 20 38 39 43 56 58
 20 38 39 43 54 55 60
 20 38 39 43 54 55 56 58
 20 29 58 70
 20 29 58 68 69
 20 29 43 58
 20 29 42 58 70
 20 29 42 58 68 69
 20 29 42 58 60 66 70
 20 29 42 58 60 66 68 69
 20 29 42 58 60 64 65 70
 20 29 42 58 60 64 65 68 69
 20 29 42 43 58
 20 29 42 43 58 60 66
 20 29 42 43 58 60 64 65
 20 29 40 60 70
 20 29 40 60 68 69
 20 29 40 56 58 70
 20 29 40 56 58 68 69
 20 29 40 43 60
 20 29 40 43 56 58
 20 29 40 41 58 70
 20 29 40 41 58 68 69
 20 29 40 41 58 60 66 70
 20 29 40 41 58 60 66 68 69
 20 29 40 41 58 60 64 65 70
 20 29 40 41 58 60 64 65 68 69
 20 29 40 41 43 58
 20 29 40 41 43 58 60 66
 20 29 40 41 43 58 60 64 65
 20 29 39 42 58 60 70
 20 29 39 42 58 60 68 69
 20 29 39 42 43 58 60
 20 29 39 40 41 58 60 70
 20 29 39 40 41 58 60 68 69
 20 29 39 40 41 43 58 60
 20 29 38 39 60 70
 20 29 38 39 60 68 69
 20 29 38 39 56 58 70
 20 29 38 39 56 58 68 69
 20 29 38 39 43 60
 20 29 38 39 43 56 58
 18 40 58
 18 40 56 58 70
 18 40 56 58 68 69
 18 40 54 55 58 70
 18 40 54 55 58 68 69
 18 40 43 56 58
 18 40 43 54 55 58
 18 38 39 58
 18 38 39 56 58 70
 18 38 39 56 58 68 69
 18 38 39 54 55 58 70
 18 38 39 54 55 58 68 69
 18 38 39 43 56 58
 18 38 39 43 54 55 58
 18 30 40 58
 18 30 40 58 70
 18 30 40 58 68 69
 18 30 40 56 57 58 70
 18 30 40 56 57 58 68 69
 18 30 40 43 58
 18 30 40 43 56 57 58
 18 30 38 39 58
 18 30 38 39 58 70
 18 30 38 39 58 68 69
 18 30 38 39 56 57 58 70
 18 30 38 39 56 57 58 68 69
 18 30 38 39 43 58
 18 30 38 39 43 56 57 58
 18 30 31 40 58 70
 18 30 31 40 58 68 69
 18 30 31 40 43 58
 18 30 31 38 39 58 70
 18 30 31 38 39 58 68 69
 18 30 31 38 39 43 58
 18 29 40 58 70
 18 29 40 58 68 69
 18 29 40 43 58
 18 29 38 39 58 70
 18 29 38 39 58 68 69
 18 29 38 39 43 58
 18 28 29 40 58
 18 28 29 40 58 70
 18 28 29 40 58 68 69
 18 28 29 40 56 57 58 70
 18 28 29 40 56 57 58 68 69
 18 28 29 40 43 58
 18 28 29 40 43 56 57 58
 18 28 29 38 39 58
 18 28 29 38 39 58 70
 18 28 29 38 39 58 68 69
 18 28 29 38 39 56 57 58 70
 18 28 29 38 39 56 57 58 68 69
 18 28 29 38 39 43 58
 18 28 29 38 39 43 56 57 58
 18 28 29 31 40 58 70
 18 28 29 31 40 58 68 69
 18 28 29 31 40 43 58
 18 28 29 31 38 39 58 70
 18 28 29 31 38 39 58 68 69
 18 28 29 31 38 39 43 58
 15 58 60 72
 15 58 60 70 71
 15 58 60 66 72
 15 58 60 66 70 71
 15 58 60 64 65 72
 15 58 60 64 65 70 71
 15 56 60 72
 15 56 60 70
 15 56 60 70 71
 15 56 60 68 69
 15 56 58 60 70
 15 56 58 60 68 69
 15 56 58 60 66 70
 15 56 58 60 66 68 69
 15 56 58 60 64 65 70
 15 56 58 60 64 65 68 69
 15 54 55 58 60 70
 15 54 55 58 60 68 69
 15 54 55 58 60 66 70
 15 54 55 58 60 66 68 69
 15 54 55 58 60 64 65 70
 15 54 55 58 60 64 65 68 69
 15 54 55 56 60 70
 15 54 55 56 60 68 69
 15 47 58 72
 15 47 58 70 71
 15 47 58 60 66 72
 15 47 58 60 66 70 71
 15 47 58 60 64 65 72
 15 47 58 60 64 65 70 71
 15 47 56 58 70
 15 47 56 58 68 69
 15 47 56 58 60 66 70
 15 47 56 58 60 66 68 69
 15 47 56 58 60 64 65 70
 15 47 56 58 60 64 65 68 69
 15 47 54 55 58 70
 15 47 54 55 58 68 69
 15 47 54 55 58 60 66 70
 15 47 54 55 58 60 66 68 69
 15 47 54 55 58 60 64 65 70
 15 47 54 55 58 60 64 65 68 69
 15 45 58 60
 15 45 58 60 66
 15 45 58 60 64 65
 15 45 56 60
 15 45 47 58
 15 45 47 58 60 66
 15 45 47 58 60 64 65
 15 45 46 58
 15 45 46 58 72
 15 45 46 58 70 71
 15 45 46 58 60 66
 15 45 46 58 60 66 72
 15 45 46 58 60 66 70 71
 15 45 46 58 60 64 65
 15 45 46 58 60 64 65 72
 15 45 46 58 60 64 65 70 71
 15 45 46 56 58 70
 15 45 46 56 58 68 69
 15 45 46 56 58 60 66 70
 15 45 46 56 58 60 66 68 69
 15 45 46 56 58 60 64 65 70
 15 45 46 56 58 60 64 65 68 69
 15 45 46 54 55 58 70
 15 45 46 54 55 58 68 69
 15 45 46 54 55 58 60 66 70
 15 45 46 54 55 58 60 66 68 69
 15 45 46 54 55 58 60 64 65 70
 15 45 46 54 55 58 60 64 65 68 69
 15 43 56 60
 15 43 56 58 60
 15 43 56 58 60 66
 15 43 56 58 60 64 65
 15 43 54 55 58 60
 15 43 54 55 58 60 66
 15 43 54 55 58 60 64 65
 15 43 54 55 56 60
 15 43 47 56 58
 15 43 47 56 58 60 66
 15 43 47 56 58 60 64 65
 15 43 47 54 55 58
 15 43 47 54 55 58 60 66
 15 43 47 54 55 58 60 64 65
 15 43 45 46 56 58
 15 43 45 46 56 58 60 66
 15 43 45 46 56 58 60 64 65
 15 43 45 46 54 55 58
 15 43 45 46 54 55 58 60 66
 15 43 45 46 54 55 58 60 64 65
 15 39 58 60 72
 15 39 58 60 70 71
 15 39 56 58 60 70
 15 39 56 58 60 68 69
 15 39 54 55 58 60 70
 15 39 54 55 58 60 68 69
 15 39 47 58 60 72
 15 39 47 58 60 70 71
 15 39 47 56 58 60 70
 15 39 47 56 58 60 68 69
 15 39 47 54 55 58 60 70
 15 39 47 54 55 58 60 68 69
 15 39 45 58 60
 15 39 45 47 58 60
 15 39 45 46 58 60
 15 39 45 46 58 60 72
 15 39 45 46 58 60 70 71
 15 39 45 46 56 58 60 70
 15 39 45 46 56 58 60 68 69
 15 39 45 46 54 55 58 60 70
 15 39 45 46 54 55 58 60 68 69
 15 39 43 56 58 60
 15 39 43 54 55 58 60
 15 39 43 47 56 58 60
 15 39 43 47 54 55 58 60
 15 39 43 45 46 56 58 60
 15 39 43 45 46 54 55 58 60
 15 35 60 72
 15 35 60 70 71
 15 35 56 60 70
 15 35 56 60 68 69
 15 35 54 55 60 70
 15 35 54 55 60 68 69
 15 35 45 60
 15 35 43 56 60
 15 35 43 54 55 60
 15 29 58 60 70
 15 29 58 60 68 69
 15 29 58 60 66 70
 15 29 58 60 66 68 69
 15 29 58 60 64 65 70
 15 29 58 60 64 65 68 69
 15 29 56 60 70
 15 29 56 60 68 69
 15 29 47 58 70
 15 29 47 58 68 69
 15 29 47 58 60 66 70
 15 29 47 58 60 66 68 69
 15 29 47 58 60 64 65 70
 15 29 47 58 60 64 65 68 69
 15 29 45 46 58 70
 15 29 45 46 58 68 69
 15 29 45 46 58 60 66 70
 15 29 45 46 58 60 66 68 69
 15 29 45 46 58 60 64 65 70
 15 29 45 46 58 60 64 65 68 69
 15 29 43 58 60
 15 29 43 58 60 66
 15 29 43 58 60 64 65
 15 29 43 56 60
 15 29 43 47 58
 15 29 43 47 58 60 66
 15 29 43 47 58 60 64 65
 15 29 43 45 46 58
 15 29 43 45 46 58 60 66
 15 29 43 45 46 58 60 64 65
 15 29 39 58 60 70
 15 29 39 58 60 68 69
 15 29 39 47 58 60 70
 15 29 39 47 58 60 68 69
 15 29 39 45 46 58 60 70
 15 29 39 45 46 58 60 68 69
 15 29 39 43 58 60
 15 29 39 43 47 58 60
 15 29 39 43 45 46 58 60
 15 29 35 60 70
 15 29 35 60 68 69
 15 29 35 43 60
 15 20 58 72
 15 20 58 70 71
 15 20 58 60 66 72
 15 20 58 60 66 70 71
 15 20 58 60 64 65 72
 15 20 58 60 64 65 70 71
 15 20 56 58 70
 15 20 56 58 68 69
 15 20 56 58 60 66 70
 15 20 56 58 60 66 68 69
 15 20 56 58 60 64 65 70
 15 20 56 58 60 64 65 68 69
 15 20 54 55 58 70
 15 20 54 55 58 68 69
 15 20 54 55 58 60 66 70
 15 20 54 55 58 60 66 68 69
 15 20 54 55 58 60 64 65 70
 15 20 54 55 58 60 64 65 68 69
 15 20 45 58
 15 20 45 58 60 66
 15 20 45 58 60 64 65
 15 20 43 56 58
 15 20 43 56 58 60 66
 15 20 43 56 58 60 64 65
 15 20 43 54 55 58
 15 20 43 54 55 58 60 66
 15 20 43 54 55 58 60 64 65
 15 20 39 58 60 72
 15 20 39 58 60 70 71
 15 20 39 56 58 60 70
 15 20 39 56 58 60 68 69
 15 20 39 54 55 58 60 70
 15 20 39 54 55 58 60 68 69
 15 20 39 45 58 60
 15 20 39 43 56 58 60
 15 20 39 43 54 55 58 60
 15 20 29 58 70
 15 20 29 58 68 69
 15 20 29 58 60 66 70
 15 20 29 58 60 66 68 69
 15 20 29 58 60 64 65 70
 15 20 29 58 60 64 65 68 69
 15 20 29 43 58
 15 20 29 43 58 60 66
 15 20 29 43 58 60 64 65
 15 20 29 39 58 60 70
 15 20 29 39 58 60 68 69
 15 20 29 39 43 58 60
 13 60
 13 58
 13 58 72
 13 58 70 71
 13 58 66
 13 58 64 65
 13 56 57 58 72
 13 56 57 58 70 71
 13 47 60 72
 13 47 60 70 71
 13 47 58
 13 47 56 60 70
 13 47 56 60 68 69
 13 47 56 58 72
 13 47 56 58 70
 13 47 56 58 70 71
 13 47 56 58 68 69
 13 47 54 55 60 70
 13 47 54 55 60 68 69
 13 47 54 55 56 58 70
 13 47 54 55 56 58 68 69
 13 45 56 58 70
 13 45 56 58 68 69
 13 45 56 57 58
 13 45 54 55 58 70
 13 45 54 55 58 68 69
 13 45 47 60
 13 45 47 56 58
 13 45 46 60
 13 45 46 60 72
 13 45 46 60 70 71
 13 45 46 58
 13 45 46 56 60 70
 13 45 46 56 60 68 69
 13 45 46 56 58
 13 45 46 56 58 72
 13 45 46 56 58 70
 13 45 46 56 58 70 71
 13 45 46 56 58 68 69
 13 45 46 54 55 60 70
 13 45 46 54 55 60 68 69
 13 45 46 54 55 56 58 70
 13 45 46 54 55 56 58 68 69
 13 43 47 56 60
 13 43 47 56 58
 13 43 47 54 55 60
 13 43 47 54 55 56 58
 13 43 45 56 58
 13 43 45 54 55 58
 13 43 45 46 56 60
 13 43 45 46 56 58
 13 43 45 46 54 55 60
 13 43 45 46 54 55 56 58
 13 43 44 58
 13 43 44 56 58
 13 43 44 56 58 70
 13 43 44 56 58 68 69
 13 43 44 54 55 58
 13 43 44 54 55 58 70
 13 43 44 54 55 58 68 69
 13 39 58
 13 35 58 72
 13 35 58 70 71
 13 35 56 58 70
 13 35 56 58 68 69
 13 35 54 55 58 70
 13 35 54 55 58 68 69
 13 35 45 58
 13 35 43 56 58
 13 35 43 54 55 58
 13 31 58 72
 13 31 58 70 71
 13 31 45 58
 13 30 45 58
 13 30 45 58 70
 13 30 45 58 68 69
 13 30 45 56 57 58 70
 13 30 45 56 57 58 68 69
 13 30 43 45 58
 13 30 43 45 56 57 58
 13 30 43 44 58 70
 13 30 43 44 58 68 69
 13 30 43 44 56 57 58
 13 30 43 44 56 57 58 70
 13 30 43 44 56 57 58 68 69
 13 30 31 45 58 70
 13 30 31 45 58 68 69
 13 30 31 43 45 58
 13 30 31 43 44 58
 13 30 31 43 44 58 70
 13 30 31 43 44 58 68 69
 13 29 47 60 70
 13 29 47 60 68 69
 13 29 47 56 58 70
 13 29 47 56 58 68 69
 13 29 45 58 70
 13 29 45 58 68 69
 13 29 45 46 60 70
 13 29 45 46 60 68 69
 13 29 45 46 56 58 70
 13 29 45 46 56 58 68 69
 13 29 43 47 60
 13 29 43 47 56 58
 13 29 43 45 58
 13 29 43 45 46 60
 13 29 43 45 46 56 58
 13 29 43 44 58
 13 29 43 44 58 70
 13 29 43 44 58 68 69
 13 29 35 58 70
 13 29 35 58 68 69
 13 29 35 43 58
 13 28 29 45 58
 13 28 29 45 58 70
 13 28 29 45 58 68 69
 13 28 29 45 56 57 58 70
 13 28 29 45 56 57 58 68 69
 13 28 29 43 45 58
 13 28 29 43 45 56 57 58
 13 28 29 43 44 58 70
 13 28 29 43 44 58 68 69
 13 28 29 43 44 56 57 58
 13 28 29 43 44 56 57 58 70
 13 28 29 43 44 56 57 58 68 69
 13 28 29 31 45 58 70
 13 28 29 31 45 58 68 69
 13 28 29 31 43 45 58
 13 28 29 31 43 44 58
 13 28 29 31 43 44 58 70
 13 28 29 31 43 44 58 68 69
 13 20 60 72
 13 20 60 70 71
 13 20 58
 13 20 56 60 70
 13 20 56 60 68 69
 13 20 56 58 72
 13 20 56 58 70
 13 20 56 58 70 71
 13 20 56 58 68 69
 13 20 54 55 60 70
 13 20 54 55 60 68 69
 13 20 54 55 56 58 70
 13 20 54 55 56 58 68 69
 13 20 45 60
 13 20 45 56 58
 13 20 43 56 60
 13 20 43 56 58
 13 20 43 54 55 60
 13 20 43 54 55 56 58
 13 20 29 60 70
 13 20 29 60 68 69
 13 20 29 56 58 70
 13 20 29 56 58 68 69
 13 20 29 43 60
 13 20 29 43 56 58
 13 18 58
 13 18 56 58 70
 13 18 56 58 68 69
 13 18 54 55 58 70
 13 18 54 55 58 68 69
 13 18 43 56 58
 13 18 43 54 55 58
 13 18 30 58
 13 18 30 58 70
 13 18 30 58 68 69
 13 18 30 56 57 58 70
 13 18 30 56 57 58 68 69
 13 18 30 43 58
 13 18 30 43 56 57 58
 13 18 30 31 58 70
 13 18 30 31 58 68 69
 13 18 30 31 43 58
 13 18 29 58 70
 13 18 29 58 68 69
 13 18 29 43 58
 13 18 28 29 58
 13 18 28 29 58 70
 13 18 28 29 58 68 69
 13 18 28 29 56 57 58 70
 13 18 28 29 56 57 58 68 69
 13 18 28 29 43 58
 13 18 28 29 43 56 57 58
 13 18 28 29 31 58 70
 13 18 28 29 31 58 68 69
 13 18 28 29 31 43 58
 3 58
 3 40 45 58
 3 40 45 58 70
 3 40 45 58 68 69
 3 40 45 56 57 58 70
 3 40 45 56 57 58 68 69
 3 40 43 45 58
 3 40 43 45 56 57 58
 3 40 43 44 58 70
 3 40 43 44 58 68 69
 3 40 43 44 56 57 58
 3 40 43 44 56 57 58 70
 3 40 43 44 56 57 58 68 69
 3 38 39 45 58
 3 38 39 45 58 70
 3 38 39 45 58 68 69
 3 38 39 45 56 57 58 70
 3 38 39 45 56 57 58 68 69
 3 38 39 43 45 58
 3 38 39 43 45 56 57 58
 3 38 39 43 44 58 70
 3 38 39 43 44 58 68 69
 3 38 39 43 44 56 57 58
 3 38 39 43 44 56 57 58 70
 3 38 39 43 44 56 57 58 68 69
 3 31 40 45 58 70
 3 31 40 45 58 68 69
 3 31 40 43 45 58
 3 31 40 43 44 58
 3 31 40 43 44 58 70
 3 31 40 43 44 58 68 69
 3 31 38 39 45 58 70
 3 31 38 39 45 58 68 69
 3 31 38 39 43 45 58
 3 31 38 39 43 44 58
 3 31 38 39 43 44 58 70
 3 31 38 39 43 44 58 68 69
 3 18 40 58
 3 18 40 58 70
 3 18 40 58 68 69
 3 18 40 56 57 58 70
 3 18 40 56 57 58 68 69
 3 18 40 43 58
 3 18 40 43 56 57 58
 3 18 38 39 58
 3 18 38 39 58 70
 3 18 38 39 58 68 69
 3 18 38 39 56 57 58 70
 3 18 38 39 56 57 58 68 69
 3 18 38 39 43 58
 3 18 38 39 43 56 57 58
 3 18 31 40 58 70
 3 18 31 40 58 68 69
 3 18 31 40 43 58
 3 18 31 38 39 58 70
 3 18 31 38 39 58 68 69
 3 18 31 38 39 43 58
 3 13 45 58
 3 13 45 58 70
 3 13 45 58 68 69
 3 13 45 56 57 58 70
 3 13 45 56 57 58 68 69
 3 13 43 45 58
 3 13 43 45 56 57 58
 3 13 43 44 58 70
 3 13 43 44 58 68 69
 3 13 43 44 56 57 58
 3 13 43 44 56 57 58 70
 3 13 43 44 56 57 58 68 69
 3 13 31 45 58 70
 3 13 31 45 58 68 69
 3 13 31 43 45 58
 3 13 31 43 44 58
 3 13 31 43 44 58 70
 3 13 31 43 44 58 68 69
 3 13 18 58
 3 13 18 58 70
 3 13 18 58 68 69
 3 13 18 56 57 58 70
 3 13 18 56 57 58 68 69
 3 13 18 43 58
 3 13 18 43 56 57 58
 3 13 18 31 58 70
 3 13 18 31 58 68 69
 3 13 18 31 43 58
