 60
 58 68
 56 57 58 60 72
 56 57 58 60 70 71
 47 58 72
 47 58 70 71
 47 56 58 70
 47 56 58 68 69
 47 54 55 58 70
 47 54 55 58 68 69
 45 56 57 58 60
 45 47 58
 45 46 58
 45 46 58 72
 45 46 58 70 71
 45 46 56 58 70
 45 46 56 58 68 69
 45 46 54 55 58 70
 45 46 54 55 58 68 69
 43 60 64
 43 57 58 72
 43 57 58 70 72
 43 57 58 68 69 72
 43 57 58 68 69 70 71
 43 56 57 72
 43 56 57 70 72
 43 56 57 68 69 72
 43 56 57 68 69 70 71
 43 55 60
 43 47
 43 47 58
 43 47 56 58
 43 47 54 55 58
 43 45 57 58
 43 45 57 58 70
 43 45 57 58 68 69
 43 45 56 57
 43 45 56 57 70
 43 45 56 57 68 69
 43 45 46
 43 45 46 58
 43 45 46 56 58
 43 45 46 54 55 58
 41 68
 41 60 64
 41 58 60 64 72
 41 58 60 64 70 71
 41 57 58 60 72
 41 57 58 60 70 71
 41 56 57 58 60 64 72
 41 56 57 58 60 64 70 71
 41 55 60
 41 55 58 60 72
 41 55 58 60 70 71
 41 55 56 57 58 60 72
 41 55 56 57 58 60 70 71
 41 47 60 64
 41 47 55 60
 41 45 60 64
 41 45 58 60 64
 41 45 57 58 60
 41 45 56 57 58 60 64
 41 45 55 60
 41 45 55 58 60
 41 45 55 56 57 58 60
 41 45 46 60 64
 41 45 46 55 60
 41 43 44 60 64
 41 43 44 55 60
 41 42 60 64
 41 42 57 58 70 72
 41 42 57 58 70 71
 41 42 57 58 68 69 72
 41 42 57 58 68 69 70 71
 41 42 56 57 70 72
 41 42 56 57 70 71
 41 42 56 57 68 69 72
 41 42 56 57 68 69 70 71
 41 42 55 60
 41 42 47
 41 42 47 58
 41 42 45 57 58 70
 41 42 45 57 58 68 69
 41 42 45 56 57 70
 41 42 45 56 57 68 69
 41 42 45 46
 41 42 45 46 58
 41 42 43 57 58 72
 41 42 43 57 58 70 71
 41 42 43 56 57 72
 41 42 43 56 57 70 71
 41 42 43 45 57 58
 41 42 43 45 56 57
 39 40 68
 39 40 60 64
 39 40 58 60 64 72
 39 40 58 60 64 70 71
 39 40 57 58 60 72
 39 40 57 58 60 70 71
 39 40 56 57 58 60 64 72
 39 40 56 57 58 60 64 70 71
 39 40 55 60
 39 40 55 58 60 72
 39 40 55 58 60 70 71
 39 40 55 56 57 58 60 72
 39 40 55 56 57 58 60 70 71
 39 40 47 60 64
 39 40 47 55 60
 39 40 45 60 64
 39 40 45 58 60 64
 39 40 45 57 58 60
 39 40 45 56 57 58 60 64
 39 40 45 55 60
 39 40 45 55 58 60
 39 40 45 55 56 57 58 60
 39 40 45 46 60 64
 39 40 45 46 55 60
 39 40 43 44 60 64
 39 40 43 44 55 60
 38 60
 38 59
 38 59 68
 38 58
 38 43 60
 38 43 59
 38 43 59 62
 38 43 56 72
 38 43 56 70 71
 38 43 45 56
 38 41 59
 38 41 59 62
 38 41 58 72
 38 41 58 70 71
 38 41 58 60 72
 38 41 58 60 70 71
 38 41 57 58 70 72
 38 41 57 58 70 71
 38 41 57 58 68 69 72
 38 41 57 58 68 69 70 71
 38 41 57 58 60 72
 38 41 57 58 60 70 71
 38 41 56 72
 38 41 56 70 71
 38 41 56 58 70
 38 41 56 58 68 69
 38 41 56 57 72
 38 41 56 57 70 72
 38 41 56 57 68 69 72
 38 41 56 57 68 69 70 71
 38 41 54 55 58 70
 38 41 54 55 58 68 69
 38 41 45 58
 38 41 45 58 60
 38 41 45 57 58 70
 38 41 45 57 58 68 69
 38 41 45 57 58 60
 38 41 45 56
 38 41 45 56 57
 38 41 45 56 57 70
 38 41 45 56 57 68 69
 38 41 43 58
 38 41 43 57 58 72
 38 41 43 57 58 70 71
 38 41 43 56 58
 38 41 43 56 57 72
 38 41 43 56 57 70 71
 38 41 43 54 55 58
 38 41 43 45 57 58
 38 41 43 45 56 57
 38 41 42 60
 38 41 42 59
 38 41 42 59 62
 38 41 42 58
 38 41 42 56 72
 38 41 42 56 70 71
 38 41 42 45 56
 38 39 40 59
 38 39 40 59 62
 38 39 40 58 72
 38 39 40 58 70 71
 38 39 40 58 60 72
 38 39 40 58 60 70 71
 38 39 40 57 58 70 72
 38 39 40 57 58 70 71
 38 39 40 57 58 68 69 72
 38 39 40 57 58 68 69 70 71
 38 39 40 57 58 60 72
 38 39 40 57 58 60 70 71
 38 39 40 56 72
 38 39 40 56 70 71
 38 39 40 56 58 70
 38 39 40 56 58 68 69
 38 39 40 56 57 72
 38 39 40 56 57 70 72
 38 39 40 56 57 68 69 72
 38 39 40 56 57 68 69 70 71
 38 39 40 54 55 58 70
 38 39 40 54 55 58 68 69
 38 39 40 45 58
 38 39 40 45 58 60
 38 39 40 45 57 58 70
 38 39 40 45 57 58 68 69
 38 39 40 45 57 58 60
 38 39 40 45 56
 38 39 40 45 56 57
 38 39 40 45 56 57 70
 38 39 40 45 56 57 68 69
 38 39 40 43 58
 38 39 40 43 57 58 72
 38 39 40 43 57 58 70 71
 38 39 40 43 56 58
 38 39 40 43 56 57 72
 38 39 40 43 56 57 70 71
 38 39 40 43 54 55 58
 38 39 40 43 45 57 58
 38 39 40 43 45 56 57
 38 39 40 41 42 58
 36 37 60
 36 37 59
 36 37 59 68
 36 37 58
 36 37 43 60
 36 37 43 59
 36 37 43 59 62
 36 37 43 56 72
 36 37 43 56 70 71
 36 37 43 45 56
 36 37 41 59
 36 37 41 59 62
 36 37 41 58 72
 36 37 41 58 70 71
 36 37 41 58 60 72
 36 37 41 58 60 70 71
 36 37 41 57 58 70 72
 36 37 41 57 58 70 71
 36 37 41 57 58 68 69 72
 36 37 41 57 58 68 69 70 71
 36 37 41 57 58 60 72
 36 37 41 57 58 60 70 71
 36 37 41 56 72
 36 37 41 56 70 71
 36 37 41 56 58 70
 36 37 41 56 58 68 69
 36 37 41 56 57 72
 36 37 41 56 57 70 72
 36 37 41 56 57 68 69 72
 36 37 41 56 57 68 69 70 71
 36 37 41 54 55 58 70
 36 37 41 54 55 58 68 69
 36 37 41 45 58
 36 37 41 45 58 60
 36 37 41 45 57 58 70
 36 37 41 45 57 58 68 69
 36 37 41 45 57 58 60
 36 37 41 45 56
 36 37 41 45 56 57
 36 37 41 45 56 57 70
 36 37 41 45 56 57 68 69
 36 37 41 43 58
 36 37 41 43 57 58 72
 36 37 41 43 57 58 70 71
 36 37 41 43 56 58
 36 37 41 43 56 57 72
 36 37 41 43 56 57 70 71
 36 37 41 43 54 55 58
 36 37 41 43 45 57 58
 36 37 41 43 45 56 57
 36 37 41 42 60
 36 37 41 42 59
 36 37 41 42 59 62
 36 37 41 42 58
 36 37 41 42 56 72
 36 37 41 42 56 70 71
 36 37 41 42 45 56
 36 37 39 40 59
 36 37 39 40 59 62
 36 37 39 40 58 72
 36 37 39 40 58 70 71
 36 37 39 40 58 60 72
 36 37 39 40 58 60 70 71
 36 37 39 40 57 58 70 72
 36 37 39 40 57 58 70 71
 36 37 39 40 57 58 68 69 72
 36 37 39 40 57 58 68 69 70 71
 36 37 39 40 57 58 60 72
 36 37 39 40 57 58 60 70 71
 36 37 39 40 56 72
 36 37 39 40 56 70 71
 36 37 39 40 56 58 70
 36 37 39 40 56 58 68 69
 36 37 39 40 56 57 72
 36 37 39 40 56 57 70 72
 36 37 39 40 56 57 68 69 72
 36 37 39 40 56 57 68 69 70 71
 36 37 39 40 54 55 58 70
 36 37 39 40 54 55 58 68 69
 36 37 39 40 45 58
 36 37 39 40 45 58 60
 36 37 39 40 45 57 58 70
 36 37 39 40 45 57 58 68 69
 36 37 39 40 45 57 58 60
 36 37 39 40 45 56
 36 37 39 40 45 56 57
 36 37 39 40 45 56 57 70
 36 37 39 40 45 56 57 68 69
 36 37 39 40 43 58
 36 37 39 40 43 57 58 72
 36 37 39 40 43 57 58 70 71
 36 37 39 40 43 56 58
 36 37 39 40 43 56 57 72
 36 37 39 40 43 56 57 70 71
 36 37 39 40 43 54 55 58
 36 37 39 40 43 45 57 58
 36 37 39 40 43 45 56 57
 36 37 39 40 41 42 58
 31 57 58 60 72
 31 57 58 60 70 71
 31 45 57 58 60
 31 43 57 72
 31 43 57 70 72
 31 43 57 68 69 72
 31 43 57 68 69 70 71
 31 43 45 57
 31 43 45 57 70
 31 43 45 57 68 69
 31 41 58 60 64 72
 31 41 58 60 64 70 71
 31 41 55 58 60 72
 31 41 55 58 60 70 71
 31 41 45 58 60 64
 31 41 45 55 58 60
 31 41 42 57 70 72
 31 41 42 57 70 71
 31 41 42 57 68 69 72
 31 41 42 57 68 69 70 71
 31 41 42 45 57 70
 31 41 42 45 57 68 69
 31 41 42 43 57 72
 31 41 42 43 57 70 71
 31 41 42 43 45 57
 31 39 40 58 60 64 72
 31 39 40 58 60 64 70 71
 31 39 40 55 58 60 72
 31 39 40 55 58 60 70 71
 31 39 40 45 58 60 64
 31 39 40 45 55 58 60
 31 38 41 57 70 72
 31 38 41 57 70 71
 31 38 41 57 68 69 72
 31 38 41 57 68 69 70 71
 31 38 41 45 57 70
 31 38 41 45 57 68 69
 31 38 41 43 57 72
 31 38 41 43 57 70 71
 31 38 41 43 45 57
 31 38 39 40 57 70 72
 31 38 39 40 57 70 71
 31 38 39 40 57 68 69 72
 31 38 39 40 57 68 69 70 71
 31 38 39 40 45 57 70
 31 38 39 40 45 57 68 69
 31 38 39 40 43 57 72
 31 38 39 40 43 57 70 71
 31 38 39 40 43 45 57
 31 36 37 41 57 70 72
 31 36 37 41 57 70 71
 31 36 37 41 57 68 69 72
 31 36 37 41 57 68 69 70 71
 31 36 37 41 45 57 70
 31 36 37 41 45 57 68 69
 31 36 37 41 43 57 72
 31 36 37 41 43 57 70 71
 31 36 37 41 43 45 57
 31 36 37 39 40 57 70 72
 31 36 37 39 40 57 70 71
 31 36 37 39 40 57 68 69 72
 31 36 37 39 40 57 68 69 70 71
 31 36 37 39 40 45 57 70
 31 36 37 39 40 45 57 68 69
 31 36 37 39 40 43 57 72
 31 36 37 39 40 43 57 70 71
 31 36 37 39 40 43 45 57
 29 47 58 70
 29 47 58 68 69
 29 45 46 58 70
 29 45 46 58 68 69
 29 43 47 58
 29 43 45 46 58
 29 38 41 58 70
 29 38 41 58 68 69
 29 38 41 43 58
 29 38 39 40 58 70
 29 38 39 40 58 68 69
 29 38 39 40 43 58
 29 36 37 41 58 70
 29 36 37 41 58 68 69
 29 36 37 41 43 58
 29 36 37 39 40 58 70
 29 36 37 39 40 58 68 69
 29 36 37 39 40 43 58
 28 60
 28 59
 28 59 68
 28 58
 28 58 72
 28 58 70 71
 28 57 60 72
 28 57 60 70 71
 28 56 57 58 72
 28 56 57 58 70 71
 28 47 62
 28 47 59 68
 28 47 59 62
 28 45 58
 28 45 57 60
 28 45 56 57 58
 28 45 46 62
 28 45 46 59 68
 28 45 46 59 62
 28 43 59
 28 43 59 62
 28 43 47 59
 28 43 47 59 62
 28 43 45 46 59
 28 43 45 46 59 62
 28 41 60
 28 41 59
 28 41 59 62
 28 41 58 72
 28 41 58 70 71
 28 41 57 58 60
 28 41 56 58 72
 28 41 56 58 70
 28 41 56 58 70 71
 28 41 56 58 68 69
 28 41 54 55 58 70
 28 41 54 55 58 68 69
 28 41 47 60
 28 41 47 59
 28 41 47 59 62
 28 41 47 57 58 60
 28 41 45 58
 28 41 45 56 58
 28 41 45 46 60
 28 41 45 46 59
 28 41 45 46 59 62
 28 41 45 46 57 58 60
 28 41 43 56 58
 28 41 43 54 55 58
 28 41 42 59
 28 41 42 59 62
 28 41 42 47 59
 28 41 42 47 59 62
 28 41 42 45 46 59
 28 41 42 45 46 59 62
 28 40 41 47 57 58 60
 28 40 41 45 46 57 58 60
 28 39 40 60
 28 39 40 59
 28 39 40 59 62
 28 39 40 58 72
 28 39 40 58 70 71
 28 39 40 57 58 60
 28 39 40 56 58 72
 28 39 40 56 58 70
 28 39 40 56 58 70 71
 28 39 40 56 58 68 69
 28 39 40 54 55 58 70
 28 39 40 54 55 58 68 69
 28 39 40 47 60
 28 39 40 47 59
 28 39 40 47 59 62
 28 39 40 45 58
 28 39 40 45 56 58
 28 39 40 45 46 60
 28 39 40 45 46 59
 28 39 40 45 46 59 62
 28 39 40 43 56 58
 28 39 40 43 54 55 58
 28 38 58 72
 28 38 58 70 71
 28 38 45 58
 28 38 43 60
 28 38 43 58 60
 28 38 43 47 58
 28 38 43 45 46 58
 28 38 41 58
 28 38 41 57 60
 28 38 41 57 58 60
 28 38 41 56 72
 28 38 41 56 70 71
 28 38 41 56 57 72
 28 38 41 56 57 70 71
 28 38 41 47 60
 28 38 41 47 57 58 60
 28 38 41 45 56
 28 38 41 45 56 57
 28 38 41 45 46 60
 28 38 41 45 46 57 58 60
 28 38 41 43 58
 28 38 41 42 60
 28 38 41 42 58
 28 38 41 42 58 60
 28 38 41 42 47 58
 28 38 41 42 45 46 58
 28 38 39 41 47 57 58 60
 28 38 39 41 45 46 57 58 60
 28 38 39 40 58
 28 38 39 40 57 60
 28 38 39 40 57 58 60
 28 38 39 40 56 72
 28 38 39 40 56 70 71
 28 38 39 40 56 57 72
 28 38 39 40 56 57 70 71
 28 38 39 40 47 60
 28 38 39 40 45 56
 28 38 39 40 45 56 57
 28 38 39 40 45 46 60
 28 38 39 40 43 58
 28 38 39 40 41 42 58
 28 36 37 58 72
 28 36 37 58 70 71
 28 36 37 45 58
 28 36 37 43 60
 28 36 37 43 58 60
 28 36 37 43 47 58
 28 36 37 43 45 46 58
 28 36 37 41 58
 28 36 37 41 57 60
 28 36 37 41 57 58 60
 28 36 37 41 56 72
 28 36 37 41 56 70 71
 28 36 37 41 56 57 72
 28 36 37 41 56 57 70 71
 28 36 37 41 47 60
 28 36 37 41 47 57 58 60
 28 36 37 41 45 56
 28 36 37 41 45 56 57
 28 36 37 41 45 46 60
 28 36 37 41 45 46 57 58 60
 28 36 37 41 43 58
 28 36 37 41 42 60
 28 36 37 41 42 58
 28 36 37 41 42 58 60
 28 36 37 41 42 47 58
 28 36 37 41 42 45 46 58
 28 36 37 39 40 58
 28 36 37 39 40 57 60
 28 36 37 39 40 57 58 60
 28 36 37 39 40 56 72
 28 36 37 39 40 56 70 71
 28 36 37 39 40 56 57 72
 28 36 37 39 40 56 57 70 71
 28 36 37 39 40 47 60
 28 36 37 39 40 47 57 58 60
 28 36 37 39 40 45 56
 28 36 37 39 40 45 56 57
 28 36 37 39 40 45 46 60
 28 36 37 39 40 45 46 57 58 60
 28 36 37 39 40 43 58
 28 36 37 39 40 41 42 58
 28 31 58 72
 28 31 58 70 71
 28 31 45 58
 28 31 41 56 72
 28 31 41 56 70 71
 28 31 41 45 56
 28 31 39 40 56 72
 28 31 39 40 56 70 71
 28 31 39 40 45 56
 28 29 41 58 70
 28 29 41 58 68 69
 28 29 41 43 58
 28 29 39 40 58 70
 28 29 39 40 58 68 69
 28 29 39 40 43 58
 26 58
 26 41
 26 39 40
 26 38 59
 26 36 37 59
 26 28 59
 26 28 47 59
 26 28 45 46 59
 26 27 60
 26 27 59 68
 26 27 58
 26 27 58 72
 26 27 58 70 71
 26 27 57 60 72
 26 27 57 60 70 71
 26 27 56 57 58 72
 26 27 56 57 58 70 71
 26 27 47 62
 26 27 47 59
 26 27 47 59 68
 26 27 47 59 62
 26 27 45 58
 26 27 45 57 60
 26 27 45 56 57 58
 26 27 45 46 62
 26 27 45 46 59
 26 27 45 46 59 68
 26 27 45 46 59 62
 26 27 43 59
 26 27 43 59 62
 26 27 43 47 59
 26 27 43 47 59 62
 26 27 43 45 46 59
 26 27 43 45 46 59 62
 26 27 41 60
 26 27 41 59
 26 27 41 59 62
 26 27 41 58 72
 26 27 41 58 70 71
 26 27 41 57 58 60
 26 27 41 56 58 72
 26 27 41 56 58 70
 26 27 41 56 58 70 71
 26 27 41 56 58 68 69
 26 27 41 54 55 58 70
 26 27 41 54 55 58 68 69
 26 27 41 47 60
 26 27 41 47 59
 26 27 41 47 59 62
 26 27 41 47 57 58 60
 26 27 41 45 58
 26 27 41 45 56 58
 26 27 41 45 46 60
 26 27 41 45 46 59
 26 27 41 45 46 59 62
 26 27 41 45 46 57 58 60
 26 27 41 43 56 58
 26 27 41 43 54 55 58
 26 27 41 42 59
 26 27 41 42 59 62
 26 27 41 42 47 59
 26 27 41 42 47 59 62
 26 27 41 42 45 46 59
 26 27 41 42 45 46 59 62
 26 27 40 41 47 57 58 60
 26 27 40 41 45 46 57 58 60
 26 27 39 40 60
 26 27 39 40 59
 26 27 39 40 59 62
 26 27 39 40 58 72
 26 27 39 40 58 70 71
 26 27 39 40 57 58 60
 26 27 39 40 56 58 72
 26 27 39 40 56 58 70
 26 27 39 40 56 58 70 71
 26 27 39 40 56 58 68 69
 26 27 39 40 54 55 58 70
 26 27 39 40 54 55 58 68 69
 26 27 39 40 47 60
 26 27 39 40 47 59
 26 27 39 40 47 59 62
 26 27 39 40 45 58
 26 27 39 40 45 56 58
 26 27 39 40 45 46 60
 26 27 39 40 45 46 59
 26 27 39 40 45 46 59 62
 26 27 39 40 43 56 58
 26 27 39 40 43 54 55 58
 26 27 38 58 72
 26 27 38 58 70 71
 26 27 38 45 58
 26 27 38 43 60
 26 27 38 43 58 60
 26 27 38 43 47 58
 26 27 38 43 45 46 58
 26 27 38 41 58
 26 27 38 41 57 60
 26 27 38 41 57 58 60
 26 27 38 41 56 72
 26 27 38 41 56 70 71
 26 27 38 41 56 57 72
 26 27 38 41 56 57 70 71
 26 27 38 41 47 60
 26 27 38 41 47 57 58 60
 26 27 38 41 45 56
 26 27 38 41 45 56 57
 26 27 38 41 45 46 60
 26 27 38 41 45 46 57 58 60
 26 27 38 41 43 58
 26 27 38 41 42 60
 26 27 38 41 42 58
 26 27 38 41 42 58 60
 26 27 38 41 42 47 58
 26 27 38 41 42 45 46 58
 26 27 38 39 41 47 57 58 60
 26 27 38 39 41 45 46 57 58 60
 26 27 38 39 40 58
 26 27 38 39 40 57 60
 26 27 38 39 40 57 58 60
 26 27 38 39 40 56 72
 26 27 38 39 40 56 70 71
 26 27 38 39 40 56 57 72
 26 27 38 39 40 56 57 70 71
 26 27 38 39 40 47 60
 26 27 38 39 40 45 56
 26 27 38 39 40 45 56 57
 26 27 38 39 40 45 46 60
 26 27 38 39 40 43 58
 26 27 38 39 40 41 42 58
 26 27 36 37 58 72
 26 27 36 37 58 70 71
 26 27 36 37 45 58
 26 27 36 37 43 60
 26 27 36 37 43 58 60
 26 27 36 37 43 47 58
 26 27 36 37 43 45 46 58
 26 27 36 37 41 58
 26 27 36 37 41 57 60
 26 27 36 37 41 57 58 60
 26 27 36 37 41 56 72
 26 27 36 37 41 56 70 71
 26 27 36 37 41 56 57 72
 26 27 36 37 41 56 57 70 71
 26 27 36 37 41 47 60
 26 27 36 37 41 47 57 58 60
 26 27 36 37 41 45 56
 26 27 36 37 41 45 56 57
 26 27 36 37 41 45 46 60
 26 27 36 37 41 45 46 57 58 60
 26 27 36 37 41 43 58
 26 27 36 37 41 42 60
 26 27 36 37 41 42 58
 26 27 36 37 41 42 58 60
 26 27 36 37 41 42 47 58
 26 27 36 37 41 42 45 46 58
 26 27 36 37 39 40 58
 26 27 36 37 39 40 57 60
 26 27 36 37 39 40 57 58 60
 26 27 36 37 39 40 56 72
 26 27 36 37 39 40 56 70 71
 26 27 36 37 39 40 56 57 72
 26 27 36 37 39 40 56 57 70 71
 26 27 36 37 39 40 47 60
 26 27 36 37 39 40 47 57 58 60
 26 27 36 37 39 40 45 56
 26 27 36 37 39 40 45 56 57
 26 27 36 37 39 40 45 46 60
 26 27 36 37 39 40 45 46 57 58 60
 26 27 36 37 39 40 43 58
 26 27 36 37 39 40 41 42 58
 26 27 31 58 72
 26 27 31 58 70 71
 26 27 31 45 58
 26 27 31 41 56 72
 26 27 31 41 56 70 71
 26 27 31 41 45 56
 26 27 31 39 40 56 72
 26 27 31 39 40 56 70 71
 26 27 31 39 40 45 56
 26 27 29 41 58 70
 26 27 29 41 58 68 69
 26 27 29 41 43 58
 26 27 29 39 40 58 70
 26 27 29 39 40 58 68 69
 26 27 29 39 40 43 58
 24 25 58
 24 25 41
 24 25 39 40
 24 25 38 59
 24 25 36 37 59
 24 25 28 59
 24 25 28 47 59
 24 25 28 45 46 59
 24 25 26 27 59
 24 25 26 27 47 59
 24 25 26 27 45 46 59
 20 58 72
 20 58 70 71
 20 56 58 70
 20 56 58 68 69
 20 54 55 58 70
 20 54 55 58 68 69
 20 45 58
 20 43
 20 43 58
 20 43 56 58
 20 43 54 55 58
 20 41 60 64
 20 41 55 60
 20 41 42
 20 41 42 58
 20 39 40 60 64
 20 39 40 55 60
 20 29 58 70
 20 29 58 68 69
 20 29 43 58
 20 28 62
 20 28 59 68
 20 28 59 62
 20 28 43 59
 20 28 43 59 62
 20 28 41 60
 20 28 41 59
 20 28 41 59 62
 20 28 41 57 58 60
 20 28 41 42 59
 20 28 41 42 59 62
 20 28 40 41 57 58 60
 20 28 39 40 60
 20 28 39 40 59
 20 28 39 40 59 62
 20 28 38 43 58
 20 28 38 41 60
 20 28 38 41 57 58 60
 20 28 38 41 42 58
 20 28 38 39 41 57 58 60
 20 28 38 39 40 60
 20 28 36 37 43 58
 20 28 36 37 41 60
 20 28 36 37 41 57 58 60
 20 28 36 37 41 42 58
 20 28 36 37 39 40 60
 20 28 36 37 39 40 57 58 60
 20 26 28 59
 20 26 27 62
 20 26 27 59
 20 26 27 59 68
 20 26 27 59 62
 20 26 27 43 59
 20 26 27 43 59 62
 20 26 27 41 60
 20 26 27 41 59
 20 26 27 41 59 62
 20 26 27 41 57 58 60
 20 26 27 41 42 59
 20 26 27 41 42 59 62
 20 26 27 40 41 57 58 60
 20 26 27 39 40 60
 20 26 27 39 40 59
 20 26 27 39 40 59 62
 20 26 27 38 43 58
 20 26 27 38 41 60
 20 26 27 38 41 57 58 60
 20 26 27 38 41 42 58
 20 26 27 38 39 41 57 58 60
 20 26 27 38 39 40 60
 20 26 27 36 37 43 58
 20 26 27 36 37 41 60
 20 26 27 36 37 41 57 58 60
 20 26 27 36 37 41 42 58
 20 26 27 36 37 39 40 60
 20 26 27 36 37 39 40 57 58 60
 20 24 25 28 59
 20 24 25 26 27 59
 18 41 60 64
 18 41 55 60
 18 39 40 60 64
 18 39 40 55 60
 17 38
 17 38 68
 17 38 43
 17 38 43 62
 17 38 41
 17 38 41 62
 17 38 41 42
 17 38 41 42 62
 17 38 39 40
 17 38 39 40 62
 17 36 37
 17 36 37 68
 17 36 37 43
 17 36 37 43 62
 17 36 37 41
 17 36 37 41 62
 17 36 37 41 42
 17 36 37 41 42 62
 17 36 37 39 40
 17 36 37 39 40 62
 17 28
 17 28 68
 17 28 47 68
 17 28 47 62
 17 28 45 46 68
 17 28 45 46 62
 17 28 43
 17 28 43 62
 17 28 43 47
 17 28 43 47 62
 17 28 43 45 46
 17 28 43 45 46 62
 17 28 41
 17 28 41 62
 17 28 41 47
 17 28 41 47 62
 17 28 41 45 46
 17 28 41 45 46 62
 17 28 41 42
 17 28 41 42 62
 17 28 41 42 47
 17 28 41 42 47 62
 17 28 41 42 45 46
 17 28 41 42 45 46 62
 17 28 39 40
 17 28 39 40 62
 17 28 39 40 47
 17 28 39 40 47 62
 17 28 39 40 45 46
 17 28 39 40 45 46 62
 17 26 38
 17 26 36 37
 17 26 28
 17 26 28 47
 17 26 28 45 46
 17 26 27 68
 17 26 27 47
 17 26 27 47 68
 17 26 27 47 62
 17 26 27 45 46
 17 26 27 45 46 68
 17 26 27 45 46 62
 17 26 27 43
 17 26 27 43 62
 17 26 27 43 47
 17 26 27 43 47 62
 17 26 27 43 45 46
 17 26 27 43 45 46 62
 17 26 27 41
 17 26 27 41 62
 17 26 27 41 47
 17 26 27 41 47 62
 17 26 27 41 45 46
 17 26 27 41 45 46 62
 17 26 27 41 42
 17 26 27 41 42 62
 17 26 27 41 42 47
 17 26 27 41 42 47 62
 17 26 27 41 42 45 46
 17 26 27 41 42 45 46 62
 17 26 27 39 40
 17 26 27 39 40 62
 17 26 27 39 40 47
 17 26 27 39 40 47 62
 17 26 27 39 40 45 46
 17 26 27 39 40 45 46 62
 17 24 25 38
 17 24 25 36 37
 17 24 25 28
 17 24 25 28 47
 17 24 25 28 45 46
 17 24 25 26 27
 17 24 25 26 27 47
 17 24 25 26 27 45 46
 17 20 28 68
 17 20 28 62
 17 20 28 43
 17 20 28 43 62
 17 20 28 41
 17 20 28 41 62
 17 20 28 41 42
 17 20 28 41 42 62
 17 20 28 39 40
 17 20 28 39 40 62
 17 20 26 28
 17 20 26 27
 17 20 26 27 68
 17 20 26 27 62
 17 20 26 27 43
 17 20 26 27 43 62
 17 20 26 27 41
 17 20 26 27 41 62
 17 20 26 27 41 42
 17 20 26 27 41 42 62
 17 20 26 27 39 40
 17 20 26 27 39 40 62
 17 20 24 25 28
 17 20 24 25 26 27
 16 60 64
 16 57 58 70 72
 16 57 58 70 71
 16 57 58 68 69 72
 16 57 58 68 69 70 71
 16 56 57 70 72
 16 56 57 70 71
 16 56 57 68 69 72
 16 56 57 68 69 70 71
 16 55 60
 16 47
 16 47 58
 16 45 57 58 70
 16 45 57 58 68 69
 16 45 56 57 70
 16 45 56 57 68 69
 16 45 46
 16 45 46 58
 16 43 57 58 72
 16 43 57 58 70 71
 16 43 56 57 72
 16 43 56 57 70 71
 16 43 45 57 58
 16 43 45 56 57
 16 38 60
 16 38 59
 16 38 59 62
 16 38 56 72
 16 38 56 70 71
 16 38 45 56
 16 38 41 58
 16 38 39 40 58
 16 36 37 60
 16 36 37 59
 16 36 37 59 62
 16 36 37 56 72
 16 36 37 56 70 71
 16 36 37 45 56
 16 36 37 41 58
 16 36 37 39 40 58
 16 31 57 70 72
 16 31 57 70 71
 16 31 57 68 69 72
 16 31 57 68 69 70 71
 16 31 45 57 70
 16 31 45 57 68 69
 16 31 43 57 72
 16 31 43 57 70 71
 16 31 43 45 57
 16 28 59
 16 28 59 62
 16 28 47 59
 16 28 47 59 62
 16 28 45 46 59
 16 28 45 46 59 62
 16 28 38 60
 16 28 38 58 60
 16 28 38 47 58
 16 28 38 45 46 58
 16 28 38 41 58
 16 28 38 39 40 58
 16 28 36 37 60
 16 28 36 37 58 60
 16 28 36 37 47 58
 16 28 36 37 45 46 58
 16 28 36 37 41 58
 16 28 36 37 39 40 58
 16 26 27 59
 16 26 27 59 62
 16 26 27 47 59
 16 26 27 47 59 62
 16 26 27 45 46 59
 16 26 27 45 46 59 62
 16 26 27 38 60
 16 26 27 38 58 60
 16 26 27 38 47 58
 16 26 27 38 45 46 58
 16 26 27 38 41 58
 16 26 27 38 39 40 58
 16 26 27 36 37 60
 16 26 27 36 37 58 60
 16 26 27 36 37 47 58
 16 26 27 36 37 45 46 58
 16 26 27 36 37 41 58
 16 26 27 36 37 39 40 58
 16 20
 16 20 58
 16 20 28 59
 16 20 28 59 62
 16 20 28 38 58
 16 20 28 36 37 58
 16 20 26 27 59
 16 20 26 27 59 62
 16 20 26 27 38 58
 16 20 26 27 36 37 58
 16 17 38
 16 17 38 62
 16 17 36 37
 16 17 36 37 62
 16 17 28
 16 17 28 62
 16 17 28 47
 16 17 28 47 62
 16 17 28 45 46
 16 17 28 45 46 62
 16 17 26 27
 16 17 26 27 62
 16 17 26 27 47
 16 17 26 27 47 62
 16 17 26 27 45 46
 16 17 26 27 45 46 62
 16 17 20 28
 16 17 20 28 62
 16 17 20 26 27
 16 17 20 26 27 62
 15 56 57 58 60 72
 15 56 57 58 60 70 71
 15 45 56 57 58 60
 15 43 58 72
 15 43 58 70 72
 15 43 58 68 69 72
 15 43 58 68 69 70 71
 15 43 56 57 72
 15 43 56 57 70 72
 15 43 56 57 68 69 72
 15 43 56 57 68 69 70 71
 15 43 45 58
 15 43 45 58 70
 15 43 45 58 68 69
 15 43 45 56 57
 15 43 45 56 57 70
 15 43 45 56 57 68 69
 15 41 58 60 72
 15 41 58 60 70 71
 15 41 45 58 60
 15 41 42 58 70 72
 15 41 42 58 70 71
 15 41 42 58 68 69 72
 15 41 42 58 68 69 70 71
 15 41 42 56 57 70 72
 15 41 42 56 57 70 71
 15 41 42 56 57 68 69 72
 15 41 42 56 57 68 69 70 71
 15 41 42 45 58 70
 15 41 42 45 58 68 69
 15 41 42 45 56 57 70
 15 41 42 45 56 57 68 69
 15 41 42 43 58 72
 15 41 42 43 58 70 71
 15 41 42 43 56 57 72
 15 41 42 43 56 57 70 71
 15 41 42 43 45 58
 15 41 42 43 45 56 57
 15 39 40 58 60 72
 15 39 40 58 60 70 71
 15 39 40 45 58 60
 15 38 41 58 70 72
 15 38 41 58 70 71
 15 38 41 58 68 69 72
 15 38 41 58 68 69 70 71
 15 38 41 58 60 72
 15 38 41 58 60 70 71
 15 38 41 56 72
 15 38 41 56 70 71
 15 38 41 56 57 70 72
 15 38 41 56 57 70 71
 15 38 41 56 57 68 69 72
 15 38 41 56 57 68 69 70 71
 15 38 41 45 58 70
 15 38 41 45 58 68 69
 15 38 41 45 58 60
 15 38 41 45 56
 15 38 41 45 56 57 70
 15 38 41 45 56 57 68 69
 15 38 41 43 58 72
 15 38 41 43 58 70 71
 15 38 41 43 56 57 72
 15 38 41 43 56 57 70 71
 15 38 41 43 45 58
 15 38 41 43 45 56 57
 15 38 39 40 58 70 72
 15 38 39 40 58 70 71
 15 38 39 40 58 68 69 72
 15 38 39 40 58 68 69 70 71
 15 38 39 40 58 60 72
 15 38 39 40 58 60 70 71
 15 38 39 40 56 72
 15 38 39 40 56 70 71
 15 38 39 40 56 57 70 72
 15 38 39 40 56 57 70 71
 15 38 39 40 56 57 68 69 72
 15 38 39 40 56 57 68 69 70 71
 15 38 39 40 45 58 70
 15 38 39 40 45 58 68 69
 15 38 39 40 45 58 60
 15 38 39 40 45 56
 15 38 39 40 45 56 57 70
 15 38 39 40 45 56 57 68 69
 15 38 39 40 43 58 72
 15 38 39 40 43 58 70 71
 15 38 39 40 43 56 57 72
 15 38 39 40 43 56 57 70 71
 15 38 39 40 43 45 58
 15 38 39 40 43 45 56 57
 15 36 37 41 58 70 72
 15 36 37 41 58 70 71
 15 36 37 41 58 68 69 72
 15 36 37 41 58 68 69 70 71
 15 36 37 41 58 60 72
 15 36 37 41 58 60 70 71
 15 36 37 41 56 72
 15 36 37 41 56 70 71
 15 36 37 41 56 57 70 72
 15 36 37 41 56 57 70 71
 15 36 37 41 56 57 68 69 72
 15 36 37 41 56 57 68 69 70 71
 15 36 37 41 45 58 70
 15 36 37 41 45 58 68 69
 15 36 37 41 45 58 60
 15 36 37 41 45 56
 15 36 37 41 45 56 57 70
 15 36 37 41 45 56 57 68 69
 15 36 37 41 43 58 72
 15 36 37 41 43 58 70 71
 15 36 37 41 43 56 57 72
 15 36 37 41 43 56 57 70 71
 15 36 37 41 43 45 58
 15 36 37 41 43 45 56 57
 15 36 37 39 40 58 70 72
 15 36 37 39 40 58 70 71
 15 36 37 39 40 58 68 69 72
 15 36 37 39 40 58 68 69 70 71
 15 36 37 39 40 58 60 72
 15 36 37 39 40 58 60 70 71
 15 36 37 39 40 56 72
 15 36 37 39 40 56 70 71
 15 36 37 39 40 56 57 70 72
 15 36 37 39 40 56 57 70 71
 15 36 37 39 40 56 57 68 69 72
 15 36 37 39 40 56 57 68 69 70 71
 15 36 37 39 40 45 58 70
 15 36 37 39 40 45 58 68 69
 15 36 37 39 40 45 58 60
 15 36 37 39 40 45 56
 15 36 37 39 40 45 56 57 70
 15 36 37 39 40 45 56 57 68 69
 15 36 37 39 40 43 58 72
 15 36 37 39 40 43 58 70 71
 15 36 37 39 40 43 56 57 72
 15 36 37 39 40 43 56 57 70 71
 15 36 37 39 40 43 45 58
 15 36 37 39 40 43 45 56 57
 15 31 58 60 72
 15 31 58 60 70 71
 15 31 45 58 60
 15 31 43 72
 15 31 43 70 72
 15 31 43 68 69 72
 15 31 43 68 69 70 71
 15 31 43 45
 15 31 43 45 70
 15 31 43 45 68 69
 15 31 41 42 70 72
 15 31 41 42 70 71
 15 31 41 42 68 69 72
 15 31 41 42 68 69 70 71
 15 31 41 42 45 70
 15 31 41 42 45 68 69
 15 31 41 42 43 72
 15 31 41 42 43 70 71
 15 31 41 42 43 45
 15 31 38 41 70 72
 15 31 38 41 70 71
 15 31 38 41 68 69 72
 15 31 38 41 68 69 70 71
 15 31 38 41 45 70
 15 31 38 41 45 68 69
 15 31 38 41 43 72
 15 31 38 41 43 70 71
 15 31 38 41 43 45
 15 31 38 39 40 70 72
 15 31 38 39 40 70 71
 15 31 38 39 40 68 69 72
 15 31 38 39 40 68 69 70 71
 15 31 38 39 40 45 70
 15 31 38 39 40 45 68 69
 15 31 38 39 40 43 72
 15 31 38 39 40 43 70 71
 15 31 38 39 40 43 45
 15 31 36 37 41 70 72
 15 31 36 37 41 70 71
 15 31 36 37 41 68 69 72
 15 31 36 37 41 68 69 70 71
 15 31 36 37 41 45 70
 15 31 36 37 41 45 68 69
 15 31 36 37 41 43 72
 15 31 36 37 41 43 70 71
 15 31 36 37 41 43 45
 15 31 36 37 39 40 70 72
 15 31 36 37 39 40 70 71
 15 31 36 37 39 40 68 69 72
 15 31 36 37 39 40 68 69 70 71
 15 31 36 37 39 40 45 70
 15 31 36 37 39 40 45 68 69
 15 31 36 37 39 40 43 72
 15 31 36 37 39 40 43 70 71
 15 31 36 37 39 40 43 45
 15 28 60 72
 15 28 60 70 71
 15 28 45 60
 15 28 41 58 60
 15 28 41 56 72
 15 28 41 56 70 71
 15 28 41 47 58 60
 15 28 41 45 56
 15 28 41 45 46 58 60
 15 28 40 41 47 58 60
 15 28 40 41 45 46 58 60
 15 28 39 40 58 60
 15 28 39 40 56 72
 15 28 39 40 56 70 71
 15 28 39 40 45 56
 15 28 38 41 60
 15 28 38 41 58 60
 15 28 38 41 56 72
 15 28 38 41 56 70 71
 15 28 38 41 47 58 60
 15 28 38 41 45 56
 15 28 38 41 45 46 58 60
 15 28 38 39 41 47 58 60
 15 28 38 39 41 45 46 58 60
 15 28 38 39 40 60
 15 28 38 39 40 58 60
 15 28 38 39 40 56 72
 15 28 38 39 40 56 70 71
 15 28 38 39 40 45 56
 15 28 36 37 41 60
 15 28 36 37 41 58 60
 15 28 36 37 41 56 72
 15 28 36 37 41 56 70 71
 15 28 36 37 41 47 58 60
 15 28 36 37 41 45 56
 15 28 36 37 41 45 46 58 60
 15 28 36 37 39 40 60
 15 28 36 37 39 40 58 60
 15 28 36 37 39 40 56 72
 15 28 36 37 39 40 56 70 71
 15 28 36 37 39 40 47 58 60
 15 28 36 37 39 40 45 56
 15 28 36 37 39 40 45 46 58 60
 15 26 27 60 72
 15 26 27 60 70 71
 15 26 27 45 60
 15 26 27 41 58 60
 15 26 27 41 56 72
 15 26 27 41 56 70 71
 15 26 27 41 47 58 60
 15 26 27 41 45 56
 15 26 27 41 45 46 58 60
 15 26 27 40 41 47 58 60
 15 26 27 40 41 45 46 58 60
 15 26 27 39 40 58 60
 15 26 27 39 40 56 72
 15 26 27 39 40 56 70 71
 15 26 27 39 40 45 56
 15 26 27 38 41 60
 15 26 27 38 41 58 60
 15 26 27 38 41 56 72
 15 26 27 38 41 56 70 71
 15 26 27 38 41 47 58 60
 15 26 27 38 41 45 56
 15 26 27 38 41 45 46 58 60
 15 26 27 38 39 41 47 58 60
 15 26 27 38 39 41 45 46 58 60
 15 26 27 38 39 40 60
 15 26 27 38 39 40 58 60
 15 26 27 38 39 40 56 72
 15 26 27 38 39 40 56 70 71
 15 26 27 38 39 40 45 56
 15 26 27 36 37 41 60
 15 26 27 36 37 41 58 60
 15 26 27 36 37 41 56 72
 15 26 27 36 37 41 56 70 71
 15 26 27 36 37 41 47 58 60
 15 26 27 36 37 41 45 56
 15 26 27 36 37 41 45 46 58 60
 15 26 27 36 37 39 40 60
 15 26 27 36 37 39 40 58 60
 15 26 27 36 37 39 40 56 72
 15 26 27 36 37 39 40 56 70 71
 15 26 27 36 37 39 40 47 58 60
 15 26 27 36 37 39 40 45 56
 15 26 27 36 37 39 40 45 46 58 60
 15 20 28 41 58 60
 15 20 28 40 41 58 60
 15 20 28 38 41 58 60
 15 20 28 38 39 41 58 60
 15 20 28 36 37 41 58 60
 15 20 28 36 37 39 40 58 60
 15 20 26 27 41 58 60
 15 20 26 27 40 41 58 60
 15 20 26 27 38 41 58 60
 15 20 26 27 38 39 41 58 60
 15 20 26 27 36 37 41 58 60
 15 20 26 27 36 37 39 40 58 60
 15 16 58 70 72
 15 16 58 70 71
 15 16 58 68 69 72
 15 16 58 68 69 70 71
 15 16 56 57 70 72
 15 16 56 57 70 71
 15 16 56 57 68 69 72
 15 16 56 57 68 69 70 71
 15 16 45 58 70
 15 16 45 58 68 69
 15 16 45 56 57 70
 15 16 45 56 57 68 69
 15 16 43 58 72
 15 16 43 58 70 71
 15 16 43 56 57 72
 15 16 43 56 57 70 71
 15 16 43 45 58
 15 16 43 45 56 57
 15 16 38 68
 15 16 38 62
 15 16 38 43
 15 16 38 43 62
 15 16 38 41
 15 16 38 41 62
 15 16 38 41 42
 15 16 38 41 42 62
 15 16 38 39 40
 15 16 38 39 40 62
 15 16 36 37 68
 15 16 36 37 62
 15 16 36 37 43
 15 16 36 37 43 62
 15 16 36 37 41
 15 16 36 37 41 62
 15 16 36 37 41 42
 15 16 36 37 41 42 62
 15 16 36 37 39 40
 15 16 36 37 39 40 62
 15 16 31 70 72
 15 16 31 70 71
 15 16 31 68 69 72
 15 16 31 68 69 70 71
 15 16 31 45 70
 15 16 31 45 68 69
 15 16 31 43 72
 15 16 31 43 70 71
 15 16 31 43 45
 15 16 28 68
 15 16 28 62
 15 16 28 47
 15 16 28 47 68
 15 16 28 45 46
 15 16 28 45 46 68
 15 16 28 43
 15 16 28 43 62
 15 16 28 43 47
 15 16 28 43 47 62
 15 16 28 43 45 46
 15 16 28 43 45 46 62
 15 16 28 41
 15 16 28 41 62
 15 16 28 41 47
 15 16 28 41 47 62
 15 16 28 41 45 46
 15 16 28 41 45 46 62
 15 16 28 41 42
 15 16 28 41 42 62
 15 16 28 41 42 47
 15 16 28 41 42 47 62
 15 16 28 41 42 45 46
 15 16 28 41 42 45 46 62
 15 16 28 39 40
 15 16 28 39 40 62
 15 16 28 39 40 47
 15 16 28 39 40 47 62
 15 16 28 39 40 45 46
 15 16 28 39 40 45 46 62
 15 16 26 38
 15 16 26 36 37
 15 16 26 28
 15 16 26 28 47
 15 16 26 28 45 46
 15 16 26 27
 15 16 26 27 68
 15 16 26 27 62
 15 16 26 27 47 68
 15 16 26 27 45 46 68
 15 16 26 27 43
 15 16 26 27 43 62
 15 16 26 27 43 47
 15 16 26 27 43 47 62
 15 16 26 27 43 45 46
 15 16 26 27 43 45 46 62
 15 16 26 27 41
 15 16 26 27 41 62
 15 16 26 27 41 47
 15 16 26 27 41 47 62
 15 16 26 27 41 45 46
 15 16 26 27 41 45 46 62
 15 16 26 27 41 42
 15 16 26 27 41 42 62
 15 16 26 27 41 42 47
 15 16 26 27 41 42 47 62
 15 16 26 27 41 42 45 46
 15 16 26 27 41 42 45 46 62
 15 16 26 27 39 40
 15 16 26 27 39 40 62
 15 16 26 27 39 40 47
 15 16 26 27 39 40 47 62
 15 16 26 27 39 40 45 46
 15 16 26 27 39 40 45 46 62
 15 16 24 25 38
 15 16 24 25 36 37
 15 16 24 25 28
 15 16 24 25 28 47
 15 16 24 25 28 45 46
 15 16 24 25 26 27
 15 16 24 25 26 27 47
 15 16 24 25 26 27 45 46
 15 16 20 28
 15 16 20 28 68
 15 16 20 28 43
 15 16 20 28 43 62
 15 16 20 28 41
 15 16 20 28 41 62
 15 16 20 28 41 42
 15 16 20 28 41 42 62
 15 16 20 28 39 40
 15 16 20 28 39 40 62
 15 16 20 26 28
 15 16 20 26 27 68
 15 16 20 26 27 43
 15 16 20 26 27 43 62
 15 16 20 26 27 41
 15 16 20 26 27 41 62
 15 16 20 26 27 41 42
 15 16 20 26 27 41 42 62
 15 16 20 26 27 39 40
 15 16 20 26 27 39 40 62
 15 16 20 24 25 28
 15 16 20 24 25 26 27
 14 68
 14 60 64
 14 58 60 64 72
 14 58 60 64 70 71
 14 57 58 60 72
 14 57 58 60 70 71
 14 56 57 58 60 64 72
 14 56 57 58 60 64 70 71
 14 55 60
 14 55 58 60 72
 14 55 58 60 70 71
 14 55 56 57 58 60 72
 14 55 56 57 58 60 70 71
 14 47 60 64
 14 47 55 60
 14 45 60 64
 14 45 58 60 64
 14 45 57 58 60
 14 45 56 57 58 60 64
 14 45 55 60
 14 45 55 58 60
 14 45 55 56 57 58 60
 14 45 46 60 64
 14 45 46 55 60
 14 43 44 60 64
 14 43 44 55 60
 14 38 59
 14 38 59 62
 14 38 58 72
 14 38 58 70 71
 14 38 58 60 72
 14 38 58 60 70 71
 14 38 57 58 70 72
 14 38 57 58 70 71
 14 38 57 58 68 69 72
 14 38 57 58 68 69 70 71
 14 38 57 58 60 72
 14 38 57 58 60 70 71
 14 38 56 72
 14 38 56 70 71
 14 38 56 58 70
 14 38 56 58 68 69
 14 38 56 57 72
 14 38 56 57 70 72
 14 38 56 57 68 69 72
 14 38 56 57 68 69 70 71
 14 38 54 55 58 70
 14 38 54 55 58 68 69
 14 38 45 58
 14 38 45 58 60
 14 38 45 57 58 70
 14 38 45 57 58 68 69
 14 38 45 57 58 60
 14 38 45 56
 14 38 45 56 57
 14 38 45 56 57 70
 14 38 45 56 57 68 69
 14 38 43 58
 14 38 43 57 58 72
 14 38 43 57 58 70 71
 14 38 43 56 58
 14 38 43 56 57 72
 14 38 43 56 57 70 71
 14 38 43 54 55 58
 14 38 43 45 57 58
 14 38 43 45 56 57
 14 38 41 42 58
 14 36 37 59
 14 36 37 59 62
 14 36 37 58 72
 14 36 37 58 70 71
 14 36 37 58 60 72
 14 36 37 58 60 70 71
 14 36 37 57 58 70 72
 14 36 37 57 58 70 71
 14 36 37 57 58 68 69 72
 14 36 37 57 58 68 69 70 71
 14 36 37 57 58 60 72
 14 36 37 57 58 60 70 71
 14 36 37 56 72
 14 36 37 56 70 71
 14 36 37 56 58 70
 14 36 37 56 58 68 69
 14 36 37 56 57 72
 14 36 37 56 57 70 72
 14 36 37 56 57 68 69 72
 14 36 37 56 57 68 69 70 71
 14 36 37 54 55 58 70
 14 36 37 54 55 58 68 69
 14 36 37 45 58
 14 36 37 45 58 60
 14 36 37 45 57 58 70
 14 36 37 45 57 58 68 69
 14 36 37 45 57 58 60
 14 36 37 45 56
 14 36 37 45 56 57
 14 36 37 45 56 57 70
 14 36 37 45 56 57 68 69
 14 36 37 43 58
 14 36 37 43 57 58 72
 14 36 37 43 57 58 70 71
 14 36 37 43 56 58
 14 36 37 43 56 57 72
 14 36 37 43 56 57 70 71
 14 36 37 43 54 55 58
 14 36 37 43 45 57 58
 14 36 37 43 45 56 57
 14 36 37 41 42 58
 14 31 58 60 64 72
 14 31 58 60 64 70 71
 14 31 55 58 60 72
 14 31 55 58 60 70 71
 14 31 45 58 60 64
 14 31 45 55 58 60
 14 31 38 57 70 72
 14 31 38 57 70 71
 14 31 38 57 68 69 72
 14 31 38 57 68 69 70 71
 14 31 38 45 57 70
 14 31 38 45 57 68 69
 14 31 38 43 57 72
 14 31 38 43 57 70 71
 14 31 38 43 45 57
 14 31 36 37 57 70 72
 14 31 36 37 57 70 71
 14 31 36 37 57 68 69 72
 14 31 36 37 57 68 69 70 71
 14 31 36 37 45 57 70
 14 31 36 37 45 57 68 69
 14 31 36 37 43 57 72
 14 31 36 37 43 57 70 71
 14 31 36 37 43 45 57
 14 29 38 58 70
 14 29 38 58 68 69
 14 29 38 43 58
 14 29 36 37 58 70
 14 29 36 37 58 68 69
 14 29 36 37 43 58
 14 28 60
 14 28 59
 14 28 59 62
 14 28 58 72
 14 28 58 70 71
 14 28 57 58 60
 14 28 56 58 72
 14 28 56 58 70
 14 28 56 58 70 71
 14 28 56 58 68 69
 14 28 54 55 58 70
 14 28 54 55 58 68 69
 14 28 47 60
 14 28 47 59
 14 28 47 59 62
 14 28 47 57 58 60
 14 28 45 58
 14 28 45 56 58
 14 28 45 46 60
 14 28 45 46 59
 14 28 45 46 59 62
 14 28 45 46 57 58 60
 14 28 43 56 58
 14 28 43 54 55 58
 14 28 40 47 57 58 60
 14 28 40 45 46 57 58 60
 14 28 38 58
 14 28 38 57 60
 14 28 38 57 58 60
 14 28 38 56 72
 14 28 38 56 70 71
 14 28 38 56 57 72
 14 28 38 56 57 70 71
 14 28 38 47 60
 14 28 38 47 57 58 60
 14 28 38 45 56
 14 28 38 45 56 57
 14 28 38 45 46 60
 14 28 38 45 46 57 58 60
 14 28 38 43 58
 14 28 38 41 42 58
 14 28 38 39 47 57 58 60
 14 28 38 39 45 46 57 58 60
 14 28 36 37 58
 14 28 36 37 57 60
 14 28 36 37 57 58 60
 14 28 36 37 56 72
 14 28 36 37 56 70 71
 14 28 36 37 56 57 72
 14 28 36 37 56 57 70 71
 14 28 36 37 47 60
 14 28 36 37 47 57 58 60
 14 28 36 37 45 56
 14 28 36 37 45 56 57
 14 28 36 37 45 46 60
 14 28 36 37 45 46 57 58 60
 14 28 36 37 43 58
 14 28 36 37 41 42 58
 14 28 31 56 72
 14 28 31 56 70 71
 14 28 31 45 56
 14 28 29 58 70
 14 28 29 58 68 69
 14 28 29 43 58
 14 26
 14 26 27 60
 14 26 27 59
 14 26 27 59 62
 14 26 27 58 72
 14 26 27 58 70 71
 14 26 27 57 58 60
 14 26 27 56 58 72
 14 26 27 56 58 70
 14 26 27 56 58 70 71
 14 26 27 56 58 68 69
 14 26 27 54 55 58 70
 14 26 27 54 55 58 68 69
 14 26 27 47 60
 14 26 27 47 59
 14 26 27 47 59 62
 14 26 27 47 57 58 60
 14 26 27 45 58
 14 26 27 45 56 58
 14 26 27 45 46 60
 14 26 27 45 46 59
 14 26 27 45 46 59 62
 14 26 27 45 46 57 58 60
 14 26 27 43 56 58
 14 26 27 43 54 55 58
 14 26 27 40 47 57 58 60
 14 26 27 40 45 46 57 58 60
 14 26 27 38 58
 14 26 27 38 57 60
 14 26 27 38 57 58 60
 14 26 27 38 56 72
 14 26 27 38 56 70 71
 14 26 27 38 56 57 72
 14 26 27 38 56 57 70 71
 14 26 27 38 47 60
 14 26 27 38 47 57 58 60
 14 26 27 38 45 56
 14 26 27 38 45 56 57
 14 26 27 38 45 46 60
 14 26 27 38 45 46 57 58 60
 14 26 27 38 43 58
 14 26 27 38 41 42 58
 14 26 27 38 39 47 57 58 60
 14 26 27 38 39 45 46 57 58 60
 14 26 27 36 37 58
 14 26 27 36 37 57 60
 14 26 27 36 37 57 58 60
 14 26 27 36 37 56 72
 14 26 27 36 37 56 70 71
 14 26 27 36 37 56 57 72
 14 26 27 36 37 56 57 70 71
 14 26 27 36 37 47 60
 14 26 27 36 37 47 57 58 60
 14 26 27 36 37 45 56
 14 26 27 36 37 45 56 57
 14 26 27 36 37 45 46 60
 14 26 27 36 37 45 46 57 58 60
 14 26 27 36 37 43 58
 14 26 27 36 37 41 42 58
 14 26 27 31 56 72
 14 26 27 31 56 70 71
 14 26 27 31 45 56
 14 26 27 29 58 70
 14 26 27 29 58 68 69
 14 26 27 29 43 58
 14 24 25
 14 20 60 64
 14 20 55 60
 14 20 28 60
 14 20 28 59
 14 20 28 59 62
 14 20 28 57 58 60
 14 20 28 40 57 58 60
 14 20 28 38 60
 14 20 28 38 57 58 60
 14 20 28 38 39 57 58 60
 14 20 28 36 37 60
 14 20 28 36 37 57 58 60
 14 20 26 27 60
 14 20 26 27 59
 14 20 26 27 59 62
 14 20 26 27 57 58 60
 14 20 26 27 40 57 58 60
 14 20 26 27 38 60
 14 20 26 27 38 57 58 60
 14 20 26 27 38 39 57 58 60
 14 20 26 27 36 37 60
 14 20 26 27 36 37 57 58 60
 14 18 60 64
 14 18 55 60
 14 17 38
 14 17 38 62
 14 17 36 37
 14 17 36 37 62
 14 17 28
 14 17 28 62
 14 17 28 47
 14 17 28 47 62
 14 17 28 45 46
 14 17 28 45 46 62
 14 17 26 27
 14 17 26 27 62
 14 17 26 27 47
 14 17 26 27 47 62
 14 17 26 27 45 46
 14 17 26 27 45 46 62
 14 17 20 28
 14 17 20 28 62
 14 17 20 26 27
 14 17 20 26 27 62
 14 16 38 58
 14 16 36 37 58
 14 16 28 38 58
 14 16 28 36 37 58
 14 16 26 27 38 58
 14 16 26 27 36 37 58
 14 15 58 60 72
 14 15 58 60 70 71
 14 15 45 58 60
 14 15 38 58 70 72
 14 15 38 58 70 71
 14 15 38 58 68 69 72
 14 15 38 58 68 69 70 71
 14 15 38 58 60 72
 14 15 38 58 60 70 71
 14 15 38 56 72
 14 15 38 56 70 71
 14 15 38 56 57 70 72
 14 15 38 56 57 70 71
 14 15 38 56 57 68 69 72
 14 15 38 56 57 68 69 70 71
 14 15 38 45 58 70
 14 15 38 45 58 68 69
 14 15 38 45 58 60
 14 15 38 45 56
 14 15 38 45 56 57 70
 14 15 38 45 56 57 68 69
 14 15 38 43 58 72
 14 15 38 43 58 70 71
 14 15 38 43 56 57 72
 14 15 38 43 56 57 70 71
 14 15 38 43 45 58
 14 15 38 43 45 56 57
 14 15 36 37 58 70 72
 14 15 36 37 58 70 71
 14 15 36 37 58 68 69 72
 14 15 36 37 58 68 69 70 71
 14 15 36 37 58 60 72
 14 15 36 37 58 60 70 71
 14 15 36 37 56 72
 14 15 36 37 56 70 71
 14 15 36 37 56 57 70 72
 14 15 36 37 56 57 70 71
 14 15 36 37 56 57 68 69 72
 14 15 36 37 56 57 68 69 70 71
 14 15 36 37 45 58 70
 14 15 36 37 45 58 68 69
 14 15 36 37 45 58 60
 14 15 36 37 45 56
 14 15 36 37 45 56 57 70
 14 15 36 37 45 56 57 68 69
 14 15 36 37 43 58 72
 14 15 36 37 43 58 70 71
 14 15 36 37 43 56 57 72
 14 15 36 37 43 56 57 70 71
 14 15 36 37 43 45 58
 14 15 36 37 43 45 56 57
 14 15 31 38 70 72
 14 15 31 38 70 71
 14 15 31 38 68 69 72
 14 15 31 38 68 69 70 71
 14 15 31 38 45 70
 14 15 31 38 45 68 69
 14 15 31 38 43 72
 14 15 31 38 43 70 71
 14 15 31 38 43 45
 14 15 31 36 37 70 72
 14 15 31 36 37 70 71
 14 15 31 36 37 68 69 72
 14 15 31 36 37 68 69 70 71
 14 15 31 36 37 45 70
 14 15 31 36 37 45 68 69
 14 15 31 36 37 43 72
 14 15 31 36 37 43 70 71
 14 15 31 36 37 43 45
 14 15 28 58 60
 14 15 28 56 72
 14 15 28 56 70 71
 14 15 28 47 58 60
 14 15 28 45 56
 14 15 28 45 46 58 60
 14 15 28 40 47 58 60
 14 15 28 40 45 46 58 60
 14 15 28 38 60
 14 15 28 38 58 60
 14 15 28 38 56 72
 14 15 28 38 56 70 71
 14 15 28 38 47 58 60
 14 15 28 38 45 56
 14 15 28 38 45 46 58 60
 14 15 28 38 39 47 58 60
 14 15 28 38 39 45 46 58 60
 14 15 28 36 37 60
 14 15 28 36 37 58 60
 14 15 28 36 37 56 72
 14 15 28 36 37 56 70 71
 14 15 28 36 37 47 58 60
 14 15 28 36 37 45 56
 14 15 28 36 37 45 46 58 60
 14 15 26 27 58 60
 14 15 26 27 56 72
 14 15 26 27 56 70 71
 14 15 26 27 47 58 60
 14 15 26 27 45 56
 14 15 26 27 45 46 58 60
 14 15 26 27 40 47 58 60
 14 15 26 27 40 45 46 58 60
 14 15 26 27 38 60
 14 15 26 27 38 58 60
 14 15 26 27 38 56 72
 14 15 26 27 38 56 70 71
 14 15 26 27 38 47 58 60
 14 15 26 27 38 45 56
 14 15 26 27 38 45 46 58 60
 14 15 26 27 38 39 47 58 60
 14 15 26 27 38 39 45 46 58 60
 14 15 26 27 36 37 60
 14 15 26 27 36 37 58 60
 14 15 26 27 36 37 56 72
 14 15 26 27 36 37 56 70 71
 14 15 26 27 36 37 47 58 60
 14 15 26 27 36 37 45 56
 14 15 26 27 36 37 45 46 58 60
 14 15 20 28 58 60
 14 15 20 28 40 58 60
 14 15 20 28 38 58 60
 14 15 20 28 38 39 58 60
 14 15 20 28 36 37 58 60
 14 15 20 26 27 58 60
 14 15 20 26 27 40 58 60
 14 15 20 26 27 38 58 60
 14 15 20 26 27 38 39 58 60
 14 15 20 26 27 36 37 58 60
 14 15 16 38
 14 15 16 38 62
 14 15 16 36 37
 14 15 16 36 37 62
 14 15 16 28
 14 15 16 28 62
 14 15 16 28 47
 14 15 16 28 47 62
 14 15 16 28 45 46
 14 15 16 28 45 46 62
 14 15 16 26 27
 14 15 16 26 27 62
 14 15 16 26 27 47
 14 15 16 26 27 47 62
 14 15 16 26 27 45 46
 14 15 16 26 27 45 46 62
 14 15 16 20 28
 14 15 16 20 28 62
 14 15 16 20 26 27
 14 15 16 20 26 27 62
 13 43 60
 13 41 60
 13 41 58 60 72
 13 41 58 60 70 71
 13 41 56 57 58 60 72
 13 41 56 57 58 60 70 71
 13 41 47 60
 13 41 45 60
 13 41 45 58 60
 13 41 45 56 57 58 60
 13 41 45 46 60
 13 41 43 44 60
 13 41 42 60
 13 39 40 60
 13 39 40 58 60 72
 13 39 40 58 60 70 71
 13 39 40 56 57 58 60 72
 13 39 40 56 57 58 60 70 71
 13 39 40 47 60
 13 39 40 45 60
 13 39 40 45 58 60
 13 39 40 45 56 57 58 60
 13 39 40 45 46 60
 13 39 40 43 44 60
 13 31 41 58 60 72
 13 31 41 58 60 70 71
 13 31 41 45 58 60
 13 31 39 40 58 60 72
 13 31 39 40 58 60 70 71
 13 31 39 40 45 58 60
 13 28 41 47 57 58 60
 13 28 41 45 46 57 58 60
 13 28 39 40 47 57 58 60
 13 28 39 40 45 46 57 58 60
 13 26 27 41 47 57 58 60
 13 26 27 41 45 46 57 58 60
 13 26 27 39 40 47 57 58 60
 13 26 27 39 40 45 46 57 58 60
 13 20 41 60
 13 20 39 40 60
 13 20 28 41 57 58 60
 13 20 28 39 40 57 58 60
 13 20 26 27 41 57 58 60
 13 20 26 27 39 40 57 58 60
 13 18 41 60
 13 18 39 40 60
 13 16 60
 13 15 28 41 47 58 60
 13 15 28 41 45 46 58 60
 13 15 28 39 40 47 58 60
 13 15 28 39 40 45 46 58 60
 13 15 26 27 41 47 58 60
 13 15 26 27 41 45 46 58 60
 13 15 26 27 39 40 47 58 60
 13 15 26 27 39 40 45 46 58 60
 13 15 20 28 41 58 60
 13 15 20 28 39 40 58 60
 13 15 20 26 27 41 58 60
 13 15 20 26 27 39 40 58 60
 13 14 60
 13 14 47 60
 13 14 45 60
 13 14 45 46 60
 13 14 43 58 72
 13 14 43 58 70 72
 13 14 43 58 68 69 72
 13 14 43 58 68 69 70 71
 13 14 43 56 57 72
 13 14 43 56 57 70 72
 13 14 43 56 57 68 69 72
 13 14 43 56 57 68 69 70 71
 13 14 43 45 58
 13 14 43 45 58 70
 13 14 43 45 58 68 69
 13 14 43 45 56 57
 13 14 43 45 56 57 70
 13 14 43 45 56 57 68 69
 13 14 43 44 60
 13 14 41 58 60 72
 13 14 41 58 60 70 71
 13 14 41 45 58 60
 13 14 41 42 58 70 72
 13 14 41 42 58 70 71
 13 14 41 42 58 68 69 72
 13 14 41 42 58 68 69 70 71
 13 14 41 42 56 57 70 72
 13 14 41 42 56 57 70 71
 13 14 41 42 56 57 68 69 72
 13 14 41 42 56 57 68 69 70 71
 13 14 41 42 45 58 70
 13 14 41 42 45 58 68 69
 13 14 41 42 45 56 57 70
 13 14 41 42 45 56 57 68 69
 13 14 41 42 43 58 72
 13 14 41 42 43 58 70 71
 13 14 41 42 43 56 57 72
 13 14 41 42 43 56 57 70 71
 13 14 41 42 43 45 58
 13 14 41 42 43 45 56 57
 13 14 39 40 58 60 72
 13 14 39 40 58 60 70 71
 13 14 39 40 45 58 60
 13 14 38 58 70 72
 13 14 38 58 70 71
 13 14 38 58 68 69 72
 13 14 38 58 68 69 70 71
 13 14 38 58 60 72
 13 14 38 58 60 70 71
 13 14 38 56 72
 13 14 38 56 70 71
 13 14 38 56 57 70 72
 13 14 38 56 57 70 71
 13 14 38 56 57 68 69 72
 13 14 38 56 57 68 69 70 71
 13 14 38 45 58 70
 13 14 38 45 58 68 69
 13 14 38 45 58 60
 13 14 38 45 56
 13 14 38 45 56 57 70
 13 14 38 45 56 57 68 69
 13 14 38 43 58 72
 13 14 38 43 58 70 71
 13 14 38 43 56 57 72
 13 14 38 43 56 57 70 71
 13 14 38 43 45 58
 13 14 38 43 45 56 57
 13 14 38 41 58 70 72
 13 14 38 41 58 70 71
 13 14 38 41 58 68 69 72
 13 14 38 41 58 68 69 70 71
 13 14 38 41 58 60 72
 13 14 38 41 58 60 70 71
 13 14 38 41 56 72
 13 14 38 41 56 70 71
 13 14 38 41 56 57 70 72
 13 14 38 41 56 57 70 71
 13 14 38 41 56 57 68 69 72
 13 14 38 41 56 57 68 69 70 71
 13 14 38 41 45 58 70
 13 14 38 41 45 58 68 69
 13 14 38 41 45 58 60
 13 14 38 41 45 56
 13 14 38 41 45 56 57 70
 13 14 38 41 45 56 57 68 69
 13 14 38 41 43 58 72
 13 14 38 41 43 58 70 71
 13 14 38 41 43 56 57 72
 13 14 38 41 43 56 57 70 71
 13 14 38 41 43 45 58
 13 14 38 41 43 45 56 57
 13 14 38 39 40 58 70 72
 13 14 38 39 40 58 70 71
 13 14 38 39 40 58 68 69 72
 13 14 38 39 40 58 68 69 70 71
 13 14 38 39 40 58 60 72
 13 14 38 39 40 58 60 70 71
 13 14 38 39 40 56 72
 13 14 38 39 40 56 70 71
 13 14 38 39 40 56 57 70 72
 13 14 38 39 40 56 57 70 71
 13 14 38 39 40 56 57 68 69 72
 13 14 38 39 40 56 57 68 69 70 71
 13 14 38 39 40 45 58 70
 13 14 38 39 40 45 58 68 69
 13 14 38 39 40 45 58 60
 13 14 38 39 40 45 56
 13 14 38 39 40 45 56 57 70
 13 14 38 39 40 45 56 57 68 69
 13 14 38 39 40 43 58 72
 13 14 38 39 40 43 58 70 71
 13 14 38 39 40 43 56 57 72
 13 14 38 39 40 43 56 57 70 71
 13 14 38 39 40 43 45 58
 13 14 38 39 40 43 45 56 57
 13 14 36 37 58 70 72
 13 14 36 37 58 70 71
 13 14 36 37 58 68 69 72
 13 14 36 37 58 68 69 70 71
 13 14 36 37 58 60 72
 13 14 36 37 58 60 70 71
 13 14 36 37 56 72
 13 14 36 37 56 70 71
 13 14 36 37 56 57 70 72
 13 14 36 37 56 57 70 71
 13 14 36 37 56 57 68 69 72
 13 14 36 37 56 57 68 69 70 71
 13 14 36 37 45 58 70
 13 14 36 37 45 58 68 69
 13 14 36 37 45 58 60
 13 14 36 37 45 56
 13 14 36 37 45 56 57 70
 13 14 36 37 45 56 57 68 69
 13 14 36 37 43 58 72
 13 14 36 37 43 58 70 71
 13 14 36 37 43 56 57 72
 13 14 36 37 43 56 57 70 71
 13 14 36 37 43 45 58
 13 14 36 37 43 45 56 57
 13 14 36 37 41 58 70 72
 13 14 36 37 41 58 70 71
 13 14 36 37 41 58 68 69 72
 13 14 36 37 41 58 68 69 70 71
 13 14 36 37 41 58 60 72
 13 14 36 37 41 58 60 70 71
 13 14 36 37 41 56 72
 13 14 36 37 41 56 70 71
 13 14 36 37 41 56 57 70 72
 13 14 36 37 41 56 57 70 71
 13 14 36 37 41 56 57 68 69 72
 13 14 36 37 41 56 57 68 69 70 71
 13 14 36 37 41 45 58 70
 13 14 36 37 41 45 58 68 69
 13 14 36 37 41 45 58 60
 13 14 36 37 41 45 56
 13 14 36 37 41 45 56 57 70
 13 14 36 37 41 45 56 57 68 69
 13 14 36 37 41 43 58 72
 13 14 36 37 41 43 58 70 71
 13 14 36 37 41 43 56 57 72
 13 14 36 37 41 43 56 57 70 71
 13 14 36 37 41 43 45 58
 13 14 36 37 41 43 45 56 57
 13 14 36 37 39 40 58 70 72
 13 14 36 37 39 40 58 70 71
 13 14 36 37 39 40 58 68 69 72
 13 14 36 37 39 40 58 68 69 70 71
 13 14 36 37 39 40 58 60 72
 13 14 36 37 39 40 58 60 70 71
 13 14 36 37 39 40 56 72
 13 14 36 37 39 40 56 70 71
 13 14 36 37 39 40 56 57 70 72
 13 14 36 37 39 40 56 57 70 71
 13 14 36 37 39 40 56 57 68 69 72
 13 14 36 37 39 40 56 57 68 69 70 71
 13 14 36 37 39 40 45 58 70
 13 14 36 37 39 40 45 58 68 69
 13 14 36 37 39 40 45 58 60
 13 14 36 37 39 40 45 56
 13 14 36 37 39 40 45 56 57 70
 13 14 36 37 39 40 45 56 57 68 69
 13 14 36 37 39 40 43 58 72
 13 14 36 37 39 40 43 58 70 71
 13 14 36 37 39 40 43 56 57 72
 13 14 36 37 39 40 43 56 57 70 71
 13 14 36 37 39 40 43 45 58
 13 14 36 37 39 40 43 45 56 57
 13 14 31 43 72
 13 14 31 43 70 72
 13 14 31 43 68 69 72
 13 14 31 43 68 69 70 71
 13 14 31 43 45
 13 14 31 43 45 70
 13 14 31 43 45 68 69
 13 14 31 41 42 70 72
 13 14 31 41 42 70 71
 13 14 31 41 42 68 69 72
 13 14 31 41 42 68 69 70 71
 13 14 31 41 42 45 70
 13 14 31 41 42 45 68 69
 13 14 31 41 42 43 72
 13 14 31 41 42 43 70 71
 13 14 31 41 42 43 45
 13 14 31 38 70 72
 13 14 31 38 70 71
 13 14 31 38 68 69 72
 13 14 31 38 68 69 70 71
 13 14 31 38 45 70
 13 14 31 38 45 68 69
 13 14 31 38 43 72
 13 14 31 38 43 70 71
 13 14 31 38 43 45
 13 14 31 38 41 70 72
 13 14 31 38 41 70 71
 13 14 31 38 41 68 69 72
 13 14 31 38 41 68 69 70 71
 13 14 31 38 41 45 70
 13 14 31 38 41 45 68 69
 13 14 31 38 41 43 72
 13 14 31 38 41 43 70 71
 13 14 31 38 41 43 45
 13 14 31 38 39 40 70 72
 13 14 31 38 39 40 70 71
 13 14 31 38 39 40 68 69 72
 13 14 31 38 39 40 68 69 70 71
 13 14 31 38 39 40 45 70
 13 14 31 38 39 40 45 68 69
 13 14 31 38 39 40 43 72
 13 14 31 38 39 40 43 70 71
 13 14 31 38 39 40 43 45
 13 14 31 36 37 70 72
 13 14 31 36 37 70 71
 13 14 31 36 37 68 69 72
 13 14 31 36 37 68 69 70 71
 13 14 31 36 37 45 70
 13 14 31 36 37 45 68 69
 13 14 31 36 37 43 72
 13 14 31 36 37 43 70 71
 13 14 31 36 37 43 45
 13 14 31 36 37 41 70 72
 13 14 31 36 37 41 70 71
 13 14 31 36 37 41 68 69 72
 13 14 31 36 37 41 68 69 70 71
 13 14 31 36 37 41 45 70
 13 14 31 36 37 41 45 68 69
 13 14 31 36 37 41 43 72
 13 14 31 36 37 41 43 70 71
 13 14 31 36 37 41 43 45
 13 14 31 36 37 39 40 70 72
 13 14 31 36 37 39 40 70 71
 13 14 31 36 37 39 40 68 69 72
 13 14 31 36 37 39 40 68 69 70 71
 13 14 31 36 37 39 40 45 70
 13 14 31 36 37 39 40 45 68 69
 13 14 31 36 37 39 40 43 72
 13 14 31 36 37 39 40 43 70 71
 13 14 31 36 37 39 40 43 45
 13 14 28 60 72
 13 14 28 60 70 71
 13 14 28 58 60
 13 14 28 56 72
 13 14 28 56 70 71
 13 14 28 47 57 58 60
 13 14 28 45 60
 13 14 28 45 56
 13 14 28 45 46 57 58 60
 13 14 28 41 58 60
 13 14 28 41 56 72
 13 14 28 41 56 70 71
 13 14 28 41 45 56
 13 14 28 40 47 58 60
 13 14 28 40 45 46 58 60
 13 14 28 40 41 47 58 60
 13 14 28 40 41 45 46 58 60
 13 14 28 39 40 58 60
 13 14 28 39 40 56 72
 13 14 28 39 40 56 70 71
 13 14 28 39 40 47 58 60
 13 14 28 39 40 45 56
 13 14 28 39 40 45 46 58 60
 13 14 28 38 60
 13 14 28 38 58 60
 13 14 28 38 56 72
 13 14 28 38 56 70 71
 13 14 28 38 47 58 60
 13 14 28 38 45 56
 13 14 28 38 45 46 58 60
 13 14 28 38 41 60
 13 14 28 38 41 58 60
 13 14 28 38 41 56 72
 13 14 28 38 41 56 70 71
 13 14 28 38 41 47 58 60
 13 14 28 38 41 45 56
 13 14 28 38 41 45 46 58 60
 13 14 28 38 39 47 58 60
 13 14 28 38 39 45 46 58 60
 13 14 28 38 39 41 47 58 60
 13 14 28 38 39 41 45 46 58 60
 13 14 28 38 39 40 60
 13 14 28 38 39 40 58 60
 13 14 28 38 39 40 56 72
 13 14 28 38 39 40 56 70 71
 13 14 28 38 39 40 45 56
 13 14 28 36 37 60
 13 14 28 36 37 58 60
 13 14 28 36 37 56 72
 13 14 28 36 37 56 70 71
 13 14 28 36 37 47 58 60
 13 14 28 36 37 45 56
 13 14 28 36 37 45 46 58 60
 13 14 28 36 37 41 60
 13 14 28 36 37 41 58 60
 13 14 28 36 37 41 56 72
 13 14 28 36 37 41 56 70 71
 13 14 28 36 37 41 47 58 60
 13 14 28 36 37 41 45 56
 13 14 28 36 37 41 45 46 58 60
 13 14 28 36 37 39 40 60
 13 14 28 36 37 39 40 58 60
 13 14 28 36 37 39 40 56 72
 13 14 28 36 37 39 40 56 70 71
 13 14 28 36 37 39 40 47 58 60
 13 14 28 36 37 39 40 45 56
 13 14 28 36 37 39 40 45 46 58 60
 13 14 26 27 60 72
 13 14 26 27 60 70 71
 13 14 26 27 58 60
 13 14 26 27 56 72
 13 14 26 27 56 70 71
 13 14 26 27 47 57 58 60
 13 14 26 27 45 60
 13 14 26 27 45 56
 13 14 26 27 45 46 57 58 60
 13 14 26 27 41 58 60
 13 14 26 27 41 56 72
 13 14 26 27 41 56 70 71
 13 14 26 27 41 45 56
 13 14 26 27 40 47 58 60
 13 14 26 27 40 45 46 58 60
 13 14 26 27 40 41 47 58 60
 13 14 26 27 40 41 45 46 58 60
 13 14 26 27 39 40 58 60
 13 14 26 27 39 40 56 72
 13 14 26 27 39 40 56 70 71
 13 14 26 27 39 40 47 58 60
 13 14 26 27 39 40 45 56
 13 14 26 27 39 40 45 46 58 60
 13 14 26 27 38 60
 13 14 26 27 38 58 60
 13 14 26 27 38 56 72
 13 14 26 27 38 56 70 71
 13 14 26 27 38 47 58 60
 13 14 26 27 38 45 56
 13 14 26 27 38 45 46 58 60
 13 14 26 27 38 41 60
 13 14 26 27 38 41 58 60
 13 14 26 27 38 41 56 72
 13 14 26 27 38 41 56 70 71
 13 14 26 27 38 41 47 58 60
 13 14 26 27 38 41 45 56
 13 14 26 27 38 41 45 46 58 60
 13 14 26 27 38 39 47 58 60
 13 14 26 27 38 39 45 46 58 60
 13 14 26 27 38 39 41 47 58 60
 13 14 26 27 38 39 41 45 46 58 60
 13 14 26 27 38 39 40 60
 13 14 26 27 38 39 40 58 60
 13 14 26 27 38 39 40 56 72
 13 14 26 27 38 39 40 56 70 71
 13 14 26 27 38 39 40 45 56
 13 14 26 27 36 37 60
 13 14 26 27 36 37 58 60
 13 14 26 27 36 37 56 72
 13 14 26 27 36 37 56 70 71
 13 14 26 27 36 37 47 58 60
 13 14 26 27 36 37 45 56
 13 14 26 27 36 37 45 46 58 60
 13 14 26 27 36 37 41 60
 13 14 26 27 36 37 41 58 60
 13 14 26 27 36 37 41 56 72
 13 14 26 27 36 37 41 56 70 71
 13 14 26 27 36 37 41 47 58 60
 13 14 26 27 36 37 41 45 56
 13 14 26 27 36 37 41 45 46 58 60
 13 14 26 27 36 37 39 40 60
 13 14 26 27 36 37 39 40 58 60
 13 14 26 27 36 37 39 40 56 72
 13 14 26 27 36 37 39 40 56 70 71
 13 14 26 27 36 37 39 40 47 58 60
 13 14 26 27 36 37 39 40 45 56
 13 14 26 27 36 37 39 40 45 46 58 60
 13 14 20 60
 13 14 20 28 57 58 60
 13 14 20 28 40 58 60
 13 14 20 28 40 41 58 60
 13 14 20 28 39 40 58 60
 13 14 20 28 38 58 60
 13 14 20 28 38 41 58 60
 13 14 20 28 38 39 58 60
 13 14 20 28 38 39 41 58 60
 13 14 20 28 36 37 58 60
 13 14 20 28 36 37 41 58 60
 13 14 20 28 36 37 39 40 58 60
 13 14 20 26 27 57 58 60
 13 14 20 26 27 40 58 60
 13 14 20 26 27 40 41 58 60
 13 14 20 26 27 39 40 58 60
 13 14 20 26 27 38 58 60
 13 14 20 26 27 38 41 58 60
 13 14 20 26 27 38 39 58 60
 13 14 20 26 27 38 39 41 58 60
 13 14 20 26 27 36 37 58 60
 13 14 20 26 27 36 37 41 58 60
 13 14 20 26 27 36 37 39 40 58 60
 13 14 18 60
 13 14 16 58 70 72
 13 14 16 58 70 71
 13 14 16 58 68 69 72
 13 14 16 58 68 69 70 71
 13 14 16 56 57 70 72
 13 14 16 56 57 70 71
 13 14 16 56 57 68 69 72
 13 14 16 56 57 68 69 70 71
 13 14 16 45 58 70
 13 14 16 45 58 68 69
 13 14 16 45 56 57 70
 13 14 16 45 56 57 68 69
 13 14 16 43 58 72
 13 14 16 43 58 70 71
 13 14 16 43 56 57 72
 13 14 16 43 56 57 70 71
 13 14 16 43 45 58
 13 14 16 43 45 56 57
 13 14 16 31 70 72
 13 14 16 31 70 71
 13 14 16 31 68 69 72
 13 14 16 31 68 69 70 71
 13 14 16 31 45 70
 13 14 16 31 45 68 69
 13 14 16 31 43 72
 13 14 16 31 43 70 71
 13 14 16 31 43 45
 13 14 15 28 47 58 60
 13 14 15 28 45 46 58 60
 13 14 15 26 27 47 58 60
 13 14 15 26 27 45 46 58 60
 13 14 15 20 28 58 60
 13 14 15 20 26 27 58 60
 11 60
 11 59
 11 59 68
 11 58
 11 43 60
 11 43 59
 11 43 59 62
 11 43 56 72
 11 43 56 70 71
 11 43 45 56
 11 41 59
 11 41 59 62
 11 41 58 72
 11 41 58 70 71
 11 41 58 60 72
 11 41 58 60 70 71
 11 41 57 58 70 72
 11 41 57 58 70 71
 11 41 57 58 68 69 72
 11 41 57 58 68 69 70 71
 11 41 57 58 60 72
 11 41 57 58 60 70 71
 11 41 56 72
 11 41 56 70 71
 11 41 56 58 70
 11 41 56 58 68 69
 11 41 56 57 72
 11 41 56 57 70 72
 11 41 56 57 68 69 72
 11 41 56 57 68 69 70 71
 11 41 54 55 58 70
 11 41 54 55 58 68 69
 11 41 45 58
 11 41 45 58 60
 11 41 45 57 58 70
 11 41 45 57 58 68 69
 11 41 45 57 58 60
 11 41 45 56
 11 41 45 56 57
 11 41 45 56 57 70
 11 41 45 56 57 68 69
 11 41 43 58
 11 41 43 57 58 72
 11 41 43 57 58 70 71
 11 41 43 56 58
 11 41 43 56 57 72
 11 41 43 56 57 70 71
 11 41 43 54 55 58
 11 41 43 45 57 58
 11 41 43 45 56 57
 11 41 42 60
 11 41 42 59
 11 41 42 59 62
 11 41 42 58
 11 41 42 56 72
 11 41 42 56 70 71
 11 41 42 45 56
 11 39 40 59
 11 39 40 59 62
 11 39 40 58 72
 11 39 40 58 70 71
 11 39 40 58 60 72
 11 39 40 58 60 70 71
 11 39 40 57 58 70 72
 11 39 40 57 58 70 71
 11 39 40 57 58 68 69 72
 11 39 40 57 58 68 69 70 71
 11 39 40 57 58 60 72
 11 39 40 57 58 60 70 71
 11 39 40 56 72
 11 39 40 56 70 71
 11 39 40 56 58 70
 11 39 40 56 58 68 69
 11 39 40 56 57 72
 11 39 40 56 57 70 72
 11 39 40 56 57 68 69 72
 11 39 40 56 57 68 69 70 71
 11 39 40 54 55 58 70
 11 39 40 54 55 58 68 69
 11 39 40 45 58
 11 39 40 45 58 60
 11 39 40 45 57 58 70
 11 39 40 45 57 58 68 69
 11 39 40 45 57 58 60
 11 39 40 45 56
 11 39 40 45 56 57
 11 39 40 45 56 57 70
 11 39 40 45 56 57 68 69
 11 39 40 43 58
 11 39 40 43 57 58 72
 11 39 40 43 57 58 70 71
 11 39 40 43 56 58
 11 39 40 43 56 57 72
 11 39 40 43 56 57 70 71
 11 39 40 43 54 55 58
 11 39 40 43 45 57 58
 11 39 40 43 45 56 57
 11 39 40 41 42 58
 11 31 41 57 70 72
 11 31 41 57 70 71
 11 31 41 57 68 69 72
 11 31 41 57 68 69 70 71
 11 31 41 45 57 70
 11 31 41 45 57 68 69
 11 31 41 43 57 72
 11 31 41 43 57 70 71
 11 31 41 43 45 57
 11 31 39 40 57 70 72
 11 31 39 40 57 70 71
 11 31 39 40 57 68 69 72
 11 31 39 40 57 68 69 70 71
 11 31 39 40 45 57 70
 11 31 39 40 45 57 68 69
 11 31 39 40 43 57 72
 11 31 39 40 43 57 70 71
 11 31 39 40 43 45 57
 11 29 41 58 70
 11 29 41 58 68 69
 11 29 41 43 58
 11 29 39 40 58 70
 11 29 39 40 58 68 69
 11 29 39 40 43 58
 11 28 58 72
 11 28 58 70 71
 11 28 45 58
 11 28 43 60
 11 28 43 58 60
 11 28 43 47 58
 11 28 43 45 46 58
 11 28 41 58
 11 28 41 57 60
 11 28 41 57 58 60
 11 28 41 56 72
 11 28 41 56 70 71
 11 28 41 56 57 72
 11 28 41 56 57 70 71
 11 28 41 47 60
 11 28 41 47 57 58 60
 11 28 41 45 56
 11 28 41 45 56 57
 11 28 41 45 46 60
 11 28 41 45 46 57 58 60
 11 28 41 43 58
 11 28 41 42 60
 11 28 41 42 58
 11 28 41 42 58 60
 11 28 41 42 47 58
 11 28 41 42 45 46 58
 11 28 39 40 58
 11 28 39 40 57 60
 11 28 39 40 57 58 60
 11 28 39 40 56 72
 11 28 39 40 56 70 71
 11 28 39 40 56 57 72
 11 28 39 40 56 57 70 71
 11 28 39 40 47 60
 11 28 39 40 47 57 58 60
 11 28 39 40 45 56
 11 28 39 40 45 56 57
 11 28 39 40 45 46 60
 11 28 39 40 45 46 57 58 60
 11 28 39 40 43 58
 11 28 39 40 41 42 58
 11 26 59
 11 26 27 58 72
 11 26 27 58 70 71
 11 26 27 45 58
 11 26 27 43 60
 11 26 27 43 58 60
 11 26 27 43 47 58
 11 26 27 43 45 46 58
 11 26 27 41 58
 11 26 27 41 57 60
 11 26 27 41 57 58 60
 11 26 27 41 56 72
 11 26 27 41 56 70 71
 11 26 27 41 56 57 72
 11 26 27 41 56 57 70 71
 11 26 27 41 47 60
 11 26 27 41 47 57 58 60
 11 26 27 41 45 56
 11 26 27 41 45 56 57
 11 26 27 41 45 46 60
 11 26 27 41 45 46 57 58 60
 11 26 27 41 43 58
 11 26 27 41 42 60
 11 26 27 41 42 58
 11 26 27 41 42 58 60
 11 26 27 41 42 47 58
 11 26 27 41 42 45 46 58
 11 26 27 39 40 58
 11 26 27 39 40 57 60
 11 26 27 39 40 57 58 60
 11 26 27 39 40 56 72
 11 26 27 39 40 56 70 71
 11 26 27 39 40 56 57 72
 11 26 27 39 40 56 57 70 71
 11 26 27 39 40 47 60
 11 26 27 39 40 47 57 58 60
 11 26 27 39 40 45 56
 11 26 27 39 40 45 56 57
 11 26 27 39 40 45 46 60
 11 26 27 39 40 45 46 57 58 60
 11 26 27 39 40 43 58
 11 26 27 39 40 41 42 58
 11 24 25 59
 11 20 28 43 58
 11 20 28 41 60
 11 20 28 41 57 58 60
 11 20 28 41 42 58
 11 20 28 39 40 60
 11 20 28 39 40 57 58 60
 11 20 26 27 43 58
 11 20 26 27 41 60
 11 20 26 27 41 57 58 60
 11 20 26 27 41 42 58
 11 20 26 27 39 40 60
 11 20 26 27 39 40 57 58 60
 11 17
 11 17 68
 11 17 43
 11 17 43 62
 11 17 41
 11 17 41 62
 11 17 41 42
 11 17 41 42 62
 11 17 39 40
 11 17 39 40 62
 11 17 26
 11 17 24 25
 11 16 60
 11 16 59
 11 16 59 62
 11 16 56 72
 11 16 56 70 71
 11 16 45 56
 11 16 41 58
 11 16 39 40 58
 11 16 28 60
 11 16 28 58 60
 11 16 28 47 58
 11 16 28 45 46 58
 11 16 28 41 58
 11 16 28 39 40 58
 11 16 26 27 60
 11 16 26 27 58 60
 11 16 26 27 47 58
 11 16 26 27 45 46 58
 11 16 26 27 41 58
 11 16 26 27 39 40 58
 11 16 20 28 58
 11 16 20 26 27 58
 11 16 17
 11 16 17 62
 11 15 41 58 70 72
 11 15 41 58 70 71
 11 15 41 58 68 69 72
 11 15 41 58 68 69 70 71
 11 15 41 58 60 72
 11 15 41 58 60 70 71
 11 15 41 56 72
 11 15 41 56 70 71
 11 15 41 56 57 70 72
 11 15 41 56 57 70 71
 11 15 41 56 57 68 69 72
 11 15 41 56 57 68 69 70 71
 11 15 41 45 58 70
 11 15 41 45 58 68 69
 11 15 41 45 58 60
 11 15 41 45 56
 11 15 41 45 56 57 70
 11 15 41 45 56 57 68 69
 11 15 41 43 58 72
 11 15 41 43 58 70 71
 11 15 41 43 56 57 72
 11 15 41 43 56 57 70 71
 11 15 41 43 45 58
 11 15 41 43 45 56 57
 11 15 39 40 58 70 72
 11 15 39 40 58 70 71
 11 15 39 40 58 68 69 72
 11 15 39 40 58 68 69 70 71
 11 15 39 40 58 60 72
 11 15 39 40 58 60 70 71
 11 15 39 40 56 72
 11 15 39 40 56 70 71
 11 15 39 40 56 57 70 72
 11 15 39 40 56 57 70 71
 11 15 39 40 56 57 68 69 72
 11 15 39 40 56 57 68 69 70 71
 11 15 39 40 45 58 70
 11 15 39 40 45 58 68 69
 11 15 39 40 45 58 60
 11 15 39 40 45 56
 11 15 39 40 45 56 57 70
 11 15 39 40 45 56 57 68 69
 11 15 39 40 43 58 72
 11 15 39 40 43 58 70 71
 11 15 39 40 43 56 57 72
 11 15 39 40 43 56 57 70 71
 11 15 39 40 43 45 58
 11 15 39 40 43 45 56 57
 11 15 31 41 70 72
 11 15 31 41 70 71
 11 15 31 41 68 69 72
 11 15 31 41 68 69 70 71
 11 15 31 41 45 70
 11 15 31 41 45 68 69
 11 15 31 41 43 72
 11 15 31 41 43 70 71
 11 15 31 41 43 45
 11 15 31 39 40 70 72
 11 15 31 39 40 70 71
 11 15 31 39 40 68 69 72
 11 15 31 39 40 68 69 70 71
 11 15 31 39 40 45 70
 11 15 31 39 40 45 68 69
 11 15 31 39 40 43 72
 11 15 31 39 40 43 70 71
 11 15 31 39 40 43 45
 11 15 28 41 60
 11 15 28 41 58 60
 11 15 28 41 56 72
 11 15 28 41 56 70 71
 11 15 28 41 47 58 60
 11 15 28 41 45 56
 11 15 28 41 45 46 58 60
 11 15 28 39 40 60
 11 15 28 39 40 58 60
 11 15 28 39 40 56 72
 11 15 28 39 40 56 70 71
 11 15 28 39 40 47 58 60
 11 15 28 39 40 45 56
 11 15 28 39 40 45 46 58 60
 11 15 26 27 41 60
 11 15 26 27 41 58 60
 11 15 26 27 41 56 72
 11 15 26 27 41 56 70 71
 11 15 26 27 41 47 58 60
 11 15 26 27 41 45 56
 11 15 26 27 41 45 46 58 60
 11 15 26 27 39 40 60
 11 15 26 27 39 40 58 60
 11 15 26 27 39 40 56 72
 11 15 26 27 39 40 56 70 71
 11 15 26 27 39 40 47 58 60
 11 15 26 27 39 40 45 56
 11 15 26 27 39 40 45 46 58 60
 11 15 20 28 41 58 60
 11 15 20 28 39 40 58 60
 11 15 20 26 27 41 58 60
 11 15 20 26 27 39 40 58 60
 11 15 16 68
 11 15 16 62
 11 15 16 43
 11 15 16 43 62
 11 15 16 41
 11 15 16 41 62
 11 15 16 41 42
 11 15 16 41 42 62
 11 15 16 39 40
 11 15 16 39 40 62
 11 15 16 26
 11 15 16 24 25
 11 14 59
 11 14 59 62
 11 14 58 72
 11 14 58 70 71
 11 14 58 60 72
 11 14 58 60 70 71
 11 14 57 58 70 72
 11 14 57 58 70 71
 11 14 57 58 68 69 72
 11 14 57 58 68 69 70 71
 11 14 57 58 60 72
 11 14 57 58 60 70 71
 11 14 56 72
 11 14 56 70 71
 11 14 56 58 70
 11 14 56 58 68 69
 11 14 56 57 72
 11 14 56 57 70 72
 11 14 56 57 68 69 72
 11 14 56 57 68 69 70 71
 11 14 54 55 58 70
 11 14 54 55 58 68 69
 11 14 45 58
 11 14 45 58 60
 11 14 45 57 58 70
 11 14 45 57 58 68 69
 11 14 45 57 58 60
 11 14 45 56
 11 14 45 56 57
 11 14 45 56 57 70
 11 14 45 56 57 68 69
 11 14 43 58
 11 14 43 57 58 72
 11 14 43 57 58 70 71
 11 14 43 56 58
 11 14 43 56 57 72
 11 14 43 56 57 70 71
 11 14 43 54 55 58
 11 14 43 45 57 58
 11 14 43 45 56 57
 11 14 41 42 58
 11 14 31 57 70 72
 11 14 31 57 70 71
 11 14 31 57 68 69 72
 11 14 31 57 68 69 70 71
 11 14 31 45 57 70
 11 14 31 45 57 68 69
 11 14 31 43 57 72
 11 14 31 43 57 70 71
 11 14 31 43 45 57
 11 14 29 58 70
 11 14 29 58 68 69
 11 14 29 43 58
 11 14 28 58
 11 14 28 57 60
 11 14 28 57 58 60
 11 14 28 56 72
 11 14 28 56 70 71
 11 14 28 56 57 72
 11 14 28 56 57 70 71
 11 14 28 47 60
 11 14 28 47 57 58 60
 11 14 28 45 56
 11 14 28 45 56 57
 11 14 28 45 46 60
 11 14 28 45 46 57 58 60
 11 14 28 43 58
 11 14 28 41 42 58
 11 14 26 27 58
 11 14 26 27 57 60
 11 14 26 27 57 58 60
 11 14 26 27 56 72
 11 14 26 27 56 70 71
 11 14 26 27 56 57 72
 11 14 26 27 56 57 70 71
 11 14 26 27 47 60
 11 14 26 27 47 57 58 60
 11 14 26 27 45 56
 11 14 26 27 45 56 57
 11 14 26 27 45 46 60
 11 14 26 27 45 46 57 58 60
 11 14 26 27 43 58
 11 14 26 27 41 42 58
 11 14 20 28 60
 11 14 20 28 57 58 60
 11 14 20 26 27 60
 11 14 20 26 27 57 58 60
 11 14 17
 11 14 17 62
 11 14 16 58
 11 14 16 28 58
 11 14 16 26 27 58
 11 14 15 58 70 72
 11 14 15 58 70 71
 11 14 15 58 68 69 72
 11 14 15 58 68 69 70 71
 11 14 15 58 60 72
 11 14 15 58 60 70 71
 11 14 15 56 72
 11 14 15 56 70 71
 11 14 15 56 57 70 72
 11 14 15 56 57 70 71
 11 14 15 56 57 68 69 72
 11 14 15 56 57 68 69 70 71
 11 14 15 45 58 70
 11 14 15 45 58 68 69
 11 14 15 45 58 60
 11 14 15 45 56
 11 14 15 45 56 57 70
 11 14 15 45 56 57 68 69
 11 14 15 43 58 72
 11 14 15 43 58 70 71
 11 14 15 43 56 57 72
 11 14 15 43 56 57 70 71
 11 14 15 43 45 58
 11 14 15 43 45 56 57
 11 14 15 31 70 72
 11 14 15 31 70 71
 11 14 15 31 68 69 72
 11 14 15 31 68 69 70 71
 11 14 15 31 45 70
 11 14 15 31 45 68 69
 11 14 15 31 43 72
 11 14 15 31 43 70 71
 11 14 15 31 43 45
 11 14 15 28 60
 11 14 15 28 58 60
 11 14 15 28 56 72
 11 14 15 28 56 70 71
 11 14 15 28 47 58 60
 11 14 15 28 45 56
 11 14 15 28 45 46 58 60
 11 14 15 26 27 60
 11 14 15 26 27 58 60
 11 14 15 26 27 56 72
 11 14 15 26 27 56 70 71
 11 14 15 26 27 47 58 60
 11 14 15 26 27 45 56
 11 14 15 26 27 45 46 58 60
 11 14 15 20 28 58 60
 11 14 15 20 26 27 58 60
 11 14 15 16
 11 14 15 16 62
 11 13 14 58 70 72
 11 13 14 58 70 71
 11 13 14 58 68 69 72
 11 13 14 58 68 69 70 71
 11 13 14 58 60 72
 11 13 14 58 60 70 71
 11 13 14 56 72
 11 13 14 56 70 71
 11 13 14 56 57 70 72
 11 13 14 56 57 70 71
 11 13 14 56 57 68 69 72
 11 13 14 56 57 68 69 70 71
 11 13 14 45 58 70
 11 13 14 45 58 68 69
 11 13 14 45 58 60
 11 13 14 45 56
 11 13 14 45 56 57 70
 11 13 14 45 56 57 68 69
 11 13 14 43 58 72
 11 13 14 43 58 70 71
 11 13 14 43 56 57 72
 11 13 14 43 56 57 70 71
 11 13 14 43 45 58
 11 13 14 43 45 56 57
 11 13 14 41 58 70 72
 11 13 14 41 58 70 71
 11 13 14 41 58 68 69 72
 11 13 14 41 58 68 69 70 71
 11 13 14 41 58 60 72
 11 13 14 41 58 60 70 71
 11 13 14 41 56 72
 11 13 14 41 56 70 71
 11 13 14 41 56 57 70 72
 11 13 14 41 56 57 70 71
 11 13 14 41 56 57 68 69 72
 11 13 14 41 56 57 68 69 70 71
 11 13 14 41 45 58 70
 11 13 14 41 45 58 68 69
 11 13 14 41 45 58 60
 11 13 14 41 45 56
 11 13 14 41 45 56 57 70
 11 13 14 41 45 56 57 68 69
 11 13 14 41 43 58 72
 11 13 14 41 43 58 70 71
 11 13 14 41 43 56 57 72
 11 13 14 41 43 56 57 70 71
 11 13 14 41 43 45 58
 11 13 14 41 43 45 56 57
 11 13 14 39 40 58 70 72
 11 13 14 39 40 58 70 71
 11 13 14 39 40 58 68 69 72
 11 13 14 39 40 58 68 69 70 71
 11 13 14 39 40 58 60 72
 11 13 14 39 40 58 60 70 71
 11 13 14 39 40 56 72
 11 13 14 39 40 56 70 71
 11 13 14 39 40 56 57 70 72
 11 13 14 39 40 56 57 70 71
 11 13 14 39 40 56 57 68 69 72
 11 13 14 39 40 56 57 68 69 70 71
 11 13 14 39 40 45 58 70
 11 13 14 39 40 45 58 68 69
 11 13 14 39 40 45 58 60
 11 13 14 39 40 45 56
 11 13 14 39 40 45 56 57 70
 11 13 14 39 40 45 56 57 68 69
 11 13 14 39 40 43 58 72
 11 13 14 39 40 43 58 70 71
 11 13 14 39 40 43 56 57 72
 11 13 14 39 40 43 56 57 70 71
 11 13 14 39 40 43 45 58
 11 13 14 39 40 43 45 56 57
 11 13 14 31 70 72
 11 13 14 31 70 71
 11 13 14 31 68 69 72
 11 13 14 31 68 69 70 71
 11 13 14 31 45 70
 11 13 14 31 45 68 69
 11 13 14 31 43 72
 11 13 14 31 43 70 71
 11 13 14 31 43 45
 11 13 14 31 41 70 72
 11 13 14 31 41 70 71
 11 13 14 31 41 68 69 72
 11 13 14 31 41 68 69 70 71
 11 13 14 31 41 45 70
 11 13 14 31 41 45 68 69
 11 13 14 31 41 43 72
 11 13 14 31 41 43 70 71
 11 13 14 31 41 43 45
 11 13 14 31 39 40 70 72
 11 13 14 31 39 40 70 71
 11 13 14 31 39 40 68 69 72
 11 13 14 31 39 40 68 69 70 71
 11 13 14 31 39 40 45 70
 11 13 14 31 39 40 45 68 69
 11 13 14 31 39 40 43 72
 11 13 14 31 39 40 43 70 71
 11 13 14 31 39 40 43 45
 11 13 14 28 60
 11 13 14 28 58 60
 11 13 14 28 56 72
 11 13 14 28 56 70 71
 11 13 14 28 47 58 60
 11 13 14 28 45 56
 11 13 14 28 45 46 58 60
 11 13 14 28 41 60
 11 13 14 28 41 58 60
 11 13 14 28 41 56 72
 11 13 14 28 41 56 70 71
 11 13 14 28 41 47 58 60
 11 13 14 28 41 45 56
 11 13 14 28 41 45 46 58 60
 11 13 14 28 39 40 60
 11 13 14 28 39 40 58 60
 11 13 14 28 39 40 56 72
 11 13 14 28 39 40 56 70 71
 11 13 14 28 39 40 47 58 60
 11 13 14 28 39 40 45 56
 11 13 14 28 39 40 45 46 58 60
 11 13 14 26 27 60
 11 13 14 26 27 58 60
 11 13 14 26 27 56 72
 11 13 14 26 27 56 70 71
 11 13 14 26 27 47 58 60
 11 13 14 26 27 45 56
 11 13 14 26 27 45 46 58 60
 11 13 14 26 27 41 60
 11 13 14 26 27 41 58 60
 11 13 14 26 27 41 56 72
 11 13 14 26 27 41 56 70 71
 11 13 14 26 27 41 47 58 60
 11 13 14 26 27 41 45 56
 11 13 14 26 27 41 45 46 58 60
 11 13 14 26 27 39 40 60
 11 13 14 26 27 39 40 58 60
 11 13 14 26 27 39 40 56 72
 11 13 14 26 27 39 40 56 70 71
 11 13 14 26 27 39 40 47 58 60
 11 13 14 26 27 39 40 45 56
 11 13 14 26 27 39 40 45 46 58 60
 11 13 14 20 28 58 60
 11 13 14 20 28 41 58 60
 11 13 14 20 28 39 40 58 60
 11 13 14 20 26 27 58 60
 11 13 14 20 26 27 41 58 60
 11 13 14 20 26 27 39 40 58 60
 11 12 43 60
 11 12 41 60
 11 12 41 58 60 72
 11 12 41 58 60 70 71
 11 12 41 56 57 58 60 72
 11 12 41 56 57 58 60 70 71
 11 12 41 47 60
 11 12 41 45 60
 11 12 41 45 58 60
 11 12 41 45 56 57 58 60
 11 12 41 45 46 60
 11 12 41 43 44 60
 11 12 41 42 60
 11 12 39 40 60
 11 12 39 40 58 60 72
 11 12 39 40 58 60 70 71
 11 12 39 40 56 57 58 60 72
 11 12 39 40 56 57 58 60 70 71
 11 12 39 40 47 60
 11 12 39 40 45 60
 11 12 39 40 45 58 60
 11 12 39 40 45 56 57 58 60
 11 12 39 40 45 46 60
 11 12 39 40 43 44 60
 11 12 31 41 58 60 72
 11 12 31 41 58 60 70 71
 11 12 31 41 45 58 60
 11 12 31 39 40 58 60 72
 11 12 31 39 40 58 60 70 71
 11 12 31 39 40 45 58 60
 11 12 20 41 60
 11 12 20 39 40 60
 11 12 18 41 60
 11 12 18 39 40 60
 11 12 16 60
 11 12 14 60
 11 12 14 58 60 72
 11 12 14 58 60 70 71
 11 12 14 56 57 58 60 72
 11 12 14 56 57 58 60 70 71
 11 12 14 47 60
 11 12 14 45 60
 11 12 14 45 58 60
 11 12 14 45 56 57 58 60
 11 12 14 45 46 60
 11 12 14 43 44 60
 11 12 14 31 58 60 72
 11 12 14 31 58 60 70 71
 11 12 14 31 45 58 60
 11 12 14 20 60
 11 12 14 18 60
 1 60
 1 59
 1 59 68
 1 58
 1 58 72
 1 58 70 71
 1 57 60 72
 1 57 60 70 71
 1 56 57 58 72
 1 56 57 58 70 71
 1 47 62
 1 47 59 68
 1 47 59 62
 1 45 58
 1 45 57 60
 1 45 56 57 58
 1 45 46 62
 1 45 46 59 68
 1 45 46 59 62
 1 43 59
 1 43 59 62
 1 43 47 59
 1 43 47 59 62
 1 43 45 46 59
 1 43 45 46 59 62
 1 41 60
 1 41 59
 1 41 59 62
 1 41 58 72
 1 41 58 70 71
 1 41 57 58 60
 1 41 56 58 72
 1 41 56 58 70
 1 41 56 58 70 71
 1 41 56 58 68 69
 1 41 54 55 58 70
 1 41 54 55 58 68 69
 1 41 47 60
 1 41 47 59
 1 41 47 59 62
 1 41 47 57 58 60
 1 41 45 58
 1 41 45 56 58
 1 41 45 46 60
 1 41 45 46 59
 1 41 45 46 59 62
 1 41 45 46 57 58 60
 1 41 43 56 58
 1 41 43 54 55 58
 1 41 42 59
 1 41 42 59 62
 1 41 42 47 59
 1 41 42 47 59 62
 1 41 42 45 46 59
 1 41 42 45 46 59 62
 1 40 41 47 57 58 60
 1 40 41 45 46 57 58 60
 1 39 40 60
 1 39 40 59
 1 39 40 59 62
 1 39 40 58 72
 1 39 40 58 70 71
 1 39 40 57 58 60
 1 39 40 56 58 72
 1 39 40 56 58 70
 1 39 40 56 58 70 71
 1 39 40 56 58 68 69
 1 39 40 54 55 58 70
 1 39 40 54 55 58 68 69
 1 39 40 47 60
 1 39 40 47 59
 1 39 40 47 59 62
 1 39 40 45 58
 1 39 40 45 56 58
 1 39 40 45 46 60
 1 39 40 45 46 59
 1 39 40 45 46 59 62
 1 39 40 43 56 58
 1 39 40 43 54 55 58
 1 38 58 72
 1 38 58 70 71
 1 38 45 58
 1 38 43 60
 1 38 43 58 60
 1 38 43 47 58
 1 38 43 45 46 58
 1 38 41 58
 1 38 41 57 60
 1 38 41 57 58 60
 1 38 41 56 72
 1 38 41 56 70 71
 1 38 41 56 57 72
 1 38 41 56 57 70 71
 1 38 41 47 60
 1 38 41 47 57 58 60
 1 38 41 45 56
 1 38 41 45 56 57
 1 38 41 45 46 60
 1 38 41 45 46 57 58 60
 1 38 41 43 58
 1 38 41 42 60
 1 38 41 42 58
 1 38 41 42 58 60
 1 38 41 42 47 58
 1 38 41 42 45 46 58
 1 38 39 41 47 57 58 60
 1 38 39 41 45 46 57 58 60
 1 38 39 40 58
 1 38 39 40 57 60
 1 38 39 40 57 58 60
 1 38 39 40 56 72
 1 38 39 40 56 70 71
 1 38 39 40 56 57 72
 1 38 39 40 56 57 70 71
 1 38 39 40 47 60
 1 38 39 40 45 56
 1 38 39 40 45 56 57
 1 38 39 40 45 46 60
 1 38 39 40 43 58
 1 38 39 40 41 42 58
 1 36 37 58 72
 1 36 37 58 70 71
 1 36 37 45 58
 1 36 37 43 60
 1 36 37 43 58 60
 1 36 37 43 47 58
 1 36 37 43 45 46 58
 1 36 37 41 58
 1 36 37 41 57 60
 1 36 37 41 57 58 60
 1 36 37 41 56 72
 1 36 37 41 56 70 71
 1 36 37 41 56 57 72
 1 36 37 41 56 57 70 71
 1 36 37 41 47 60
 1 36 37 41 47 57 58 60
 1 36 37 41 45 56
 1 36 37 41 45 56 57
 1 36 37 41 45 46 60
 1 36 37 41 45 46 57 58 60
 1 36 37 41 43 58
 1 36 37 41 42 60
 1 36 37 41 42 58
 1 36 37 41 42 58 60
 1 36 37 41 42 47 58
 1 36 37 41 42 45 46 58
 1 36 37 39 40 58
 1 36 37 39 40 57 60
 1 36 37 39 40 57 58 60
 1 36 37 39 40 56 72
 1 36 37 39 40 56 70 71
 1 36 37 39 40 56 57 72
 1 36 37 39 40 56 57 70 71
 1 36 37 39 40 47 60
 1 36 37 39 40 47 57 58 60
 1 36 37 39 40 45 56
 1 36 37 39 40 45 56 57
 1 36 37 39 40 45 46 60
 1 36 37 39 40 45 46 57 58 60
 1 36 37 39 40 43 58
 1 36 37 39 40 41 42 58
 1 31 58 72
 1 31 58 70 71
 1 31 45 58
 1 31 41 56 72
 1 31 41 56 70 71
 1 31 41 45 56
 1 31 39 40 56 72
 1 31 39 40 56 70 71
 1 31 39 40 45 56
 1 29 41 58 70
 1 29 41 58 68 69
 1 29 41 43 58
 1 29 39 40 58 70
 1 29 39 40 58 68 69
 1 29 39 40 43 58
 1 26 59
 1 26 47 59
 1 26 45 46 59
 1 24 25 59
 1 24 25 47 59
 1 24 25 45 46 59
 1 20 62
 1 20 59 68
 1 20 59 62
 1 20 43 59
 1 20 43 59 62
 1 20 41 60
 1 20 41 59
 1 20 41 59 62
 1 20 41 57 58 60
 1 20 41 42 59
 1 20 41 42 59 62
 1 20 40 41 57 58 60
 1 20 39 40 60
 1 20 39 40 59
 1 20 39 40 59 62
 1 20 38 43 58
 1 20 38 41 60
 1 20 38 41 57 58 60
 1 20 38 41 42 58
 1 20 38 39 41 57 58 60
 1 20 38 39 40 60
 1 20 36 37 43 58
 1 20 36 37 41 60
 1 20 36 37 41 57 58 60
 1 20 36 37 41 42 58
 1 20 36 37 39 40 60
 1 20 36 37 39 40 57 58 60
 1 20 26 59
 1 20 24 25 59
 1 17
 1 17 68
 1 17 47 68
 1 17 47 62
 1 17 45 46 68
 1 17 45 46 62
 1 17 43
 1 17 43 62
 1 17 43 47
 1 17 43 47 62
 1 17 43 45 46
 1 17 43 45 46 62
 1 17 41
 1 17 41 62
 1 17 41 47
 1 17 41 47 62
 1 17 41 45 46
 1 17 41 45 46 62
 1 17 41 42
 1 17 41 42 62
 1 17 41 42 47
 1 17 41 42 47 62
 1 17 41 42 45 46
 1 17 41 42 45 46 62
 1 17 39 40
 1 17 39 40 62
 1 17 39 40 47
 1 17 39 40 47 62
 1 17 39 40 45 46
 1 17 39 40 45 46 62
 1 17 26
 1 17 26 47
 1 17 26 45 46
 1 17 24 25
 1 17 24 25 47
 1 17 24 25 45 46
 1 17 20 68
 1 17 20 62
 1 17 20 43
 1 17 20 43 62
 1 17 20 41
 1 17 20 41 62
 1 17 20 41 42
 1 17 20 41 42 62
 1 17 20 39 40
 1 17 20 39 40 62
 1 17 20 26
 1 17 20 24 25
 1 16 59
 1 16 59 62
 1 16 47 59
 1 16 47 59 62
 1 16 45 46 59
 1 16 45 46 59 62
 1 16 38 60
 1 16 38 58 60
 1 16 38 47 58
 1 16 38 45 46 58
 1 16 38 41 58
 1 16 38 39 40 58
 1 16 36 37 60
 1 16 36 37 58 60
 1 16 36 37 47 58
 1 16 36 37 45 46 58
 1 16 36 37 41 58
 1 16 36 37 39 40 58
 1 16 20 59
 1 16 20 59 62
 1 16 20 38 58
 1 16 20 36 37 58
 1 16 17
 1 16 17 62
 1 16 17 47
 1 16 17 47 62
 1 16 17 45 46
 1 16 17 45 46 62
 1 16 17 20
 1 16 17 20 62
 1 15 60 72
 1 15 60 70 71
 1 15 45 60
 1 15 41 58 60
 1 15 41 56 72
 1 15 41 56 70 71
 1 15 41 47 58 60
 1 15 41 45 56
 1 15 41 45 46 58 60
 1 15 40 41 47 58 60
 1 15 40 41 45 46 58 60
 1 15 39 40 58 60
 1 15 39 40 56 72
 1 15 39 40 56 70 71
 1 15 39 40 45 56
 1 15 38 41 60
 1 15 38 41 58 60
 1 15 38 41 56 72
 1 15 38 41 56 70 71
 1 15 38 41 47 58 60
 1 15 38 41 45 56
 1 15 38 41 45 46 58 60
 1 15 38 39 41 47 58 60
 1 15 38 39 41 45 46 58 60
 1 15 38 39 40 60
 1 15 38 39 40 58 60
 1 15 38 39 40 56 72
 1 15 38 39 40 56 70 71
 1 15 38 39 40 45 56
 1 15 36 37 41 60
 1 15 36 37 41 58 60
 1 15 36 37 41 56 72
 1 15 36 37 41 56 70 71
 1 15 36 37 41 47 58 60
 1 15 36 37 41 45 56
 1 15 36 37 41 45 46 58 60
 1 15 36 37 39 40 60
 1 15 36 37 39 40 58 60
 1 15 36 37 39 40 56 72
 1 15 36 37 39 40 56 70 71
 1 15 36 37 39 40 47 58 60
 1 15 36 37 39 40 45 56
 1 15 36 37 39 40 45 46 58 60
 1 15 20 41 58 60
 1 15 20 40 41 58 60
 1 15 20 38 41 58 60
 1 15 20 38 39 41 58 60
 1 15 20 36 37 41 58 60
 1 15 20 36 37 39 40 58 60
 1 15 16 68
 1 15 16 62
 1 15 16 47
 1 15 16 47 68
 1 15 16 45 46
 1 15 16 45 46 68
 1 15 16 43
 1 15 16 43 62
 1 15 16 43 47
 1 15 16 43 47 62
 1 15 16 43 45 46
 1 15 16 43 45 46 62
 1 15 16 41
 1 15 16 41 62
 1 15 16 41 47
 1 15 16 41 47 62
 1 15 16 41 45 46
 1 15 16 41 45 46 62
 1 15 16 41 42
 1 15 16 41 42 62
 1 15 16 41 42 47
 1 15 16 41 42 47 62
 1 15 16 41 42 45 46
 1 15 16 41 42 45 46 62
 1 15 16 39 40
 1 15 16 39 40 62
 1 15 16 39 40 47
 1 15 16 39 40 47 62
 1 15 16 39 40 45 46
 1 15 16 39 40 45 46 62
 1 15 16 26
 1 15 16 26 47
 1 15 16 26 45 46
 1 15 16 24 25
 1 15 16 24 25 47
 1 15 16 24 25 45 46
 1 15 16 20
 1 15 16 20 68
 1 15 16 20 43
 1 15 16 20 43 62
 1 15 16 20 41
 1 15 16 20 41 62
 1 15 16 20 41 42
 1 15 16 20 41 42 62
 1 15 16 20 39 40
 1 15 16 20 39 40 62
 1 15 16 20 26
 1 15 16 20 24 25
 1 14 60
 1 14 59
 1 14 59 62
 1 14 58 72
 1 14 58 70 71
 1 14 57 58 60
 1 14 56 58 72
 1 14 56 58 70
 1 14 56 58 70 71
 1 14 56 58 68 69
 1 14 54 55 58 70
 1 14 54 55 58 68 69
 1 14 47 60
 1 14 47 59
 1 14 47 59 62
 1 14 47 57 58 60
 1 14 45 58
 1 14 45 56 58
 1 14 45 46 60
 1 14 45 46 59
 1 14 45 46 59 62
 1 14 45 46 57 58 60
 1 14 43 56 58
 1 14 43 54 55 58
 1 14 40 47 57 58 60
 1 14 40 45 46 57 58 60
 1 14 38 58
 1 14 38 57 60
 1 14 38 57 58 60
 1 14 38 56 72
 1 14 38 56 70 71
 1 14 38 56 57 72
 1 14 38 56 57 70 71
 1 14 38 47 60
 1 14 38 47 57 58 60
 1 14 38 45 56
 1 14 38 45 56 57
 1 14 38 45 46 60
 1 14 38 45 46 57 58 60
 1 14 38 43 58
 1 14 38 41 42 58
 1 14 38 39 47 57 58 60
 1 14 38 39 45 46 57 58 60
 1 14 36 37 58
 1 14 36 37 57 60
 1 14 36 37 57 58 60
 1 14 36 37 56 72
 1 14 36 37 56 70 71
 1 14 36 37 56 57 72
 1 14 36 37 56 57 70 71
 1 14 36 37 47 60
 1 14 36 37 47 57 58 60
 1 14 36 37 45 56
 1 14 36 37 45 56 57
 1 14 36 37 45 46 60
 1 14 36 37 45 46 57 58 60
 1 14 36 37 43 58
 1 14 36 37 41 42 58
 1 14 31 56 72
 1 14 31 56 70 71
 1 14 31 45 56
 1 14 29 58 70
 1 14 29 58 68 69
 1 14 29 43 58
 1 14 20 60
 1 14 20 59
 1 14 20 59 62
 1 14 20 57 58 60
 1 14 20 40 57 58 60
 1 14 20 38 60
 1 14 20 38 57 58 60
 1 14 20 38 39 57 58 60
 1 14 20 36 37 60
 1 14 20 36 37 57 58 60
 1 14 17
 1 14 17 62
 1 14 17 47
 1 14 17 47 62
 1 14 17 45 46
 1 14 17 45 46 62
 1 14 17 20
 1 14 17 20 62
 1 14 16 38 58
 1 14 16 36 37 58
 1 14 15 58 60
 1 14 15 56 72
 1 14 15 56 70 71
 1 14 15 47 58 60
 1 14 15 45 56
 1 14 15 45 46 58 60
 1 14 15 40 47 58 60
 1 14 15 40 45 46 58 60
 1 14 15 38 60
 1 14 15 38 58 60
 1 14 15 38 56 72
 1 14 15 38 56 70 71
 1 14 15 38 47 58 60
 1 14 15 38 45 56
 1 14 15 38 45 46 58 60
 1 14 15 38 39 47 58 60
 1 14 15 38 39 45 46 58 60
 1 14 15 36 37 60
 1 14 15 36 37 58 60
 1 14 15 36 37 56 72
 1 14 15 36 37 56 70 71
 1 14 15 36 37 47 58 60
 1 14 15 36 37 45 56
 1 14 15 36 37 45 46 58 60
 1 14 15 20 58 60
 1 14 15 20 40 58 60
 1 14 15 20 38 58 60
 1 14 15 20 38 39 58 60
 1 14 15 20 36 37 58 60
 1 14 15 16
 1 14 15 16 62
 1 14 15 16 47
 1 14 15 16 47 62
 1 14 15 16 45 46
 1 14 15 16 45 46 62
 1 14 15 16 20
 1 14 15 16 20 62
 1 13 41 47 57 58 60
 1 13 41 45 46 57 58 60
 1 13 39 40 47 57 58 60
 1 13 39 40 45 46 57 58 60
 1 13 20 41 57 58 60
 1 13 20 39 40 57 58 60
 1 13 15 41 47 58 60
 1 13 15 41 45 46 58 60
 1 13 15 39 40 47 58 60
 1 13 15 39 40 45 46 58 60
 1 13 15 20 41 58 60
 1 13 15 20 39 40 58 60
 1 13 14 60 72
 1 13 14 60 70 71
 1 13 14 58 60
 1 13 14 56 72
 1 13 14 56 70 71
 1 13 14 47 57 58 60
 1 13 14 45 60
 1 13 14 45 56
 1 13 14 45 46 57 58 60
 1 13 14 41 58 60
 1 13 14 41 56 72
 1 13 14 41 56 70 71
 1 13 14 41 45 56
 1 13 14 40 47 58 60
 1 13 14 40 45 46 58 60
 1 13 14 40 41 47 58 60
 1 13 14 40 41 45 46 58 60
 1 13 14 39 40 58 60
 1 13 14 39 40 56 72
 1 13 14 39 40 56 70 71
 1 13 14 39 40 47 58 60
 1 13 14 39 40 45 56
 1 13 14 39 40 45 46 58 60
 1 13 14 38 60
 1 13 14 38 58 60
 1 13 14 38 56 72
 1 13 14 38 56 70 71
 1 13 14 38 47 58 60
 1 13 14 38 45 56
 1 13 14 38 45 46 58 60
 1 13 14 38 41 60
 1 13 14 38 41 58 60
 1 13 14 38 41 56 72
 1 13 14 38 41 56 70 71
 1 13 14 38 41 47 58 60
 1 13 14 38 41 45 56
 1 13 14 38 41 45 46 58 60
 1 13 14 38 39 47 58 60
 1 13 14 38 39 45 46 58 60
 1 13 14 38 39 41 47 58 60
 1 13 14 38 39 41 45 46 58 60
 1 13 14 38 39 40 60
 1 13 14 38 39 40 58 60
 1 13 14 38 39 40 56 72
 1 13 14 38 39 40 56 70 71
 1 13 14 38 39 40 45 56
 1 13 14 36 37 60
 1 13 14 36 37 58 60
 1 13 14 36 37 56 72
 1 13 14 36 37 56 70 71
 1 13 14 36 37 47 58 60
 1 13 14 36 37 45 56
 1 13 14 36 37 45 46 58 60
 1 13 14 36 37 41 60
 1 13 14 36 37 41 58 60
 1 13 14 36 37 41 56 72
 1 13 14 36 37 41 56 70 71
 1 13 14 36 37 41 47 58 60
 1 13 14 36 37 41 45 56
 1 13 14 36 37 41 45 46 58 60
 1 13 14 36 37 39 40 60
 1 13 14 36 37 39 40 58 60
 1 13 14 36 37 39 40 56 72
 1 13 14 36 37 39 40 56 70 71
 1 13 14 36 37 39 40 47 58 60
 1 13 14 36 37 39 40 45 56
 1 13 14 36 37 39 40 45 46 58 60
 1 13 14 20 57 58 60
 1 13 14 20 40 58 60
 1 13 14 20 40 41 58 60
 1 13 14 20 39 40 58 60
 1 13 14 20 38 58 60
 1 13 14 20 38 41 58 60
 1 13 14 20 38 39 58 60
 1 13 14 20 38 39 41 58 60
 1 13 14 20 36 37 58 60
 1 13 14 20 36 37 41 58 60
 1 13 14 20 36 37 39 40 58 60
 1 13 14 15 47 58 60
 1 13 14 15 45 46 58 60
 1 13 14 15 20 58 60
 1 11 58 72
 1 11 58 70 71
 1 11 45 58
 1 11 43 60
 1 11 43 58 60
 1 11 43 47 58
 1 11 43 45 46 58
 1 11 41 58
 1 11 41 57 60
 1 11 41 57 58 60
 1 11 41 56 72
 1 11 41 56 70 71
 1 11 41 56 57 72
 1 11 41 56 57 70 71
 1 11 41 47 60
 1 11 41 47 57 58 60
 1 11 41 45 56
 1 11 41 45 56 57
 1 11 41 45 46 60
 1 11 41 45 46 57 58 60
 1 11 41 43 58
 1 11 41 42 60
 1 11 41 42 58
 1 11 41 42 58 60
 1 11 41 42 47 58
 1 11 41 42 45 46 58
 1 11 39 40 58
 1 11 39 40 57 60
 1 11 39 40 57 58 60
 1 11 39 40 56 72
 1 11 39 40 56 70 71
 1 11 39 40 56 57 72
 1 11 39 40 56 57 70 71
 1 11 39 40 47 60
 1 11 39 40 47 57 58 60
 1 11 39 40 45 56
 1 11 39 40 45 56 57
 1 11 39 40 45 46 60
 1 11 39 40 45 46 57 58 60
 1 11 39 40 43 58
 1 11 39 40 41 42 58
 1 11 20 43 58
 1 11 20 41 60
 1 11 20 41 57 58 60
 1 11 20 41 42 58
 1 11 20 39 40 60
 1 11 20 39 40 57 58 60
 1 11 16 60
 1 11 16 58 60
 1 11 16 47 58
 1 11 16 45 46 58
 1 11 16 41 58
 1 11 16 39 40 58
 1 11 16 20 58
 1 11 15 41 60
 1 11 15 41 58 60
 1 11 15 41 56 72
 1 11 15 41 56 70 71
 1 11 15 41 47 58 60
 1 11 15 41 45 56
 1 11 15 41 45 46 58 60
 1 11 15 39 40 60
 1 11 15 39 40 58 60
 1 11 15 39 40 56 72
 1 11 15 39 40 56 70 71
 1 11 15 39 40 47 58 60
 1 11 15 39 40 45 56
 1 11 15 39 40 45 46 58 60
 1 11 15 20 41 58 60
 1 11 15 20 39 40 58 60
 1 11 14 58
 1 11 14 57 60
 1 11 14 57 58 60
 1 11 14 56 72
 1 11 14 56 70 71
 1 11 14 56 57 72
 1 11 14 56 57 70 71
 1 11 14 47 60
 1 11 14 47 57 58 60
 1 11 14 45 56
 1 11 14 45 56 57
 1 11 14 45 46 60
 1 11 14 45 46 57 58 60
 1 11 14 43 58
 1 11 14 41 42 58
 1 11 14 20 60
 1 11 14 20 57 58 60
 1 11 14 16 58
 1 11 14 15 60
 1 11 14 15 58 60
 1 11 14 15 56 72
 1 11 14 15 56 70 71
 1 11 14 15 47 58 60
 1 11 14 15 45 56
 1 11 14 15 45 46 58 60
 1 11 14 15 20 58 60
 1 11 13 14 60
 1 11 13 14 58 60
 1 11 13 14 56 72
 1 11 13 14 56 70 71
 1 11 13 14 47 58 60
 1 11 13 14 45 56
 1 11 13 14 45 46 58 60
 1 11 13 14 41 60
 1 11 13 14 41 58 60
 1 11 13 14 41 56 72
 1 11 13 14 41 56 70 71
 1 11 13 14 41 47 58 60
 1 11 13 14 41 45 56
 1 11 13 14 41 45 46 58 60
 1 11 13 14 39 40 60
 1 11 13 14 39 40 58 60
 1 11 13 14 39 40 56 72
 1 11 13 14 39 40 56 70 71
 1 11 13 14 39 40 47 58 60
 1 11 13 14 39 40 45 56
 1 11 13 14 39 40 45 46 58 60
 1 11 13 14 20 58 60
 1 11 13 14 20 41 58 60
 1 11 13 14 20 39 40 58 60
