 60 64
 60 64 72
 60 64 70
 60 64 70 71
 60 64 68 69
 60 64 66
 60 64 65
 58
 58 64
 58 64 72
 58 64 70 71
 58 64 66 72
 58 64 66 70 71
 58 64 65 72
 58 64 65 70 71
 58 62
 58 62 70
 58 62 68 69
 58 62 66 70
 58 62 66 68 69
 58 62 64 65 70
 58 62 64 65 68 69
 58 60 66
 58 60 66 72
 58 60 66 70
 58 60 66 70 71
 58 60 66 68 69
 58 60 64 65
 58 60 64 65 72
 58 60 64 65 70
 58 60 64 65 70 71
 58 60 64 65 68 69
 58 59
 57 60 66
 57 60 64
 57 60 64 65
 57 60 62 63
 57 58
 57 58 60 72
 57 58 60 70 71
 56 60
 56 60 66
 56 60 64 65
 56 58 60 72
 56 58 60 70 71
 56 57 58 64 72
 56 57 58 64 70 71
 56 57 58 64 66 72
 56 57 58 64 66 70 71
 56 57 58 64 65 72
 56 57 58 64 65 70 71
 56 57 58 60 70
 56 57 58 60 68 69
 54 55 60
 54 55 60 66
 54 55 60 64 65
 54 55 57 58 60 70
 54 55 57 58 60 68 69
 47 58 70
 47 58 68 69
 47 56 58 74
 47 56 58 72
 47 56 58 71 72
 47 56 58 70 71
 47 56 58 70 71 73
 47 56 58 70 71 72
 47 56 58 59
 47 56 57 58
 47 54 55 58 74
 47 54 55 58 72
 47 54 55 58 71 72
 47 54 55 58 70 71
 47 54 55 58 70 71 73
 47 54 55 58 70 71 72
 47 54 55 58 59
 47 54 55 57 58
 46 47 56 58 72
 46 47 56 58 70 71
 46 47 54 55 58 72
 46 47 54 55 58 70 71
 45 70
 45 68 69
 45 60 64
 45 58 70
 45 58 68 69
 45 58 64
 45 58 64 66
 45 58 64 65
 45 58 60
 45 58 60 66
 45 58 60 64 65
 45 57 58 60
 45 56 58 60
 45 56 57 58 64
 45 56 57 58 64 66
 45 56 57 58 64 65
 45 56 57 58 60
 45 47 56 58
 45 47 56 58 73
 45 47 56 58 71 72
 45 47 54 55 58
 45 47 54 55 58 73
 45 47 54 55 58 71 72
 45 46 58 70
 45 46 58 68 69
 45 46 56 58
 45 46 56 58 74
 45 46 56 58 73
 45 46 56 58 70 71 73
 45 46 56 58 70 71 72
 45 46 56 58 59
 45 46 56 57 58
 45 46 54 55 58
 45 46 54 55 58 74
 45 46 54 55 58 73
 45 46 54 55 58 70 71 73
 45 46 54 55 58 70 71 72
 45 46 54 55 58 59
 45 46 54 55 57 58
 43 60 64
 43 58 62
 43 58 62 66
 43 58 62 64 65
 43 58 60 66
 43 58 60 64 65
 43 56 57 58 60
 43 54 55 57 58 60
 43 47 58
 43 45
 43 45 58
 43 45 46 58
 43 44
 43 44 70
 43 44 68 69
 43 44 58
 43 44 58 70
 43 44 58 68 69
 43 44 58 60
 43 44 56 57 58 60
 39 60 64
 39 58 64 72
 39 58 64 70 71
 39 58 62 70
 39 58 62 68 69
 39 58 60
 39 58 60 72
 39 58 60 70
 39 58 60 70 71
 39 58 60 68 69
 39 57 60
 39 56 60
 39 56 57 58 64 72
 39 56 57 58 64 70 71
 39 54 55 60
 39 45 58 64
 39 45 58 60
 39 45 56 57 58 64
 39 43 58 62
 39 43 58 60
 37 57 60
 32 47 56 58
 32 47 54 55 58
 32 45 46 56 58
 32 45 46 54 55 58
 31 60 72
 31 60 70 71
 31 58 64 72
 31 58 64 70 71
 31 58 64 66 72
 31 58 64 66 70 71
 31 58 64 65 72
 31 58 64 65 70 71
 31 56 60 72
 31 56 60 70 71
 31 45 60
 31 45 58 64
 31 45 58 64 66
 31 45 58 64 65
 31 45 58 60
 31 45 56 60
 31 43 44 58 60
 31 39 58 64 72
 31 39 58 64 70 71
 31 39 45 58 64
 29 60
 29 60 66
 29 60 64 65
 29 57 58 60 70
 29 57 58 60 68 69
 29 47 58 74
 29 47 58 72
 29 47 58 71 72
 29 47 58 70 71
 29 47 58 70 71 73
 29 47 58 70 71 72
 29 47 58 59
 29 47 57 58
 29 46 47 58 72
 29 46 47 58 70 71
 29 45 47 58
 29 45 47 58 73
 29 45 47 58 71 72
 29 45 46 58
 29 45 46 58 74
 29 45 46 58 73
 29 45 46 58 70 71 73
 29 45 46 58 70 71 72
 29 45 46 58 59
 29 45 46 57 58
 29 43 57 58 60
 29 39 60
 29 32 47 58
 29 32 45 46 58
 28 60
 28 60 66
 28 60 64 65
 28 57 60 66
 28 57 60 64 65
 28 47 60 66
 28 47 60 64 65
 28 47 58 72
 28 47 58 70
 28 47 58 70 71
 28 47 58 68 69
 28 47 58 66 72
 28 47 58 66 70 71
 28 47 58 64 65 72
 28 47 58 64 65 70 71
 28 47 58 60
 28 47 57 60 64
 28 47 57 60 62 63
 28 47 57 58 60
 28 47 56 60
 28 47 56 60 72
 28 47 56 60 70 71
 28 47 56 60 66
 28 47 56 60 66 72
 28 47 56 60 66 70 71
 28 47 56 60 64 65
 28 47 56 60 64 65 72
 28 47 56 60 64 65 70 71
 28 47 56 57 58
 28 47 54 55 60
 28 47 54 55 60 72
 28 47 54 55 60 70 71
 28 47 54 55 60 66
 28 47 54 55 60 66 72
 28 47 54 55 60 66 70 71
 28 47 54 55 60 64 65
 28 47 54 55 60 64 65 72
 28 47 54 55 60 64 65 70 71
 28 45 58 60 64 70
 28 45 58 60 64 68 69
 28 45 58 60 62 63 70
 28 45 58 60 62 63 68 69
 28 45 56 57 70
 28 45 56 57 68 69
 28 45 47 58
 28 45 47 58 66
 28 45 47 58 64 65
 28 45 47 56 60
 28 45 47 56 60 66
 28 45 47 56 60 64 65
 28 45 47 54 55 60
 28 45 47 54 55 60 66
 28 45 47 54 55 60 64 65
 28 45 46 60 66
 28 45 46 60 64 65
 28 45 46 58
 28 45 46 58 72
 28 45 46 58 70
 28 45 46 58 70 71
 28 45 46 58 68 69
 28 45 46 58 66
 28 45 46 58 66 72
 28 45 46 58 66 70 71
 28 45 46 58 64 65
 28 45 46 58 64 65 72
 28 45 46 58 64 65 70 71
 28 45 46 58 60
 28 45 46 57 60 64
 28 45 46 57 60 62 63
 28 45 46 57 58 60
 28 45 46 56 60 72
 28 45 46 56 60 70 71
 28 45 46 56 60 66 72
 28 45 46 56 60 66 70 71
 28 45 46 56 60 64 65 72
 28 45 46 56 60 64 65 70 71
 28 45 46 56 57 58
 28 45 46 54 55 60 72
 28 45 46 54 55 60 70 71
 28 45 46 54 55 60 66 72
 28 45 46 54 55 60 66 70 71
 28 45 46 54 55 60 64 65 72
 28 45 46 54 55 60 64 65 70 71
 28 43 47 58
 28 43 45 58 60 64
 28 43 45 58 60 62 63
 28 43 45 56 57
 28 43 45 46 58
 28 43 44 58 60 64
 28 43 44 58 60 64 70
 28 43 44 58 60 64 68 69
 28 43 44 58 60 62 63
 28 43 44 58 60 62 63 70
 28 43 44 58 60 62 63 68 69
 28 43 44 56 57
 28 43 44 56 57 70
 28 43 44 56 57 68 69
 28 39 60
 28 39 57 60
 28 39 47 60
 28 39 47 58 72
 28 39 47 58 70 71
 28 39 47 56 60
 28 39 47 56 60 72
 28 39 47 56 60 70 71
 28 39 47 54 55 60
 28 39 47 54 55 60 72
 28 39 47 54 55 60 70 71
 28 39 45 47 58
 28 39 45 47 56 60
 28 39 45 47 54 55 60
 28 39 45 46 60
 28 39 45 46 58
 28 39 45 46 58 72
 28 39 45 46 58 70 71
 28 39 45 46 56 60 72
 28 39 45 46 56 60 70 71
 28 39 45 46 54 55 60 72
 28 39 45 46 54 55 60 70 71
 28 37 47 57 60
 28 37 45 58 60 70
 28 37 45 58 60 68 69
 28 37 45 46 57 60
 28 37 43 45 58 60
 28 37 43 44 58 60
 28 37 43 44 58 60 70
 28 37 43 44 58 60 68 69
 28 31 47 58
 28 31 45 70
 28 31 45 68 69
 28 31 45 46 58
 28 31 43 45
 28 31 43 44
 28 31 43 44 70
 28 31 43 44 68 69
 28 29 47 60
 28 29 47 60 72
 28 29 47 60 70 71
 28 29 47 60 66
 28 29 47 60 66 72
 28 29 47 60 66 70 71
 28 29 47 60 64 65
 28 29 47 60 64 65 72
 28 29 47 60 64 65 70 71
 28 29 45 47 60
 28 29 45 47 60 66
 28 29 45 47 60 64 65
 28 29 45 46 60 72
 28 29 45 46 60 70 71
 28 29 45 46 60 66 72
 28 29 45 46 60 66 70 71
 28 29 45 46 60 64 65 72
 28 29 45 46 60 64 65 70 71
 28 29 39 47 60
 28 29 39 47 60 72
 28 29 39 47 60 70 71
 28 29 39 45 47 60
 28 29 39 45 46 60 72
 28 29 39 45 46 60 70 71
 26 27 60
 26 27 60 66
 26 27 60 64 65
 26 27 57 60 66
 26 27 57 60 64 65
 26 27 47 60 66
 26 27 47 60 64 65
 26 27 47 58 72
 26 27 47 58 70
 26 27 47 58 70 71
 26 27 47 58 68 69
 26 27 47 58 66 72
 26 27 47 58 66 70 71
 26 27 47 58 64 65 72
 26 27 47 58 64 65 70 71
 26 27 47 58 60
 26 27 47 57 60 64
 26 27 47 57 60 62 63
 26 27 47 57 58 60
 26 27 47 56 60
 26 27 47 56 60 72
 26 27 47 56 60 70 71
 26 27 47 56 60 66
 26 27 47 56 60 66 72
 26 27 47 56 60 66 70 71
 26 27 47 56 60 64 65
 26 27 47 56 60 64 65 72
 26 27 47 56 60 64 65 70 71
 26 27 47 56 57 58
 26 27 47 54 55 60
 26 27 47 54 55 60 72
 26 27 47 54 55 60 70 71
 26 27 47 54 55 60 66
 26 27 47 54 55 60 66 72
 26 27 47 54 55 60 66 70 71
 26 27 47 54 55 60 64 65
 26 27 47 54 55 60 64 65 72
 26 27 47 54 55 60 64 65 70 71
 26 27 45 58 60 64 70
 26 27 45 58 60 64 68 69
 26 27 45 58 60 62 63 70
 26 27 45 58 60 62 63 68 69
 26 27 45 56 57 70
 26 27 45 56 57 68 69
 26 27 45 47 58
 26 27 45 47 58 66
 26 27 45 47 58 64 65
 26 27 45 47 56 60
 26 27 45 47 56 60 66
 26 27 45 47 56 60 64 65
 26 27 45 47 54 55 60
 26 27 45 47 54 55 60 66
 26 27 45 47 54 55 60 64 65
 26 27 45 46 60 66
 26 27 45 46 60 64 65
 26 27 45 46 58
 26 27 45 46 58 72
 26 27 45 46 58 70
 26 27 45 46 58 70 71
 26 27 45 46 58 68 69
 26 27 45 46 58 66
 26 27 45 46 58 66 72
 26 27 45 46 58 66 70 71
 26 27 45 46 58 64 65
 26 27 45 46 58 64 65 72
 26 27 45 46 58 64 65 70 71
 26 27 45 46 58 60
 26 27 45 46 57 60 64
 26 27 45 46 57 60 62 63
 26 27 45 46 57 58 60
 26 27 45 46 56 60 72
 26 27 45 46 56 60 70 71
 26 27 45 46 56 60 66 72
 26 27 45 46 56 60 66 70 71
 26 27 45 46 56 60 64 65 72
 26 27 45 46 56 60 64 65 70 71
 26 27 45 46 56 57 58
 26 27 45 46 54 55 60 72
 26 27 45 46 54 55 60 70 71
 26 27 45 46 54 55 60 66 72
 26 27 45 46 54 55 60 66 70 71
 26 27 45 46 54 55 60 64 65 72
 26 27 45 46 54 55 60 64 65 70 71
 26 27 43 47 58
 26 27 43 45 58 60 64
 26 27 43 45 58 60 62 63
 26 27 43 45 56 57
 26 27 43 45 46 58
 26 27 43 44 58 60 64
 26 27 43 44 58 60 64 70
 26 27 43 44 58 60 64 68 69
 26 27 43 44 58 60 62 63
 26 27 43 44 58 60 62 63 70
 26 27 43 44 58 60 62 63 68 69
 26 27 43 44 56 57
 26 27 43 44 56 57 70
 26 27 43 44 56 57 68 69
 26 27 39 60
 26 27 39 57 60
 26 27 39 47 60
 26 27 39 47 58 72
 26 27 39 47 58 70 71
 26 27 39 47 56 60
 26 27 39 47 56 60 72
 26 27 39 47 56 60 70 71
 26 27 39 47 54 55 60
 26 27 39 47 54 55 60 72
 26 27 39 47 54 55 60 70 71
 26 27 39 45 47 58
 26 27 39 45 47 56 60
 26 27 39 45 47 54 55 60
 26 27 39 45 46 60
 26 27 39 45 46 58
 26 27 39 45 46 58 72
 26 27 39 45 46 58 70 71
 26 27 39 45 46 56 60 72
 26 27 39 45 46 56 60 70 71
 26 27 39 45 46 54 55 60 72
 26 27 39 45 46 54 55 60 70 71
 26 27 37 47 57 60
 26 27 37 45 58 60 70
 26 27 37 45 58 60 68 69
 26 27 37 45 46 57 60
 26 27 37 43 45 58 60
 26 27 37 43 44 58 60
 26 27 37 43 44 58 60 70
 26 27 37 43 44 58 60 68 69
 26 27 31 47 58
 26 27 31 45 70
 26 27 31 45 68 69
 26 27 31 45 46 58
 26 27 31 43 45
 26 27 31 43 44
 26 27 31 43 44 70
 26 27 31 43 44 68 69
 26 27 29 47 60
 26 27 29 47 60 72
 26 27 29 47 60 70 71
 26 27 29 47 60 66
 26 27 29 47 60 66 72
 26 27 29 47 60 66 70 71
 26 27 29 47 60 64 65
 26 27 29 47 60 64 65 72
 26 27 29 47 60 64 65 70 71
 26 27 29 45 47 60
 26 27 29 45 47 60 66
 26 27 29 45 47 60 64 65
 26 27 29 45 46 60 72
 26 27 29 45 46 60 70 71
 26 27 29 45 46 60 66 72
 26 27 29 45 46 60 66 70 71
 26 27 29 45 46 60 64 65 72
 26 27 29 45 46 60 64 65 70 71
 26 27 29 39 47 60
 26 27 29 39 47 60 72
 26 27 29 39 47 60 70 71
 26 27 29 39 45 47 60
 26 27 29 39 45 46 60 72
 26 27 29 39 45 46 60 70 71
 20 58 70
 20 58 68 69
 20 56 58
 20 56 58 74
 20 56 58 72
 20 56 58 71 72
 20 56 58 70 71
 20 56 58 70 71 73
 20 56 58 70 71 72
 20 56 58 59
 20 56 57 58
 20 54 55 58
 20 54 55 58 74
 20 54 55 58 72
 20 54 55 58 71 72
 20 54 55 58 70 71
 20 54 55 58 70 71 73
 20 54 55 58 70 71 72
 20 54 55 58 59
 20 54 55 57 58
 20 47 56 58
 20 47 54 55 58
 20 46 56 58 72
 20 46 56 58 70 71
 20 46 54 55 58 72
 20 46 54 55 58 70 71
 20 45 56 58
 20 45 56 58 73
 20 45 56 58 71 72
 20 45 54 55 58
 20 45 54 55 58 73
 20 45 54 55 58 71 72
 20 45 46 56 58
 20 45 46 54 55 58
 20 43 58
 20 32 56 58
 20 32 54 55 58
 20 29 58
 20 29 58 74
 20 29 58 72
 20 29 58 71 72
 20 29 58 70 71
 20 29 58 70 71 73
 20 29 58 70 71 72
 20 29 58 59
 20 29 57 58
 20 29 47 58
 20 29 46 58 72
 20 29 46 58 70 71
 20 29 45 58
 20 29 45 58 73
 20 29 45 58 71 72
 20 29 45 46 58
 20 29 32 58
 20 28 60 66
 20 28 60 64 65
 20 28 58 72
 20 28 58 70
 20 28 58 70 71
 20 28 58 68 69
 20 28 58 66 72
 20 28 58 66 70 71
 20 28 58 64 65 72
 20 28 58 64 65 70 71
 20 28 58 60
 20 28 57 60 64
 20 28 57 60 62 63
 20 28 57 58 60
 20 28 56 60
 20 28 56 60 72
 20 28 56 60 70 71
 20 28 56 60 66
 20 28 56 60 66 72
 20 28 56 60 66 70 71
 20 28 56 60 64 65
 20 28 56 60 64 65 72
 20 28 56 60 64 65 70 71
 20 28 56 57 58
 20 28 54 55 60
 20 28 54 55 60 72
 20 28 54 55 60 70 71
 20 28 54 55 60 66
 20 28 54 55 60 66 72
 20 28 54 55 60 66 70 71
 20 28 54 55 60 64 65
 20 28 54 55 60 64 65 72
 20 28 54 55 60 64 65 70 71
 20 28 45 58
 20 28 45 58 66
 20 28 45 58 64 65
 20 28 45 56 60
 20 28 45 56 60 66
 20 28 45 56 60 64 65
 20 28 45 54 55 60
 20 28 45 54 55 60 66
 20 28 45 54 55 60 64 65
 20 28 43 58
 20 28 39 60
 20 28 39 58 72
 20 28 39 58 70 71
 20 28 39 56 60
 20 28 39 56 60 72
 20 28 39 56 60 70 71
 20 28 39 54 55 60
 20 28 39 54 55 60 72
 20 28 39 54 55 60 70 71
 20 28 39 45 58
 20 28 39 45 56 60
 20 28 39 45 54 55 60
 20 28 37 57 60
 20 28 31 58
 20 28 29 60
 20 28 29 60 72
 20 28 29 60 70 71
 20 28 29 60 66
 20 28 29 60 66 72
 20 28 29 60 66 70 71
 20 28 29 60 64 65
 20 28 29 60 64 65 72
 20 28 29 60 64 65 70 71
 20 28 29 45 60
 20 28 29 45 60 66
 20 28 29 45 60 64 65
 20 28 29 39 60
 20 28 29 39 60 72
 20 28 29 39 60 70 71
 20 28 29 39 45 60
 20 26 27 60 66
 20 26 27 60 64 65
 20 26 27 58 72
 20 26 27 58 70
 20 26 27 58 70 71
 20 26 27 58 68 69
 20 26 27 58 66 72
 20 26 27 58 66 70 71
 20 26 27 58 64 65 72
 20 26 27 58 64 65 70 71
 20 26 27 58 60
 20 26 27 57 60 64
 20 26 27 57 60 62 63
 20 26 27 57 58 60
 20 26 27 56 60
 20 26 27 56 60 72
 20 26 27 56 60 70 71
 20 26 27 56 60 66
 20 26 27 56 60 66 72
 20 26 27 56 60 66 70 71
 20 26 27 56 60 64 65
 20 26 27 56 60 64 65 72
 20 26 27 56 60 64 65 70 71
 20 26 27 56 57 58
 20 26 27 54 55 60
 20 26 27 54 55 60 72
 20 26 27 54 55 60 70 71
 20 26 27 54 55 60 66
 20 26 27 54 55 60 66 72
 20 26 27 54 55 60 66 70 71
 20 26 27 54 55 60 64 65
 20 26 27 54 55 60 64 65 72
 20 26 27 54 55 60 64 65 70 71
 20 26 27 45 58
 20 26 27 45 58 66
 20 26 27 45 58 64 65
 20 26 27 45 56 60
 20 26 27 45 56 60 66
 20 26 27 45 56 60 64 65
 20 26 27 45 54 55 60
 20 26 27 45 54 55 60 66
 20 26 27 45 54 55 60 64 65
 20 26 27 43 58
 20 26 27 39 60
 20 26 27 39 58 72
 20 26 27 39 58 70 71
 20 26 27 39 56 60
 20 26 27 39 56 60 72
 20 26 27 39 56 60 70 71
 20 26 27 39 54 55 60
 20 26 27 39 54 55 60 72
 20 26 27 39 54 55 60 70 71
 20 26 27 39 45 58
 20 26 27 39 45 56 60
 20 26 27 39 45 54 55 60
 20 26 27 37 57 60
 20 26 27 31 58
 20 26 27 29 60
 20 26 27 29 60 72
 20 26 27 29 60 70 71
 20 26 27 29 60 66
 20 26 27 29 60 66 72
 20 26 27 29 60 66 70 71
 20 26 27 29 60 64 65
 20 26 27 29 60 64 65 72
 20 26 27 29 60 64 65 70 71
 20 26 27 29 45 60
 20 26 27 29 45 60 66
 20 26 27 29 45 60 64 65
 20 26 27 29 39 60
 20 26 27 29 39 60 72
 20 26 27 29 39 60 70 71
 20 26 27 29 39 45 60
 18 70
 18 68 69
 18 58 70
 18 58 68 69
 18 58 60
 18 56 57 58 60
 18 43
 18 43 58
 18 31 58 60
 18 28 58 60 64 70
 18 28 58 60 64 68 69
 18 28 58 60 62 63 70
 18 28 58 60 62 63 68 69
 18 28 56 57 70
 18 28 56 57 68 69
 18 28 43 58 60 64
 18 28 43 58 60 62 63
 18 28 43 56 57
 18 28 37 58 60 70
 18 28 37 58 60 68 69
 18 28 37 43 58 60
 18 28 31 70
 18 28 31 68 69
 18 28 31 43
 18 26 27 58 60 64 70
 18 26 27 58 60 64 68 69
 18 26 27 58 60 62 63 70
 18 26 27 58 60 62 63 68 69
 18 26 27 56 57 70
 18 26 27 56 57 68 69
 18 26 27 43 58 60 64
 18 26 27 43 58 60 62 63
 18 26 27 43 56 57
 18 26 27 37 58 60 70
 18 26 27 37 58 60 68 69
 18 26 27 37 43 58 60
 18 26 27 31 70
 18 26 27 31 68 69
 18 26 27 31 43
 17 58
 15 60 66
 15 60 64
 15 60 64 65
 15 60 62 63
 15 58
 15 58 60 72
 15 58 60 70 71
 15 56 58 60 70
 15 56 58 60 68 69
 15 54 55 58 60 70
 15 54 55 58 60 68 69
 15 45 58 60
 15 43 56 58 60
 15 43 54 55 58 60
 15 39 60
 15 37 60
 15 29 58 60 70
 15 29 58 60 68 69
 15 29 43 58 60
 15 28 60 66
 15 28 60 64 65
 15 28 47 60 64
 15 28 47 60 62 63
 15 28 47 58 60
 15 28 45 46 60 64
 15 28 45 46 60 62 63
 15 28 45 46 58 60
 15 28 39 60
 15 28 37 47 60
 15 28 37 45 46 60
 15 26 27 60 66
 15 26 27 60 64 65
 15 26 27 47 60 64
 15 26 27 47 60 62 63
 15 26 27 47 58 60
 15 26 27 45 46 60 64
 15 26 27 45 46 60 62 63
 15 26 27 45 46 58 60
 15 26 27 39 60
 15 26 27 37 47 60
 15 26 27 37 45 46 60
 15 20 28 60 64
 15 20 28 60 62 63
 15 20 28 58 60
 15 20 28 37 60
 15 20 26 27 60 64
 15 20 26 27 60 62 63
 15 20 26 27 58 60
 15 20 26 27 37 60
 15 16 58
 13 14 60 66
 13 14 60 64
 13 14 60 64 65
 13 14 60 62 63
 13 14 58
 13 14 58 60 72
 13 14 58 60 70 71
 13 14 56 58 60 70
 13 14 56 58 60 68 69
 13 14 54 55 58 60 70
 13 14 54 55 58 60 68 69
 13 14 45 58 60
 13 14 43 56 58 60
 13 14 43 54 55 58 60
 13 14 39 60
 13 14 37 60
 13 14 29 58 60 70
 13 14 29 58 60 68 69
 13 14 29 43 58 60
 13 14 28 60 66
 13 14 28 60 64 65
 13 14 28 47 60 64
 13 14 28 47 60 62 63
 13 14 28 47 58 60
 13 14 28 45 46 60 64
 13 14 28 45 46 60 62 63
 13 14 28 45 46 58 60
 13 14 28 39 60
 13 14 28 37 47 60
 13 14 28 37 45 46 60
 13 14 26 27 60 66
 13 14 26 27 60 64 65
 13 14 26 27 47 60 64
 13 14 26 27 47 60 62 63
 13 14 26 27 47 58 60
 13 14 26 27 45 46 60 64
 13 14 26 27 45 46 60 62 63
 13 14 26 27 45 46 58 60
 13 14 26 27 39 60
 13 14 26 27 37 47 60
 13 14 26 27 37 45 46 60
 13 14 20 28 60 64
 13 14 20 28 60 62 63
 13 14 20 28 58 60
 13 14 20 28 37 60
 13 14 20 26 27 60 64
 13 14 20 26 27 60 62 63
 13 14 20 26 27 58 60
 13 14 20 26 27 37 60
 1 60
 1 60 66
 1 60 64 65
 1 57 60 66
 1 57 60 64 65
 1 47 60 66
 1 47 60 64 65
 1 47 58 72
 1 47 58 70
 1 47 58 70 71
 1 47 58 68 69
 1 47 58 66 72
 1 47 58 66 70 71
 1 47 58 64 65 72
 1 47 58 64 65 70 71
 1 47 58 60
 1 47 57 60 64
 1 47 57 60 62 63
 1 47 57 58 60
 1 47 56 60
 1 47 56 60 72
 1 47 56 60 70 71
 1 47 56 60 66
 1 47 56 60 66 72
 1 47 56 60 66 70 71
 1 47 56 60 64 65
 1 47 56 60 64 65 72
 1 47 56 60 64 65 70 71
 1 47 56 57 58
 1 47 54 55 60
 1 47 54 55 60 72
 1 47 54 55 60 70 71
 1 47 54 55 60 66
 1 47 54 55 60 66 72
 1 47 54 55 60 66 70 71
 1 47 54 55 60 64 65
 1 47 54 55 60 64 65 72
 1 47 54 55 60 64 65 70 71
 1 45 58 60 64 70
 1 45 58 60 64 68 69
 1 45 58 60 62 63 70
 1 45 58 60 62 63 68 69
 1 45 56 57 70
 1 45 56 57 68 69
 1 45 47 58
 1 45 47 58 66
 1 45 47 58 64 65
 1 45 47 56 60
 1 45 47 56 60 66
 1 45 47 56 60 64 65
 1 45 47 54 55 60
 1 45 47 54 55 60 66
 1 45 47 54 55 60 64 65
 1 45 46 60 66
 1 45 46 60 64 65
 1 45 46 58
 1 45 46 58 72
 1 45 46 58 70
 1 45 46 58 70 71
 1 45 46 58 68 69
 1 45 46 58 66
 1 45 46 58 66 72
 1 45 46 58 66 70 71
 1 45 46 58 64 65
 1 45 46 58 64 65 72
 1 45 46 58 64 65 70 71
 1 45 46 58 60
 1 45 46 57 60 64
 1 45 46 57 60 62 63
 1 45 46 57 58 60
 1 45 46 56 60 72
 1 45 46 56 60 70 71
 1 45 46 56 60 66 72
 1 45 46 56 60 66 70 71
 1 45 46 56 60 64 65 72
 1 45 46 56 60 64 65 70 71
 1 45 46 56 57 58
 1 45 46 54 55 60 72
 1 45 46 54 55 60 70 71
 1 45 46 54 55 60 66 72
 1 45 46 54 55 60 66 70 71
 1 45 46 54 55 60 64 65 72
 1 45 46 54 55 60 64 65 70 71
 1 43 47 58
 1 43 45 58 60 64
 1 43 45 58 60 62 63
 1 43 45 56 57
 1 43 45 46 58
 1 43 44 58 60 64
 1 43 44 58 60 64 70
 1 43 44 58 60 64 68 69
 1 43 44 58 60 62 63
 1 43 44 58 60 62 63 70
 1 43 44 58 60 62 63 68 69
 1 43 44 56 57
 1 43 44 56 57 70
 1 43 44 56 57 68 69
 1 39 60
 1 39 57 60
 1 39 47 60
 1 39 47 58 72
 1 39 47 58 70 71
 1 39 47 56 60
 1 39 47 56 60 72
 1 39 47 56 60 70 71
 1 39 47 54 55 60
 1 39 47 54 55 60 72
 1 39 47 54 55 60 70 71
 1 39 45 47 58
 1 39 45 47 56 60
 1 39 45 47 54 55 60
 1 39 45 46 60
 1 39 45 46 58
 1 39 45 46 58 72
 1 39 45 46 58 70 71
 1 39 45 46 56 60 72
 1 39 45 46 56 60 70 71
 1 39 45 46 54 55 60 72
 1 39 45 46 54 55 60 70 71
 1 37 47 57 60
 1 37 45 58 60 70
 1 37 45 58 60 68 69
 1 37 45 46 57 60
 1 37 43 45 58 60
 1 37 43 44 58 60
 1 37 43 44 58 60 70
 1 37 43 44 58 60 68 69
 1 31 47 58
 1 31 45 70
 1 31 45 68 69
 1 31 45 46 58
 1 31 43 45
 1 31 43 44
 1 31 43 44 70
 1 31 43 44 68 69
 1 29 47 60
 1 29 47 60 72
 1 29 47 60 70 71
 1 29 47 60 66
 1 29 47 60 66 72
 1 29 47 60 66 70 71
 1 29 47 60 64 65
 1 29 47 60 64 65 72
 1 29 47 60 64 65 70 71
 1 29 45 47 60
 1 29 45 47 60 66
 1 29 45 47 60 64 65
 1 29 45 46 60 72
 1 29 45 46 60 70 71
 1 29 45 46 60 66 72
 1 29 45 46 60 66 70 71
 1 29 45 46 60 64 65 72
 1 29 45 46 60 64 65 70 71
 1 29 39 47 60
 1 29 39 47 60 72
 1 29 39 47 60 70 71
 1 29 39 45 47 60
 1 29 39 45 46 60 72
 1 29 39 45 46 60 70 71
 1 20 60 66
 1 20 60 64 65
 1 20 58 72
 1 20 58 70
 1 20 58 70 71
 1 20 58 68 69
 1 20 58 66 72
 1 20 58 66 70 71
 1 20 58 64 65 72
 1 20 58 64 65 70 71
 1 20 58 60
 1 20 57 60 64
 1 20 57 60 62 63
 1 20 57 58 60
 1 20 56 60
 1 20 56 60 72
 1 20 56 60 70 71
 1 20 56 60 66
 1 20 56 60 66 72
 1 20 56 60 66 70 71
 1 20 56 60 64 65
 1 20 56 60 64 65 72
 1 20 56 60 64 65 70 71
 1 20 56 57 58
 1 20 54 55 60
 1 20 54 55 60 72
 1 20 54 55 60 70 71
 1 20 54 55 60 66
 1 20 54 55 60 66 72
 1 20 54 55 60 66 70 71
 1 20 54 55 60 64 65
 1 20 54 55 60 64 65 72
 1 20 54 55 60 64 65 70 71
 1 20 45 58
 1 20 45 58 66
 1 20 45 58 64 65
 1 20 45 56 60
 1 20 45 56 60 66
 1 20 45 56 60 64 65
 1 20 45 54 55 60
 1 20 45 54 55 60 66
 1 20 45 54 55 60 64 65
 1 20 43 58
 1 20 39 60
 1 20 39 58 72
 1 20 39 58 70 71
 1 20 39 56 60
 1 20 39 56 60 72
 1 20 39 56 60 70 71
 1 20 39 54 55 60
 1 20 39 54 55 60 72
 1 20 39 54 55 60 70 71
 1 20 39 45 58
 1 20 39 45 56 60
 1 20 39 45 54 55 60
 1 20 37 57 60
 1 20 31 58
 1 20 29 60
 1 20 29 60 72
 1 20 29 60 70 71
 1 20 29 60 66
 1 20 29 60 66 72
 1 20 29 60 66 70 71
 1 20 29 60 64 65
 1 20 29 60 64 65 72
 1 20 29 60 64 65 70 71
 1 20 29 45 60
 1 20 29 45 60 66
 1 20 29 45 60 64 65
 1 20 29 39 60
 1 20 29 39 60 72
 1 20 29 39 60 70 71
 1 20 29 39 45 60
 1 18 58 60 64 70
 1 18 58 60 64 68 69
 1 18 58 60 62 63 70
 1 18 58 60 62 63 68 69
 1 18 56 57 70
 1 18 56 57 68 69
 1 18 43 58 60 64
 1 18 43 58 60 62 63
 1 18 43 56 57
 1 18 37 58 60 70
 1 18 37 58 60 68 69
 1 18 37 43 58 60
 1 18 31 70
 1 18 31 68 69
 1 18 31 43
 1 15 60 66
 1 15 60 64 65
 1 15 47 60 64
 1 15 47 60 62 63
 1 15 47 58 60
 1 15 45 46 60 64
 1 15 45 46 60 62 63
 1 15 45 46 58 60
 1 15 39 60
 1 15 37 47 60
 1 15 37 45 46 60
 1 15 20 60 64
 1 15 20 60 62 63
 1 15 20 58 60
 1 15 20 37 60
 1 13 14 60 66
 1 13 14 60 64 65
 1 13 14 47 60 64
 1 13 14 47 60 62 63
 1 13 14 47 58 60
 1 13 14 45 46 60 64
 1 13 14 45 46 60 62 63
 1 13 14 45 46 58 60
 1 13 14 39 60
 1 13 14 37 47 60
 1 13 14 37 45 46 60
 1 13 14 20 60 64
 1 13 14 20 60 62 63
 1 13 14 20 58 60
 1 13 14 20 37 60
