 60 70
 60 68 69
 58 70 74
 58 70 72 73
 58 68 69 74
 58 68 69 72 73
 57 60 70
 57 60 68 69
 56 60 70
 56 60 68 69
 56 57 58 70 74
 56 57 58 70 72 73
 56 57 58 68 69 74
 56 57 58 68 69 72 73
 47 58 70 74
 47 58 70 72
 47 58 70 72 73
 47 58 70 71
 47 58 68 69 74
 47 58 68 69 72
 47 58 68 69 72 73
 47 58 68 69 70 71
 47 58 60 72
 47 58 60 70 71
 47 58 60 66 72
 47 58 60 66 70 71
 47 58 60 64 65 72
 47 58 60 64 65 70 71
 47 56 57 58 70 74
 47 56 57 58 70 72
 47 56 57 58 70 72 73
 47 56 57 58 70 71
 47 56 57 58 68 69 74
 47 56 57 58 68 69 72
 47 56 57 58 68 69 72 73
 47 56 57 58 68 69 70 71
 47 53 58 60 70
 47 53 58 60 68 69
 47 53 57 58 60 70
 47 53 57 58 60 68 69
 47 51 52 58 60 70
 47 51 52 58 60 68 69
 47 51 52 57 58 60 70
 47 51 52 57 58 60 68 69
 45 58 60
 45 57 58 60
 45 47 58 70
 45 47 58 68 69
 45 47 58 60
 45 47 58 60 66
 45 47 58 60 64 65
 45 47 56 57 58 70
 45 47 56 57 58 68 69
 45 46 58 70
 45 46 58 70 74
 45 46 58 70 72
 45 46 58 70 72 73
 45 46 58 70 71
 45 46 58 68 69
 45 46 58 68 69 74
 45 46 58 68 69 72
 45 46 58 68 69 72 73
 45 46 58 68 69 70 71
 45 46 58 60
 45 46 58 60 72
 45 46 58 60 70 71
 45 46 58 60 66
 45 46 58 60 66 72
 45 46 58 60 66 70 71
 45 46 58 60 64 65
 45 46 58 60 64 65 72
 45 46 58 60 64 65 70 71
 45 46 56 57 58 70
 45 46 56 57 58 70 74
 45 46 56 57 58 70 72
 45 46 56 57 58 70 72 73
 45 46 56 57 58 70 71
 45 46 56 57 58 68 69
 45 46 56 57 58 68 69 74
 45 46 56 57 58 68 69 72
 45 46 56 57 58 68 69 72 73
 45 46 56 57 58 68 69 70 71
 45 46 53 58 60 70
 45 46 53 58 60 68 69
 45 46 53 57 58 60 70
 45 46 53 57 58 60 68 69
 45 46 51 52 58 60 70
 45 46 51 52 58 60 68 69
 45 46 51 52 57 58 60 70
 45 46 51 52 57 58 60 68 69
 45 46 47 58 70
 45 46 47 58 68 69
 45 46 47 56 57 58 70
 45 46 47 56 57 58 68 69
 43 60
 43 58 74
 43 58 72 73
 43 57 60
 43 56 60
 43 56 57 58 74
 43 56 57 58 72 73
 43 47 58 74
 43 47 58 72
 43 47 58 72 73
 43 47 58 70 71
 43 47 56 57 58 74
 43 47 56 57 58 72
 43 47 56 57 58 72 73
 43 47 56 57 58 70 71
 43 47 53 58 60
 43 47 53 57 58 60
 43 47 51 52 58 60
 43 47 51 52 57 58 60
 43 45 47 58
 43 45 47 56 57 58
 43 45 46 58
 43 45 46 58 74
 43 45 46 58 72
 43 45 46 58 72 73
 43 45 46 58 70 71
 43 45 46 56 57 58
 43 45 46 56 57 58 74
 43 45 46 56 57 58 72
 43 45 46 56 57 58 72 73
 43 45 46 56 57 58 70 71
 43 45 46 53 58 60
 43 45 46 53 57 58 60
 43 45 46 51 52 58 60
 43 45 46 51 52 57 58 60
 43 45 46 47 58
 43 45 46 47 56 57 58
 43 44 58 60
 43 44 57 58 60
 42 60
 42 58
 42 56 60 70
 42 56 60 68 69
 42 54 55 60 70
 42 54 55 60 68 69
 42 43 56 60
 42 43 54 55 60
 40 60 66 72
 40 60 66 70 71
 40 60 64 65 72
 40 60 64 65 70 71
 40 58 60
 40 58 60 70
 40 58 60 68 69
 40 56 57 60 70
 40 56 57 60 68 69
 40 56 57 58 60
 40 47 56 58 60
 40 47 54 55 58 60
 40 45 60 66
 40 45 60 64 65
 40 45 46 56 58 60
 40 45 46 54 55 58 60
 40 43 58 60
 40 43 56 57 60
 40 41 60
 40 41 58
 40 41 56 60 70
 40 41 56 60 68 69
 40 41 54 55 60 70
 40 41 54 55 60 68 69
 40 41 43 56 60
 40 41 43 54 55 60
 39 47 58 60 72
 39 47 58 60 70 71
 39 45 47 58 60
 39 45 46 58 60
 39 45 46 58 60 72
 39 45 46 58 60 70 71
 39 40 60 72
 39 40 60 70 71
 39 40 45 60
 38 39 60 72
 38 39 60 70 71
 38 39 60 66 72
 38 39 60 66 70 71
 38 39 60 64 65 72
 38 39 60 64 65 70 71
 38 39 58 60
 38 39 58 60 70
 38 39 58 60 68 69
 38 39 56 57 60 70
 38 39 56 57 60 68 69
 38 39 56 57 58 60
 38 39 47 56 58 60
 38 39 47 54 55 58 60
 38 39 45 60
 38 39 45 60 66
 38 39 45 60 64 65
 38 39 45 46 56 58 60
 38 39 45 46 54 55 58 60
 38 39 43 58 60
 38 39 43 56 57 60
 37 42 53 60 72
 37 42 53 60 70 71
 37 42 53 56 60 70
 37 42 53 56 60 68 69
 37 42 53 54 55 60 70
 37 42 53 54 55 60 68 69
 37 42 51 52 60 72
 37 42 51 52 60 70 71
 37 42 51 52 56 60 70
 37 42 51 52 56 60 68 69
 37 42 51 52 54 55 60 70
 37 42 51 52 54 55 60 68 69
 37 42 45 53 60
 37 42 45 51 52 60
 37 42 43 53 56 60
 37 42 43 53 54 55 60
 37 42 43 51 52 56 60
 37 42 43 51 52 54 55 60
 37 40 53 60 72
 37 40 53 60 70 71
 37 40 53 56 60 70
 37 40 53 56 60 68 69
 37 40 53 54 55 60 70
 37 40 53 54 55 60 68 69
 37 40 51 52 60 72
 37 40 51 52 60 70 71
 37 40 51 52 56 60 70
 37 40 51 52 56 60 68 69
 37 40 51 52 54 55 60 70
 37 40 51 52 54 55 60 68 69
 37 40 45 53 60
 37 40 45 51 52 60
 37 40 43 53 56 60
 37 40 43 53 54 55 60
 37 40 43 51 52 56 60
 37 40 43 51 52 54 55 60
 37 40 41 53 60 72
 37 40 41 53 60 70 71
 37 40 41 53 56 60 70
 37 40 41 53 56 60 68 69
 37 40 41 53 54 55 60 70
 37 40 41 53 54 55 60 68 69
 37 40 41 51 52 60 72
 37 40 41 51 52 60 70 71
 37 40 41 51 52 56 60 70
 37 40 41 51 52 56 60 68 69
 37 40 41 51 52 54 55 60 70
 37 40 41 51 52 54 55 60 68 69
 37 40 41 45 53 60
 37 40 41 45 51 52 60
 37 40 41 43 53 56 60
 37 40 41 43 53 54 55 60
 37 40 41 43 51 52 56 60
 37 40 41 43 51 52 54 55 60
 37 38 39 53 60 72
 37 38 39 53 60 70 71
 37 38 39 53 56 60 70
 37 38 39 53 56 60 68 69
 37 38 39 53 54 55 60 70
 37 38 39 53 54 55 60 68 69
 37 38 39 51 52 60 72
 37 38 39 51 52 60 70 71
 37 38 39 51 52 56 60 70
 37 38 39 51 52 56 60 68 69
 37 38 39 51 52 54 55 60 70
 37 38 39 51 52 54 55 60 68 69
 37 38 39 45 53 60
 37 38 39 45 51 52 60
 37 38 39 43 53 56 60
 37 38 39 43 53 54 55 60
 37 38 39 43 51 52 56 60
 37 38 39 43 51 52 54 55 60
 35 40 53 60 72
 35 40 53 60 70 71
 35 40 53 56 60 70
 35 40 53 56 60 68 69
 35 40 53 54 55 60 70
 35 40 53 54 55 60 68 69
 35 40 51 52 60 72
 35 40 51 52 60 70 71
 35 40 51 52 56 60 70
 35 40 51 52 56 60 68 69
 35 40 51 52 54 55 60 70
 35 40 51 52 54 55 60 68 69
 35 40 45 53 60
 35 40 45 51 52 60
 35 40 43 53 56 60
 35 40 43 53 54 55 60
 35 40 43 51 52 56 60
 35 40 43 51 52 54 55 60
 35 38 39 53 60 72
 35 38 39 53 60 70 71
 35 38 39 53 56 60 70
 35 38 39 53 56 60 68 69
 35 38 39 53 54 55 60 70
 35 38 39 53 54 55 60 68 69
 35 38 39 51 52 60 72
 35 38 39 51 52 60 70 71
 35 38 39 51 52 56 60 70
 35 38 39 51 52 56 60 68 69
 35 38 39 51 52 54 55 60 70
 35 38 39 51 52 54 55 60 68 69
 35 38 39 45 53 60
 35 38 39 45 51 52 60
 35 38 39 43 53 56 60
 35 38 39 43 53 54 55 60
 35 38 39 43 51 52 56 60
 35 38 39 43 51 52 54 55 60
 31 58 70 74
 31 58 70 72 73
 31 58 68 69 74
 31 58 68 69 72 73
 31 47 58 70 74
 31 47 58 70 72
 31 47 58 70 72 73
 31 47 58 70 71
 31 47 58 68 69 74
 31 47 58 68 69 72
 31 47 58 68 69 72 73
 31 47 58 68 69 70 71
 31 47 53 58 60 70
 31 47 53 58 60 68 69
 31 47 53 57 58 60 70
 31 47 53 57 58 60 68 69
 31 47 51 52 58 60 70
 31 47 51 52 58 60 68 69
 31 47 51 52 57 58 60 70
 31 47 51 52 57 58 60 68 69
 31 45 47 58 70
 31 45 47 58 68 69
 31 45 46 58 70
 31 45 46 58 70 74
 31 45 46 58 70 72
 31 45 46 58 70 72 73
 31 45 46 58 70 71
 31 45 46 58 68 69
 31 45 46 58 68 69 74
 31 45 46 58 68 69 72
 31 45 46 58 68 69 72 73
 31 45 46 58 68 69 70 71
 31 45 46 53 58 60 70
 31 45 46 53 58 60 68 69
 31 45 46 53 57 58 60 70
 31 45 46 53 57 58 60 68 69
 31 45 46 51 52 58 60 70
 31 45 46 51 52 58 60 68 69
 31 45 46 51 52 57 58 60 70
 31 45 46 51 52 57 58 60 68 69
 31 45 46 47 58 70
 31 45 46 47 58 68 69
 31 43 58 74
 31 43 58 72 73
 31 43 47 58 74
 31 43 47 58 72
 31 43 47 58 72 73
 31 43 47 58 70 71
 31 43 47 53 58 60
 31 43 47 53 57 58 60
 31 43 47 51 52 58 60
 31 43 47 51 52 57 58 60
 31 43 45 47 58
 31 43 45 46 58
 31 43 45 46 58 74
 31 43 45 46 58 72
 31 43 45 46 58 72 73
 31 43 45 46 58 70 71
 31 43 45 46 53 58 60
 31 43 45 46 53 57 58 60
 31 43 45 46 51 52 58 60
 31 43 45 46 51 52 57 58 60
 31 43 45 46 47 58
 31 40 60 70
 31 40 60 68 69
 31 40 58 60
 31 40 43 60
 31 38 39 60 70
 31 38 39 60 68 69
 31 38 39 58 60
 31 38 39 43 60
 29 42 60 70
 29 42 60 68 69
 29 42 43 60
 29 40 47 58 60
 29 40 45 46 58 60
 29 40 41 60 70
 29 40 41 60 68 69
 29 40 41 43 60
 29 38 39 47 58 60
 29 38 39 45 46 58 60
 29 37 42 53 60 70
 29 37 42 53 60 68 69
 29 37 42 51 52 60 70
 29 37 42 51 52 60 68 69
 29 37 42 43 53 60
 29 37 42 43 51 52 60
 29 37 40 53 60 70
 29 37 40 53 60 68 69
 29 37 40 51 52 60 70
 29 37 40 51 52 60 68 69
 29 37 40 43 53 60
 29 37 40 43 51 52 60
 29 37 40 41 53 60 70
 29 37 40 41 53 60 68 69
 29 37 40 41 51 52 60 70
 29 37 40 41 51 52 60 68 69
 29 37 40 41 43 53 60
 29 37 40 41 43 51 52 60
 29 37 38 39 53 60 70
 29 37 38 39 53 60 68 69
 29 37 38 39 51 52 60 70
 29 37 38 39 51 52 60 68 69
 29 37 38 39 43 53 60
 29 37 38 39 43 51 52 60
 29 35 40 53 60 70
 29 35 40 53 60 68 69
 29 35 40 51 52 60 70
 29 35 40 51 52 60 68 69
 29 35 40 43 53 60
 29 35 40 43 51 52 60
 29 35 38 39 53 60 70
 29 35 38 39 53 60 68 69
 29 35 38 39 51 52 60 70
 29 35 38 39 51 52 60 68 69
 29 35 38 39 43 53 60
 29 35 38 39 43 51 52 60
 28 57 58 70
 28 57 58 68 69
 28 56 58 59 70
 28 56 58 59 68 69
 28 53 58 60 70
 28 53 58 60 68 69
 28 51 60 66 70
 28 51 60 66 70 78
 28 51 60 66 70 76 77
 28 51 60 66 68 69
 28 51 60 66 68 69 78
 28 51 60 66 68 69 76 77
 28 51 60 64 65 70
 28 51 60 64 65 70 78
 28 51 60 64 65 70 76 77
 28 51 60 64 65 68 69
 28 51 60 64 65 68 69 78
 28 51 60 64 65 68 69 76 77
 28 51 58 59 60 66 70
 28 51 58 59 60 66 70 78
 28 51 58 59 60 66 70 76 77
 28 51 58 59 60 66 68 69
 28 51 58 59 60 66 68 69 78
 28 51 58 59 60 66 68 69 76 77
 28 51 58 59 60 64 65 70
 28 51 58 59 60 64 65 70 78
 28 51 58 59 60 64 65 70 76 77
 28 51 58 59 60 64 65 68 69
 28 51 58 59 60 64 65 68 69 78
 28 51 58 59 60 64 65 68 69 76 77
 28 51 52 58 60 70
 28 51 52 58 60 68 69
 28 49 50 60 66 70 78
 28 49 50 60 66 70 76 77
 28 49 50 60 66 68 69 78
 28 49 50 60 66 68 69 76 77
 28 49 50 60 64 65 70 78
 28 49 50 60 64 65 70 76 77
 28 49 50 60 64 65 68 69 78
 28 49 50 60 64 65 68 69 76 77
 28 49 50 58 59 60 66 70 78
 28 49 50 58 59 60 66 70 76 77
 28 49 50 58 59 60 66 68 69 78
 28 49 50 58 59 60 66 68 69 76 77
 28 49 50 58 59 60 64 65 70 78
 28 49 50 58 59 60 64 65 70 76 77
 28 49 50 58 59 60 64 65 68 69 78
 28 49 50 58 59 60 64 65 68 69 76 77
 28 49 50 51 60 66 70
 28 49 50 51 60 66 68 69
 28 49 50 51 60 64 65 70
 28 49 50 51 60 64 65 68 69
 28 49 50 51 58 59 60 66 70
 28 49 50 51 58 59 60 66 68 69
 28 49 50 51 58 59 60 64 65 70
 28 49 50 51 58 59 60 64 65 68 69
 28 47 58 66 70
 28 47 58 66 68 69
 28 47 58 64 65 70
 28 47 58 64 65 68 69
 28 47 58 60 70
 28 47 58 60 68 69
 28 47 56 57 58 66 70
 28 47 56 57 58 66 68 69
 28 47 56 57 58 64 65 70
 28 47 56 57 58 64 65 68 69
 28 45 46 58 66 70
 28 45 46 58 66 68 69
 28 45 46 58 64 65 70
 28 45 46 58 64 65 68 69
 28 45 46 58 60 70
 28 45 46 58 60 68 69
 28 45 46 56 57 58 66 70
 28 45 46 56 57 58 66 68 69
 28 45 46 56 57 58 64 65 70
 28 45 46 56 57 58 64 65 68 69
 28 43 57 58
 28 43 56 58 59
 28 43 56 57 58
 28 43 56 57 58 70
 28 43 56 57 58 68 69
 28 43 53 58 60
 28 43 51 60 66
 28 43 51 60 66 78
 28 43 51 60 66 76 77
 28 43 51 60 64 65
 28 43 51 60 64 65 78
 28 43 51 60 64 65 76 77
 28 43 51 58 59 60 66
 28 43 51 58 59 60 66 78
 28 43 51 58 59 60 66 76 77
 28 43 51 58 59 60 64 65
 28 43 51 58 59 60 64 65 78
 28 43 51 58 59 60 64 65 76 77
 28 43 51 52 58 60
 28 43 49 50 60 66 78
 28 43 49 50 60 66 76 77
 28 43 49 50 60 64 65 78
 28 43 49 50 60 64 65 76 77
 28 43 49 50 58 59 60 66 78
 28 43 49 50 58 59 60 66 76 77
 28 43 49 50 58 59 60 64 65 78
 28 43 49 50 58 59 60 64 65 76 77
 28 43 49 50 51 60 66
 28 43 49 50 51 60 64 65
 28 43 49 50 51 58 59 60 66
 28 43 49 50 51 58 59 60 64 65
 28 43 47 58 66
 28 43 47 58 64 65
 28 43 47 58 60
 28 43 47 56 57 58 66
 28 43 47 56 57 58 64 65
 28 43 45 46 58 66
 28 43 45 46 58 64 65
 28 43 45 46 58 60
 28 43 45 46 56 57 58 66
 28 43 45 46 56 57 58 64 65
 28 41 42 56 57 58 70
 28 41 42 56 57 58 68 69
 28 41 42 43 56 57 58
 28 39 51 60 70
 28 39 51 60 70 78
 28 39 51 60 70 76 77
 28 39 51 60 68 69
 28 39 51 60 68 69 78
 28 39 51 60 68 69 76 77
 28 39 51 58 59 60 70
 28 39 51 58 59 60 70 78
 28 39 51 58 59 60 70 76 77
 28 39 51 58 59 60 68 69
 28 39 51 58 59 60 68 69 78
 28 39 51 58 59 60 68 69 76 77
 28 39 49 50 60 70 78
 28 39 49 50 60 70 76 77
 28 39 49 50 60 68 69 78
 28 39 49 50 60 68 69 76 77
 28 39 49 50 58 59 60 70 78
 28 39 49 50 58 59 60 70 76 77
 28 39 49 50 58 59 60 68 69 78
 28 39 49 50 58 59 60 68 69 76 77
 28 39 49 50 51 60 70
 28 39 49 50 51 60 68 69
 28 39 49 50 51 58 59 60 70
 28 39 49 50 51 58 59 60 68 69
 28 39 47 58 70
 28 39 47 58 68 69
 28 39 47 56 57 58 70
 28 39 47 56 57 58 68 69
 28 39 45 46 58 70
 28 39 45 46 58 68 69
 28 39 45 46 56 57 58 70
 28 39 45 46 56 57 58 68 69
 28 39 43 51 60
 28 39 43 51 60 78
 28 39 43 51 60 76 77
 28 39 43 51 58 59 60
 28 39 43 51 58 59 60 78
 28 39 43 51 58 59 60 76 77
 28 39 43 49 50 60 78
 28 39 43 49 50 60 76 77
 28 39 43 49 50 58 59 60 78
 28 39 43 49 50 58 59 60 76 77
 28 39 43 49 50 51 60
 28 39 43 49 50 51 58 59 60
 28 39 43 47 58
 28 39 43 47 56 57 58
 28 39 43 45 46 58
 28 39 43 45 46 56 57 58
 28 37 42 60
 28 37 42 58 60 70
 28 37 42 58 60 68 69
 28 37 42 56 60 70
 28 37 42 56 60 68 69
 28 37 42 56 57 60 70
 28 37 42 56 57 60 68 69
 28 37 42 54 55 60 70
 28 37 42 54 55 60 68 69
 28 37 42 43 58 60
 28 37 42 43 56 60
 28 37 42 43 56 57 60
 28 37 42 43 54 55 60
 28 37 40 60 72
 28 37 40 60 70 71
 28 37 40 60 66 72
 28 37 40 60 66 70 71
 28 37 40 60 64 65 72
 28 37 40 60 64 65 70 71
 28 37 40 58
 28 37 40 56 60 70
 28 37 40 56 60 68 69
 28 37 40 54 55 60 70
 28 37 40 54 55 60 68 69
 28 37 40 45 60
 28 37 40 45 60 66
 28 37 40 45 60 64 65
 28 37 40 43 56 60
 28 37 40 43 54 55 60
 28 37 40 41 60
 28 37 40 41 58 60 70
 28 37 40 41 58 60 68 69
 28 37 40 41 56 60 70
 28 37 40 41 56 60 68 69
 28 37 40 41 56 57 60 70
 28 37 40 41 56 57 60 68 69
 28 37 40 41 54 55 60 70
 28 37 40 41 54 55 60 68 69
 28 37 40 41 43 58 60
 28 37 40 41 43 56 60
 28 37 40 41 43 56 57 60
 28 37 40 41 43 54 55 60
 28 37 39 40 60 72
 28 37 39 40 60 70 71
 28 37 39 40 45 60
 28 37 38 39 60 66 72
 28 37 38 39 60 66 70 71
 28 37 38 39 60 64 65 72
 28 37 38 39 60 64 65 70 71
 28 37 38 39 58
 28 37 38 39 56 60 70
 28 37 38 39 56 60 68 69
 28 37 38 39 54 55 60 70
 28 37 38 39 54 55 60 68 69
 28 37 38 39 45 60 66
 28 37 38 39 45 60 64 65
 28 37 38 39 43 56 60
 28 37 38 39 43 54 55 60
 28 35 58 59 70
 28 35 58 59 68 69
 28 35 43 58 59
 28 35 43 57 58
 28 35 43 57 58 70
 28 35 43 57 58 68 69
 28 35 41 42 57 58 70
 28 35 41 42 57 58 68 69
 28 35 41 42 43 57 58
 28 35 40 58
 28 35 40 58 60 70
 28 35 40 58 60 68 69
 28 35 40 56 57 60 70
 28 35 40 56 57 60 68 69
 28 35 40 43 58 60
 28 35 40 43 56 57 60
 28 35 38 39 58
 28 35 38 39 58 60 70
 28 35 38 39 58 60 68 69
 28 35 38 39 56 57 60 70
 28 35 38 39 56 57 60 68 69
 28 35 38 39 43 58 60
 28 35 38 39 43 56 57 60
 28 33 51 60 66 70
 28 33 51 60 66 70 78
 28 33 51 60 66 70 76 77
 28 33 51 60 66 68 69
 28 33 51 60 66 68 69 78
 28 33 51 60 66 68 69 76 77
 28 33 51 60 64 65 70
 28 33 51 60 64 65 70 78
 28 33 51 60 64 65 70 76 77
 28 33 51 60 64 65 68 69
 28 33 51 60 64 65 68 69 78
 28 33 51 60 64 65 68 69 76 77
 28 33 49 50 60 66 70 78
 28 33 49 50 60 66 70 76 77
 28 33 49 50 60 66 68 69 78
 28 33 49 50 60 66 68 69 76 77
 28 33 49 50 60 64 65 70 78
 28 33 49 50 60 64 65 70 76 77
 28 33 49 50 60 64 65 68 69 78
 28 33 49 50 60 64 65 68 69 76 77
 28 33 49 50 51 60 66 70
 28 33 49 50 51 60 66 68 69
 28 33 49 50 51 60 64 65 70
 28 33 49 50 51 60 64 65 68 69
 28 33 43 51 60 66
 28 33 43 51 60 66 78
 28 33 43 51 60 66 76 77
 28 33 43 51 60 64 65
 28 33 43 51 60 64 65 78
 28 33 43 51 60 64 65 76 77
 28 33 43 49 50 60 66 78
 28 33 43 49 50 60 66 76 77
 28 33 43 49 50 60 64 65 78
 28 33 43 49 50 60 64 65 76 77
 28 33 43 49 50 51 60 66
 28 33 43 49 50 51 60 64 65
 28 33 39 51 60 70
 28 33 39 51 60 70 78
 28 33 39 51 60 70 76 77
 28 33 39 51 60 68 69
 28 33 39 51 60 68 69 78
 28 33 39 51 60 68 69 76 77
 28 33 39 49 50 60 70 78
 28 33 39 49 50 60 70 76 77
 28 33 39 49 50 60 68 69 78
 28 33 39 49 50 60 68 69 76 77
 28 33 39 49 50 51 60 70
 28 33 39 49 50 51 60 68 69
 28 33 39 43 51 60
 28 33 39 43 51 60 78
 28 33 39 43 51 60 76 77
 28 33 39 43 49 50 60 78
 28 33 39 43 49 50 60 76 77
 28 33 39 43 49 50 51 60
 28 31 47 58 66 70
 28 31 47 58 66 68 69
 28 31 47 58 64 65 70
 28 31 47 58 64 65 68 69
 28 31 45 46 58 66 70
 28 31 45 46 58 66 68 69
 28 31 45 46 58 64 65 70
 28 31 45 46 58 64 65 68 69
 28 31 43 47 58 66
 28 31 43 47 58 64 65
 28 31 43 45 46 58 66
 28 31 43 45 46 58 64 65
 28 31 39 47 58 70
 28 31 39 47 58 68 69
 28 31 39 45 46 58 70
 28 31 39 45 46 58 68 69
 28 31 39 43 47 58
 28 31 39 43 45 46 58
 28 31 37 42 60 70
 28 31 37 42 60 68 69
 28 31 37 42 43 60
 28 31 37 40 41 60 70
 28 31 37 40 41 60 68 69
 28 31 37 40 41 43 60
 28 31 35 40 60 70
 28 31 35 40 60 68 69
 28 31 35 40 43 60
 28 31 35 38 39 60 70
 28 31 35 38 39 60 68 69
 28 31 35 38 39 43 60
 28 29 37 42 60 70
 28 29 37 42 60 68 69
 28 29 37 42 43 60
 28 29 37 40 60 70
 28 29 37 40 60 68 69
 28 29 37 40 43 60
 28 29 37 40 41 60 70
 28 29 37 40 41 60 68 69
 28 29 37 40 41 43 60
 28 29 37 38 39 60 70
 28 29 37 38 39 60 68 69
 28 29 37 38 39 43 60
 26 47 58 60 70
 26 47 58 60 68 69
 26 47 57 58 60 70
 26 47 57 58 60 68 69
 26 45 46 58 60 70
 26 45 46 58 60 68 69
 26 45 46 57 58 60 70
 26 45 46 57 58 60 68 69
 26 43 47 58 60
 26 43 47 57 58 60
 26 43 45 46 58 60
 26 43 45 46 57 58 60
 26 37 42 60 72
 26 37 42 60 70 71
 26 37 42 56 60 70
 26 37 42 56 60 68 69
 26 37 42 54 55 60 70
 26 37 42 54 55 60 68 69
 26 37 42 45 60
 26 37 42 43 56 60
 26 37 42 43 54 55 60
 26 37 40 60 72
 26 37 40 60 70 71
 26 37 40 56 60 70
 26 37 40 56 60 68 69
 26 37 40 54 55 60 70
 26 37 40 54 55 60 68 69
 26 37 40 45 60
 26 37 40 43 56 60
 26 37 40 43 54 55 60
 26 37 40 41 60 72
 26 37 40 41 60 70 71
 26 37 40 41 56 60 70
 26 37 40 41 56 60 68 69
 26 37 40 41 54 55 60 70
 26 37 40 41 54 55 60 68 69
 26 37 40 41 45 60
 26 37 40 41 43 56 60
 26 37 40 41 43 54 55 60
 26 37 38 39 60 72
 26 37 38 39 60 70 71
 26 37 38 39 56 60 70
 26 37 38 39 56 60 68 69
 26 37 38 39 54 55 60 70
 26 37 38 39 54 55 60 68 69
 26 37 38 39 45 60
 26 37 38 39 43 56 60
 26 37 38 39 43 54 55 60
 26 35 40 60 72
 26 35 40 60 70 71
 26 35 40 56 60 70
 26 35 40 56 60 68 69
 26 35 40 54 55 60 70
 26 35 40 54 55 60 68 69
 26 35 40 45 60
 26 35 40 43 56 60
 26 35 40 43 54 55 60
 26 35 38 39 60 72
 26 35 38 39 60 70 71
 26 35 38 39 56 60 70
 26 35 38 39 56 60 68 69
 26 35 38 39 54 55 60 70
 26 35 38 39 54 55 60 68 69
 26 35 38 39 45 60
 26 35 38 39 43 56 60
 26 35 38 39 43 54 55 60
 26 31 47 58 60 70
 26 31 47 58 60 68 69
 26 31 47 57 58 60 70
 26 31 47 57 58 60 68 69
 26 31 45 46 58 60 70
 26 31 45 46 58 60 68 69
 26 31 45 46 57 58 60 70
 26 31 45 46 57 58 60 68 69
 26 31 43 47 58 60
 26 31 43 47 57 58 60
 26 31 43 45 46 58 60
 26 31 43 45 46 57 58 60
 26 29 37 42 60 70
 26 29 37 42 60 68 69
 26 29 37 42 43 60
 26 29 37 40 60 70
 26 29 37 40 60 68 69
 26 29 37 40 43 60
 26 29 37 40 41 60 70
 26 29 37 40 41 60 68 69
 26 29 37 40 41 43 60
 26 29 37 38 39 60 70
 26 29 37 38 39 60 68 69
 26 29 37 38 39 43 60
 26 29 35 40 60 70
 26 29 35 40 60 68 69
 26 29 35 40 43 60
 26 29 35 38 39 60 70
 26 29 35 38 39 60 68 69
 26 29 35 38 39 43 60
 26 28 58 60 70
 26 28 58 60 68 69
 26 28 43 58 60
 26 27 58 60 70
 26 27 58 60 68 69
 26 27 57 58 70
 26 27 57 58 68 69
 26 27 56 58 59 70
 26 27 56 58 59 68 69
 26 27 53 58 60 70
 26 27 53 58 60 68 69
 26 27 51 60 66 70
 26 27 51 60 66 70 78
 26 27 51 60 66 70 76 77
 26 27 51 60 66 68 69
 26 27 51 60 66 68 69 78
 26 27 51 60 66 68 69 76 77
 26 27 51 60 64 65 70
 26 27 51 60 64 65 70 78
 26 27 51 60 64 65 70 76 77
 26 27 51 60 64 65 68 69
 26 27 51 60 64 65 68 69 78
 26 27 51 60 64 65 68 69 76 77
 26 27 51 58 59 60 66 70
 26 27 51 58 59 60 66 70 78
 26 27 51 58 59 60 66 70 76 77
 26 27 51 58 59 60 66 68 69
 26 27 51 58 59 60 66 68 69 78
 26 27 51 58 59 60 66 68 69 76 77
 26 27 51 58 59 60 64 65 70
 26 27 51 58 59 60 64 65 70 78
 26 27 51 58 59 60 64 65 70 76 77
 26 27 51 58 59 60 64 65 68 69
 26 27 51 58 59 60 64 65 68 69 78
 26 27 51 58 59 60 64 65 68 69 76 77
 26 27 51 52 58 60 70
 26 27 51 52 58 60 68 69
 26 27 49 50 60 66 70 78
 26 27 49 50 60 66 70 76 77
 26 27 49 50 60 66 68 69 78
 26 27 49 50 60 66 68 69 76 77
 26 27 49 50 60 64 65 70 78
 26 27 49 50 60 64 65 70 76 77
 26 27 49 50 60 64 65 68 69 78
 26 27 49 50 60 64 65 68 69 76 77
 26 27 49 50 58 59 60 66 70 78
 26 27 49 50 58 59 60 66 70 76 77
 26 27 49 50 58 59 60 66 68 69 78
 26 27 49 50 58 59 60 66 68 69 76 77
 26 27 49 50 58 59 60 64 65 70 78
 26 27 49 50 58 59 60 64 65 70 76 77
 26 27 49 50 58 59 60 64 65 68 69 78
 26 27 49 50 58 59 60 64 65 68 69 76 77
 26 27 49 50 51 60 66 70
 26 27 49 50 51 60 66 68 69
 26 27 49 50 51 60 64 65 70
 26 27 49 50 51 60 64 65 68 69
 26 27 49 50 51 58 59 60 66 70
 26 27 49 50 51 58 59 60 66 68 69
 26 27 49 50 51 58 59 60 64 65 70
 26 27 49 50 51 58 59 60 64 65 68 69
 26 27 47 58 66 70
 26 27 47 58 66 68 69
 26 27 47 58 64 65 70
 26 27 47 58 64 65 68 69
 26 27 47 58 60 70
 26 27 47 58 60 68 69
 26 27 47 56 57 58 66 70
 26 27 47 56 57 58 66 68 69
 26 27 47 56 57 58 64 65 70
 26 27 47 56 57 58 64 65 68 69
 26 27 45 46 58 66 70
 26 27 45 46 58 66 68 69
 26 27 45 46 58 64 65 70
 26 27 45 46 58 64 65 68 69
 26 27 45 46 58 60 70
 26 27 45 46 58 60 68 69
 26 27 45 46 56 57 58 66 70
 26 27 45 46 56 57 58 66 68 69
 26 27 45 46 56 57 58 64 65 70
 26 27 45 46 56 57 58 64 65 68 69
 26 27 43 58 60
 26 27 43 57 58
 26 27 43 56 58 59
 26 27 43 56 57 58
 26 27 43 56 57 58 70
 26 27 43 56 57 58 68 69
 26 27 43 53 58 60
 26 27 43 51 60 66
 26 27 43 51 60 66 78
 26 27 43 51 60 66 76 77
 26 27 43 51 60 64 65
 26 27 43 51 60 64 65 78
 26 27 43 51 60 64 65 76 77
 26 27 43 51 58 59 60 66
 26 27 43 51 58 59 60 66 78
 26 27 43 51 58 59 60 66 76 77
 26 27 43 51 58 59 60 64 65
 26 27 43 51 58 59 60 64 65 78
 26 27 43 51 58 59 60 64 65 76 77
 26 27 43 51 52 58 60
 26 27 43 49 50 60 66 78
 26 27 43 49 50 60 66 76 77
 26 27 43 49 50 60 64 65 78
 26 27 43 49 50 60 64 65 76 77
 26 27 43 49 50 58 59 60 66 78
 26 27 43 49 50 58 59 60 66 76 77
 26 27 43 49 50 58 59 60 64 65 78
 26 27 43 49 50 58 59 60 64 65 76 77
 26 27 43 49 50 51 60 66
 26 27 43 49 50 51 60 64 65
 26 27 43 49 50 51 58 59 60 66
 26 27 43 49 50 51 58 59 60 64 65
 26 27 43 47 58 66
 26 27 43 47 58 64 65
 26 27 43 47 58 60
 26 27 43 47 56 57 58 66
 26 27 43 47 56 57 58 64 65
 26 27 43 45 46 58 66
 26 27 43 45 46 58 64 65
 26 27 43 45 46 58 60
 26 27 43 45 46 56 57 58 66
 26 27 43 45 46 56 57 58 64 65
 26 27 41 42 56 57 58 70
 26 27 41 42 56 57 58 68 69
 26 27 41 42 43 56 57 58
 26 27 39 51 60 70
 26 27 39 51 60 70 78
 26 27 39 51 60 70 76 77
 26 27 39 51 60 68 69
 26 27 39 51 60 68 69 78
 26 27 39 51 60 68 69 76 77
 26 27 39 51 58 59 60 70
 26 27 39 51 58 59 60 70 78
 26 27 39 51 58 59 60 70 76 77
 26 27 39 51 58 59 60 68 69
 26 27 39 51 58 59 60 68 69 78
 26 27 39 51 58 59 60 68 69 76 77
 26 27 39 49 50 60 70 78
 26 27 39 49 50 60 70 76 77
 26 27 39 49 50 60 68 69 78
 26 27 39 49 50 60 68 69 76 77
 26 27 39 49 50 58 59 60 70 78
 26 27 39 49 50 58 59 60 70 76 77
 26 27 39 49 50 58 59 60 68 69 78
 26 27 39 49 50 58 59 60 68 69 76 77
 26 27 39 49 50 51 60 70
 26 27 39 49 50 51 60 68 69
 26 27 39 49 50 51 58 59 60 70
 26 27 39 49 50 51 58 59 60 68 69
 26 27 39 47 58 70
 26 27 39 47 58 68 69
 26 27 39 47 56 57 58 70
 26 27 39 47 56 57 58 68 69
 26 27 39 45 46 58 70
 26 27 39 45 46 58 68 69
 26 27 39 45 46 56 57 58 70
 26 27 39 45 46 56 57 58 68 69
 26 27 39 43 51 60
 26 27 39 43 51 60 78
 26 27 39 43 51 60 76 77
 26 27 39 43 51 58 59 60
 26 27 39 43 51 58 59 60 78
 26 27 39 43 51 58 59 60 76 77
 26 27 39 43 49 50 60 78
 26 27 39 43 49 50 60 76 77
 26 27 39 43 49 50 58 59 60 78
 26 27 39 43 49 50 58 59 60 76 77
 26 27 39 43 49 50 51 60
 26 27 39 43 49 50 51 58 59 60
 26 27 39 43 47 58
 26 27 39 43 47 56 57 58
 26 27 39 43 45 46 58
 26 27 39 43 45 46 56 57 58
 26 27 37 42 60
 26 27 37 42 58 60 70
 26 27 37 42 58 60 68 69
 26 27 37 42 56 60 70
 26 27 37 42 56 60 68 69
 26 27 37 42 56 57 60 70
 26 27 37 42 56 57 60 68 69
 26 27 37 42 54 55 60 70
 26 27 37 42 54 55 60 68 69
 26 27 37 42 43 58 60
 26 27 37 42 43 56 60
 26 27 37 42 43 56 57 60
 26 27 37 42 43 54 55 60
 26 27 37 40 60 72
 26 27 37 40 60 70 71
 26 27 37 40 60 66 72
 26 27 37 40 60 66 70 71
 26 27 37 40 60 64 65 72
 26 27 37 40 60 64 65 70 71
 26 27 37 40 58
 26 27 37 40 56 60 70
 26 27 37 40 56 60 68 69
 26 27 37 40 54 55 60 70
 26 27 37 40 54 55 60 68 69
 26 27 37 40 45 60
 26 27 37 40 45 60 66
 26 27 37 40 45 60 64 65
 26 27 37 40 43 56 60
 26 27 37 40 43 54 55 60
 26 27 37 40 41 60
 26 27 37 40 41 58 60 70
 26 27 37 40 41 58 60 68 69
 26 27 37 40 41 56 60 70
 26 27 37 40 41 56 60 68 69
 26 27 37 40 41 56 57 60 70
 26 27 37 40 41 56 57 60 68 69
 26 27 37 40 41 54 55 60 70
 26 27 37 40 41 54 55 60 68 69
 26 27 37 40 41 43 58 60
 26 27 37 40 41 43 56 60
 26 27 37 40 41 43 56 57 60
 26 27 37 40 41 43 54 55 60
 26 27 37 39 40 60 72
 26 27 37 39 40 60 70 71
 26 27 37 39 40 45 60
 26 27 37 38 39 60 66 72
 26 27 37 38 39 60 66 70 71
 26 27 37 38 39 60 64 65 72
 26 27 37 38 39 60 64 65 70 71
 26 27 37 38 39 58
 26 27 37 38 39 56 60 70
 26 27 37 38 39 56 60 68 69
 26 27 37 38 39 54 55 60 70
 26 27 37 38 39 54 55 60 68 69
 26 27 37 38 39 45 60 66
 26 27 37 38 39 45 60 64 65
 26 27 37 38 39 43 56 60
 26 27 37 38 39 43 54 55 60
 26 27 35 58 59 70
 26 27 35 58 59 68 69
 26 27 35 43 58 59
 26 27 35 43 57 58
 26 27 35 43 57 58 70
 26 27 35 43 57 58 68 69
 26 27 35 41 42 57 58 70
 26 27 35 41 42 57 58 68 69
 26 27 35 41 42 43 57 58
 26 27 35 40 58
 26 27 35 40 58 60 70
 26 27 35 40 58 60 68 69
 26 27 35 40 56 57 60 70
 26 27 35 40 56 57 60 68 69
 26 27 35 40 43 58 60
 26 27 35 40 43 56 57 60
 26 27 35 38 39 58
 26 27 35 38 39 58 60 70
 26 27 35 38 39 58 60 68 69
 26 27 35 38 39 56 57 60 70
 26 27 35 38 39 56 57 60 68 69
 26 27 35 38 39 43 58 60
 26 27 35 38 39 43 56 57 60
 26 27 33 51 60 66 70
 26 27 33 51 60 66 70 78
 26 27 33 51 60 66 70 76 77
 26 27 33 51 60 66 68 69
 26 27 33 51 60 66 68 69 78
 26 27 33 51 60 66 68 69 76 77
 26 27 33 51 60 64 65 70
 26 27 33 51 60 64 65 70 78
 26 27 33 51 60 64 65 70 76 77
 26 27 33 51 60 64 65 68 69
 26 27 33 51 60 64 65 68 69 78
 26 27 33 51 60 64 65 68 69 76 77
 26 27 33 49 50 60 66 70 78
 26 27 33 49 50 60 66 70 76 77
 26 27 33 49 50 60 66 68 69 78
 26 27 33 49 50 60 66 68 69 76 77
 26 27 33 49 50 60 64 65 70 78
 26 27 33 49 50 60 64 65 70 76 77
 26 27 33 49 50 60 64 65 68 69 78
 26 27 33 49 50 60 64 65 68 69 76 77
 26 27 33 49 50 51 60 66 70
 26 27 33 49 50 51 60 66 68 69
 26 27 33 49 50 51 60 64 65 70
 26 27 33 49 50 51 60 64 65 68 69
 26 27 33 43 51 60 66
 26 27 33 43 51 60 66 78
 26 27 33 43 51 60 66 76 77
 26 27 33 43 51 60 64 65
 26 27 33 43 51 60 64 65 78
 26 27 33 43 51 60 64 65 76 77
 26 27 33 43 49 50 60 66 78
 26 27 33 43 49 50 60 66 76 77
 26 27 33 43 49 50 60 64 65 78
 26 27 33 43 49 50 60 64 65 76 77
 26 27 33 43 49 50 51 60 66
 26 27 33 43 49 50 51 60 64 65
 26 27 33 39 51 60 70
 26 27 33 39 51 60 70 78
 26 27 33 39 51 60 70 76 77
 26 27 33 39 51 60 68 69
 26 27 33 39 51 60 68 69 78
 26 27 33 39 51 60 68 69 76 77
 26 27 33 39 49 50 60 70 78
 26 27 33 39 49 50 60 70 76 77
 26 27 33 39 49 50 60 68 69 78
 26 27 33 39 49 50 60 68 69 76 77
 26 27 33 39 49 50 51 60 70
 26 27 33 39 49 50 51 60 68 69
 26 27 33 39 43 51 60
 26 27 33 39 43 51 60 78
 26 27 33 39 43 51 60 76 77
 26 27 33 39 43 49 50 60 78
 26 27 33 39 43 49 50 60 76 77
 26 27 33 39 43 49 50 51 60
 26 27 31 47 58 66 70
 26 27 31 47 58 66 68 69
 26 27 31 47 58 64 65 70
 26 27 31 47 58 64 65 68 69
 26 27 31 45 46 58 66 70
 26 27 31 45 46 58 66 68 69
 26 27 31 45 46 58 64 65 70
 26 27 31 45 46 58 64 65 68 69
 26 27 31 43 47 58 66
 26 27 31 43 47 58 64 65
 26 27 31 43 45 46 58 66
 26 27 31 43 45 46 58 64 65
 26 27 31 39 47 58 70
 26 27 31 39 47 58 68 69
 26 27 31 39 45 46 58 70
 26 27 31 39 45 46 58 68 69
 26 27 31 39 43 47 58
 26 27 31 39 43 45 46 58
 26 27 31 37 42 60 70
 26 27 31 37 42 60 68 69
 26 27 31 37 42 43 60
 26 27 31 37 40 41 60 70
 26 27 31 37 40 41 60 68 69
 26 27 31 37 40 41 43 60
 26 27 31 35 40 60 70
 26 27 31 35 40 60 68 69
 26 27 31 35 40 43 60
 26 27 31 35 38 39 60 70
 26 27 31 35 38 39 60 68 69
 26 27 31 35 38 39 43 60
 26 27 29 37 42 60 70
 26 27 29 37 42 60 68 69
 26 27 29 37 42 43 60
 26 27 29 37 40 60 70
 26 27 29 37 40 60 68 69
 26 27 29 37 40 43 60
 26 27 29 37 40 41 60 70
 26 27 29 37 40 41 60 68 69
 26 27 29 37 40 41 43 60
 26 27 29 37 38 39 60 70
 26 27 29 37 38 39 60 68 69
 26 27 29 37 38 39 43 60
 24 28 60 66 70 78
 24 28 60 66 70 76 77
 24 28 60 66 68 69 78
 24 28 60 66 68 69 76 77
 24 28 60 64 65 70 78
 24 28 60 64 65 70 76 77
 24 28 60 64 65 68 69 78
 24 28 60 64 65 68 69 76 77
 24 28 58 59 60 66 70 78
 24 28 58 59 60 66 70 76 77
 24 28 58 59 60 66 68 69 78
 24 28 58 59 60 66 68 69 76 77
 24 28 58 59 60 64 65 70 78
 24 28 58 59 60 64 65 70 76 77
 24 28 58 59 60 64 65 68 69 78
 24 28 58 59 60 64 65 68 69 76 77
 24 28 51 60 66 70
 24 28 51 60 66 68 69
 24 28 51 60 64 65 70
 24 28 51 60 64 65 68 69
 24 28 51 58 59 60 66 70
 24 28 51 58 59 60 66 68 69
 24 28 51 58 59 60 64 65 70
 24 28 51 58 59 60 64 65 68 69
 24 28 43 60 66 78
 24 28 43 60 66 76 77
 24 28 43 60 64 65 78
 24 28 43 60 64 65 76 77
 24 28 43 58 59 60 66 78
 24 28 43 58 59 60 66 76 77
 24 28 43 58 59 60 64 65 78
 24 28 43 58 59 60 64 65 76 77
 24 28 43 51 60 66
 24 28 43 51 60 64 65
 24 28 43 51 58 59 60 66
 24 28 43 51 58 59 60 64 65
 24 28 39 60 70 78
 24 28 39 60 70 76 77
 24 28 39 60 68 69 78
 24 28 39 60 68 69 76 77
 24 28 39 58 59 60 70 78
 24 28 39 58 59 60 70 76 77
 24 28 39 58 59 60 68 69 78
 24 28 39 58 59 60 68 69 76 77
 24 28 39 51 60 70
 24 28 39 51 60 68 69
 24 28 39 51 58 59 60 70
 24 28 39 51 58 59 60 68 69
 24 28 39 43 60 78
 24 28 39 43 60 76 77
 24 28 39 43 58 59 60 78
 24 28 39 43 58 59 60 76 77
 24 28 39 43 51 60
 24 28 39 43 51 58 59 60
 24 28 33 60 66 70 78
 24 28 33 60 66 70 76 77
 24 28 33 60 66 68 69 78
 24 28 33 60 66 68 69 76 77
 24 28 33 60 64 65 70 78
 24 28 33 60 64 65 70 76 77
 24 28 33 60 64 65 68 69 78
 24 28 33 60 64 65 68 69 76 77
 24 28 33 51 60 66 70
 24 28 33 51 60 66 68 69
 24 28 33 51 60 64 65 70
 24 28 33 51 60 64 65 68 69
 24 28 33 43 60 66 78
 24 28 33 43 60 66 76 77
 24 28 33 43 60 64 65 78
 24 28 33 43 60 64 65 76 77
 24 28 33 43 51 60 66
 24 28 33 43 51 60 64 65
 24 28 33 39 60 70 78
 24 28 33 39 60 70 76 77
 24 28 33 39 60 68 69 78
 24 28 33 39 60 68 69 76 77
 24 28 33 39 51 60 70
 24 28 33 39 51 60 68 69
 24 28 33 39 43 60 78
 24 28 33 39 43 60 76 77
 24 28 33 39 43 51 60
 24 26 27 60 66 70 78
 24 26 27 60 66 70 76 77
 24 26 27 60 66 68 69 78
 24 26 27 60 66 68 69 76 77
 24 26 27 60 64 65 70 78
 24 26 27 60 64 65 70 76 77
 24 26 27 60 64 65 68 69 78
 24 26 27 60 64 65 68 69 76 77
 24 26 27 58 59 60 66 70 78
 24 26 27 58 59 60 66 70 76 77
 24 26 27 58 59 60 66 68 69 78
 24 26 27 58 59 60 66 68 69 76 77
 24 26 27 58 59 60 64 65 70 78
 24 26 27 58 59 60 64 65 70 76 77
 24 26 27 58 59 60 64 65 68 69 78
 24 26 27 58 59 60 64 65 68 69 76 77
 24 26 27 51 60 66 70
 24 26 27 51 60 66 68 69
 24 26 27 51 60 64 65 70
 24 26 27 51 60 64 65 68 69
 24 26 27 51 58 59 60 66 70
 24 26 27 51 58 59 60 66 68 69
 24 26 27 51 58 59 60 64 65 70
 24 26 27 51 58 59 60 64 65 68 69
 24 26 27 43 60 66 78
 24 26 27 43 60 66 76 77
 24 26 27 43 60 64 65 78
 24 26 27 43 60 64 65 76 77
 24 26 27 43 58 59 60 66 78
 24 26 27 43 58 59 60 66 76 77
 24 26 27 43 58 59 60 64 65 78
 24 26 27 43 58 59 60 64 65 76 77
 24 26 27 43 51 60 66
 24 26 27 43 51 60 64 65
 24 26 27 43 51 58 59 60 66
 24 26 27 43 51 58 59 60 64 65
 24 26 27 39 60 70 78
 24 26 27 39 60 70 76 77
 24 26 27 39 60 68 69 78
 24 26 27 39 60 68 69 76 77
 24 26 27 39 58 59 60 70 78
 24 26 27 39 58 59 60 70 76 77
 24 26 27 39 58 59 60 68 69 78
 24 26 27 39 58 59 60 68 69 76 77
 24 26 27 39 51 60 70
 24 26 27 39 51 60 68 69
 24 26 27 39 51 58 59 60 70
 24 26 27 39 51 58 59 60 68 69
 24 26 27 39 43 60 78
 24 26 27 39 43 60 76 77
 24 26 27 39 43 58 59 60 78
 24 26 27 39 43 58 59 60 76 77
 24 26 27 39 43 51 60
 24 26 27 39 43 51 58 59 60
 24 26 27 33 60 66 70 78
 24 26 27 33 60 66 70 76 77
 24 26 27 33 60 66 68 69 78
 24 26 27 33 60 66 68 69 76 77
 24 26 27 33 60 64 65 70 78
 24 26 27 33 60 64 65 70 76 77
 24 26 27 33 60 64 65 68 69 78
 24 26 27 33 60 64 65 68 69 76 77
 24 26 27 33 51 60 66 70
 24 26 27 33 51 60 66 68 69
 24 26 27 33 51 60 64 65 70
 24 26 27 33 51 60 64 65 68 69
 24 26 27 33 43 60 66 78
 24 26 27 33 43 60 66 76 77
 24 26 27 33 43 60 64 65 78
 24 26 27 33 43 60 64 65 76 77
 24 26 27 33 43 51 60 66
 24 26 27 33 43 51 60 64 65
 24 26 27 33 39 60 70 78
 24 26 27 33 39 60 70 76 77
 24 26 27 33 39 60 68 69 78
 24 26 27 33 39 60 68 69 76 77
 24 26 27 33 39 51 60 70
 24 26 27 33 39 51 60 68 69
 24 26 27 33 39 43 60 78
 24 26 27 33 39 43 60 76 77
 24 26 27 33 39 43 51 60
 20 58 70 74
 20 58 70 72
 20 58 70 72 73
 20 58 70 71
 20 58 68 69 74
 20 58 68 69 72
 20 58 68 69 72 73
 20 58 68 69 70 71
 20 58 60 72
 20 58 60 70 71
 20 58 60 66 72
 20 58 60 66 70 71
 20 58 60 64 65 72
 20 58 60 64 65 70 71
 20 56 57 58 70 74
 20 56 57 58 70 72
 20 56 57 58 70 72 73
 20 56 57 58 70 71
 20 56 57 58 68 69 74
 20 56 57 58 68 69 72
 20 56 57 58 68 69 72 73
 20 56 57 58 68 69 70 71
 20 53 58 60 70
 20 53 58 60 68 69
 20 53 57 58 60 70
 20 53 57 58 60 68 69
 20 51 52 58 60 70
 20 51 52 58 60 68 69
 20 51 52 57 58 60 70
 20 51 52 57 58 60 68 69
 20 47 58 70
 20 47 58 68 69
 20 47 56 57 58 70
 20 47 56 57 58 68 69
 20 45 58 70
 20 45 58 68 69
 20 45 58 60
 20 45 58 60 66
 20 45 58 60 64 65
 20 45 56 57 58 70
 20 45 56 57 58 68 69
 20 43 58 74
 20 43 58 72
 20 43 58 72 73
 20 43 58 70 71
 20 43 56 57 58 74
 20 43 56 57 58 72
 20 43 56 57 58 72 73
 20 43 56 57 58 70 71
 20 43 53 58 60
 20 43 53 57 58 60
 20 43 51 52 58 60
 20 43 51 52 57 58 60
 20 43 47 58
 20 43 47 56 57 58
 20 43 45 58
 20 43 45 56 57 58
 20 40 56 58 60
 20 40 54 55 58 60
 20 39 58 60 72
 20 39 58 60 70 71
 20 39 45 58 60
 20 38 39 56 58 60
 20 38 39 54 55 58 60
 20 31 58 70 74
 20 31 58 70 72
 20 31 58 70 72 73
 20 31 58 70 71
 20 31 58 68 69 74
 20 31 58 68 69 72
 20 31 58 68 69 72 73
 20 31 58 68 69 70 71
 20 31 53 58 60 70
 20 31 53 58 60 68 69
 20 31 53 57 58 60 70
 20 31 53 57 58 60 68 69
 20 31 51 52 58 60 70
 20 31 51 52 58 60 68 69
 20 31 51 52 57 58 60 70
 20 31 51 52 57 58 60 68 69
 20 31 47 58 70
 20 31 47 58 68 69
 20 31 45 58 70
 20 31 45 58 68 69
 20 31 43 58 74
 20 31 43 58 72
 20 31 43 58 72 73
 20 31 43 58 70 71
 20 31 43 53 58 60
 20 31 43 53 57 58 60
 20 31 43 51 52 58 60
 20 31 43 51 52 57 58 60
 20 31 43 47 58
 20 31 43 45 58
 20 29 40 58 60
 20 29 38 39 58 60
 20 28 58 66 70
 20 28 58 66 68 69
 20 28 58 64 65 70
 20 28 58 64 65 68 69
 20 28 58 60 70
 20 28 58 60 68 69
 20 28 56 57 58 66 70
 20 28 56 57 58 66 68 69
 20 28 56 57 58 64 65 70
 20 28 56 57 58 64 65 68 69
 20 28 43 58 66
 20 28 43 58 64 65
 20 28 43 58 60
 20 28 43 56 57 58 66
 20 28 43 56 57 58 64 65
 20 28 39 58 70
 20 28 39 58 68 69
 20 28 39 56 57 58 70
 20 28 39 56 57 58 68 69
 20 28 39 43 58
 20 28 39 43 56 57 58
 20 28 31 58 66 70
 20 28 31 58 66 68 69
 20 28 31 58 64 65 70
 20 28 31 58 64 65 68 69
 20 28 31 43 58 66
 20 28 31 43 58 64 65
 20 28 31 39 58 70
 20 28 31 39 58 68 69
 20 28 31 39 43 58
 20 26 58 60 70
 20 26 58 60 68 69
 20 26 57 58 60 70
 20 26 57 58 60 68 69
 20 26 43 58 60
 20 26 43 57 58 60
 20 26 31 58 60 70
 20 26 31 58 60 68 69
 20 26 31 57 58 60 70
 20 26 31 57 58 60 68 69
 20 26 31 43 58 60
 20 26 31 43 57 58 60
 20 26 27 58 66 70
 20 26 27 58 66 68 69
 20 26 27 58 64 65 70
 20 26 27 58 64 65 68 69
 20 26 27 58 60 70
 20 26 27 58 60 68 69
 20 26 27 56 57 58 66 70
 20 26 27 56 57 58 66 68 69
 20 26 27 56 57 58 64 65 70
 20 26 27 56 57 58 64 65 68 69
 20 26 27 43 58 66
 20 26 27 43 58 64 65
 20 26 27 43 58 60
 20 26 27 43 56 57 58 66
 20 26 27 43 56 57 58 64 65
 20 26 27 39 58 70
 20 26 27 39 58 68 69
 20 26 27 39 56 57 58 70
 20 26 27 39 56 57 58 68 69
 20 26 27 39 43 58
 20 26 27 39 43 56 57 58
 20 26 27 31 58 66 70
 20 26 27 31 58 66 68 69
 20 26 27 31 58 64 65 70
 20 26 27 31 58 64 65 68 69
 20 26 27 31 43 58 66
 20 26 27 31 43 58 64 65
 20 26 27 31 39 58 70
 20 26 27 31 39 58 68 69
 20 26 27 31 39 43 58
 18 58 60
 18 57 58 60
 17 28 56 58 70
 17 28 56 58 68 69
 17 28 43 56 58
 17 28 35 58 70
 17 28 35 58 68 69
 17 28 35 43 58
 17 26 27 56 58 70
 17 26 27 56 58 68 69
 17 26 27 43 56 58
 17 26 27 35 58 70
 17 26 27 35 58 68 69
 17 26 27 35 43 58
 16 28 56 57 58 70
 16 28 56 57 58 68 69
 16 28 43 56 57 58
 16 28 35 57 58 70
 16 28 35 57 58 68 69
 16 28 35 43 57 58
 16 26 27 56 57 58 70
 16 26 27 56 57 58 68 69
 16 26 27 43 56 57 58
 16 26 27 35 57 58 70
 16 26 27 35 57 58 68 69
 16 26 27 35 43 57 58
 15 60
 15 60 70
 15 60 68 69
 15 58
 15 56 60 70
 15 56 60 68 69
 15 54 55 60 70
 15 54 55 60 68 69
 15 47 53 58 60 70
 15 47 53 58 60 68 69
 15 47 53 56 57 58 60 70
 15 47 53 56 57 58 60 68 69
 15 47 51 52 58 60 70
 15 47 51 52 58 60 68 69
 15 47 51 52 56 57 58 60 70
 15 47 51 52 56 57 58 60 68 69
 15 45 58 60
 15 45 46 53 58 60 70
 15 45 46 53 58 60 68 69
 15 45 46 53 56 57 58 60 70
 15 45 46 53 56 57 58 60 68 69
 15 45 46 51 52 58 60 70
 15 45 46 51 52 58 60 68 69
 15 45 46 51 52 56 57 58 60 70
 15 45 46 51 52 56 57 58 60 68 69
 15 43 60
 15 43 56 60
 15 43 54 55 60
 15 43 47 53 58 60
 15 43 47 53 56 57 58 60
 15 43 47 51 52 58 60
 15 43 47 51 52 56 57 58 60
 15 43 45 46 53 58 60
 15 43 45 46 53 56 57 58 60
 15 43 45 46 51 52 58 60
 15 43 45 46 51 52 56 57 58 60
 15 43 44 58 60
 15 37 53 60 72
 15 37 53 60 70 71
 15 37 53 56 60 70
 15 37 53 56 60 68 69
 15 37 53 54 55 60 70
 15 37 53 54 55 60 68 69
 15 37 51 52 60 72
 15 37 51 52 60 70 71
 15 37 51 52 56 60 70
 15 37 51 52 56 60 68 69
 15 37 51 52 54 55 60 70
 15 37 51 52 54 55 60 68 69
 15 37 45 53 60
 15 37 45 51 52 60
 15 37 43 53 56 60
 15 37 43 53 54 55 60
 15 37 43 51 52 56 60
 15 37 43 51 52 54 55 60
 15 31 47 53 58 60 70
 15 31 47 53 58 60 68 69
 15 31 47 51 52 58 60 70
 15 31 47 51 52 58 60 68 69
 15 31 45 46 53 58 60 70
 15 31 45 46 53 58 60 68 69
 15 31 45 46 51 52 58 60 70
 15 31 45 46 51 52 58 60 68 69
 15 31 43 47 53 58 60
 15 31 43 47 51 52 58 60
 15 31 43 45 46 53 58 60
 15 31 43 45 46 51 52 58 60
 15 29 60 70
 15 29 60 68 69
 15 29 43 60
 15 29 37 53 60 70
 15 29 37 53 60 68 69
 15 29 37 51 52 60 70
 15 29 37 51 52 60 68 69
 15 29 37 43 53 60
 15 29 37 43 51 52 60
 15 28 58 70
 15 28 58 68 69
 15 28 43 58
 15 28 43 56 58
 15 28 43 56 58 70
 15 28 43 56 58 68 69
 15 28 41 42 56 58 70
 15 28 41 42 56 58 68 69
 15 28 41 42 43 56 58
 15 28 37 60
 15 28 37 58 60 70
 15 28 37 58 60 68 69
 15 28 37 56 60 70
 15 28 37 56 60 68 69
 15 28 37 56 57 60 70
 15 28 37 56 57 60 68 69
 15 28 37 54 55 60 70
 15 28 37 54 55 60 68 69
 15 28 37 43 58 60
 15 28 37 43 56 60
 15 28 37 43 56 57 60
 15 28 37 43 54 55 60
 15 28 35 43 58
 15 28 35 43 58 70
 15 28 35 43 58 68 69
 15 28 35 41 42 58 70
 15 28 35 41 42 58 68 69
 15 28 35 41 42 43 58
 15 28 31 37 60 70
 15 28 31 37 60 68 69
 15 28 31 37 43 60
 15 28 29 37 60 70
 15 28 29 37 60 68 69
 15 28 29 37 43 60
 15 26 47 58 60 70
 15 26 47 58 60 68 69
 15 26 47 56 57 58 60 70
 15 26 47 56 57 58 60 68 69
 15 26 45 46 58 60 70
 15 26 45 46 58 60 68 69
 15 26 45 46 56 57 58 60 70
 15 26 45 46 56 57 58 60 68 69
 15 26 43 47 58 60
 15 26 43 47 56 57 58 60
 15 26 43 45 46 58 60
 15 26 43 45 46 56 57 58 60
 15 26 37 60 72
 15 26 37 60 70 71
 15 26 37 56 60 70
 15 26 37 56 60 68 69
 15 26 37 54 55 60 70
 15 26 37 54 55 60 68 69
 15 26 37 45 60
 15 26 37 43 56 60
 15 26 37 43 54 55 60
 15 26 31 47 58 60 70
 15 26 31 47 58 60 68 69
 15 26 31 45 46 58 60 70
 15 26 31 45 46 58 60 68 69
 15 26 31 43 47 58 60
 15 26 31 43 45 46 58 60
 15 26 29 37 60 70
 15 26 29 37 60 68 69
 15 26 29 37 43 60
 15 26 27 58 70
 15 26 27 58 68 69
 15 26 27 43 58
 15 26 27 43 56 58
 15 26 27 43 56 58 70
 15 26 27 43 56 58 68 69
 15 26 27 41 42 56 58 70
 15 26 27 41 42 56 58 68 69
 15 26 27 41 42 43 56 58
 15 26 27 37 60
 15 26 27 37 58 60 70
 15 26 27 37 58 60 68 69
 15 26 27 37 56 60 70
 15 26 27 37 56 60 68 69
 15 26 27 37 56 57 60 70
 15 26 27 37 56 57 60 68 69
 15 26 27 37 54 55 60 70
 15 26 27 37 54 55 60 68 69
 15 26 27 37 43 58 60
 15 26 27 37 43 56 60
 15 26 27 37 43 56 57 60
 15 26 27 37 43 54 55 60
 15 26 27 35 43 58
 15 26 27 35 43 58 70
 15 26 27 35 43 58 68 69
 15 26 27 35 41 42 58 70
 15 26 27 35 41 42 58 68 69
 15 26 27 35 41 42 43 58
 15 26 27 31 37 60 70
 15 26 27 31 37 60 68 69
 15 26 27 31 37 43 60
 15 26 27 29 37 60 70
 15 26 27 29 37 60 68 69
 15 26 27 29 37 43 60
 15 20 53 58 60 70
 15 20 53 58 60 68 69
 15 20 53 56 57 58 60 70
 15 20 53 56 57 58 60 68 69
 15 20 51 52 58 60 70
 15 20 51 52 58 60 68 69
 15 20 51 52 56 57 58 60 70
 15 20 51 52 56 57 58 60 68 69
 15 20 43 53 58 60
 15 20 43 53 56 57 58 60
 15 20 43 51 52 58 60
 15 20 43 51 52 56 57 58 60
 15 20 31 53 58 60 70
 15 20 31 53 58 60 68 69
 15 20 31 51 52 58 60 70
 15 20 31 51 52 58 60 68 69
 15 20 31 43 53 58 60
 15 20 31 43 51 52 58 60
 15 20 26 58 60 70
 15 20 26 58 60 68 69
 15 20 26 56 57 58 60 70
 15 20 26 56 57 58 60 68 69
 15 20 26 43 58 60
 15 20 26 43 56 57 58 60
 15 20 26 31 58 60 70
 15 20 26 31 58 60 68 69
 15 20 26 31 43 58 60
 15 18 58 60
 13 60 66 72
 13 60 66 70 71
 13 60 64 65 72
 13 60 64 65 70 71
 13 58 60
 13 58 60 70
 13 58 60 68 69
 13 56 57 60 70
 13 56 57 60 68 69
 13 56 57 58 60
 13 47 56 58 60
 13 47 54 55 58 60
 13 45 60 66
 13 45 60 64 65
 13 45 46 56 58 60
 13 45 46 54 55 58 60
 13 43 58 60
 13 43 56 57 60
 13 39 60 72
 13 39 60 70 71
 13 39 45 60
 13 37 53 60 72
 13 37 53 60 70 71
 13 37 53 56 60 70
 13 37 53 56 60 68 69
 13 37 53 54 55 60 70
 13 37 53 54 55 60 68 69
 13 37 51 52 60 72
 13 37 51 52 60 70 71
 13 37 51 52 56 60 70
 13 37 51 52 56 60 68 69
 13 37 51 52 54 55 60 70
 13 37 51 52 54 55 60 68 69
 13 37 45 53 60
 13 37 45 51 52 60
 13 37 43 53 56 60
 13 37 43 53 54 55 60
 13 37 43 51 52 56 60
 13 37 43 51 52 54 55 60
 13 35 53 60 72
 13 35 53 60 70 71
 13 35 53 56 60 70
 13 35 53 56 60 68 69
 13 35 53 54 55 60 70
 13 35 53 54 55 60 68 69
 13 35 51 52 60 72
 13 35 51 52 60 70 71
 13 35 51 52 56 60 70
 13 35 51 52 56 60 68 69
 13 35 51 52 54 55 60 70
 13 35 51 52 54 55 60 68 69
 13 35 45 53 60
 13 35 45 51 52 60
 13 35 43 53 56 60
 13 35 43 53 54 55 60
 13 35 43 51 52 56 60
 13 35 43 51 52 54 55 60
 13 31 60 70
 13 31 60 68 69
 13 31 58 60
 13 31 43 60
 13 29 47 58 60
 13 29 45 46 58 60
 13 29 37 53 60 70
 13 29 37 53 60 68 69
 13 29 37 51 52 60 70
 13 29 37 51 52 60 68 69
 13 29 37 43 53 60
 13 29 37 43 51 52 60
 13 29 35 53 60 70
 13 29 35 53 60 68 69
 13 29 35 51 52 60 70
 13 29 35 51 52 60 68 69
 13 29 35 43 53 60
 13 29 35 43 51 52 60
 13 28 37 60 72
 13 28 37 60 70 71
 13 28 37 60 66 72
 13 28 37 60 66 70 71
 13 28 37 60 64 65 72
 13 28 37 60 64 65 70 71
 13 28 37 58
 13 28 37 56 60 70
 13 28 37 56 60 68 69
 13 28 37 54 55 60 70
 13 28 37 54 55 60 68 69
 13 28 37 45 60
 13 28 37 45 60 66
 13 28 37 45 60 64 65
 13 28 37 43 56 60
 13 28 37 43 54 55 60
 13 28 37 39 60 72
 13 28 37 39 60 70 71
 13 28 37 39 45 60
 13 28 35 58
 13 28 35 58 60 70
 13 28 35 58 60 68 69
 13 28 35 56 57 60 70
 13 28 35 56 57 60 68 69
 13 28 35 43 58 60
 13 28 35 43 56 57 60
 13 28 31 35 60 70
 13 28 31 35 60 68 69
 13 28 31 35 43 60
 13 28 29 37 60 70
 13 28 29 37 60 68 69
 13 28 29 37 43 60
 13 26 37 60 72
 13 26 37 60 70 71
 13 26 37 56 60 70
 13 26 37 56 60 68 69
 13 26 37 54 55 60 70
 13 26 37 54 55 60 68 69
 13 26 37 45 60
 13 26 37 43 56 60
 13 26 37 43 54 55 60
 13 26 35 60 72
 13 26 35 60 70 71
 13 26 35 56 60 70
 13 26 35 56 60 68 69
 13 26 35 54 55 60 70
 13 26 35 54 55 60 68 69
 13 26 35 45 60
 13 26 35 43 56 60
 13 26 35 43 54 55 60
 13 26 29 37 60 70
 13 26 29 37 60 68 69
 13 26 29 37 43 60
 13 26 29 35 60 70
 13 26 29 35 60 68 69
 13 26 29 35 43 60
 13 26 27 37 60 72
 13 26 27 37 60 70 71
 13 26 27 37 60 66 72
 13 26 27 37 60 66 70 71
 13 26 27 37 60 64 65 72
 13 26 27 37 60 64 65 70 71
 13 26 27 37 58
 13 26 27 37 56 60 70
 13 26 27 37 56 60 68 69
 13 26 27 37 54 55 60 70
 13 26 27 37 54 55 60 68 69
 13 26 27 37 45 60
 13 26 27 37 45 60 66
 13 26 27 37 45 60 64 65
 13 26 27 37 43 56 60
 13 26 27 37 43 54 55 60
 13 26 27 37 39 60 72
 13 26 27 37 39 60 70 71
 13 26 27 37 39 45 60
 13 26 27 35 58
 13 26 27 35 58 60 70
 13 26 27 35 58 60 68 69
 13 26 27 35 56 57 60 70
 13 26 27 35 56 57 60 68 69
 13 26 27 35 43 58 60
 13 26 27 35 43 56 57 60
 13 26 27 31 35 60 70
 13 26 27 31 35 60 68 69
 13 26 27 31 35 43 60
 13 26 27 29 37 60 70
 13 26 27 29 37 60 68 69
 13 26 27 29 37 43 60
 13 20 56 58 60
 13 20 54 55 58 60
 13 20 29 58 60
 13 14 60 70
 13 14 60 68 69
 13 14 47 53 58 60 70
 13 14 47 53 58 60 68 69
 13 14 47 53 56 57 58 60 70
 13 14 47 53 56 57 58 60 68 69
 13 14 47 51 52 58 60 70
 13 14 47 51 52 58 60 68 69
 13 14 47 51 52 56 57 58 60 70
 13 14 47 51 52 56 57 58 60 68 69
 13 14 45 58 60
 13 14 45 46 53 58 60 70
 13 14 45 46 53 58 60 68 69
 13 14 45 46 53 56 57 58 60 70
 13 14 45 46 53 56 57 58 60 68 69
 13 14 45 46 51 52 58 60 70
 13 14 45 46 51 52 58 60 68 69
 13 14 45 46 51 52 56 57 58 60 70
 13 14 45 46 51 52 56 57 58 60 68 69
 13 14 43 60
 13 14 43 47 53 58 60
 13 14 43 47 53 56 57 58 60
 13 14 43 47 51 52 58 60
 13 14 43 47 51 52 56 57 58 60
 13 14 43 45 46 53 58 60
 13 14 43 45 46 53 56 57 58 60
 13 14 43 45 46 51 52 58 60
 13 14 43 45 46 51 52 56 57 58 60
 13 14 43 44 58 60
 13 14 31 47 53 58 60 70
 13 14 31 47 53 58 60 68 69
 13 14 31 47 51 52 58 60 70
 13 14 31 47 51 52 58 60 68 69
 13 14 31 45 46 53 58 60 70
 13 14 31 45 46 53 58 60 68 69
 13 14 31 45 46 51 52 58 60 70
 13 14 31 45 46 51 52 58 60 68 69
 13 14 31 43 47 53 58 60
 13 14 31 43 47 51 52 58 60
 13 14 31 43 45 46 53 58 60
 13 14 31 43 45 46 51 52 58 60
 13 14 28 58 70
 13 14 28 58 68 69
 13 14 28 43 58
 13 14 28 43 56 58
 13 14 28 43 56 58 70
 13 14 28 43 56 58 68 69
 13 14 28 41 42 56 58 70
 13 14 28 41 42 56 58 68 69
 13 14 28 41 42 43 56 58
 13 14 28 35 43 58
 13 14 28 35 43 58 70
 13 14 28 35 43 58 68 69
 13 14 28 35 41 42 58 70
 13 14 28 35 41 42 58 68 69
 13 14 28 35 41 42 43 58
 13 14 26 47 58 60 70
 13 14 26 47 58 60 68 69
 13 14 26 47 56 57 58 60 70
 13 14 26 47 56 57 58 60 68 69
 13 14 26 45 46 58 60 70
 13 14 26 45 46 58 60 68 69
 13 14 26 45 46 56 57 58 60 70
 13 14 26 45 46 56 57 58 60 68 69
 13 14 26 43 47 58 60
 13 14 26 43 47 56 57 58 60
 13 14 26 43 45 46 58 60
 13 14 26 43 45 46 56 57 58 60
 13 14 26 31 47 58 60 70
 13 14 26 31 47 58 60 68 69
 13 14 26 31 45 46 58 60 70
 13 14 26 31 45 46 58 60 68 69
 13 14 26 31 43 47 58 60
 13 14 26 31 43 45 46 58 60
 13 14 26 27 58 70
 13 14 26 27 58 68 69
 13 14 26 27 43 58
 13 14 26 27 43 56 58
 13 14 26 27 43 56 58 70
 13 14 26 27 43 56 58 68 69
 13 14 26 27 41 42 56 58 70
 13 14 26 27 41 42 56 58 68 69
 13 14 26 27 41 42 43 56 58
 13 14 26 27 35 43 58
 13 14 26 27 35 43 58 70
 13 14 26 27 35 43 58 68 69
 13 14 26 27 35 41 42 58 70
 13 14 26 27 35 41 42 58 68 69
 13 14 26 27 35 41 42 43 58
 13 14 20 53 58 60 70
 13 14 20 53 58 60 68 69
 13 14 20 53 56 57 58 60 70
 13 14 20 53 56 57 58 60 68 69
 13 14 20 51 52 58 60 70
 13 14 20 51 52 58 60 68 69
 13 14 20 51 52 56 57 58 60 70
 13 14 20 51 52 56 57 58 60 68 69
 13 14 20 43 53 58 60
 13 14 20 43 53 56 57 58 60
 13 14 20 43 51 52 58 60
 13 14 20 43 51 52 56 57 58 60
 13 14 20 31 53 58 60 70
 13 14 20 31 53 58 60 68 69
 13 14 20 31 51 52 58 60 70
 13 14 20 31 51 52 58 60 68 69
 13 14 20 31 43 53 58 60
 13 14 20 31 43 51 52 58 60
 13 14 20 26 58 60 70
 13 14 20 26 58 60 68 69
 13 14 20 26 56 57 58 60 70
 13 14 20 26 56 57 58 60 68 69
 13 14 20 26 43 58 60
 13 14 20 26 43 56 57 58 60
 13 14 20 26 31 58 60 70
 13 14 20 26 31 58 60 68 69
 13 14 20 26 31 43 58 60
 13 14 18 58 60
 13 14 16 28 56 58 70
 13 14 16 28 56 58 68 69
 13 14 16 28 43 56 58
 13 14 16 28 35 58 70
 13 14 16 28 35 58 68 69
 13 14 16 28 35 43 58
 13 14 16 26 27 56 58 70
 13 14 16 26 27 56 58 68 69
 13 14 16 26 27 43 56 58
 13 14 16 26 27 35 58 70
 13 14 16 26 27 35 58 68 69
 13 14 16 26 27 35 43 58
 1 57 58 70
 1 57 58 68 69
 1 56 58 59 70
 1 56 58 59 68 69
 1 53 58 60 70
 1 53 58 60 68 69
 1 51 60 66 70
 1 51 60 66 70 78
 1 51 60 66 70 76 77
 1 51 60 66 68 69
 1 51 60 66 68 69 78
 1 51 60 66 68 69 76 77
 1 51 60 64 65 70
 1 51 60 64 65 70 78
 1 51 60 64 65 70 76 77
 1 51 60 64 65 68 69
 1 51 60 64 65 68 69 78
 1 51 60 64 65 68 69 76 77
 1 51 58 59 60 66 70
 1 51 58 59 60 66 70 78
 1 51 58 59 60 66 70 76 77
 1 51 58 59 60 66 68 69
 1 51 58 59 60 66 68 69 78
 1 51 58 59 60 66 68 69 76 77
 1 51 58 59 60 64 65 70
 1 51 58 59 60 64 65 70 78
 1 51 58 59 60 64 65 70 76 77
 1 51 58 59 60 64 65 68 69
 1 51 58 59 60 64 65 68 69 78
 1 51 58 59 60 64 65 68 69 76 77
 1 51 52 58 60 70
 1 51 52 58 60 68 69
 1 49 50 60 66 70 78
 1 49 50 60 66 70 76 77
 1 49 50 60 66 68 69 78
 1 49 50 60 66 68 69 76 77
 1 49 50 60 64 65 70 78
 1 49 50 60 64 65 70 76 77
 1 49 50 60 64 65 68 69 78
 1 49 50 60 64 65 68 69 76 77
 1 49 50 58 59 60 66 70 78
 1 49 50 58 59 60 66 70 76 77
 1 49 50 58 59 60 66 68 69 78
 1 49 50 58 59 60 66 68 69 76 77
 1 49 50 58 59 60 64 65 70 78
 1 49 50 58 59 60 64 65 70 76 77
 1 49 50 58 59 60 64 65 68 69 78
 1 49 50 58 59 60 64 65 68 69 76 77
 1 49 50 51 60 66 70
 1 49 50 51 60 66 68 69
 1 49 50 51 60 64 65 70
 1 49 50 51 60 64 65 68 69
 1 49 50 51 58 59 60 66 70
 1 49 50 51 58 59 60 66 68 69
 1 49 50 51 58 59 60 64 65 70
 1 49 50 51 58 59 60 64 65 68 69
 1 47 58 66 70
 1 47 58 66 68 69
 1 47 58 64 65 70
 1 47 58 64 65 68 69
 1 47 58 60 70
 1 47 58 60 68 69
 1 47 56 57 58 66 70
 1 47 56 57 58 66 68 69
 1 47 56 57 58 64 65 70
 1 47 56 57 58 64 65 68 69
 1 45 46 58 66 70
 1 45 46 58 66 68 69
 1 45 46 58 64 65 70
 1 45 46 58 64 65 68 69
 1 45 46 58 60 70
 1 45 46 58 60 68 69
 1 45 46 56 57 58 66 70
 1 45 46 56 57 58 66 68 69
 1 45 46 56 57 58 64 65 70
 1 45 46 56 57 58 64 65 68 69
 1 43 57 58
 1 43 56 58 59
 1 43 56 57 58
 1 43 56 57 58 70
 1 43 56 57 58 68 69
 1 43 53 58 60
 1 43 51 60 66
 1 43 51 60 66 78
 1 43 51 60 66 76 77
 1 43 51 60 64 65
 1 43 51 60 64 65 78
 1 43 51 60 64 65 76 77
 1 43 51 58 59 60 66
 1 43 51 58 59 60 66 78
 1 43 51 58 59 60 66 76 77
 1 43 51 58 59 60 64 65
 1 43 51 58 59 60 64 65 78
 1 43 51 58 59 60 64 65 76 77
 1 43 51 52 58 60
 1 43 49 50 60 66 78
 1 43 49 50 60 66 76 77
 1 43 49 50 60 64 65 78
 1 43 49 50 60 64 65 76 77
 1 43 49 50 58 59 60 66 78
 1 43 49 50 58 59 60 66 76 77
 1 43 49 50 58 59 60 64 65 78
 1 43 49 50 58 59 60 64 65 76 77
 1 43 49 50 51 60 66
 1 43 49 50 51 60 64 65
 1 43 49 50 51 58 59 60 66
 1 43 49 50 51 58 59 60 64 65
 1 43 47 58 66
 1 43 47 58 64 65
 1 43 47 58 60
 1 43 47 56 57 58 66
 1 43 47 56 57 58 64 65
 1 43 45 46 58 66
 1 43 45 46 58 64 65
 1 43 45 46 58 60
 1 43 45 46 56 57 58 66
 1 43 45 46 56 57 58 64 65
 1 41 42 56 57 58 70
 1 41 42 56 57 58 68 69
 1 41 42 43 56 57 58
 1 39 51 60 70
 1 39 51 60 70 78
 1 39 51 60 70 76 77
 1 39 51 60 68 69
 1 39 51 60 68 69 78
 1 39 51 60 68 69 76 77
 1 39 51 58 59 60 70
 1 39 51 58 59 60 70 78
 1 39 51 58 59 60 70 76 77
 1 39 51 58 59 60 68 69
 1 39 51 58 59 60 68 69 78
 1 39 51 58 59 60 68 69 76 77
 1 39 49 50 60 70 78
 1 39 49 50 60 70 76 77
 1 39 49 50 60 68 69 78
 1 39 49 50 60 68 69 76 77
 1 39 49 50 58 59 60 70 78
 1 39 49 50 58 59 60 70 76 77
 1 39 49 50 58 59 60 68 69 78
 1 39 49 50 58 59 60 68 69 76 77
 1 39 49 50 51 60 70
 1 39 49 50 51 60 68 69
 1 39 49 50 51 58 59 60 70
 1 39 49 50 51 58 59 60 68 69
 1 39 47 58 70
 1 39 47 58 68 69
 1 39 47 56 57 58 70
 1 39 47 56 57 58 68 69
 1 39 45 46 58 70
 1 39 45 46 58 68 69
 1 39 45 46 56 57 58 70
 1 39 45 46 56 57 58 68 69
 1 39 43 51 60
 1 39 43 51 60 78
 1 39 43 51 60 76 77
 1 39 43 51 58 59 60
 1 39 43 51 58 59 60 78
 1 39 43 51 58 59 60 76 77
 1 39 43 49 50 60 78
 1 39 43 49 50 60 76 77
 1 39 43 49 50 58 59 60 78
 1 39 43 49 50 58 59 60 76 77
 1 39 43 49 50 51 60
 1 39 43 49 50 51 58 59 60
 1 39 43 47 58
 1 39 43 47 56 57 58
 1 39 43 45 46 58
 1 39 43 45 46 56 57 58
 1 37 42 60
 1 37 42 58 60 70
 1 37 42 58 60 68 69
 1 37 42 56 60 70
 1 37 42 56 60 68 69
 1 37 42 56 57 60 70
 1 37 42 56 57 60 68 69
 1 37 42 54 55 60 70
 1 37 42 54 55 60 68 69
 1 37 42 43 58 60
 1 37 42 43 56 60
 1 37 42 43 56 57 60
 1 37 42 43 54 55 60
 1 37 40 60 72
 1 37 40 60 70 71
 1 37 40 60 66 72
 1 37 40 60 66 70 71
 1 37 40 60 64 65 72
 1 37 40 60 64 65 70 71
 1 37 40 58
 1 37 40 56 60 70
 1 37 40 56 60 68 69
 1 37 40 54 55 60 70
 1 37 40 54 55 60 68 69
 1 37 40 45 60
 1 37 40 45 60 66
 1 37 40 45 60 64 65
 1 37 40 43 56 60
 1 37 40 43 54 55 60
 1 37 40 41 60
 1 37 40 41 58 60 70
 1 37 40 41 58 60 68 69
 1 37 40 41 56 60 70
 1 37 40 41 56 60 68 69
 1 37 40 41 56 57 60 70
 1 37 40 41 56 57 60 68 69
 1 37 40 41 54 55 60 70
 1 37 40 41 54 55 60 68 69
 1 37 40 41 43 58 60
 1 37 40 41 43 56 60
 1 37 40 41 43 56 57 60
 1 37 40 41 43 54 55 60
 1 37 39 40 60 72
 1 37 39 40 60 70 71
 1 37 39 40 45 60
 1 37 38 39 60 66 72
 1 37 38 39 60 66 70 71
 1 37 38 39 60 64 65 72
 1 37 38 39 60 64 65 70 71
 1 37 38 39 58
 1 37 38 39 56 60 70
 1 37 38 39 56 60 68 69
 1 37 38 39 54 55 60 70
 1 37 38 39 54 55 60 68 69
 1 37 38 39 45 60 66
 1 37 38 39 45 60 64 65
 1 37 38 39 43 56 60
 1 37 38 39 43 54 55 60
 1 35 58 59 70
 1 35 58 59 68 69
 1 35 43 58 59
 1 35 43 57 58
 1 35 43 57 58 70
 1 35 43 57 58 68 69
 1 35 41 42 57 58 70
 1 35 41 42 57 58 68 69
 1 35 41 42 43 57 58
 1 35 40 58
 1 35 40 58 60 70
 1 35 40 58 60 68 69
 1 35 40 56 57 60 70
 1 35 40 56 57 60 68 69
 1 35 40 43 58 60
 1 35 40 43 56 57 60
 1 35 38 39 58
 1 35 38 39 58 60 70
 1 35 38 39 58 60 68 69
 1 35 38 39 56 57 60 70
 1 35 38 39 56 57 60 68 69
 1 35 38 39 43 58 60
 1 35 38 39 43 56 57 60
 1 33 51 60 66 70
 1 33 51 60 66 70 78
 1 33 51 60 66 70 76 77
 1 33 51 60 66 68 69
 1 33 51 60 66 68 69 78
 1 33 51 60 66 68 69 76 77
 1 33 51 60 64 65 70
 1 33 51 60 64 65 70 78
 1 33 51 60 64 65 70 76 77
 1 33 51 60 64 65 68 69
 1 33 51 60 64 65 68 69 78
 1 33 51 60 64 65 68 69 76 77
 1 33 49 50 60 66 70 78
 1 33 49 50 60 66 70 76 77
 1 33 49 50 60 66 68 69 78
 1 33 49 50 60 66 68 69 76 77
 1 33 49 50 60 64 65 70 78
 1 33 49 50 60 64 65 70 76 77
 1 33 49 50 60 64 65 68 69 78
 1 33 49 50 60 64 65 68 69 76 77
 1 33 49 50 51 60 66 70
 1 33 49 50 51 60 66 68 69
 1 33 49 50 51 60 64 65 70
 1 33 49 50 51 60 64 65 68 69
 1 33 43 51 60 66
 1 33 43 51 60 66 78
 1 33 43 51 60 66 76 77
 1 33 43 51 60 64 65
 1 33 43 51 60 64 65 78
 1 33 43 51 60 64 65 76 77
 1 33 43 49 50 60 66 78
 1 33 43 49 50 60 66 76 77
 1 33 43 49 50 60 64 65 78
 1 33 43 49 50 60 64 65 76 77
 1 33 43 49 50 51 60 66
 1 33 43 49 50 51 60 64 65
 1 33 39 51 60 70
 1 33 39 51 60 70 78
 1 33 39 51 60 70 76 77
 1 33 39 51 60 68 69
 1 33 39 51 60 68 69 78
 1 33 39 51 60 68 69 76 77
 1 33 39 49 50 60 70 78
 1 33 39 49 50 60 70 76 77
 1 33 39 49 50 60 68 69 78
 1 33 39 49 50 60 68 69 76 77
 1 33 39 49 50 51 60 70
 1 33 39 49 50 51 60 68 69
 1 33 39 43 51 60
 1 33 39 43 51 60 78
 1 33 39 43 51 60 76 77
 1 33 39 43 49 50 60 78
 1 33 39 43 49 50 60 76 77
 1 33 39 43 49 50 51 60
 1 31 47 58 66 70
 1 31 47 58 66 68 69
 1 31 47 58 64 65 70
 1 31 47 58 64 65 68 69
 1 31 45 46 58 66 70
 1 31 45 46 58 66 68 69
 1 31 45 46 58 64 65 70
 1 31 45 46 58 64 65 68 69
 1 31 43 47 58 66
 1 31 43 47 58 64 65
 1 31 43 45 46 58 66
 1 31 43 45 46 58 64 65
 1 31 39 47 58 70
 1 31 39 47 58 68 69
 1 31 39 45 46 58 70
 1 31 39 45 46 58 68 69
 1 31 39 43 47 58
 1 31 39 43 45 46 58
 1 31 37 42 60 70
 1 31 37 42 60 68 69
 1 31 37 42 43 60
 1 31 37 40 41 60 70
 1 31 37 40 41 60 68 69
 1 31 37 40 41 43 60
 1 31 35 40 60 70
 1 31 35 40 60 68 69
 1 31 35 40 43 60
 1 31 35 38 39 60 70
 1 31 35 38 39 60 68 69
 1 31 35 38 39 43 60
 1 29 37 42 60 70
 1 29 37 42 60 68 69
 1 29 37 42 43 60
 1 29 37 40 60 70
 1 29 37 40 60 68 69
 1 29 37 40 43 60
 1 29 37 40 41 60 70
 1 29 37 40 41 60 68 69
 1 29 37 40 41 43 60
 1 29 37 38 39 60 70
 1 29 37 38 39 60 68 69
 1 29 37 38 39 43 60
 1 26 58 60 70
 1 26 58 60 68 69
 1 26 43 58 60
 1 24 60 66 70 78
 1 24 60 66 70 76 77
 1 24 60 66 68 69 78
 1 24 60 66 68 69 76 77
 1 24 60 64 65 70 78
 1 24 60 64 65 70 76 77
 1 24 60 64 65 68 69 78
 1 24 60 64 65 68 69 76 77
 1 24 58 59 60 66 70 78
 1 24 58 59 60 66 70 76 77
 1 24 58 59 60 66 68 69 78
 1 24 58 59 60 66 68 69 76 77
 1 24 58 59 60 64 65 70 78
 1 24 58 59 60 64 65 70 76 77
 1 24 58 59 60 64 65 68 69 78
 1 24 58 59 60 64 65 68 69 76 77
 1 24 51 60 66 70
 1 24 51 60 66 68 69
 1 24 51 60 64 65 70
 1 24 51 60 64 65 68 69
 1 24 51 58 59 60 66 70
 1 24 51 58 59 60 66 68 69
 1 24 51 58 59 60 64 65 70
 1 24 51 58 59 60 64 65 68 69
 1 24 43 60 66 78
 1 24 43 60 66 76 77
 1 24 43 60 64 65 78
 1 24 43 60 64 65 76 77
 1 24 43 58 59 60 66 78
 1 24 43 58 59 60 66 76 77
 1 24 43 58 59 60 64 65 78
 1 24 43 58 59 60 64 65 76 77
 1 24 43 51 60 66
 1 24 43 51 60 64 65
 1 24 43 51 58 59 60 66
 1 24 43 51 58 59 60 64 65
 1 24 39 60 70 78
 1 24 39 60 70 76 77
 1 24 39 60 68 69 78
 1 24 39 60 68 69 76 77
 1 24 39 58 59 60 70 78
 1 24 39 58 59 60 70 76 77
 1 24 39 58 59 60 68 69 78
 1 24 39 58 59 60 68 69 76 77
 1 24 39 51 60 70
 1 24 39 51 60 68 69
 1 24 39 51 58 59 60 70
 1 24 39 51 58 59 60 68 69
 1 24 39 43 60 78
 1 24 39 43 60 76 77
 1 24 39 43 58 59 60 78
 1 24 39 43 58 59 60 76 77
 1 24 39 43 51 60
 1 24 39 43 51 58 59 60
 1 24 33 60 66 70 78
 1 24 33 60 66 70 76 77
 1 24 33 60 66 68 69 78
 1 24 33 60 66 68 69 76 77
 1 24 33 60 64 65 70 78
 1 24 33 60 64 65 70 76 77
 1 24 33 60 64 65 68 69 78
 1 24 33 60 64 65 68 69 76 77
 1 24 33 51 60 66 70
 1 24 33 51 60 66 68 69
 1 24 33 51 60 64 65 70
 1 24 33 51 60 64 65 68 69
 1 24 33 43 60 66 78
 1 24 33 43 60 66 76 77
 1 24 33 43 60 64 65 78
 1 24 33 43 60 64 65 76 77
 1 24 33 43 51 60 66
 1 24 33 43 51 60 64 65
 1 24 33 39 60 70 78
 1 24 33 39 60 70 76 77
 1 24 33 39 60 68 69 78
 1 24 33 39 60 68 69 76 77
 1 24 33 39 51 60 70
 1 24 33 39 51 60 68 69
 1 24 33 39 43 60 78
 1 24 33 39 43 60 76 77
 1 24 33 39 43 51 60
 1 20 58 66 70
 1 20 58 66 68 69
 1 20 58 64 65 70
 1 20 58 64 65 68 69
 1 20 58 60 70
 1 20 58 60 68 69
 1 20 56 57 58 66 70
 1 20 56 57 58 66 68 69
 1 20 56 57 58 64 65 70
 1 20 56 57 58 64 65 68 69
 1 20 43 58 66
 1 20 43 58 64 65
 1 20 43 58 60
 1 20 43 56 57 58 66
 1 20 43 56 57 58 64 65
 1 20 39 58 70
 1 20 39 58 68 69
 1 20 39 56 57 58 70
 1 20 39 56 57 58 68 69
 1 20 39 43 58
 1 20 39 43 56 57 58
 1 20 31 58 66 70
 1 20 31 58 66 68 69
 1 20 31 58 64 65 70
 1 20 31 58 64 65 68 69
 1 20 31 43 58 66
 1 20 31 43 58 64 65
 1 20 31 39 58 70
 1 20 31 39 58 68 69
 1 20 31 39 43 58
 1 17 56 58 70
 1 17 56 58 68 69
 1 17 43 56 58
 1 17 35 58 70
 1 17 35 58 68 69
 1 17 35 43 58
 1 16 56 57 58 70
 1 16 56 57 58 68 69
 1 16 43 56 57 58
 1 16 35 57 58 70
 1 16 35 57 58 68 69
 1 16 35 43 57 58
 1 15 58 70
 1 15 58 68 69
 1 15 43 58
 1 15 43 56 58
 1 15 43 56 58 70
 1 15 43 56 58 68 69
 1 15 41 42 56 58 70
 1 15 41 42 56 58 68 69
 1 15 41 42 43 56 58
 1 15 37 60
 1 15 37 58 60 70
 1 15 37 58 60 68 69
 1 15 37 56 60 70
 1 15 37 56 60 68 69
 1 15 37 56 57 60 70
 1 15 37 56 57 60 68 69
 1 15 37 54 55 60 70
 1 15 37 54 55 60 68 69
 1 15 37 43 58 60
 1 15 37 43 56 60
 1 15 37 43 56 57 60
 1 15 37 43 54 55 60
 1 15 35 43 58
 1 15 35 43 58 70
 1 15 35 43 58 68 69
 1 15 35 41 42 58 70
 1 15 35 41 42 58 68 69
 1 15 35 41 42 43 58
 1 15 31 37 60 70
 1 15 31 37 60 68 69
 1 15 31 37 43 60
 1 15 29 37 60 70
 1 15 29 37 60 68 69
 1 15 29 37 43 60
 1 13 37 60 72
 1 13 37 60 70 71
 1 13 37 60 66 72
 1 13 37 60 66 70 71
 1 13 37 60 64 65 72
 1 13 37 60 64 65 70 71
 1 13 37 58
 1 13 37 56 60 70
 1 13 37 56 60 68 69
 1 13 37 54 55 60 70
 1 13 37 54 55 60 68 69
 1 13 37 45 60
 1 13 37 45 60 66
 1 13 37 45 60 64 65
 1 13 37 43 56 60
 1 13 37 43 54 55 60
 1 13 37 39 60 72
 1 13 37 39 60 70 71
 1 13 37 39 45 60
 1 13 35 58
 1 13 35 58 60 70
 1 13 35 58 60 68 69
 1 13 35 56 57 60 70
 1 13 35 56 57 60 68 69
 1 13 35 43 58 60
 1 13 35 43 56 57 60
 1 13 31 35 60 70
 1 13 31 35 60 68 69
 1 13 31 35 43 60
 1 13 29 37 60 70
 1 13 29 37 60 68 69
 1 13 29 37 43 60
 1 13 14 58 70
 1 13 14 58 68 69
 1 13 14 43 58
 1 13 14 43 56 58
 1 13 14 43 56 58 70
 1 13 14 43 56 58 68 69
 1 13 14 41 42 56 58 70
 1 13 14 41 42 56 58 68 69
 1 13 14 41 42 43 56 58
 1 13 14 35 43 58
 1 13 14 35 43 58 70
 1 13 14 35 43 58 68 69
 1 13 14 35 41 42 58 70
 1 13 14 35 41 42 58 68 69
 1 13 14 35 41 42 43 58
 1 13 14 16 56 58 70
 1 13 14 16 56 58 68 69
 1 13 14 16 43 56 58
 1 13 14 16 35 58 70
 1 13 14 16 35 58 68 69
 1 13 14 16 35 43 58
