 58 72
 58 70 71
 57 58 72
 57 58 70 71
 57 58 62 72
 57 58 62 70 71
 56 58 72
 56 58 70 71
 56 57 72
 56 57 70 71
 56 57 58 62 72
 56 57 58 62 70 71
 54 68
 52 53 68
 47 72
 47 70 71
 47 56 72
 47 56 70 71
 47 54 72
 47 54 70 71
 47 54 56 70
 47 54 56 68 69
 47 54 55 70
 47 54 55 68 69
 47 52 58 72
 47 52 58 70 71
 47 52 56 72
 47 52 56 70
 47 52 56 70 71
 47 52 56 68 69
 47 52 56 58 70
 47 52 56 58 68 69
 47 52 54 55 58 70
 47 52 54 55 58 68 69
 47 52 54 55 56 70
 47 52 54 55 56 68 69
 47 52 53 72
 47 52 53 70 71
 47 52 53 56 70
 47 52 53 56 68 69
 47 52 53 54 55 70
 47 52 53 54 55 68 69
 47 50 51 58 72
 47 50 51 58 70 71
 47 50 51 56 72
 47 50 51 56 70
 47 50 51 56 70 71
 47 50 51 56 68 69
 47 50 51 56 58 70
 47 50 51 56 58 68 69
 47 50 51 54 55 58 70
 47 50 51 54 55 58 68 69
 47 50 51 54 55 56 70
 47 50 51 54 55 56 68 69
 45 58
 45 57 58
 45 57 58 62
 45 56 58
 45 56 57
 45 56 57 58 62
 45 54 56 60
 45 54 56 60 74
 45 54 56 60 72
 45 54 56 60 72 73
 45 54 56 60 70 71
 45 54 56 58 60
 45 54 56 58 60 72
 45 54 56 58 60 70 71
 45 54 55 60 74
 45 54 55 60 72 73
 45 54 55 58 60
 45 54 55 58 60 72
 45 54 55 58 60 70 71
 45 54 55 56 60
 45 54 55 56 60 72
 45 54 55 56 60 70 71
 45 52 53 56 60
 45 52 53 56 60 74
 45 52 53 56 60 72
 45 52 53 56 60 72 73
 45 52 53 56 60 70 71
 45 52 53 56 58 60
 45 52 53 56 58 60 72
 45 52 53 56 58 60 70 71
 45 52 53 54 55 60 74
 45 52 53 54 55 60 72 73
 45 52 53 54 55 58 60
 45 52 53 54 55 58 60 72
 45 52 53 54 55 58 60 70 71
 45 52 53 54 55 56 60
 45 52 53 54 55 56 60 72
 45 52 53 54 55 56 60 70 71
 45 47
 45 47 56
 45 47 54
 45 47 54 56 60
 45 47 54 55 60
 45 47 52 58
 45 47 52 56
 45 47 52 53
 45 47 52 53 56 60
 45 47 52 53 54 55 60
 45 47 50 51 58
 45 47 50 51 56
 45 46
 45 46 72
 45 46 70 71
 45 46 56
 45 46 56 72
 45 46 56 70 71
 45 46 54
 45 46 54 72
 45 46 54 70 71
 45 46 54 56 70
 45 46 54 56 68 69
 45 46 54 55 70
 45 46 54 55 68 69
 45 46 52 58
 45 46 52 58 72
 45 46 52 58 70 71
 45 46 52 56
 45 46 52 56 72
 45 46 52 56 70
 45 46 52 56 70 71
 45 46 52 56 68 69
 45 46 52 56 58 70
 45 46 52 56 58 68 69
 45 46 52 54 55 58 70
 45 46 52 54 55 58 68 69
 45 46 52 54 55 56 70
 45 46 52 54 55 56 68 69
 45 46 52 53
 45 46 52 53 72
 45 46 52 53 70 71
 45 46 52 53 56 70
 45 46 52 53 56 68 69
 45 46 52 53 54 55 70
 45 46 52 53 54 55 68 69
 45 46 50 51 58
 45 46 50 51 58 72
 45 46 50 51 58 70 71
 45 46 50 51 56
 45 46 50 51 56 72
 45 46 50 51 56 70
 45 46 50 51 56 70 71
 45 46 50 51 56 68 69
 45 46 50 51 56 58 70
 45 46 50 51 56 58 68 69
 45 46 50 51 54 55 58 70
 45 46 50 51 54 55 58 68 69
 45 46 50 51 54 55 56 70
 45 46 50 51 54 55 56 68 69
 43 47 54 56
 43 47 54 55
 43 47 52 56
 43 47 52 56 58
 43 47 52 54 55 58
 43 47 52 54 55 56
 43 47 52 53 56
 43 47 52 53 54 55
 43 47 50 51 56
 43 47 50 51 56 58
 43 47 50 51 54 55 58
 43 47 50 51 54 55 56
 43 45 46 54 56
 43 45 46 54 55
 43 45 46 52 56
 43 45 46 52 56 58
 43 45 46 52 54 55 58
 43 45 46 52 54 55 56
 43 45 46 52 53 56
 43 45 46 52 53 54 55
 43 45 46 50 51 56
 43 45 46 50 51 56 58
 43 45 46 50 51 54 55 58
 43 45 46 50 51 54 55 56
 43 44 54 56 60 74
 43 44 54 56 60 72
 43 44 54 56 60 72 73
 43 44 54 56 60 70 71
 43 44 54 56 58 60 72
 43 44 54 56 58 60 70 71
 43 44 54 55 60 74
 43 44 54 55 60 72 73
 43 44 54 55 58 60 72
 43 44 54 55 58 60 70 71
 43 44 54 55 56 60 72
 43 44 54 55 56 60 70 71
 43 44 52 53 56 60 74
 43 44 52 53 56 60 72
 43 44 52 53 56 60 72 73
 43 44 52 53 56 60 70 71
 43 44 52 53 56 58 60 72
 43 44 52 53 56 58 60 70 71
 43 44 52 53 54 55 60 74
 43 44 52 53 54 55 60 72 73
 43 44 52 53 54 55 58 60 72
 43 44 52 53 54 55 58 60 70 71
 43 44 52 53 54 55 56 60 72
 43 44 52 53 54 55 56 60 70 71
 43 44 47 54 56 60
 43 44 47 54 55 60
 43 44 47 52 53 56 60
 43 44 47 52 53 54 55 60
 43 44 45 54 56 60
 43 44 45 54 56 58 60
 43 44 45 54 55 58 60
 43 44 45 54 55 56 60
 43 44 45 52 53 56 60
 43 44 45 52 53 56 58 60
 43 44 45 52 53 54 55 58 60
 43 44 45 52 53 54 55 56 60
 41 47 56 72
 41 47 56 70 71
 41 45 47 56
 41 45 46 56
 41 45 46 56 72
 41 45 46 56 70 71
 39 40 47 56 72
 39 40 47 56 70 71
 39 40 45 47 56
 39 40 45 46 56
 39 40 45 46 56 72
 39 40 45 46 56 70 71
 31 58 72
 31 58 70 71
 31 57 58 72
 31 57 58 70 71
 31 57 58 62 72
 31 57 58 62 70 71
 31 56 72
 31 56 70 71
 31 56 57 58 72
 31 56 57 58 70 71
 31 45 58
 31 45 57 58
 31 45 57 58 62
 31 45 56
 31 45 56 57 58
 30 45 56
 30 45 56 72
 30 45 56 70
 30 45 56 70 71
 30 45 56 68 69
 30 45 54 55 70
 30 45 54 55 68 69
 30 43 45 56
 30 43 45 54 55
 30 43 44 56
 30 43 44 56 72
 30 43 44 56 70
 30 43 44 56 70 71
 30 43 44 56 68 69
 30 43 44 54 55
 30 43 44 54 55 70
 30 43 44 54 55 68 69
 30 43 44 45 56
 30 41 45 56
 30 41 45 56 72
 30 41 45 56 70 71
 30 41 43 44 56 72
 30 41 43 44 56 70 71
 30 41 43 44 45 56
 30 39 40 45 56
 30 39 40 45 56 72
 30 39 40 45 56 70 71
 30 39 40 43 44 56 72
 30 39 40 43 44 56 70 71
 30 39 40 43 44 45 56
 29 47 54 70
 29 47 54 68 69
 29 47 52 58 70
 29 47 52 58 68 69
 29 47 52 56 70
 29 47 52 56 68 69
 29 47 52 53 70
 29 47 52 53 68 69
 29 47 50 51 58 70
 29 47 50 51 58 68 69
 29 47 50 51 56 70
 29 47 50 51 56 68 69
 29 45 54 60 74
 29 45 54 60 72 73
 29 45 54 58 60
 29 45 54 58 60 72
 29 45 54 58 60 70 71
 29 45 54 56 60
 29 45 54 56 60 72
 29 45 54 56 60 70 71
 29 45 52 53 60 74
 29 45 52 53 60 72 73
 29 45 52 53 58 60
 29 45 52 53 58 60 72
 29 45 52 53 58 60 70 71
 29 45 52 53 56 60
 29 45 52 53 56 60 72
 29 45 52 53 56 60 70 71
 29 45 47 54 60
 29 45 47 52 53 60
 29 45 46 54 70
 29 45 46 54 68 69
 29 45 46 52 58 70
 29 45 46 52 58 68 69
 29 45 46 52 56 70
 29 45 46 52 56 68 69
 29 45 46 52 53 70
 29 45 46 52 53 68 69
 29 45 46 50 51 58 70
 29 45 46 50 51 58 68 69
 29 45 46 50 51 56 70
 29 45 46 50 51 56 68 69
 29 43 47 54
 29 43 47 52 58
 29 43 47 52 56
 29 43 47 52 53
 29 43 47 50 51 58
 29 43 47 50 51 56
 29 43 45 46 54
 29 43 45 46 52 58
 29 43 45 46 52 56
 29 43 45 46 52 53
 29 43 45 46 50 51 58
 29 43 45 46 50 51 56
 29 43 44 54 60 74
 29 43 44 54 60 72 73
 29 43 44 54 58 60 72
 29 43 44 54 58 60 70 71
 29 43 44 54 56 60 72
 29 43 44 54 56 60 70 71
 29 43 44 52 53 60 74
 29 43 44 52 53 60 72 73
 29 43 44 52 53 58 60 72
 29 43 44 52 53 58 60 70 71
 29 43 44 52 53 56 60 72
 29 43 44 52 53 56 60 70 71
 29 43 44 47 54 60
 29 43 44 47 52 53 60
 29 43 44 45 54 58 60
 29 43 44 45 54 56 60
 29 43 44 45 52 53 58 60
 29 43 44 45 52 53 56 60
 29 30 45 70
 29 30 45 68 69
 29 30 43 45
 29 30 43 44
 29 30 43 44 70
 29 30 43 44 68 69
 28 56
 28 45 74
 28 45 72 74
 28 45 70 71 74
 28 45 70 71 72 73
 28 45 56 74
 28 45 56 72 74
 28 45 56 70 74
 28 45 56 70 72 73
 28 45 56 70 71 74
 28 45 56 70 71 72 73
 28 45 56 68 69 74
 28 45 56 68 69 72 73
 28 45 54 55 70 74
 28 45 54 55 70 72 73
 28 45 54 55 68 69 74
 28 45 54 55 68 69 72 73
 28 45 47
 28 45 47 72
 28 45 47 70 71
 28 45 47 56
 28 45 47 56 72
 28 45 47 56 70
 28 45 47 56 70 71
 28 45 47 56 68 69
 28 45 47 54 55 70
 28 45 47 54 55 68 69
 28 43 45 56 74
 28 43 45 56 72 73
 28 43 45 54 55 74
 28 43 45 54 55 72 73
 28 43 45 47 56
 28 43 45 47 54 55
 28 43 44 72 74
 28 43 44 72 73
 28 43 44 70 71 74
 28 43 44 70 71 72 73
 28 43 44 56 74
 28 43 44 56 72 74
 28 43 44 56 70 74
 28 43 44 56 70 72 73
 28 43 44 56 70 71 74
 28 43 44 56 70 71 72 73
 28 43 44 56 68 69 74
 28 43 44 56 68 69 72 73
 28 43 44 54 55 74
 28 43 44 54 55 72 73
 28 43 44 54 55 70 74
 28 43 44 54 55 70 72 73
 28 43 44 54 55 68 69 74
 28 43 44 54 55 68 69 72 73
 28 43 44 47 72
 28 43 44 47 70 71
 28 43 44 47 56
 28 43 44 47 56 72
 28 43 44 47 56 70
 28 43 44 47 56 70 71
 28 43 44 47 56 68 69
 28 43 44 47 54 55
 28 43 44 47 54 55 70
 28 43 44 47 54 55 68 69
 28 43 44 45 74
 28 43 44 45 72 73
 28 43 44 45 56 74
 28 43 44 45 56 72 73
 28 43 44 45 47
 28 43 44 45 47 56
 28 41 56
 28 41 45 56 74
 28 41 45 56 72 74
 28 41 45 56 70 71 74
 28 41 45 56 70 71 72 73
 28 41 45 47 56
 28 41 45 47 56 72
 28 41 45 47 56 70 71
 28 41 43 44 56 72 74
 28 41 43 44 56 72 73
 28 41 43 44 56 70 71 74
 28 41 43 44 56 70 71 72 73
 28 41 43 44 47 56 72
 28 41 43 44 47 56 70 71
 28 41 43 44 45 56 74
 28 41 43 44 45 56 72 73
 28 41 43 44 45 47 56
 28 39 40 56
 28 39 40 45 56 74
 28 39 40 45 56 72 74
 28 39 40 45 56 70 71 74
 28 39 40 45 56 70 71 72 73
 28 39 40 45 47 56
 28 39 40 45 47 56 72
 28 39 40 45 47 56 70 71
 28 39 40 43 44 56 72 74
 28 39 40 43 44 56 72 73
 28 39 40 43 44 56 70 71 74
 28 39 40 43 44 56 70 71 72 73
 28 39 40 43 44 47 56 72
 28 39 40 43 44 47 56 70 71
 28 39 40 43 44 45 56 74
 28 39 40 43 44 45 56 72 73
 28 39 40 43 44 45 47 56
 28 29 45 70
 28 29 45 70 74
 28 29 45 70 72 73
 28 29 45 68 69
 28 29 45 68 69 74
 28 29 45 68 69 72 73
 28 29 45 56
 28 29 45 56 72
 28 29 45 56 70
 28 29 45 56 70 71
 28 29 45 56 68 69
 28 29 45 54 55 70
 28 29 45 54 55 68 69
 28 29 45 47 70
 28 29 45 47 68 69
 28 29 43 45
 28 29 43 45 74
 28 29 43 45 72 73
 28 29 43 45 56
 28 29 43 45 54 55
 28 29 43 45 47
 28 29 43 44
 28 29 43 44 74
 28 29 43 44 72 73
 28 29 43 44 70
 28 29 43 44 70 74
 28 29 43 44 70 72 73
 28 29 43 44 68 69
 28 29 43 44 68 69 74
 28 29 43 44 68 69 72 73
 28 29 43 44 56
 28 29 43 44 56 72
 28 29 43 44 56 70
 28 29 43 44 56 70 71
 28 29 43 44 56 68 69
 28 29 43 44 54 55
 28 29 43 44 54 55 70
 28 29 43 44 54 55 68 69
 28 29 43 44 47
 28 29 43 44 47 70
 28 29 43 44 47 68 69
 28 29 43 44 45 56
 28 29 41 45 56
 28 29 41 45 56 72
 28 29 41 45 56 70 71
 28 29 41 43 44 56 72
 28 29 41 43 44 56 70 71
 28 29 41 43 44 45 56
 28 29 39 40 45 56
 28 29 39 40 45 56 72
 28 29 39 40 45 56 70 71
 28 29 39 40 43 44 56 72
 28 29 39 40 43 44 56 70 71
 28 29 39 40 43 44 45 56
 27 68
 27 47 72
 27 47 70 71
 27 47 56 70
 27 47 56 68 69
 27 47 54 55 70
 27 47 54 55 68 69
 27 45 56 60
 27 45 56 60 74
 27 45 56 60 72
 27 45 56 60 72 73
 27 45 56 60 70 71
 27 45 56 58 60
 27 45 56 58 60 72
 27 45 56 58 60 70 71
 27 45 54 55 60 74
 27 45 54 55 60 72 73
 27 45 54 55 58 60
 27 45 54 55 58 60 72
 27 45 54 55 58 60 70 71
 27 45 54 55 56 60
 27 45 54 55 56 60 72
 27 45 54 55 56 60 70 71
 27 45 47
 27 45 47 56 60
 27 45 47 54 55 60
 27 45 46
 27 45 46 72
 27 45 46 70 71
 27 45 46 56 70
 27 45 46 56 68 69
 27 45 46 54 55 70
 27 45 46 54 55 68 69
 27 43 47 56
 27 43 47 54 55
 27 43 45 46 56
 27 43 45 46 54 55
 27 43 44 56 60 74
 27 43 44 56 60 72
 27 43 44 56 60 72 73
 27 43 44 56 60 70 71
 27 43 44 56 58 60 72
 27 43 44 56 58 60 70 71
 27 43 44 54 55 60 74
 27 43 44 54 55 60 72 73
 27 43 44 54 55 58 60 72
 27 43 44 54 55 58 60 70 71
 27 43 44 54 55 56 60 72
 27 43 44 54 55 56 60 70 71
 27 43 44 47 56 60
 27 43 44 47 54 55 60
 27 43 44 45 56 60
 27 43 44 45 56 58 60
 27 43 44 45 54 55 58 60
 27 43 44 45 54 55 56 60
 27 29 47 70
 27 29 47 68 69
 27 29 45 60 74
 27 29 45 60 72 73
 27 29 45 58 60
 27 29 45 58 60 72
 27 29 45 58 60 70 71
 27 29 45 56 60
 27 29 45 56 60 72
 27 29 45 56 60 70 71
 27 29 45 47 60
 27 29 45 46 70
 27 29 45 46 68 69
 27 29 43 47
 27 29 43 45 46
 27 29 43 44 60 74
 27 29 43 44 60 72 73
 27 29 43 44 58 60 72
 27 29 43 44 58 60 70 71
 27 29 43 44 56 60 72
 27 29 43 44 56 60 70 71
 27 29 43 44 47 60
 27 29 43 44 45 58 60
 27 29 43 44 45 56 60
 26 54
 26 52 53
 26 27
 26 27 56
 26 27 45 74
 26 27 45 72 74
 26 27 45 70 71 74
 26 27 45 70 71 72 73
 26 27 45 56 74
 26 27 45 56 72 74
 26 27 45 56 70 74
 26 27 45 56 70 72 73
 26 27 45 56 70 71 74
 26 27 45 56 70 71 72 73
 26 27 45 56 68 69 74
 26 27 45 56 68 69 72 73
 26 27 45 54 55 70 74
 26 27 45 54 55 70 72 73
 26 27 45 54 55 68 69 74
 26 27 45 54 55 68 69 72 73
 26 27 45 47
 26 27 45 47 72
 26 27 45 47 70 71
 26 27 45 47 56
 26 27 45 47 56 72
 26 27 45 47 56 70
 26 27 45 47 56 70 71
 26 27 45 47 56 68 69
 26 27 45 47 54 55 70
 26 27 45 47 54 55 68 69
 26 27 43 45 56 74
 26 27 43 45 56 72 73
 26 27 43 45 54 55 74
 26 27 43 45 54 55 72 73
 26 27 43 45 47 56
 26 27 43 45 47 54 55
 26 27 43 44 72 74
 26 27 43 44 72 73
 26 27 43 44 70 71 74
 26 27 43 44 70 71 72 73
 26 27 43 44 56 74
 26 27 43 44 56 72 74
 26 27 43 44 56 70 74
 26 27 43 44 56 70 72 73
 26 27 43 44 56 70 71 74
 26 27 43 44 56 70 71 72 73
 26 27 43 44 56 68 69 74
 26 27 43 44 56 68 69 72 73
 26 27 43 44 54 55 74
 26 27 43 44 54 55 72 73
 26 27 43 44 54 55 70 74
 26 27 43 44 54 55 70 72 73
 26 27 43 44 54 55 68 69 74
 26 27 43 44 54 55 68 69 72 73
 26 27 43 44 47 72
 26 27 43 44 47 70 71
 26 27 43 44 47 56
 26 27 43 44 47 56 72
 26 27 43 44 47 56 70
 26 27 43 44 47 56 70 71
 26 27 43 44 47 56 68 69
 26 27 43 44 47 54 55
 26 27 43 44 47 54 55 70
 26 27 43 44 47 54 55 68 69
 26 27 43 44 45 74
 26 27 43 44 45 72 73
 26 27 43 44 45 56 74
 26 27 43 44 45 56 72 73
 26 27 43 44 45 47
 26 27 43 44 45 47 56
 26 27 41 56
 26 27 41 45 56 74
 26 27 41 45 56 72 74
 26 27 41 45 56 70 71 74
 26 27 41 45 56 70 71 72 73
 26 27 41 45 47 56
 26 27 41 45 47 56 72
 26 27 41 45 47 56 70 71
 26 27 41 43 44 56 72 74
 26 27 41 43 44 56 72 73
 26 27 41 43 44 56 70 71 74
 26 27 41 43 44 56 70 71 72 73
 26 27 41 43 44 47 56 72
 26 27 41 43 44 47 56 70 71
 26 27 41 43 44 45 56 74
 26 27 41 43 44 45 56 72 73
 26 27 41 43 44 45 47 56
 26 27 39 40 56
 26 27 39 40 45 56 74
 26 27 39 40 45 56 72 74
 26 27 39 40 45 56 70 71 74
 26 27 39 40 45 56 70 71 72 73
 26 27 39 40 45 47 56
 26 27 39 40 45 47 56 72
 26 27 39 40 45 47 56 70 71
 26 27 39 40 43 44 56 72 74
 26 27 39 40 43 44 56 72 73
 26 27 39 40 43 44 56 70 71 74
 26 27 39 40 43 44 56 70 71 72 73
 26 27 39 40 43 44 47 56 72
 26 27 39 40 43 44 47 56 70 71
 26 27 39 40 43 44 45 56 74
 26 27 39 40 43 44 45 56 72 73
 26 27 39 40 43 44 45 47 56
 26 27 29 45 70 74
 26 27 29 45 70 72 73
 26 27 29 45 68 69 74
 26 27 29 45 68 69 72 73
 26 27 29 45 47 70
 26 27 29 45 47 68 69
 26 27 29 43 45 74
 26 27 29 43 45 72 73
 26 27 29 43 45 47
 26 27 29 43 44 74
 26 27 29 43 44 72 73
 26 27 29 43 44 70 74
 26 27 29 43 44 70 72 73
 26 27 29 43 44 68 69 74
 26 27 29 43 44 68 69 72 73
 26 27 29 43 44 47
 26 27 29 43 44 47 70
 26 27 29 43 44 47 68 69
 25 47 58 72
 25 47 58 70 71
 25 47 56 72
 25 47 56 70
 25 47 56 70 71
 25 47 56 68 69
 25 47 56 58 70
 25 47 56 58 68 69
 25 47 54 55 58 70
 25 47 54 55 58 68 69
 25 47 54 55 56 70
 25 47 54 55 56 68 69
 25 45 47 58
 25 45 47 56
 25 45 46 58
 25 45 46 58 72
 25 45 46 58 70 71
 25 45 46 56
 25 45 46 56 72
 25 45 46 56 70
 25 45 46 56 70 71
 25 45 46 56 68 69
 25 45 46 56 58 70
 25 45 46 56 58 68 69
 25 45 46 54 55 58 70
 25 45 46 54 55 58 68 69
 25 45 46 54 55 56 70
 25 45 46 54 55 56 68 69
 25 43 47 56
 25 43 47 56 58
 25 43 47 54 55 58
 25 43 47 54 55 56
 25 43 45 46 56
 25 43 45 46 56 58
 25 43 45 46 54 55 58
 25 43 45 46 54 55 56
 25 29 47 58 70
 25 29 47 58 68 69
 25 29 47 56 70
 25 29 47 56 68 69
 25 29 45 46 58 70
 25 29 45 46 58 68 69
 25 29 45 46 56 70
 25 29 45 46 56 68 69
 25 29 43 47 58
 25 29 43 47 56
 25 29 43 45 46 58
 25 29 43 45 46 56
 24 25 54
 24 25 52 53
 24 25 27
 20 72
 20 70 71
 20 56 72
 20 56 70 71
 20 54 72
 20 54 70 71
 20 54 56 70
 20 54 56 68 69
 20 54 55 70
 20 54 55 68 69
 20 52 58 72
 20 52 58 70 71
 20 52 56 72
 20 52 56 70
 20 52 56 70 71
 20 52 56 68 69
 20 52 56 58 70
 20 52 56 58 68 69
 20 52 54 55 58 70
 20 52 54 55 58 68 69
 20 52 54 55 56 70
 20 52 54 55 56 68 69
 20 52 53 72
 20 52 53 70 71
 20 52 53 56 70
 20 52 53 56 68 69
 20 52 53 54 55 70
 20 52 53 54 55 68 69
 20 50 51 58 72
 20 50 51 58 70 71
 20 50 51 56 72
 20 50 51 56 70
 20 50 51 56 70 71
 20 50 51 56 68 69
 20 50 51 56 58 70
 20 50 51 56 58 68 69
 20 50 51 54 55 58 70
 20 50 51 54 55 58 68 69
 20 50 51 54 55 56 70
 20 50 51 54 55 56 68 69
 20 45
 20 45 56
 20 45 54
 20 45 52 58
 20 45 52 56
 20 45 52 53
 20 45 50 51 58
 20 45 50 51 56
 20 43 54 56
 20 43 54 55
 20 43 52 56
 20 43 52 56 58
 20 43 52 54 55 58
 20 43 52 54 55 56
 20 43 52 53 56
 20 43 52 53 54 55
 20 43 50 51 56
 20 43 50 51 56 58
 20 43 50 51 54 55 58
 20 43 50 51 54 55 56
 20 41 56 72
 20 41 56 70 71
 20 41 45 56
 20 39 40 56 72
 20 39 40 56 70 71
 20 39 40 45 56
 20 29 54 70
 20 29 54 68 69
 20 29 52 58 70
 20 29 52 58 68 69
 20 29 52 56 70
 20 29 52 56 68 69
 20 29 52 53 70
 20 29 52 53 68 69
 20 29 50 51 58 70
 20 29 50 51 58 68 69
 20 29 50 51 56 70
 20 29 50 51 56 68 69
 20 29 43 54
 20 29 43 52 58
 20 29 43 52 56
 20 29 43 52 53
 20 29 43 50 51 58
 20 29 43 50 51 56
 20 27 72
 20 27 70 71
 20 27 56 70
 20 27 56 68 69
 20 27 54 55 70
 20 27 54 55 68 69
 20 27 45
 20 27 43 56
 20 27 43 54 55
 20 27 29 70
 20 27 29 68 69
 20 27 29 43
 20 25 58 72
 20 25 58 70 71
 20 25 56 72
 20 25 56 70
 20 25 56 70 71
 20 25 56 68 69
 20 25 56 58 70
 20 25 56 58 68 69
 20 25 54 55 58 70
 20 25 54 55 58 68 69
 20 25 54 55 56 70
 20 25 54 55 56 68 69
 20 25 45 58
 20 25 45 56
 20 25 43 56
 20 25 43 56 58
 20 25 43 54 55 58
 20 25 43 54 55 56
 20 25 29 58 70
 20 25 29 58 68 69
 20 25 29 56 70
 20 25 29 56 68 69
 20 25 29 43 58
 20 25 29 43 56
 18 54 56 60 74
 18 54 56 60 72
 18 54 56 60 72 73
 18 54 56 60 70 71
 18 54 56 58 60 72
 18 54 56 58 60 70 71
 18 54 55 60 74
 18 54 55 60 72 73
 18 54 55 58 60 72
 18 54 55 58 60 70 71
 18 54 55 56 60 72
 18 54 55 56 60 70 71
 18 52 53 56 60 74
 18 52 53 56 60 72
 18 52 53 56 60 72 73
 18 52 53 56 60 70 71
 18 52 53 56 58 60 72
 18 52 53 56 58 60 70 71
 18 52 53 54 55 60 74
 18 52 53 54 55 60 72 73
 18 52 53 54 55 58 60 72
 18 52 53 54 55 58 60 70 71
 18 52 53 54 55 56 60 72
 18 52 53 54 55 56 60 70 71
 18 47 54 56 60
 18 47 54 55 60
 18 47 52 53 56 60
 18 47 52 53 54 55 60
 18 45 54 56 60
 18 45 54 56 58 60
 18 45 54 55 58 60
 18 45 54 55 56 60
 18 45 52 53 56 60
 18 45 52 53 56 58 60
 18 45 52 53 54 55 58 60
 18 45 52 53 54 55 56 60
 18 30 56 72
 18 30 56 70
 18 30 56 70 71
 18 30 56 68 69
 18 30 54 55 70
 18 30 54 55 68 69
 18 30 45 56
 18 30 43 56
 18 30 43 54 55
 18 30 41 56 72
 18 30 41 56 70 71
 18 30 41 45 56
 18 30 39 40 56 72
 18 30 39 40 56 70 71
 18 30 39 40 45 56
 18 29 54 60 74
 18 29 54 60 72 73
 18 29 54 58 60 72
 18 29 54 58 60 70 71
 18 29 54 56 60 72
 18 29 54 56 60 70 71
 18 29 52 53 60 74
 18 29 52 53 60 72 73
 18 29 52 53 58 60 72
 18 29 52 53 58 60 70 71
 18 29 52 53 56 60 72
 18 29 52 53 56 60 70 71
 18 29 47 54 60
 18 29 47 52 53 60
 18 29 45 54 58 60
 18 29 45 54 56 60
 18 29 45 52 53 58 60
 18 29 45 52 53 56 60
 18 29 30 70
 18 29 30 68 69
 18 29 30 43
 18 28 72 74
 18 28 72 73
 18 28 70 71 74
 18 28 70 71 72 73
 18 28 56 72 74
 18 28 56 72 73
 18 28 56 70 74
 18 28 56 70 72 73
 18 28 56 70 71 74
 18 28 56 70 71 72 73
 18 28 56 68 69 74
 18 28 56 68 69 72 73
 18 28 54 55 70 74
 18 28 54 55 70 72 73
 18 28 54 55 68 69 74
 18 28 54 55 68 69 72 73
 18 28 47 72
 18 28 47 70 71
 18 28 47 56 72
 18 28 47 56 70
 18 28 47 56 70 71
 18 28 47 56 68 69
 18 28 47 54 55 70
 18 28 47 54 55 68 69
 18 28 45 74
 18 28 45 72 73
 18 28 45 56 74
 18 28 45 56 72 73
 18 28 45 47
 18 28 45 47 56
 18 28 43 56 74
 18 28 43 56 72 73
 18 28 43 54 55 74
 18 28 43 54 55 72 73
 18 28 43 47 56
 18 28 43 47 54 55
 18 28 41 56 72 74
 18 28 41 56 72 73
 18 28 41 56 70 71 74
 18 28 41 56 70 71 72 73
 18 28 41 47 56 72
 18 28 41 47 56 70 71
 18 28 41 45 56 74
 18 28 41 45 56 72 73
 18 28 41 45 47 56
 18 28 39 40 56 72 74
 18 28 39 40 56 72 73
 18 28 39 40 56 70 71 74
 18 28 39 40 56 70 71 72 73
 18 28 39 40 47 56 72
 18 28 39 40 47 56 70 71
 18 28 39 40 45 56 74
 18 28 39 40 45 56 72 73
 18 28 39 40 45 47 56
 18 28 29 70
 18 28 29 70 74
 18 28 29 70 72 73
 18 28 29 68 69
 18 28 29 68 69 74
 18 28 29 68 69 72 73
 18 28 29 56 72
 18 28 29 56 70
 18 28 29 56 70 71
 18 28 29 56 68 69
 18 28 29 54 55 70
 18 28 29 54 55 68 69
 18 28 29 47 70
 18 28 29 47 68 69
 18 28 29 45 56
 18 28 29 43
 18 28 29 43 74
 18 28 29 43 72 73
 18 28 29 43 56
 18 28 29 43 54 55
 18 28 29 43 47
 18 28 29 41 56 72
 18 28 29 41 56 70 71
 18 28 29 41 45 56
 18 28 29 39 40 56 72
 18 28 29 39 40 56 70 71
 18 28 29 39 40 45 56
 18 27 56 60 74
 18 27 56 60 72
 18 27 56 60 72 73
 18 27 56 60 70 71
 18 27 56 58 60 72
 18 27 56 58 60 70 71
 18 27 54 55 60 74
 18 27 54 55 60 72 73
 18 27 54 55 58 60 72
 18 27 54 55 58 60 70 71
 18 27 54 55 56 60 72
 18 27 54 55 56 60 70 71
 18 27 47 56 60
 18 27 47 54 55 60
 18 27 45 56 60
 18 27 45 56 58 60
 18 27 45 54 55 58 60
 18 27 45 54 55 56 60
 18 27 29 60 74
 18 27 29 60 72 73
 18 27 29 58 60 72
 18 27 29 58 60 70 71
 18 27 29 56 60 72
 18 27 29 56 60 70 71
 18 27 29 47 60
 18 27 29 45 58 60
 18 27 29 45 56 60
 18 26 27 72 74
 18 26 27 72 73
 18 26 27 70 71 74
 18 26 27 70 71 72 73
 18 26 27 56 72 74
 18 26 27 56 72 73
 18 26 27 56 70 74
 18 26 27 56 70 72 73
 18 26 27 56 70 71 74
 18 26 27 56 70 71 72 73
 18 26 27 56 68 69 74
 18 26 27 56 68 69 72 73
 18 26 27 54 55 70 74
 18 26 27 54 55 70 72 73
 18 26 27 54 55 68 69 74
 18 26 27 54 55 68 69 72 73
 18 26 27 47 72
 18 26 27 47 70 71
 18 26 27 47 56 72
 18 26 27 47 56 70
 18 26 27 47 56 70 71
 18 26 27 47 56 68 69
 18 26 27 47 54 55 70
 18 26 27 47 54 55 68 69
 18 26 27 45 74
 18 26 27 45 72 73
 18 26 27 45 56 74
 18 26 27 45 56 72 73
 18 26 27 45 47
 18 26 27 45 47 56
 18 26 27 43 56 74
 18 26 27 43 56 72 73
 18 26 27 43 54 55 74
 18 26 27 43 54 55 72 73
 18 26 27 43 47 56
 18 26 27 43 47 54 55
 18 26 27 41 56 72 74
 18 26 27 41 56 72 73
 18 26 27 41 56 70 71 74
 18 26 27 41 56 70 71 72 73
 18 26 27 41 47 56 72
 18 26 27 41 47 56 70 71
 18 26 27 41 45 56 74
 18 26 27 41 45 56 72 73
 18 26 27 41 45 47 56
 18 26 27 39 40 56 72 74
 18 26 27 39 40 56 72 73
 18 26 27 39 40 56 70 71 74
 18 26 27 39 40 56 70 71 72 73
 18 26 27 39 40 47 56 72
 18 26 27 39 40 47 56 70 71
 18 26 27 39 40 45 56 74
 18 26 27 39 40 45 56 72 73
 18 26 27 39 40 45 47 56
 18 26 27 29 70 74
 18 26 27 29 70 72 73
 18 26 27 29 68 69 74
 18 26 27 29 68 69 72 73
 18 26 27 29 47 70
 18 26 27 29 47 68 69
 18 26 27 29 43 74
 18 26 27 29 43 72 73
 18 26 27 29 43 47
 15 58 72
 15 58 70 71
 15 58 62 72
 15 58 62 70 71
 15 56 58 72
 15 56 58 70 71
 15 56 57 58 62 72
 15 56 57 58 62 70 71
 15 45 58
 15 45 58 62
 15 45 56 58
 15 45 56 57 58 62
 15 31 58 72
 15 31 58 70 71
 15 31 58 62 72
 15 31 58 62 70 71
 15 31 56 58 72
 15 31 56 58 70 71
 15 31 45 58
 15 31 45 58 62
 15 31 45 56 58
 14 47 56 72
 14 47 56 70 71
 14 45 47 56
 14 45 46 56
 14 45 46 56 72
 14 45 46 56 70 71
 14 30 45 56
 14 30 45 56 72
 14 30 45 56 70 71
 14 30 43 44 56 72
 14 30 43 44 56 70 71
 14 30 43 44 45 56
 14 28 56
 14 28 45 56 74
 14 28 45 56 72 74
 14 28 45 56 70 71 74
 14 28 45 56 70 71 72 73
 14 28 45 47 56
 14 28 45 47 56 72
 14 28 45 47 56 70 71
 14 28 43 44 56 72 74
 14 28 43 44 56 72 73
 14 28 43 44 56 70 71 74
 14 28 43 44 56 70 71 72 73
 14 28 43 44 47 56 72
 14 28 43 44 47 56 70 71
 14 28 43 44 45 56 74
 14 28 43 44 45 56 72 73
 14 28 43 44 45 47 56
 14 28 29 45 56
 14 28 29 45 56 72
 14 28 29 45 56 70 71
 14 28 29 43 44 56 72
 14 28 29 43 44 56 70 71
 14 28 29 43 44 45 56
 14 26 27 56
 14 26 27 45 56 74
 14 26 27 45 56 72 74
 14 26 27 45 56 70 71 74
 14 26 27 45 56 70 71 72 73
 14 26 27 45 47 56
 14 26 27 45 47 56 72
 14 26 27 45 47 56 70 71
 14 26 27 43 44 56 72 74
 14 26 27 43 44 56 72 73
 14 26 27 43 44 56 70 71 74
 14 26 27 43 44 56 70 71 72 73
 14 26 27 43 44 47 56 72
 14 26 27 43 44 47 56 70 71
 14 26 27 43 44 45 56 74
 14 26 27 43 44 45 56 72 73
 14 26 27 43 44 45 47 56
 14 20 56 72
 14 20 56 70 71
 14 20 45 56
 14 18 30 56 72
 14 18 30 56 70 71
 14 18 30 45 56
 14 18 28 56 72 74
 14 18 28 56 72 73
 14 18 28 56 70 71 74
 14 18 28 56 70 71 72 73
 14 18 28 47 56 72
 14 18 28 47 56 70 71
 14 18 28 45 56 74
 14 18 28 45 56 72 73
 14 18 28 45 47 56
 14 18 28 29 56 72
 14 18 28 29 56 70 71
 14 18 28 29 45 56
 14 18 26 27 56 72 74
 14 18 26 27 56 72 73
 14 18 26 27 56 70 71 74
 14 18 26 27 56 70 71 72 73
 14 18 26 27 47 56 72
 14 18 26 27 47 56 70 71
 14 18 26 27 45 56 74
 14 18 26 27 45 56 72 73
 14 18 26 27 45 47 56
 13 14 58 72
 13 14 58 70 71
 13 14 58 62 72
 13 14 58 62 70 71
 13 14 56 58 72
 13 14 56 58 70 71
 13 14 56 57 58 62 72
 13 14 56 57 58 62 70 71
 13 14 45 58
 13 14 45 58 62
 13 14 45 56 58
 13 14 45 56 57 58 62
 13 14 31 58 72
 13 14 31 58 70 71
 13 14 31 58 62 72
 13 14 31 58 62 70 71
 13 14 31 56 58 72
 13 14 31 56 58 70 71
 13 14 31 45 58
 13 14 31 45 58 62
 13 14 31 45 56 58
 3 45 56
 3 45 56 72
 3 45 56 70
 3 45 56 70 71
 3 45 56 68 69
 3 45 54 55 70
 3 45 54 55 68 69
 3 43 45 56
 3 43 45 54 55
 3 43 44 56
 3 43 44 56 72
 3 43 44 56 70
 3 43 44 56 70 71
 3 43 44 56 68 69
 3 43 44 54 55
 3 43 44 54 55 70
 3 43 44 54 55 68 69
 3 43 44 45 56
 3 41 45 56
 3 41 45 56 72
 3 41 45 56 70 71
 3 41 43 44 56 72
 3 41 43 44 56 70 71
 3 41 43 44 45 56
 3 39 40 45 56
 3 39 40 45 56 72
 3 39 40 45 56 70 71
 3 39 40 43 44 56 72
 3 39 40 43 44 56 70 71
 3 39 40 43 44 45 56
 3 29 45 70
 3 29 45 68 69
 3 29 43 45
 3 29 43 44
 3 29 43 44 70
 3 29 43 44 68 69
 3 18 56 72
 3 18 56 70
 3 18 56 70 71
 3 18 56 68 69
 3 18 54 55 70
 3 18 54 55 68 69
 3 18 45 56
 3 18 43 56
 3 18 43 54 55
 3 18 41 56 72
 3 18 41 56 70 71
 3 18 41 45 56
 3 18 39 40 56 72
 3 18 39 40 56 70 71
 3 18 39 40 45 56
 3 18 29 70
 3 18 29 68 69
 3 18 29 43
 3 14 45 56
 3 14 45 56 72
 3 14 45 56 70 71
 3 14 43 44 56 72
 3 14 43 44 56 70 71
 3 14 43 44 45 56
 3 14 18 56 72
 3 14 18 56 70 71
 3 14 18 45 56
 1 56
 1 45 74
 1 45 72 74
 1 45 70 71 74
 1 45 70 71 72 73
 1 45 56 74
 1 45 56 72 74
 1 45 56 70 74
 1 45 56 70 72 73
 1 45 56 70 71 74
 1 45 56 70 71 72 73
 1 45 56 68 69 74
 1 45 56 68 69 72 73
 1 45 54 55 70 74
 1 45 54 55 70 72 73
 1 45 54 55 68 69 74
 1 45 54 55 68 69 72 73
 1 45 47
 1 45 47 72
 1 45 47 70 71
 1 45 47 56
 1 45 47 56 72
 1 45 47 56 70
 1 45 47 56 70 71
 1 45 47 56 68 69
 1 45 47 54 55 70
 1 45 47 54 55 68 69
 1 43 45 56 74
 1 43 45 56 72 73
 1 43 45 54 55 74
 1 43 45 54 55 72 73
 1 43 45 47 56
 1 43 45 47 54 55
 1 43 44 72 74
 1 43 44 72 73
 1 43 44 70 71 74
 1 43 44 70 71 72 73
 1 43 44 56 74
 1 43 44 56 72 74
 1 43 44 56 70 74
 1 43 44 56 70 72 73
 1 43 44 56 70 71 74
 1 43 44 56 70 71 72 73
 1 43 44 56 68 69 74
 1 43 44 56 68 69 72 73
 1 43 44 54 55 74
 1 43 44 54 55 72 73
 1 43 44 54 55 70 74
 1 43 44 54 55 70 72 73
 1 43 44 54 55 68 69 74
 1 43 44 54 55 68 69 72 73
 1 43 44 47 72
 1 43 44 47 70 71
 1 43 44 47 56
 1 43 44 47 56 72
 1 43 44 47 56 70
 1 43 44 47 56 70 71
 1 43 44 47 56 68 69
 1 43 44 47 54 55
 1 43 44 47 54 55 70
 1 43 44 47 54 55 68 69
 1 43 44 45 74
 1 43 44 45 72 73
 1 43 44 45 56 74
 1 43 44 45 56 72 73
 1 43 44 45 47
 1 43 44 45 47 56
 1 41 56
 1 41 45 56 74
 1 41 45 56 72 74
 1 41 45 56 70 71 74
 1 41 45 56 70 71 72 73
 1 41 45 47 56
 1 41 45 47 56 72
 1 41 45 47 56 70 71
 1 41 43 44 56 72 74
 1 41 43 44 56 72 73
 1 41 43 44 56 70 71 74
 1 41 43 44 56 70 71 72 73
 1 41 43 44 47 56 72
 1 41 43 44 47 56 70 71
 1 41 43 44 45 56 74
 1 41 43 44 45 56 72 73
 1 41 43 44 45 47 56
 1 39 40 56
 1 39 40 45 56 74
 1 39 40 45 56 72 74
 1 39 40 45 56 70 71 74
 1 39 40 45 56 70 71 72 73
 1 39 40 45 47 56
 1 39 40 45 47 56 72
 1 39 40 45 47 56 70 71
 1 39 40 43 44 56 72 74
 1 39 40 43 44 56 72 73
 1 39 40 43 44 56 70 71 74
 1 39 40 43 44 56 70 71 72 73
 1 39 40 43 44 47 56 72
 1 39 40 43 44 47 56 70 71
 1 39 40 43 44 45 56 74
 1 39 40 43 44 45 56 72 73
 1 39 40 43 44 45 47 56
 1 29 45 70 74
 1 29 45 70 72 73
 1 29 45 68 69 74
 1 29 45 68 69 72 73
 1 29 45 47 70
 1 29 45 47 68 69
 1 29 43 45 74
 1 29 43 45 72 73
 1 29 43 45 47
 1 29 43 44 74
 1 29 43 44 72 73
 1 29 43 44 70 74
 1 29 43 44 70 72 73
 1 29 43 44 68 69 74
 1 29 43 44 68 69 72 73
 1 29 43 44 47
 1 29 43 44 47 70
 1 29 43 44 47 68 69
 1 18 72 74
 1 18 72 73
 1 18 70 71 74
 1 18 70 71 72 73
 1 18 56 72 74
 1 18 56 72 73
 1 18 56 70 74
 1 18 56 70 72 73
 1 18 56 70 71 74
 1 18 56 70 71 72 73
 1 18 56 68 69 74
 1 18 56 68 69 72 73
 1 18 54 55 70 74
 1 18 54 55 70 72 73
 1 18 54 55 68 69 74
 1 18 54 55 68 69 72 73
 1 18 47 72
 1 18 47 70 71
 1 18 47 56 72
 1 18 47 56 70
 1 18 47 56 70 71
 1 18 47 56 68 69
 1 18 47 54 55 70
 1 18 47 54 55 68 69
 1 18 45 74
 1 18 45 72 73
 1 18 45 56 74
 1 18 45 56 72 73
 1 18 45 47
 1 18 45 47 56
 1 18 43 56 74
 1 18 43 56 72 73
 1 18 43 54 55 74
 1 18 43 54 55 72 73
 1 18 43 47 56
 1 18 43 47 54 55
 1 18 41 56 72 74
 1 18 41 56 72 73
 1 18 41 56 70 71 74
 1 18 41 56 70 71 72 73
 1 18 41 47 56 72
 1 18 41 47 56 70 71
 1 18 41 45 56 74
 1 18 41 45 56 72 73
 1 18 41 45 47 56
 1 18 39 40 56 72 74
 1 18 39 40 56 72 73
 1 18 39 40 56 70 71 74
 1 18 39 40 56 70 71 72 73
 1 18 39 40 47 56 72
 1 18 39 40 47 56 70 71
 1 18 39 40 45 56 74
 1 18 39 40 45 56 72 73
 1 18 39 40 45 47 56
 1 18 29 70 74
 1 18 29 70 72 73
 1 18 29 68 69 74
 1 18 29 68 69 72 73
 1 18 29 47 70
 1 18 29 47 68 69
 1 18 29 43 74
 1 18 29 43 72 73
 1 18 29 43 47
 1 14 56
 1 14 45 56 74
 1 14 45 56 72 74
 1 14 45 56 70 71 74
 1 14 45 56 70 71 72 73
 1 14 45 47 56
 1 14 45 47 56 72
 1 14 45 47 56 70 71
 1 14 43 44 56 72 74
 1 14 43 44 56 72 73
 1 14 43 44 56 70 71 74
 1 14 43 44 56 70 71 72 73
 1 14 43 44 47 56 72
 1 14 43 44 47 56 70 71
 1 14 43 44 45 56 74
 1 14 43 44 45 56 72 73
 1 14 43 44 45 47 56
 1 14 18 56 72 74
 1 14 18 56 72 73
 1 14 18 56 70 71 74
 1 14 18 56 70 71 72 73
 1 14 18 47 56 72
 1 14 18 47 56 70 71
 1 14 18 45 56 74
 1 14 18 45 56 72 73
 1 14 18 45 47 56
