 58 72
 58 70 71
 58 68 70 72
 58 68 70 71
 58 68 69 72
 58 68 69 70 71
 57 58 68 70 72
 57 58 68 70 71
 57 58 68 69 72
 57 58 68 69 70 71
 45 58
 45 58 68 70
 45 58 68 69
 45 57 58 68 70
 45 57 58 68 69
 43 58 68 72
 43 58 68 70 71
 43 57 58 68 72
 43 57 58 68 70 71
 43 45 58 68
 43 45 57 58 68
 41 58 70 72
 41 58 70 71
 41 58 68 69 72
 41 58 68 69 70 71
 41 57 58 70 72
 41 57 58 70 71
 41 57 58 68 69 72
 41 57 58 68 69 70 71
 41 56 57
 41 56 57 72
 41 56 57 70 71
 41 56 57 58
 41 56 57 58 72
 41 56 57 58 70 71
 41 54 58 72
 41 54 58 70 71
 41 54 56 57 58 72
 41 54 56 57 58 70 71
 41 52 53 58 72
 41 52 53 58 70 71
 41 52 53 56 57 58 72
 41 52 53 56 57 58 70 71
 41 47 54 58
 41 47 54 56 57 58
 41 47 52 53 58
 41 47 52 53 56 57 58
 41 45 58 70
 41 45 58 68 69
 41 45 58 62
 41 45 58 62 72
 41 45 58 62 70 71
 41 45 57 58 70
 41 45 57 58 68 69
 41 45 56 57
 41 45 56 57 58
 41 45 56 57 58 62
 41 45 56 57 58 62 72
 41 45 56 57 58 62 70 71
 41 45 54 58
 41 45 54 56 57 58
 41 45 52 53 58
 41 45 52 53 56 57 58
 41 45 46 54 58
 41 45 46 54 56 57 58
 41 45 46 52 53 58
 41 45 46 52 53 56 57 58
 41 43 58 72
 41 43 58 70 71
 41 43 57 58 72
 41 43 57 58 70 71
 41 43 45 58
 41 43 45 57 58
 41 43 44 58 62 72
 41 43 44 58 62 70 71
 41 43 44 56 57 58 62 72
 41 43 44 56 57 58 62 70 71
 41 43 44 45 58 62
 41 43 44 45 56 57 58 62
 39 40 58 70 72
 39 40 58 70 71
 39 40 58 68 69 72
 39 40 58 68 69 70 71
 39 40 57 58 70 72
 39 40 57 58 70 71
 39 40 57 58 68 69 72
 39 40 57 58 68 69 70 71
 39 40 56 57
 39 40 56 57 72
 39 40 56 57 70 71
 39 40 56 57 58
 39 40 56 57 58 72
 39 40 56 57 58 70 71
 39 40 54 58 72
 39 40 54 58 70 71
 39 40 54 56 57 58 72
 39 40 54 56 57 58 70 71
 39 40 52 53 58 72
 39 40 52 53 58 70 71
 39 40 52 53 56 57 58 72
 39 40 52 53 56 57 58 70 71
 39 40 47 54 58
 39 40 47 54 56 57 58
 39 40 47 52 53 58
 39 40 47 52 53 56 57 58
 39 40 45 58 70
 39 40 45 58 68 69
 39 40 45 58 62
 39 40 45 58 62 72
 39 40 45 58 62 70 71
 39 40 45 57 58 70
 39 40 45 57 58 68 69
 39 40 45 56 57
 39 40 45 56 57 58
 39 40 45 56 57 58 62
 39 40 45 56 57 58 62 72
 39 40 45 56 57 58 62 70 71
 39 40 45 54 58
 39 40 45 54 56 57 58
 39 40 45 52 53 58
 39 40 45 52 53 56 57 58
 39 40 45 46 54 58
 39 40 45 46 54 56 57 58
 39 40 45 46 52 53 58
 39 40 45 46 52 53 56 57 58
 39 40 43 58 72
 39 40 43 58 70 71
 39 40 43 57 58 72
 39 40 43 57 58 70 71
 39 40 43 45 58
 39 40 43 45 57 58
 39 40 43 44 58 62 72
 39 40 43 44 58 62 70 71
 39 40 43 44 56 57 58 62 72
 39 40 43 44 56 57 58 62 70 71
 39 40 43 44 45 58 62
 39 40 43 44 45 56 57 58 62
 37 41 58
 37 41 58 72
 37 41 58 70 71
 37 41 56 57
 37 41 56 57 72
 37 41 56 57 70 71
 37 41 45 58
 37 41 45 56 57
 37 39 40 58
 37 39 40 58 72
 37 39 40 58 70 71
 37 39 40 56 57
 37 39 40 56 57 72
 37 39 40 56 57 70 71
 37 39 40 45 58
 37 39 40 45 56 57
 35 41 45 58 64 70
 35 41 45 58 64 68 69
 35 41 45 56 57 64 70
 35 41 45 56 57 64 68 69
 35 41 43 45 58 64
 35 41 43 45 56 57 64
 35 41 43 44 58 64
 35 41 43 44 58 64 70
 35 41 43 44 58 64 68 69
 35 41 43 44 56 57 64
 35 41 43 44 56 57 64 70
 35 41 43 44 56 57 64 68 69
 35 39 40 45 58 64 70
 35 39 40 45 58 64 68 69
 35 39 40 45 56 57 64 70
 35 39 40 45 56 57 64 68 69
 35 39 40 43 45 58 64
 35 39 40 43 45 56 57 64
 35 39 40 43 44 58 64
 35 39 40 43 44 58 64 70
 35 39 40 43 44 58 64 68 69
 35 39 40 43 44 56 57 64
 35 39 40 43 44 56 57 64 70
 35 39 40 43 44 56 57 64 68 69
 31 68 70 72
 31 68 70 71
 31 68 69 72
 31 68 69 70 71
 31 57 68 70 72
 31 57 68 70 71
 31 57 68 69 72
 31 57 68 69 70 71
 31 45 68 70
 31 45 68 69
 31 45 57 68 70
 31 45 57 68 69
 31 43 68 72
 31 43 68 70 71
 31 43 57 68 72
 31 43 57 68 70 71
 31 43 45 68
 31 43 45 57 68
 31 41
 31 41 72
 31 41 70 72
 31 41 68 69 72
 31 41 68 69 70 71
 31 41 58
 31 41 58 72
 31 41 58 70 71
 31 41 57 70 72
 31 41 57 70 71
 31 41 57 68 69 72
 31 41 57 68 69 70 71
 31 41 54 58 72
 31 41 54 58 70 71
 31 41 52 53 58 72
 31 41 52 53 58 70 71
 31 41 47 54 58
 31 41 47 52 53 58
 31 41 45
 31 41 45 70
 31 41 45 68 69
 31 41 45 58
 31 41 45 58 62
 31 41 45 58 62 72
 31 41 45 58 62 70 71
 31 41 45 57 70
 31 41 45 57 68 69
 31 41 45 54 58
 31 41 45 52 53 58
 31 41 45 46 54 58
 31 41 45 46 52 53 58
 31 41 43 72
 31 41 43 70 71
 31 41 43 57 72
 31 41 43 57 70 71
 31 41 43 45
 31 41 43 45 57
 31 41 43 44 58 62 72
 31 41 43 44 58 62 70 71
 31 41 43 44 45 58 62
 31 39 40
 31 39 40 72
 31 39 40 70 72
 31 39 40 68 69 72
 31 39 40 68 69 70 71
 31 39 40 58
 31 39 40 58 72
 31 39 40 58 70 71
 31 39 40 57 70 72
 31 39 40 57 70 71
 31 39 40 57 68 69 72
 31 39 40 57 68 69 70 71
 31 39 40 54 58 72
 31 39 40 54 58 70 71
 31 39 40 52 53 58 72
 31 39 40 52 53 58 70 71
 31 39 40 47 54 58
 31 39 40 47 52 53 58
 31 39 40 45
 31 39 40 45 70
 31 39 40 45 68 69
 31 39 40 45 58
 31 39 40 45 58 62
 31 39 40 45 58 62 72
 31 39 40 45 58 62 70 71
 31 39 40 45 57 70
 31 39 40 45 57 68 69
 31 39 40 45 54 58
 31 39 40 45 52 53 58
 31 39 40 45 46 54 58
 31 39 40 45 46 52 53 58
 31 39 40 43 72
 31 39 40 43 70 71
 31 39 40 43 57 72
 31 39 40 43 57 70 71
 31 39 40 43 45
 31 39 40 43 45 57
 31 39 40 43 44 58 62 72
 31 39 40 43 44 58 62 70 71
 31 39 40 43 44 45 58 62
 31 37 41
 31 37 41 72
 31 37 41 70 71
 31 37 41 45
 31 37 39 40
 31 37 39 40 72
 31 37 39 40 70 71
 31 37 39 40 45
 31 35 41 45 64 70
 31 35 41 45 64 68 69
 31 35 41 43 45 64
 31 35 41 43 44 64
 31 35 41 43 44 64 70
 31 35 41 43 44 64 68 69
 31 35 39 40 45 64 70
 31 35 39 40 45 64 68 69
 31 35 39 40 43 45 64
 31 35 39 40 43 44 64
 31 35 39 40 43 44 64 70
 31 35 39 40 43 44 64 68 69
 30 41 45 54 58 62
 30 41 45 54 56 57 58 62
 30 41 45 52 53 58 62
 30 41 45 52 53 56 57 58 62
 30 41 43 44 54 58 62
 30 41 43 44 54 56 57 58 62
 30 41 43 44 52 53 58 62
 30 41 43 44 52 53 56 57 58 62
 30 39 40 45 54 58 62
 30 39 40 45 54 56 57 58 62
 30 39 40 45 52 53 58 62
 30 39 40 45 52 53 56 57 58 62
 30 39 40 43 44 54 58 62
 30 39 40 43 44 54 56 57 58 62
 30 39 40 43 44 52 53 58 62
 30 39 40 43 44 52 53 56 57 58 62
 30 31 41 45 54 58 62
 30 31 41 45 52 53 58 62
 30 31 41 43 44 54 58 62
 30 31 41 43 44 52 53 58 62
 30 31 39 40 45 54 58 62
 30 31 39 40 45 52 53 58 62
 30 31 39 40 43 44 54 58 62
 30 31 39 40 43 44 52 53 58 62
 28 68
 28 58 72
 28 58 70 71
 28 56 57 72
 28 56 57 70 71
 28 45 58
 28 45 56 57
 28 41
 28 41 72
 28 41 70 71
 28 41 57 72
 28 41 57 70 71
 28 41 47 54 58
 28 41 47 52 53 58
 28 41 45
 28 41 45 57
 28 41 45 56
 28 41 45 56 72
 28 41 45 56 70 71
 28 41 45 54 58 62
 28 41 45 54 58 62 74
 28 41 45 54 58 62 72
 28 41 45 54 58 62 72 73
 28 41 45 54 58 62 70 71
 28 41 45 54 56 57 58 62
 28 41 45 54 56 57 58 62 74
 28 41 45 54 56 57 58 62 72
 28 41 45 54 56 57 58 62 72 73
 28 41 45 54 56 57 58 62 70 71
 28 41 45 52 53 58 62
 28 41 45 52 53 58 62 74
 28 41 45 52 53 58 62 72
 28 41 45 52 53 58 62 72 73
 28 41 45 52 53 58 62 70 71
 28 41 45 52 53 56 57 58 62
 28 41 45 52 53 56 57 58 62 74
 28 41 45 52 53 56 57 58 62 72
 28 41 45 52 53 56 57 58 62 72 73
 28 41 45 52 53 56 57 58 62 70 71
 28 41 45 47 54 58 62
 28 41 45 47 54 56 57 58 62
 28 41 45 47 52 53 58 62
 28 41 45 47 52 53 56 57 58 62
 28 41 45 46 54 58
 28 41 45 46 52 53 58
 28 41 43 44 56 72
 28 41 43 44 56 70 71
 28 41 43 44 54 58 62 74
 28 41 43 44 54 58 62 72
 28 41 43 44 54 58 62 72 73
 28 41 43 44 54 58 62 70 71
 28 41 43 44 54 56 57 58 62 74
 28 41 43 44 54 56 57 58 62 72
 28 41 43 44 54 56 57 58 62 72 73
 28 41 43 44 54 56 57 58 62 70 71
 28 41 43 44 52 53 58 62 74
 28 41 43 44 52 53 58 62 72
 28 41 43 44 52 53 58 62 72 73
 28 41 43 44 52 53 58 62 70 71
 28 41 43 44 52 53 56 57 58 62 74
 28 41 43 44 52 53 56 57 58 62 72
 28 41 43 44 52 53 56 57 58 62 72 73
 28 41 43 44 52 53 56 57 58 62 70 71
 28 41 43 44 47 54 58 62
 28 41 43 44 47 54 56 57 58 62
 28 41 43 44 47 52 53 58 62
 28 41 43 44 47 52 53 56 57 58 62
 28 41 43 44 45 56
 28 41 43 44 45 54 58 62
 28 41 43 44 45 54 56 57 58 62
 28 41 43 44 45 52 53 58 62
 28 41 43 44 45 52 53 56 57 58 62
 28 39 40
 28 39 40 72
 28 39 40 70 71
 28 39 40 57 72
 28 39 40 57 70 71
 28 39 40 47 54 58
 28 39 40 47 52 53 58
 28 39 40 45
 28 39 40 45 57
 28 39 40 45 56
 28 39 40 45 56 72
 28 39 40 45 56 70 71
 28 39 40 45 54 58 62
 28 39 40 45 54 58 62 74
 28 39 40 45 54 58 62 72
 28 39 40 45 54 58 62 72 73
 28 39 40 45 54 58 62 70 71
 28 39 40 45 54 56 57 58 62
 28 39 40 45 54 56 57 58 62 74
 28 39 40 45 54 56 57 58 62 72
 28 39 40 45 54 56 57 58 62 72 73
 28 39 40 45 54 56 57 58 62 70 71
 28 39 40 45 52 53 58 62
 28 39 40 45 52 53 58 62 74
 28 39 40 45 52 53 58 62 72
 28 39 40 45 52 53 58 62 72 73
 28 39 40 45 52 53 58 62 70 71
 28 39 40 45 52 53 56 57 58 62
 28 39 40 45 52 53 56 57 58 62 74
 28 39 40 45 52 53 56 57 58 62 72
 28 39 40 45 52 53 56 57 58 62 72 73
 28 39 40 45 52 53 56 57 58 62 70 71
 28 39 40 45 47 54 58 62
 28 39 40 45 47 54 56 57 58 62
 28 39 40 45 47 52 53 58 62
 28 39 40 45 47 52 53 56 57 58 62
 28 39 40 45 46 54 58
 28 39 40 45 46 52 53 58
 28 39 40 43 44 56 72
 28 39 40 43 44 56 70 71
 28 39 40 43 44 54 58 62 74
 28 39 40 43 44 54 58 62 72
 28 39 40 43 44 54 58 62 72 73
 28 39 40 43 44 54 58 62 70 71
 28 39 40 43 44 54 56 57 58 62 74
 28 39 40 43 44 54 56 57 58 62 72
 28 39 40 43 44 54 56 57 58 62 72 73
 28 39 40 43 44 54 56 57 58 62 70 71
 28 39 40 43 44 52 53 58 62 74
 28 39 40 43 44 52 53 58 62 72
 28 39 40 43 44 52 53 58 62 72 73
 28 39 40 43 44 52 53 58 62 70 71
 28 39 40 43 44 52 53 56 57 58 62 74
 28 39 40 43 44 52 53 56 57 58 62 72
 28 39 40 43 44 52 53 56 57 58 62 72 73
 28 39 40 43 44 52 53 56 57 58 62 70 71
 28 39 40 43 44 47 54 58 62
 28 39 40 43 44 47 54 56 57 58 62
 28 39 40 43 44 47 52 53 58 62
 28 39 40 43 44 47 52 53 56 57 58 62
 28 39 40 43 44 45 56
 28 39 40 43 44 45 54 58 62
 28 39 40 43 44 45 54 56 57 58 62
 28 39 40 43 44 45 52 53 58 62
 28 39 40 43 44 45 52 53 56 57 58 62
 28 31 72
 28 31 70 71
 28 31 45
 28 31 41 45 54 58 62
 28 31 41 45 54 58 62 74
 28 31 41 45 54 58 62 72
 28 31 41 45 54 58 62 72 73
 28 31 41 45 54 58 62 70 71
 28 31 41 45 52 53 58 62
 28 31 41 45 52 53 58 62 74
 28 31 41 45 52 53 58 62 72
 28 31 41 45 52 53 58 62 72 73
 28 31 41 45 52 53 58 62 70 71
 28 31 41 45 47 54 58 62
 28 31 41 45 47 52 53 58 62
 28 31 41 43 44 54 58 62 74
 28 31 41 43 44 54 58 62 72
 28 31 41 43 44 54 58 62 72 73
 28 31 41 43 44 54 58 62 70 71
 28 31 41 43 44 52 53 58 62 74
 28 31 41 43 44 52 53 58 62 72
 28 31 41 43 44 52 53 58 62 72 73
 28 31 41 43 44 52 53 58 62 70 71
 28 31 41 43 44 47 54 58 62
 28 31 41 43 44 47 52 53 58 62
 28 31 41 43 44 45 54 58 62
 28 31 41 43 44 45 52 53 58 62
 28 31 39 40 45 54 58 62
 28 31 39 40 45 54 58 62 74
 28 31 39 40 45 54 58 62 72
 28 31 39 40 45 54 58 62 72 73
 28 31 39 40 45 54 58 62 70 71
 28 31 39 40 45 52 53 58 62
 28 31 39 40 45 52 53 58 62 74
 28 31 39 40 45 52 53 58 62 72
 28 31 39 40 45 52 53 58 62 72 73
 28 31 39 40 45 52 53 58 62 70 71
 28 31 39 40 45 47 54 58 62
 28 31 39 40 45 47 52 53 58 62
 28 31 39 40 43 44 54 58 62 74
 28 31 39 40 43 44 54 58 62 72
 28 31 39 40 43 44 54 58 62 72 73
 28 31 39 40 43 44 54 58 62 70 71
 28 31 39 40 43 44 52 53 58 62 74
 28 31 39 40 43 44 52 53 58 62 72
 28 31 39 40 43 44 52 53 58 62 72 73
 28 31 39 40 43 44 52 53 58 62 70 71
 28 31 39 40 43 44 47 54 58 62
 28 31 39 40 43 44 47 52 53 58 62
 28 31 39 40 43 44 45 54 58 62
 28 31 39 40 43 44 45 52 53 58 62
 28 29 41 45 54 58 62
 28 29 41 45 54 56 57 58 62
 28 29 41 45 52 53 58 62
 28 29 41 45 52 53 56 57 58 62
 28 29 41 43 44 54 58 62
 28 29 41 43 44 54 56 57 58 62
 28 29 41 43 44 52 53 58 62
 28 29 41 43 44 52 53 56 57 58 62
 28 29 39 40 45 54 58 62
 28 29 39 40 45 54 56 57 58 62
 28 29 39 40 45 52 53 58 62
 28 29 39 40 45 52 53 56 57 58 62
 28 29 39 40 43 44 54 58 62
 28 29 39 40 43 44 54 56 57 58 62
 28 29 39 40 43 44 52 53 58 62
 28 29 39 40 43 44 52 53 56 57 58 62
 28 29 31 41 45 54 58 62
 28 29 31 41 45 52 53 58 62
 28 29 31 41 43 44 54 58 62
 28 29 31 41 43 44 52 53 58 62
 28 29 31 39 40 45 54 58 62
 28 29 31 39 40 45 52 53 58 62
 28 29 31 39 40 43 44 54 58 62
 28 29 31 39 40 43 44 52 53 58 62
 27 41 58 72
 27 41 58 70 71
 27 41 56 57 58 72
 27 41 56 57 58 70 71
 27 41 47 58
 27 41 47 56 57 58
 27 41 45 58
 27 41 45 56 57 58
 27 41 45 46 58
 27 41 45 46 56 57 58
 27 39 40 58 72
 27 39 40 58 70 71
 27 39 40 56 57 58 72
 27 39 40 56 57 58 70 71
 27 39 40 47 58
 27 39 40 47 56 57 58
 27 39 40 45 58
 27 39 40 45 56 57 58
 27 39 40 45 46 58
 27 39 40 45 46 56 57 58
 27 31 41 58 72
 27 31 41 58 70 71
 27 31 41 47 58
 27 31 41 45 58
 27 31 41 45 46 58
 27 31 39 40 58 72
 27 31 39 40 58 70 71
 27 31 39 40 47 58
 27 31 39 40 45 58
 27 31 39 40 45 46 58
 27 30 41 45 58 62
 27 30 41 45 56 57 58 62
 27 30 41 43 44 58 62
 27 30 41 43 44 56 57 58 62
 27 30 39 40 45 58 62
 27 30 39 40 45 56 57 58 62
 27 30 39 40 43 44 58 62
 27 30 39 40 43 44 56 57 58 62
 27 30 31 41 45 58 62
 27 30 31 41 43 44 58 62
 27 30 31 39 40 45 58 62
 27 30 31 39 40 43 44 58 62
 27 28 41 47 58
 27 28 41 45 58 62
 27 28 41 45 58 62 74
 27 28 41 45 58 62 72
 27 28 41 45 58 62 72 73
 27 28 41 45 58 62 70 71
 27 28 41 45 56 57 58 62
 27 28 41 45 56 57 58 62 74
 27 28 41 45 56 57 58 62 72
 27 28 41 45 56 57 58 62 72 73
 27 28 41 45 56 57 58 62 70 71
 27 28 41 45 47 58 62
 27 28 41 45 47 56 57 58 62
 27 28 41 45 46 58
 27 28 41 43 44 58 62 74
 27 28 41 43 44 58 62 72
 27 28 41 43 44 58 62 72 73
 27 28 41 43 44 58 62 70 71
 27 28 41 43 44 56 57 58 62 74
 27 28 41 43 44 56 57 58 62 72
 27 28 41 43 44 56 57 58 62 72 73
 27 28 41 43 44 56 57 58 62 70 71
 27 28 41 43 44 47 58 62
 27 28 41 43 44 47 56 57 58 62
 27 28 41 43 44 45 58 62
 27 28 41 43 44 45 56 57 58 62
 27 28 39 40 47 58
 27 28 39 40 45 58 62
 27 28 39 40 45 58 62 74
 27 28 39 40 45 58 62 72
 27 28 39 40 45 58 62 72 73
 27 28 39 40 45 58 62 70 71
 27 28 39 40 45 56 57 58 62
 27 28 39 40 45 56 57 58 62 74
 27 28 39 40 45 56 57 58 62 72
 27 28 39 40 45 56 57 58 62 72 73
 27 28 39 40 45 56 57 58 62 70 71
 27 28 39 40 45 47 58 62
 27 28 39 40 45 47 56 57 58 62
 27 28 39 40 45 46 58
 27 28 39 40 43 44 58 62 74
 27 28 39 40 43 44 58 62 72
 27 28 39 40 43 44 58 62 72 73
 27 28 39 40 43 44 58 62 70 71
 27 28 39 40 43 44 56 57 58 62 74
 27 28 39 40 43 44 56 57 58 62 72
 27 28 39 40 43 44 56 57 58 62 72 73
 27 28 39 40 43 44 56 57 58 62 70 71
 27 28 39 40 43 44 47 58 62
 27 28 39 40 43 44 47 56 57 58 62
 27 28 39 40 43 44 45 58 62
 27 28 39 40 43 44 45 56 57 58 62
 27 28 31 41 45 58 62
 27 28 31 41 45 58 62 74
 27 28 31 41 45 58 62 72
 27 28 31 41 45 58 62 72 73
 27 28 31 41 45 58 62 70 71
 27 28 31 41 45 47 58 62
 27 28 31 41 43 44 58 62 74
 27 28 31 41 43 44 58 62 72
 27 28 31 41 43 44 58 62 72 73
 27 28 31 41 43 44 58 62 70 71
 27 28 31 41 43 44 47 58 62
 27 28 31 41 43 44 45 58 62
 27 28 31 39 40 45 58 62
 27 28 31 39 40 45 58 62 74
 27 28 31 39 40 45 58 62 72
 27 28 31 39 40 45 58 62 72 73
 27 28 31 39 40 45 58 62 70 71
 27 28 31 39 40 45 47 58 62
 27 28 31 39 40 43 44 58 62 74
 27 28 31 39 40 43 44 58 62 72
 27 28 31 39 40 43 44 58 62 72 73
 27 28 31 39 40 43 44 58 62 70 71
 27 28 31 39 40 43 44 47 58 62
 27 28 31 39 40 43 44 45 58 62
 27 28 29 41 45 58 62
 27 28 29 41 45 56 57 58 62
 27 28 29 41 43 44 58 62
 27 28 29 41 43 44 56 57 58 62
 27 28 29 39 40 45 58 62
 27 28 29 39 40 45 56 57 58 62
 27 28 29 39 40 43 44 58 62
 27 28 29 39 40 43 44 56 57 58 62
 27 28 29 31 41 45 58 62
 27 28 29 31 41 43 44 58 62
 27 28 29 31 39 40 45 58 62
 27 28 29 31 39 40 43 44 58 62
 26 58 70 72
 26 58 70 71
 26 58 68 69 72
 26 58 68 69 70 71
 26 57 58 70 72
 26 57 58 70 71
 26 57 58 68 69 72
 26 57 58 68 69 70 71
 26 45 58 70
 26 45 58 68 69
 26 45 57 58 70
 26 45 57 58 68 69
 26 43 58 72
 26 43 58 70 71
 26 43 57 58 72
 26 43 57 58 70 71
 26 43 45 58
 26 43 45 57 58
 26 31 70 72
 26 31 70 71
 26 31 68 69 72
 26 31 68 69 70 71
 26 31 57 70 72
 26 31 57 70 71
 26 31 57 68 69 72
 26 31 57 68 69 70 71
 26 31 45 70
 26 31 45 68 69
 26 31 45 57 70
 26 31 45 57 68 69
 26 31 43 72
 26 31 43 70 71
 26 31 43 57 72
 26 31 43 57 70 71
 26 31 43 45
 26 31 43 45 57
 26 28
 26 27
 26 27 68
 26 27 58 72
 26 27 58 70 71
 26 27 56 57 72
 26 27 56 57 70 71
 26 27 45 58
 26 27 45 56 57
 26 27 41
 26 27 41 72
 26 27 41 70 71
 26 27 41 57 72
 26 27 41 57 70 71
 26 27 41 47 58
 26 27 41 47 54 58
 26 27 41 47 52 53 58
 26 27 41 45
 26 27 41 45 58 62
 26 27 41 45 58 62 74
 26 27 41 45 58 62 72
 26 27 41 45 58 62 72 73
 26 27 41 45 58 62 70 71
 26 27 41 45 57
 26 27 41 45 56
 26 27 41 45 56 72
 26 27 41 45 56 70 71
 26 27 41 45 56 57 58 62
 26 27 41 45 56 57 58 62 74
 26 27 41 45 56 57 58 62 72
 26 27 41 45 56 57 58 62 72 73
 26 27 41 45 56 57 58 62 70 71
 26 27 41 45 54 58 62
 26 27 41 45 54 58 62 74
 26 27 41 45 54 58 62 72
 26 27 41 45 54 58 62 72 73
 26 27 41 45 54 58 62 70 71
 26 27 41 45 54 56 57 58 62
 26 27 41 45 54 56 57 58 62 74
 26 27 41 45 54 56 57 58 62 72
 26 27 41 45 54 56 57 58 62 72 73
 26 27 41 45 54 56 57 58 62 70 71
 26 27 41 45 52 53 58 62
 26 27 41 45 52 53 58 62 74
 26 27 41 45 52 53 58 62 72
 26 27 41 45 52 53 58 62 72 73
 26 27 41 45 52 53 58 62 70 71
 26 27 41 45 52 53 56 57 58 62
 26 27 41 45 52 53 56 57 58 62 74
 26 27 41 45 52 53 56 57 58 62 72
 26 27 41 45 52 53 56 57 58 62 72 73
 26 27 41 45 52 53 56 57 58 62 70 71
 26 27 41 45 47 58 62
 26 27 41 45 47 56 57 58 62
 26 27 41 45 47 54 58 62
 26 27 41 45 47 54 56 57 58 62
 26 27 41 45 47 52 53 58 62
 26 27 41 45 47 52 53 56 57 58 62
 26 27 41 45 46 58
 26 27 41 45 46 54 58
 26 27 41 45 46 52 53 58
 26 27 41 43 44 58 62 74
 26 27 41 43 44 58 62 72
 26 27 41 43 44 58 62 72 73
 26 27 41 43 44 58 62 70 71
 26 27 41 43 44 56 72
 26 27 41 43 44 56 70 71
 26 27 41 43 44 56 57 58 62 74
 26 27 41 43 44 56 57 58 62 72
 26 27 41 43 44 56 57 58 62 72 73
 26 27 41 43 44 56 57 58 62 70 71
 26 27 41 43 44 54 58 62 74
 26 27 41 43 44 54 58 62 72
 26 27 41 43 44 54 58 62 72 73
 26 27 41 43 44 54 58 62 70 71
 26 27 41 43 44 54 56 57 58 62 74
 26 27 41 43 44 54 56 57 58 62 72
 26 27 41 43 44 54 56 57 58 62 72 73
 26 27 41 43 44 54 56 57 58 62 70 71
 26 27 41 43 44 52 53 58 62 74
 26 27 41 43 44 52 53 58 62 72
 26 27 41 43 44 52 53 58 62 72 73
 26 27 41 43 44 52 53 58 62 70 71
 26 27 41 43 44 52 53 56 57 58 62 74
 26 27 41 43 44 52 53 56 57 58 62 72
 26 27 41 43 44 52 53 56 57 58 62 72 73
 26 27 41 43 44 52 53 56 57 58 62 70 71
 26 27 41 43 44 47 58 62
 26 27 41 43 44 47 56 57 58 62
 26 27 41 43 44 47 54 58 62
 26 27 41 43 44 47 54 56 57 58 62
 26 27 41 43 44 47 52 53 58 62
 26 27 41 43 44 47 52 53 56 57 58 62
 26 27 41 43 44 45 58 62
 26 27 41 43 44 45 56
 26 27 41 43 44 45 56 57 58 62
 26 27 41 43 44 45 54 58 62
 26 27 41 43 44 45 54 56 57 58 62
 26 27 41 43 44 45 52 53 58 62
 26 27 41 43 44 45 52 53 56 57 58 62
 26 27 39 40
 26 27 39 40 72
 26 27 39 40 70 71
 26 27 39 40 57 72
 26 27 39 40 57 70 71
 26 27 39 40 47 58
 26 27 39 40 47 54 58
 26 27 39 40 47 52 53 58
 26 27 39 40 45
 26 27 39 40 45 58 62
 26 27 39 40 45 58 62 74
 26 27 39 40 45 58 62 72
 26 27 39 40 45 58 62 72 73
 26 27 39 40 45 58 62 70 71
 26 27 39 40 45 57
 26 27 39 40 45 56
 26 27 39 40 45 56 72
 26 27 39 40 45 56 70 71
 26 27 39 40 45 56 57 58 62
 26 27 39 40 45 56 57 58 62 74
 26 27 39 40 45 56 57 58 62 72
 26 27 39 40 45 56 57 58 62 72 73
 26 27 39 40 45 56 57 58 62 70 71
 26 27 39 40 45 54 58 62
 26 27 39 40 45 54 58 62 74
 26 27 39 40 45 54 58 62 72
 26 27 39 40 45 54 58 62 72 73
 26 27 39 40 45 54 58 62 70 71
 26 27 39 40 45 54 56 57 58 62
 26 27 39 40 45 54 56 57 58 62 74
 26 27 39 40 45 54 56 57 58 62 72
 26 27 39 40 45 54 56 57 58 62 72 73
 26 27 39 40 45 54 56 57 58 62 70 71
 26 27 39 40 45 52 53 58 62
 26 27 39 40 45 52 53 58 62 74
 26 27 39 40 45 52 53 58 62 72
 26 27 39 40 45 52 53 58 62 72 73
 26 27 39 40 45 52 53 58 62 70 71
 26 27 39 40 45 52 53 56 57 58 62
 26 27 39 40 45 52 53 56 57 58 62 74
 26 27 39 40 45 52 53 56 57 58 62 72
 26 27 39 40 45 52 53 56 57 58 62 72 73
 26 27 39 40 45 52 53 56 57 58 62 70 71
 26 27 39 40 45 47 58 62
 26 27 39 40 45 47 56 57 58 62
 26 27 39 40 45 47 54 58 62
 26 27 39 40 45 47 54 56 57 58 62
 26 27 39 40 45 47 52 53 58 62
 26 27 39 40 45 47 52 53 56 57 58 62
 26 27 39 40 45 46 58
 26 27 39 40 45 46 54 58
 26 27 39 40 45 46 52 53 58
 26 27 39 40 43 44 58 62 74
 26 27 39 40 43 44 58 62 72
 26 27 39 40 43 44 58 62 72 73
 26 27 39 40 43 44 58 62 70 71
 26 27 39 40 43 44 56 72
 26 27 39 40 43 44 56 70 71
 26 27 39 40 43 44 56 57 58 62 74
 26 27 39 40 43 44 56 57 58 62 72
 26 27 39 40 43 44 56 57 58 62 72 73
 26 27 39 40 43 44 56 57 58 62 70 71
 26 27 39 40 43 44 54 58 62 74
 26 27 39 40 43 44 54 58 62 72
 26 27 39 40 43 44 54 58 62 72 73
 26 27 39 40 43 44 54 58 62 70 71
 26 27 39 40 43 44 54 56 57 58 62 74
 26 27 39 40 43 44 54 56 57 58 62 72
 26 27 39 40 43 44 54 56 57 58 62 72 73
 26 27 39 40 43 44 54 56 57 58 62 70 71
 26 27 39 40 43 44 52 53 58 62 74
 26 27 39 40 43 44 52 53 58 62 72
 26 27 39 40 43 44 52 53 58 62 72 73
 26 27 39 40 43 44 52 53 58 62 70 71
 26 27 39 40 43 44 52 53 56 57 58 62 74
 26 27 39 40 43 44 52 53 56 57 58 62 72
 26 27 39 40 43 44 52 53 56 57 58 62 72 73
 26 27 39 40 43 44 52 53 56 57 58 62 70 71
 26 27 39 40 43 44 47 58 62
 26 27 39 40 43 44 47 56 57 58 62
 26 27 39 40 43 44 47 54 58 62
 26 27 39 40 43 44 47 54 56 57 58 62
 26 27 39 40 43 44 47 52 53 58 62
 26 27 39 40 43 44 47 52 53 56 57 58 62
 26 27 39 40 43 44 45 58 62
 26 27 39 40 43 44 45 56
 26 27 39 40 43 44 45 56 57 58 62
 26 27 39 40 43 44 45 54 58 62
 26 27 39 40 43 44 45 54 56 57 58 62
 26 27 39 40 43 44 45 52 53 58 62
 26 27 39 40 43 44 45 52 53 56 57 58 62
 26 27 31 72
 26 27 31 70 71
 26 27 31 45
 26 27 31 41 45 58 62
 26 27 31 41 45 58 62 74
 26 27 31 41 45 58 62 72
 26 27 31 41 45 58 62 72 73
 26 27 31 41 45 58 62 70 71
 26 27 31 41 45 54 58 62
 26 27 31 41 45 54 58 62 74
 26 27 31 41 45 54 58 62 72
 26 27 31 41 45 54 58 62 72 73
 26 27 31 41 45 54 58 62 70 71
 26 27 31 41 45 52 53 58 62
 26 27 31 41 45 52 53 58 62 74
 26 27 31 41 45 52 53 58 62 72
 26 27 31 41 45 52 53 58 62 72 73
 26 27 31 41 45 52 53 58 62 70 71
 26 27 31 41 45 47 58 62
 26 27 31 41 45 47 54 58 62
 26 27 31 41 45 47 52 53 58 62
 26 27 31 41 43 44 58 62 74
 26 27 31 41 43 44 58 62 72
 26 27 31 41 43 44 58 62 72 73
 26 27 31 41 43 44 58 62 70 71
 26 27 31 41 43 44 54 58 62 74
 26 27 31 41 43 44 54 58 62 72
 26 27 31 41 43 44 54 58 62 72 73
 26 27 31 41 43 44 54 58 62 70 71
 26 27 31 41 43 44 52 53 58 62 74
 26 27 31 41 43 44 52 53 58 62 72
 26 27 31 41 43 44 52 53 58 62 72 73
 26 27 31 41 43 44 52 53 58 62 70 71
 26 27 31 41 43 44 47 58 62
 26 27 31 41 43 44 47 54 58 62
 26 27 31 41 43 44 47 52 53 58 62
 26 27 31 41 43 44 45 58 62
 26 27 31 41 43 44 45 54 58 62
 26 27 31 41 43 44 45 52 53 58 62
 26 27 31 39 40 45 58 62
 26 27 31 39 40 45 58 62 74
 26 27 31 39 40 45 58 62 72
 26 27 31 39 40 45 58 62 72 73
 26 27 31 39 40 45 58 62 70 71
 26 27 31 39 40 45 54 58 62
 26 27 31 39 40 45 54 58 62 74
 26 27 31 39 40 45 54 58 62 72
 26 27 31 39 40 45 54 58 62 72 73
 26 27 31 39 40 45 54 58 62 70 71
 26 27 31 39 40 45 52 53 58 62
 26 27 31 39 40 45 52 53 58 62 74
 26 27 31 39 40 45 52 53 58 62 72
 26 27 31 39 40 45 52 53 58 62 72 73
 26 27 31 39 40 45 52 53 58 62 70 71
 26 27 31 39 40 45 47 58 62
 26 27 31 39 40 45 47 54 58 62
 26 27 31 39 40 45 47 52 53 58 62
 26 27 31 39 40 43 44 58 62 74
 26 27 31 39 40 43 44 58 62 72
 26 27 31 39 40 43 44 58 62 72 73
 26 27 31 39 40 43 44 58 62 70 71
 26 27 31 39 40 43 44 54 58 62 74
 26 27 31 39 40 43 44 54 58 62 72
 26 27 31 39 40 43 44 54 58 62 72 73
 26 27 31 39 40 43 44 54 58 62 70 71
 26 27 31 39 40 43 44 52 53 58 62 74
 26 27 31 39 40 43 44 52 53 58 62 72
 26 27 31 39 40 43 44 52 53 58 62 72 73
 26 27 31 39 40 43 44 52 53 58 62 70 71
 26 27 31 39 40 43 44 47 58 62
 26 27 31 39 40 43 44 47 54 58 62
 26 27 31 39 40 43 44 47 52 53 58 62
 26 27 31 39 40 43 44 45 58 62
 26 27 31 39 40 43 44 45 54 58 62
 26 27 31 39 40 43 44 45 52 53 58 62
 24 25 58 70 72
 24 25 58 70 71
 24 25 58 68 69 72
 24 25 58 68 69 70 71
 24 25 57 58 70 72
 24 25 57 58 70 71
 24 25 57 58 68 69 72
 24 25 57 58 68 69 70 71
 24 25 45 58 70
 24 25 45 58 68 69
 24 25 45 57 58 70
 24 25 45 57 58 68 69
 24 25 43 58 72
 24 25 43 58 70 71
 24 25 43 57 58 72
 24 25 43 57 58 70 71
 24 25 43 45 58
 24 25 43 45 57 58
 24 25 31 70 72
 24 25 31 70 71
 24 25 31 68 69 72
 24 25 31 68 69 70 71
 24 25 31 57 70 72
 24 25 31 57 70 71
 24 25 31 57 68 69 72
 24 25 31 57 68 69 70 71
 24 25 31 45 70
 24 25 31 45 68 69
 24 25 31 45 57 70
 24 25 31 45 57 68 69
 24 25 31 43 72
 24 25 31 43 70 71
 24 25 31 43 57 72
 24 25 31 43 57 70 71
 24 25 31 43 45
 24 25 31 43 45 57
 24 25 28
 24 25 26 27
 20 41 54 58
 20 41 54 56 57 58
 20 41 52 53 58
 20 41 52 53 56 57 58
 20 39 40 54 58
 20 39 40 54 56 57 58
 20 39 40 52 53 58
 20 39 40 52 53 56 57 58
 20 31 41 54 58
 20 31 41 52 53 58
 20 31 39 40 54 58
 20 31 39 40 52 53 58
 20 28 41 54 58
 20 28 41 52 53 58
 20 28 39 40 54 58
 20 28 39 40 52 53 58
 20 27 41 58
 20 27 41 56 57 58
 20 27 39 40 58
 20 27 39 40 56 57 58
 20 27 31 41 58
 20 27 31 39 40 58
 20 27 28 41 58
 20 27 28 39 40 58
 20 26 27 41 58
 20 26 27 41 54 58
 20 26 27 41 52 53 58
 20 26 27 39 40 58
 20 26 27 39 40 54 58
 20 26 27 39 40 52 53 58
 18 41 58 62 72
 18 41 58 62 70 71
 18 41 56 57 58 62 72
 18 41 56 57 58 62 70 71
 18 41 45 58 62
 18 41 45 56 57 58 62
 18 39 40 58 62 72
 18 39 40 58 62 70 71
 18 39 40 56 57 58 62 72
 18 39 40 56 57 58 62 70 71
 18 39 40 45 58 62
 18 39 40 45 56 57 58 62
 18 35 41 58 64 70
 18 35 41 58 64 68 69
 18 35 41 56 57 64 70
 18 35 41 56 57 64 68 69
 18 35 41 43 58 64
 18 35 41 43 56 57 64
 18 35 39 40 58 64 70
 18 35 39 40 58 64 68 69
 18 35 39 40 56 57 64 70
 18 35 39 40 56 57 64 68 69
 18 35 39 40 43 58 64
 18 35 39 40 43 56 57 64
 18 31 41 58 62 72
 18 31 41 58 62 70 71
 18 31 41 45 58 62
 18 31 39 40 58 62 72
 18 31 39 40 58 62 70 71
 18 31 39 40 45 58 62
 18 31 35 41 64 70
 18 31 35 41 64 68 69
 18 31 35 41 43 64
 18 31 35 39 40 64 70
 18 31 35 39 40 64 68 69
 18 31 35 39 40 43 64
 18 30 41 54 58 62
 18 30 41 54 56 57 58 62
 18 30 41 52 53 58 62
 18 30 41 52 53 56 57 58 62
 18 30 39 40 54 58 62
 18 30 39 40 54 56 57 58 62
 18 30 39 40 52 53 58 62
 18 30 39 40 52 53 56 57 58 62
 18 30 31 41 54 58 62
 18 30 31 41 52 53 58 62
 18 30 31 39 40 54 58 62
 18 30 31 39 40 52 53 58 62
 18 28 41 56 72
 18 28 41 56 70 71
 18 28 41 54 58 62 74
 18 28 41 54 58 62 72
 18 28 41 54 58 62 72 73
 18 28 41 54 58 62 70 71
 18 28 41 54 56 57 58 62 74
 18 28 41 54 56 57 58 62 72
 18 28 41 54 56 57 58 62 72 73
 18 28 41 54 56 57 58 62 70 71
 18 28 41 52 53 58 62 74
 18 28 41 52 53 58 62 72
 18 28 41 52 53 58 62 72 73
 18 28 41 52 53 58 62 70 71
 18 28 41 52 53 56 57 58 62 74
 18 28 41 52 53 56 57 58 62 72
 18 28 41 52 53 56 57 58 62 72 73
 18 28 41 52 53 56 57 58 62 70 71
 18 28 41 47 54 58 62
 18 28 41 47 54 56 57 58 62
 18 28 41 47 52 53 58 62
 18 28 41 47 52 53 56 57 58 62
 18 28 41 45 56
 18 28 41 45 54 58 62
 18 28 41 45 54 56 57 58 62
 18 28 41 45 52 53 58 62
 18 28 41 45 52 53 56 57 58 62
 18 28 39 40 56 72
 18 28 39 40 56 70 71
 18 28 39 40 54 58 62 74
 18 28 39 40 54 58 62 72
 18 28 39 40 54 58 62 72 73
 18 28 39 40 54 58 62 70 71
 18 28 39 40 54 56 57 58 62 74
 18 28 39 40 54 56 57 58 62 72
 18 28 39 40 54 56 57 58 62 72 73
 18 28 39 40 54 56 57 58 62 70 71
 18 28 39 40 52 53 58 62 74
 18 28 39 40 52 53 58 62 72
 18 28 39 40 52 53 58 62 72 73
 18 28 39 40 52 53 58 62 70 71
 18 28 39 40 52 53 56 57 58 62 74
 18 28 39 40 52 53 56 57 58 62 72
 18 28 39 40 52 53 56 57 58 62 72 73
 18 28 39 40 52 53 56 57 58 62 70 71
 18 28 39 40 47 54 58 62
 18 28 39 40 47 54 56 57 58 62
 18 28 39 40 47 52 53 58 62
 18 28 39 40 47 52 53 56 57 58 62
 18 28 39 40 45 56
 18 28 39 40 45 54 58 62
 18 28 39 40 45 54 56 57 58 62
 18 28 39 40 45 52 53 58 62
 18 28 39 40 45 52 53 56 57 58 62
 18 28 31 41 54 58 62 74
 18 28 31 41 54 58 62 72
 18 28 31 41 54 58 62 72 73
 18 28 31 41 54 58 62 70 71
 18 28 31 41 52 53 58 62 74
 18 28 31 41 52 53 58 62 72
 18 28 31 41 52 53 58 62 72 73
 18 28 31 41 52 53 58 62 70 71
 18 28 31 41 47 54 58 62
 18 28 31 41 47 52 53 58 62
 18 28 31 41 45 54 58 62
 18 28 31 41 45 52 53 58 62
 18 28 31 39 40 54 58 62 74
 18 28 31 39 40 54 58 62 72
 18 28 31 39 40 54 58 62 72 73
 18 28 31 39 40 54 58 62 70 71
 18 28 31 39 40 52 53 58 62 74
 18 28 31 39 40 52 53 58 62 72
 18 28 31 39 40 52 53 58 62 72 73
 18 28 31 39 40 52 53 58 62 70 71
 18 28 31 39 40 47 54 58 62
 18 28 31 39 40 47 52 53 58 62
 18 28 31 39 40 45 54 58 62
 18 28 31 39 40 45 52 53 58 62
 18 28 29 41 54 58 62
 18 28 29 41 54 56 57 58 62
 18 28 29 41 52 53 58 62
 18 28 29 41 52 53 56 57 58 62
 18 28 29 39 40 54 58 62
 18 28 29 39 40 54 56 57 58 62
 18 28 29 39 40 52 53 58 62
 18 28 29 39 40 52 53 56 57 58 62
 18 28 29 31 41 54 58 62
 18 28 29 31 41 52 53 58 62
 18 28 29 31 39 40 54 58 62
 18 28 29 31 39 40 52 53 58 62
 18 27 30 41 58 62
 18 27 30 41 56 57 58 62
 18 27 30 39 40 58 62
 18 27 30 39 40 56 57 58 62
 18 27 30 31 41 58 62
 18 27 30 31 39 40 58 62
 18 27 28 41 58 62 74
 18 27 28 41 58 62 72
 18 27 28 41 58 62 72 73
 18 27 28 41 58 62 70 71
 18 27 28 41 56 57 58 62 74
 18 27 28 41 56 57 58 62 72
 18 27 28 41 56 57 58 62 72 73
 18 27 28 41 56 57 58 62 70 71
 18 27 28 41 47 58 62
 18 27 28 41 47 56 57 58 62
 18 27 28 41 45 58 62
 18 27 28 41 45 56 57 58 62
 18 27 28 39 40 58 62 74
 18 27 28 39 40 58 62 72
 18 27 28 39 40 58 62 72 73
 18 27 28 39 40 58 62 70 71
 18 27 28 39 40 56 57 58 62 74
 18 27 28 39 40 56 57 58 62 72
 18 27 28 39 40 56 57 58 62 72 73
 18 27 28 39 40 56 57 58 62 70 71
 18 27 28 39 40 47 58 62
 18 27 28 39 40 47 56 57 58 62
 18 27 28 39 40 45 58 62
 18 27 28 39 40 45 56 57 58 62
 18 27 28 31 41 58 62 74
 18 27 28 31 41 58 62 72
 18 27 28 31 41 58 62 72 73
 18 27 28 31 41 58 62 70 71
 18 27 28 31 41 47 58 62
 18 27 28 31 41 45 58 62
 18 27 28 31 39 40 58 62 74
 18 27 28 31 39 40 58 62 72
 18 27 28 31 39 40 58 62 72 73
 18 27 28 31 39 40 58 62 70 71
 18 27 28 31 39 40 47 58 62
 18 27 28 31 39 40 45 58 62
 18 27 28 29 41 58 62
 18 27 28 29 41 56 57 58 62
 18 27 28 29 39 40 58 62
 18 27 28 29 39 40 56 57 58 62
 18 27 28 29 31 41 58 62
 18 27 28 29 31 39 40 58 62
 18 26 27 41 58 62 74
 18 26 27 41 58 62 72
 18 26 27 41 58 62 72 73
 18 26 27 41 58 62 70 71
 18 26 27 41 56 72
 18 26 27 41 56 70 71
 18 26 27 41 56 57 58 62 74
 18 26 27 41 56 57 58 62 72
 18 26 27 41 56 57 58 62 72 73
 18 26 27 41 56 57 58 62 70 71
 18 26 27 41 54 58 62 74
 18 26 27 41 54 58 62 72
 18 26 27 41 54 58 62 72 73
 18 26 27 41 54 58 62 70 71
 18 26 27 41 54 56 57 58 62 74
 18 26 27 41 54 56 57 58 62 72
 18 26 27 41 54 56 57 58 62 72 73
 18 26 27 41 54 56 57 58 62 70 71
 18 26 27 41 52 53 58 62 74
 18 26 27 41 52 53 58 62 72
 18 26 27 41 52 53 58 62 72 73
 18 26 27 41 52 53 58 62 70 71
 18 26 27 41 52 53 56 57 58 62 74
 18 26 27 41 52 53 56 57 58 62 72
 18 26 27 41 52 53 56 57 58 62 72 73
 18 26 27 41 52 53 56 57 58 62 70 71
 18 26 27 41 47 58 62
 18 26 27 41 47 56 57 58 62
 18 26 27 41 47 54 58 62
 18 26 27 41 47 54 56 57 58 62
 18 26 27 41 47 52 53 58 62
 18 26 27 41 47 52 53 56 57 58 62
 18 26 27 41 45 58 62
 18 26 27 41 45 56
 18 26 27 41 45 56 57 58 62
 18 26 27 41 45 54 58 62
 18 26 27 41 45 54 56 57 58 62
 18 26 27 41 45 52 53 58 62
 18 26 27 41 45 52 53 56 57 58 62
 18 26 27 39 40 58 62 74
 18 26 27 39 40 58 62 72
 18 26 27 39 40 58 62 72 73
 18 26 27 39 40 58 62 70 71
 18 26 27 39 40 56 72
 18 26 27 39 40 56 70 71
 18 26 27 39 40 56 57 58 62 74
 18 26 27 39 40 56 57 58 62 72
 18 26 27 39 40 56 57 58 62 72 73
 18 26 27 39 40 56 57 58 62 70 71
 18 26 27 39 40 54 58 62 74
 18 26 27 39 40 54 58 62 72
 18 26 27 39 40 54 58 62 72 73
 18 26 27 39 40 54 58 62 70 71
 18 26 27 39 40 54 56 57 58 62 74
 18 26 27 39 40 54 56 57 58 62 72
 18 26 27 39 40 54 56 57 58 62 72 73
 18 26 27 39 40 54 56 57 58 62 70 71
 18 26 27 39 40 52 53 58 62 74
 18 26 27 39 40 52 53 58 62 72
 18 26 27 39 40 52 53 58 62 72 73
 18 26 27 39 40 52 53 58 62 70 71
 18 26 27 39 40 52 53 56 57 58 62 74
 18 26 27 39 40 52 53 56 57 58 62 72
 18 26 27 39 40 52 53 56 57 58 62 72 73
 18 26 27 39 40 52 53 56 57 58 62 70 71
 18 26 27 39 40 47 58 62
 18 26 27 39 40 47 56 57 58 62
 18 26 27 39 40 47 54 58 62
 18 26 27 39 40 47 54 56 57 58 62
 18 26 27 39 40 47 52 53 58 62
 18 26 27 39 40 47 52 53 56 57 58 62
 18 26 27 39 40 45 58 62
 18 26 27 39 40 45 56
 18 26 27 39 40 45 56 57 58 62
 18 26 27 39 40 45 54 58 62
 18 26 27 39 40 45 54 56 57 58 62
 18 26 27 39 40 45 52 53 58 62
 18 26 27 39 40 45 52 53 56 57 58 62
 18 26 27 31 41 58 62 74
 18 26 27 31 41 58 62 72
 18 26 27 31 41 58 62 72 73
 18 26 27 31 41 58 62 70 71
 18 26 27 31 41 54 58 62 74
 18 26 27 31 41 54 58 62 72
 18 26 27 31 41 54 58 62 72 73
 18 26 27 31 41 54 58 62 70 71
 18 26 27 31 41 52 53 58 62 74
 18 26 27 31 41 52 53 58 62 72
 18 26 27 31 41 52 53 58 62 72 73
 18 26 27 31 41 52 53 58 62 70 71
 18 26 27 31 41 47 58 62
 18 26 27 31 41 47 54 58 62
 18 26 27 31 41 47 52 53 58 62
 18 26 27 31 41 45 58 62
 18 26 27 31 41 45 54 58 62
 18 26 27 31 41 45 52 53 58 62
 18 26 27 31 39 40 58 62 74
 18 26 27 31 39 40 58 62 72
 18 26 27 31 39 40 58 62 72 73
 18 26 27 31 39 40 58 62 70 71
 18 26 27 31 39 40 54 58 62 74
 18 26 27 31 39 40 54 58 62 72
 18 26 27 31 39 40 54 58 62 72 73
 18 26 27 31 39 40 54 58 62 70 71
 18 26 27 31 39 40 52 53 58 62 74
 18 26 27 31 39 40 52 53 58 62 72
 18 26 27 31 39 40 52 53 58 62 72 73
 18 26 27 31 39 40 52 53 58 62 70 71
 18 26 27 31 39 40 47 58 62
 18 26 27 31 39 40 47 54 58 62
 18 26 27 31 39 40 47 52 53 58 62
 18 26 27 31 39 40 45 58 62
 18 26 27 31 39 40 45 54 58 62
 18 26 27 31 39 40 45 52 53 58 62
 15 58 68 70 72
 15 58 68 70 71
 15 58 68 69 72
 15 58 68 69 70 71
 15 56 57 68 70 72
 15 56 57 68 70 71
 15 56 57 68 69 72
 15 56 57 68 69 70 71
 15 45 58 68 70
 15 45 58 68 69
 15 45 56 57 68 70
 15 45 56 57 68 69
 15 43 58 68 72
 15 43 58 68 70 71
 15 43 56 57 68 72
 15 43 56 57 68 70 71
 15 43 45 58 68
 15 43 45 56 57 68
 15 41 58 70 72
 15 41 58 70 71
 15 41 58 68 69 72
 15 41 58 68 69 70 71
 15 41 56 57 70 72
 15 41 56 57 70 71
 15 41 56 57 68 69 72
 15 41 56 57 68 69 70 71
 15 41 45 58 70
 15 41 45 58 68 69
 15 41 45 56 57 70
 15 41 45 56 57 68 69
 15 41 43 58 72
 15 41 43 58 70 71
 15 41 43 56 57 72
 15 41 43 56 57 70 71
 15 41 43 45 58
 15 41 43 45 56 57
 15 39 40 58 70 72
 15 39 40 58 70 71
 15 39 40 58 68 69 72
 15 39 40 58 68 69 70 71
 15 39 40 56 57 70 72
 15 39 40 56 57 70 71
 15 39 40 56 57 68 69 72
 15 39 40 56 57 68 69 70 71
 15 39 40 45 58 70
 15 39 40 45 58 68 69
 15 39 40 45 56 57 70
 15 39 40 45 56 57 68 69
 15 39 40 43 58 72
 15 39 40 43 58 70 71
 15 39 40 43 56 57 72
 15 39 40 43 56 57 70 71
 15 39 40 43 45 58
 15 39 40 43 45 56 57
 15 31 68 70 72
 15 31 68 70 71
 15 31 68 69 72
 15 31 68 69 70 71
 15 31 45 68 70
 15 31 45 68 69
 15 31 43 68 72
 15 31 43 68 70 71
 15 31 43 45 68
 15 31 41 70 72
 15 31 41 70 71
 15 31 41 68 69 72
 15 31 41 68 69 70 71
 15 31 41 45 70
 15 31 41 45 68 69
 15 31 41 43 72
 15 31 41 43 70 71
 15 31 41 43 45
 15 31 39 40 70 72
 15 31 39 40 70 71
 15 31 39 40 68 69 72
 15 31 39 40 68 69 70 71
 15 31 39 40 45 70
 15 31 39 40 45 68 69
 15 31 39 40 43 72
 15 31 39 40 43 70 71
 15 31 39 40 43 45
 15 28 41 72
 15 28 41 70 71
 15 28 41 45
 15 28 39 40 72
 15 28 39 40 70 71
 15 28 39 40 45
 15 26 58 70 72
 15 26 58 70 71
 15 26 58 68 69 72
 15 26 58 68 69 70 71
 15 26 56 57 70 72
 15 26 56 57 70 71
 15 26 56 57 68 69 72
 15 26 56 57 68 69 70 71
 15 26 45 58 70
 15 26 45 58 68 69
 15 26 45 56 57 70
 15 26 45 56 57 68 69
 15 26 43 58 72
 15 26 43 58 70 71
 15 26 43 56 57 72
 15 26 43 56 57 70 71
 15 26 43 45 58
 15 26 43 45 56 57
 15 26 31 70 72
 15 26 31 70 71
 15 26 31 68 69 72
 15 26 31 68 69 70 71
 15 26 31 45 70
 15 26 31 45 68 69
 15 26 31 43 72
 15 26 31 43 70 71
 15 26 31 43 45
 15 26 27 41 72
 15 26 27 41 70 71
 15 26 27 41 45
 15 26 27 39 40 72
 15 26 27 39 40 70 71
 15 26 27 39 40 45
 15 24 25 58 70 72
 15 24 25 58 70 71
 15 24 25 58 68 69 72
 15 24 25 58 68 69 70 71
 15 24 25 56 57 70 72
 15 24 25 56 57 70 71
 15 24 25 56 57 68 69 72
 15 24 25 56 57 68 69 70 71
 15 24 25 45 58 70
 15 24 25 45 58 68 69
 15 24 25 45 56 57 70
 15 24 25 45 56 57 68 69
 15 24 25 43 58 72
 15 24 25 43 58 70 71
 15 24 25 43 56 57 72
 15 24 25 43 56 57 70 71
 15 24 25 43 45 58
 15 24 25 43 45 56 57
 15 24 25 31 70 72
 15 24 25 31 70 71
 15 24 25 31 68 69 72
 15 24 25 31 68 69 70 71
 15 24 25 31 45 70
 15 24 25 31 45 68 69
 15 24 25 31 43 72
 15 24 25 31 43 70 71
 15 24 25 31 43 45
 14 58 70 72
 14 58 70 71
 14 58 68 69 72
 14 58 68 69 70 71
 14 57 58 70 72
 14 57 58 70 71
 14 57 58 68 69 72
 14 57 58 68 69 70 71
 14 56 57
 14 56 57 72
 14 56 57 70 71
 14 56 57 58
 14 56 57 58 72
 14 56 57 58 70 71
 14 54 58 72
 14 54 58 70 71
 14 54 56 57 58 72
 14 54 56 57 58 70 71
 14 52 53 58 72
 14 52 53 58 70 71
 14 52 53 56 57 58 72
 14 52 53 56 57 58 70 71
 14 47 54 58
 14 47 54 56 57 58
 14 47 52 53 58
 14 47 52 53 56 57 58
 14 45 58 70
 14 45 58 68 69
 14 45 58 62
 14 45 58 62 72
 14 45 58 62 70 71
 14 45 57 58 70
 14 45 57 58 68 69
 14 45 56 57
 14 45 56 57 58
 14 45 56 57 58 62
 14 45 56 57 58 62 72
 14 45 56 57 58 62 70 71
 14 45 54 58
 14 45 54 56 57 58
 14 45 52 53 58
 14 45 52 53 56 57 58
 14 45 46 54 58
 14 45 46 54 56 57 58
 14 45 46 52 53 58
 14 45 46 52 53 56 57 58
 14 43 58 72
 14 43 58 70 71
 14 43 57 58 72
 14 43 57 58 70 71
 14 43 45 58
 14 43 45 57 58
 14 43 44 58 62 72
 14 43 44 58 62 70 71
 14 43 44 56 57 58 62 72
 14 43 44 56 57 58 62 70 71
 14 43 44 45 58 62
 14 43 44 45 56 57 58 62
 14 37 58
 14 37 58 72
 14 37 58 70 71
 14 37 56 57
 14 37 56 57 72
 14 37 56 57 70 71
 14 37 45 58
 14 37 45 56 57
 14 35 45 58 64 70
 14 35 45 58 64 68 69
 14 35 45 56 57 64 70
 14 35 45 56 57 64 68 69
 14 35 43 45 58 64
 14 35 43 45 56 57 64
 14 35 43 44 58 64
 14 35 43 44 58 64 70
 14 35 43 44 58 64 68 69
 14 35 43 44 56 57 64
 14 35 43 44 56 57 64 70
 14 35 43 44 56 57 64 68 69
 14 31
 14 31 72
 14 31 70 72
 14 31 68 69 72
 14 31 68 69 70 71
 14 31 58
 14 31 58 72
 14 31 58 70 71
 14 31 57 70 72
 14 31 57 70 71
 14 31 57 68 69 72
 14 31 57 68 69 70 71
 14 31 54 58 72
 14 31 54 58 70 71
 14 31 52 53 58 72
 14 31 52 53 58 70 71
 14 31 47 54 58
 14 31 47 52 53 58
 14 31 45
 14 31 45 70
 14 31 45 68 69
 14 31 45 58
 14 31 45 58 62
 14 31 45 58 62 72
 14 31 45 58 62 70 71
 14 31 45 57 70
 14 31 45 57 68 69
 14 31 45 54 58
 14 31 45 52 53 58
 14 31 45 46 54 58
 14 31 45 46 52 53 58
 14 31 43 72
 14 31 43 70 71
 14 31 43 57 72
 14 31 43 57 70 71
 14 31 43 45
 14 31 43 45 57
 14 31 43 44 58 62 72
 14 31 43 44 58 62 70 71
 14 31 43 44 45 58 62
 14 31 37
 14 31 37 72
 14 31 37 70 71
 14 31 37 45
 14 31 35 45 64 70
 14 31 35 45 64 68 69
 14 31 35 43 45 64
 14 31 35 43 44 64
 14 31 35 43 44 64 70
 14 31 35 43 44 64 68 69
 14 30 45 54 58 62
 14 30 45 54 56 57 58 62
 14 30 45 52 53 58 62
 14 30 45 52 53 56 57 58 62
 14 30 43 44 54 58 62
 14 30 43 44 54 56 57 58 62
 14 30 43 44 52 53 58 62
 14 30 43 44 52 53 56 57 58 62
 14 30 31 45 54 58 62
 14 30 31 45 52 53 58 62
 14 30 31 43 44 54 58 62
 14 30 31 43 44 52 53 58 62
 14 28
 14 28 72
 14 28 70 71
 14 28 57 72
 14 28 57 70 71
 14 28 47 54 58
 14 28 47 52 53 58
 14 28 45
 14 28 45 57
 14 28 45 56
 14 28 45 56 72
 14 28 45 56 70 71
 14 28 45 54 58 62
 14 28 45 54 58 62 74
 14 28 45 54 58 62 72
 14 28 45 54 58 62 72 73
 14 28 45 54 58 62 70 71
 14 28 45 54 56 57 58 62
 14 28 45 54 56 57 58 62 74
 14 28 45 54 56 57 58 62 72
 14 28 45 54 56 57 58 62 72 73
 14 28 45 54 56 57 58 62 70 71
 14 28 45 52 53 58 62
 14 28 45 52 53 58 62 74
 14 28 45 52 53 58 62 72
 14 28 45 52 53 58 62 72 73
 14 28 45 52 53 58 62 70 71
 14 28 45 52 53 56 57 58 62
 14 28 45 52 53 56 57 58 62 74
 14 28 45 52 53 56 57 58 62 72
 14 28 45 52 53 56 57 58 62 72 73
 14 28 45 52 53 56 57 58 62 70 71
 14 28 45 47 54 58 62
 14 28 45 47 54 56 57 58 62
 14 28 45 47 52 53 58 62
 14 28 45 47 52 53 56 57 58 62
 14 28 45 46 54 58
 14 28 45 46 52 53 58
 14 28 43 44 56 72
 14 28 43 44 56 70 71
 14 28 43 44 54 58 62 74
 14 28 43 44 54 58 62 72
 14 28 43 44 54 58 62 72 73
 14 28 43 44 54 58 62 70 71
 14 28 43 44 54 56 57 58 62 74
 14 28 43 44 54 56 57 58 62 72
 14 28 43 44 54 56 57 58 62 72 73
 14 28 43 44 54 56 57 58 62 70 71
 14 28 43 44 52 53 58 62 74
 14 28 43 44 52 53 58 62 72
 14 28 43 44 52 53 58 62 72 73
 14 28 43 44 52 53 58 62 70 71
 14 28 43 44 52 53 56 57 58 62 74
 14 28 43 44 52 53 56 57 58 62 72
 14 28 43 44 52 53 56 57 58 62 72 73
 14 28 43 44 52 53 56 57 58 62 70 71
 14 28 43 44 47 54 58 62
 14 28 43 44 47 54 56 57 58 62
 14 28 43 44 47 52 53 58 62
 14 28 43 44 47 52 53 56 57 58 62
 14 28 43 44 45 56
 14 28 43 44 45 54 58 62
 14 28 43 44 45 54 56 57 58 62
 14 28 43 44 45 52 53 58 62
 14 28 43 44 45 52 53 56 57 58 62
 14 28 31 45 54 58 62
 14 28 31 45 54 58 62 74
 14 28 31 45 54 58 62 72
 14 28 31 45 54 58 62 72 73
 14 28 31 45 54 58 62 70 71
 14 28 31 45 52 53 58 62
 14 28 31 45 52 53 58 62 74
 14 28 31 45 52 53 58 62 72
 14 28 31 45 52 53 58 62 72 73
 14 28 31 45 52 53 58 62 70 71
 14 28 31 45 47 54 58 62
 14 28 31 45 47 52 53 58 62
 14 28 31 43 44 54 58 62 74
 14 28 31 43 44 54 58 62 72
 14 28 31 43 44 54 58 62 72 73
 14 28 31 43 44 54 58 62 70 71
 14 28 31 43 44 52 53 58 62 74
 14 28 31 43 44 52 53 58 62 72
 14 28 31 43 44 52 53 58 62 72 73
 14 28 31 43 44 52 53 58 62 70 71
 14 28 31 43 44 47 54 58 62
 14 28 31 43 44 47 52 53 58 62
 14 28 31 43 44 45 54 58 62
 14 28 31 43 44 45 52 53 58 62
 14 28 29 45 54 58 62
 14 28 29 45 54 56 57 58 62
 14 28 29 45 52 53 58 62
 14 28 29 45 52 53 56 57 58 62
 14 28 29 43 44 54 58 62
 14 28 29 43 44 54 56 57 58 62
 14 28 29 43 44 52 53 58 62
 14 28 29 43 44 52 53 56 57 58 62
 14 28 29 31 45 54 58 62
 14 28 29 31 45 52 53 58 62
 14 28 29 31 43 44 54 58 62
 14 28 29 31 43 44 52 53 58 62
 14 27 58 72
 14 27 58 70 71
 14 27 56 57 58 72
 14 27 56 57 58 70 71
 14 27 47 58
 14 27 47 56 57 58
 14 27 45 58
 14 27 45 56 57 58
 14 27 45 46 58
 14 27 45 46 56 57 58
 14 27 31 58 72
 14 27 31 58 70 71
 14 27 31 47 58
 14 27 31 45 58
 14 27 31 45 46 58
 14 27 30 45 58 62
 14 27 30 45 56 57 58 62
 14 27 30 43 44 58 62
 14 27 30 43 44 56 57 58 62
 14 27 30 31 45 58 62
 14 27 30 31 43 44 58 62
 14 27 28 47 58
 14 27 28 45 58 62
 14 27 28 45 58 62 74
 14 27 28 45 58 62 72
 14 27 28 45 58 62 72 73
 14 27 28 45 58 62 70 71
 14 27 28 45 56 57 58 62
 14 27 28 45 56 57 58 62 74
 14 27 28 45 56 57 58 62 72
 14 27 28 45 56 57 58 62 72 73
 14 27 28 45 56 57 58 62 70 71
 14 27 28 45 47 58 62
 14 27 28 45 47 56 57 58 62
 14 27 28 45 46 58
 14 27 28 43 44 58 62 74
 14 27 28 43 44 58 62 72
 14 27 28 43 44 58 62 72 73
 14 27 28 43 44 58 62 70 71
 14 27 28 43 44 56 57 58 62 74
 14 27 28 43 44 56 57 58 62 72
 14 27 28 43 44 56 57 58 62 72 73
 14 27 28 43 44 56 57 58 62 70 71
 14 27 28 43 44 47 58 62
 14 27 28 43 44 47 56 57 58 62
 14 27 28 43 44 45 58 62
 14 27 28 43 44 45 56 57 58 62
 14 27 28 31 45 58 62
 14 27 28 31 45 58 62 74
 14 27 28 31 45 58 62 72
 14 27 28 31 45 58 62 72 73
 14 27 28 31 45 58 62 70 71
 14 27 28 31 45 47 58 62
 14 27 28 31 43 44 58 62 74
 14 27 28 31 43 44 58 62 72
 14 27 28 31 43 44 58 62 72 73
 14 27 28 31 43 44 58 62 70 71
 14 27 28 31 43 44 47 58 62
 14 27 28 31 43 44 45 58 62
 14 27 28 29 45 58 62
 14 27 28 29 45 56 57 58 62
 14 27 28 29 43 44 58 62
 14 27 28 29 43 44 56 57 58 62
 14 27 28 29 31 45 58 62
 14 27 28 29 31 43 44 58 62
 14 26 27
 14 26 27 72
 14 26 27 70 71
 14 26 27 57 72
 14 26 27 57 70 71
 14 26 27 47 58
 14 26 27 47 54 58
 14 26 27 47 52 53 58
 14 26 27 45
 14 26 27 45 58 62
 14 26 27 45 58 62 74
 14 26 27 45 58 62 72
 14 26 27 45 58 62 72 73
 14 26 27 45 58 62 70 71
 14 26 27 45 57
 14 26 27 45 56
 14 26 27 45 56 72
 14 26 27 45 56 70 71
 14 26 27 45 56 57 58 62
 14 26 27 45 56 57 58 62 74
 14 26 27 45 56 57 58 62 72
 14 26 27 45 56 57 58 62 72 73
 14 26 27 45 56 57 58 62 70 71
 14 26 27 45 54 58 62
 14 26 27 45 54 58 62 74
 14 26 27 45 54 58 62 72
 14 26 27 45 54 58 62 72 73
 14 26 27 45 54 58 62 70 71
 14 26 27 45 54 56 57 58 62
 14 26 27 45 54 56 57 58 62 74
 14 26 27 45 54 56 57 58 62 72
 14 26 27 45 54 56 57 58 62 72 73
 14 26 27 45 54 56 57 58 62 70 71
 14 26 27 45 52 53 58 62
 14 26 27 45 52 53 58 62 74
 14 26 27 45 52 53 58 62 72
 14 26 27 45 52 53 58 62 72 73
 14 26 27 45 52 53 58 62 70 71
 14 26 27 45 52 53 56 57 58 62
 14 26 27 45 52 53 56 57 58 62 74
 14 26 27 45 52 53 56 57 58 62 72
 14 26 27 45 52 53 56 57 58 62 72 73
 14 26 27 45 52 53 56 57 58 62 70 71
 14 26 27 45 47 58 62
 14 26 27 45 47 56 57 58 62
 14 26 27 45 47 54 58 62
 14 26 27 45 47 54 56 57 58 62
 14 26 27 45 47 52 53 58 62
 14 26 27 45 47 52 53 56 57 58 62
 14 26 27 45 46 58
 14 26 27 45 46 54 58
 14 26 27 45 46 52 53 58
 14 26 27 43 44 58 62 74
 14 26 27 43 44 58 62 72
 14 26 27 43 44 58 62 72 73
 14 26 27 43 44 58 62 70 71
 14 26 27 43 44 56 72
 14 26 27 43 44 56 70 71
 14 26 27 43 44 56 57 58 62 74
 14 26 27 43 44 56 57 58 62 72
 14 26 27 43 44 56 57 58 62 72 73
 14 26 27 43 44 56 57 58 62 70 71
 14 26 27 43 44 54 58 62 74
 14 26 27 43 44 54 58 62 72
 14 26 27 43 44 54 58 62 72 73
 14 26 27 43 44 54 58 62 70 71
 14 26 27 43 44 54 56 57 58 62 74
 14 26 27 43 44 54 56 57 58 62 72
 14 26 27 43 44 54 56 57 58 62 72 73
 14 26 27 43 44 54 56 57 58 62 70 71
 14 26 27 43 44 52 53 58 62 74
 14 26 27 43 44 52 53 58 62 72
 14 26 27 43 44 52 53 58 62 72 73
 14 26 27 43 44 52 53 58 62 70 71
 14 26 27 43 44 52 53 56 57 58 62 74
 14 26 27 43 44 52 53 56 57 58 62 72
 14 26 27 43 44 52 53 56 57 58 62 72 73
 14 26 27 43 44 52 53 56 57 58 62 70 71
 14 26 27 43 44 47 58 62
 14 26 27 43 44 47 56 57 58 62
 14 26 27 43 44 47 54 58 62
 14 26 27 43 44 47 54 56 57 58 62
 14 26 27 43 44 47 52 53 58 62
 14 26 27 43 44 47 52 53 56 57 58 62
 14 26 27 43 44 45 58 62
 14 26 27 43 44 45 56
 14 26 27 43 44 45 56 57 58 62
 14 26 27 43 44 45 54 58 62
 14 26 27 43 44 45 54 56 57 58 62
 14 26 27 43 44 45 52 53 58 62
 14 26 27 43 44 45 52 53 56 57 58 62
 14 26 27 31 45 58 62
 14 26 27 31 45 58 62 74
 14 26 27 31 45 58 62 72
 14 26 27 31 45 58 62 72 73
 14 26 27 31 45 58 62 70 71
 14 26 27 31 45 54 58 62
 14 26 27 31 45 54 58 62 74
 14 26 27 31 45 54 58 62 72
 14 26 27 31 45 54 58 62 72 73
 14 26 27 31 45 54 58 62 70 71
 14 26 27 31 45 52 53 58 62
 14 26 27 31 45 52 53 58 62 74
 14 26 27 31 45 52 53 58 62 72
 14 26 27 31 45 52 53 58 62 72 73
 14 26 27 31 45 52 53 58 62 70 71
 14 26 27 31 45 47 58 62
 14 26 27 31 45 47 54 58 62
 14 26 27 31 45 47 52 53 58 62
 14 26 27 31 43 44 58 62 74
 14 26 27 31 43 44 58 62 72
 14 26 27 31 43 44 58 62 72 73
 14 26 27 31 43 44 58 62 70 71
 14 26 27 31 43 44 54 58 62 74
 14 26 27 31 43 44 54 58 62 72
 14 26 27 31 43 44 54 58 62 72 73
 14 26 27 31 43 44 54 58 62 70 71
 14 26 27 31 43 44 52 53 58 62 74
 14 26 27 31 43 44 52 53 58 62 72
 14 26 27 31 43 44 52 53 58 62 72 73
 14 26 27 31 43 44 52 53 58 62 70 71
 14 26 27 31 43 44 47 58 62
 14 26 27 31 43 44 47 54 58 62
 14 26 27 31 43 44 47 52 53 58 62
 14 26 27 31 43 44 45 58 62
 14 26 27 31 43 44 45 54 58 62
 14 26 27 31 43 44 45 52 53 58 62
 14 20 54 58
 14 20 54 56 57 58
 14 20 52 53 58
 14 20 52 53 56 57 58
 14 20 31 54 58
 14 20 31 52 53 58
 14 20 28 54 58
 14 20 28 52 53 58
 14 20 27 58
 14 20 27 56 57 58
 14 20 27 31 58
 14 20 27 28 58
 14 20 26 27 58
 14 20 26 27 54 58
 14 20 26 27 52 53 58
 14 18 58 62 72
 14 18 58 62 70 71
 14 18 56 57 58 62 72
 14 18 56 57 58 62 70 71
 14 18 45 58 62
 14 18 45 56 57 58 62
 14 18 35 58 64 70
 14 18 35 58 64 68 69
 14 18 35 56 57 64 70
 14 18 35 56 57 64 68 69
 14 18 35 43 58 64
 14 18 35 43 56 57 64
 14 18 31 58 62 72
 14 18 31 58 62 70 71
 14 18 31 45 58 62
 14 18 31 35 64 70
 14 18 31 35 64 68 69
 14 18 31 35 43 64
 14 18 30 54 58 62
 14 18 30 54 56 57 58 62
 14 18 30 52 53 58 62
 14 18 30 52 53 56 57 58 62
 14 18 30 31 54 58 62
 14 18 30 31 52 53 58 62
 14 18 28 56 72
 14 18 28 56 70 71
 14 18 28 54 58 62 74
 14 18 28 54 58 62 72
 14 18 28 54 58 62 72 73
 14 18 28 54 58 62 70 71
 14 18 28 54 56 57 58 62 74
 14 18 28 54 56 57 58 62 72
 14 18 28 54 56 57 58 62 72 73
 14 18 28 54 56 57 58 62 70 71
 14 18 28 52 53 58 62 74
 14 18 28 52 53 58 62 72
 14 18 28 52 53 58 62 72 73
 14 18 28 52 53 58 62 70 71
 14 18 28 52 53 56 57 58 62 74
 14 18 28 52 53 56 57 58 62 72
 14 18 28 52 53 56 57 58 62 72 73
 14 18 28 52 53 56 57 58 62 70 71
 14 18 28 47 54 58 62
 14 18 28 47 54 56 57 58 62
 14 18 28 47 52 53 58 62
 14 18 28 47 52 53 56 57 58 62
 14 18 28 45 56
 14 18 28 45 54 58 62
 14 18 28 45 54 56 57 58 62
 14 18 28 45 52 53 58 62
 14 18 28 45 52 53 56 57 58 62
 14 18 28 31 54 58 62 74
 14 18 28 31 54 58 62 72
 14 18 28 31 54 58 62 72 73
 14 18 28 31 54 58 62 70 71
 14 18 28 31 52 53 58 62 74
 14 18 28 31 52 53 58 62 72
 14 18 28 31 52 53 58 62 72 73
 14 18 28 31 52 53 58 62 70 71
 14 18 28 31 47 54 58 62
 14 18 28 31 47 52 53 58 62
 14 18 28 31 45 54 58 62
 14 18 28 31 45 52 53 58 62
 14 18 28 29 54 58 62
 14 18 28 29 54 56 57 58 62
 14 18 28 29 52 53 58 62
 14 18 28 29 52 53 56 57 58 62
 14 18 28 29 31 54 58 62
 14 18 28 29 31 52 53 58 62
 14 18 27 30 58 62
 14 18 27 30 56 57 58 62
 14 18 27 30 31 58 62
 14 18 27 28 58 62 74
 14 18 27 28 58 62 72
 14 18 27 28 58 62 72 73
 14 18 27 28 58 62 70 71
 14 18 27 28 56 57 58 62 74
 14 18 27 28 56 57 58 62 72
 14 18 27 28 56 57 58 62 72 73
 14 18 27 28 56 57 58 62 70 71
 14 18 27 28 47 58 62
 14 18 27 28 47 56 57 58 62
 14 18 27 28 45 58 62
 14 18 27 28 45 56 57 58 62
 14 18 27 28 31 58 62 74
 14 18 27 28 31 58 62 72
 14 18 27 28 31 58 62 72 73
 14 18 27 28 31 58 62 70 71
 14 18 27 28 31 47 58 62
 14 18 27 28 31 45 58 62
 14 18 27 28 29 58 62
 14 18 27 28 29 56 57 58 62
 14 18 27 28 29 31 58 62
 14 18 26 27 58 62 74
 14 18 26 27 58 62 72
 14 18 26 27 58 62 72 73
 14 18 26 27 58 62 70 71
 14 18 26 27 56 72
 14 18 26 27 56 70 71
 14 18 26 27 56 57 58 62 74
 14 18 26 27 56 57 58 62 72
 14 18 26 27 56 57 58 62 72 73
 14 18 26 27 56 57 58 62 70 71
 14 18 26 27 54 58 62 74
 14 18 26 27 54 58 62 72
 14 18 26 27 54 58 62 72 73
 14 18 26 27 54 58 62 70 71
 14 18 26 27 54 56 57 58 62 74
 14 18 26 27 54 56 57 58 62 72
 14 18 26 27 54 56 57 58 62 72 73
 14 18 26 27 54 56 57 58 62 70 71
 14 18 26 27 52 53 58 62 74
 14 18 26 27 52 53 58 62 72
 14 18 26 27 52 53 58 62 72 73
 14 18 26 27 52 53 58 62 70 71
 14 18 26 27 52 53 56 57 58 62 74
 14 18 26 27 52 53 56 57 58 62 72
 14 18 26 27 52 53 56 57 58 62 72 73
 14 18 26 27 52 53 56 57 58 62 70 71
 14 18 26 27 47 58 62
 14 18 26 27 47 56 57 58 62
 14 18 26 27 47 54 58 62
 14 18 26 27 47 54 56 57 58 62
 14 18 26 27 47 52 53 58 62
 14 18 26 27 47 52 53 56 57 58 62
 14 18 26 27 45 58 62
 14 18 26 27 45 56
 14 18 26 27 45 56 57 58 62
 14 18 26 27 45 54 58 62
 14 18 26 27 45 54 56 57 58 62
 14 18 26 27 45 52 53 58 62
 14 18 26 27 45 52 53 56 57 58 62
 14 18 26 27 31 58 62 74
 14 18 26 27 31 58 62 72
 14 18 26 27 31 58 62 72 73
 14 18 26 27 31 58 62 70 71
 14 18 26 27 31 54 58 62 74
 14 18 26 27 31 54 58 62 72
 14 18 26 27 31 54 58 62 72 73
 14 18 26 27 31 54 58 62 70 71
 14 18 26 27 31 52 53 58 62 74
 14 18 26 27 31 52 53 58 62 72
 14 18 26 27 31 52 53 58 62 72 73
 14 18 26 27 31 52 53 58 62 70 71
 14 18 26 27 31 47 58 62
 14 18 26 27 31 47 54 58 62
 14 18 26 27 31 47 52 53 58 62
 14 18 26 27 31 45 58 62
 14 18 26 27 31 45 54 58 62
 14 18 26 27 31 45 52 53 58 62
 14 15 58 70 72
 14 15 58 70 71
 14 15 58 68 69 72
 14 15 58 68 69 70 71
 14 15 56 57 70 72
 14 15 56 57 70 71
 14 15 56 57 68 69 72
 14 15 56 57 68 69 70 71
 14 15 45 58 70
 14 15 45 58 68 69
 14 15 45 56 57 70
 14 15 45 56 57 68 69
 14 15 43 58 72
 14 15 43 58 70 71
 14 15 43 56 57 72
 14 15 43 56 57 70 71
 14 15 43 45 58
 14 15 43 45 56 57
 14 15 31 70 72
 14 15 31 70 71
 14 15 31 68 69 72
 14 15 31 68 69 70 71
 14 15 31 45 70
 14 15 31 45 68 69
 14 15 31 43 72
 14 15 31 43 70 71
 14 15 31 43 45
 14 15 28 72
 14 15 28 70 71
 14 15 28 45
 14 15 26 27 72
 14 15 26 27 70 71
 14 15 26 27 45
 13 14 58 70 72
 13 14 58 70 71
 13 14 58 68 70 72
 13 14 58 68 70 71
 13 14 56 57 70 72
 13 14 56 57 70 71
 13 14 56 57 68 70 72
 13 14 56 57 68 70 71
 13 14 45 58 70
 13 14 45 58 68 70
 13 14 45 56 57 70
 13 14 45 56 57 68 70
 13 14 43 58 72
 13 14 43 58 70 71
 13 14 43 58 68 72
 13 14 43 58 68 70 71
 13 14 43 56 57 72
 13 14 43 56 57 70 71
 13 14 43 56 57 68 72
 13 14 43 56 57 68 70 71
 13 14 43 45 58
 13 14 43 45 58 68
 13 14 43 45 56 57
 13 14 43 45 56 57 68
 13 14 41 58 70 72
 13 14 41 58 70 71
 13 14 41 58 68 69 72
 13 14 41 58 68 69 70 71
 13 14 41 56 57 70 72
 13 14 41 56 57 70 71
 13 14 41 56 57 68 69 72
 13 14 41 56 57 68 69 70 71
 13 14 41 45 58 70
 13 14 41 45 58 68 69
 13 14 41 45 56 57 70
 13 14 41 45 56 57 68 69
 13 14 41 43 58 72
 13 14 41 43 58 70 71
 13 14 41 43 56 57 72
 13 14 41 43 56 57 70 71
 13 14 41 43 45 58
 13 14 41 43 45 56 57
 13 14 39 40 58 70 72
 13 14 39 40 58 70 71
 13 14 39 40 58 68 69 72
 13 14 39 40 58 68 69 70 71
 13 14 39 40 56 57 70 72
 13 14 39 40 56 57 70 71
 13 14 39 40 56 57 68 69 72
 13 14 39 40 56 57 68 69 70 71
 13 14 39 40 45 58 70
 13 14 39 40 45 58 68 69
 13 14 39 40 45 56 57 70
 13 14 39 40 45 56 57 68 69
 13 14 39 40 43 58 72
 13 14 39 40 43 58 70 71
 13 14 39 40 43 56 57 72
 13 14 39 40 43 56 57 70 71
 13 14 39 40 43 45 58
 13 14 39 40 43 45 56 57
 13 14 31 70 72
 13 14 31 70 71
 13 14 31 68 70 72
 13 14 31 68 70 71
 13 14 31 45 70
 13 14 31 45 68 70
 13 14 31 43 72
 13 14 31 43 70 71
 13 14 31 43 68 72
 13 14 31 43 68 70 71
 13 14 31 43 45
 13 14 31 43 45 68
 13 14 31 41 70 72
 13 14 31 41 70 71
 13 14 31 41 68 69 72
 13 14 31 41 68 69 70 71
 13 14 31 41 45 70
 13 14 31 41 45 68 69
 13 14 31 41 43 72
 13 14 31 41 43 70 71
 13 14 31 41 43 45
 13 14 31 39 40 70 72
 13 14 31 39 40 70 71
 13 14 31 39 40 68 69 72
 13 14 31 39 40 68 69 70 71
 13 14 31 39 40 45 70
 13 14 31 39 40 45 68 69
 13 14 31 39 40 43 72
 13 14 31 39 40 43 70 71
 13 14 31 39 40 43 45
 13 14 28 72
 13 14 28 70 71
 13 14 28 45
 13 14 28 41 72
 13 14 28 41 70 71
 13 14 28 41 45
 13 14 28 39 40 72
 13 14 28 39 40 70 71
 13 14 28 39 40 45
 13 14 26 58 70 72
 13 14 26 58 70 71
 13 14 26 58 68 69 72
 13 14 26 58 68 69 70 71
 13 14 26 56 57 70 72
 13 14 26 56 57 70 71
 13 14 26 56 57 68 69 72
 13 14 26 56 57 68 69 70 71
 13 14 26 45 58 70
 13 14 26 45 58 68 69
 13 14 26 45 56 57 70
 13 14 26 45 56 57 68 69
 13 14 26 43 58 72
 13 14 26 43 58 70 71
 13 14 26 43 56 57 72
 13 14 26 43 56 57 70 71
 13 14 26 43 45 58
 13 14 26 43 45 56 57
 13 14 26 31 70 72
 13 14 26 31 70 71
 13 14 26 31 68 69 72
 13 14 26 31 68 69 70 71
 13 14 26 31 45 70
 13 14 26 31 45 68 69
 13 14 26 31 43 72
 13 14 26 31 43 70 71
 13 14 26 31 43 45
 13 14 26 27 72
 13 14 26 27 70 71
 13 14 26 27 45
 13 14 26 27 41 72
 13 14 26 27 41 70 71
 13 14 26 27 41 45
 13 14 26 27 39 40 72
 13 14 26 27 39 40 70 71
 13 14 26 27 39 40 45
 13 14 24 25 58 70 72
 13 14 24 25 58 70 71
 13 14 24 25 58 68 69 72
 13 14 24 25 58 68 69 70 71
 13 14 24 25 56 57 70 72
 13 14 24 25 56 57 70 71
 13 14 24 25 56 57 68 69 72
 13 14 24 25 56 57 68 69 70 71
 13 14 24 25 45 58 70
 13 14 24 25 45 58 68 69
 13 14 24 25 45 56 57 70
 13 14 24 25 45 56 57 68 69
 13 14 24 25 43 58 72
 13 14 24 25 43 58 70 71
 13 14 24 25 43 56 57 72
 13 14 24 25 43 56 57 70 71
 13 14 24 25 43 45 58
 13 14 24 25 43 45 56 57
 13 14 24 25 31 70 72
 13 14 24 25 31 70 71
 13 14 24 25 31 68 69 72
 13 14 24 25 31 68 69 70 71
 13 14 24 25 31 45 70
 13 14 24 25 31 45 68 69
 13 14 24 25 31 43 72
 13 14 24 25 31 43 70 71
 13 14 24 25 31 43 45
 3 41 45 54 58 62
 3 41 45 54 56 57 58 62
 3 41 45 52 53 58 62
 3 41 45 52 53 56 57 58 62
 3 41 43 44 54 58 62
 3 41 43 44 54 56 57 58 62
 3 41 43 44 52 53 58 62
 3 41 43 44 52 53 56 57 58 62
 3 39 40 45 54 58 62
 3 39 40 45 54 56 57 58 62
 3 39 40 45 52 53 58 62
 3 39 40 45 52 53 56 57 58 62
 3 39 40 43 44 54 58 62
 3 39 40 43 44 54 56 57 58 62
 3 39 40 43 44 52 53 58 62
 3 39 40 43 44 52 53 56 57 58 62
 3 31 41 45 54 58 62
 3 31 41 45 52 53 58 62
 3 31 41 43 44 54 58 62
 3 31 41 43 44 52 53 58 62
 3 31 39 40 45 54 58 62
 3 31 39 40 45 52 53 58 62
 3 31 39 40 43 44 54 58 62
 3 31 39 40 43 44 52 53 58 62
 3 27 41 45 58 62
 3 27 41 45 56 57 58 62
 3 27 41 43 44 58 62
 3 27 41 43 44 56 57 58 62
 3 27 39 40 45 58 62
 3 27 39 40 45 56 57 58 62
 3 27 39 40 43 44 58 62
 3 27 39 40 43 44 56 57 58 62
 3 27 31 41 45 58 62
 3 27 31 41 43 44 58 62
 3 27 31 39 40 45 58 62
 3 27 31 39 40 43 44 58 62
 3 18 41 54 58 62
 3 18 41 54 56 57 58 62
 3 18 41 52 53 58 62
 3 18 41 52 53 56 57 58 62
 3 18 39 40 54 58 62
 3 18 39 40 54 56 57 58 62
 3 18 39 40 52 53 58 62
 3 18 39 40 52 53 56 57 58 62
 3 18 31 41 54 58 62
 3 18 31 41 52 53 58 62
 3 18 31 39 40 54 58 62
 3 18 31 39 40 52 53 58 62
 3 18 27 41 58 62
 3 18 27 41 56 57 58 62
 3 18 27 39 40 58 62
 3 18 27 39 40 56 57 58 62
 3 18 27 31 41 58 62
 3 18 27 31 39 40 58 62
 3 14 45 54 58 62
 3 14 45 54 56 57 58 62
 3 14 45 52 53 58 62
 3 14 45 52 53 56 57 58 62
 3 14 43 44 54 58 62
 3 14 43 44 54 56 57 58 62
 3 14 43 44 52 53 58 62
 3 14 43 44 52 53 56 57 58 62
 3 14 31 45 54 58 62
 3 14 31 45 52 53 58 62
 3 14 31 43 44 54 58 62
 3 14 31 43 44 52 53 58 62
 3 14 27 45 58 62
 3 14 27 45 56 57 58 62
 3 14 27 43 44 58 62
 3 14 27 43 44 56 57 58 62
 3 14 27 31 45 58 62
 3 14 27 31 43 44 58 62
 3 14 18 54 58 62
 3 14 18 54 56 57 58 62
 3 14 18 52 53 58 62
 3 14 18 52 53 56 57 58 62
 3 14 18 31 54 58 62
 3 14 18 31 52 53 58 62
 3 14 18 27 58 62
 3 14 18 27 56 57 58 62
 3 14 18 27 31 58 62
 1 68
 1 58 72
 1 58 70 71
 1 56 57 72
 1 56 57 70 71
 1 45 58
 1 45 56 57
 1 41
 1 41 72
 1 41 70 71
 1 41 57 72
 1 41 57 70 71
 1 41 47 54 58
 1 41 47 52 53 58
 1 41 45
 1 41 45 57
 1 41 45 56
 1 41 45 56 72
 1 41 45 56 70 71
 1 41 45 54 58 62
 1 41 45 54 58 62 74
 1 41 45 54 58 62 72
 1 41 45 54 58 62 72 73
 1 41 45 54 58 62 70 71
 1 41 45 54 56 57 58 62
 1 41 45 54 56 57 58 62 74
 1 41 45 54 56 57 58 62 72
 1 41 45 54 56 57 58 62 72 73
 1 41 45 54 56 57 58 62 70 71
 1 41 45 52 53 58 62
 1 41 45 52 53 58 62 74
 1 41 45 52 53 58 62 72
 1 41 45 52 53 58 62 72 73
 1 41 45 52 53 58 62 70 71
 1 41 45 52 53 56 57 58 62
 1 41 45 52 53 56 57 58 62 74
 1 41 45 52 53 56 57 58 62 72
 1 41 45 52 53 56 57 58 62 72 73
 1 41 45 52 53 56 57 58 62 70 71
 1 41 45 47 54 58 62
 1 41 45 47 54 56 57 58 62
 1 41 45 47 52 53 58 62
 1 41 45 47 52 53 56 57 58 62
 1 41 45 46 54 58
 1 41 45 46 52 53 58
 1 41 43 44 56 72
 1 41 43 44 56 70 71
 1 41 43 44 54 58 62 74
 1 41 43 44 54 58 62 72
 1 41 43 44 54 58 62 72 73
 1 41 43 44 54 58 62 70 71
 1 41 43 44 54 56 57 58 62 74
 1 41 43 44 54 56 57 58 62 72
 1 41 43 44 54 56 57 58 62 72 73
 1 41 43 44 54 56 57 58 62 70 71
 1 41 43 44 52 53 58 62 74
 1 41 43 44 52 53 58 62 72
 1 41 43 44 52 53 58 62 72 73
 1 41 43 44 52 53 58 62 70 71
 1 41 43 44 52 53 56 57 58 62 74
 1 41 43 44 52 53 56 57 58 62 72
 1 41 43 44 52 53 56 57 58 62 72 73
 1 41 43 44 52 53 56 57 58 62 70 71
 1 41 43 44 47 54 58 62
 1 41 43 44 47 54 56 57 58 62
 1 41 43 44 47 52 53 58 62
 1 41 43 44 47 52 53 56 57 58 62
 1 41 43 44 45 56
 1 41 43 44 45 54 58 62
 1 41 43 44 45 54 56 57 58 62
 1 41 43 44 45 52 53 58 62
 1 41 43 44 45 52 53 56 57 58 62
 1 39 40
 1 39 40 72
 1 39 40 70 71
 1 39 40 57 72
 1 39 40 57 70 71
 1 39 40 47 54 58
 1 39 40 47 52 53 58
 1 39 40 45
 1 39 40 45 57
 1 39 40 45 56
 1 39 40 45 56 72
 1 39 40 45 56 70 71
 1 39 40 45 54 58 62
 1 39 40 45 54 58 62 74
 1 39 40 45 54 58 62 72
 1 39 40 45 54 58 62 72 73
 1 39 40 45 54 58 62 70 71
 1 39 40 45 54 56 57 58 62
 1 39 40 45 54 56 57 58 62 74
 1 39 40 45 54 56 57 58 62 72
 1 39 40 45 54 56 57 58 62 72 73
 1 39 40 45 54 56 57 58 62 70 71
 1 39 40 45 52 53 58 62
 1 39 40 45 52 53 58 62 74
 1 39 40 45 52 53 58 62 72
 1 39 40 45 52 53 58 62 72 73
 1 39 40 45 52 53 58 62 70 71
 1 39 40 45 52 53 56 57 58 62
 1 39 40 45 52 53 56 57 58 62 74
 1 39 40 45 52 53 56 57 58 62 72
 1 39 40 45 52 53 56 57 58 62 72 73
 1 39 40 45 52 53 56 57 58 62 70 71
 1 39 40 45 47 54 58 62
 1 39 40 45 47 54 56 57 58 62
 1 39 40 45 47 52 53 58 62
 1 39 40 45 47 52 53 56 57 58 62
 1 39 40 45 46 54 58
 1 39 40 45 46 52 53 58
 1 39 40 43 44 56 72
 1 39 40 43 44 56 70 71
 1 39 40 43 44 54 58 62 74
 1 39 40 43 44 54 58 62 72
 1 39 40 43 44 54 58 62 72 73
 1 39 40 43 44 54 58 62 70 71
 1 39 40 43 44 54 56 57 58 62 74
 1 39 40 43 44 54 56 57 58 62 72
 1 39 40 43 44 54 56 57 58 62 72 73
 1 39 40 43 44 54 56 57 58 62 70 71
 1 39 40 43 44 52 53 58 62 74
 1 39 40 43 44 52 53 58 62 72
 1 39 40 43 44 52 53 58 62 72 73
 1 39 40 43 44 52 53 58 62 70 71
 1 39 40 43 44 52 53 56 57 58 62 74
 1 39 40 43 44 52 53 56 57 58 62 72
 1 39 40 43 44 52 53 56 57 58 62 72 73
 1 39 40 43 44 52 53 56 57 58 62 70 71
 1 39 40 43 44 47 54 58 62
 1 39 40 43 44 47 54 56 57 58 62
 1 39 40 43 44 47 52 53 58 62
 1 39 40 43 44 47 52 53 56 57 58 62
 1 39 40 43 44 45 56
 1 39 40 43 44 45 54 58 62
 1 39 40 43 44 45 54 56 57 58 62
 1 39 40 43 44 45 52 53 58 62
 1 39 40 43 44 45 52 53 56 57 58 62
 1 31 72
 1 31 70 71
 1 31 45
 1 31 41 45 54 58 62
 1 31 41 45 54 58 62 74
 1 31 41 45 54 58 62 72
 1 31 41 45 54 58 62 72 73
 1 31 41 45 54 58 62 70 71
 1 31 41 45 52 53 58 62
 1 31 41 45 52 53 58 62 74
 1 31 41 45 52 53 58 62 72
 1 31 41 45 52 53 58 62 72 73
 1 31 41 45 52 53 58 62 70 71
 1 31 41 45 47 54 58 62
 1 31 41 45 47 52 53 58 62
 1 31 41 43 44 54 58 62 74
 1 31 41 43 44 54 58 62 72
 1 31 41 43 44 54 58 62 72 73
 1 31 41 43 44 54 58 62 70 71
 1 31 41 43 44 52 53 58 62 74
 1 31 41 43 44 52 53 58 62 72
 1 31 41 43 44 52 53 58 62 72 73
 1 31 41 43 44 52 53 58 62 70 71
 1 31 41 43 44 47 54 58 62
 1 31 41 43 44 47 52 53 58 62
 1 31 41 43 44 45 54 58 62
 1 31 41 43 44 45 52 53 58 62
 1 31 39 40 45 54 58 62
 1 31 39 40 45 54 58 62 74
 1 31 39 40 45 54 58 62 72
 1 31 39 40 45 54 58 62 72 73
 1 31 39 40 45 54 58 62 70 71
 1 31 39 40 45 52 53 58 62
 1 31 39 40 45 52 53 58 62 74
 1 31 39 40 45 52 53 58 62 72
 1 31 39 40 45 52 53 58 62 72 73
 1 31 39 40 45 52 53 58 62 70 71
 1 31 39 40 45 47 54 58 62
 1 31 39 40 45 47 52 53 58 62
 1 31 39 40 43 44 54 58 62 74
 1 31 39 40 43 44 54 58 62 72
 1 31 39 40 43 44 54 58 62 72 73
 1 31 39 40 43 44 54 58 62 70 71
 1 31 39 40 43 44 52 53 58 62 74
 1 31 39 40 43 44 52 53 58 62 72
 1 31 39 40 43 44 52 53 58 62 72 73
 1 31 39 40 43 44 52 53 58 62 70 71
 1 31 39 40 43 44 47 54 58 62
 1 31 39 40 43 44 47 52 53 58 62
 1 31 39 40 43 44 45 54 58 62
 1 31 39 40 43 44 45 52 53 58 62
 1 27 41 47 58
 1 27 41 45 58 62
 1 27 41 45 58 62 74
 1 27 41 45 58 62 72
 1 27 41 45 58 62 72 73
 1 27 41 45 58 62 70 71
 1 27 41 45 56 57 58 62
 1 27 41 45 56 57 58 62 74
 1 27 41 45 56 57 58 62 72
 1 27 41 45 56 57 58 62 72 73
 1 27 41 45 56 57 58 62 70 71
 1 27 41 45 47 58 62
 1 27 41 45 47 56 57 58 62
 1 27 41 45 46 58
 1 27 41 43 44 58 62 74
 1 27 41 43 44 58 62 72
 1 27 41 43 44 58 62 72 73
 1 27 41 43 44 58 62 70 71
 1 27 41 43 44 56 57 58 62 74
 1 27 41 43 44 56 57 58 62 72
 1 27 41 43 44 56 57 58 62 72 73
 1 27 41 43 44 56 57 58 62 70 71
 1 27 41 43 44 47 58 62
 1 27 41 43 44 47 56 57 58 62
 1 27 41 43 44 45 58 62
 1 27 41 43 44 45 56 57 58 62
 1 27 39 40 47 58
 1 27 39 40 45 58 62
 1 27 39 40 45 58 62 74
 1 27 39 40 45 58 62 72
 1 27 39 40 45 58 62 72 73
 1 27 39 40 45 58 62 70 71
 1 27 39 40 45 56 57 58 62
 1 27 39 40 45 56 57 58 62 74
 1 27 39 40 45 56 57 58 62 72
 1 27 39 40 45 56 57 58 62 72 73
 1 27 39 40 45 56 57 58 62 70 71
 1 27 39 40 45 47 58 62
 1 27 39 40 45 47 56 57 58 62
 1 27 39 40 45 46 58
 1 27 39 40 43 44 58 62 74
 1 27 39 40 43 44 58 62 72
 1 27 39 40 43 44 58 62 72 73
 1 27 39 40 43 44 58 62 70 71
 1 27 39 40 43 44 56 57 58 62 74
 1 27 39 40 43 44 56 57 58 62 72
 1 27 39 40 43 44 56 57 58 62 72 73
 1 27 39 40 43 44 56 57 58 62 70 71
 1 27 39 40 43 44 47 58 62
 1 27 39 40 43 44 47 56 57 58 62
 1 27 39 40 43 44 45 58 62
 1 27 39 40 43 44 45 56 57 58 62
 1 27 31 41 45 58 62
 1 27 31 41 45 58 62 74
 1 27 31 41 45 58 62 72
 1 27 31 41 45 58 62 72 73
 1 27 31 41 45 58 62 70 71
 1 27 31 41 45 47 58 62
 1 27 31 41 43 44 58 62 74
 1 27 31 41 43 44 58 62 72
 1 27 31 41 43 44 58 62 72 73
 1 27 31 41 43 44 58 62 70 71
 1 27 31 41 43 44 47 58 62
 1 27 31 41 43 44 45 58 62
 1 27 31 39 40 45 58 62
 1 27 31 39 40 45 58 62 74
 1 27 31 39 40 45 58 62 72
 1 27 31 39 40 45 58 62 72 73
 1 27 31 39 40 45 58 62 70 71
 1 27 31 39 40 45 47 58 62
 1 27 31 39 40 43 44 58 62 74
 1 27 31 39 40 43 44 58 62 72
 1 27 31 39 40 43 44 58 62 72 73
 1 27 31 39 40 43 44 58 62 70 71
 1 27 31 39 40 43 44 47 58 62
 1 27 31 39 40 43 44 45 58 62
 1 26
 1 24 25
 1 20 41 54 58
 1 20 41 52 53 58
 1 20 39 40 54 58
 1 20 39 40 52 53 58
 1 20 27 41 58
 1 20 27 39 40 58
 1 18 41 56 72
 1 18 41 56 70 71
 1 18 41 54 58 62 74
 1 18 41 54 58 62 72
 1 18 41 54 58 62 72 73
 1 18 41 54 58 62 70 71
 1 18 41 54 56 57 58 62 74
 1 18 41 54 56 57 58 62 72
 1 18 41 54 56 57 58 62 72 73
 1 18 41 54 56 57 58 62 70 71
 1 18 41 52 53 58 62 74
 1 18 41 52 53 58 62 72
 1 18 41 52 53 58 62 72 73
 1 18 41 52 53 58 62 70 71
 1 18 41 52 53 56 57 58 62 74
 1 18 41 52 53 56 57 58 62 72
 1 18 41 52 53 56 57 58 62 72 73
 1 18 41 52 53 56 57 58 62 70 71
 1 18 41 47 54 58 62
 1 18 41 47 54 56 57 58 62
 1 18 41 47 52 53 58 62
 1 18 41 47 52 53 56 57 58 62
 1 18 41 45 56
 1 18 41 45 54 58 62
 1 18 41 45 54 56 57 58 62
 1 18 41 45 52 53 58 62
 1 18 41 45 52 53 56 57 58 62
 1 18 39 40 56 72
 1 18 39 40 56 70 71
 1 18 39 40 54 58 62 74
 1 18 39 40 54 58 62 72
 1 18 39 40 54 58 62 72 73
 1 18 39 40 54 58 62 70 71
 1 18 39 40 54 56 57 58 62 74
 1 18 39 40 54 56 57 58 62 72
 1 18 39 40 54 56 57 58 62 72 73
 1 18 39 40 54 56 57 58 62 70 71
 1 18 39 40 52 53 58 62 74
 1 18 39 40 52 53 58 62 72
 1 18 39 40 52 53 58 62 72 73
 1 18 39 40 52 53 58 62 70 71
 1 18 39 40 52 53 56 57 58 62 74
 1 18 39 40 52 53 56 57 58 62 72
 1 18 39 40 52 53 56 57 58 62 72 73
 1 18 39 40 52 53 56 57 58 62 70 71
 1 18 39 40 47 54 58 62
 1 18 39 40 47 54 56 57 58 62
 1 18 39 40 47 52 53 58 62
 1 18 39 40 47 52 53 56 57 58 62
 1 18 39 40 45 56
 1 18 39 40 45 54 58 62
 1 18 39 40 45 54 56 57 58 62
 1 18 39 40 45 52 53 58 62
 1 18 39 40 45 52 53 56 57 58 62
 1 18 31 41 54 58 62 74
 1 18 31 41 54 58 62 72
 1 18 31 41 54 58 62 72 73
 1 18 31 41 54 58 62 70 71
 1 18 31 41 52 53 58 62 74
 1 18 31 41 52 53 58 62 72
 1 18 31 41 52 53 58 62 72 73
 1 18 31 41 52 53 58 62 70 71
 1 18 31 41 47 54 58 62
 1 18 31 41 47 52 53 58 62
 1 18 31 41 45 54 58 62
 1 18 31 41 45 52 53 58 62
 1 18 31 39 40 54 58 62 74
 1 18 31 39 40 54 58 62 72
 1 18 31 39 40 54 58 62 72 73
 1 18 31 39 40 54 58 62 70 71
 1 18 31 39 40 52 53 58 62 74
 1 18 31 39 40 52 53 58 62 72
 1 18 31 39 40 52 53 58 62 72 73
 1 18 31 39 40 52 53 58 62 70 71
 1 18 31 39 40 47 54 58 62
 1 18 31 39 40 47 52 53 58 62
 1 18 31 39 40 45 54 58 62
 1 18 31 39 40 45 52 53 58 62
 1 18 27 41 58 62 74
 1 18 27 41 58 62 72
 1 18 27 41 58 62 72 73
 1 18 27 41 58 62 70 71
 1 18 27 41 56 57 58 62 74
 1 18 27 41 56 57 58 62 72
 1 18 27 41 56 57 58 62 72 73
 1 18 27 41 56 57 58 62 70 71
 1 18 27 41 47 58 62
 1 18 27 41 47 56 57 58 62
 1 18 27 41 45 58 62
 1 18 27 41 45 56 57 58 62
 1 18 27 39 40 58 62 74
 1 18 27 39 40 58 62 72
 1 18 27 39 40 58 62 72 73
 1 18 27 39 40 58 62 70 71
 1 18 27 39 40 56 57 58 62 74
 1 18 27 39 40 56 57 58 62 72
 1 18 27 39 40 56 57 58 62 72 73
 1 18 27 39 40 56 57 58 62 70 71
 1 18 27 39 40 47 58 62
 1 18 27 39 40 47 56 57 58 62
 1 18 27 39 40 45 58 62
 1 18 27 39 40 45 56 57 58 62
 1 18 27 31 41 58 62 74
 1 18 27 31 41 58 62 72
 1 18 27 31 41 58 62 72 73
 1 18 27 31 41 58 62 70 71
 1 18 27 31 41 47 58 62
 1 18 27 31 41 45 58 62
 1 18 27 31 39 40 58 62 74
 1 18 27 31 39 40 58 62 72
 1 18 27 31 39 40 58 62 72 73
 1 18 27 31 39 40 58 62 70 71
 1 18 27 31 39 40 47 58 62
 1 18 27 31 39 40 45 58 62
 1 15 41 72
 1 15 41 70 71
 1 15 41 45
 1 15 39 40 72
 1 15 39 40 70 71
 1 15 39 40 45
 1 14
 1 14 72
 1 14 70 71
 1 14 57 72
 1 14 57 70 71
 1 14 47 54 58
 1 14 47 52 53 58
 1 14 45
 1 14 45 57
 1 14 45 56
 1 14 45 56 72
 1 14 45 56 70 71
 1 14 45 54 58 62
 1 14 45 54 58 62 74
 1 14 45 54 58 62 72
 1 14 45 54 58 62 72 73
 1 14 45 54 58 62 70 71
 1 14 45 54 56 57 58 62
 1 14 45 54 56 57 58 62 74
 1 14 45 54 56 57 58 62 72
 1 14 45 54 56 57 58 62 72 73
 1 14 45 54 56 57 58 62 70 71
 1 14 45 52 53 58 62
 1 14 45 52 53 58 62 74
 1 14 45 52 53 58 62 72
 1 14 45 52 53 58 62 72 73
 1 14 45 52 53 58 62 70 71
 1 14 45 52 53 56 57 58 62
 1 14 45 52 53 56 57 58 62 74
 1 14 45 52 53 56 57 58 62 72
 1 14 45 52 53 56 57 58 62 72 73
 1 14 45 52 53 56 57 58 62 70 71
 1 14 45 47 54 58 62
 1 14 45 47 54 56 57 58 62
 1 14 45 47 52 53 58 62
 1 14 45 47 52 53 56 57 58 62
 1 14 45 46 54 58
 1 14 45 46 52 53 58
 1 14 43 44 56 72
 1 14 43 44 56 70 71
 1 14 43 44 54 58 62 74
 1 14 43 44 54 58 62 72
 1 14 43 44 54 58 62 72 73
 1 14 43 44 54 58 62 70 71
 1 14 43 44 54 56 57 58 62 74
 1 14 43 44 54 56 57 58 62 72
 1 14 43 44 54 56 57 58 62 72 73
 1 14 43 44 54 56 57 58 62 70 71
 1 14 43 44 52 53 58 62 74
 1 14 43 44 52 53 58 62 72
 1 14 43 44 52 53 58 62 72 73
 1 14 43 44 52 53 58 62 70 71
 1 14 43 44 52 53 56 57 58 62 74
 1 14 43 44 52 53 56 57 58 62 72
 1 14 43 44 52 53 56 57 58 62 72 73
 1 14 43 44 52 53 56 57 58 62 70 71
 1 14 43 44 47 54 58 62
 1 14 43 44 47 54 56 57 58 62
 1 14 43 44 47 52 53 58 62
 1 14 43 44 47 52 53 56 57 58 62
 1 14 43 44 45 56
 1 14 43 44 45 54 58 62
 1 14 43 44 45 54 56 57 58 62
 1 14 43 44 45 52 53 58 62
 1 14 43 44 45 52 53 56 57 58 62
 1 14 31 45 54 58 62
 1 14 31 45 54 58 62 74
 1 14 31 45 54 58 62 72
 1 14 31 45 54 58 62 72 73
 1 14 31 45 54 58 62 70 71
 1 14 31 45 52 53 58 62
 1 14 31 45 52 53 58 62 74
 1 14 31 45 52 53 58 62 72
 1 14 31 45 52 53 58 62 72 73
 1 14 31 45 52 53 58 62 70 71
 1 14 31 45 47 54 58 62
 1 14 31 45 47 52 53 58 62
 1 14 31 43 44 54 58 62 74
 1 14 31 43 44 54 58 62 72
 1 14 31 43 44 54 58 62 72 73
 1 14 31 43 44 54 58 62 70 71
 1 14 31 43 44 52 53 58 62 74
 1 14 31 43 44 52 53 58 62 72
 1 14 31 43 44 52 53 58 62 72 73
 1 14 31 43 44 52 53 58 62 70 71
 1 14 31 43 44 47 54 58 62
 1 14 31 43 44 47 52 53 58 62
 1 14 31 43 44 45 54 58 62
 1 14 31 43 44 45 52 53 58 62
 1 14 27 47 58
 1 14 27 45 58 62
 1 14 27 45 58 62 74
 1 14 27 45 58 62 72
 1 14 27 45 58 62 72 73
 1 14 27 45 58 62 70 71
 1 14 27 45 56 57 58 62
 1 14 27 45 56 57 58 62 74
 1 14 27 45 56 57 58 62 72
 1 14 27 45 56 57 58 62 72 73
 1 14 27 45 56 57 58 62 70 71
 1 14 27 45 47 58 62
 1 14 27 45 47 56 57 58 62
 1 14 27 45 46 58
 1 14 27 43 44 58 62 74
 1 14 27 43 44 58 62 72
 1 14 27 43 44 58 62 72 73
 1 14 27 43 44 58 62 70 71
 1 14 27 43 44 56 57 58 62 74
 1 14 27 43 44 56 57 58 62 72
 1 14 27 43 44 56 57 58 62 72 73
 1 14 27 43 44 56 57 58 62 70 71
 1 14 27 43 44 47 58 62
 1 14 27 43 44 47 56 57 58 62
 1 14 27 43 44 45 58 62
 1 14 27 43 44 45 56 57 58 62
 1 14 27 31 45 58 62
 1 14 27 31 45 58 62 74
 1 14 27 31 45 58 62 72
 1 14 27 31 45 58 62 72 73
 1 14 27 31 45 58 62 70 71
 1 14 27 31 45 47 58 62
 1 14 27 31 43 44 58 62 74
 1 14 27 31 43 44 58 62 72
 1 14 27 31 43 44 58 62 72 73
 1 14 27 31 43 44 58 62 70 71
 1 14 27 31 43 44 47 58 62
 1 14 27 31 43 44 45 58 62
 1 14 20 54 58
 1 14 20 52 53 58
 1 14 20 27 58
 1 14 18 56 72
 1 14 18 56 70 71
 1 14 18 54 58 62 74
 1 14 18 54 58 62 72
 1 14 18 54 58 62 72 73
 1 14 18 54 58 62 70 71
 1 14 18 54 56 57 58 62 74
 1 14 18 54 56 57 58 62 72
 1 14 18 54 56 57 58 62 72 73
 1 14 18 54 56 57 58 62 70 71
 1 14 18 52 53 58 62 74
 1 14 18 52 53 58 62 72
 1 14 18 52 53 58 62 72 73
 1 14 18 52 53 58 62 70 71
 1 14 18 52 53 56 57 58 62 74
 1 14 18 52 53 56 57 58 62 72
 1 14 18 52 53 56 57 58 62 72 73
 1 14 18 52 53 56 57 58 62 70 71
 1 14 18 47 54 58 62
 1 14 18 47 54 56 57 58 62
 1 14 18 47 52 53 58 62
 1 14 18 47 52 53 56 57 58 62
 1 14 18 45 56
 1 14 18 45 54 58 62
 1 14 18 45 54 56 57 58 62
 1 14 18 45 52 53 58 62
 1 14 18 45 52 53 56 57 58 62
 1 14 18 31 54 58 62 74
 1 14 18 31 54 58 62 72
 1 14 18 31 54 58 62 72 73
 1 14 18 31 54 58 62 70 71
 1 14 18 31 52 53 58 62 74
 1 14 18 31 52 53 58 62 72
 1 14 18 31 52 53 58 62 72 73
 1 14 18 31 52 53 58 62 70 71
 1 14 18 31 47 54 58 62
 1 14 18 31 47 52 53 58 62
 1 14 18 31 45 54 58 62
 1 14 18 31 45 52 53 58 62
 1 14 18 27 58 62 74
 1 14 18 27 58 62 72
 1 14 18 27 58 62 72 73
 1 14 18 27 58 62 70 71
 1 14 18 27 56 57 58 62 74
 1 14 18 27 56 57 58 62 72
 1 14 18 27 56 57 58 62 72 73
 1 14 18 27 56 57 58 62 70 71
 1 14 18 27 47 58 62
 1 14 18 27 47 56 57 58 62
 1 14 18 27 45 58 62
 1 14 18 27 45 56 57 58 62
 1 14 18 27 31 58 62 74
 1 14 18 27 31 58 62 72
 1 14 18 27 31 58 62 72 73
 1 14 18 27 31 58 62 70 71
 1 14 18 27 31 47 58 62
 1 14 18 27 31 45 58 62
 1 14 15 72
 1 14 15 70 71
 1 14 15 45
 1 13 14 72
 1 13 14 70 71
 1 13 14 45
 1 13 14 41 72
 1 13 14 41 70 71
 1 13 14 41 45
 1 13 14 39 40 72
 1 13 14 39 40 70 71
 1 13 14 39 40 45
