 58 72
 58 70 71
 45 58
 38 58
 36 37 58
 28 58
 28 47 58
 28 45 46 58
 28 41 57 58
 28 39 41 47 57 58
 28 39 41 45 46 57 58
 28 39 40 57 58
 28 39 40 47 57 58
 28 39 40 45 46 57 58
 28 37 38 41 47 57 58
 28 37 38 41 45 46 57 58
 28 37 38 39 40 47 57 58
 28 37 38 39 40 45 46 57 58
 26 27 58
 26 27 47 58
 26 27 45 46 58
 26 27 41 57 58
 26 27 39 41 47 57 58
 26 27 39 41 45 46 57 58
 26 27 39 40 57 58
 26 27 39 40 47 57 58
 26 27 39 40 45 46 57 58
 26 27 37 38 41 47 57 58
 26 27 37 38 41 45 46 57 58
 26 27 37 38 39 40 47 57 58
 26 27 37 38 39 40 45 46 57 58
 20 28 58
 20 28 39 41 57 58
 20 28 39 40 57 58
 20 28 37 38 41 57 58
 20 28 37 38 39 40 57 58
 20 26 27 58
 20 26 27 39 41 57 58
 20 26 27 39 40 57 58
 20 26 27 37 38 41 57 58
 20 26 27 37 38 39 40 57 58
 15 28 41 58
 15 28 39 41 47 58
 15 28 39 41 45 46 58
 15 28 39 40 58
 15 28 39 40 47 58
 15 28 39 40 45 46 58
 15 28 37 38 41 47 58
 15 28 37 38 41 45 46 58
 15 28 37 38 39 40 47 58
 15 28 37 38 39 40 45 46 58
 15 26 27 41 58
 15 26 27 39 41 47 58
 15 26 27 39 41 45 46 58
 15 26 27 39 40 58
 15 26 27 39 40 47 58
 15 26 27 39 40 45 46 58
 15 26 27 37 38 41 47 58
 15 26 27 37 38 41 45 46 58
 15 26 27 37 38 39 40 47 58
 15 26 27 37 38 39 40 45 46 58
 15 20 28 39 41 58
 15 20 28 39 40 58
 15 20 28 37 38 41 58
 15 20 28 37 38 39 40 58
 15 20 26 27 39 41 58
 15 20 26 27 39 40 58
 15 20 26 27 37 38 41 58
 15 20 26 27 37 38 39 40 58
 14 28 57 58
 14 28 39 47 57 58
 14 28 39 45 46 57 58
 14 28 37 38 47 57 58
 14 28 37 38 45 46 57 58
 14 26 27 57 58
 14 26 27 39 47 57 58
 14 26 27 39 45 46 57 58
 14 26 27 37 38 47 57 58
 14 26 27 37 38 45 46 57 58
 14 20 28 39 57 58
 14 20 28 37 38 57 58
 14 20 26 27 39 57 58
 14 20 26 27 37 38 57 58
 14 15 28 58
 14 15 28 39 47 58
 14 15 28 39 45 46 58
 14 15 28 37 38 47 58
 14 15 28 37 38 45 46 58
 14 15 26 27 58
 14 15 26 27 39 47 58
 14 15 26 27 39 45 46 58
 14 15 26 27 37 38 47 58
 14 15 26 27 37 38 45 46 58
 14 15 20 28 39 58
 14 15 20 28 37 38 58
 14 15 20 26 27 39 58
 14 15 20 26 27 37 38 58
 13 14 28 58
 13 14 28 41 58
 13 14 28 39 47 58
 13 14 28 39 45 46 58
 13 14 28 39 41 47 58
 13 14 28 39 41 45 46 58
 13 14 28 39 40 58
 13 14 28 39 40 47 58
 13 14 28 39 40 45 46 58
 13 14 28 37 38 47 58
 13 14 28 37 38 45 46 58
 13 14 28 37 38 41 47 58
 13 14 28 37 38 41 45 46 58
 13 14 28 37 38 39 40 47 58
 13 14 28 37 38 39 40 45 46 58
 13 14 26 27 58
 13 14 26 27 41 58
 13 14 26 27 39 47 58
 13 14 26 27 39 45 46 58
 13 14 26 27 39 41 47 58
 13 14 26 27 39 41 45 46 58
 13 14 26 27 39 40 58
 13 14 26 27 39 40 47 58
 13 14 26 27 39 40 45 46 58
 13 14 26 27 37 38 47 58
 13 14 26 27 37 38 45 46 58
 13 14 26 27 37 38 41 47 58
 13 14 26 27 37 38 41 45 46 58
 13 14 26 27 37 38 39 40 47 58
 13 14 26 27 37 38 39 40 45 46 58
 13 14 20 28 39 58
 13 14 20 28 39 41 58
 13 14 20 28 39 40 58
 13 14 20 28 37 38 58
 13 14 20 28 37 38 41 58
 13 14 20 28 37 38 39 40 58
 13 14 20 26 27 39 58
 13 14 20 26 27 39 41 58
 13 14 20 26 27 39 40 58
 13 14 20 26 27 37 38 58
 13 14 20 26 27 37 38 41 58
 13 14 20 26 27 37 38 39 40 58
 12 28 41 47 57 58
 12 28 41 45 46 57 58
 12 28 39 40 47 57 58
 12 28 39 40 45 46 57 58
 12 26 27 41 47 57 58
 12 26 27 41 45 46 57 58
 12 26 27 39 40 47 57 58
 12 26 27 39 40 45 46 57 58
 12 20 28 41 57 58
 12 20 28 39 40 57 58
 12 20 26 27 41 57 58
 12 20 26 27 39 40 57 58
 12 15 28 41 47 58
 12 15 28 41 45 46 58
 12 15 28 39 40 47 58
 12 15 28 39 40 45 46 58
 12 15 26 27 41 47 58
 12 15 26 27 41 45 46 58
 12 15 26 27 39 40 47 58
 12 15 26 27 39 40 45 46 58
 12 15 20 28 41 58
 12 15 20 28 39 40 58
 12 15 20 26 27 41 58
 12 15 20 26 27 39 40 58
 12 14 28 47 57 58
 12 14 28 45 46 57 58
 12 14 26 27 47 57 58
 12 14 26 27 45 46 57 58
 12 14 20 28 57 58
 12 14 20 26 27 57 58
 12 14 15 28 47 58
 12 14 15 28 45 46 58
 12 14 15 26 27 47 58
 12 14 15 26 27 45 46 58
 12 14 15 20 28 58
 12 14 15 20 26 27 58
 12 13 14 28 47 58
 12 13 14 28 45 46 58
 12 13 14 28 41 47 58
 12 13 14 28 41 45 46 58
 12 13 14 28 39 40 47 58
 12 13 14 28 39 40 45 46 58
 12 13 14 26 27 47 58
 12 13 14 26 27 45 46 58
 12 13 14 26 27 41 47 58
 12 13 14 26 27 41 45 46 58
 12 13 14 26 27 39 40 47 58
 12 13 14 26 27 39 40 45 46 58
 12 13 14 20 28 58
 12 13 14 20 28 41 58
 12 13 14 20 28 39 40 58
 12 13 14 20 26 27 58
 12 13 14 20 26 27 41 58
 12 13 14 20 26 27 39 40 58
 11 58
 1 58
 1 47 58
 1 45 46 58
 1 41 57 58
 1 39 41 47 57 58
 1 39 41 45 46 57 58
 1 39 40 57 58
 1 39 40 47 57 58
 1 39 40 45 46 57 58
 1 37 38 41 47 57 58
 1 37 38 41 45 46 57 58
 1 37 38 39 40 47 57 58
 1 37 38 39 40 45 46 57 58
 1 20 58
 1 20 39 41 57 58
 1 20 39 40 57 58
 1 20 37 38 41 57 58
 1 20 37 38 39 40 57 58
 1 15 41 58
 1 15 39 41 47 58
 1 15 39 41 45 46 58
 1 15 39 40 58
 1 15 39 40 47 58
 1 15 39 40 45 46 58
 1 15 37 38 41 47 58
 1 15 37 38 41 45 46 58
 1 15 37 38 39 40 47 58
 1 15 37 38 39 40 45 46 58
 1 15 20 39 41 58
 1 15 20 39 40 58
 1 15 20 37 38 41 58
 1 15 20 37 38 39 40 58
 1 14 57 58
 1 14 39 47 57 58
 1 14 39 45 46 57 58
 1 14 37 38 47 57 58
 1 14 37 38 45 46 57 58
 1 14 20 39 57 58
 1 14 20 37 38 57 58
 1 14 15 58
 1 14 15 39 47 58
 1 14 15 39 45 46 58
 1 14 15 37 38 47 58
 1 14 15 37 38 45 46 58
 1 14 15 20 39 58
 1 14 15 20 37 38 58
 1 13 14 58
 1 13 14 41 58
 1 13 14 39 47 58
 1 13 14 39 45 46 58
 1 13 14 39 41 47 58
 1 13 14 39 41 45 46 58
 1 13 14 39 40 58
 1 13 14 39 40 47 58
 1 13 14 39 40 45 46 58
 1 13 14 37 38 47 58
 1 13 14 37 38 45 46 58
 1 13 14 37 38 41 47 58
 1 13 14 37 38 41 45 46 58
 1 13 14 37 38 39 40 47 58
 1 13 14 37 38 39 40 45 46 58
 1 13 14 20 39 58
 1 13 14 20 39 41 58
 1 13 14 20 39 40 58
 1 13 14 20 37 38 58
 1 13 14 20 37 38 41 58
 1 13 14 20 37 38 39 40 58
 1 12 41 47 57 58
 1 12 41 45 46 57 58
 1 12 39 40 47 57 58
 1 12 39 40 45 46 57 58
 1 12 20 41 57 58
 1 12 20 39 40 57 58
 1 12 15 41 47 58
 1 12 15 41 45 46 58
 1 12 15 39 40 47 58
 1 12 15 39 40 45 46 58
 1 12 15 20 41 58
 1 12 15 20 39 40 58
 1 12 14 47 57 58
 1 12 14 45 46 57 58
 1 12 14 20 57 58
 1 12 14 15 47 58
 1 12 14 15 45 46 58
 1 12 14 15 20 58
 1 12 13 14 47 58
 1 12 13 14 45 46 58
 1 12 13 14 41 47 58
 1 12 13 14 41 45 46 58
 1 12 13 14 39 40 47 58
 1 12 13 14 39 40 45 46 58
 1 12 13 14 20 58
 1 12 13 14 20 41 58
 1 12 13 14 20 39 40 58
