 60
 60 66 72
 60 66 70 71
 60 64 65 72
 60 64 65 70 71
 58 60 66 72
 58 60 66 70 71
 58 60 64 65 72
 58 60 64 65 70 71
 57 60 72
 57 60 70 71
 56 60 66 70
 56 60 66 68 69
 56 60 64 65 70
 56 60 64 65 68 69
 56 58 60 66 70
 56 58 60 66 68 69
 56 58 60 64 65 70
 56 58 60 64 65 68 69
 56 57 60 70
 56 57 60 68 69
 54 55 60 66 70
 54 55 60 66 68 69
 54 55 60 64 65 70
 54 55 60 64 65 68 69
 54 55 58 60 66 70
 54 55 58 60 66 68 69
 54 55 58 60 64 65 70
 54 55 58 60 64 65 68 69
 54 55 57 60 70
 54 55 57 60 68 69
 53 60 72
 53 60 70 71
 53 56 60 70
 53 56 60 68 69
 53 54 55 60 70
 53 54 55 60 68 69
 51 60 72
 51 60 70 71
 51 56 60 70
 51 56 60 68 69
 51 54 55 60 70
 51 54 55 60 68 69
 50 51 60 72
 50 51 60 70 71
 50 51 56 60 70
 50 51 56 60 68 69
 50 51 54 55 60 70
 50 51 54 55 60 68 69
 49 50 60 72
 49 50 60 70 71
 49 50 56 60 70
 49 50 56 60 68 69
 49 50 54 55 60 70
 49 50 54 55 60 68 69
 49 50 52 60 72
 49 50 52 60 70 71
 49 50 52 56 60 70
 49 50 52 56 60 68 69
 49 50 52 54 55 60 70
 49 50 52 54 55 60 68 69
 49 50 51 60 72
 49 50 51 60 70 71
 49 50 51 56 60 70
 49 50 51 56 60 68 69
 49 50 51 54 55 60 70
 49 50 51 54 55 60 68 69
 47 58 72
 47 58 70 71
 47 56 60 72
 47 56 60 70
 47 56 60 70 71
 47 56 60 68 69
 47 56 58 70
 47 56 58 68 69
 47 54 55 58 70
 47 54 55 58 68 69
 47 54 55 56 60 70
 47 54 55 56 60 68 69
 45 60 66
 45 60 64
 45 60 64 65
 45 60 62 63
 45 58
 45 58 60 66
 45 58 60 64 65
 45 57 60
 45 53 60
 45 51 60
 45 50 51 60
 45 49 50 60
 45 49 50 52 60
 45 49 50 51 60
 45 47 58
 45 47 56 60
 45 46 58
 45 46 58 72
 45 46 58 70 71
 45 46 56 60
 45 46 56 60 72
 45 46 56 60 70
 45 46 56 60 70 71
 45 46 56 60 68 69
 45 46 56 58 70
 45 46 56 58 68 69
 45 46 54 55 58 70
 45 46 54 55 58 68 69
 45 46 54 55 56 60 70
 45 46 54 55 56 60 68 69
 43 56 60 66
 43 56 60 64 65
 43 56 58 60 66
 43 56 58 60 64 65
 43 56 57 60
 43 54 55 60 66
 43 54 55 60 64 65
 43 54 55 58 60 66
 43 54 55 58 60 64 65
 43 54 55 57 60
 43 53 56 60
 43 53 54 55 60
 43 51 56 60
 43 51 54 55 60
 43 50 51 56 60
 43 50 51 54 55 60
 43 49 50 56 60
 43 49 50 54 55 60
 43 49 50 52 56 60
 43 49 50 52 54 55 60
 43 49 50 51 56 60
 43 49 50 51 54 55 60
 43 47 56 60
 43 47 56 58
 43 47 54 55 58
 43 47 54 55 56 60
 43 45 46 56 60
 43 45 46 56 58
 43 45 46 54 55 58
 43 45 46 54 55 56 60
 43 44 60 64
 43 44 60 62 63
 43 44 58
 39 60 72
 39 60 70 71
 39 58 60 72
 39 58 60 70 71
 39 56 60 70
 39 56 60 68 69
 39 56 58 60 70
 39 56 58 60 68 69
 39 54 55 60 70
 39 54 55 60 68 69
 39 54 55 58 60 70
 39 54 55 58 60 68 69
 39 45 60
 39 45 58 60
 39 43 56 60
 39 43 56 58 60
 39 43 54 55 60
 39 43 54 55 58 60
 38 60 72
 38 60 70 71
 38 56 60 70
 38 56 60 68 69
 38 54 55 60 70
 38 54 55 60 68 69
 38 45 60
 38 43 56 60
 38 43 54 55 60
 37 56 60 72
 37 56 60 70
 37 56 60 70 71
 37 56 60 68 69
 37 54 55 56 60 70
 37 54 55 56 60 68 69
 37 47 56 58 72
 37 47 56 58 70
 37 47 56 58 70 71
 37 47 56 58 68 69
 37 47 54 55 56 58 70
 37 47 54 55 56 58 68 69
 37 45 60
 37 45 56 60
 37 45 47 56 58
 37 45 46 56 58
 37 45 46 56 58 72
 37 45 46 56 58 70
 37 45 46 56 58 70 71
 37 45 46 56 58 68 69
 37 45 46 54 55 56 58 70
 37 45 46 54 55 56 58 68 69
 37 43 56 60
 37 43 54 55 56 60
 37 43 47 56 58
 37 43 47 54 55 56 58
 37 43 45 46 56 58
 37 43 45 46 54 55 56 58
 37 43 44 60
 36 37 60 72
 36 37 60 70 71
 36 37 56 60 70
 36 37 56 60 68 69
 36 37 54 55 60 70
 36 37 54 55 60 68 69
 36 37 45 60
 36 37 43 56 60
 36 37 43 54 55 60
 29 60 66 70
 29 60 66 68 69
 29 60 64 65 70
 29 60 64 65 68 69
 29 58 60 66 70
 29 58 60 66 68 69
 29 58 60 64 65 70
 29 58 60 64 65 68 69
 29 57 60 70
 29 57 60 68 69
 29 53 60 70
 29 53 60 68 69
 29 51 60 70
 29 51 60 68 69
 29 50 51 60 70
 29 50 51 60 68 69
 29 49 50 60 70
 29 49 50 60 68 69
 29 49 50 52 60 70
 29 49 50 52 60 68 69
 29 49 50 51 60 70
 29 49 50 51 60 68 69
 29 47 58 70
 29 47 58 68 69
 29 47 56 60 70
 29 47 56 60 68 69
 29 45 46 58 70
 29 45 46 58 68 69
 29 45 46 56 60 70
 29 45 46 56 60 68 69
 29 43 60 66
 29 43 60 64 65
 29 43 58 60 66
 29 43 58 60 64 65
 29 43 57 60
 29 43 53 60
 29 43 51 60
 29 43 50 51 60
 29 43 49 50 60
 29 43 49 50 52 60
 29 43 49 50 51 60
 29 43 47 58
 29 43 47 56 60
 29 43 45 46 58
 29 43 45 46 56 60
 29 39 60 70
 29 39 60 68 69
 29 39 58 60 70
 29 39 58 60 68 69
 29 39 43 60
 29 39 43 58 60
 29 38 60 70
 29 38 60 68 69
 29 38 43 60
 29 37 56 60 70
 29 37 56 60 68 69
 29 37 47 56 58 70
 29 37 47 56 58 68 69
 29 37 45 46 56 58 70
 29 37 45 46 56 58 68 69
 29 37 43 56 60
 29 37 43 47 56 58
 29 37 43 45 46 56 58
 29 36 37 60 70
 29 36 37 60 68 69
 29 36 37 43 60
 26 60 72
 26 60 70 71
 26 56 60 70
 26 56 60 68 69
 26 54 55 60 70
 26 54 55 60 68 69
 26 45 60
 26 43 56 60
 26 43 54 55 60
 26 29 60 70
 26 29 60 68 69
 26 29 43 60
 25 51 60 72
 25 51 60 70 71
 25 51 56 60 70
 25 51 56 60 68 69
 25 51 54 55 60 70
 25 51 54 55 60 68 69
 25 49 50 60 72
 25 49 50 60 70 71
 25 49 50 56 60 70
 25 49 50 56 60 68 69
 25 49 50 54 55 60 70
 25 49 50 54 55 60 68 69
 25 45 51 60
 25 45 49 50 60
 25 43 51 56 60
 25 43 51 54 55 60
 25 43 49 50 56 60
 25 43 49 50 54 55 60
 25 29 51 60 70
 25 29 51 60 68 69
 25 29 49 50 60 70
 25 29 49 50 60 68 69
 25 29 43 51 60
 25 29 43 49 50 60
 24 60 72
 24 60 70 71
 24 56 60 70
 24 56 60 68 69
 24 54 55 60 70
 24 54 55 60 68 69
 24 52 60 72
 24 52 60 70 71
 24 52 56 60 70
 24 52 56 60 68 69
 24 52 54 55 60 70
 24 52 54 55 60 68 69
 24 50 51 60 72
 24 50 51 60 70 71
 24 50 51 56 60 70
 24 50 51 56 60 68 69
 24 50 51 54 55 60 70
 24 50 51 54 55 60 68 69
 24 45 60
 24 45 52 60
 24 45 50 51 60
 24 43 56 60
 24 43 54 55 60
 24 43 52 56 60
 24 43 52 54 55 60
 24 43 50 51 56 60
 24 43 50 51 54 55 60
 24 29 60 70
 24 29 60 68 69
 24 29 52 60 70
 24 29 52 60 68 69
 24 29 50 51 60 70
 24 29 50 51 60 68 69
 24 29 43 60
 24 29 43 52 60
 24 29 43 50 51 60
 24 25 60 72
 24 25 60 70 71
 24 25 56 60 70
 24 25 56 60 68 69
 24 25 54 55 60 70
 24 25 54 55 60 68 69
 24 25 45 60
 24 25 43 56 60
 24 25 43 54 55 60
 24 25 29 60 70
 24 25 29 60 68 69
 24 25 29 43 60
 20 58 72
 20 58 70 71
 20 56 60 72
 20 56 60 70
 20 56 60 70 71
 20 56 60 68 69
 20 56 58 70
 20 56 58 68 69
 20 54 55 58 70
 20 54 55 58 68 69
 20 54 55 56 60 70
 20 54 55 56 60 68 69
 20 45 58
 20 45 56 60
 20 43 56 60
 20 43 56 58
 20 43 54 55 58
 20 43 54 55 56 60
 20 37 56 58 72
 20 37 56 58 70
 20 37 56 58 70 71
 20 37 56 58 68 69
 20 37 54 55 56 58 70
 20 37 54 55 56 58 68 69
 20 37 45 56 58
 20 37 43 56 58
 20 37 43 54 55 56 58
 20 29 58 70
 20 29 58 68 69
 20 29 56 60 70
 20 29 56 60 68 69
 20 29 43 58
 20 29 43 56 60
 20 29 37 56 58 70
 20 29 37 56 58 68 69
 20 29 37 43 56 58
 18 60 64
 18 60 62 63
 18 58
 18 37 60
 15 60 72
 15 60 70 71
 15 56 60 70
 15 56 60 68 69
 15 54 55 60 70
 15 54 55 60 68 69
 15 45 60
 15 43 56 60
 15 43 54 55 60
 15 29 60 70
 15 29 60 68 69
 15 29 43 60
 13 14 60 72
 13 14 60 70 71
 13 14 56 60 70
 13 14 56 60 68 69
 13 14 54 55 60 70
 13 14 54 55 60 68 69
 13 14 45 60
 13 14 43 56 60
 13 14 43 54 55 60
 13 14 29 60 70
 13 14 29 60 68 69
 13 14 29 43 60
 11 60 72
 11 60 70 71
 11 56 60 70
 11 56 60 68 69
 11 54 55 60 70
 11 54 55 60 68 69
 11 45 60
 11 43 56 60
 11 43 54 55 60
 11 29 60 70
 11 29 60 68 69
 11 29 43 60
