 47 53 58 60 68
 47 51 52 58 60 68
 45 46 53 58 60 68
 45 46 51 52 58 60 68
 39 41 57 58 70
 39 41 57 58 68 69
 39 41 56 57 58 70
 39 41 56 57 58 68 69
 39 41 43 57 58
 39 41 43 56 57 58
 39 40 57 58 70
 39 40 57 58 68 69
 39 40 56 57 58 70
 39 40 56 57 58 68 69
 39 40 43 57 58
 39 40 43 56 57 58
 37 41 53 58 68 70
 37 41 53 58 68 69
 37 41 51 52 58 68 70
 37 41 51 52 58 68 69
 37 41 43 53 58 68
 37 41 43 51 52 58 68
 37 39 40 53 58 68 70
 37 39 40 53 58 68 69
 37 39 40 51 52 58 68 70
 37 39 40 51 52 58 68 69
 37 39 40 43 53 58 68
 37 39 40 43 51 52 58 68
 37 38 41 57 58 70
 37 38 41 57 58 68 69
 37 38 41 56 57 58 70
 37 38 41 56 57 58 68 69
 37 38 41 43 57 58
 37 38 41 43 56 57 58
 37 38 39 40 57 58 70
 37 38 39 40 57 58 68 69
 37 38 39 40 56 57 58 70
 37 38 39 40 56 57 58 68 69
 37 38 39 40 43 57 58
 37 38 39 40 43 56 57 58
 35 39 41 57 58 70
 35 39 41 57 58 68 69
 35 39 41 43 57 58
 35 39 40 57 58 70
 35 39 40 57 58 68 69
 35 39 40 43 57 58
 35 37 38 41 57 58 70
 35 37 38 41 57 58 68 69
 35 37 38 41 43 57 58
 35 37 38 39 40 57 58 70
 35 37 38 39 40 57 58 68 69
 35 37 38 39 40 43 57 58
 26 47 58 60
 26 47 58 60 68
 26 47 53 58 60
 26 47 51 52 58 60
 26 45 46 58 60
 26 45 46 58 60 68
 26 45 46 53 58 60
 26 45 46 51 52 58 60
 26 37 41 58 70
 26 37 41 58 68 70
 26 37 41 53 58 70
 26 37 41 53 58 68 69
 26 37 41 51 52 58 70
 26 37 41 51 52 58 68 69
 26 37 41 43 58
 26 37 41 43 58 68
 26 37 41 43 53 58
 26 37 41 43 51 52 58
 26 37 39 40 58 70
 26 37 39 40 58 68 70
 26 37 39 40 53 58 70
 26 37 39 40 53 58 68 69
 26 37 39 40 51 52 58 70
 26 37 39 40 51 52 58 68 69
 26 37 39 40 43 58
 26 37 39 40 43 58 68
 26 37 39 40 43 53 58
 26 37 39 40 43 51 52 58
 24 25 47 53 58 60
 24 25 47 51 52 58 60
 24 25 45 46 53 58 60
 24 25 45 46 51 52 58 60
 24 25 37 41 53 58 70
 24 25 37 41 53 58 68 69
 24 25 37 41 51 52 58 70
 24 25 37 41 51 52 58 68 69
 24 25 37 41 43 53 58
 24 25 37 41 43 51 52 58
 24 25 37 39 40 53 58 70
 24 25 37 39 40 53 58 68 69
 24 25 37 39 40 51 52 58 70
 24 25 37 39 40 51 52 58 68 69
 24 25 37 39 40 43 53 58
 24 25 37 39 40 43 51 52 58
 24 25 26 47 58 60
 24 25 26 45 46 58 60
 24 25 26 37 41 58 70
 24 25 26 37 41 58 68 69
 24 25 26 37 41 43 58
 24 25 26 37 39 40 58 70
 24 25 26 37 39 40 58 68 69
 24 25 26 37 39 40 43 58
 20 53 58 60 68
 20 51 52 58 60 68
 20 26 58 60
 20 26 58 60 68
 20 26 53 58 60
 20 26 51 52 58 60
 20 24 25 53 58 60
 20 24 25 51 52 58 60
 20 24 25 26 58 60
 15 39 41 58 70
 15 39 41 58 68 69
 15 39 41 56 58 70
 15 39 41 56 58 68 69
 15 39 41 43 58
 15 39 41 43 56 58
 15 39 40 58 70
 15 39 40 58 68 69
 15 39 40 56 58 70
 15 39 40 56 58 68 69
 15 39 40 43 58
 15 39 40 43 56 58
 15 37 38 41 58 70
 15 37 38 41 58 68 69
 15 37 38 41 56 58 70
 15 37 38 41 56 58 68 69
 15 37 38 41 43 58
 15 37 38 41 43 56 58
 15 37 38 39 40 58 70
 15 37 38 39 40 58 68 69
 15 37 38 39 40 56 58 70
 15 37 38 39 40 56 58 68 69
 15 37 38 39 40 43 58
 15 37 38 39 40 43 56 58
 15 35 39 41 58 70
 15 35 39 41 58 68 69
 15 35 39 41 43 58
 15 35 39 40 58 70
 15 35 39 40 58 68 69
 15 35 39 40 43 58
 15 35 37 38 41 58 70
 15 35 37 38 41 58 68 69
 15 35 37 38 41 43 58
 15 35 37 38 39 40 58 70
 15 35 37 38 39 40 58 68 69
 15 35 37 38 39 40 43 58
 14 39 57 58 70
 14 39 57 58 68 69
 14 39 56 57 58 70
 14 39 56 57 58 68 69
 14 39 43 57 58
 14 39 43 56 57 58
 14 37 53 58 68 70
 14 37 53 58 68 69
 14 37 51 52 58 68 70
 14 37 51 52 58 68 69
 14 37 43 53 58 68
 14 37 43 51 52 58 68
 14 37 38 57 58 70
 14 37 38 57 58 68 69
 14 37 38 56 57 58 70
 14 37 38 56 57 58 68 69
 14 37 38 43 57 58
 14 37 38 43 56 57 58
 14 35 39 57 58 70
 14 35 39 57 58 68 69
 14 35 39 43 57 58
 14 35 37 38 57 58 70
 14 35 37 38 57 58 68 69
 14 35 37 38 43 57 58
 14 26 37 58 70
 14 26 37 58 68 70
 14 26 37 53 58 70
 14 26 37 53 58 68 69
 14 26 37 51 52 58 70
 14 26 37 51 52 58 68 69
 14 26 37 43 58
 14 26 37 43 58 68
 14 26 37 43 53 58
 14 26 37 43 51 52 58
 14 24 25 37 53 58 70
 14 24 25 37 53 58 68 69
 14 24 25 37 51 52 58 70
 14 24 25 37 51 52 58 68 69
 14 24 25 37 43 53 58
 14 24 25 37 43 51 52 58
 14 24 25 26 37 58 70
 14 24 25 26 37 58 68 69
 14 24 25 26 37 43 58
 14 15 39 58 70
 14 15 39 58 68 69
 14 15 39 56 58 70
 14 15 39 56 58 68 69
 14 15 39 43 58
 14 15 39 43 56 58
 14 15 37 38 58 70
 14 15 37 38 58 68 69
 14 15 37 38 56 58 70
 14 15 37 38 56 58 68 69
 14 15 37 38 43 58
 14 15 37 38 43 56 58
 14 15 35 39 58 70
 14 15 35 39 58 68 69
 14 15 35 39 43 58
 14 15 35 37 38 58 70
 14 15 35 37 38 58 68 69
 14 15 35 37 38 43 58
 13 14 39 58 70
 13 14 39 58 68 69
 13 14 39 56 58 70
 13 14 39 56 58 68 69
 13 14 39 43 58
 13 14 39 43 56 58
 13 14 39 41 58 70
 13 14 39 41 58 68 69
 13 14 39 41 56 58 70
 13 14 39 41 56 58 68 69
 13 14 39 41 43 58
 13 14 39 41 43 56 58
 13 14 39 40 58 70
 13 14 39 40 58 68 69
 13 14 39 40 56 58 70
 13 14 39 40 56 58 68 69
 13 14 39 40 43 58
 13 14 39 40 43 56 58
 13 14 37 38 58 70
 13 14 37 38 58 68 69
 13 14 37 38 56 58 70
 13 14 37 38 56 58 68 69
 13 14 37 38 43 58
 13 14 37 38 43 56 58
 13 14 37 38 41 58 70
 13 14 37 38 41 58 68 69
 13 14 37 38 41 56 58 70
 13 14 37 38 41 56 58 68 69
 13 14 37 38 41 43 58
 13 14 37 38 41 43 56 58
 13 14 37 38 39 40 58 70
 13 14 37 38 39 40 58 68 69
 13 14 37 38 39 40 56 58 70
 13 14 37 38 39 40 56 58 68 69
 13 14 37 38 39 40 43 58
 13 14 37 38 39 40 43 56 58
 13 14 35 39 58 70
 13 14 35 39 58 68 69
 13 14 35 39 43 58
 13 14 35 39 41 58 70
 13 14 35 39 41 58 68 69
 13 14 35 39 41 43 58
 13 14 35 39 40 58 70
 13 14 35 39 40 58 68 69
 13 14 35 39 40 43 58
 13 14 35 37 38 58 70
 13 14 35 37 38 58 68 69
 13 14 35 37 38 43 58
 13 14 35 37 38 41 58 70
 13 14 35 37 38 41 58 68 69
 13 14 35 37 38 41 43 58
 13 14 35 37 38 39 40 58 70
 13 14 35 37 38 39 40 58 68 69
 13 14 35 37 38 39 40 43 58
 12 41 57 58 70
 12 41 57 58 68 69
 12 41 56 57 58 70
 12 41 56 57 58 68 69
 12 41 43 57 58
 12 41 43 56 57 58
 12 39 40 57 58 70
 12 39 40 57 58 68 69
 12 39 40 56 57 58 70
 12 39 40 56 57 58 68 69
 12 39 40 43 57 58
 12 39 40 43 56 57 58
 12 35 41 57 58 70
 12 35 41 57 58 68 69
 12 35 41 43 57 58
 12 35 39 40 57 58 70
 12 35 39 40 57 58 68 69
 12 35 39 40 43 57 58
 12 15 41 58 70
 12 15 41 58 68 69
 12 15 41 56 58 70
 12 15 41 56 58 68 69
 12 15 41 43 58
 12 15 41 43 56 58
 12 15 39 40 58 70
 12 15 39 40 58 68 69
 12 15 39 40 56 58 70
 12 15 39 40 56 58 68 69
 12 15 39 40 43 58
 12 15 39 40 43 56 58
 12 15 35 41 58 70
 12 15 35 41 58 68 69
 12 15 35 41 43 58
 12 15 35 39 40 58 70
 12 15 35 39 40 58 68 69
 12 15 35 39 40 43 58
 12 14 57 58 70
 12 14 57 58 68 69
 12 14 56 57 58 70
 12 14 56 57 58 68 69
 12 14 43 57 58
 12 14 43 56 57 58
 12 14 35 57 58 70
 12 14 35 57 58 68 69
 12 14 35 43 57 58
 12 14 15 58 70
 12 14 15 58 68 69
 12 14 15 56 58 70
 12 14 15 56 58 68 69
 12 14 15 43 58
 12 14 15 43 56 58
 12 14 15 35 58 70
 12 14 15 35 58 68 69
 12 14 15 35 43 58
 12 13 14 58 70
 12 13 14 58 68 69
 12 13 14 56 58 70
 12 13 14 56 58 68 69
 12 13 14 43 58
 12 13 14 43 56 58
 12 13 14 41 58 70
 12 13 14 41 58 68 69
 12 13 14 41 56 58 70
 12 13 14 41 56 58 68 69
 12 13 14 41 43 58
 12 13 14 41 43 56 58
 12 13 14 39 40 58 70
 12 13 14 39 40 58 68 69
 12 13 14 39 40 56 58 70
 12 13 14 39 40 56 58 68 69
 12 13 14 39 40 43 58
 12 13 14 39 40 43 56 58
 12 13 14 35 58 70
 12 13 14 35 58 68 69
 12 13 14 35 43 58
 12 13 14 35 41 58 70
 12 13 14 35 41 58 68 69
 12 13 14 35 41 43 58
 12 13 14 35 39 40 58 70
 12 13 14 35 39 40 58 68 69
 12 13 14 35 39 40 43 58
