 58 60 72
 58 60 70 71
 56 60 72
 56 60 70 71
 54 58 60 72
 54 58 60 70 71
 54 56 58 60 70
 54 56 58 60 68 69
 54 55 58 60 70
 54 55 58 60 68 69
 52 53 58 60 72
 52 53 58 60 70 71
 52 53 56 58 60 70
 52 53 56 58 60 68 69
 52 53 54 55 58 60 70
 52 53 54 55 58 60 68 69
 47 58 60 72
 47 58 60 70 71
 47 56 57 58 60 72
 47 56 57 58 60 70 71
 45 58 60
 45 56 60
 45 54 58 60
 45 52 53 58 60
 45 47 58 60
 45 47 56 57 58 60
 45 46 58 60
 45 46 58 60 72
 45 46 58 60 70 71
 45 46 56 57 58 60
 45 46 56 57 58 60 72
 45 46 56 57 58 60 70 71
 43 54 56 58 60
 43 54 55 58 60
 43 52 53 56 58 60
 43 52 53 54 55 58 60
 35 60 72
 35 60 70 71
 35 45 60
 31 47 58 60 72
 31 47 58 60 70 71
 31 45 47 58 60
 31 45 46 58 60
 31 45 46 58 60 72
 31 45 46 58 60 70 71
 29 54 58 60 70
 29 54 58 60 68 69
 29 52 53 58 60 70
 29 52 53 58 60 68 69
 29 43 54 58 60
 29 43 52 53 58 60
 27 58 60 72
 27 58 60 70 71
 27 56 58 60 70
 27 56 58 60 68 69
 27 54 55 58 60 70
 27 54 55 58 60 68 69
 27 45 58 60
 27 43 56 58 60
 27 43 54 55 58 60
 27 29 58 60 70
 27 29 58 60 68 69
 27 29 43 58 60
 20 58 60 72
 20 58 60 70 71
 20 56 57 58 60 72
 20 56 57 58 60 70 71
 20 45 58 60
 20 45 56 57 58 60
 20 31 58 60 72
 20 31 58 60 70 71
 20 31 45 58 60
