 60 72
 60 70 71
 60 67 72
 60 67 70 71
 60 65 72
 60 65 72
 60 65 70 71
 60 65 70 71
 60 65 66 72
 60 65 66 70 71
 60 63 64 72
 60 63 64 70 71
 58 72 76
 58 72 74
 58 72 74 75
 58 72 73
 58 70 71 76
 58 70 71 74
 58 70 71 74 75
 58 70 71 72 73
 58 66 72
 58 66 70 71
 58 64 65 72
 58 64 65 70 71
 58 60 72
 58 60 70 71
 56 60 70
 56 60 68 69
 56 60 67 70
 56 60 67 68 69
 56 60 65 70
 56 60 65 70
 56 60 65 68 69
 56 60 65 68 69
 56 60 65 66 70
 56 60 65 66 68 69
 56 60 63 64 70
 56 60 63 64 68 69
 56 58
 56 58 70 76
 56 58 70 74
 56 58 70 74 75
 56 58 70 72 73
 56 58 68 69 76
 56 58 68 69 74
 56 58 68 69 74 75
 56 58 68 69 72 73
 56 58 60 70
 56 58 60 68 69
 56 57 58 72
 56 57 58 70 71
 56 57 58 66 72
 56 57 58 66 70 71
 56 57 58 64 65 72
 56 57 58 64 65 70 71
 54 55 60 70
 54 55 60 68 69
 54 55 60 67 70
 54 55 60 67 68 69
 54 55 60 65 70
 54 55 60 65 70
 54 55 60 65 68 69
 54 55 60 65 68 69
 54 55 60 65 66 70
 54 55 60 65 66 68 69
 54 55 60 63 64 70
 54 55 60 63 64 68 69
 54 55 58
 54 55 58 70 76
 54 55 58 70 74
 54 55 58 70 74 75
 54 55 58 70 72 73
 54 55 58 68 69 76
 54 55 58 68 69 74
 54 55 58 68 69 74 75
 54 55 58 68 69 72 73
 54 55 58 60 70
 54 55 58 60 68 69
 49 58 72
 49 58 70 71
 49 56 58 70
 49 56 58 68 69
 49 54 55 58 70
 49 54 55 58 68 69
 47 58
 47 58 72
 47 58 70 71
 47 56 58 72
 47 56 58 70
 47 56 58 70 71
 47 56 58 68 69
 47 56 57 58 72
 47 56 57 58 70 71
 47 54 55 58 72
 47 54 55 58 70
 47 54 55 58 70 71
 47 54 55 58 68 69
 47 54 55 56 57 58 72
 47 54 55 56 57 58 70 71
 45 60
 45 60 67
 45 60 65
 45 60 65
 45 60 65 66
 45 60 63 64
 45 58 76
 45 58 74
 45 58 74 75
 45 58 72 73
 45 58 66
 45 58 64 65
 45 58 60
 45 56 57 58
 45 56 57 58 66
 45 56 57 58 64 65
 45 49 58
 45 47 58
 45 47 56 58
 45 47 56 57 58
 45 47 54 55 58
 45 47 54 55 56 57 58
 45 46 58
 45 46 56 58
 45 46 56 58 72
 45 46 56 58 70 71
 45 46 56 57 58
 45 46 56 57 58 72
 45 46 56 57 58 70 71
 45 46 54 55 58
 45 46 54 55 58 72
 45 46 54 55 58 70 71
 45 46 54 55 56 57 58
 45 46 54 55 56 57 58 72
 45 46 54 55 56 57 58 70 71
 43 56 60
 43 56 60 67
 43 56 60 65
 43 56 60 65
 43 56 60 65 66
 43 56 60 63 64
 43 56 58 76
 43 56 58 74
 43 56 58 74 75
 43 56 58 72 73
 43 56 58 60
 43 54 55 60
 43 54 55 60 67
 43 54 55 60 65
 43 54 55 60 65
 43 54 55 60 65 66
 43 54 55 60 63 64
 43 54 55 58 76
 43 54 55 58 74
 43 54 55 58 74 75
 43 54 55 58 72 73
 43 54 55 58 60
 43 49 56 58
 43 49 54 55 58
 43 47 56 58
 43 47 54 55 58
 40 60 72
 40 60 70 71
 40 56 60 70
 40 56 60 68 69
 40 54 55 60 70
 40 54 55 60 68 69
 40 45 60
 40 43 56 60
 40 43 54 55 60
 39 58 72
 39 58 70 71
 39 56 57 58 72
 39 56 57 58 70 71
 39 45 58
 39 45 56 57 58
 38 60 72
 38 60 70 71
 38 56 60 70
 38 56 60 68 69
 38 54 55 60 70
 38 54 55 60 68 69
 38 45 60
 38 43 56 60
 38 43 54 55 60
 35 58
 35 58 60
 35 58 60 72
 35 58 60 70 71
 35 56 60 70
 35 56 60 68 69
 35 56 58 72
 35 56 58 70
 35 56 58 70 71
 35 56 58 68 69
 35 56 57 72
 35 56 57 70 71
 35 56 57 58 72
 35 56 57 58 70 71
 35 56 57 58 60 72
 35 56 57 58 60 70 71
 35 54 55 60 70
 35 54 55 60 68 69
 35 54 55 58 70
 35 54 55 58 68 69
 35 45 58 60
 35 45 56 58
 35 45 56 57
 35 45 56 57 58
 35 45 56 57 58 60
 35 43 56 60
 35 43 56 58
 35 43 54 55 60
 35 43 54 55 58
 31 58 72
 31 58 70 71
 31 58 66 72
 31 58 66 70 71
 31 58 64 65 72
 31 58 64 65 70 71
 31 47 56 58 72
 31 47 56 58 70 71
 31 47 54 55 58 72
 31 47 54 55 58 70 71
 31 45 58
 31 45 58 66
 31 45 58 64 65
 31 45 47 56 58
 31 45 47 54 55 58
 31 45 46 56 58
 31 45 46 56 58 72
 31 45 46 56 58 70 71
 31 45 46 54 55 58
 31 45 46 54 55 58 72
 31 45 46 54 55 58 70 71
 31 39 58 72
 31 39 58 70 71
 31 39 45 58
 31 35 58 72
 31 35 58 70 71
 31 35 58 60 72
 31 35 58 60 70 71
 31 35 56 72
 31 35 56 70 71
 31 35 45 58
 31 35 45 58 60
 31 35 45 56
 30 56 58
 30 54 55 58
 29 60 70
 29 60 68 69
 29 60 67 70
 29 60 67 68 69
 29 60 65 70
 29 60 65 70
 29 60 65 68 69
 29 60 65 68 69
 29 60 65 66 70
 29 60 65 66 68 69
 29 60 63 64 70
 29 60 63 64 68 69
 29 58
 29 58 70 76
 29 58 70 74
 29 58 70 74 75
 29 58 70 72 73
 29 58 68 69 76
 29 58 68 69 74
 29 58 68 69 74 75
 29 58 68 69 72 73
 29 58 60 70
 29 58 60 68 69
 29 49 58 70
 29 49 58 68 69
 29 47 58 72
 29 47 58 70
 29 47 58 70 71
 29 47 58 68 69
 29 47 56 57 58 72
 29 47 56 57 58 70 71
 29 45 47 58
 29 45 47 56 57 58
 29 45 46 58
 29 45 46 58 72
 29 45 46 58 70 71
 29 45 46 56 57 58
 29 45 46 56 57 58 72
 29 45 46 56 57 58 70 71
 29 43 60
 29 43 60 67
 29 43 60 65
 29 43 60 65
 29 43 60 65 66
 29 43 60 63 64
 29 43 58 76
 29 43 58 74
 29 43 58 74 75
 29 43 58 72 73
 29 43 58 60
 29 43 49 58
 29 43 47 58
 29 40 60 70
 29 40 60 68 69
 29 40 43 60
 29 38 60 70
 29 38 60 68 69
 29 38 43 60
 29 35 60 70
 29 35 60 68 69
 29 35 58 70
 29 35 58 68 69
 29 35 43 60
 29 35 43 58
 29 31 47 58 72
 29 31 47 58 70 71
 29 31 45 47 58
 29 31 45 46 58
 29 31 45 46 58 72
 29 31 45 46 58 70 71
 29 30 58
 28 47 56 58 70
 28 47 56 58 68 69
 28 47 56 57 58 70
 28 47 56 57 58 68 69
 28 47 54 55 58 70
 28 47 54 55 58 68 69
 28 47 54 55 56 57 58 70
 28 47 54 55 56 57 58 68 69
 28 45 46 56 58 70
 28 45 46 56 58 68 69
 28 45 46 56 57 58 70
 28 45 46 56 57 58 68 69
 28 45 46 54 55 58 70
 28 45 46 54 55 58 68 69
 28 45 46 54 55 56 57 58 70
 28 45 46 54 55 56 57 58 68 69
 28 43 47 56 58
 28 43 47 56 57 58
 28 43 47 54 55 58
 28 43 47 54 55 56 57 58
 28 43 45 46 56 58
 28 43 45 46 56 57 58
 28 43 45 46 54 55 58
 28 43 45 46 54 55 56 57 58
 28 35 60 72
 28 35 60 70 71
 28 35 60 67 72
 28 35 60 67 70 71
 28 35 60 65 72
 28 35 60 65 72
 28 35 60 65 70 71
 28 35 60 65 70 71
 28 35 60 65 66 72
 28 35 60 65 66 70 71
 28 35 60 63 64 72
 28 35 60 63 64 70 71
 28 35 58 72 74
 28 35 58 72 73
 28 35 58 70 71 74
 28 35 58 70 71 72 73
 28 35 58 60 72
 28 35 58 60 70 71
 28 35 56 60 70
 28 35 56 60 68 69
 28 35 56 60 67 70
 28 35 56 60 67 68 69
 28 35 56 60 65 70
 28 35 56 60 65 70
 28 35 56 60 65 68 69
 28 35 56 60 65 68 69
 28 35 56 60 65 66 70
 28 35 56 60 65 66 68 69
 28 35 56 60 63 64 70
 28 35 56 60 63 64 68 69
 28 35 56 58 70 74
 28 35 56 58 70 72 73
 28 35 56 58 68 69 74
 28 35 56 58 68 69 72 73
 28 35 56 58 60 70
 28 35 56 58 60 68 69
 28 35 54 55 60 70
 28 35 54 55 60 68 69
 28 35 54 55 60 67 70
 28 35 54 55 60 67 68 69
 28 35 54 55 60 65 70
 28 35 54 55 60 65 70
 28 35 54 55 60 65 68 69
 28 35 54 55 60 65 68 69
 28 35 54 55 60 65 66 70
 28 35 54 55 60 65 66 68 69
 28 35 54 55 60 63 64 70
 28 35 54 55 60 63 64 68 69
 28 35 54 55 58 70 74
 28 35 54 55 58 70 72 73
 28 35 54 55 58 68 69 74
 28 35 54 55 58 68 69 72 73
 28 35 54 55 58 60 70
 28 35 54 55 58 60 68 69
 28 35 47 58 72
 28 35 47 58 70 71
 28 35 47 56 58 70
 28 35 47 56 58 68 69
 28 35 47 54 55 58 70
 28 35 47 54 55 58 68 69
 28 35 45 60
 28 35 45 60 67
 28 35 45 60 65
 28 35 45 60 65
 28 35 45 60 65 66
 28 35 45 60 63 64
 28 35 45 58 74
 28 35 45 58 72 73
 28 35 45 58 60
 28 35 45 47 58
 28 35 43 56 60
 28 35 43 56 60 67
 28 35 43 56 60 65
 28 35 43 56 60 65
 28 35 43 56 60 65 66
 28 35 43 56 60 63 64
 28 35 43 56 58 74
 28 35 43 56 58 72 73
 28 35 43 56 58 60
 28 35 43 54 55 60
 28 35 43 54 55 60 67
 28 35 43 54 55 60 65
 28 35 43 54 55 60 65
 28 35 43 54 55 60 65 66
 28 35 43 54 55 60 63 64
 28 35 43 54 55 58 74
 28 35 43 54 55 58 72 73
 28 35 43 54 55 58 60
 28 35 43 47 56 58
 28 35 43 47 54 55 58
 28 35 40 60 72
 28 35 40 60 70 71
 28 35 40 56 60 70
 28 35 40 56 60 68 69
 28 35 40 54 55 60 70
 28 35 40 54 55 60 68 69
 28 35 40 45 60
 28 35 40 43 56 60
 28 35 40 43 54 55 60
 28 35 38 60 72
 28 35 38 60 70 71
 28 35 38 56 60 70
 28 35 38 56 60 68 69
 28 35 38 54 55 60 70
 28 35 38 54 55 60 68 69
 28 35 38 45 60
 28 35 38 43 56 60
 28 35 38 43 54 55 60
 28 31 47 56 58 70
 28 31 47 56 58 68 69
 28 31 47 54 55 58 70
 28 31 47 54 55 58 68 69
 28 31 45 46 56 58 70
 28 31 45 46 56 58 68 69
 28 31 45 46 54 55 58 70
 28 31 45 46 54 55 58 68 69
 28 31 43 47 56 58
 28 31 43 47 54 55 58
 28 31 43 45 46 56 58
 28 31 43 45 46 54 55 58
 28 29 58
 28 29 56 58
 28 29 54 55 58
 28 29 47 58 70
 28 29 47 58 68 69
 28 29 47 56 57 58 70
 28 29 47 56 57 58 68 69
 28 29 45 46 58 70
 28 29 45 46 58 68 69
 28 29 45 46 56 57 58 70
 28 29 45 46 56 57 58 68 69
 28 29 43 47 58
 28 29 43 47 56 57 58
 28 29 43 45 46 58
 28 29 43 45 46 56 57 58
 28 29 35 60 70
 28 29 35 60 68 69
 28 29 35 60 67 70
 28 29 35 60 67 68 69
 28 29 35 60 65 70
 28 29 35 60 65 70
 28 29 35 60 65 68 69
 28 29 35 60 65 68 69
 28 29 35 60 65 66 70
 28 29 35 60 65 66 68 69
 28 29 35 60 63 64 70
 28 29 35 60 63 64 68 69
 28 29 35 58 70 74
 28 29 35 58 70 72 73
 28 29 35 58 68 69 74
 28 29 35 58 68 69 72 73
 28 29 35 58 60 70
 28 29 35 58 60 68 69
 28 29 35 47 58 70
 28 29 35 47 58 68 69
 28 29 35 43 60
 28 29 35 43 60 67
 28 29 35 43 60 65
 28 29 35 43 60 65
 28 29 35 43 60 65 66
 28 29 35 43 60 63 64
 28 29 35 43 58 74
 28 29 35 43 58 72 73
 28 29 35 43 58 60
 28 29 35 43 47 58
 28 29 35 40 60 70
 28 29 35 40 60 68 69
 28 29 35 40 43 60
 28 29 35 38 60 70
 28 29 35 38 60 68 69
 28 29 35 38 43 60
 28 29 31 47 58 70
 28 29 31 47 58 68 69
 28 29 31 45 46 58 70
 28 29 31 45 46 58 68 69
 28 29 31 43 47 58
 28 29 31 43 45 46 58
 26 27 47 56 58 70
 26 27 47 56 58 68 69
 26 27 47 56 57 58 70
 26 27 47 56 57 58 68 69
 26 27 47 54 55 58 70
 26 27 47 54 55 58 68 69
 26 27 47 54 55 56 57 58 70
 26 27 47 54 55 56 57 58 68 69
 26 27 45 46 56 58 70
 26 27 45 46 56 58 68 69
 26 27 45 46 56 57 58 70
 26 27 45 46 56 57 58 68 69
 26 27 45 46 54 55 58 70
 26 27 45 46 54 55 58 68 69
 26 27 45 46 54 55 56 57 58 70
 26 27 45 46 54 55 56 57 58 68 69
 26 27 43 47 56 58
 26 27 43 47 56 57 58
 26 27 43 47 54 55 58
 26 27 43 47 54 55 56 57 58
 26 27 43 45 46 56 58
 26 27 43 45 46 56 57 58
 26 27 43 45 46 54 55 58
 26 27 43 45 46 54 55 56 57 58
 26 27 35 60 72
 26 27 35 60 70 71
 26 27 35 60 67 72
 26 27 35 60 67 70 71
 26 27 35 60 65 72
 26 27 35 60 65 72
 26 27 35 60 65 70 71
 26 27 35 60 65 70 71
 26 27 35 60 65 66 72
 26 27 35 60 65 66 70 71
 26 27 35 60 63 64 72
 26 27 35 60 63 64 70 71
 26 27 35 58 72 74
 26 27 35 58 72 73
 26 27 35 58 70 71 74
 26 27 35 58 70 71 72 73
 26 27 35 58 60 72
 26 27 35 58 60 70 71
 26 27 35 56 60 70
 26 27 35 56 60 68 69
 26 27 35 56 60 67 70
 26 27 35 56 60 67 68 69
 26 27 35 56 60 65 70
 26 27 35 56 60 65 70
 26 27 35 56 60 65 68 69
 26 27 35 56 60 65 68 69
 26 27 35 56 60 65 66 70
 26 27 35 56 60 65 66 68 69
 26 27 35 56 60 63 64 70
 26 27 35 56 60 63 64 68 69
 26 27 35 56 58 70 74
 26 27 35 56 58 70 72 73
 26 27 35 56 58 68 69 74
 26 27 35 56 58 68 69 72 73
 26 27 35 56 58 60 70
 26 27 35 56 58 60 68 69
 26 27 35 54 55 60 70
 26 27 35 54 55 60 68 69
 26 27 35 54 55 60 67 70
 26 27 35 54 55 60 67 68 69
 26 27 35 54 55 60 65 70
 26 27 35 54 55 60 65 70
 26 27 35 54 55 60 65 68 69
 26 27 35 54 55 60 65 68 69
 26 27 35 54 55 60 65 66 70
 26 27 35 54 55 60 65 66 68 69
 26 27 35 54 55 60 63 64 70
 26 27 35 54 55 60 63 64 68 69
 26 27 35 54 55 58 70 74
 26 27 35 54 55 58 70 72 73
 26 27 35 54 55 58 68 69 74
 26 27 35 54 55 58 68 69 72 73
 26 27 35 54 55 58 60 70
 26 27 35 54 55 58 60 68 69
 26 27 35 47 58 72
 26 27 35 47 58 70 71
 26 27 35 47 56 58 70
 26 27 35 47 56 58 68 69
 26 27 35 47 54 55 58 70
 26 27 35 47 54 55 58 68 69
 26 27 35 45 60
 26 27 35 45 60 67
 26 27 35 45 60 65
 26 27 35 45 60 65
 26 27 35 45 60 65 66
 26 27 35 45 60 63 64
 26 27 35 45 58 74
 26 27 35 45 58 72 73
 26 27 35 45 58 60
 26 27 35 45 47 58
 26 27 35 43 56 60
 26 27 35 43 56 60 67
 26 27 35 43 56 60 65
 26 27 35 43 56 60 65
 26 27 35 43 56 60 65 66
 26 27 35 43 56 60 63 64
 26 27 35 43 56 58 74
 26 27 35 43 56 58 72 73
 26 27 35 43 56 58 60
 26 27 35 43 54 55 60
 26 27 35 43 54 55 60 67
 26 27 35 43 54 55 60 65
 26 27 35 43 54 55 60 65
 26 27 35 43 54 55 60 65 66
 26 27 35 43 54 55 60 63 64
 26 27 35 43 54 55 58 74
 26 27 35 43 54 55 58 72 73
 26 27 35 43 54 55 58 60
 26 27 35 43 47 56 58
 26 27 35 43 47 54 55 58
 26 27 35 40 60 72
 26 27 35 40 60 70 71
 26 27 35 40 56 60 70
 26 27 35 40 56 60 68 69
 26 27 35 40 54 55 60 70
 26 27 35 40 54 55 60 68 69
 26 27 35 40 45 60
 26 27 35 40 43 56 60
 26 27 35 40 43 54 55 60
 26 27 35 38 60 72
 26 27 35 38 60 70 71
 26 27 35 38 56 60 70
 26 27 35 38 56 60 68 69
 26 27 35 38 54 55 60 70
 26 27 35 38 54 55 60 68 69
 26 27 35 38 45 60
 26 27 35 38 43 56 60
 26 27 35 38 43 54 55 60
 26 27 31 47 56 58 70
 26 27 31 47 56 58 68 69
 26 27 31 47 54 55 58 70
 26 27 31 47 54 55 58 68 69
 26 27 31 45 46 56 58 70
 26 27 31 45 46 56 58 68 69
 26 27 31 45 46 54 55 58 70
 26 27 31 45 46 54 55 58 68 69
 26 27 31 43 47 56 58
 26 27 31 43 47 54 55 58
 26 27 31 43 45 46 56 58
 26 27 31 43 45 46 54 55 58
 26 27 29 47 58 70
 26 27 29 47 58 68 69
 26 27 29 47 56 57 58 70
 26 27 29 47 56 57 58 68 69
 26 27 29 45 46 58 70
 26 27 29 45 46 58 68 69
 26 27 29 45 46 56 57 58 70
 26 27 29 45 46 56 57 58 68 69
 26 27 29 43 47 58
 26 27 29 43 47 56 57 58
 26 27 29 43 45 46 58
 26 27 29 43 45 46 56 57 58
 26 27 29 35 60 70
 26 27 29 35 60 68 69
 26 27 29 35 60 67 70
 26 27 29 35 60 67 68 69
 26 27 29 35 60 65 70
 26 27 29 35 60 65 70
 26 27 29 35 60 65 68 69
 26 27 29 35 60 65 68 69
 26 27 29 35 60 65 66 70
 26 27 29 35 60 65 66 68 69
 26 27 29 35 60 63 64 70
 26 27 29 35 60 63 64 68 69
 26 27 29 35 58 70 74
 26 27 29 35 58 70 72 73
 26 27 29 35 58 68 69 74
 26 27 29 35 58 68 69 72 73
 26 27 29 35 58 60 70
 26 27 29 35 58 60 68 69
 26 27 29 35 47 58 70
 26 27 29 35 47 58 68 69
 26 27 29 35 43 60
 26 27 29 35 43 60 67
 26 27 29 35 43 60 65
 26 27 29 35 43 60 65
 26 27 29 35 43 60 65 66
 26 27 29 35 43 60 63 64
 26 27 29 35 43 58 74
 26 27 29 35 43 58 72 73
 26 27 29 35 43 58 60
 26 27 29 35 43 47 58
 26 27 29 35 40 60 70
 26 27 29 35 40 60 68 69
 26 27 29 35 40 43 60
 26 27 29 35 38 60 70
 26 27 29 35 38 60 68 69
 26 27 29 35 38 43 60
 26 27 29 31 47 58 70
 26 27 29 31 47 58 68 69
 26 27 29 31 45 46 58 70
 26 27 29 31 45 46 58 68 69
 26 27 29 31 43 47 58
 26 27 29 31 43 45 46 58
 20 58
 20 56 58 72
 20 56 58 70 71
 20 56 57 58 72
 20 56 57 58 70 71
 20 54 55 58 72
 20 54 55 58 70 71
 20 54 55 56 57 58 72
 20 54 55 56 57 58 70 71
 20 45 56 58
 20 45 56 57 58
 20 45 54 55 58
 20 45 54 55 56 57 58
 20 31 56 58 72
 20 31 56 58 70 71
 20 31 54 55 58 72
 20 31 54 55 58 70 71
 20 31 45 56 58
 20 31 45 54 55 58
 20 29 58 72
 20 29 58 70 71
 20 29 56 57 58 72
 20 29 56 57 58 70 71
 20 29 45 58
 20 29 45 56 57 58
 20 29 31 58 72
 20 29 31 58 70 71
 20 29 31 45 58
 20 28 56 58 70
 20 28 56 58 68 69
 20 28 56 57 58 70
 20 28 56 57 58 68 69
 20 28 54 55 58 70
 20 28 54 55 58 68 69
 20 28 54 55 56 57 58 70
 20 28 54 55 56 57 58 68 69
 20 28 43 56 58
 20 28 43 56 57 58
 20 28 43 54 55 58
 20 28 43 54 55 56 57 58
 20 28 31 56 58 70
 20 28 31 56 58 68 69
 20 28 31 54 55 58 70
 20 28 31 54 55 58 68 69
 20 28 31 43 56 58
 20 28 31 43 54 55 58
 20 28 29 58 70
 20 28 29 58 68 69
 20 28 29 56 57 58 70
 20 28 29 56 57 58 68 69
 20 28 29 43 58
 20 28 29 43 56 57 58
 20 28 29 31 58 70
 20 28 29 31 58 68 69
 20 28 29 31 43 58
 20 26 27 56 58 70
 20 26 27 56 58 68 69
 20 26 27 56 57 58 70
 20 26 27 56 57 58 68 69
 20 26 27 54 55 58 70
 20 26 27 54 55 58 68 69
 20 26 27 54 55 56 57 58 70
 20 26 27 54 55 56 57 58 68 69
 20 26 27 43 56 58
 20 26 27 43 56 57 58
 20 26 27 43 54 55 58
 20 26 27 43 54 55 56 57 58
 20 26 27 31 56 58 70
 20 26 27 31 56 58 68 69
 20 26 27 31 54 55 58 70
 20 26 27 31 54 55 58 68 69
 20 26 27 31 43 56 58
 20 26 27 31 43 54 55 58
 20 26 27 29 58 70
 20 26 27 29 58 68 69
 20 26 27 29 56 57 58 70
 20 26 27 29 56 57 58 68 69
 20 26 27 29 43 58
 20 26 27 29 43 56 57 58
 20 26 27 29 31 58 70
 20 26 27 29 31 58 68 69
 20 26 27 29 31 43 58
 3 56 58
 3 54 55 58
 3 29 58
 1 47 56 58 70
 1 47 56 58 68 69
 1 47 56 57 58 70
 1 47 56 57 58 68 69
 1 47 54 55 58 70
 1 47 54 55 58 68 69
 1 47 54 55 56 57 58 70
 1 47 54 55 56 57 58 68 69
 1 45 46 56 58 70
 1 45 46 56 58 68 69
 1 45 46 56 57 58 70
 1 45 46 56 57 58 68 69
 1 45 46 54 55 58 70
 1 45 46 54 55 58 68 69
 1 45 46 54 55 56 57 58 70
 1 45 46 54 55 56 57 58 68 69
 1 43 47 56 58
 1 43 47 56 57 58
 1 43 47 54 55 58
 1 43 47 54 55 56 57 58
 1 43 45 46 56 58
 1 43 45 46 56 57 58
 1 43 45 46 54 55 58
 1 43 45 46 54 55 56 57 58
 1 35 60 72
 1 35 60 70 71
 1 35 60 67 72
 1 35 60 67 70 71
 1 35 60 65 72
 1 35 60 65 72
 1 35 60 65 70 71
 1 35 60 65 70 71
 1 35 60 65 66 72
 1 35 60 65 66 70 71
 1 35 60 63 64 72
 1 35 60 63 64 70 71
 1 35 58 72 74
 1 35 58 72 73
 1 35 58 70 71 74
 1 35 58 70 71 72 73
 1 35 58 60 72
 1 35 58 60 70 71
 1 35 56 60 70
 1 35 56 60 68 69
 1 35 56 60 67 70
 1 35 56 60 67 68 69
 1 35 56 60 65 70
 1 35 56 60 65 70
 1 35 56 60 65 68 69
 1 35 56 60 65 68 69
 1 35 56 60 65 66 70
 1 35 56 60 65 66 68 69
 1 35 56 60 63 64 70
 1 35 56 60 63 64 68 69
 1 35 56 58 70 74
 1 35 56 58 70 72 73
 1 35 56 58 68 69 74
 1 35 56 58 68 69 72 73
 1 35 56 58 60 70
 1 35 56 58 60 68 69
 1 35 54 55 60 70
 1 35 54 55 60 68 69
 1 35 54 55 60 67 70
 1 35 54 55 60 67 68 69
 1 35 54 55 60 65 70
 1 35 54 55 60 65 70
 1 35 54 55 60 65 68 69
 1 35 54 55 60 65 68 69
 1 35 54 55 60 65 66 70
 1 35 54 55 60 65 66 68 69
 1 35 54 55 60 63 64 70
 1 35 54 55 60 63 64 68 69
 1 35 54 55 58 70 74
 1 35 54 55 58 70 72 73
 1 35 54 55 58 68 69 74
 1 35 54 55 58 68 69 72 73
 1 35 54 55 58 60 70
 1 35 54 55 58 60 68 69
 1 35 47 58 72
 1 35 47 58 70 71
 1 35 47 56 58 70
 1 35 47 56 58 68 69
 1 35 47 54 55 58 70
 1 35 47 54 55 58 68 69
 1 35 45 60
 1 35 45 60 67
 1 35 45 60 65
 1 35 45 60 65
 1 35 45 60 65 66
 1 35 45 60 63 64
 1 35 45 58 74
 1 35 45 58 72 73
 1 35 45 58 60
 1 35 45 47 58
 1 35 43 56 60
 1 35 43 56 60 67
 1 35 43 56 60 65
 1 35 43 56 60 65
 1 35 43 56 60 65 66
 1 35 43 56 60 63 64
 1 35 43 56 58 74
 1 35 43 56 58 72 73
 1 35 43 56 58 60
 1 35 43 54 55 60
 1 35 43 54 55 60 67
 1 35 43 54 55 60 65
 1 35 43 54 55 60 65
 1 35 43 54 55 60 65 66
 1 35 43 54 55 60 63 64
 1 35 43 54 55 58 74
 1 35 43 54 55 58 72 73
 1 35 43 54 55 58 60
 1 35 43 47 56 58
 1 35 43 47 54 55 58
 1 35 40 60 72
 1 35 40 60 70 71
 1 35 40 56 60 70
 1 35 40 56 60 68 69
 1 35 40 54 55 60 70
 1 35 40 54 55 60 68 69
 1 35 40 45 60
 1 35 40 43 56 60
 1 35 40 43 54 55 60
 1 35 38 60 72
 1 35 38 60 70 71
 1 35 38 56 60 70
 1 35 38 56 60 68 69
 1 35 38 54 55 60 70
 1 35 38 54 55 60 68 69
 1 35 38 45 60
 1 35 38 43 56 60
 1 35 38 43 54 55 60
 1 31 47 56 58 70
 1 31 47 56 58 68 69
 1 31 47 54 55 58 70
 1 31 47 54 55 58 68 69
 1 31 45 46 56 58 70
 1 31 45 46 56 58 68 69
 1 31 45 46 54 55 58 70
 1 31 45 46 54 55 58 68 69
 1 31 43 47 56 58
 1 31 43 47 54 55 58
 1 31 43 45 46 56 58
 1 31 43 45 46 54 55 58
 1 29 47 58 70
 1 29 47 58 68 69
 1 29 47 56 57 58 70
 1 29 47 56 57 58 68 69
 1 29 45 46 58 70
 1 29 45 46 58 68 69
 1 29 45 46 56 57 58 70
 1 29 45 46 56 57 58 68 69
 1 29 43 47 58
 1 29 43 47 56 57 58
 1 29 43 45 46 58
 1 29 43 45 46 56 57 58
 1 29 35 60 70
 1 29 35 60 68 69
 1 29 35 60 67 70
 1 29 35 60 67 68 69
 1 29 35 60 65 70
 1 29 35 60 65 70
 1 29 35 60 65 68 69
 1 29 35 60 65 68 69
 1 29 35 60 65 66 70
 1 29 35 60 65 66 68 69
 1 29 35 60 63 64 70
 1 29 35 60 63 64 68 69
 1 29 35 58 70 74
 1 29 35 58 70 72 73
 1 29 35 58 68 69 74
 1 29 35 58 68 69 72 73
 1 29 35 58 60 70
 1 29 35 58 60 68 69
 1 29 35 47 58 70
 1 29 35 47 58 68 69
 1 29 35 43 60
 1 29 35 43 60 67
 1 29 35 43 60 65
 1 29 35 43 60 65
 1 29 35 43 60 65 66
 1 29 35 43 60 63 64
 1 29 35 43 58 74
 1 29 35 43 58 72 73
 1 29 35 43 58 60
 1 29 35 43 47 58
 1 29 35 40 60 70
 1 29 35 40 60 68 69
 1 29 35 40 43 60
 1 29 35 38 60 70
 1 29 35 38 60 68 69
 1 29 35 38 43 60
 1 29 31 47 58 70
 1 29 31 47 58 68 69
 1 29 31 45 46 58 70
 1 29 31 45 46 58 68 69
 1 29 31 43 47 58
 1 29 31 43 45 46 58
 1 20 56 58 70
 1 20 56 58 68 69
 1 20 56 57 58 70
 1 20 56 57 58 68 69
 1 20 54 55 58 70
 1 20 54 55 58 68 69
 1 20 54 55 56 57 58 70
 1 20 54 55 56 57 58 68 69
 1 20 43 56 58
 1 20 43 56 57 58
 1 20 43 54 55 58
 1 20 43 54 55 56 57 58
 1 20 31 56 58 70
 1 20 31 56 58 68 69
 1 20 31 54 55 58 70
 1 20 31 54 55 58 68 69
 1 20 31 43 56 58
 1 20 31 43 54 55 58
 1 20 29 58 70
 1 20 29 58 68 69
 1 20 29 56 57 58 70
 1 20 29 56 57 58 68 69
 1 20 29 43 58
 1 20 29 43 56 57 58
 1 20 29 31 58 70
 1 20 29 31 58 68 69
 1 20 29 31 43 58
