 58 68
 45 58
 43 44 58
 41 45 58
 41 43 44 58
 39 40 45 58
 39 40 43 44 58
 38 45 57 58 68
 38 43 44 57 58 68
 38 41 45 58
 38 41 45 57 58
 38 41 45 57 58 68
 38 41 43 44 58
 38 41 43 44 57 58
 38 41 43 44 57 58 68
 38 39 40 45 58
 38 39 40 45 57 58
 38 39 40 45 57 58 68
 38 39 40 43 44 58
 38 39 40 43 44 57 58
 38 39 40 43 44 57 58 68
 36 37 45 57 58 68
 36 37 43 44 57 58 68
 36 37 41 45 58
 36 37 41 45 57 58
 36 37 41 45 57 58 68
 36 37 41 43 44 58
 36 37 41 43 44 57 58
 36 37 41 43 44 57 58 68
 36 37 39 40 45 58
 36 37 39 40 45 57 58
 36 37 39 40 45 57 58 68
 36 37 39 40 43 44 58
 36 37 39 40 43 44 57 58
 36 37 39 40 43 44 57 58 68
 28 58 72
 28 58 70 71
 28 56 57 58 72
 28 56 57 58 70 71
 28 45 58
 28 45 56 57 58
 28 41 56 58 72
 28 41 56 58 70 71
 28 41 56 57 72
 28 41 56 57 70 71
 28 41 47 58
 28 41 45 56 58
 28 41 45 56 57
 28 41 45 46 58
 28 39 40 56 58 72
 28 39 40 56 58 70 71
 28 39 40 56 57 72
 28 39 40 56 57 70 71
 28 39 40 47 58
 28 39 40 45 56 58
 28 39 40 45 56 57
 28 39 40 45 46 58
 28 31 58 72
 28 31 58 70 71
 28 31 45 58
 28 31 41 56 72
 28 31 41 56 70 71
 28 31 41 45 56
 28 31 39 40 56 72
 28 31 39 40 56 70 71
 28 31 39 40 45 56
 26 58
 26 38 45 57 58
 26 38 43 44 57 58
 26 38 41 45 57 58
 26 38 41 43 44 57 58
 26 38 39 40 45 57 58
 26 38 39 40 43 44 57 58
 26 36 37 45 57 58
 26 36 37 43 44 57 58
 26 36 37 41 45 57 58
 26 36 37 41 43 44 57 58
 26 36 37 39 40 45 57 58
 26 36 37 39 40 43 44 57 58
 26 27 58 72
 26 27 58 70 71
 26 27 56 57 58 72
 26 27 56 57 58 70 71
 26 27 45 58
 26 27 45 56 57 58
 26 27 41 56 58 72
 26 27 41 56 58 70 71
 26 27 41 56 57 72
 26 27 41 56 57 70 71
 26 27 41 47 58
 26 27 41 45 56 58
 26 27 41 45 56 57
 26 27 41 45 46 58
 26 27 39 40 56 58 72
 26 27 39 40 56 58 70 71
 26 27 39 40 56 57 72
 26 27 39 40 56 57 70 71
 26 27 39 40 47 58
 26 27 39 40 45 56 58
 26 27 39 40 45 56 57
 26 27 39 40 45 46 58
 26 27 31 58 72
 26 27 31 58 70 71
 26 27 31 45 58
 26 27 31 41 56 72
 26 27 31 41 56 70 71
 26 27 31 41 45 56
 26 27 31 39 40 56 72
 26 27 31 39 40 56 70 71
 26 27 31 39 40 45 56
 24 25 58
 24 25 38 45 57 58
 24 25 38 43 44 57 58
 24 25 38 41 45 57 58
 24 25 38 41 43 44 57 58
 24 25 38 39 40 45 57 58
 24 25 38 39 40 43 44 57 58
 24 25 36 37 45 57 58
 24 25 36 37 43 44 57 58
 24 25 36 37 41 45 57 58
 24 25 36 37 41 43 44 57 58
 24 25 36 37 39 40 45 57 58
 24 25 36 37 39 40 43 44 57 58
 20 28 41 58
 20 28 39 40 58
 20 26 27 41 58
 20 26 27 39 40 58
 18 58
 18 41 58
 18 39 40 58
 18 38 57 58 68
 18 38 41 58
 18 38 41 57 58
 18 38 41 57 58 68
 18 38 39 40 58
 18 38 39 40 57 58
 18 38 39 40 57 58 68
 18 36 37 57 58 68
 18 36 37 41 58
 18 36 37 41 57 58
 18 36 37 41 57 58 68
 18 36 37 39 40 58
 18 36 37 39 40 57 58
 18 36 37 39 40 57 58 68
 18 26 38 57 58
 18 26 38 41 57 58
 18 26 38 39 40 57 58
 18 26 36 37 57 58
 18 26 36 37 41 57 58
 18 26 36 37 39 40 57 58
 18 24 25 38 57 58
 18 24 25 38 41 57 58
 18 24 25 38 39 40 57 58
 18 24 25 36 37 57 58
 18 24 25 36 37 41 57 58
 18 24 25 36 37 39 40 57 58
 15 38 45 58 68
 15 38 43 44 58 68
 15 38 41 45 58
 15 38 41 45 58 68
 15 38 41 43 44 58
 15 38 41 43 44 58 68
 15 38 39 40 45 58
 15 38 39 40 45 58 68
 15 38 39 40 43 44 58
 15 38 39 40 43 44 58 68
 15 36 37 45 58 68
 15 36 37 43 44 58 68
 15 36 37 41 45 58
 15 36 37 41 45 58 68
 15 36 37 41 43 44 58
 15 36 37 41 43 44 58 68
 15 36 37 39 40 45 58
 15 36 37 39 40 45 58 68
 15 36 37 39 40 43 44 58
 15 36 37 39 40 43 44 58 68
 15 26 38 45 58
 15 26 38 43 44 58
 15 26 38 41 45 58
 15 26 38 41 43 44 58
 15 26 38 39 40 45 58
 15 26 38 39 40 43 44 58
 15 26 36 37 45 58
 15 26 36 37 43 44 58
 15 26 36 37 41 45 58
 15 26 36 37 41 43 44 58
 15 26 36 37 39 40 45 58
 15 26 36 37 39 40 43 44 58
 15 24 25 38 45 58
 15 24 25 38 43 44 58
 15 24 25 38 41 45 58
 15 24 25 38 41 43 44 58
 15 24 25 38 39 40 45 58
 15 24 25 38 39 40 43 44 58
 15 24 25 36 37 45 58
 15 24 25 36 37 43 44 58
 15 24 25 36 37 41 45 58
 15 24 25 36 37 41 43 44 58
 15 24 25 36 37 39 40 45 58
 15 24 25 36 37 39 40 43 44 58
 15 18 38 58 68
 15 18 38 41 58
 15 18 38 41 58 68
 15 18 38 39 40 58
 15 18 38 39 40 58 68
 15 18 36 37 58 68
 15 18 36 37 41 58
 15 18 36 37 41 58 68
 15 18 36 37 39 40 58
 15 18 36 37 39 40 58 68
 15 18 26 38 58
 15 18 26 38 41 58
 15 18 26 38 39 40 58
 15 18 26 36 37 58
 15 18 26 36 37 41 58
 15 18 26 36 37 39 40 58
 15 18 24 25 38 58
 15 18 24 25 38 41 58
 15 18 24 25 38 39 40 58
 15 18 24 25 36 37 58
 15 18 24 25 36 37 41 58
 15 18 24 25 36 37 39 40 58
 14 45 58
 14 43 44 58
 14 38 45 58
 14 38 45 57 58
 14 38 45 57 58 68
 14 38 43 44 58
 14 38 43 44 57 58
 14 38 43 44 57 58 68
 14 36 37 45 58
 14 36 37 45 57 58
 14 36 37 45 57 58 68
 14 36 37 43 44 58
 14 36 37 43 44 57 58
 14 36 37 43 44 57 58 68
 14 28 56 58 72
 14 28 56 58 70 71
 14 28 56 57 72
 14 28 56 57 70 71
 14 28 47 58
 14 28 45 56 58
 14 28 45 56 57
 14 28 45 46 58
 14 28 31 56 72
 14 28 31 56 70 71
 14 28 31 45 56
 14 26 38 45 57 58
 14 26 38 43 44 57 58
 14 26 36 37 45 57 58
 14 26 36 37 43 44 57 58
 14 26 27 56 58 72
 14 26 27 56 58 70 71
 14 26 27 56 57 72
 14 26 27 56 57 70 71
 14 26 27 47 58
 14 26 27 45 56 58
 14 26 27 45 56 57
 14 26 27 45 46 58
 14 26 27 31 56 72
 14 26 27 31 56 70 71
 14 26 27 31 45 56
 14 24 25 38 45 57 58
 14 24 25 38 43 44 57 58
 14 24 25 36 37 45 57 58
 14 24 25 36 37 43 44 57 58
 14 20 28 58
 14 20 26 27 58
 14 18 58
 14 18 38 58
 14 18 38 57 58
 14 18 38 57 58 68
 14 18 36 37 58
 14 18 36 37 57 58
 14 18 36 37 57 58 68
 14 18 26 38 57 58
 14 18 26 36 37 57 58
 14 18 24 25 38 57 58
 14 18 24 25 36 37 57 58
 14 15 38 45 58
 14 15 38 45 58 68
 14 15 38 43 44 58
 14 15 38 43 44 58 68
 14 15 36 37 45 58
 14 15 36 37 45 58 68
 14 15 36 37 43 44 58
 14 15 36 37 43 44 58 68
 14 15 26 38 45 58
 14 15 26 38 43 44 58
 14 15 26 36 37 45 58
 14 15 26 36 37 43 44 58
 14 15 24 25 38 45 58
 14 15 24 25 38 43 44 58
 14 15 24 25 36 37 45 58
 14 15 24 25 36 37 43 44 58
 14 15 18 38 58
 14 15 18 38 58 68
 14 15 18 36 37 58
 14 15 18 36 37 58 68
 14 15 18 26 38 58
 14 15 18 26 36 37 58
 14 15 18 24 25 38 58
 14 15 18 24 25 36 37 58
 13 14 38 45 58
 13 14 38 43 44 58
 13 14 38 41 45 58
 13 14 38 41 45 58 68
 13 14 38 41 43 44 58
 13 14 38 41 43 44 58 68
 13 14 38 39 40 45 58
 13 14 38 39 40 45 58 68
 13 14 38 39 40 43 44 58
 13 14 38 39 40 43 44 58 68
 13 14 36 37 45 58
 13 14 36 37 43 44 58
 13 14 36 37 41 45 58
 13 14 36 37 41 45 58 68
 13 14 36 37 41 43 44 58
 13 14 36 37 41 43 44 58 68
 13 14 36 37 39 40 45 58
 13 14 36 37 39 40 45 58 68
 13 14 36 37 39 40 43 44 58
 13 14 36 37 39 40 43 44 58 68
 13 14 26 38 41 45 58
 13 14 26 38 41 43 44 58
 13 14 26 38 39 40 45 58
 13 14 26 38 39 40 43 44 58
 13 14 26 36 37 41 45 58
 13 14 26 36 37 41 43 44 58
 13 14 26 36 37 39 40 45 58
 13 14 26 36 37 39 40 43 44 58
 13 14 24 25 38 41 45 58
 13 14 24 25 38 41 43 44 58
 13 14 24 25 38 39 40 45 58
 13 14 24 25 38 39 40 43 44 58
 13 14 24 25 36 37 41 45 58
 13 14 24 25 36 37 41 43 44 58
 13 14 24 25 36 37 39 40 45 58
 13 14 24 25 36 37 39 40 43 44 58
 13 14 18 38 58
 13 14 18 38 41 58
 13 14 18 38 41 58 68
 13 14 18 38 39 40 58
 13 14 18 38 39 40 58 68
 13 14 18 36 37 58
 13 14 18 36 37 41 58
 13 14 18 36 37 41 58 68
 13 14 18 36 37 39 40 58
 13 14 18 36 37 39 40 58 68
 13 14 18 26 38 41 58
 13 14 18 26 38 39 40 58
 13 14 18 26 36 37 41 58
 13 14 18 26 36 37 39 40 58
 13 14 18 24 25 38 41 58
 13 14 18 24 25 38 39 40 58
 13 14 18 24 25 36 37 41 58
 13 14 18 24 25 36 37 39 40 58
 11 45 57 58 68
 11 43 44 57 58 68
 11 41 45 58
 11 41 45 57 58
 11 41 45 57 58 68
 11 41 43 44 58
 11 41 43 44 57 58
 11 41 43 44 57 58 68
 11 39 40 45 58
 11 39 40 45 57 58
 11 39 40 45 57 58 68
 11 39 40 43 44 58
 11 39 40 43 44 57 58
 11 39 40 43 44 57 58 68
 11 26 45 57 58
 11 26 43 44 57 58
 11 26 41 45 57 58
 11 26 41 43 44 57 58
 11 26 39 40 45 57 58
 11 26 39 40 43 44 57 58
 11 24 25 45 57 58
 11 24 25 43 44 57 58
 11 24 25 41 45 57 58
 11 24 25 41 43 44 57 58
 11 24 25 39 40 45 57 58
 11 24 25 39 40 43 44 57 58
 11 18 57 58 68
 11 18 41 58
 11 18 41 57 58
 11 18 41 57 58 68
 11 18 39 40 58
 11 18 39 40 57 58
 11 18 39 40 57 58 68
 11 18 26 57 58
 11 18 26 41 57 58
 11 18 26 39 40 57 58
 11 18 24 25 57 58
 11 18 24 25 41 57 58
 11 18 24 25 39 40 57 58
 11 15 45 58 68
 11 15 43 44 58 68
 11 15 41 45 58
 11 15 41 45 58 68
 11 15 41 43 44 58
 11 15 41 43 44 58 68
 11 15 39 40 45 58
 11 15 39 40 45 58 68
 11 15 39 40 43 44 58
 11 15 39 40 43 44 58 68
 11 15 26 45 58
 11 15 26 43 44 58
 11 15 26 41 45 58
 11 15 26 41 43 44 58
 11 15 26 39 40 45 58
 11 15 26 39 40 43 44 58
 11 15 24 25 45 58
 11 15 24 25 43 44 58
 11 15 24 25 41 45 58
 11 15 24 25 41 43 44 58
 11 15 24 25 39 40 45 58
 11 15 24 25 39 40 43 44 58
 11 15 18 58 68
 11 15 18 41 58
 11 15 18 41 58 68
 11 15 18 39 40 58
 11 15 18 39 40 58 68
 11 15 18 26 58
 11 15 18 26 41 58
 11 15 18 26 39 40 58
 11 15 18 24 25 58
 11 15 18 24 25 41 58
 11 15 18 24 25 39 40 58
 11 14 45 58
 11 14 45 57 58
 11 14 45 57 58 68
 11 14 43 44 58
 11 14 43 44 57 58
 11 14 43 44 57 58 68
 11 14 26 45 57 58
 11 14 26 43 44 57 58
 11 14 24 25 45 57 58
 11 14 24 25 43 44 57 58
 11 14 18 58
 11 14 18 57 58
 11 14 18 57 58 68
 11 14 18 26 57 58
 11 14 18 24 25 57 58
 11 14 15 45 58
 11 14 15 45 58 68
 11 14 15 43 44 58
 11 14 15 43 44 58 68
 11 14 15 26 45 58
 11 14 15 26 43 44 58
 11 14 15 24 25 45 58
 11 14 15 24 25 43 44 58
 11 14 15 18 58
 11 14 15 18 58 68
 11 14 15 18 26 58
 11 14 15 18 24 25 58
 11 13 14 45 58
 11 13 14 43 44 58
 11 13 14 41 45 58
 11 13 14 41 45 58 68
 11 13 14 41 43 44 58
 11 13 14 41 43 44 58 68
 11 13 14 39 40 45 58
 11 13 14 39 40 45 58 68
 11 13 14 39 40 43 44 58
 11 13 14 39 40 43 44 58 68
 11 13 14 26 41 45 58
 11 13 14 26 41 43 44 58
 11 13 14 26 39 40 45 58
 11 13 14 26 39 40 43 44 58
 11 13 14 24 25 41 45 58
 11 13 14 24 25 41 43 44 58
 11 13 14 24 25 39 40 45 58
 11 13 14 24 25 39 40 43 44 58
 11 13 14 18 58
 11 13 14 18 41 58
 11 13 14 18 41 58 68
 11 13 14 18 39 40 58
 11 13 14 18 39 40 58 68
 11 13 14 18 26 41 58
 11 13 14 18 26 39 40 58
 11 13 14 18 24 25 41 58
 11 13 14 18 24 25 39 40 58
 1 58 72
 1 58 70 71
 1 56 57 58 72
 1 56 57 58 70 71
 1 45 58
 1 45 56 57 58
 1 41 56 58 72
 1 41 56 58 70 71
 1 41 56 57 72
 1 41 56 57 70 71
 1 41 47 58
 1 41 45 56 58
 1 41 45 56 57
 1 41 45 46 58
 1 39 40 56 58 72
 1 39 40 56 58 70 71
 1 39 40 56 57 72
 1 39 40 56 57 70 71
 1 39 40 47 58
 1 39 40 45 56 58
 1 39 40 45 56 57
 1 39 40 45 46 58
 1 31 58 72
 1 31 58 70 71
 1 31 45 58
 1 31 41 56 72
 1 31 41 56 70 71
 1 31 41 45 56
 1 31 39 40 56 72
 1 31 39 40 56 70 71
 1 31 39 40 45 56
 1 20 41 58
 1 20 39 40 58
 1 14 56 58 72
 1 14 56 58 70 71
 1 14 56 57 72
 1 14 56 57 70 71
 1 14 47 58
 1 14 45 56 58
 1 14 45 56 57
 1 14 45 46 58
 1 14 31 56 72
 1 14 31 56 70 71
 1 14 31 45 56
 1 14 20 58
