 58
 58 60
 58 60 66
 58 60 64 65
 57 60
 47 58
 45 60 64
 45 60 62 63
 45 58
 45 58 60
 45 58 60 66
 45 58 60 64 65
 45 46 58
 43 44 60 64
 43 44 60 62 63
 43 44 58
 43 44 58 60
 43 44 58 60 66
 43 44 58 60 64 65
 39 58 60
 39 45 58 60
 39 43 44 58 60
 38 58
 38 58 60
 38 58 60 66
 38 58 60 64 65
 38 57 60
 38 57 58 60
 38 57 58 60 66
 38 57 58 60 64 65
 38 45 58 60
 38 45 58 60 66
 38 45 58 60 64 65
 38 45 57 60 66 68
 38 45 57 60 64 65 68
 38 45 57 58 60
 38 45 57 58 60 66
 38 45 57 58 60 64 65
 38 43 44 58 60
 38 43 44 58 60 66
 38 43 44 58 60 64 65
 38 43 44 57 60 66 68
 38 43 44 57 60 64 65 68
 38 43 44 57 58 60
 38 43 44 57 58 60 66
 38 43 44 57 58 60 64 65
 38 39 58 60
 38 39 57 58 60
 38 39 45 58 60
 38 39 45 57 60 68
 38 39 45 57 58 60
 38 39 43 44 58 60
 38 39 43 44 57 60 68
 38 39 43 44 57 58 60
 37 45 60
 37 43 44 60
 36 37 58
 36 37 58 60
 36 37 58 60 66
 36 37 58 60 64 65
 36 37 57 60
 36 37 57 58 60
 36 37 57 58 60 66
 36 37 57 58 60 64 65
 36 37 45 58 60
 36 37 45 58 60 66
 36 37 45 58 60 64 65
 36 37 45 57 60 66 68
 36 37 45 57 60 64 65 68
 36 37 45 57 58 60
 36 37 45 57 58 60 66
 36 37 45 57 58 60 64 65
 36 37 43 44 58 60
 36 37 43 44 58 60 66
 36 37 43 44 58 60 64 65
 36 37 43 44 57 60 66 68
 36 37 43 44 57 60 64 65 68
 36 37 43 44 57 58 60
 36 37 43 44 57 58 60 66
 36 37 43 44 57 58 60 64 65
 36 37 39 58 60
 36 37 39 57 58 60
 36 37 39 45 58 60
 36 37 39 45 57 60 68
 36 37 39 45 57 58 60
 36 37 39 43 44 58 60
 36 37 39 43 44 57 60 68
 36 37 39 43 44 57 58 60
 28 47 58 60 66
 28 47 58 60 64 65
 28 45 46 58 60 66
 28 45 46 58 60 64 65
 28 39 47 58 60
 28 39 45 46 58 60
 28 38 45 57 60
 28 38 43 44 57 60
 28 36 37 45 57 60
 28 36 37 43 44 57 60
 26 38 45 57 60 66
 26 38 45 57 60 64 65
 26 38 43 44 57 60 66
 26 38 43 44 57 60 64 65
 26 38 39 45 57 60
 26 38 39 43 44 57 60
 26 36 37 45 57 60 66
 26 36 37 45 57 60 64 65
 26 36 37 43 44 57 60 66
 26 36 37 43 44 57 60 64 65
 26 36 37 39 45 57 60
 26 36 37 39 43 44 57 60
 26 27 47 58 60 66
 26 27 47 58 60 64 65
 26 27 45 46 58 60 66
 26 27 45 46 58 60 64 65
 26 27 39 47 58 60
 26 27 39 45 46 58 60
 26 27 38 45 57 60
 26 27 38 43 44 57 60
 26 27 36 37 45 57 60
 26 27 36 37 43 44 57 60
 24 25 38 45 57 60 66
 24 25 38 45 57 60 64 65
 24 25 38 43 44 57 60 66
 24 25 38 43 44 57 60 64 65
 24 25 38 39 45 57 60
 24 25 38 39 43 44 57 60
 24 25 36 37 45 57 60 66
 24 25 36 37 45 57 60 64 65
 24 25 36 37 43 44 57 60 66
 24 25 36 37 43 44 57 60 64 65
 24 25 36 37 39 45 57 60
 24 25 36 37 39 43 44 57 60
 20 58
 20 28 58 60 66
 20 28 58 60 64 65
 20 28 39 58 60
 20 26 27 58 60 66
 20 26 27 58 60 64 65
 20 26 27 39 58 60
 18 60 64
 18 60 62 63
 18 58
 18 58 60
 18 58 60 66
 18 58 60 64 65
 18 39 58 60
 18 38 58 60
 18 38 58 60 66
 18 38 58 60 64 65
 18 38 57 60 66 68
 18 38 57 60 64 65 68
 18 38 57 58 60
 18 38 57 58 60 66
 18 38 57 58 60 64 65
 18 38 39 58 60
 18 38 39 57 60 68
 18 38 39 57 58 60
 18 37 60
 18 36 37 58 60
 18 36 37 58 60 66
 18 36 37 58 60 64 65
 18 36 37 57 60 66 68
 18 36 37 57 60 64 65 68
 18 36 37 57 58 60
 18 36 37 57 58 60 66
 18 36 37 57 58 60 64 65
 18 36 37 39 58 60
 18 36 37 39 57 60 68
 18 36 37 39 57 58 60
 18 28 38 57 60
 18 28 36 37 57 60
 18 26 38 57 60 66
 18 26 38 57 60 64 65
 18 26 38 39 57 60
 18 26 36 37 57 60 66
 18 26 36 37 57 60 64 65
 18 26 36 37 39 57 60
 18 26 27 38 57 60
 18 26 27 36 37 57 60
 18 24 25 38 57 60 66
 18 24 25 38 57 60 64 65
 18 24 25 38 39 57 60
 18 24 25 36 37 57 60 66
 18 24 25 36 37 57 60 64 65
 18 24 25 36 37 39 57 60
 15 60
 15 38 60
 15 38 58 60
 15 38 58 60 66
 15 38 58 60 64 65
 15 38 45 60 66 68
 15 38 45 60 64 65 68
 15 38 45 58 60
 15 38 45 58 60 66
 15 38 45 58 60 64 65
 15 38 43 44 60 66 68
 15 38 43 44 60 64 65 68
 15 38 43 44 58 60
 15 38 43 44 58 60 66
 15 38 43 44 58 60 64 65
 15 38 39 58 60
 15 38 39 45 60 68
 15 38 39 45 58 60
 15 38 39 43 44 60 68
 15 38 39 43 44 58 60
 15 36 37 60
 15 36 37 58 60
 15 36 37 58 60 66
 15 36 37 58 60 64 65
 15 36 37 45 60 66 68
 15 36 37 45 60 64 65 68
 15 36 37 45 58 60
 15 36 37 45 58 60 66
 15 36 37 45 58 60 64 65
 15 36 37 43 44 60 66 68
 15 36 37 43 44 60 64 65 68
 15 36 37 43 44 58 60
 15 36 37 43 44 58 60 66
 15 36 37 43 44 58 60 64 65
 15 36 37 39 58 60
 15 36 37 39 45 60 68
 15 36 37 39 45 58 60
 15 36 37 39 43 44 60 68
 15 36 37 39 43 44 58 60
 15 28 38 45 60
 15 28 38 43 44 60
 15 28 36 37 45 60
 15 28 36 37 43 44 60
 15 26 38 45 60 66
 15 26 38 45 60 64 65
 15 26 38 43 44 60 66
 15 26 38 43 44 60 64 65
 15 26 38 39 45 60
 15 26 38 39 43 44 60
 15 26 36 37 45 60 66
 15 26 36 37 45 60 64 65
 15 26 36 37 43 44 60 66
 15 26 36 37 43 44 60 64 65
 15 26 36 37 39 45 60
 15 26 36 37 39 43 44 60
 15 26 27 38 45 60
 15 26 27 38 43 44 60
 15 26 27 36 37 45 60
 15 26 27 36 37 43 44 60
 15 24 25 38 45 60 66
 15 24 25 38 45 60 64 65
 15 24 25 38 43 44 60 66
 15 24 25 38 43 44 60 64 65
 15 24 25 38 39 45 60
 15 24 25 38 39 43 44 60
 15 24 25 36 37 45 60 66
 15 24 25 36 37 45 60 64 65
 15 24 25 36 37 43 44 60 66
 15 24 25 36 37 43 44 60 64 65
 15 24 25 36 37 39 45 60
 15 24 25 36 37 39 43 44 60
 15 18 38 60 66 68
 15 18 38 60 64 65 68
 15 18 38 58 60
 15 18 38 58 60 66
 15 18 38 58 60 64 65
 15 18 38 39 60 68
 15 18 38 39 58 60
 15 18 36 37 60 66 68
 15 18 36 37 60 64 65 68
 15 18 36 37 58 60
 15 18 36 37 58 60 66
 15 18 36 37 58 60 64 65
 15 18 36 37 39 60 68
 15 18 36 37 39 58 60
 15 18 28 38 60
 15 18 28 36 37 60
 15 18 26 38 60 66
 15 18 26 38 60 64 65
 15 18 26 38 39 60
 15 18 26 36 37 60 66
 15 18 26 36 37 60 64 65
 15 18 26 36 37 39 60
 15 18 26 27 38 60
 15 18 26 27 36 37 60
 15 18 24 25 38 60 66
 15 18 24 25 38 60 64 65
 15 18 24 25 38 39 60
 15 18 24 25 36 37 60 66
 15 18 24 25 36 37 60 64 65
 15 18 24 25 36 37 39 60
 13 14 60
 13 14 38 60
 13 14 38 58 60
 13 14 38 58 60 66
 13 14 38 58 60 64 65
 13 14 38 45 60 66 68
 13 14 38 45 60 64 65 68
 13 14 38 45 58 60
 13 14 38 45 58 60 66
 13 14 38 45 58 60 64 65
 13 14 38 43 44 60 66 68
 13 14 38 43 44 60 64 65 68
 13 14 38 43 44 58 60
 13 14 38 43 44 58 60 66
 13 14 38 43 44 58 60 64 65
 13 14 38 39 58 60
 13 14 38 39 45 60 68
 13 14 38 39 45 58 60
 13 14 38 39 43 44 60 68
 13 14 38 39 43 44 58 60
 13 14 36 37 60
 13 14 36 37 58 60
 13 14 36 37 58 60 66
 13 14 36 37 58 60 64 65
 13 14 36 37 45 60 66 68
 13 14 36 37 45 60 64 65 68
 13 14 36 37 45 58 60
 13 14 36 37 45 58 60 66
 13 14 36 37 45 58 60 64 65
 13 14 36 37 43 44 60 66 68
 13 14 36 37 43 44 60 64 65 68
 13 14 36 37 43 44 58 60
 13 14 36 37 43 44 58 60 66
 13 14 36 37 43 44 58 60 64 65
 13 14 36 37 39 58 60
 13 14 36 37 39 45 60 68
 13 14 36 37 39 45 58 60
 13 14 36 37 39 43 44 60 68
 13 14 36 37 39 43 44 58 60
 13 14 28 38 45 60
 13 14 28 38 43 44 60
 13 14 28 36 37 45 60
 13 14 28 36 37 43 44 60
 13 14 26 38 45 60 66
 13 14 26 38 45 60 64 65
 13 14 26 38 43 44 60 66
 13 14 26 38 43 44 60 64 65
 13 14 26 38 39 45 60
 13 14 26 38 39 43 44 60
 13 14 26 36 37 45 60 66
 13 14 26 36 37 45 60 64 65
 13 14 26 36 37 43 44 60 66
 13 14 26 36 37 43 44 60 64 65
 13 14 26 36 37 39 45 60
 13 14 26 36 37 39 43 44 60
 13 14 26 27 38 45 60
 13 14 26 27 38 43 44 60
 13 14 26 27 36 37 45 60
 13 14 26 27 36 37 43 44 60
 13 14 24 25 38 45 60 66
 13 14 24 25 38 45 60 64 65
 13 14 24 25 38 43 44 60 66
 13 14 24 25 38 43 44 60 64 65
 13 14 24 25 38 39 45 60
 13 14 24 25 38 39 43 44 60
 13 14 24 25 36 37 45 60 66
 13 14 24 25 36 37 45 60 64 65
 13 14 24 25 36 37 43 44 60 66
 13 14 24 25 36 37 43 44 60 64 65
 13 14 24 25 36 37 39 45 60
 13 14 24 25 36 37 39 43 44 60
 13 14 18 38 60 66 68
 13 14 18 38 60 64 65 68
 13 14 18 38 58 60
 13 14 18 38 58 60 66
 13 14 18 38 58 60 64 65
 13 14 18 38 39 60 68
 13 14 18 38 39 58 60
 13 14 18 36 37 60 66 68
 13 14 18 36 37 60 64 65 68
 13 14 18 36 37 58 60
 13 14 18 36 37 58 60 66
 13 14 18 36 37 58 60 64 65
 13 14 18 36 37 39 60 68
 13 14 18 36 37 39 58 60
 13 14 18 28 38 60
 13 14 18 28 36 37 60
 13 14 18 26 38 60 66
 13 14 18 26 38 60 64 65
 13 14 18 26 38 39 60
 13 14 18 26 36 37 60 66
 13 14 18 26 36 37 60 64 65
 13 14 18 26 36 37 39 60
 13 14 18 26 27 38 60
 13 14 18 26 27 36 37 60
 13 14 18 24 25 38 60 66
 13 14 18 24 25 38 60 64 65
 13 14 18 24 25 38 39 60
 13 14 18 24 25 36 37 60 66
 13 14 18 24 25 36 37 60 64 65
 13 14 18 24 25 36 37 39 60
 11 58
 11 58 60
 11 58 60 66
 11 58 60 64 65
 11 57 60
 11 57 58 60
 11 57 58 60 66
 11 57 58 60 64 65
 11 45 58 60
 11 45 58 60 66
 11 45 58 60 64 65
 11 45 57 60 66 68
 11 45 57 60 64 65 68
 11 45 57 58 60
 11 45 57 58 60 66
 11 45 57 58 60 64 65
 11 43 44 58 60
 11 43 44 58 60 66
 11 43 44 58 60 64 65
 11 43 44 57 60 66 68
 11 43 44 57 60 64 65 68
 11 43 44 57 58 60
 11 43 44 57 58 60 66
 11 43 44 57 58 60 64 65
 11 39 58 60
 11 39 57 58 60
 11 39 45 58 60
 11 39 45 57 60 68
 11 39 45 57 58 60
 11 39 43 44 58 60
 11 39 43 44 57 60 68
 11 39 43 44 57 58 60
 11 28 45 57 60
 11 28 43 44 57 60
 11 26 45 57 60 66
 11 26 45 57 60 64 65
 11 26 43 44 57 60 66
 11 26 43 44 57 60 64 65
 11 26 39 45 57 60
 11 26 39 43 44 57 60
 11 26 27 45 57 60
 11 26 27 43 44 57 60
 11 24 25 45 57 60 66
 11 24 25 45 57 60 64 65
 11 24 25 43 44 57 60 66
 11 24 25 43 44 57 60 64 65
 11 24 25 39 45 57 60
 11 24 25 39 43 44 57 60
 11 18 58 60
 11 18 58 60 66
 11 18 58 60 64 65
 11 18 57 60 66 68
 11 18 57 60 64 65 68
 11 18 57 58 60
 11 18 57 58 60 66
 11 18 57 58 60 64 65
 11 18 39 58 60
 11 18 39 57 60 68
 11 18 39 57 58 60
 11 18 28 57 60
 11 18 26 57 60 66
 11 18 26 57 60 64 65
 11 18 26 39 57 60
 11 18 26 27 57 60
 11 18 24 25 57 60 66
 11 18 24 25 57 60 64 65
 11 18 24 25 39 57 60
 11 15 60
 11 15 58 60
 11 15 58 60 66
 11 15 58 60 64 65
 11 15 45 60 66 68
 11 15 45 60 64 65 68
 11 15 45 58 60
 11 15 45 58 60 66
 11 15 45 58 60 64 65
 11 15 43 44 60 66 68
 11 15 43 44 60 64 65 68
 11 15 43 44 58 60
 11 15 43 44 58 60 66
 11 15 43 44 58 60 64 65
 11 15 39 58 60
 11 15 39 45 60 68
 11 15 39 45 58 60
 11 15 39 43 44 60 68
 11 15 39 43 44 58 60
 11 15 28 45 60
 11 15 28 43 44 60
 11 15 26 45 60 66
 11 15 26 45 60 64 65
 11 15 26 43 44 60 66
 11 15 26 43 44 60 64 65
 11 15 26 39 45 60
 11 15 26 39 43 44 60
 11 15 26 27 45 60
 11 15 26 27 43 44 60
 11 15 24 25 45 60 66
 11 15 24 25 45 60 64 65
 11 15 24 25 43 44 60 66
 11 15 24 25 43 44 60 64 65
 11 15 24 25 39 45 60
 11 15 24 25 39 43 44 60
 11 15 18 60 66 68
 11 15 18 60 64 65 68
 11 15 18 58 60
 11 15 18 58 60 66
 11 15 18 58 60 64 65
 11 15 18 39 60 68
 11 15 18 39 58 60
 11 15 18 28 60
 11 15 18 26 60 66
 11 15 18 26 60 64 65
 11 15 18 26 39 60
 11 15 18 26 27 60
 11 15 18 24 25 60 66
 11 15 18 24 25 60 64 65
 11 15 18 24 25 39 60
 11 13 14 60
 11 13 14 58 60
 11 13 14 58 60 66
 11 13 14 58 60 64 65
 11 13 14 45 60 66 68
 11 13 14 45 60 64 65 68
 11 13 14 45 58 60
 11 13 14 45 58 60 66
 11 13 14 45 58 60 64 65
 11 13 14 43 44 60 66 68
 11 13 14 43 44 60 64 65 68
 11 13 14 43 44 58 60
 11 13 14 43 44 58 60 66
 11 13 14 43 44 58 60 64 65
 11 13 14 39 58 60
 11 13 14 39 45 60 68
 11 13 14 39 45 58 60
 11 13 14 39 43 44 60 68
 11 13 14 39 43 44 58 60
 11 13 14 28 45 60
 11 13 14 28 43 44 60
 11 13 14 26 45 60 66
 11 13 14 26 45 60 64 65
 11 13 14 26 43 44 60 66
 11 13 14 26 43 44 60 64 65
 11 13 14 26 39 45 60
 11 13 14 26 39 43 44 60
 11 13 14 26 27 45 60
 11 13 14 26 27 43 44 60
 11 13 14 24 25 45 60 66
 11 13 14 24 25 45 60 64 65
 11 13 14 24 25 43 44 60 66
 11 13 14 24 25 43 44 60 64 65
 11 13 14 24 25 39 45 60
 11 13 14 24 25 39 43 44 60
 11 13 14 18 60 66 68
 11 13 14 18 60 64 65 68
 11 13 14 18 58 60
 11 13 14 18 58 60 66
 11 13 14 18 58 60 64 65
 11 13 14 18 39 60 68
 11 13 14 18 39 58 60
 11 13 14 18 28 60
 11 13 14 18 26 60 66
 11 13 14 18 26 60 64 65
 11 13 14 18 26 39 60
 11 13 14 18 26 27 60
 11 13 14 18 24 25 60 66
 11 13 14 18 24 25 60 64 65
 11 13 14 18 24 25 39 60
 1 47 58 60 66
 1 47 58 60 64 65
 1 45 46 58 60 66
 1 45 46 58 60 64 65
 1 39 47 58 60
 1 39 45 46 58 60
 1 38 45 57 60
 1 38 43 44 57 60
 1 36 37 45 57 60
 1 36 37 43 44 57 60
 1 20 58 60 66
 1 20 58 60 64 65
 1 20 39 58 60
 1 18 38 57 60
 1 18 36 37 57 60
 1 15 38 45 60
 1 15 38 43 44 60
 1 15 36 37 45 60
 1 15 36 37 43 44 60
 1 15 18 38 60
 1 15 18 36 37 60
 1 13 14 38 45 60
 1 13 14 38 43 44 60
 1 13 14 36 37 45 60
 1 13 14 36 37 43 44 60
 1 13 14 18 38 60
 1 13 14 18 36 37 60
 1 11 45 57 60
 1 11 43 44 57 60
 1 11 18 57 60
 1 11 15 45 60
 1 11 15 43 44 60
 1 11 15 18 60
 1 11 13 14 45 60
 1 11 13 14 43 44 60
 1 11 13 14 18 60
