 60
 60 64
 58
 57 60
 57 60 66
 57 60 66 70
 57 60 66 68 69
 57 60 64 65
 57 60 64 65 70
 57 60 64 65 68 69
 57 58
 55 60
 53 60
 53 57 60
 51 57 60 68
 51 57 60 64
 51 57 60 62 63
 51 57 58
 51 52 60
 51 52 57 60
 49 50 57 60 68
 49 50 57 60 64
 49 50 57 60 62 63
 49 50 57 58
 45 51 60
 45 49 50 60
 43 57 60 66
 43 57 60 64 65
 43 44 51 60
 43 44 49 50 60
 41 51 57 60 68
 41 49 50 57 60 68
 39 57 60
 39 57 60 70
 39 57 60 68 69
 39 43 57 60
 39 40 51 57 60 68
 39 40 49 50 57 60 68
 37 60
 37 60 66
 37 60 64 65
 37 58 60
 37 58 60 70
 37 58 60 68 69
 37 58 60 66 72
 37 58 60 66 70 71
 37 58 60 64 65 72
 37 58 60 64 65 70 71
 37 56 60 66 74
 37 56 60 66 72 73
 37 56 60 64 65 74
 37 56 60 64 65 72 73
 37 56 58 60 66 72
 37 56 58 60 66 70 71
 37 56 58 60 64 65 72
 37 56 58 60 64 65 70 71
 37 56 57 60 66 72
 37 56 57 60 66 70 71
 37 56 57 60 64 65 72
 37 56 57 60 64 65 70 71
 37 56 57 58 60 70
 37 56 57 58 60 68 69
 37 53 58 60 72
 37 53 58 60 70 71
 37 53 56 58 60 70
 37 53 56 58 60 68 69
 37 53 54 55 58 60 70
 37 53 54 55 58 60 68 69
 37 51 57 60
 37 51 52 58 60 72
 37 51 52 58 60 70 71
 37 51 52 56 58 60 70
 37 51 52 56 58 60 68 69
 37 51 52 54 55 58 60 70
 37 51 52 54 55 58 60 68 69
 37 49 50 57 60
 37 47 56 60 66
 37 47 56 60 64 65
 37 45 58 60 66
 37 45 58 60 64 65
 37 45 56 58 60 66
 37 45 56 58 60 64 65
 37 45 56 57 60 66
 37 45 56 57 60 64 65
 37 45 53 58 60
 37 45 51 52 58 60
 37 43 58 60
 37 43 56 57 58 60
 37 43 53 56 58 60
 37 43 53 54 55 58 60
 37 43 51 52 56 58 60
 37 43 51 52 54 55 58 60
 37 39 60
 37 39 58 60 72
 37 39 58 60 70 71
 37 39 56 60 74
 37 39 56 60 72 73
 37 39 56 58 60 72
 37 39 56 58 60 70 71
 37 39 56 57 60 72
 37 39 56 57 60 70 71
 37 39 47 56 60
 37 39 45 58 60
 37 39 45 56 58 60
 37 39 45 56 57 60
 35 60 66
 35 60 64 65
 35 39 60
 31 37 58 60 70
 31 37 58 60 68 69
 31 37 56 60 66 72
 31 37 56 60 66 70 71
 31 37 56 60 64 65 72
 31 37 56 60 64 65 70 71
 31 37 45 56 60 66
 31 37 45 56 60 64 65
 31 37 43 58 60
 31 37 39 56 60 72
 31 37 39 56 60 70 71
 31 37 39 45 56 60
 30 58
 30 51 60
 30 49 50 60
 29 37 53 58 60 70
 29 37 53 58 60 68 69
 29 37 51 52 58 60 70
 29 37 51 52 58 60 68 69
 29 37 43 53 58 60
 29 37 43 51 52 58 60
 28 51 60 68
 28 51 57 60
 28 49 50 60 68
 28 49 50 57 60
 28 41 51 60 68
 28 41 49 50 60 68
 28 39 40 51 60 68
 28 39 40 49 50 60 68
 28 29 58
 28 29 51 60
 28 29 49 50 60
 26 60
 26 57 60
 26 51 57 60
 26 49 50 57 60
 26 41 51 57 60
 26 41 49 50 57 60
 26 39 40 51 57 60
 26 39 40 49 50 57 60
 26 37 58 60 72
 26 37 58 60 70 71
 26 37 56 58 60 70
 26 37 56 58 60 68 69
 26 37 54 55 58 60 70
 26 37 54 55 58 60 68 69
 26 37 45 58 60
 26 37 43 56 58 60
 26 37 43 54 55 58 60
 26 29 37 58 60 70
 26 29 37 58 60 68 69
 26 29 37 43 58 60
 26 28 51 60
 26 28 49 50 60
 26 28 41 51 60
 26 28 41 49 50 60
 26 28 39 40 51 60
 26 28 39 40 49 50 60
 26 27 51 60
 26 27 51 60 68
 26 27 51 57 60
 26 27 49 50 60
 26 27 49 50 60 68
 26 27 49 50 57 60
 26 27 41 51 60
 26 27 41 51 60 68
 26 27 41 49 50 60
 26 27 41 49 50 60 68
 26 27 39 40 51 60
 26 27 39 40 51 60 68
 26 27 39 40 49 50 60
 26 27 39 40 49 50 60 68
 24 57 60 68
 24 57 60 64
 24 57 60 62 63
 24 57 58
 24 45 60
 24 43 44 60
 24 41 57 60 68
 24 39 40 57 60 68
 24 37 57 60
 24 30 60
 24 28 60 68
 24 28 57 60
 24 28 41 60 68
 24 28 39 40 60 68
 24 28 29 60
 24 26 57 60
 24 26 41 57 60
 24 26 39 40 57 60
 24 26 28 60
 24 26 28 41 60
 24 26 28 39 40 60
 24 26 27 60
 24 26 27 60 68
 24 26 27 57 60
 24 26 27 41 60
 24 26 27 41 60 68
 24 26 27 39 40 60
 24 26 27 39 40 60 68
 24 25 57 60
 24 25 51 57 60
 24 25 49 50 57 60
 24 25 41 57 60
 24 25 41 51 57 60
 24 25 41 49 50 57 60
 24 25 39 40 57 60
 24 25 39 40 51 57 60
 24 25 39 40 49 50 57 60
 24 25 28 60
 24 25 28 51 60
 24 25 28 49 50 60
 24 25 28 41 60
 24 25 28 41 51 60
 24 25 28 41 49 50 60
 24 25 28 39 40 60
 24 25 28 39 40 51 60
 24 25 28 39 40 49 50 60
 24 25 26 27 60
 24 25 26 27 51 60
 24 25 26 27 49 50 60
 24 25 26 27 41 60
 24 25 26 27 41 51 60
 24 25 26 27 41 49 50 60
 24 25 26 27 39 40 60
 24 25 26 27 39 40 51 60
 24 25 26 27 39 40 49 50 60
 18 51 60
 18 49 50 60
 18 24 60
 15 60
 15 60 66
 15 60 66 70
 15 60 66 68 69
 15 60 64 65
 15 60 64 65 70
 15 60 64 65 68 69
 15 58
 15 53 60
 15 51 60 68
 15 51 60 64
 15 51 60 62 63
 15 51 58
 15 51 52 60
 15 49 50 60 68
 15 49 50 60 64
 15 49 50 60 62 63
 15 49 50 58
 15 43 60 66
 15 43 60 64 65
 15 41 51 60 68
 15 41 49 50 60 68
 15 39 60
 15 39 60 70
 15 39 60 68 69
 15 39 43 60
 15 39 40 51 60 68
 15 39 40 49 50 60 68
 15 37 51 60
 15 37 49 50 60
 15 28 51 60
 15 28 49 50 60
 15 26 60
 15 26 51 60
 15 26 49 50 60
 15 26 41 51 60
 15 26 41 49 50 60
 15 26 39 40 51 60
 15 26 39 40 49 50 60
 15 26 27 51 60
 15 26 27 49 50 60
 15 24 60 68
 15 24 60 64
 15 24 60 62 63
 15 24 58
 15 24 41 60 68
 15 24 39 40 60 68
 15 24 37 60
 15 24 28 60
 15 24 26 60
 15 24 26 41 60
 15 24 26 39 40 60
 15 24 26 27 60
 15 24 25 60
 15 24 25 51 60
 15 24 25 49 50 60
 15 24 25 41 60
 15 24 25 41 51 60
 15 24 25 41 49 50 60
 15 24 25 39 40 60
 15 24 25 39 40 51 60
 15 24 25 39 40 49 50 60
 14 51 57 60 68
 14 49 50 57 60 68
 14 28 51 60 68
 14 28 49 50 60 68
 14 26 51 57 60
 14 26 49 50 57 60
 14 26 28 51 60
 14 26 28 49 50 60
 14 26 27 51 60
 14 26 27 51 60 68
 14 26 27 49 50 60
 14 26 27 49 50 60 68
 14 24 57 60 68
 14 24 28 60 68
 14 24 26 57 60
 14 24 26 28 60
 14 24 26 27 60
 14 24 26 27 60 68
 14 24 25 57 60
 14 24 25 51 57 60
 14 24 25 49 50 57 60
 14 24 25 28 60
 14 24 25 28 51 60
 14 24 25 28 49 50 60
 14 24 25 26 27 60
 14 24 25 26 27 51 60
 14 24 25 26 27 49 50 60
 14 15 51 60 68
 14 15 49 50 60 68
 14 15 26 51 60
 14 15 26 49 50 60
 14 15 24 60 68
 14 15 24 26 60
 14 15 24 25 60
 14 15 24 25 51 60
 14 15 24 25 49 50 60
 13 60
 13 14 60
 13 14 60 66
 13 14 60 66 70
 13 14 60 66 68 69
 13 14 60 64 65
 13 14 60 64 65 70
 13 14 60 64 65 68 69
 13 14 58
 13 14 53 60
 13 14 51 60 64
 13 14 51 60 62 63
 13 14 51 58
 13 14 51 52 60
 13 14 49 50 60 64
 13 14 49 50 60 62 63
 13 14 49 50 58
 13 14 43 60 66
 13 14 43 60 64 65
 13 14 41 51 60 68
 13 14 41 49 50 60 68
 13 14 39 60
 13 14 39 60 70
 13 14 39 60 68 69
 13 14 39 43 60
 13 14 39 40 51 60 68
 13 14 39 40 49 50 60 68
 13 14 37 51 60
 13 14 37 49 50 60
 13 14 28 51 60
 13 14 28 49 50 60
 13 14 26 60
 13 14 26 41 51 60
 13 14 26 41 49 50 60
 13 14 26 39 40 51 60
 13 14 26 39 40 49 50 60
 13 14 26 27 51 60
 13 14 26 27 49 50 60
 13 14 24 60 64
 13 14 24 60 62 63
 13 14 24 58
 13 14 24 41 60 68
 13 14 24 39 40 60 68
 13 14 24 37 60
 13 14 24 28 60
 13 14 24 26 41 60
 13 14 24 26 39 40 60
 13 14 24 26 27 60
 13 14 24 25 41 60
 13 14 24 25 41 51 60
 13 14 24 25 41 49 50 60
 13 14 24 25 39 40 60
 13 14 24 25 39 40 51 60
 13 14 24 25 39 40 49 50 60
 11 12 60
 3 58
 3 51 60
 3 49 50 60
 3 24 60
 1 51 60 68
 1 51 57 60
 1 49 50 60 68
 1 49 50 57 60
 1 41 51 60 68
 1 41 49 50 60 68
 1 39 40 51 60 68
 1 39 40 49 50 60 68
 1 26 51 60
 1 26 49 50 60
 1 26 41 51 60
 1 26 41 49 50 60
 1 26 39 40 51 60
 1 26 39 40 49 50 60
 1 24 60 68
 1 24 57 60
 1 24 41 60 68
 1 24 39 40 60 68
 1 24 26 60
 1 24 26 41 60
 1 24 26 39 40 60
 1 24 25 60
 1 24 25 51 60
 1 24 25 49 50 60
 1 24 25 41 60
 1 24 25 41 51 60
 1 24 25 41 49 50 60
 1 24 25 39 40 60
 1 24 25 39 40 51 60
 1 24 25 39 40 49 50 60
 1 15 51 60
 1 15 49 50 60
 1 15 24 60
 1 14 51 60 68
 1 14 49 50 60 68
 1 14 26 51 60
 1 14 26 49 50 60
 1 14 24 60 68
 1 14 24 26 60
 1 14 24 25 60
 1 14 24 25 51 60
 1 14 24 25 49 50 60
 1 13 14 51 60
 1 13 14 49 50 60
 1 13 14 24 60
