 58
 58 72
 58 70 71
 56 58 70
 56 58 68 69
 54 55 58 70
 54 55 58 68 69
 45 58
 43 56 58
 43 54 55 58
 38 57 58 72
 38 57 58 70 71
 38 56 57 58 70
 38 56 57 58 68 69
 38 54 55 57 58 70
 38 54 55 57 58 68 69
 38 45 57 58
 38 43 56 57 58
 38 43 54 55 57 58
 36 37 57 58 72
 36 37 57 58 70 71
 36 37 56 57 58 70
 36 37 56 57 58 68 69
 36 37 54 55 57 58 70
 36 37 54 55 57 58 68 69
 36 37 45 57 58
 36 37 43 56 57 58
 36 37 43 54 55 57 58
 35 58
 29 58 70
 29 58 68 69
 29 43 58
 29 38 57 58 70
 29 38 57 58 68 69
 29 38 43 57 58
 29 36 37 57 58 70
 29 36 37 57 58 68 69
 29 36 37 43 57 58
 28 47 58
 28 47 58 72
 28 47 58 70 71
 28 47 56 58 70
 28 47 56 58 68 69
 28 47 54 55 58 70
 28 47 54 55 58 68 69
 28 45 47 58
 28 45 46 58 72
 28 45 46 58 70 71
 28 45 46 56 58 70
 28 45 46 56 58 68 69
 28 45 46 54 55 58 70
 28 45 46 54 55 58 68 69
 28 43 47 56 58
 28 43 47 54 55 58
 28 43 45 46 56 58
 28 43 45 46 54 55 58
 28 35 58 72
 28 35 58 70 71
 28 35 56 58 70
 28 35 56 58 68 69
 28 35 54 55 58 70
 28 35 54 55 58 68 69
 28 35 45 58
 28 35 43 56 58
 28 35 43 54 55 58
 28 29 47 58 70
 28 29 47 58 68 69
 28 29 45 46 58 70
 28 29 45 46 58 68 69
 28 29 43 47 58
 28 29 43 45 46 58
 28 29 35 58 70
 28 29 35 58 68 69
 28 29 35 43 58
 26 27 47 58
 26 27 47 58 72
 26 27 47 58 70 71
 26 27 47 56 58 70
 26 27 47 56 58 68 69
 26 27 47 54 55 58 70
 26 27 47 54 55 58 68 69
 26 27 45 47 58
 26 27 45 46 58 72
 26 27 45 46 58 70 71
 26 27 45 46 56 58 70
 26 27 45 46 56 58 68 69
 26 27 45 46 54 55 58 70
 26 27 45 46 54 55 58 68 69
 26 27 43 47 56 58
 26 27 43 47 54 55 58
 26 27 43 45 46 56 58
 26 27 43 45 46 54 55 58
 26 27 35 58 72
 26 27 35 58 70 71
 26 27 35 56 58 70
 26 27 35 56 58 68 69
 26 27 35 54 55 58 70
 26 27 35 54 55 58 68 69
 26 27 35 45 58
 26 27 35 43 56 58
 26 27 35 43 54 55 58
 26 27 29 47 58 70
 26 27 29 47 58 68 69
 26 27 29 45 46 58 70
 26 27 29 45 46 58 68 69
 26 27 29 43 47 58
 26 27 29 43 45 46 58
 26 27 29 35 58 70
 26 27 29 35 58 68 69
 26 27 29 35 43 58
 20 28 58
 20 28 58 72
 20 28 58 70 71
 20 28 56 58 70
 20 28 56 58 68 69
 20 28 54 55 58 70
 20 28 54 55 58 68 69
 20 28 45 58
 20 28 43 56 58
 20 28 43 54 55 58
 20 28 29 58 70
 20 28 29 58 68 69
 20 28 29 43 58
 20 26 27 58
 20 26 27 58 72
 20 26 27 58 70 71
 20 26 27 56 58 70
 20 26 27 56 58 68 69
 20 26 27 54 55 58 70
 20 26 27 54 55 58 68 69
 20 26 27 45 58
 20 26 27 43 56 58
 20 26 27 43 54 55 58
 20 26 27 29 58 70
 20 26 27 29 58 68 69
 20 26 27 29 43 58
 15 38 58 72
 15 38 58 70 71
 15 38 56 58 70
 15 38 56 58 68 69
 15 38 54 55 58 70
 15 38 54 55 58 68 69
 15 38 45 58
 15 38 43 56 58
 15 38 43 54 55 58
 15 36 37 58 72
 15 36 37 58 70 71
 15 36 37 56 58 70
 15 36 37 56 58 68 69
 15 36 37 54 55 58 70
 15 36 37 54 55 58 68 69
 15 36 37 45 58
 15 36 37 43 56 58
 15 36 37 43 54 55 58
 15 29 38 58 70
 15 29 38 58 68 69
 15 29 38 43 58
 15 29 36 37 58 70
 15 29 36 37 58 68 69
 15 29 36 37 43 58
 13 14 38 58 72
 13 14 38 58 70 71
 13 14 38 56 58 70
 13 14 38 56 58 68 69
 13 14 38 54 55 58 70
 13 14 38 54 55 58 68 69
 13 14 38 45 58
 13 14 38 43 56 58
 13 14 38 43 54 55 58
 13 14 36 37 58 72
 13 14 36 37 58 70 71
 13 14 36 37 56 58 70
 13 14 36 37 56 58 68 69
 13 14 36 37 54 55 58 70
 13 14 36 37 54 55 58 68 69
 13 14 36 37 45 58
 13 14 36 37 43 56 58
 13 14 36 37 43 54 55 58
 13 14 29 38 58 70
 13 14 29 38 58 68 69
 13 14 29 38 43 58
 13 14 29 36 37 58 70
 13 14 29 36 37 58 68 69
 13 14 29 36 37 43 58
 11 57 58 72
 11 57 58 70 71
 11 56 57 58 70
 11 56 57 58 68 69
 11 54 55 57 58 70
 11 54 55 57 58 68 69
 11 45 57 58
 11 43 56 57 58
 11 43 54 55 57 58
 11 29 57 58 70
 11 29 57 58 68 69
 11 29 43 57 58
 11 15 58 72
 11 15 58 70 71
 11 15 56 58 70
 11 15 56 58 68 69
 11 15 54 55 58 70
 11 15 54 55 58 68 69
 11 15 45 58
 11 15 43 56 58
 11 15 43 54 55 58
 11 15 29 58 70
 11 15 29 58 68 69
 11 15 29 43 58
 11 13 14 58 72
 11 13 14 58 70 71
 11 13 14 56 58 70
 11 13 14 56 58 68 69
 11 13 14 54 55 58 70
 11 13 14 54 55 58 68 69
 11 13 14 45 58
 11 13 14 43 56 58
 11 13 14 43 54 55 58
 11 13 14 29 58 70
 11 13 14 29 58 68 69
 11 13 14 29 43 58
 1 47 58
 1 47 58 72
 1 47 58 70 71
 1 47 56 58 70
 1 47 56 58 68 69
 1 47 54 55 58 70
 1 47 54 55 58 68 69
 1 45 47 58
 1 45 46 58 72
 1 45 46 58 70 71
 1 45 46 56 58 70
 1 45 46 56 58 68 69
 1 45 46 54 55 58 70
 1 45 46 54 55 58 68 69
 1 43 47 56 58
 1 43 47 54 55 58
 1 43 45 46 56 58
 1 43 45 46 54 55 58
 1 35 58 72
 1 35 58 70 71
 1 35 56 58 70
 1 35 56 58 68 69
 1 35 54 55 58 70
 1 35 54 55 58 68 69
 1 35 45 58
 1 35 43 56 58
 1 35 43 54 55 58
 1 29 47 58 70
 1 29 47 58 68 69
 1 29 45 46 58 70
 1 29 45 46 58 68 69
 1 29 43 47 58
 1 29 43 45 46 58
 1 29 35 58 70
 1 29 35 58 68 69
 1 29 35 43 58
 1 20 58
 1 20 58 72
 1 20 58 70 71
 1 20 56 58 70
 1 20 56 58 68 69
 1 20 54 55 58 70
 1 20 54 55 58 68 69
 1 20 45 58
 1 20 43 56 58
 1 20 43 54 55 58
 1 20 29 58 70
 1 20 29 58 68 69
 1 20 29 43 58
