 58
 58 69
 58 67 68
 58 64
 58 62 69
 58 62 67 68
 58 60
 58 60 62
 57 58 62
 56 70 72
 56 70 71
 56 68 69 72
 56 68 69 70 71
 56 58
 56 58 62
 56 57 58 59
 56 57 58 59 62
 54 58 62 72
 54 58 62 70 71
 54 56 58 72
 54 56 58 70 71
 54 56 57 62 72
 54 56 57 62 70 71
 54 56 57 58 72
 54 56 57 58 70 71
 52 56 58 72
 52 56 58 70 71
 52 56 57 58 72
 52 56 57 58 70 71
 52 53 58 62 72
 52 53 58 62 70 71
 52 53 56 58 72
 52 53 56 58 70 71
 52 53 56 57 62 72
 52 53 56 57 62 70 71
 52 53 56 57 58 72
 52 53 56 57 58 70 71
 50 51 56 58 72
 50 51 56 58 70 71
 50 51 56 57 58 72
 50 51 56 57 58 70 71
 47 52 58 64 70
 47 52 58 64 68 69
 47 52 56 57 64 70
 47 52 56 57 64 68 69
 47 52 55 58 70
 47 52 55 58 68 69
 47 52 55 56 57 70
 47 52 55 56 57 68 69
 47 50 51 58 64 70
 47 50 51 58 64 68 69
 47 50 51 56 57 64 70
 47 50 51 56 57 64 68 69
 47 50 51 55 58 70
 47 50 51 55 58 68 69
 47 50 51 55 56 57 70
 47 50 51 55 56 57 68 69
 45 74
 45 72 74
 45 70 71 74
 45 70 71 72 73
 45 58
 45 58 70
 45 58 68 69
 45 58 64
 45 58 64 74
 45 58 64 72 73
 45 58 64 70
 45 58 64 70 72
 45 58 64 70 71
 45 58 64 69
 45 58 64 68 69
 45 58 64 68 69 72
 45 58 64 68 69 70 71
 45 58 64 67 68
 45 58 62
 45 58 60
 45 57 58
 45 57 58 64
 45 57 58 62
 45 57 58 62 74
 45 57 58 62 72 73
 45 57 58 62 70
 45 57 58 62 70 72
 45 57 58 62 70 71
 45 57 58 62 69
 45 57 58 62 68 69
 45 57 58 62 68 69 72
 45 57 58 62 68 69 70 71
 45 57 58 62 67 68
 45 56 70
 45 56 70 74
 45 56 70 72 73
 45 56 68 69
 45 56 68 69 74
 45 56 68 69 72 73
 45 56 58 64
 45 56 57 58 70
 45 56 57 58 68 69
 45 56 57 58 64 74
 45 56 57 58 64 72 73
 45 56 57 58 64 70
 45 56 57 58 64 70 72
 45 56 57 58 64 70 71
 45 56 57 58 64 68 69
 45 56 57 58 64 68 69 72
 45 56 57 58 64 68 69 70 71
 45 56 57 58 62
 45 56 57 58 62 74
 45 56 57 58 62 72 73
 45 56 57 58 62 70
 45 56 57 58 62 70 72
 45 56 57 58 62 70 71
 45 56 57 58 62 68 69
 45 56 57 58 62 68 69 72
 45 56 57 58 62 68 69 70 71
 45 56 57 58 60
 45 56 57 58 60 64
 45 56 57 58 60 62
 45 56 57 58 59 64
 45 56 57 58 59 62
 45 54 58 62
 45 54 56 58
 45 54 56 57 62
 45 54 56 57 58
 45 54 55 70 74
 45 54 55 70 72 73
 45 54 55 68 69 74
 45 54 55 68 69 72 73
 45 52 56 58
 45 52 56 57 58
 45 52 53 58 62
 45 52 53 56 58
 45 52 53 56 57 62
 45 52 53 56 57 58
 45 50 51 56 58
 45 50 51 56 57 58
 45 47
 45 47 72
 45 47 70 71
 45 47 58 64
 45 47 57 58 62
 45 47 56 70
 45 47 56 68 69
 45 47 56 57 58 64
 45 47 56 57 58 62
 45 47 54 55 70
 45 47 54 55 68 69
 45 46 52 58 64 70
 45 46 52 58 64 68 69
 45 46 52 56 57 64 70
 45 46 52 56 57 64 68 69
 45 46 52 55 58 70
 45 46 52 55 58 68 69
 45 46 52 55 56 57 70
 45 46 52 55 56 57 68 69
 45 46 50 51 58 64 70
 45 46 50 51 58 64 68 69
 45 46 50 51 56 57 64 70
 45 46 50 51 56 57 64 68 69
 45 46 50 51 55 58 70
 45 46 50 51 55 58 68 69
 45 46 50 51 55 56 57 70
 45 46 50 51 55 56 57 68 69
 43 56 72
 43 56 70 71
 43 47 52 58 64
 43 47 52 56 57 64
 43 47 52 55 58
 43 47 52 55 56 57
 43 47 50 51 58 64
 43 47 50 51 56 57 64
 43 47 50 51 55 58
 43 47 50 51 55 56 57
 43 45 58
 43 45 58 64
 43 45 58 64 72
 43 45 58 64 70 71
 43 45 57 58 62
 43 45 57 58 62 72
 43 45 57 58 62 70 71
 43 45 56
 43 45 56 74
 43 45 56 72 73
 43 45 56 57 58
 43 45 56 57 58 64
 43 45 56 57 58 64 72
 43 45 56 57 58 64 70 71
 43 45 56 57 58 62
 43 45 56 57 58 62 72
 43 45 56 57 58 62 70 71
 43 45 54 55 74
 43 45 54 55 72 73
 43 45 47 56
 43 45 47 54 55
 43 45 46 52 58 64
 43 45 46 52 56 57 64
 43 45 46 52 55 58
 43 45 46 52 55 56 57
 43 45 46 50 51 58 64
 43 45 46 50 51 56 57 64
 43 45 46 50 51 55 58
 43 45 46 50 51 55 56 57
 43 44 72 74
 43 44 72 73
 43 44 70 71 74
 43 44 70 71 72 73
 43 44 58 70
 43 44 58 68 69
 43 44 58 64
 43 44 58 64 74
 43 44 58 64 72
 43 44 58 64 72 73
 43 44 58 64 70 72
 43 44 58 64 69
 43 44 58 64 68 69 72
 43 44 58 64 68 69 70 71
 43 44 58 64 67 68
 43 44 58 62
 43 44 58 60
 43 44 57 58
 43 44 57 58 64
 43 44 57 58 62
 43 44 57 58 62 74
 43 44 57 58 62 72
 43 44 57 58 62 72 73
 43 44 57 58 62 70 72
 43 44 57 58 62 69
 43 44 57 58 62 68 69 72
 43 44 57 58 62 68 69 70 71
 43 44 57 58 62 67 68
 43 44 56 74
 43 44 56 72 73
 43 44 56 70 74
 43 44 56 70 72 73
 43 44 56 68 69 74
 43 44 56 68 69 72 73
 43 44 56 58 64
 43 44 56 57 58
 43 44 56 57 58 70
 43 44 56 57 58 68 69
 43 44 56 57 58 64 74
 43 44 56 57 58 64 72
 43 44 56 57 58 64 72 73
 43 44 56 57 58 64 70 72
 43 44 56 57 58 64 68 69 72
 43 44 56 57 58 64 68 69 70 71
 43 44 56 57 58 62
 43 44 56 57 58 62 74
 43 44 56 57 58 62 72
 43 44 56 57 58 62 72 73
 43 44 56 57 58 62 70 72
 43 44 56 57 58 62 68 69 72
 43 44 56 57 58 62 68 69 70 71
 43 44 56 57 58 60
 43 44 56 57 58 60 64
 43 44 56 57 58 60 62
 43 44 56 57 58 59 64
 43 44 56 57 58 59 62
 43 44 54 55 74
 43 44 54 55 72 73
 43 44 54 55 70 74
 43 44 54 55 70 72 73
 43 44 54 55 68 69 74
 43 44 54 55 68 69 72 73
 43 44 47 72
 43 44 47 70 71
 43 44 47 58 64
 43 44 47 57 58 62
 43 44 47 56
 43 44 47 56 70
 43 44 47 56 68 69
 43 44 47 56 57 58 64
 43 44 47 56 57 58 62
 43 44 47 54 55
 43 44 47 54 55 70
 43 44 47 54 55 68 69
 43 44 45 74
 43 44 45 72 73
 43 44 45 58 64
 43 44 45 58 64 70
 43 44 45 58 64 68 69
 43 44 45 57 58 62
 43 44 45 57 58 62 70
 43 44 45 57 58 62 68 69
 43 44 45 56 57 58 64
 43 44 45 56 57 58 64 70
 43 44 45 56 57 58 64 68 69
 43 44 45 56 57 58 62
 43 44 45 56 57 58 62 70
 43 44 45 56 57 58 62 68 69
 43 44 45 47
 42 58 62
 42 45 58 64
 42 45 57 58 62
 42 43 44 58 64
 42 43 44 57 58 62
 41 72
 41 70 71
 41 58
 41 45
 40 58
 39 40 72
 39 40 70 71
 39 40 45
 38 39 58
 38 39 41 58
 38 39 40 58
 33 58
 33 58 62
 33 45 58 64
 33 45 57 58 62
 33 43 44 58 64
 33 43 44 57 58 62
 32 58
 32 58 62
 32 56 57 58
 32 56 57 58 62
 32 45 58 64
 32 45 57 58 62
 32 45 56 57 58 64
 32 45 56 57 58 62
 32 43 44 58 64
 32 43 44 57 58 62
 32 43 44 56 57 58 64
 32 43 44 56 57 58 62
 31 58
 31 58 62
 31 58 59
 31 58 59 62
 31 57 58
 31 57 58 62
 31 54 62 72
 31 54 62 70 71
 31 54 56 58 72
 31 54 56 58 70 71
 31 52 56 58 72
 31 52 56 58 70 71
 31 52 53 62 72
 31 52 53 62 70 71
 31 52 53 56 58 72
 31 52 53 56 58 70 71
 31 50 51 56 58 72
 31 50 51 56 58 70 71
 31 47 52 64 70
 31 47 52 64 68 69
 31 47 52 55 70
 31 47 52 55 68 69
 31 47 50 51 64 70
 31 47 50 51 64 68 69
 31 47 50 51 55 70
 31 47 50 51 55 68 69
 31 45 58 70
 31 45 58 68 69
 31 45 58 64
 31 45 58 64 74
 31 45 58 64 72 73
 31 45 58 64 70
 31 45 58 64 70 72
 31 45 58 64 70 71
 31 45 58 64 68 69
 31 45 58 64 68 69 72
 31 45 58 64 68 69 70 71
 31 45 58 60
 31 45 58 60 64
 31 45 58 59 64
 31 45 57 58
 31 45 57 58 64
 31 45 57 58 62 74
 31 45 57 58 62 72 73
 31 45 57 58 62 70
 31 45 57 58 62 70 72
 31 45 57 58 62 70 71
 31 45 57 58 62 68 69
 31 45 57 58 62 68 69 72
 31 45 57 58 62 68 69 70 71
 31 45 57 58 60 62
 31 45 57 58 59 62
 31 45 54 62
 31 45 54 56 58
 31 45 52 56 58
 31 45 52 53 62
 31 45 52 53 56 58
 31 45 50 51 56 58
 31 45 47 58 64
 31 45 47 57 58 62
 31 45 46 52 64 70
 31 45 46 52 64 68 69
 31 45 46 52 55 70
 31 45 46 52 55 68 69
 31 45 46 50 51 64 70
 31 45 46 50 51 64 68 69
 31 45 46 50 51 55 70
 31 45 46 50 51 55 68 69
 31 43 47 52 64
 31 43 47 52 55
 31 43 47 50 51 64
 31 43 47 50 51 55
 31 43 45 58
 31 43 45 58 64
 31 43 45 58 64 72
 31 43 45 58 64 70 71
 31 43 45 57 58 62
 31 43 45 57 58 62 72
 31 43 45 57 58 62 70 71
 31 43 45 46 52 64
 31 43 45 46 52 55
 31 43 45 46 50 51 64
 31 43 45 46 50 51 55
 31 43 44 58
 31 43 44 58 70
 31 43 44 58 68 69
 31 43 44 58 64
 31 43 44 58 64 74
 31 43 44 58 64 72
 31 43 44 58 64 72 73
 31 43 44 58 64 70 72
 31 43 44 58 64 68 69 72
 31 43 44 58 64 68 69 70 71
 31 43 44 58 60
 31 43 44 58 60 64
 31 43 44 58 59 64
 31 43 44 57 58
 31 43 44 57 58 64
 31 43 44 57 58 62 74
 31 43 44 57 58 62 72
 31 43 44 57 58 62 72 73
 31 43 44 57 58 62 70 72
 31 43 44 57 58 62 68 69 72
 31 43 44 57 58 62 68 69 70 71
 31 43 44 57 58 60 62
 31 43 44 57 58 59 62
 31 43 44 47 58 64
 31 43 44 47 57 58 62
 31 43 44 45 58 64
 31 43 44 45 58 64 70
 31 43 44 45 58 64 68 69
 31 43 44 45 57 58 62
 31 43 44 45 57 58 62 70
 31 43 44 45 57 58 62 68 69
 31 32 58
 31 32 58 62
 31 32 45 58 64
 31 32 45 57 58 62
 31 32 43 44 58 64
 31 32 43 44 57 58 62
 29 45 70 74
 29 45 70 72 73
 29 45 68 69 74
 29 45 68 69 72 73
 29 45 47 70
 29 45 47 68 69
 29 43 45 74
 29 43 45 72 73
 29 43 45 47
 29 43 44 74
 29 43 44 72 73
 29 43 44 70 74
 29 43 44 70 72 73
 29 43 44 68 69 74
 29 43 44 68 69 72 73
 29 43 44 47
 29 43 44 47 70
 29 43 44 47 68 69
 28
 28 72
 28 70 71
 28 62
 28 54 58
 28 54 58 72
 28 54 58 71 72
 28 54 58 69 70 72
 28 54 58 69 70 71
 28 54 57 58 72
 28 54 57 58 70 71
 28 54 56 57 72
 28 54 56 57 70 71
 28 54 56 57 58
 28 54 56 57 58 72
 28 54 56 57 58 71 72
 28 54 56 57 58 69 70 72
 28 54 56 57 58 69 70 71
 28 52 53 58
 28 52 53 58 72
 28 52 53 58 71 72
 28 52 53 58 69 70 72
 28 52 53 58 69 70 71
 28 52 53 57 58 72
 28 52 53 57 58 70 71
 28 52 53 56 57 72
 28 52 53 56 57 70 71
 28 52 53 56 57 58
 28 52 53 56 57 58 72
 28 52 53 56 57 58 71 72
 28 52 53 56 57 58 69 70 72
 28 52 53 56 57 58 69 70 71
 28 45
 28 45 58 64
 28 45 58 64 72
 28 45 58 64 70 71
 28 45 57 58 70
 28 45 57 58 68 69
 28 45 56 57 70
 28 45 56 57 68 69
 28 45 56 57 64
 28 45 56 57 64 72
 28 45 56 57 64 70 71
 28 45 54 58
 28 45 54 58 71
 28 45 54 58 69 70
 28 45 54 57 58
 28 45 54 56 57
 28 45 54 56 57 58
 28 45 54 56 57 58 71
 28 45 54 56 57 58 69 70
 28 45 52 53 58
 28 45 52 53 58 71
 28 45 52 53 58 69 70
 28 45 52 53 57 58
 28 45 52 53 56 57
 28 45 52 53 56 57 58
 28 45 52 53 56 57 58 71
 28 45 52 53 56 57 58 69 70
 28 44 54 58 72
 28 44 54 58 70 71
 28 44 54 56 57 58 72
 28 44 54 56 57 58 70 71
 28 44 52 53 58 72
 28 44 52 53 58 70 71
 28 44 52 53 56 57 58 72
 28 44 52 53 56 57 58 70 71
 28 44 45 54 58
 28 44 45 54 56 57 58
 28 44 45 52 53 58
 28 44 45 52 53 56 57 58
 28 43 45 57 58
 28 43 45 56 57
 28 43 44 58 64 72
 28 43 44 58 64 70 71
 28 43 44 57 58
 28 43 44 57 58 70
 28 43 44 57 58 68 69
 28 43 44 56 57
 28 43 44 56 57 70
 28 43 44 56 57 68 69
 28 43 44 56 57 64 72
 28 43 44 56 57 64 70 71
 28 43 44 45 58 64
 28 43 44 45 56 57 64
 28 39 45
 28 39 45 72
 28 39 45 70 71
 28 39 43 44 72
 28 39 43 44 70 71
 28 39 43 44 45
 28 37 38 45
 28 37 38 45 72
 28 37 38 45 70 71
 28 37 38 43 44 72
 28 37 38 43 44 70 71
 28 37 38 43 44 45
 28 31 54 72
 28 31 54 70 71
 28 31 54 58
 28 31 54 58 71 72
 28 31 54 58 70 71
 28 31 54 58 69 70 72
 28 31 54 58 69 70 71
 28 31 54 57 58 72
 28 31 54 57 58 70 71
 28 31 52 53 72
 28 31 52 53 70 71
 28 31 52 53 58
 28 31 52 53 58 71 72
 28 31 52 53 58 70 71
 28 31 52 53 58 69 70 72
 28 31 52 53 58 69 70 71
 28 31 52 53 57 58 72
 28 31 52 53 57 58 70 71
 28 31 45 64
 28 31 45 64 72
 28 31 45 64 70 71
 28 31 45 57 70
 28 31 45 57 68 69
 28 31 45 54
 28 31 45 54 58 71
 28 31 45 54 58 69 70
 28 31 45 54 57 58
 28 31 45 52 53
 28 31 45 52 53 58 71
 28 31 45 52 53 58 69 70
 28 31 45 52 53 57 58
 28 31 44 54 58 72
 28 31 44 54 58 70 71
 28 31 44 52 53 58 72
 28 31 44 52 53 58 70 71
 28 31 44 45 54 58
 28 31 44 45 52 53 58
 28 31 43 45 57
 28 31 43 44 64 72
 28 31 43 44 64 70 71
 28 31 43 44 57
 28 31 43 44 57 70
 28 31 43 44 57 68 69
 28 31 43 44 45 64
 27 58
 27 58 62 72
 27 58 62 70 71
 27 56 58 72
 27 56 58 70 71
 27 56 57 62 72
 27 56 57 62 70 71
 27 56 57 58 72
 27 56 57 58 70 71
 27 45 58 62
 27 45 56 58
 27 45 56 57 62
 27 45 56 57 58
 27 31 62 72
 27 31 62 70 71
 27 31 56 58 72
 27 31 56 58 70 71
 27 31 45 62
 27 31 45 56 58
 27 28 58
 27 28 58 72
 27 28 58 71 72
 27 28 58 69 70 72
 27 28 58 69 70 71
 27 28 57 58 72
 27 28 57 58 70 71
 27 28 56 57 72
 27 28 56 57 70 71
 27 28 56 57 58
 27 28 56 57 58 72
 27 28 56 57 58 71 72
 27 28 56 57 58 69 70 72
 27 28 56 57 58 69 70 71
 27 28 45 58
 27 28 45 58 71
 27 28 45 58 69 70
 27 28 45 57 58
 27 28 45 56 57
 27 28 45 56 57 58
 27 28 45 56 57 58 71
 27 28 45 56 57 58 69 70
 27 28 44 58 72
 27 28 44 58 70 71
 27 28 44 56 57 58 72
 27 28 44 56 57 58 70 71
 27 28 44 45 58
 27 28 44 45 56 57 58
 27 28 31 72
 27 28 31 70 71
 27 28 31 58
 27 28 31 58 71 72
 27 28 31 58 70 71
 27 28 31 58 69 70 72
 27 28 31 58 69 70 71
 27 28 31 57 58 72
 27 28 31 57 58 70 71
 27 28 31 45
 27 28 31 45 58 71
 27 28 31 45 58 69 70
 27 28 31 45 57 58
 27 28 31 44 58 72
 27 28 31 44 58 70 71
 27 28 31 44 45 58
 26 27
 26 27 72
 26 27 70 71
 26 27 62
 26 27 58
 26 27 58 72
 26 27 58 71 72
 26 27 58 69 70 72
 26 27 58 69 70 71
 26 27 57 58 72
 26 27 57 58 70 71
 26 27 56 57 72
 26 27 56 57 70 71
 26 27 56 57 58
 26 27 56 57 58 72
 26 27 56 57 58 71 72
 26 27 56 57 58 69 70 72
 26 27 56 57 58 69 70 71
 26 27 54 58
 26 27 54 58 72
 26 27 54 58 71 72
 26 27 54 58 69 70 72
 26 27 54 58 69 70 71
 26 27 54 57 58 72
 26 27 54 57 58 70 71
 26 27 54 56 57 72
 26 27 54 56 57 70 71
 26 27 54 56 57 58
 26 27 54 56 57 58 72
 26 27 54 56 57 58 71 72
 26 27 54 56 57 58 69 70 72
 26 27 54 56 57 58 69 70 71
 26 27 52 53 58
 26 27 52 53 58 72
 26 27 52 53 58 71 72
 26 27 52 53 58 69 70 72
 26 27 52 53 58 69 70 71
 26 27 52 53 57 58 72
 26 27 52 53 57 58 70 71
 26 27 52 53 56 57 72
 26 27 52 53 56 57 70 71
 26 27 52 53 56 57 58
 26 27 52 53 56 57 58 72
 26 27 52 53 56 57 58 71 72
 26 27 52 53 56 57 58 69 70 72
 26 27 52 53 56 57 58 69 70 71
 26 27 45
 26 27 45 58
 26 27 45 58 71
 26 27 45 58 69 70
 26 27 45 58 64
 26 27 45 58 64 72
 26 27 45 58 64 70 71
 26 27 45 57 58
 26 27 45 57 58 70
 26 27 45 57 58 68 69
 26 27 45 56 57
 26 27 45 56 57 70
 26 27 45 56 57 68 69
 26 27 45 56 57 64
 26 27 45 56 57 64 72
 26 27 45 56 57 64 70 71
 26 27 45 56 57 58
 26 27 45 56 57 58 71
 26 27 45 56 57 58 69 70
 26 27 45 54 58
 26 27 45 54 58 71
 26 27 45 54 58 69 70
 26 27 45 54 57 58
 26 27 45 54 56 57
 26 27 45 54 56 57 58
 26 27 45 54 56 57 58 71
 26 27 45 54 56 57 58 69 70
 26 27 45 52 53 58
 26 27 45 52 53 58 71
 26 27 45 52 53 58 69 70
 26 27 45 52 53 57 58
 26 27 45 52 53 56 57
 26 27 45 52 53 56 57 58
 26 27 45 52 53 56 57 58 71
 26 27 45 52 53 56 57 58 69 70
 26 27 44 58 72
 26 27 44 58 70 71
 26 27 44 56 57 58 72
 26 27 44 56 57 58 70 71
 26 27 44 54 58 72
 26 27 44 54 58 70 71
 26 27 44 54 56 57 58 72
 26 27 44 54 56 57 58 70 71
 26 27 44 52 53 58 72
 26 27 44 52 53 58 70 71
 26 27 44 52 53 56 57 58 72
 26 27 44 52 53 56 57 58 70 71
 26 27 44 45 58
 26 27 44 45 56 57 58
 26 27 44 45 54 58
 26 27 44 45 54 56 57 58
 26 27 44 45 52 53 58
 26 27 44 45 52 53 56 57 58
 26 27 43 45 57 58
 26 27 43 45 56 57
 26 27 43 44 58 64 72
 26 27 43 44 58 64 70 71
 26 27 43 44 57 58
 26 27 43 44 57 58 70
 26 27 43 44 57 58 68 69
 26 27 43 44 56 57
 26 27 43 44 56 57 70
 26 27 43 44 56 57 68 69
 26 27 43 44 56 57 64 72
 26 27 43 44 56 57 64 70 71
 26 27 43 44 45 58 64
 26 27 43 44 45 56 57 64
 26 27 39 45
 26 27 39 45 72
 26 27 39 45 70 71
 26 27 39 43 44 72
 26 27 39 43 44 70 71
 26 27 39 43 44 45
 26 27 37 38 45
 26 27 37 38 45 72
 26 27 37 38 45 70 71
 26 27 37 38 43 44 72
 26 27 37 38 43 44 70 71
 26 27 37 38 43 44 45
 26 27 31 72
 26 27 31 70 71
 26 27 31 58
 26 27 31 58 71 72
 26 27 31 58 70 71
 26 27 31 58 69 70 72
 26 27 31 58 69 70 71
 26 27 31 57 58 72
 26 27 31 57 58 70 71
 26 27 31 54 72
 26 27 31 54 70 71
 26 27 31 54 58
 26 27 31 54 58 71 72
 26 27 31 54 58 70 71
 26 27 31 54 58 69 70 72
 26 27 31 54 58 69 70 71
 26 27 31 54 57 58 72
 26 27 31 54 57 58 70 71
 26 27 31 52 53 72
 26 27 31 52 53 70 71
 26 27 31 52 53 58
 26 27 31 52 53 58 71 72
 26 27 31 52 53 58 70 71
 26 27 31 52 53 58 69 70 72
 26 27 31 52 53 58 69 70 71
 26 27 31 52 53 57 58 72
 26 27 31 52 53 57 58 70 71
 26 27 31 45
 26 27 31 45 64
 26 27 31 45 64 72
 26 27 31 45 64 70 71
 26 27 31 45 58 71
 26 27 31 45 58 69 70
 26 27 31 45 57 70
 26 27 31 45 57 68 69
 26 27 31 45 57 58
 26 27 31 45 54
 26 27 31 45 54 58 71
 26 27 31 45 54 58 69 70
 26 27 31 45 54 57 58
 26 27 31 45 52 53
 26 27 31 45 52 53 58 71
 26 27 31 45 52 53 58 69 70
 26 27 31 45 52 53 57 58
 26 27 31 44 58 72
 26 27 31 44 58 70 71
 26 27 31 44 54 58 72
 26 27 31 44 54 58 70 71
 26 27 31 44 52 53 58 72
 26 27 31 44 52 53 58 70 71
 26 27 31 44 45 58
 26 27 31 44 45 54 58
 26 27 31 44 45 52 53 58
 26 27 31 43 45 57
 26 27 31 43 44 64 72
 26 27 31 43 44 64 70 71
 26 27 31 43 44 57
 26 27 31 43 44 57 70
 26 27 31 43 44 57 68 69
 26 27 31 43 44 45 64
 25 56 58 72
 25 56 58 70 71
 25 56 57 58 72
 25 56 57 58 70 71
 25 47 58 64 70
 25 47 58 64 68 69
 25 47 56 57 64 70
 25 47 56 57 64 68 69
 25 47 55 58 70
 25 47 55 58 68 69
 25 47 55 56 57 70
 25 47 55 56 57 68 69
 25 45 56 58
 25 45 56 57 58
 25 45 46 58 64 70
 25 45 46 58 64 68 69
 25 45 46 56 57 64 70
 25 45 46 56 57 64 68 69
 25 45 46 55 58 70
 25 45 46 55 58 68 69
 25 45 46 55 56 57 70
 25 45 46 55 56 57 68 69
 25 43 47 58 64
 25 43 47 56 57 64
 25 43 47 55 58
 25 43 47 55 56 57
 25 43 45 46 58 64
 25 43 45 46 56 57 64
 25 43 45 46 55 58
 25 43 45 46 55 56 57
 25 31 56 58 72
 25 31 56 58 70 71
 25 31 47 64 70
 25 31 47 64 68 69
 25 31 47 55 70
 25 31 47 55 68 69
 25 31 45 56 58
 25 31 45 46 64 70
 25 31 45 46 64 68 69
 25 31 45 46 55 70
 25 31 45 46 55 68 69
 25 31 43 47 64
 25 31 43 47 55
 25 31 43 45 46 64
 25 31 43 45 46 55
 25 26 58
 20 52 58 64 70
 20 52 58 64 68 69
 20 52 56 57 64 70
 20 52 56 57 64 68 69
 20 52 55 58 70
 20 52 55 58 68 69
 20 52 55 56 57 70
 20 52 55 56 57 68 69
 20 50 51 58 64 70
 20 50 51 58 64 68 69
 20 50 51 56 57 64 70
 20 50 51 56 57 64 68 69
 20 50 51 55 58 70
 20 50 51 55 58 68 69
 20 50 51 55 56 57 70
 20 50 51 55 56 57 68 69
 20 43 52 58 64
 20 43 52 56 57 64
 20 43 52 55 58
 20 43 52 55 56 57
 20 43 50 51 58 64
 20 43 50 51 56 57 64
 20 43 50 51 55 58
 20 43 50 51 55 56 57
 20 31 52 64 70
 20 31 52 64 68 69
 20 31 52 55 70
 20 31 52 55 68 69
 20 31 50 51 64 70
 20 31 50 51 64 68 69
 20 31 50 51 55 70
 20 31 50 51 55 68 69
 20 31 43 52 64
 20 31 43 52 55
 20 31 43 50 51 64
 20 31 43 50 51 55
 20 25 58 64 70
 20 25 58 64 68 69
 20 25 56 57 64 70
 20 25 56 57 64 68 69
 20 25 55 58 70
 20 25 55 58 68 69
 20 25 55 56 57 70
 20 25 55 56 57 68 69
 20 25 43 58 64
 20 25 43 56 57 64
 20 25 43 55 58
 20 25 43 55 56 57
 20 25 31 64 70
 20 25 31 64 68 69
 20 25 31 55 70
 20 25 31 55 68 69
 20 25 31 43 64
 20 25 31 43 55
 18 72 74
 18 72 73
 18 70 71 74
 18 70 71 72 73
 18 58
 18 58 70
 18 58 68 69
 18 58 64
 18 58 64 74
 18 58 64 72 73
 18 58 64 70 72
 18 58 64 70 71
 18 58 64 69
 18 58 64 68 69 72
 18 58 64 68 69 70 71
 18 58 64 67 68
 18 58 62
 18 58 60
 18 57 58
 18 57 58 64
 18 57 58 62
 18 57 58 62 74
 18 57 58 62 72 73
 18 57 58 62 70 72
 18 57 58 62 70 71
 18 57 58 62 69
 18 57 58 62 68 69 72
 18 57 58 62 68 69 70 71
 18 57 58 62 67 68
 18 56 70 74
 18 56 70 72 73
 18 56 68 69 74
 18 56 68 69 72 73
 18 56 58 64
 18 56 57 58 70
 18 56 57 58 68 69
 18 56 57 58 64 74
 18 56 57 58 64 72 73
 18 56 57 58 64 70 72
 18 56 57 58 64 70 71
 18 56 57 58 64 68 69 72
 18 56 57 58 64 68 69 70 71
 18 56 57 58 62
 18 56 57 58 62 74
 18 56 57 58 62 72 73
 18 56 57 58 62 70 72
 18 56 57 58 62 70 71
 18 56 57 58 62 68 69 72
 18 56 57 58 62 68 69 70 71
 18 56 57 58 60
 18 56 57 58 60 64
 18 56 57 58 60 62
 18 56 57 58 59 64
 18 56 57 58 59 62
 18 54 55 70 74
 18 54 55 70 72 73
 18 54 55 68 69 74
 18 54 55 68 69 72 73
 18 47 72
 18 47 70 71
 18 47 58 64
 18 47 57 58 62
 18 47 56 70
 18 47 56 68 69
 18 47 56 57 58 64
 18 47 56 57 58 62
 18 47 54 55 70
 18 47 54 55 68 69
 18 45 74
 18 45 72 73
 18 45 58 64 70
 18 45 58 64 68 69
 18 45 57 58 62 70
 18 45 57 58 62 68 69
 18 45 56 57 58 64 70
 18 45 56 57 58 64 68 69
 18 45 56 57 58 62 70
 18 45 56 57 58 62 68 69
 18 45 47
 18 43 58
 18 43 58 64 72
 18 43 58 64 70 71
 18 43 57 58 62 72
 18 43 57 58 62 70 71
 18 43 56 74
 18 43 56 72 73
 18 43 56 57 58
 18 43 56 57 58 64 72
 18 43 56 57 58 64 70 71
 18 43 56 57 58 62 72
 18 43 56 57 58 62 70 71
 18 43 54 55 74
 18 43 54 55 72 73
 18 43 47 56
 18 43 47 54 55
 18 43 45 58 64
 18 43 45 57 58 62
 18 43 45 56 57 58 64
 18 43 45 56 57 58 62
 18 42 58 64
 18 42 57 58 62
 18 33 58 64
 18 33 57 58 62
 18 32 58 64
 18 32 57 58 62
 18 32 56 57 58 64
 18 32 56 57 58 62
 18 31 58 70
 18 31 58 68 69
 18 31 58 64
 18 31 58 64 74
 18 31 58 64 72 73
 18 31 58 64 70 72
 18 31 58 64 70 71
 18 31 58 64 68 69 72
 18 31 58 64 68 69 70 71
 18 31 58 60
 18 31 58 60 64
 18 31 58 59 64
 18 31 57 58
 18 31 57 58 64
 18 31 57 58 62 74
 18 31 57 58 62 72 73
 18 31 57 58 62 70 72
 18 31 57 58 62 70 71
 18 31 57 58 62 68 69 72
 18 31 57 58 62 68 69 70 71
 18 31 57 58 60 62
 18 31 57 58 59 62
 18 31 47 58 64
 18 31 47 57 58 62
 18 31 45 58 64 70
 18 31 45 58 64 68 69
 18 31 45 57 58 62 70
 18 31 45 57 58 62 68 69
 18 31 43 58
 18 31 43 58 64 72
 18 31 43 58 64 70 71
 18 31 43 57 58 62 72
 18 31 43 57 58 62 70 71
 18 31 43 45 58 64
 18 31 43 45 57 58 62
 18 31 32 58 64
 18 31 32 57 58 62
 18 29 70 74
 18 29 70 72 73
 18 29 68 69 74
 18 29 68 69 72 73
 18 29 47 70
 18 29 47 68 69
 18 29 43 74
 18 29 43 72 73
 18 29 43 47
 18 28 58 64 72
 18 28 58 64 70 71
 18 28 57 58 70
 18 28 57 58 68 69
 18 28 56 57 70
 18 28 56 57 68 69
 18 28 56 57 64 72
 18 28 56 57 64 70 71
 18 28 45 58 64
 18 28 45 56 57 64
 18 28 43 57 58
 18 28 43 56 57
 18 28 39 72
 18 28 39 70 71
 18 28 39 45
 18 28 37 38 72
 18 28 37 38 70 71
 18 28 37 38 45
 18 28 31 64 72
 18 28 31 64 70 71
 18 28 31 57 70
 18 28 31 57 68 69
 18 28 31 45 64
 18 28 31 43 57
 18 26 27 58 64 72
 18 26 27 58 64 70 71
 18 26 27 57 58 70
 18 26 27 57 58 68 69
 18 26 27 56 57 70
 18 26 27 56 57 68 69
 18 26 27 56 57 64 72
 18 26 27 56 57 64 70 71
 18 26 27 45 58 64
 18 26 27 45 56 57 64
 18 26 27 43 57 58
 18 26 27 43 56 57
 18 26 27 39 72
 18 26 27 39 70 71
 18 26 27 39 45
 18 26 27 37 38 72
 18 26 27 37 38 70 71
 18 26 27 37 38 45
 18 26 27 31 64 72
 18 26 27 31 64 70 71
 18 26 27 31 57 70
 18 26 27 31 57 68 69
 18 26 27 31 45 64
 18 26 27 31 43 57
 15 58 62
 15 45 58
 15 45 58 64
 15 45 58 62
 15 45 58 62 74
 15 45 58 62 72 73
 15 45 58 62 70
 15 45 58 62 70 72
 15 45 58 62 70 71
 15 45 58 62 69
 15 45 58 62 68 69
 15 45 58 62 68 69 72
 15 45 58 62 68 69 70 71
 15 45 58 62 67 68
 15 45 56 58 62
 15 45 56 57 58 62 74
 15 45 56 57 58 62 72 73
 15 45 56 57 58 62 70
 15 45 56 57 58 62 70 72
 15 45 56 57 58 62 70 71
 15 45 56 57 58 62 68 69
 15 45 56 57 58 62 68 69 72
 15 45 56 57 58 62 68 69 70 71
 15 45 56 57 58 60 62
 15 45 56 57 58 59 62
 15 45 47 58 62
 15 45 47 56 57 58 62
 15 43 45 58 62
 15 43 45 58 62 72
 15 43 45 58 62 70 71
 15 43 45 56 57 58 62
 15 43 45 56 57 58 62 72
 15 43 45 56 57 58 62 70 71
 15 43 44 58
 15 43 44 58 64
 15 43 44 58 62
 15 43 44 58 62 74
 15 43 44 58 62 72
 15 43 44 58 62 72 73
 15 43 44 58 62 70 72
 15 43 44 58 62 69
 15 43 44 58 62 68 69 72
 15 43 44 58 62 68 69 70 71
 15 43 44 58 62 67 68
 15 43 44 56 58 62
 15 43 44 56 57 58 62 74
 15 43 44 56 57 58 62 72
 15 43 44 56 57 58 62 72 73
 15 43 44 56 57 58 62 70 72
 15 43 44 56 57 58 62 68 69 72
 15 43 44 56 57 58 62 68 69 70 71
 15 43 44 56 57 58 60 62
 15 43 44 56 57 58 59 62
 15 43 44 47 58 62
 15 43 44 47 56 57 58 62
 15 43 44 45 58 62
 15 43 44 45 58 62 70
 15 43 44 45 58 62 68 69
 15 43 44 45 56 57 58 62
 15 43 44 45 56 57 58 62 70
 15 43 44 45 56 57 58 62 68 69
 15 42 45 58 62
 15 42 43 44 58 62
 15 33 45 58 62
 15 33 43 44 58 62
 15 32 45 58 62
 15 32 45 56 57 58 62
 15 32 43 44 58 62
 15 32 43 44 56 57 58 62
 15 31 45 58
 15 31 45 58 62
 15 31 45 58 62 74
 15 31 45 58 62 72 73
 15 31 45 58 62 70
 15 31 45 58 62 70 72
 15 31 45 58 62 70 71
 15 31 45 58 62 68 69
 15 31 45 58 62 68 69 72
 15 31 45 58 62 68 69 70 71
 15 31 45 58 60 62
 15 31 45 58 59 62
 15 31 45 57 58 62
 15 31 45 47 58 62
 15 31 43 45 58 62
 15 31 43 45 58 62 72
 15 31 43 45 58 62 70 71
 15 31 43 44 58
 15 31 43 44 58 62
 15 31 43 44 58 62 74
 15 31 43 44 58 62 72
 15 31 43 44 58 62 72 73
 15 31 43 44 58 62 70 72
 15 31 43 44 58 62 68 69 72
 15 31 43 44 58 62 68 69 70 71
 15 31 43 44 58 60 62
 15 31 43 44 58 59 62
 15 31 43 44 57 58 62
 15 31 43 44 47 58 62
 15 31 43 44 45 58 62
 15 31 43 44 45 58 62 70
 15 31 43 44 45 58 62 68 69
 15 31 32 45 58 62
 15 31 32 43 44 58 62
 15 28 45 57 58 70
 15 28 45 57 58 68 69
 15 28 45 56 57 70
 15 28 45 56 57 68 69
 15 28 43 45 57 58
 15 28 43 45 56 57
 15 28 43 44 57 58
 15 28 43 44 57 58 70
 15 28 43 44 57 58 68 69
 15 28 43 44 56 57
 15 28 43 44 56 57 70
 15 28 43 44 56 57 68 69
 15 28 31 45 57 70
 15 28 31 45 57 68 69
 15 28 31 43 45 57
 15 28 31 43 44 57
 15 28 31 43 44 57 70
 15 28 31 43 44 57 68 69
 15 26 27 45 57 58 70
 15 26 27 45 57 58 68 69
 15 26 27 45 56 57 70
 15 26 27 45 56 57 68 69
 15 26 27 43 45 57 58
 15 26 27 43 45 56 57
 15 26 27 43 44 57 58
 15 26 27 43 44 57 58 70
 15 26 27 43 44 57 58 68 69
 15 26 27 43 44 56 57
 15 26 27 43 44 56 57 70
 15 26 27 43 44 56 57 68 69
 15 26 27 31 45 57 70
 15 26 27 31 45 57 68 69
 15 26 27 31 43 45 57
 15 26 27 31 43 44 57
 15 26 27 31 43 44 57 70
 15 26 27 31 43 44 57 68 69
 15 18 58
 15 18 58 64
 15 18 58 62
 15 18 58 62 74
 15 18 58 62 72 73
 15 18 58 62 70 72
 15 18 58 62 70 71
 15 18 58 62 69
 15 18 58 62 68 69 72
 15 18 58 62 68 69 70 71
 15 18 58 62 67 68
 15 18 56 58 62
 15 18 56 57 58 62 74
 15 18 56 57 58 62 72 73
 15 18 56 57 58 62 70 72
 15 18 56 57 58 62 70 71
 15 18 56 57 58 62 68 69 72
 15 18 56 57 58 62 68 69 70 71
 15 18 56 57 58 60 62
 15 18 56 57 58 59 62
 15 18 47 58 62
 15 18 47 56 57 58 62
 15 18 45 58 62 70
 15 18 45 58 62 68 69
 15 18 45 56 57 58 62 70
 15 18 45 56 57 58 62 68 69
 15 18 43 58 62 72
 15 18 43 58 62 70 71
 15 18 43 56 57 58 62 72
 15 18 43 56 57 58 62 70 71
 15 18 43 45 58 62
 15 18 43 45 56 57 58 62
 15 18 42 58 62
 15 18 33 58 62
 15 18 32 58 62
 15 18 32 56 57 58 62
 15 18 31 58
 15 18 31 58 62
 15 18 31 58 62 74
 15 18 31 58 62 72 73
 15 18 31 58 62 70 72
 15 18 31 58 62 70 71
 15 18 31 58 62 68 69 72
 15 18 31 58 62 68 69 70 71
 15 18 31 58 60 62
 15 18 31 58 59 62
 15 18 31 57 58 62
 15 18 31 47 58 62
 15 18 31 45 58 62 70
 15 18 31 45 58 62 68 69
 15 18 31 43 58 62 72
 15 18 31 43 58 62 70 71
 15 18 31 43 45 58 62
 15 18 31 32 58 62
 15 18 28 57 58 70
 15 18 28 57 58 68 69
 15 18 28 56 57 70
 15 18 28 56 57 68 69
 15 18 28 43 57 58
 15 18 28 43 56 57
 15 18 28 31 57 70
 15 18 28 31 57 68 69
 15 18 28 31 43 57
 15 18 26 27 57 58 70
 15 18 26 27 57 58 68 69
 15 18 26 27 56 57 70
 15 18 26 27 56 57 68 69
 15 18 26 27 43 57 58
 15 18 26 27 43 56 57
 15 18 26 27 31 57 70
 15 18 26 27 31 57 68 69
 15 18 26 27 31 43 57
 14 72
 14 70 71
 14 58
 14 45
 14 40 58
 14 38 39 58
 13 58
 13 47 52 58 70
 13 47 52 58 68 69
 13 47 52 56 57 70
 13 47 52 56 57 68 69
 13 47 50 51 58 70
 13 47 50 51 58 68 69
 13 47 50 51 56 57 70
 13 47 50 51 56 57 68 69
 13 45 46 52 58 70
 13 45 46 52 58 68 69
 13 45 46 52 56 57 70
 13 45 46 52 56 57 68 69
 13 45 46 50 51 58 70
 13 45 46 50 51 58 68 69
 13 45 46 50 51 56 57 70
 13 45 46 50 51 56 57 68 69
 13 43 47 52 58
 13 43 47 52 56 57
 13 43 47 50 51 58
 13 43 47 50 51 56 57
 13 43 45 46 52 58
 13 43 45 46 52 56 57
 13 43 45 46 50 51 58
 13 43 45 46 50 51 56 57
 13 41 58
 13 39 40 58
 13 31 47 52 70
 13 31 47 52 68 69
 13 31 47 50 51 70
 13 31 47 50 51 68 69
 13 31 45 46 52 70
 13 31 45 46 52 68 69
 13 31 45 46 50 51 70
 13 31 45 46 50 51 68 69
 13 31 43 47 52
 13 31 43 47 50 51
 13 31 43 45 46 52
 13 31 43 45 46 50 51
 13 25 47 58 70
 13 25 47 58 68 69
 13 25 47 56 57 70
 13 25 47 56 57 68 69
 13 25 45 46 58 70
 13 25 45 46 58 68 69
 13 25 45 46 56 57 70
 13 25 45 46 56 57 68 69
 13 25 43 47 58
 13 25 43 47 56 57
 13 25 43 45 46 58
 13 25 43 45 46 56 57
 13 25 31 47 70
 13 25 31 47 68 69
 13 25 31 45 46 70
 13 25 31 45 46 68 69
 13 25 31 43 47
 13 25 31 43 45 46
 13 20 52 58 70
 13 20 52 58 68 69
 13 20 52 56 57 70
 13 20 52 56 57 68 69
 13 20 50 51 58 70
 13 20 50 51 58 68 69
 13 20 50 51 56 57 70
 13 20 50 51 56 57 68 69
 13 20 43 52 58
 13 20 43 52 56 57
 13 20 43 50 51 58
 13 20 43 50 51 56 57
 13 20 31 52 70
 13 20 31 52 68 69
 13 20 31 50 51 70
 13 20 31 50 51 68 69
 13 20 31 43 52
 13 20 31 43 50 51
 13 20 25 58 70
 13 20 25 58 68 69
 13 20 25 56 57 70
 13 20 25 56 57 68 69
 13 20 25 43 58
 13 20 25 43 56 57
 13 20 25 31 70
 13 20 25 31 68 69
 13 20 25 31 43
 13 14 58
 13 14 58 62
 13 14 45 58
 13 14 45 58 64
 13 14 45 58 62
 13 14 45 58 62 74
 13 14 45 58 62 72 73
 13 14 45 58 62 70
 13 14 45 58 62 70 72
 13 14 45 58 62 70 71
 13 14 45 58 62 69
 13 14 45 58 62 68 69
 13 14 45 58 62 68 69 72
 13 14 45 58 62 68 69 70 71
 13 14 45 58 62 67 68
 13 14 45 56 58 62
 13 14 45 56 57 58 62 74
 13 14 45 56 57 58 62 72 73
 13 14 45 56 57 58 62 70
 13 14 45 56 57 58 62 70 72
 13 14 45 56 57 58 62 70 71
 13 14 45 56 57 58 62 68 69
 13 14 45 56 57 58 62 68 69 72
 13 14 45 56 57 58 62 68 69 70 71
 13 14 45 56 57 58 60 62
 13 14 45 56 57 58 59 62
 13 14 45 47 58 62
 13 14 45 47 56 57 58 62
 13 14 43 45 58 62
 13 14 43 45 58 62 72
 13 14 43 45 58 62 70 71
 13 14 43 45 56 57 58 62
 13 14 43 45 56 57 58 62 72
 13 14 43 45 56 57 58 62 70 71
 13 14 43 44 58
 13 14 43 44 58 64
 13 14 43 44 58 62
 13 14 43 44 58 62 74
 13 14 43 44 58 62 72
 13 14 43 44 58 62 72 73
 13 14 43 44 58 62 70 72
 13 14 43 44 58 62 69
 13 14 43 44 58 62 68 69 72
 13 14 43 44 58 62 68 69 70 71
 13 14 43 44 58 62 67 68
 13 14 43 44 56 58 62
 13 14 43 44 56 57 58 62 74
 13 14 43 44 56 57 58 62 72
 13 14 43 44 56 57 58 62 72 73
 13 14 43 44 56 57 58 62 70 72
 13 14 43 44 56 57 58 62 68 69 72
 13 14 43 44 56 57 58 62 68 69 70 71
 13 14 43 44 56 57 58 60 62
 13 14 43 44 56 57 58 59 62
 13 14 43 44 47 58 62
 13 14 43 44 47 56 57 58 62
 13 14 43 44 45 58 62
 13 14 43 44 45 58 62 70
 13 14 43 44 45 58 62 68 69
 13 14 43 44 45 56 57 58 62
 13 14 43 44 45 56 57 58 62 70
 13 14 43 44 45 56 57 58 62 68 69
 13 14 42 45 58 62
 13 14 42 43 44 58 62
 13 14 33 45 58 62
 13 14 33 43 44 58 62
 13 14 32 45 58 62
 13 14 32 45 56 57 58 62
 13 14 32 43 44 58 62
 13 14 32 43 44 56 57 58 62
 13 14 31 45 58
 13 14 31 45 58 62
 13 14 31 45 58 62 74
 13 14 31 45 58 62 72 73
 13 14 31 45 58 62 70
 13 14 31 45 58 62 70 72
 13 14 31 45 58 62 70 71
 13 14 31 45 58 62 68 69
 13 14 31 45 58 62 68 69 72
 13 14 31 45 58 62 68 69 70 71
 13 14 31 45 58 60 62
 13 14 31 45 58 59 62
 13 14 31 45 57 58 62
 13 14 31 45 47 58 62
 13 14 31 43 45 58 62
 13 14 31 43 45 58 62 72
 13 14 31 43 45 58 62 70 71
 13 14 31 43 44 58
 13 14 31 43 44 58 62
 13 14 31 43 44 58 62 74
 13 14 31 43 44 58 62 72
 13 14 31 43 44 58 62 72 73
 13 14 31 43 44 58 62 70 72
 13 14 31 43 44 58 62 68 69 72
 13 14 31 43 44 58 62 68 69 70 71
 13 14 31 43 44 58 60 62
 13 14 31 43 44 58 59 62
 13 14 31 43 44 57 58 62
 13 14 31 43 44 47 58 62
 13 14 31 43 44 45 58 62
 13 14 31 43 44 45 58 62 70
 13 14 31 43 44 45 58 62 68 69
 13 14 31 32 45 58 62
 13 14 31 32 43 44 58 62
 13 14 28 45 57 58 70
 13 14 28 45 57 58 68 69
 13 14 28 45 56 57 70
 13 14 28 45 56 57 68 69
 13 14 28 43 45 57 58
 13 14 28 43 45 56 57
 13 14 28 43 44 57 58
 13 14 28 43 44 57 58 70
 13 14 28 43 44 57 58 68 69
 13 14 28 43 44 56 57
 13 14 28 43 44 56 57 70
 13 14 28 43 44 56 57 68 69
 13 14 28 31 45 57 70
 13 14 28 31 45 57 68 69
 13 14 28 31 43 45 57
 13 14 28 31 43 44 57
 13 14 28 31 43 44 57 70
 13 14 28 31 43 44 57 68 69
 13 14 26 27 45 57 58 70
 13 14 26 27 45 57 58 68 69
 13 14 26 27 45 56 57 70
 13 14 26 27 45 56 57 68 69
 13 14 26 27 43 45 57 58
 13 14 26 27 43 45 56 57
 13 14 26 27 43 44 57 58
 13 14 26 27 43 44 57 58 70
 13 14 26 27 43 44 57 58 68 69
 13 14 26 27 43 44 56 57
 13 14 26 27 43 44 56 57 70
 13 14 26 27 43 44 56 57 68 69
 13 14 26 27 31 45 57 70
 13 14 26 27 31 45 57 68 69
 13 14 26 27 31 43 45 57
 13 14 26 27 31 43 44 57
 13 14 26 27 31 43 44 57 70
 13 14 26 27 31 43 44 57 68 69
 13 14 18 58
 13 14 18 58 64
 13 14 18 58 62
 13 14 18 58 62 74
 13 14 18 58 62 72 73
 13 14 18 58 62 70 72
 13 14 18 58 62 70 71
 13 14 18 58 62 69
 13 14 18 58 62 68 69 72
 13 14 18 58 62 68 69 70 71
 13 14 18 58 62 67 68
 13 14 18 56 58 62
 13 14 18 56 57 58 62 74
 13 14 18 56 57 58 62 72 73
 13 14 18 56 57 58 62 70 72
 13 14 18 56 57 58 62 70 71
 13 14 18 56 57 58 62 68 69 72
 13 14 18 56 57 58 62 68 69 70 71
 13 14 18 56 57 58 60 62
 13 14 18 56 57 58 59 62
 13 14 18 47 58 62
 13 14 18 47 56 57 58 62
 13 14 18 45 58 62 70
 13 14 18 45 58 62 68 69
 13 14 18 45 56 57 58 62 70
 13 14 18 45 56 57 58 62 68 69
 13 14 18 43 58 62 72
 13 14 18 43 58 62 70 71
 13 14 18 43 56 57 58 62 72
 13 14 18 43 56 57 58 62 70 71
 13 14 18 43 45 58 62
 13 14 18 43 45 56 57 58 62
 13 14 18 42 58 62
 13 14 18 33 58 62
 13 14 18 32 58 62
 13 14 18 32 56 57 58 62
 13 14 18 31 58
 13 14 18 31 58 62
 13 14 18 31 58 62 74
 13 14 18 31 58 62 72 73
 13 14 18 31 58 62 70 72
 13 14 18 31 58 62 70 71
 13 14 18 31 58 62 68 69 72
 13 14 18 31 58 62 68 69 70 71
 13 14 18 31 58 60 62
 13 14 18 31 58 59 62
 13 14 18 31 57 58 62
 13 14 18 31 47 58 62
 13 14 18 31 45 58 62 70
 13 14 18 31 45 58 62 68 69
 13 14 18 31 43 58 62 72
 13 14 18 31 43 58 62 70 71
 13 14 18 31 43 45 58 62
 13 14 18 31 32 58 62
 13 14 18 28 57 58 70
 13 14 18 28 57 58 68 69
 13 14 18 28 56 57 70
 13 14 18 28 56 57 68 69
 13 14 18 28 43 57 58
 13 14 18 28 43 56 57
 13 14 18 28 31 57 70
 13 14 18 28 31 57 68 69
 13 14 18 28 31 43 57
 13 14 18 26 27 57 58 70
 13 14 18 26 27 57 58 68 69
 13 14 18 26 27 56 57 70
 13 14 18 26 27 56 57 68 69
 13 14 18 26 27 43 57 58
 13 14 18 26 27 43 56 57
 13 14 18 26 27 31 57 70
 13 14 18 26 27 31 57 68 69
 13 14 18 26 27 31 43 57
 12 28 45
 12 28 45 72
 12 28 45 70 71
 12 28 43 44 72
 12 28 43 44 70 71
 12 28 43 44 45
 12 26 27 45
 12 26 27 45 72
 12 26 27 45 70 71
 12 26 27 43 44 72
 12 26 27 43 44 70 71
 12 26 27 43 44 45
 12 18 28 72
 12 18 28 70 71
 12 18 28 45
 12 18 26 27 72
 12 18 26 27 70 71
 12 18 26 27 45
 11 12 47 52 58 70
 11 12 47 52 58 68 69
 11 12 47 52 56 57 70
 11 12 47 52 56 57 68 69
 11 12 47 50 51 58 70
 11 12 47 50 51 58 68 69
 11 12 47 50 51 56 57 70
 11 12 47 50 51 56 57 68 69
 11 12 45 46 52 58 70
 11 12 45 46 52 58 68 69
 11 12 45 46 52 56 57 70
 11 12 45 46 52 56 57 68 69
 11 12 45 46 50 51 58 70
 11 12 45 46 50 51 58 68 69
 11 12 45 46 50 51 56 57 70
 11 12 45 46 50 51 56 57 68 69
 11 12 43 47 52 58
 11 12 43 47 52 56 57
 11 12 43 47 50 51 58
 11 12 43 47 50 51 56 57
 11 12 43 45 46 52 58
 11 12 43 45 46 52 56 57
 11 12 43 45 46 50 51 58
 11 12 43 45 46 50 51 56 57
 11 12 31 47 52 70
 11 12 31 47 52 68 69
 11 12 31 47 50 51 70
 11 12 31 47 50 51 68 69
 11 12 31 45 46 52 70
 11 12 31 45 46 52 68 69
 11 12 31 45 46 50 51 70
 11 12 31 45 46 50 51 68 69
 11 12 31 43 47 52
 11 12 31 43 47 50 51
 11 12 31 43 45 46 52
 11 12 31 43 45 46 50 51
 11 12 25 47 58 70
 11 12 25 47 58 68 69
 11 12 25 47 56 57 70
 11 12 25 47 56 57 68 69
 11 12 25 45 46 58 70
 11 12 25 45 46 58 68 69
 11 12 25 45 46 56 57 70
 11 12 25 45 46 56 57 68 69
 11 12 25 43 47 58
 11 12 25 43 47 56 57
 11 12 25 43 45 46 58
 11 12 25 43 45 46 56 57
 11 12 25 31 47 70
 11 12 25 31 47 68 69
 11 12 25 31 45 46 70
 11 12 25 31 45 46 68 69
 11 12 25 31 43 47
 11 12 25 31 43 45 46
 11 12 20 52 58 70
 11 12 20 52 58 68 69
 11 12 20 52 56 57 70
 11 12 20 52 56 57 68 69
 11 12 20 50 51 58 70
 11 12 20 50 51 58 68 69
 11 12 20 50 51 56 57 70
 11 12 20 50 51 56 57 68 69
 11 12 20 43 52 58
 11 12 20 43 52 56 57
 11 12 20 43 50 51 58
 11 12 20 43 50 51 56 57
 11 12 20 31 52 70
 11 12 20 31 52 68 69
 11 12 20 31 50 51 70
 11 12 20 31 50 51 68 69
 11 12 20 31 43 52
 11 12 20 31 43 50 51
 11 12 20 25 58 70
 11 12 20 25 58 68 69
 11 12 20 25 56 57 70
 11 12 20 25 56 57 68 69
 11 12 20 25 43 58
 11 12 20 25 43 56 57
 11 12 20 25 31 70
 11 12 20 25 31 68 69
 11 12 20 25 31 43
 1
 1 72
 1 70 71
 1 62
 1 54 58
 1 54 58 72
 1 54 58 71 72
 1 54 58 69 70 72
 1 54 58 69 70 71
 1 54 57 58 72
 1 54 57 58 70 71
 1 54 56 57 72
 1 54 56 57 70 71
 1 54 56 57 58
 1 54 56 57 58 72
 1 54 56 57 58 71 72
 1 54 56 57 58 69 70 72
 1 54 56 57 58 69 70 71
 1 52 53 58
 1 52 53 58 72
 1 52 53 58 71 72
 1 52 53 58 69 70 72
 1 52 53 58 69 70 71
 1 52 53 57 58 72
 1 52 53 57 58 70 71
 1 52 53 56 57 72
 1 52 53 56 57 70 71
 1 52 53 56 57 58
 1 52 53 56 57 58 72
 1 52 53 56 57 58 71 72
 1 52 53 56 57 58 69 70 72
 1 52 53 56 57 58 69 70 71
 1 45
 1 45 58 64
 1 45 58 64 72
 1 45 58 64 70 71
 1 45 57 58 70
 1 45 57 58 68 69
 1 45 56 57 70
 1 45 56 57 68 69
 1 45 56 57 64
 1 45 56 57 64 72
 1 45 56 57 64 70 71
 1 45 54 58
 1 45 54 58 71
 1 45 54 58 69 70
 1 45 54 57 58
 1 45 54 56 57
 1 45 54 56 57 58
 1 45 54 56 57 58 71
 1 45 54 56 57 58 69 70
 1 45 52 53 58
 1 45 52 53 58 71
 1 45 52 53 58 69 70
 1 45 52 53 57 58
 1 45 52 53 56 57
 1 45 52 53 56 57 58
 1 45 52 53 56 57 58 71
 1 45 52 53 56 57 58 69 70
 1 44 54 58 72
 1 44 54 58 70 71
 1 44 54 56 57 58 72
 1 44 54 56 57 58 70 71
 1 44 52 53 58 72
 1 44 52 53 58 70 71
 1 44 52 53 56 57 58 72
 1 44 52 53 56 57 58 70 71
 1 44 45 54 58
 1 44 45 54 56 57 58
 1 44 45 52 53 58
 1 44 45 52 53 56 57 58
 1 43 45 57 58
 1 43 45 56 57
 1 43 44 58 64 72
 1 43 44 58 64 70 71
 1 43 44 57 58
 1 43 44 57 58 70
 1 43 44 57 58 68 69
 1 43 44 56 57
 1 43 44 56 57 70
 1 43 44 56 57 68 69
 1 43 44 56 57 64 72
 1 43 44 56 57 64 70 71
 1 43 44 45 58 64
 1 43 44 45 56 57 64
 1 39 45
 1 39 45 72
 1 39 45 70 71
 1 39 43 44 72
 1 39 43 44 70 71
 1 39 43 44 45
 1 37 38 45
 1 37 38 45 72
 1 37 38 45 70 71
 1 37 38 43 44 72
 1 37 38 43 44 70 71
 1 37 38 43 44 45
 1 31 54 72
 1 31 54 70 71
 1 31 54 58
 1 31 54 58 71 72
 1 31 54 58 70 71
 1 31 54 58 69 70 72
 1 31 54 58 69 70 71
 1 31 54 57 58 72
 1 31 54 57 58 70 71
 1 31 52 53 72
 1 31 52 53 70 71
 1 31 52 53 58
 1 31 52 53 58 71 72
 1 31 52 53 58 70 71
 1 31 52 53 58 69 70 72
 1 31 52 53 58 69 70 71
 1 31 52 53 57 58 72
 1 31 52 53 57 58 70 71
 1 31 45 64
 1 31 45 64 72
 1 31 45 64 70 71
 1 31 45 57 70
 1 31 45 57 68 69
 1 31 45 54
 1 31 45 54 58 71
 1 31 45 54 58 69 70
 1 31 45 54 57 58
 1 31 45 52 53
 1 31 45 52 53 58 71
 1 31 45 52 53 58 69 70
 1 31 45 52 53 57 58
 1 31 44 54 58 72
 1 31 44 54 58 70 71
 1 31 44 52 53 58 72
 1 31 44 52 53 58 70 71
 1 31 44 45 54 58
 1 31 44 45 52 53 58
 1 31 43 45 57
 1 31 43 44 64 72
 1 31 43 44 64 70 71
 1 31 43 44 57
 1 31 43 44 57 70
 1 31 43 44 57 68 69
 1 31 43 44 45 64
 1 27 58
 1 27 58 72
 1 27 58 71 72
 1 27 58 69 70 72
 1 27 58 69 70 71
 1 27 57 58 72
 1 27 57 58 70 71
 1 27 56 57 72
 1 27 56 57 70 71
 1 27 56 57 58
 1 27 56 57 58 72
 1 27 56 57 58 71 72
 1 27 56 57 58 69 70 72
 1 27 56 57 58 69 70 71
 1 27 45 58
 1 27 45 58 71
 1 27 45 58 69 70
 1 27 45 57 58
 1 27 45 56 57
 1 27 45 56 57 58
 1 27 45 56 57 58 71
 1 27 45 56 57 58 69 70
 1 27 44 58 72
 1 27 44 58 70 71
 1 27 44 56 57 58 72
 1 27 44 56 57 58 70 71
 1 27 44 45 58
 1 27 44 45 56 57 58
 1 27 31 72
 1 27 31 70 71
 1 27 31 58
 1 27 31 58 71 72
 1 27 31 58 70 71
 1 27 31 58 69 70 72
 1 27 31 58 69 70 71
 1 27 31 57 58 72
 1 27 31 57 58 70 71
 1 27 31 45
 1 27 31 45 58 71
 1 27 31 45 58 69 70
 1 27 31 45 57 58
 1 27 31 44 58 72
 1 27 31 44 58 70 71
 1 27 31 44 45 58
 1 18 58 64 72
 1 18 58 64 70 71
 1 18 57 58 70
 1 18 57 58 68 69
 1 18 56 57 70
 1 18 56 57 68 69
 1 18 56 57 64 72
 1 18 56 57 64 70 71
 1 18 45 58 64
 1 18 45 56 57 64
 1 18 43 57 58
 1 18 43 56 57
 1 18 39 72
 1 18 39 70 71
 1 18 39 45
 1 18 37 38 72
 1 18 37 38 70 71
 1 18 37 38 45
 1 18 31 64 72
 1 18 31 64 70 71
 1 18 31 57 70
 1 18 31 57 68 69
 1 18 31 45 64
 1 18 31 43 57
 1 15 45 57 58 70
 1 15 45 57 58 68 69
 1 15 45 56 57 70
 1 15 45 56 57 68 69
 1 15 43 45 57 58
 1 15 43 45 56 57
 1 15 43 44 57 58
 1 15 43 44 57 58 70
 1 15 43 44 57 58 68 69
 1 15 43 44 56 57
 1 15 43 44 56 57 70
 1 15 43 44 56 57 68 69
 1 15 31 45 57 70
 1 15 31 45 57 68 69
 1 15 31 43 45 57
 1 15 31 43 44 57
 1 15 31 43 44 57 70
 1 15 31 43 44 57 68 69
 1 15 18 57 58 70
 1 15 18 57 58 68 69
 1 15 18 56 57 70
 1 15 18 56 57 68 69
 1 15 18 43 57 58
 1 15 18 43 56 57
 1 15 18 31 57 70
 1 15 18 31 57 68 69
 1 15 18 31 43 57
 1 13 14 45 57 58 70
 1 13 14 45 57 58 68 69
 1 13 14 45 56 57 70
 1 13 14 45 56 57 68 69
 1 13 14 43 45 57 58
 1 13 14 43 45 56 57
 1 13 14 43 44 57 58
 1 13 14 43 44 57 58 70
 1 13 14 43 44 57 58 68 69
 1 13 14 43 44 56 57
 1 13 14 43 44 56 57 70
 1 13 14 43 44 56 57 68 69
 1 13 14 31 45 57 70
 1 13 14 31 45 57 68 69
 1 13 14 31 43 45 57
 1 13 14 31 43 44 57
 1 13 14 31 43 44 57 70
 1 13 14 31 43 44 57 68 69
 1 13 14 18 57 58 70
 1 13 14 18 57 58 68 69
 1 13 14 18 56 57 70
 1 13 14 18 56 57 68 69
 1 13 14 18 43 57 58
 1 13 14 18 43 56 57
 1 13 14 18 31 57 70
 1 13 14 18 31 57 68 69
 1 13 14 18 31 43 57
 1 12 45
 1 12 45 72
 1 12 45 70 71
 1 12 43 44 72
 1 12 43 44 70 71
 1 12 43 44 45
 1 12 18 72
 1 12 18 70 71
 1 12 18 45
 0 58
