 45 58 74
 45 58 72 74
 45 58 70 71 74
 45 58 70 71 72 73
 45 56 58 70 74
 45 56 58 70 72 73
 45 56 58 68 69 74
 45 56 58 68 69 72 73
 45 54 55 58 70 74
 45 54 55 58 70 72 73
 45 54 55 58 68 69 74
 45 54 55 58 68 69 72 73
 45 47 58
 45 47 58 72
 45 47 58 70 71
 45 47 56 58 70
 45 47 56 58 68 69
 45 47 54 55 58 70
 45 47 54 55 58 68 69
 43 45 56 58 74
 43 45 56 58 72 73
 43 45 54 55 58 74
 43 45 54 55 58 72 73
 43 45 47 56 58
 43 45 47 54 55 58
 43 44 58 72 74
 43 44 58 72 73
 43 44 58 70 71 74
 43 44 58 70 71 72 73
 43 44 56 58 74
 43 44 56 58 72 73
 43 44 56 58 70 74
 43 44 56 58 70 72 73
 43 44 56 58 68 69 74
 43 44 56 58 68 69 72 73
 43 44 54 55 58 74
 43 44 54 55 58 72 73
 43 44 54 55 58 70 74
 43 44 54 55 58 70 72 73
 43 44 54 55 58 68 69 74
 43 44 54 55 58 68 69 72 73
 43 44 47 58 72
 43 44 47 58 70 71
 43 44 47 56 58
 43 44 47 56 58 70
 43 44 47 56 58 68 69
 43 44 47 54 55 58
 43 44 47 54 55 58 70
 43 44 47 54 55 58 68 69
 43 44 45 58 74
 43 44 45 58 72 73
 43 44 45 47 58
 35 45 58 70
 35 45 58 68 69
 35 45 56 57 58 70
 35 45 56 57 58 68 69
 35 43 45 58
 35 43 45 56 57 58
 35 43 44 58
 35 43 44 58 70
 35 43 44 58 68 69
 35 43 44 56 57 58
 35 43 44 56 57 58 70
 35 43 44 56 57 58 68 69
 32 54 58 64 66
 32 54 58 64 65
 32 54 56 57 64 66
 32 54 56 57 64 65
 32 52 53 58 64 66
 32 52 53 58 64 65
 32 52 53 56 57 64 66
 32 52 53 56 57 64 65
 32 47 56 64
 32 47 56 64 74
 32 47 56 64 72 73
 32 47 54 55 64
 32 47 54 55 64 74
 32 47 54 55 64 72 73
 32 45 46 56 64 74
 32 45 46 56 64 72 73
 32 45 46 54 55 64 74
 32 45 46 54 55 64 72 73
 32 45 46 47 56 64
 32 45 46 47 54 55 64
 32 39 54 58 64
 32 39 54 56 57 64
 32 39 52 53 58 64
 32 39 52 53 56 57 64
 31 35 45 58 70
 31 35 45 58 68 69
 31 35 43 45 58
 31 35 43 44 58
 31 35 43 44 58 70
 31 35 43 44 58 68 69
 31 32 54 64 66
 31 32 54 64 65
 31 32 52 53 64 66
 31 32 52 53 64 65
 31 32 39 54 64
 31 32 39 52 53 64
 30 31 54 64 66
 30 31 54 64 65
 30 31 54 58 64 66
 30 31 54 58 64 65
 30 31 54 56 57 64 66
 30 31 54 56 57 64 65
 30 31 52 53 64 66
 30 31 52 53 64 65
 30 31 52 53 58 64 66
 30 31 52 53 58 64 65
 30 31 52 53 56 57 64 66
 30 31 52 53 56 57 64 65
 30 31 47 56 64
 30 31 47 56 64 74
 30 31 47 56 64 72 73
 30 31 47 54 55 64
 30 31 47 54 55 64 74
 30 31 47 54 55 64 72 73
 30 31 45 46 56 64 74
 30 31 45 46 56 64 72 73
 30 31 45 46 54 55 64 74
 30 31 45 46 54 55 64 72 73
 30 31 45 46 47 56 64
 30 31 45 46 47 54 55 64
 30 31 39 54 64
 30 31 39 54 58 64
 30 31 39 54 56 57 64
 30 31 39 52 53 64
 30 31 39 52 53 58 64
 30 31 39 52 53 56 57 64
 29 45 58 70 74
 29 45 58 70 72 73
 29 45 58 68 69 74
 29 45 58 68 69 72 73
 29 45 47 58 70
 29 45 47 58 68 69
 29 43 45 58 74
 29 43 45 58 72 73
 29 43 45 47 58
 29 43 44 58 74
 29 43 44 58 72 73
 29 43 44 58 70 74
 29 43 44 58 70 72 73
 29 43 44 58 68 69 74
 29 43 44 58 68 69 72 73
 29 43 44 47 58
 29 43 44 47 58 70
 29 43 44 47 58 68 69
 29 32 47 64
 29 32 47 64 74
 29 32 47 64 72 73
 29 32 45 46 64 74
 29 32 45 46 64 72 73
 29 32 45 46 47 64
 29 30 31 47 64
 29 30 31 47 64 74
 29 30 31 47 64 72 73
 29 30 31 45 46 64 74
 29 30 31 45 46 64 72 73
 29 30 31 45 46 47 64
 28 47 54 58
 28 47 54 56 57 58
 28 47 52 53 58
 28 47 52 53 56 57 58
 28 45 46 54 58
 28 45 46 54 56 57 58
 28 45 46 52 53 58
 28 45 46 52 53 56 57 58
 28 31 47 54 58
 28 31 47 52 53 58
 28 31 45 46 54 58
 28 31 45 46 52 53 58
 27 32 58 64 66
 27 32 58 64 65
 27 32 56 57 64 66
 27 32 56 57 64 65
 27 32 39 58 64
 27 32 39 56 57 64
 27 31 32 64 66
 27 31 32 64 65
 27 31 32 39 64
 27 30 31 64 66
 27 30 31 64 65
 27 30 31 58 64 66
 27 30 31 58 64 65
 27 30 31 56 57 64 66
 27 30 31 56 57 64 65
 27 30 31 39 64
 27 30 31 39 58 64
 27 30 31 39 56 57 64
 26 27 47 54 58
 26 27 47 54 56 57 58
 26 27 47 52 53 58
 26 27 47 52 53 56 57 58
 26 27 45 46 54 58
 26 27 45 46 54 56 57 58
 26 27 45 46 52 53 58
 26 27 45 46 52 53 56 57 58
 26 27 31 47 54 58
 26 27 31 47 52 53 58
 26 27 31 45 46 54 58
 26 27 31 45 46 52 53 58
 22 32 54 58 64 66
 22 32 54 58 64 65
 22 32 54 56 57 64 66
 22 32 54 56 57 64 65
 22 32 52 53 58 64 66
 22 32 52 53 58 64 65
 22 32 52 53 56 57 64 66
 22 32 52 53 56 57 64 65
 22 32 39 54 58 64
 22 32 39 54 56 57 64
 22 32 39 52 53 58 64
 22 32 39 52 53 56 57 64
 22 31 32 54 64 66
 22 31 32 54 64 65
 22 31 32 52 53 64 66
 22 31 32 52 53 64 65
 22 31 32 39 54 64
 22 31 32 39 52 53 64
 22 30 31 54 64 66
 22 30 31 54 64 65
 22 30 31 54 58 64 66
 22 30 31 54 58 64 65
 22 30 31 54 56 57 64 66
 22 30 31 54 56 57 64 65
 22 30 31 52 53 64 66
 22 30 31 52 53 64 65
 22 30 31 52 53 58 64 66
 22 30 31 52 53 58 64 65
 22 30 31 52 53 56 57 64 66
 22 30 31 52 53 56 57 64 65
 22 30 31 39 54 64
 22 30 31 39 54 58 64
 22 30 31 39 54 56 57 64
 22 30 31 39 52 53 64
 22 30 31 39 52 53 58 64
 22 30 31 39 52 53 56 57 64
 22 27 32 58 64 66
 22 27 32 58 64 65
 22 27 32 56 57 64 66
 22 27 32 56 57 64 65
 22 27 32 39 58 64
 22 27 32 39 56 57 64
 22 27 31 32 64 66
 22 27 31 32 64 65
 22 27 31 32 39 64
 22 27 30 31 64 66
 22 27 30 31 64 65
 22 27 30 31 58 64 66
 22 27 30 31 58 64 65
 22 27 30 31 56 57 64 66
 22 27 30 31 56 57 64 65
 22 27 30 31 39 64
 22 27 30 31 39 58 64
 22 27 30 31 39 56 57 64
 20 32 56 64 74
 20 32 56 64 72 73
 20 32 54 55 64 74
 20 32 54 55 64 72 73
 20 32 47 56 64
 20 32 47 54 55 64
 20 30 31 56 64 74
 20 30 31 56 64 72 73
 20 30 31 54 55 64 74
 20 30 31 54 55 64 72 73
 20 30 31 47 56 64
 20 30 31 47 54 55 64
 20 29 32 64 74
 20 29 32 64 72 73
 20 29 32 47 64
 20 29 30 31 64 74
 20 29 30 31 64 72 73
 20 29 30 31 47 64
 20 28 54 58
 20 28 54 56 57 58
 20 28 52 53 58
 20 28 52 53 56 57 58
 20 28 31 54 58
 20 28 31 52 53 58
 20 26 27 54 58
 20 26 27 54 56 57 58
 20 26 27 52 53 58
 20 26 27 52 53 56 57 58
 20 26 27 31 54 58
 20 26 27 31 52 53 58
 20 21 32 54 58 64 66
 20 21 32 54 58 64 65
 20 21 32 54 56 57 64 66
 20 21 32 54 56 57 64 65
 20 21 32 52 53 58 64 66
 20 21 32 52 53 58 64 65
 20 21 32 52 53 56 57 64 66
 20 21 32 52 53 56 57 64 65
 20 21 32 39 54 58 64
 20 21 32 39 54 56 57 64
 20 21 32 39 52 53 58 64
 20 21 32 39 52 53 56 57 64
 20 21 31 32 54 64 66
 20 21 31 32 54 64 65
 20 21 31 32 52 53 64 66
 20 21 31 32 52 53 64 65
 20 21 31 32 39 54 64
 20 21 31 32 39 52 53 64
 20 21 30 31 54 64 66
 20 21 30 31 54 64 65
 20 21 30 31 54 58 64 66
 20 21 30 31 54 58 64 65
 20 21 30 31 54 56 57 64 66
 20 21 30 31 54 56 57 64 65
 20 21 30 31 52 53 64 66
 20 21 30 31 52 53 64 65
 20 21 30 31 52 53 58 64 66
 20 21 30 31 52 53 58 64 65
 20 21 30 31 52 53 56 57 64 66
 20 21 30 31 52 53 56 57 64 65
 20 21 30 31 39 54 64
 20 21 30 31 39 54 58 64
 20 21 30 31 39 54 56 57 64
 20 21 30 31 39 52 53 64
 20 21 30 31 39 52 53 58 64
 20 21 30 31 39 52 53 56 57 64
 20 21 27 32 58 64 66
 20 21 27 32 58 64 65
 20 21 27 32 56 57 64 66
 20 21 27 32 56 57 64 65
 20 21 27 32 39 58 64
 20 21 27 32 39 56 57 64
 20 21 27 31 32 64 66
 20 21 27 31 32 64 65
 20 21 27 31 32 39 64
 20 21 27 30 31 64 66
 20 21 27 30 31 64 65
 20 21 27 30 31 58 64 66
 20 21 27 30 31 58 64 65
 20 21 27 30 31 56 57 64 66
 20 21 27 30 31 56 57 64 65
 20 21 27 30 31 39 64
 20 21 27 30 31 39 58 64
 20 21 27 30 31 39 56 57 64
 18 58 72 74
 18 58 72 73
 18 58 70 71 74
 18 58 70 71 72 73
 18 56 58 70 74
 18 56 58 70 72 73
 18 56 58 68 69 74
 18 56 58 68 69 72 73
 18 54 55 58 70 74
 18 54 55 58 70 72 73
 18 54 55 58 68 69 74
 18 54 55 58 68 69 72 73
 18 47 58 72
 18 47 58 70 71
 18 47 56 58 70
 18 47 56 58 68 69
 18 47 54 55 58 70
 18 47 54 55 58 68 69
 18 45 58 74
 18 45 58 72 73
 18 45 47 58
 18 43 56 58 74
 18 43 56 58 72 73
 18 43 54 55 58 74
 18 43 54 55 58 72 73
 18 43 47 56 58
 18 43 47 54 55 58
 18 35 58 70
 18 35 58 68 69
 18 35 56 57 58 70
 18 35 56 57 58 68 69
 18 35 43 58
 18 35 43 56 57 58
 18 31 35 58 70
 18 31 35 58 68 69
 18 31 35 43 58
 18 29 58 70 74
 18 29 58 70 72 73
 18 29 58 68 69 74
 18 29 58 68 69 72 73
 18 29 47 58 70
 18 29 47 58 68 69
 18 29 43 58 74
 18 29 43 58 72 73
 18 29 43 47 58
 5 54 58 64 66
 5 54 58 64 65
 5 54 56 57 64 66
 5 54 56 57 64 65
 5 52 53 58 64 66
 5 52 53 58 64 65
 5 52 53 56 57 64 66
 5 52 53 56 57 64 65
 5 47 56 64
 5 47 56 64 74
 5 47 56 64 72 73
 5 47 54 55 64
 5 47 54 55 64 74
 5 47 54 55 64 72 73
 5 45 46 56 64 74
 5 45 46 56 64 72 73
 5 45 46 54 55 64 74
 5 45 46 54 55 64 72 73
 5 45 46 47 56 64
 5 45 46 47 54 55 64
 5 39 54 58 64
 5 39 54 56 57 64
 5 39 52 53 58 64
 5 39 52 53 56 57 64
 5 31 54 64 66
 5 31 54 64 65
 5 31 52 53 64 66
 5 31 52 53 64 65
 5 31 39 54 64
 5 31 39 52 53 64
 5 29 47 64
 5 29 47 64 74
 5 29 47 64 72 73
 5 29 45 46 64 74
 5 29 45 46 64 72 73
 5 29 45 46 47 64
 5 27 58 64 66
 5 27 58 64 65
 5 27 56 57 64 66
 5 27 56 57 64 65
 5 27 39 58 64
 5 27 39 56 57 64
 5 27 31 64 66
 5 27 31 64 65
 5 27 31 39 64
 5 22 54 58 64 66
 5 22 54 58 64 65
 5 22 54 56 57 64 66
 5 22 54 56 57 64 65
 5 22 52 53 58 64 66
 5 22 52 53 58 64 65
 5 22 52 53 56 57 64 66
 5 22 52 53 56 57 64 65
 5 22 39 54 58 64
 5 22 39 54 56 57 64
 5 22 39 52 53 58 64
 5 22 39 52 53 56 57 64
 5 22 31 54 64 66
 5 22 31 54 64 65
 5 22 31 52 53 64 66
 5 22 31 52 53 64 65
 5 22 31 39 54 64
 5 22 31 39 52 53 64
 5 22 27 58 64 66
 5 22 27 58 64 65
 5 22 27 56 57 64 66
 5 22 27 56 57 64 65
 5 22 27 39 58 64
 5 22 27 39 56 57 64
 5 22 27 31 64 66
 5 22 27 31 64 65
 5 22 27 31 39 64
 5 20 56 64 74
 5 20 56 64 72 73
 5 20 54 55 64 74
 5 20 54 55 64 72 73
 5 20 47 56 64
 5 20 47 54 55 64
 5 20 29 64 74
 5 20 29 64 72 73
 5 20 29 47 64
 5 20 21 54 58 64 66
 5 20 21 54 58 64 65
 5 20 21 54 56 57 64 66
 5 20 21 54 56 57 64 65
 5 20 21 52 53 58 64 66
 5 20 21 52 53 58 64 65
 5 20 21 52 53 56 57 64 66
 5 20 21 52 53 56 57 64 65
 5 20 21 39 54 58 64
 5 20 21 39 54 56 57 64
 5 20 21 39 52 53 58 64
 5 20 21 39 52 53 56 57 64
 5 20 21 31 54 64 66
 5 20 21 31 54 64 65
 5 20 21 31 52 53 64 66
 5 20 21 31 52 53 64 65
 5 20 21 31 39 54 64
 5 20 21 31 39 52 53 64
 5 20 21 27 58 64 66
 5 20 21 27 58 64 65
 5 20 21 27 56 57 64 66
 5 20 21 27 56 57 64 65
 5 20 21 27 39 58 64
 5 20 21 27 39 56 57 64
 5 20 21 27 31 64 66
 5 20 21 27 31 64 65
 5 20 21 27 31 39 64
 1 47 54 58
 1 47 54 56 57 58
 1 47 52 53 58
 1 47 52 53 56 57 58
 1 45 46 54 58
 1 45 46 54 56 57 58
 1 45 46 52 53 58
 1 45 46 52 53 56 57 58
 1 31 47 54 58
 1 31 47 52 53 58
 1 31 45 46 54 58
 1 31 45 46 52 53 58
 1 20 54 58
 1 20 54 56 57 58
 1 20 52 53 58
 1 20 52 53 56 57 58
 1 20 31 54 58
 1 20 31 52 53 58
