 57 60 72
 57 60 70 71
 56 57 60 70
 56 57 60 68 69
 54 55 57 60 70
 54 55 57 60 68 69
 51 58 60 72
 51 58 60 70 71
 51 56 57 60 72
 51 56 57 60 70 71
 49 50 58 60 72
 49 50 58 60 70 71
 49 50 56 57 60 72
 49 50 56 57 60 70 71
 45 57 60
 45 51 58 60
 45 51 58 60 64
 45 51 57 58 60 62
 45 51 56 57 60
 45 49 50 58 60
 45 49 50 58 60 64
 45 49 50 57 58 60 62
 45 49 50 56 57 60
 43 56 57 60
 43 54 55 57 60
 43 44 51 58 60 64
 43 44 51 57 58 60 62
 43 44 49 50 58 60 64
 43 44 49 50 57 58 60 62
 37 60 66 72
 37 60 66 70 71
 37 60 64 65 72
 37 60 64 65 70 71
 37 58 60 70
 37 58 60 68 69
 37 56 57 60 70
 37 56 57 60 68 69
 37 53 60 72
 37 53 60 70 71
 37 53 56 60 70
 37 53 56 60 68 69
 37 53 54 55 60 70
 37 53 54 55 60 68 69
 37 51 52 60 72
 37 51 52 60 70 71
 37 51 52 56 60 70
 37 51 52 56 60 68 69
 37 51 52 54 55 60 70
 37 51 52 54 55 60 68 69
 37 45 60 66
 37 45 60 64 65
 37 45 53 60
 37 45 51 52 60
 37 43 58 60
 37 43 56 57 60
 37 43 53 56 60
 37 43 53 54 55 60
 37 43 51 52 56 60
 37 43 51 52 54 55 60
 37 39 60 72
 37 39 60 70 71
 37 39 45 60
 31 51 60 72
 31 51 60 70 71
 31 49 50 60 72
 31 49 50 60 70 71
 31 45 51 60
 31 45 49 50 60
 31 37 60 70
 31 37 60 68 69
 31 37 43 60
 29 57 60 70
 29 57 60 68 69
 29 43 57 60
 29 37 53 60 70
 29 37 53 60 68 69
 29 37 51 52 60 70
 29 37 51 52 60 68 69
 29 37 43 53 60
 29 37 43 51 52 60
 28 51 57 58 60 72
 28 51 57 58 60 70 71
 28 51 56 57 60 72
 28 51 56 57 60 70 71
 28 49 50 57 58 60 72
 28 49 50 57 58 60 70 71
 28 49 50 56 57 60 72
 28 49 50 56 57 60 70 71
 28 45 51 58 60 70
 28 45 51 58 60 68 69
 28 45 51 57 58 60
 28 45 51 56 57 60
 28 45 51 56 57 60 70
 28 45 51 56 57 60 68 69
 28 45 49 50 58 60 70
 28 45 49 50 58 60 68 69
 28 45 49 50 57 58 60
 28 45 49 50 56 57 60
 28 45 49 50 56 57 60 70
 28 45 49 50 56 57 60 68 69
 28 43 45 51 58 60
 28 43 45 51 56 57 60
 28 43 45 49 50 58 60
 28 43 45 49 50 56 57 60
 28 43 44 51 58 60
 28 43 44 51 58 60 70
 28 43 44 51 58 60 68 69
 28 43 44 51 56 57 60
 28 43 44 51 56 57 60 70
 28 43 44 51 56 57 60 68 69
 28 43 44 49 50 58 60
 28 43 44 49 50 58 60 70
 28 43 44 49 50 58 60 68 69
 28 43 44 49 50 56 57 60
 28 43 44 49 50 56 57 60 70
 28 43 44 49 50 56 57 60 68 69
 28 41 51 57 58 60 72
 28 41 51 57 58 60 70 71
 28 41 51 56 57 60 72
 28 41 51 56 57 60 70 71
 28 41 49 50 57 58 60 72
 28 41 49 50 57 58 60 70 71
 28 41 49 50 56 57 60 72
 28 41 49 50 56 57 60 70 71
 28 41 45 51 57 58 60
 28 41 45 51 56 57 60
 28 41 45 49 50 57 58 60
 28 41 45 49 50 56 57 60
 28 39 40 51 57 58 60 72
 28 39 40 51 57 58 60 70 71
 28 39 40 51 56 57 60 72
 28 39 40 51 56 57 60 70 71
 28 39 40 49 50 57 58 60 72
 28 39 40 49 50 57 58 60 70 71
 28 39 40 49 50 56 57 60 72
 28 39 40 49 50 56 57 60 70 71
 28 39 40 45 51 57 58 60
 28 39 40 45 51 56 57 60
 28 39 40 45 49 50 57 58 60
 28 39 40 45 49 50 56 57 60
 28 31 51 57 60 72
 28 31 51 57 60 70 71
 28 31 49 50 57 60 72
 28 31 49 50 57 60 70 71
 28 31 45 51 60 70
 28 31 45 51 60 68 69
 28 31 45 51 57 60
 28 31 45 49 50 60 70
 28 31 45 49 50 60 68 69
 28 31 45 49 50 57 60
 28 31 43 45 51 60
 28 31 43 45 49 50 60
 28 31 43 44 51 60
 28 31 43 44 51 60 70
 28 31 43 44 51 60 68 69
 28 31 43 44 49 50 60
 28 31 43 44 49 50 60 70
 28 31 43 44 49 50 60 68 69
 28 31 41 51 57 60 72
 28 31 41 51 57 60 70 71
 28 31 41 49 50 57 60 72
 28 31 41 49 50 57 60 70 71
 28 31 41 45 51 57 60
 28 31 41 45 49 50 57 60
 28 31 39 40 51 57 60 72
 28 31 39 40 51 57 60 70 71
 28 31 39 40 49 50 57 60 72
 28 31 39 40 49 50 57 60 70 71
 28 31 39 40 45 51 57 60
 28 31 39 40 45 49 50 57 60
 26 37 60 72
 26 37 60 70 71
 26 37 56 60 70
 26 37 56 60 68 69
 26 37 54 55 60 70
 26 37 54 55 60 68 69
 26 37 45 60
 26 37 43 56 60
 26 37 43 54 55 60
 26 29 37 60 70
 26 29 37 60 68 69
 26 29 37 43 60
 26 27 51 57 58 60 72
 26 27 51 57 58 60 70 71
 26 27 51 56 57 60 72
 26 27 51 56 57 60 70 71
 26 27 49 50 57 58 60 72
 26 27 49 50 57 58 60 70 71
 26 27 49 50 56 57 60 72
 26 27 49 50 56 57 60 70 71
 26 27 45 51 58 60 70
 26 27 45 51 58 60 68 69
 26 27 45 51 57 58 60
 26 27 45 51 56 57 60
 26 27 45 51 56 57 60 70
 26 27 45 51 56 57 60 68 69
 26 27 45 49 50 58 60 70
 26 27 45 49 50 58 60 68 69
 26 27 45 49 50 57 58 60
 26 27 45 49 50 56 57 60
 26 27 45 49 50 56 57 60 70
 26 27 45 49 50 56 57 60 68 69
 26 27 43 45 51 58 60
 26 27 43 45 51 56 57 60
 26 27 43 45 49 50 58 60
 26 27 43 45 49 50 56 57 60
 26 27 43 44 51 58 60
 26 27 43 44 51 58 60 70
 26 27 43 44 51 58 60 68 69
 26 27 43 44 51 56 57 60
 26 27 43 44 51 56 57 60 70
 26 27 43 44 51 56 57 60 68 69
 26 27 43 44 49 50 58 60
 26 27 43 44 49 50 58 60 70
 26 27 43 44 49 50 58 60 68 69
 26 27 43 44 49 50 56 57 60
 26 27 43 44 49 50 56 57 60 70
 26 27 43 44 49 50 56 57 60 68 69
 26 27 41 51 57 58 60 72
 26 27 41 51 57 58 60 70 71
 26 27 41 51 56 57 60 72
 26 27 41 51 56 57 60 70 71
 26 27 41 49 50 57 58 60 72
 26 27 41 49 50 57 58 60 70 71
 26 27 41 49 50 56 57 60 72
 26 27 41 49 50 56 57 60 70 71
 26 27 41 45 51 57 58 60
 26 27 41 45 51 56 57 60
 26 27 41 45 49 50 57 58 60
 26 27 41 45 49 50 56 57 60
 26 27 39 40 51 57 58 60 72
 26 27 39 40 51 57 58 60 70 71
 26 27 39 40 51 56 57 60 72
 26 27 39 40 51 56 57 60 70 71
 26 27 39 40 49 50 57 58 60 72
 26 27 39 40 49 50 57 58 60 70 71
 26 27 39 40 49 50 56 57 60 72
 26 27 39 40 49 50 56 57 60 70 71
 26 27 39 40 45 51 57 58 60
 26 27 39 40 45 51 56 57 60
 26 27 39 40 45 49 50 57 58 60
 26 27 39 40 45 49 50 56 57 60
 26 27 31 51 57 60 72
 26 27 31 51 57 60 70 71
 26 27 31 49 50 57 60 72
 26 27 31 49 50 57 60 70 71
 26 27 31 45 51 60 70
 26 27 31 45 51 60 68 69
 26 27 31 45 51 57 60
 26 27 31 45 49 50 60 70
 26 27 31 45 49 50 60 68 69
 26 27 31 45 49 50 57 60
 26 27 31 43 45 51 60
 26 27 31 43 45 49 50 60
 26 27 31 43 44 51 60
 26 27 31 43 44 51 60 70
 26 27 31 43 44 51 60 68 69
 26 27 31 43 44 49 50 60
 26 27 31 43 44 49 50 60 70
 26 27 31 43 44 49 50 60 68 69
 26 27 31 41 51 57 60 72
 26 27 31 41 51 57 60 70 71
 26 27 31 41 49 50 57 60 72
 26 27 31 41 49 50 57 60 70 71
 26 27 31 41 45 51 57 60
 26 27 31 41 45 49 50 57 60
 26 27 31 39 40 51 57 60 72
 26 27 31 39 40 51 57 60 70 71
 26 27 31 39 40 49 50 57 60 72
 26 27 31 39 40 49 50 57 60 70 71
 26 27 31 39 40 45 51 57 60
 26 27 31 39 40 45 49 50 57 60
 24 58 60 72
 24 58 60 70 71
 24 56 57 60 72
 24 56 57 60 70 71
 24 45 58 60
 24 45 58 60 64
 24 45 57 58 60 62
 24 45 56 57 60
 24 43 44 58 60 64
 24 43 44 57 58 60 62
 24 31 60 72
 24 31 60 70 71
 24 31 45 60
 24 28 57 58 60 72
 24 28 57 58 60 70 71
 24 28 56 57 60 72
 24 28 56 57 60 70 71
 24 28 45 58 60 70
 24 28 45 58 60 68 69
 24 28 45 57 58 60
 24 28 45 56 57 60
 24 28 45 56 57 60 70
 24 28 45 56 57 60 68 69
 24 28 43 45 58 60
 24 28 43 45 56 57 60
 24 28 43 44 58 60
 24 28 43 44 58 60 70
 24 28 43 44 58 60 68 69
 24 28 43 44 56 57 60
 24 28 43 44 56 57 60 70
 24 28 43 44 56 57 60 68 69
 24 28 41 57 58 60 72
 24 28 41 57 58 60 70 71
 24 28 41 56 57 60 72
 24 28 41 56 57 60 70 71
 24 28 41 45 57 58 60
 24 28 41 45 56 57 60
 24 28 39 40 57 58 60 72
 24 28 39 40 57 58 60 70 71
 24 28 39 40 56 57 60 72
 24 28 39 40 56 57 60 70 71
 24 28 39 40 45 57 58 60
 24 28 39 40 45 56 57 60
 24 28 31 57 60 72
 24 28 31 57 60 70 71
 24 28 31 45 60 70
 24 28 31 45 60 68 69
 24 28 31 45 57 60
 24 28 31 43 45 60
 24 28 31 43 44 60
 24 28 31 43 44 60 70
 24 28 31 43 44 60 68 69
 24 28 31 41 57 60 72
 24 28 31 41 57 60 70 71
 24 28 31 41 45 57 60
 24 28 31 39 40 57 60 72
 24 28 31 39 40 57 60 70 71
 24 28 31 39 40 45 57 60
 24 26 27 57 58 60 72
 24 26 27 57 58 60 70 71
 24 26 27 56 57 60 72
 24 26 27 56 57 60 70 71
 24 26 27 45 58 60 70
 24 26 27 45 58 60 68 69
 24 26 27 45 57 58 60
 24 26 27 45 56 57 60
 24 26 27 45 56 57 60 70
 24 26 27 45 56 57 60 68 69
 24 26 27 43 45 58 60
 24 26 27 43 45 56 57 60
 24 26 27 43 44 58 60
 24 26 27 43 44 58 60 70
 24 26 27 43 44 58 60 68 69
 24 26 27 43 44 56 57 60
 24 26 27 43 44 56 57 60 70
 24 26 27 43 44 56 57 60 68 69
 24 26 27 41 57 58 60 72
 24 26 27 41 57 58 60 70 71
 24 26 27 41 56 57 60 72
 24 26 27 41 56 57 60 70 71
 24 26 27 41 45 57 58 60
 24 26 27 41 45 56 57 60
 24 26 27 39 40 57 58 60 72
 24 26 27 39 40 57 58 60 70 71
 24 26 27 39 40 56 57 60 72
 24 26 27 39 40 56 57 60 70 71
 24 26 27 39 40 45 57 58 60
 24 26 27 39 40 45 56 57 60
 24 26 27 31 57 60 72
 24 26 27 31 57 60 70 71
 24 26 27 31 45 60 70
 24 26 27 31 45 60 68 69
 24 26 27 31 45 57 60
 24 26 27 31 43 45 60
 24 26 27 31 43 44 60
 24 26 27 31 43 44 60 70
 24 26 27 31 43 44 60 68 69
 24 26 27 31 41 57 60 72
 24 26 27 31 41 57 60 70 71
 24 26 27 31 41 45 57 60
 24 26 27 31 39 40 57 60 72
 24 26 27 31 39 40 57 60 70 71
 24 26 27 31 39 40 45 57 60
 18 51 58 60 64
 18 51 57 58 60 62
 18 49 50 58 60 64
 18 49 50 57 58 60 62
 18 28 51 58 60 70
 18 28 51 58 60 68 69
 18 28 51 56 57 60 70
 18 28 51 56 57 60 68 69
 18 28 49 50 58 60 70
 18 28 49 50 58 60 68 69
 18 28 49 50 56 57 60 70
 18 28 49 50 56 57 60 68 69
 18 28 43 51 58 60
 18 28 43 51 56 57 60
 18 28 43 49 50 58 60
 18 28 43 49 50 56 57 60
 18 28 31 51 60 70
 18 28 31 51 60 68 69
 18 28 31 49 50 60 70
 18 28 31 49 50 60 68 69
 18 28 31 43 51 60
 18 28 31 43 49 50 60
 18 26 27 51 58 60 70
 18 26 27 51 58 60 68 69
 18 26 27 51 56 57 60 70
 18 26 27 51 56 57 60 68 69
 18 26 27 49 50 58 60 70
 18 26 27 49 50 58 60 68 69
 18 26 27 49 50 56 57 60 70
 18 26 27 49 50 56 57 60 68 69
 18 26 27 43 51 58 60
 18 26 27 43 51 56 57 60
 18 26 27 43 49 50 58 60
 18 26 27 43 49 50 56 57 60
 18 26 27 31 51 60 70
 18 26 27 31 51 60 68 69
 18 26 27 31 49 50 60 70
 18 26 27 31 49 50 60 68 69
 18 26 27 31 43 51 60
 18 26 27 31 43 49 50 60
 18 24 58 60 64
 18 24 57 58 60 62
 18 24 28 58 60 70
 18 24 28 58 60 68 69
 18 24 28 56 57 60 70
 18 24 28 56 57 60 68 69
 18 24 28 43 58 60
 18 24 28 43 56 57 60
 18 24 28 31 60 70
 18 24 28 31 60 68 69
 18 24 28 31 43 60
 18 24 26 27 58 60 70
 18 24 26 27 58 60 68 69
 18 24 26 27 56 57 60 70
 18 24 26 27 56 57 60 68 69
 18 24 26 27 43 58 60
 18 24 26 27 43 56 57 60
 18 24 26 27 31 60 70
 18 24 26 27 31 60 68 69
 18 24 26 27 31 43 60
 15 60 72
 15 60 70 71
 15 56 60 70
 15 56 60 68 69
 15 54 55 60 70
 15 54 55 60 68 69
 15 45 60
 15 45 51 58 60 62
 15 45 49 50 58 60 62
 15 43 56 60
 15 43 54 55 60
 15 43 44 51 58 60 62
 15 43 44 49 50 58 60 62
 15 29 60 70
 15 29 60 68 69
 15 29 43 60
 15 28 51 58 60 72
 15 28 51 58 60 70 71
 15 28 51 56 57 60 72
 15 28 51 56 57 60 70 71
 15 28 49 50 58 60 72
 15 28 49 50 58 60 70 71
 15 28 49 50 56 57 60 72
 15 28 49 50 56 57 60 70 71
 15 28 45 51 58 60
 15 28 45 51 56 57 60
 15 28 45 49 50 58 60
 15 28 45 49 50 56 57 60
 15 28 41 51 58 60 72
 15 28 41 51 58 60 70 71
 15 28 41 51 56 57 60 72
 15 28 41 51 56 57 60 70 71
 15 28 41 49 50 58 60 72
 15 28 41 49 50 58 60 70 71
 15 28 41 49 50 56 57 60 72
 15 28 41 49 50 56 57 60 70 71
 15 28 41 45 51 58 60
 15 28 41 45 51 56 57 60
 15 28 41 45 49 50 58 60
 15 28 41 45 49 50 56 57 60
 15 28 39 40 51 58 60 72
 15 28 39 40 51 58 60 70 71
 15 28 39 40 51 56 57 60 72
 15 28 39 40 51 56 57 60 70 71
 15 28 39 40 49 50 58 60 72
 15 28 39 40 49 50 58 60 70 71
 15 28 39 40 49 50 56 57 60 72
 15 28 39 40 49 50 56 57 60 70 71
 15 28 39 40 45 51 58 60
 15 28 39 40 45 51 56 57 60
 15 28 39 40 45 49 50 58 60
 15 28 39 40 45 49 50 56 57 60
 15 28 31 51 60 72
 15 28 31 51 60 70 71
 15 28 31 49 50 60 72
 15 28 31 49 50 60 70 71
 15 28 31 45 51 60
 15 28 31 45 49 50 60
 15 28 31 41 51 60 72
 15 28 31 41 51 60 70 71
 15 28 31 41 49 50 60 72
 15 28 31 41 49 50 60 70 71
 15 28 31 41 45 51 60
 15 28 31 41 45 49 50 60
 15 28 31 39 40 51 60 72
 15 28 31 39 40 51 60 70 71
 15 28 31 39 40 49 50 60 72
 15 28 31 39 40 49 50 60 70 71
 15 28 31 39 40 45 51 60
 15 28 31 39 40 45 49 50 60
 15 26 27 51 58 60 72
 15 26 27 51 58 60 70 71
 15 26 27 51 56 57 60 72
 15 26 27 51 56 57 60 70 71
 15 26 27 49 50 58 60 72
 15 26 27 49 50 58 60 70 71
 15 26 27 49 50 56 57 60 72
 15 26 27 49 50 56 57 60 70 71
 15 26 27 45 51 58 60
 15 26 27 45 51 56 57 60
 15 26 27 45 49 50 58 60
 15 26 27 45 49 50 56 57 60
 15 26 27 41 51 58 60 72
 15 26 27 41 51 58 60 70 71
 15 26 27 41 51 56 57 60 72
 15 26 27 41 51 56 57 60 70 71
 15 26 27 41 49 50 58 60 72
 15 26 27 41 49 50 58 60 70 71
 15 26 27 41 49 50 56 57 60 72
 15 26 27 41 49 50 56 57 60 70 71
 15 26 27 41 45 51 58 60
 15 26 27 41 45 51 56 57 60
 15 26 27 41 45 49 50 58 60
 15 26 27 41 45 49 50 56 57 60
 15 26 27 39 40 51 58 60 72
 15 26 27 39 40 51 58 60 70 71
 15 26 27 39 40 51 56 57 60 72
 15 26 27 39 40 51 56 57 60 70 71
 15 26 27 39 40 49 50 58 60 72
 15 26 27 39 40 49 50 58 60 70 71
 15 26 27 39 40 49 50 56 57 60 72
 15 26 27 39 40 49 50 56 57 60 70 71
 15 26 27 39 40 45 51 58 60
 15 26 27 39 40 45 51 56 57 60
 15 26 27 39 40 45 49 50 58 60
 15 26 27 39 40 45 49 50 56 57 60
 15 26 27 31 51 60 72
 15 26 27 31 51 60 70 71
 15 26 27 31 49 50 60 72
 15 26 27 31 49 50 60 70 71
 15 26 27 31 45 51 60
 15 26 27 31 45 49 50 60
 15 26 27 31 41 51 60 72
 15 26 27 31 41 51 60 70 71
 15 26 27 31 41 49 50 60 72
 15 26 27 31 41 49 50 60 70 71
 15 26 27 31 41 45 51 60
 15 26 27 31 41 45 49 50 60
 15 26 27 31 39 40 51 60 72
 15 26 27 31 39 40 51 60 70 71
 15 26 27 31 39 40 49 50 60 72
 15 26 27 31 39 40 49 50 60 70 71
 15 26 27 31 39 40 45 51 60
 15 26 27 31 39 40 45 49 50 60
 15 24 45 58 60 62
 15 24 43 44 58 60 62
 15 24 28 58 60 72
 15 24 28 58 60 70 71
 15 24 28 56 57 60 72
 15 24 28 56 57 60 70 71
 15 24 28 45 58 60
 15 24 28 45 56 57 60
 15 24 28 41 58 60 72
 15 24 28 41 58 60 70 71
 15 24 28 41 56 57 60 72
 15 24 28 41 56 57 60 70 71
 15 24 28 41 45 58 60
 15 24 28 41 45 56 57 60
 15 24 28 39 40 58 60 72
 15 24 28 39 40 58 60 70 71
 15 24 28 39 40 56 57 60 72
 15 24 28 39 40 56 57 60 70 71
 15 24 28 39 40 45 58 60
 15 24 28 39 40 45 56 57 60
 15 24 28 31 60 72
 15 24 28 31 60 70 71
 15 24 28 31 45 60
 15 24 28 31 41 60 72
 15 24 28 31 41 60 70 71
 15 24 28 31 41 45 60
 15 24 28 31 39 40 60 72
 15 24 28 31 39 40 60 70 71
 15 24 28 31 39 40 45 60
 15 24 26 27 58 60 72
 15 24 26 27 58 60 70 71
 15 24 26 27 56 57 60 72
 15 24 26 27 56 57 60 70 71
 15 24 26 27 45 58 60
 15 24 26 27 45 56 57 60
 15 24 26 27 41 58 60 72
 15 24 26 27 41 58 60 70 71
 15 24 26 27 41 56 57 60 72
 15 24 26 27 41 56 57 60 70 71
 15 24 26 27 41 45 58 60
 15 24 26 27 41 45 56 57 60
 15 24 26 27 39 40 58 60 72
 15 24 26 27 39 40 58 60 70 71
 15 24 26 27 39 40 56 57 60 72
 15 24 26 27 39 40 56 57 60 70 71
 15 24 26 27 39 40 45 58 60
 15 24 26 27 39 40 45 56 57 60
 15 24 26 27 31 60 72
 15 24 26 27 31 60 70 71
 15 24 26 27 31 45 60
 15 24 26 27 31 41 60 72
 15 24 26 27 31 41 60 70 71
 15 24 26 27 31 41 45 60
 15 24 26 27 31 39 40 60 72
 15 24 26 27 31 39 40 60 70 71
 15 24 26 27 31 39 40 45 60
 15 18 51 58 60 62
 15 18 49 50 58 60 62
 15 18 24 58 60 62
 14 28 51 57 58 60 72
 14 28 51 57 58 60 70 71
 14 28 51 56 57 60 72
 14 28 51 56 57 60 70 71
 14 28 49 50 57 58 60 72
 14 28 49 50 57 58 60 70 71
 14 28 49 50 56 57 60 72
 14 28 49 50 56 57 60 70 71
 14 28 45 51 57 58 60
 14 28 45 51 56 57 60
 14 28 45 49 50 57 58 60
 14 28 45 49 50 56 57 60
 14 28 31 51 57 60 72
 14 28 31 51 57 60 70 71
 14 28 31 49 50 57 60 72
 14 28 31 49 50 57 60 70 71
 14 28 31 45 51 57 60
 14 28 31 45 49 50 57 60
 14 26 27 51 57 58 60 72
 14 26 27 51 57 58 60 70 71
 14 26 27 51 56 57 60 72
 14 26 27 51 56 57 60 70 71
 14 26 27 49 50 57 58 60 72
 14 26 27 49 50 57 58 60 70 71
 14 26 27 49 50 56 57 60 72
 14 26 27 49 50 56 57 60 70 71
 14 26 27 45 51 57 58 60
 14 26 27 45 51 56 57 60
 14 26 27 45 49 50 57 58 60
 14 26 27 45 49 50 56 57 60
 14 26 27 31 51 57 60 72
 14 26 27 31 51 57 60 70 71
 14 26 27 31 49 50 57 60 72
 14 26 27 31 49 50 57 60 70 71
 14 26 27 31 45 51 57 60
 14 26 27 31 45 49 50 57 60
 14 24 28 57 58 60 72
 14 24 28 57 58 60 70 71
 14 24 28 56 57 60 72
 14 24 28 56 57 60 70 71
 14 24 28 45 57 58 60
 14 24 28 45 56 57 60
 14 24 28 31 57 60 72
 14 24 28 31 57 60 70 71
 14 24 28 31 45 57 60
 14 24 26 27 57 58 60 72
 14 24 26 27 57 58 60 70 71
 14 24 26 27 56 57 60 72
 14 24 26 27 56 57 60 70 71
 14 24 26 27 45 57 58 60
 14 24 26 27 45 56 57 60
 14 24 26 27 31 57 60 72
 14 24 26 27 31 57 60 70 71
 14 24 26 27 31 45 57 60
 14 15 28 51 58 60 72
 14 15 28 51 58 60 70 71
 14 15 28 51 56 57 60 72
 14 15 28 51 56 57 60 70 71
 14 15 28 49 50 58 60 72
 14 15 28 49 50 58 60 70 71
 14 15 28 49 50 56 57 60 72
 14 15 28 49 50 56 57 60 70 71
 14 15 28 45 51 58 60
 14 15 28 45 51 56 57 60
 14 15 28 45 49 50 58 60
 14 15 28 45 49 50 56 57 60
 14 15 28 31 51 60 72
 14 15 28 31 51 60 70 71
 14 15 28 31 49 50 60 72
 14 15 28 31 49 50 60 70 71
 14 15 28 31 45 51 60
 14 15 28 31 45 49 50 60
 14 15 26 27 51 58 60 72
 14 15 26 27 51 58 60 70 71
 14 15 26 27 51 56 57 60 72
 14 15 26 27 51 56 57 60 70 71
 14 15 26 27 49 50 58 60 72
 14 15 26 27 49 50 58 60 70 71
 14 15 26 27 49 50 56 57 60 72
 14 15 26 27 49 50 56 57 60 70 71
 14 15 26 27 45 51 58 60
 14 15 26 27 45 51 56 57 60
 14 15 26 27 45 49 50 58 60
 14 15 26 27 45 49 50 56 57 60
 14 15 26 27 31 51 60 72
 14 15 26 27 31 51 60 70 71
 14 15 26 27 31 49 50 60 72
 14 15 26 27 31 49 50 60 70 71
 14 15 26 27 31 45 51 60
 14 15 26 27 31 45 49 50 60
 14 15 24 28 58 60 72
 14 15 24 28 58 60 70 71
 14 15 24 28 56 57 60 72
 14 15 24 28 56 57 60 70 71
 14 15 24 28 45 58 60
 14 15 24 28 45 56 57 60
 14 15 24 28 31 60 72
 14 15 24 28 31 60 70 71
 14 15 24 28 31 45 60
 14 15 24 26 27 58 60 72
 14 15 24 26 27 58 60 70 71
 14 15 24 26 27 56 57 60 72
 14 15 24 26 27 56 57 60 70 71
 14 15 24 26 27 45 58 60
 14 15 24 26 27 45 56 57 60
 14 15 24 26 27 31 60 72
 14 15 24 26 27 31 60 70 71
 14 15 24 26 27 31 45 60
 13 14 60 72
 13 14 60 70 71
 13 14 56 60 70
 13 14 56 60 68 69
 13 14 54 55 60 70
 13 14 54 55 60 68 69
 13 14 45 60
 13 14 45 51 58 60 62
 13 14 45 49 50 58 60 62
 13 14 43 56 60
 13 14 43 54 55 60
 13 14 43 44 51 58 60 62
 13 14 43 44 49 50 58 60 62
 13 14 29 60 70
 13 14 29 60 68 69
 13 14 29 43 60
 13 14 28 41 51 58 60 72
 13 14 28 41 51 58 60 70 71
 13 14 28 41 51 56 57 60 72
 13 14 28 41 51 56 57 60 70 71
 13 14 28 41 49 50 58 60 72
 13 14 28 41 49 50 58 60 70 71
 13 14 28 41 49 50 56 57 60 72
 13 14 28 41 49 50 56 57 60 70 71
 13 14 28 41 45 51 58 60
 13 14 28 41 45 51 56 57 60
 13 14 28 41 45 49 50 58 60
 13 14 28 41 45 49 50 56 57 60
 13 14 28 39 40 51 58 60 72
 13 14 28 39 40 51 58 60 70 71
 13 14 28 39 40 51 56 57 60 72
 13 14 28 39 40 51 56 57 60 70 71
 13 14 28 39 40 49 50 58 60 72
 13 14 28 39 40 49 50 58 60 70 71
 13 14 28 39 40 49 50 56 57 60 72
 13 14 28 39 40 49 50 56 57 60 70 71
 13 14 28 39 40 45 51 58 60
 13 14 28 39 40 45 51 56 57 60
 13 14 28 39 40 45 49 50 58 60
 13 14 28 39 40 45 49 50 56 57 60
 13 14 28 31 41 51 60 72
 13 14 28 31 41 51 60 70 71
 13 14 28 31 41 49 50 60 72
 13 14 28 31 41 49 50 60 70 71
 13 14 28 31 41 45 51 60
 13 14 28 31 41 45 49 50 60
 13 14 28 31 39 40 51 60 72
 13 14 28 31 39 40 51 60 70 71
 13 14 28 31 39 40 49 50 60 72
 13 14 28 31 39 40 49 50 60 70 71
 13 14 28 31 39 40 45 51 60
 13 14 28 31 39 40 45 49 50 60
 13 14 26 27 41 51 58 60 72
 13 14 26 27 41 51 58 60 70 71
 13 14 26 27 41 51 56 57 60 72
 13 14 26 27 41 51 56 57 60 70 71
 13 14 26 27 41 49 50 58 60 72
 13 14 26 27 41 49 50 58 60 70 71
 13 14 26 27 41 49 50 56 57 60 72
 13 14 26 27 41 49 50 56 57 60 70 71
 13 14 26 27 41 45 51 58 60
 13 14 26 27 41 45 51 56 57 60
 13 14 26 27 41 45 49 50 58 60
 13 14 26 27 41 45 49 50 56 57 60
 13 14 26 27 39 40 51 58 60 72
 13 14 26 27 39 40 51 58 60 70 71
 13 14 26 27 39 40 51 56 57 60 72
 13 14 26 27 39 40 51 56 57 60 70 71
 13 14 26 27 39 40 49 50 58 60 72
 13 14 26 27 39 40 49 50 58 60 70 71
 13 14 26 27 39 40 49 50 56 57 60 72
 13 14 26 27 39 40 49 50 56 57 60 70 71
 13 14 26 27 39 40 45 51 58 60
 13 14 26 27 39 40 45 51 56 57 60
 13 14 26 27 39 40 45 49 50 58 60
 13 14 26 27 39 40 45 49 50 56 57 60
 13 14 26 27 31 41 51 60 72
 13 14 26 27 31 41 51 60 70 71
 13 14 26 27 31 41 49 50 60 72
 13 14 26 27 31 41 49 50 60 70 71
 13 14 26 27 31 41 45 51 60
 13 14 26 27 31 41 45 49 50 60
 13 14 26 27 31 39 40 51 60 72
 13 14 26 27 31 39 40 51 60 70 71
 13 14 26 27 31 39 40 49 50 60 72
 13 14 26 27 31 39 40 49 50 60 70 71
 13 14 26 27 31 39 40 45 51 60
 13 14 26 27 31 39 40 45 49 50 60
 13 14 24 45 58 60 62
 13 14 24 43 44 58 60 62
 13 14 24 28 41 58 60 72
 13 14 24 28 41 58 60 70 71
 13 14 24 28 41 56 57 60 72
 13 14 24 28 41 56 57 60 70 71
 13 14 24 28 41 45 58 60
 13 14 24 28 41 45 56 57 60
 13 14 24 28 39 40 58 60 72
 13 14 24 28 39 40 58 60 70 71
 13 14 24 28 39 40 56 57 60 72
 13 14 24 28 39 40 56 57 60 70 71
 13 14 24 28 39 40 45 58 60
 13 14 24 28 39 40 45 56 57 60
 13 14 24 28 31 41 60 72
 13 14 24 28 31 41 60 70 71
 13 14 24 28 31 41 45 60
 13 14 24 28 31 39 40 60 72
 13 14 24 28 31 39 40 60 70 71
 13 14 24 28 31 39 40 45 60
 13 14 24 26 27 41 58 60 72
 13 14 24 26 27 41 58 60 70 71
 13 14 24 26 27 41 56 57 60 72
 13 14 24 26 27 41 56 57 60 70 71
 13 14 24 26 27 41 45 58 60
 13 14 24 26 27 41 45 56 57 60
 13 14 24 26 27 39 40 58 60 72
 13 14 24 26 27 39 40 58 60 70 71
 13 14 24 26 27 39 40 56 57 60 72
 13 14 24 26 27 39 40 56 57 60 70 71
 13 14 24 26 27 39 40 45 58 60
 13 14 24 26 27 39 40 45 56 57 60
 13 14 24 26 27 31 41 60 72
 13 14 24 26 27 31 41 60 70 71
 13 14 24 26 27 31 41 45 60
 13 14 24 26 27 31 39 40 60 72
 13 14 24 26 27 31 39 40 60 70 71
 13 14 24 26 27 31 39 40 45 60
 13 14 18 51 58 60 62
 13 14 18 49 50 58 60 62
 13 14 18 24 58 60 62
 1 51 57 58 60 72
 1 51 57 58 60 70 71
 1 51 56 57 60 72
 1 51 56 57 60 70 71
 1 49 50 57 58 60 72
 1 49 50 57 58 60 70 71
 1 49 50 56 57 60 72
 1 49 50 56 57 60 70 71
 1 45 51 58 60 70
 1 45 51 58 60 68 69
 1 45 51 57 58 60
 1 45 51 56 57 60
 1 45 51 56 57 60 70
 1 45 51 56 57 60 68 69
 1 45 49 50 58 60 70
 1 45 49 50 58 60 68 69
 1 45 49 50 57 58 60
 1 45 49 50 56 57 60
 1 45 49 50 56 57 60 70
 1 45 49 50 56 57 60 68 69
 1 43 45 51 58 60
 1 43 45 51 56 57 60
 1 43 45 49 50 58 60
 1 43 45 49 50 56 57 60
 1 43 44 51 58 60
 1 43 44 51 58 60 70
 1 43 44 51 58 60 68 69
 1 43 44 51 56 57 60
 1 43 44 51 56 57 60 70
 1 43 44 51 56 57 60 68 69
 1 43 44 49 50 58 60
 1 43 44 49 50 58 60 70
 1 43 44 49 50 58 60 68 69
 1 43 44 49 50 56 57 60
 1 43 44 49 50 56 57 60 70
 1 43 44 49 50 56 57 60 68 69
 1 41 51 57 58 60 72
 1 41 51 57 58 60 70 71
 1 41 51 56 57 60 72
 1 41 51 56 57 60 70 71
 1 41 49 50 57 58 60 72
 1 41 49 50 57 58 60 70 71
 1 41 49 50 56 57 60 72
 1 41 49 50 56 57 60 70 71
 1 41 45 51 57 58 60
 1 41 45 51 56 57 60
 1 41 45 49 50 57 58 60
 1 41 45 49 50 56 57 60
 1 39 40 51 57 58 60 72
 1 39 40 51 57 58 60 70 71
 1 39 40 51 56 57 60 72
 1 39 40 51 56 57 60 70 71
 1 39 40 49 50 57 58 60 72
 1 39 40 49 50 57 58 60 70 71
 1 39 40 49 50 56 57 60 72
 1 39 40 49 50 56 57 60 70 71
 1 39 40 45 51 57 58 60
 1 39 40 45 51 56 57 60
 1 39 40 45 49 50 57 58 60
 1 39 40 45 49 50 56 57 60
 1 31 51 57 60 72
 1 31 51 57 60 70 71
 1 31 49 50 57 60 72
 1 31 49 50 57 60 70 71
 1 31 45 51 60 70
 1 31 45 51 60 68 69
 1 31 45 51 57 60
 1 31 45 49 50 60 70
 1 31 45 49 50 60 68 69
 1 31 45 49 50 57 60
 1 31 43 45 51 60
 1 31 43 45 49 50 60
 1 31 43 44 51 60
 1 31 43 44 51 60 70
 1 31 43 44 51 60 68 69
 1 31 43 44 49 50 60
 1 31 43 44 49 50 60 70
 1 31 43 44 49 50 60 68 69
 1 31 41 51 57 60 72
 1 31 41 51 57 60 70 71
 1 31 41 49 50 57 60 72
 1 31 41 49 50 57 60 70 71
 1 31 41 45 51 57 60
 1 31 41 45 49 50 57 60
 1 31 39 40 51 57 60 72
 1 31 39 40 51 57 60 70 71
 1 31 39 40 49 50 57 60 72
 1 31 39 40 49 50 57 60 70 71
 1 31 39 40 45 51 57 60
 1 31 39 40 45 49 50 57 60
 1 24 57 58 60 72
 1 24 57 58 60 70 71
 1 24 56 57 60 72
 1 24 56 57 60 70 71
 1 24 45 58 60 70
 1 24 45 58 60 68 69
 1 24 45 57 58 60
 1 24 45 56 57 60
 1 24 45 56 57 60 70
 1 24 45 56 57 60 68 69
 1 24 43 45 58 60
 1 24 43 45 56 57 60
 1 24 43 44 58 60
 1 24 43 44 58 60 70
 1 24 43 44 58 60 68 69
 1 24 43 44 56 57 60
 1 24 43 44 56 57 60 70
 1 24 43 44 56 57 60 68 69
 1 24 41 57 58 60 72
 1 24 41 57 58 60 70 71
 1 24 41 56 57 60 72
 1 24 41 56 57 60 70 71
 1 24 41 45 57 58 60
 1 24 41 45 56 57 60
 1 24 39 40 57 58 60 72
 1 24 39 40 57 58 60 70 71
 1 24 39 40 56 57 60 72
 1 24 39 40 56 57 60 70 71
 1 24 39 40 45 57 58 60
 1 24 39 40 45 56 57 60
 1 24 31 57 60 72
 1 24 31 57 60 70 71
 1 24 31 45 60 70
 1 24 31 45 60 68 69
 1 24 31 45 57 60
 1 24 31 43 45 60
 1 24 31 43 44 60
 1 24 31 43 44 60 70
 1 24 31 43 44 60 68 69
 1 24 31 41 57 60 72
 1 24 31 41 57 60 70 71
 1 24 31 41 45 57 60
 1 24 31 39 40 57 60 72
 1 24 31 39 40 57 60 70 71
 1 24 31 39 40 45 57 60
 1 18 51 58 60 70
 1 18 51 58 60 68 69
 1 18 51 56 57 60 70
 1 18 51 56 57 60 68 69
 1 18 49 50 58 60 70
 1 18 49 50 58 60 68 69
 1 18 49 50 56 57 60 70
 1 18 49 50 56 57 60 68 69
 1 18 43 51 58 60
 1 18 43 51 56 57 60
 1 18 43 49 50 58 60
 1 18 43 49 50 56 57 60
 1 18 31 51 60 70
 1 18 31 51 60 68 69
 1 18 31 49 50 60 70
 1 18 31 49 50 60 68 69
 1 18 31 43 51 60
 1 18 31 43 49 50 60
 1 18 24 58 60 70
 1 18 24 58 60 68 69
 1 18 24 56 57 60 70
 1 18 24 56 57 60 68 69
 1 18 24 43 58 60
 1 18 24 43 56 57 60
 1 18 24 31 60 70
 1 18 24 31 60 68 69
 1 18 24 31 43 60
 1 15 51 58 60 72
 1 15 51 58 60 70 71
 1 15 51 56 57 60 72
 1 15 51 56 57 60 70 71
 1 15 49 50 58 60 72
 1 15 49 50 58 60 70 71
 1 15 49 50 56 57 60 72
 1 15 49 50 56 57 60 70 71
 1 15 45 51 58 60
 1 15 45 51 56 57 60
 1 15 45 49 50 58 60
 1 15 45 49 50 56 57 60
 1 15 41 51 58 60 72
 1 15 41 51 58 60 70 71
 1 15 41 51 56 57 60 72
 1 15 41 51 56 57 60 70 71
 1 15 41 49 50 58 60 72
 1 15 41 49 50 58 60 70 71
 1 15 41 49 50 56 57 60 72
 1 15 41 49 50 56 57 60 70 71
 1 15 41 45 51 58 60
 1 15 41 45 51 56 57 60
 1 15 41 45 49 50 58 60
 1 15 41 45 49 50 56 57 60
 1 15 39 40 51 58 60 72
 1 15 39 40 51 58 60 70 71
 1 15 39 40 51 56 57 60 72
 1 15 39 40 51 56 57 60 70 71
 1 15 39 40 49 50 58 60 72
 1 15 39 40 49 50 58 60 70 71
 1 15 39 40 49 50 56 57 60 72
 1 15 39 40 49 50 56 57 60 70 71
 1 15 39 40 45 51 58 60
 1 15 39 40 45 51 56 57 60
 1 15 39 40 45 49 50 58 60
 1 15 39 40 45 49 50 56 57 60
 1 15 31 51 60 72
 1 15 31 51 60 70 71
 1 15 31 49 50 60 72
 1 15 31 49 50 60 70 71
 1 15 31 45 51 60
 1 15 31 45 49 50 60
 1 15 31 41 51 60 72
 1 15 31 41 51 60 70 71
 1 15 31 41 49 50 60 72
 1 15 31 41 49 50 60 70 71
 1 15 31 41 45 51 60
 1 15 31 41 45 49 50 60
 1 15 31 39 40 51 60 72
 1 15 31 39 40 51 60 70 71
 1 15 31 39 40 49 50 60 72
 1 15 31 39 40 49 50 60 70 71
 1 15 31 39 40 45 51 60
 1 15 31 39 40 45 49 50 60
 1 15 24 58 60 72
 1 15 24 58 60 70 71
 1 15 24 56 57 60 72
 1 15 24 56 57 60 70 71
 1 15 24 45 58 60
 1 15 24 45 56 57 60
 1 15 24 41 58 60 72
 1 15 24 41 58 60 70 71
 1 15 24 41 56 57 60 72
 1 15 24 41 56 57 60 70 71
 1 15 24 41 45 58 60
 1 15 24 41 45 56 57 60
 1 15 24 39 40 58 60 72
 1 15 24 39 40 58 60 70 71
 1 15 24 39 40 56 57 60 72
 1 15 24 39 40 56 57 60 70 71
 1 15 24 39 40 45 58 60
 1 15 24 39 40 45 56 57 60
 1 15 24 31 60 72
 1 15 24 31 60 70 71
 1 15 24 31 45 60
 1 15 24 31 41 60 72
 1 15 24 31 41 60 70 71
 1 15 24 31 41 45 60
 1 15 24 31 39 40 60 72
 1 15 24 31 39 40 60 70 71
 1 15 24 31 39 40 45 60
 1 14 51 57 58 60 72
 1 14 51 57 58 60 70 71
 1 14 51 56 57 60 72
 1 14 51 56 57 60 70 71
 1 14 49 50 57 58 60 72
 1 14 49 50 57 58 60 70 71
 1 14 49 50 56 57 60 72
 1 14 49 50 56 57 60 70 71
 1 14 45 51 57 58 60
 1 14 45 51 56 57 60
 1 14 45 49 50 57 58 60
 1 14 45 49 50 56 57 60
 1 14 31 51 57 60 72
 1 14 31 51 57 60 70 71
 1 14 31 49 50 57 60 72
 1 14 31 49 50 57 60 70 71
 1 14 31 45 51 57 60
 1 14 31 45 49 50 57 60
 1 14 24 57 58 60 72
 1 14 24 57 58 60 70 71
 1 14 24 56 57 60 72
 1 14 24 56 57 60 70 71
 1 14 24 45 57 58 60
 1 14 24 45 56 57 60
 1 14 24 31 57 60 72
 1 14 24 31 57 60 70 71
 1 14 24 31 45 57 60
 1 14 15 51 58 60 72
 1 14 15 51 58 60 70 71
 1 14 15 51 56 57 60 72
 1 14 15 51 56 57 60 70 71
 1 14 15 49 50 58 60 72
 1 14 15 49 50 58 60 70 71
 1 14 15 49 50 56 57 60 72
 1 14 15 49 50 56 57 60 70 71
 1 14 15 45 51 58 60
 1 14 15 45 51 56 57 60
 1 14 15 45 49 50 58 60
 1 14 15 45 49 50 56 57 60
 1 14 15 31 51 60 72
 1 14 15 31 51 60 70 71
 1 14 15 31 49 50 60 72
 1 14 15 31 49 50 60 70 71
 1 14 15 31 45 51 60
 1 14 15 31 45 49 50 60
 1 14 15 24 58 60 72
 1 14 15 24 58 60 70 71
 1 14 15 24 56 57 60 72
 1 14 15 24 56 57 60 70 71
 1 14 15 24 45 58 60
 1 14 15 24 45 56 57 60
 1 14 15 24 31 60 72
 1 14 15 24 31 60 70 71
 1 14 15 24 31 45 60
 1 13 14 41 51 58 60 72
 1 13 14 41 51 58 60 70 71
 1 13 14 41 51 56 57 60 72
 1 13 14 41 51 56 57 60 70 71
 1 13 14 41 49 50 58 60 72
 1 13 14 41 49 50 58 60 70 71
 1 13 14 41 49 50 56 57 60 72
 1 13 14 41 49 50 56 57 60 70 71
 1 13 14 41 45 51 58 60
 1 13 14 41 45 51 56 57 60
 1 13 14 41 45 49 50 58 60
 1 13 14 41 45 49 50 56 57 60
 1 13 14 39 40 51 58 60 72
 1 13 14 39 40 51 58 60 70 71
 1 13 14 39 40 51 56 57 60 72
 1 13 14 39 40 51 56 57 60 70 71
 1 13 14 39 40 49 50 58 60 72
 1 13 14 39 40 49 50 58 60 70 71
 1 13 14 39 40 49 50 56 57 60 72
 1 13 14 39 40 49 50 56 57 60 70 71
 1 13 14 39 40 45 51 58 60
 1 13 14 39 40 45 51 56 57 60
 1 13 14 39 40 45 49 50 58 60
 1 13 14 39 40 45 49 50 56 57 60
 1 13 14 31 41 51 60 72
 1 13 14 31 41 51 60 70 71
 1 13 14 31 41 49 50 60 72
 1 13 14 31 41 49 50 60 70 71
 1 13 14 31 41 45 51 60
 1 13 14 31 41 45 49 50 60
 1 13 14 31 39 40 51 60 72
 1 13 14 31 39 40 51 60 70 71
 1 13 14 31 39 40 49 50 60 72
 1 13 14 31 39 40 49 50 60 70 71
 1 13 14 31 39 40 45 51 60
 1 13 14 31 39 40 45 49 50 60
 1 13 14 24 41 58 60 72
 1 13 14 24 41 58 60 70 71
 1 13 14 24 41 56 57 60 72
 1 13 14 24 41 56 57 60 70 71
 1 13 14 24 41 45 58 60
 1 13 14 24 41 45 56 57 60
 1 13 14 24 39 40 58 60 72
 1 13 14 24 39 40 58 60 70 71
 1 13 14 24 39 40 56 57 60 72
 1 13 14 24 39 40 56 57 60 70 71
 1 13 14 24 39 40 45 58 60
 1 13 14 24 39 40 45 56 57 60
 1 13 14 24 31 41 60 72
 1 13 14 24 31 41 60 70 71
 1 13 14 24 31 41 45 60
 1 13 14 24 31 39 40 60 72
 1 13 14 24 31 39 40 60 70 71
 1 13 14 24 31 39 40 45 60
