 60 72
 60 70 71
 58
 58 72
 58 70 71
 57 58
 57 58 72
 57 58 70 71
 56 68 72
 56 68 70
 56 68 70 71
 56 68 69
 56 62 68 70
 56 62 68 69
 56 60 70
 56 60 68 69
 56 58 72
 56 58 70
 56 58 70 71
 56 58 68 69
 56 57 72
 56 57 70 71
 56 57 60 72
 56 57 60 70 71
 56 57 58
 56 57 58 72
 56 57 58 70 71
 56 57 58 60 72
 56 57 58 60 70 71
 54 58 72
 54 58 70 71
 54 56 57 72
 54 56 57 70 71
 54 55 60 70
 54 55 60 68 69
 54 55 58 70
 54 55 58 68 69
 52 53 58 72
 52 53 58 70 71
 52 53 56 57 72
 52 53 56 57 70 71
 51 58 72
 51 58 70 71
 51 57 60 72
 51 57 60 70 71
 51 57 58
 51 56 57 72
 51 56 57 70 71
 51 56 57 60 70
 51 56 57 60 68 69
 51 56 57 58
 51 54 55 57 60 70
 51 54 55 57 60 68 69
 49 50 58 72
 49 50 58 70 71
 49 50 57 60 72
 49 50 57 60 70 71
 49 50 57 58
 49 50 56 57 72
 49 50 56 57 70 71
 49 50 56 57 60 70
 49 50 56 57 60 68 69
 49 50 56 57 58
 49 50 54 55 57 60 70
 49 50 54 55 57 60 68 69
 45 70
 45 70 72
 45 70 71
 45 68 69
 45 68 69 72
 45 68 69 70 71
 45 58
 45 58 62 70
 45 58 62 70 72
 45 58 62 70 71
 45 58 62 68 69
 45 58 62 68 69 72
 45 58 62 68 69 70 71
 45 57 58
 45 57 58 60 68 70
 45 57 58 60 68 69
 45 56 74
 45 56 72 74
 45 56 70 71 74
 45 56 70 71 72 73
 45 56 68
 45 56 58
 45 56 57
 45 56 57 70
 45 56 57 70 72
 45 56 57 70 71
 45 56 57 68 69
 45 56 57 68 69 72
 45 56 57 68 69 70 71
 45 56 57 60 72
 45 56 57 60 70 71
 45 56 57 60 68 70
 45 56 57 60 68 69
 45 56 57 58 70
 45 56 57 58 70 72
 45 56 57 58 70 71
 45 56 57 58 68 69
 45 56 57 58 68 69 72
 45 56 57 58 68 69 70 71
 45 56 57 58 62 70
 45 56 57 58 62 70 72
 45 56 57 58 62 70 71
 45 56 57 58 62 68 69
 45 56 57 58 62 68 69 72
 45 56 57 58 62 68 69 70 71
 45 56 57 58 60 72
 45 56 57 58 60 70 71
 45 54 58
 45 54 56 57
 45 54 55 56 58
 45 52 53 58
 45 52 53 56 57
 45 51 58
 45 51 57 60
 45 51 56 57
 45 49 50 58
 45 49 50 57 60
 45 49 50 56 57
 45 47 56
 45 47 56 72
 45 47 56 70 71
 43 56 68
 43 56 62 68
 43 56 60
 43 56 58
 43 54 55 60
 43 54 55 58
 43 51 56 57 60
 43 51 54 55 57 60
 43 49 50 56 57 60
 43 49 50 54 55 57 60
 43 45
 43 45 72
 43 45 70 71
 43 45 58 62
 43 45 58 62 72
 43 45 58 62 70 71
 43 45 57 58 60 68
 43 45 56 57
 43 45 56 57 72
 43 45 56 57 70 71
 43 45 56 57 60 68
 43 45 56 57 58
 43 45 56 57 58 72
 43 45 56 57 58 70 71
 43 45 56 57 58 62
 43 45 56 57 58 62 72
 43 45 56 57 58 62 70 71
 43 44 72
 43 44 70 72
 43 44 68 69 72
 43 44 68 69 70 71
 43 44 60
 43 44 58 62 72
 43 44 58 62 70 72
 43 44 58 62 68 69 72
 43 44 58 62 68 69 70 71
 43 44 57 58 60 68
 43 44 57 58 60 68 70
 43 44 57 58 60 68 69
 43 44 56 72 74
 43 44 56 72 73
 43 44 56 70 71 74
 43 44 56 70 71 72 73
 43 44 56 57 72
 43 44 56 57 70 72
 43 44 56 57 68 69 72
 43 44 56 57 68 69 70 71
 43 44 56 57 60 72
 43 44 56 57 60 70 71
 43 44 56 57 60 68
 43 44 56 57 60 68 70
 43 44 56 57 60 68 69
 43 44 56 57 58
 43 44 56 57 58 72
 43 44 56 57 58 70 72
 43 44 56 57 58 68 69 72
 43 44 56 57 58 68 69 70 71
 43 44 56 57 58 62 72
 43 44 56 57 58 62 70 72
 43 44 56 57 58 62 68 69 72
 43 44 56 57 58 62 68 69 70 71
 43 44 56 57 58 60 72
 43 44 56 57 58 60 70 71
 43 44 54 55 56 58
 43 44 47 56 72
 43 44 47 56 70 71
 43 44 45
 43 44 45 70
 43 44 45 68 69
 43 44 45 58 62
 43 44 45 58 62 70
 43 44 45 58 62 68 69
 43 44 45 56 74
 43 44 45 56 72 73
 43 44 45 56 57
 43 44 45 56 57 70
 43 44 45 56 57 68 69
 43 44 45 56 57 60
 43 44 45 56 57 58
 43 44 45 56 57 58 70
 43 44 45 56 57 58 68 69
 43 44 45 56 57 58 62
 43 44 45 56 57 58 62 70
 43 44 45 56 57 58 62 68 69
 43 44 45 56 57 58 60
 43 44 45 47 56
 39 56 72
 39 56 70 71
 39 56 57 72
 39 56 57 70 71
 39 45 56
 39 45 56 57
 37 56 58 62 64 70
 37 56 58 62 64 68 69
 37 56 57 62 64 70
 37 56 57 62 64 68 69
 37 43 56 58 62 64
 37 43 56 57 62 64
 37 38 56 72
 37 38 56 70 71
 37 38 56 57 72
 37 38 56 57 70 71
 37 38 45 56
 37 38 45 56 57
 35 36 56 58 62 64 70
 35 36 56 58 62 64 68 69
 35 36 56 57 62 64 70
 35 36 56 57 62 64 68 69
 35 36 43 56 58 62 64
 35 36 43 56 57 62 64
 31 72
 31 70 71
 31 60 72
 31 60 70 71
 31 58 72
 31 58 70 71
 31 58 60 72
 31 58 60 70 71
 31 57 72
 31 57 70 71
 31 57 58
 31 56 72
 31 56 70 71
 31 54 72
 31 54 70 71
 31 52 53 72
 31 52 53 70 71
 31 51 72
 31 51 70 71
 31 51 57 58
 31 49 50 72
 31 49 50 70 71
 31 49 50 57 58
 31 45
 31 45 60
 31 45 58 62 70
 31 45 58 62 70 72
 31 45 58 62 70 71
 31 45 58 62 68 69
 31 45 58 62 68 69 72
 31 45 58 62 68 69 70 71
 31 45 58 60
 31 45 57
 31 45 57 60 68 70
 31 45 57 60 68 69
 31 45 56 72
 31 45 56 70 71
 31 45 56 58
 31 45 56 58 72
 31 45 56 58 70 71
 31 45 56 57
 31 45 56 57 72
 31 45 56 57 70
 31 45 56 57 70 72
 31 45 56 57 68 69
 31 45 56 57 68 69 72
 31 45 56 57 68 69 70 71
 31 45 56 57 60
 31 45 56 57 60 72
 31 45 56 57 60 70 71
 31 45 54
 31 45 52 53
 31 45 51
 31 45 49 50
 31 43 45 58 62
 31 43 45 58 62 72
 31 43 45 58 62 70 71
 31 43 45 57 60 68
 31 43 45 56 57
 31 43 45 56 57 72
 31 43 45 56 57 70 71
 31 43 44 58
 31 43 44 58 62 72
 31 43 44 58 62 70 72
 31 43 44 58 62 68 69 72
 31 43 44 58 62 68 69 70 71
 31 43 44 57 60 68
 31 43 44 57 60 68 70
 31 43 44 57 60 68 69
 31 43 44 56 72
 31 43 44 56 70 71
 31 43 44 56 58 72
 31 43 44 56 58 70 71
 31 43 44 56 57 70 72
 31 43 44 56 57 70 71
 31 43 44 56 57 68 69 72
 31 43 44 56 57 68 69 70 71
 31 43 44 56 57 60 72
 31 43 44 56 57 60 70 71
 31 43 44 45 58 62
 31 43 44 45 58 62 70
 31 43 44 45 58 62 68 69
 31 43 44 45 56
 31 43 44 45 56 58
 31 43 44 45 56 57 70
 31 43 44 45 56 57 68 69
 31 43 44 45 56 57 60
 31 37 56 62 64 70
 31 37 56 62 64 68 69
 31 37 43 56 62 64
 31 35 36 56 62 64 70
 31 35 36 56 62 64 68 69
 31 35 36 43 56 62 64
 30 56 63 64 66 74
 30 56 63 64 66 72 73
 30 56 63 64 65 74
 30 56 63 64 65 72 73
 30 54 55 63 64 66 74
 30 54 55 63 64 66 72 73
 30 54 55 63 64 65 74
 30 54 55 63 64 65 72 73
 30 47 56 63 64 66
 30 47 56 63 64 65
 30 47 54 55 63 64 66
 30 47 54 55 63 64 65
 30 45 56 58
 30 45 56 58 70
 30 45 56 58 68 69
 30 45 56 57 58
 30 45 54 55 58 70
 30 45 54 55 58 68 69
 30 43 45 56 58
 30 43 45 54 55 58
 30 43 44 56 58 70
 30 43 44 56 58 68 69
 30 43 44 56 57 58
 30 43 44 54 55 58
 30 43 44 54 55 58 70
 30 43 44 54 55 58 68 69
 30 39 56 63 64 74
 30 39 56 63 64 72 73
 30 39 54 55 63 64 74
 30 39 54 55 63 64 72 73
 30 39 47 56 63 64
 30 39 47 54 55 63 64
 30 31 45 56 58
 30 31 43 44 56 58
 29 60 70
 29 60 68 69
 29 58 70
 29 58 68 69
 29 51 57 60 70
 29 51 57 60 68 69
 29 49 50 57 60 70
 29 49 50 57 60 68 69
 29 45 56 58
 29 43 60
 29 43 58
 29 43 51 57 60
 29 43 49 50 57 60
 29 43 44 56 58
 29 30 63 64 66 74
 29 30 63 64 66 72 73
 29 30 63 64 65 74
 29 30 63 64 65 72 73
 29 30 47 63 64 66
 29 30 47 63 64 65
 29 30 45 58 70
 29 30 45 58 68 69
 29 30 43 45 58
 29 30 43 44 58
 29 30 43 44 58 70
 29 30 43 44 58 68 69
 29 30 39 63 64 74
 29 30 39 63 64 72 73
 29 30 39 47 63 64
 28 72
 28 70 71
 28 60 70 72
 28 60 70 71
 28 60 68 69 72
 28 60 68 69 70 71
 28 58
 28 58 72
 28 58 70 71
 28 58 60 72
 28 58 60 70 71
 28 57 72
 28 57 70 71
 28 56 70
 28 56 68 69
 28 56 60 72
 28 56 60 70 71
 28 56 58 70
 28 56 58 68 69
 28 56 57 70
 28 56 57 68 69
 28 56 57 60 72
 28 56 57 60 70 71
 28 56 57 58
 28 56 57 58 72
 28 56 57 58 70 71
 28 54 55 70
 28 54 55 68 69
 28 54 55 60 70
 28 54 55 60 68 69
 28 54 55 58 70
 28 54 55 58 68 69
 28 54 55 57 70
 28 54 55 57 68 69
 28 54 55 56 60 70
 28 54 55 56 60 68 69
 28 51 72
 28 51 70 72
 28 51 68 69 72
 28 51 68 69 70 71
 28 51 56 72
 28 51 56 70
 28 51 56 70 71
 28 51 56 68 69
 28 51 56 60 72
 28 51 56 60 70
 28 51 56 60 70 71
 28 51 56 60 68 69
 28 51 54 55 56 70
 28 51 54 55 56 68 69
 28 51 54 55 56 60 70
 28 51 54 55 56 60 68 69
 28 49 50 56 60 72
 28 49 50 56 60 70
 28 49 50 56 60 70 71
 28 49 50 56 60 68 69
 28 49 50 54 55 56 60 70
 28 49 50 54 55 56 60 68 69
 28 49 50 51 56 72
 28 49 50 51 56 70
 28 49 50 51 56 70 71
 28 49 50 51 56 68 69
 28 49 50 51 54 55 56 70
 28 49 50 51 54 55 56 68 69
 28 47 60 72
 28 47 60 70 71
 28 47 58 72
 28 47 58 70 71
 28 47 57 58 72
 28 47 57 58 70 71
 28 45
 28 45 60 70
 28 45 60 68 69
 28 45 58
 28 45 58 60
 28 45 56 60
 28 45 56 58 70 74
 28 45 56 58 70 72 73
 28 45 56 58 68 69 74
 28 45 56 58 68 69 72 73
 28 45 56 57 60
 28 45 56 57 58
 28 45 54 55 58 70 74
 28 45 54 55 58 70 72 73
 28 45 54 55 58 68 69 74
 28 45 54 55 58 68 69 72 73
 28 45 51
 28 45 51 70
 28 45 51 68 69
 28 45 51 56
 28 45 51 56 60
 28 45 49 50 56 60
 28 45 49 50 51 56
 28 45 47 60
 28 45 47 58
 28 45 47 57 58
 28 45 47 56 58 70
 28 45 47 56 58 68 69
 28 45 47 54 55 58 70
 28 45 47 54 55 58 68 69
 28 45 46 60
 28 45 46 60 72
 28 45 46 60 70 71
 28 45 46 58
 28 45 46 58 72
 28 45 46 58 70 71
 28 45 46 57 58
 28 45 46 57 58 72
 28 45 46 57 58 70 71
 28 43 60 72
 28 43 60 70 71
 28 43 56
 28 43 56 58
 28 43 56 57
 28 43 54 55
 28 43 54 55 60
 28 43 54 55 58
 28 43 54 55 57
 28 43 54 55 56 60
 28 43 51 72
 28 43 51 70 71
 28 43 51 56
 28 43 51 56 60
 28 43 51 54 55 56
 28 43 51 54 55 56 60
 28 43 49 50 56 60
 28 43 49 50 54 55 56 60
 28 43 49 50 51 56
 28 43 49 50 51 54 55 56
 28 43 45 60
 28 43 45 56 58 74
 28 43 45 56 58 72 73
 28 43 45 54 55 58 74
 28 43 45 54 55 58 72 73
 28 43 45 51
 28 43 45 47 56 58
 28 43 45 47 54 55 58
 28 43 44 57
 28 43 44 56 58 74
 28 43 44 56 58 72 73
 28 43 44 56 58 70 74
 28 43 44 56 58 70 72 73
 28 43 44 56 58 68 69 74
 28 43 44 56 58 68 69 72 73
 28 43 44 54 55 58 74
 28 43 44 54 55 58 72 73
 28 43 44 54 55 58 70 74
 28 43 44 54 55 58 70 72 73
 28 43 44 54 55 58 68 69 74
 28 43 44 54 55 58 68 69 72 73
 28 43 44 47 56 58
 28 43 44 47 56 58 70
 28 43 44 47 56 58 68 69
 28 43 44 47 54 55 58
 28 43 44 47 54 55 58 70
 28 43 44 47 54 55 58 68 69
 28 39 47 58 72
 28 39 47 58 70 71
 28 39 45 47 58
 28 39 45 46 58
 28 39 45 46 58 72
 28 39 45 46 58 70 71
 28 37 72
 28 37 70 71
 28 37 56 70
 28 37 56 68 69
 28 37 54 55 70
 28 37 54 55 68 69
 28 37 45
 28 37 43 56
 28 37 43 54 55
 28 37 38 47 58 72
 28 37 38 47 58 70 71
 28 37 38 45 47 58
 28 37 38 45 46 58
 28 37 38 45 46 58 72
 28 37 38 45 46 58 70 71
 28 32 58
 28 31 60 72
 28 31 60 70 71
 28 31 58
 28 31 58 72
 28 31 58 70 71
 28 31 45 60
 28 31 45 58
 28 30 31 58
 28 29 70
 28 29 68 69
 28 29 63 64 66 74
 28 29 63 64 66 72 73
 28 29 63 64 65 74
 28 29 63 64 65 72 73
 28 29 60 70
 28 29 60 68 69
 28 29 58 70
 28 29 58 68 69
 28 29 57 70
 28 29 57 68 69
 28 29 56 63 64 66 74
 28 29 56 63 64 66 72 73
 28 29 56 63 64 65 74
 28 29 56 63 64 65 72 73
 28 29 56 60 70
 28 29 56 60 68 69
 28 29 54 55 63 64 66 74
 28 29 54 55 63 64 66 72 73
 28 29 54 55 63 64 65 74
 28 29 54 55 63 64 65 72 73
 28 29 51 56 70
 28 29 51 56 68 69
 28 29 51 56 60 70
 28 29 51 56 60 68 69
 28 29 49 50 56 60 70
 28 29 49 50 56 60 68 69
 28 29 49 50 51 56 70
 28 29 49 50 51 56 68 69
 28 29 47 63 64 66
 28 29 47 63 64 65
 28 29 47 56 63 64 66
 28 29 47 56 63 64 65
 28 29 47 54 55 63 64 66
 28 29 47 54 55 63 64 65
 28 29 45 58 70
 28 29 45 58 70 74
 28 29 45 58 70 72 73
 28 29 45 58 68 69
 28 29 45 58 68 69 74
 28 29 45 58 68 69 72 73
 28 29 45 56 58
 28 29 45 56 58 70
 28 29 45 56 58 68 69
 28 29 45 56 57 58
 28 29 45 54 55 58 70
 28 29 45 54 55 58 68 69
 28 29 45 47 58 70
 28 29 45 47 58 68 69
 28 29 43
 28 29 43 60
 28 29 43 58
 28 29 43 57
 28 29 43 56 60
 28 29 43 51 56
 28 29 43 51 56 60
 28 29 43 49 50 56 60
 28 29 43 49 50 51 56
 28 29 43 45 58
 28 29 43 45 58 74
 28 29 43 45 58 72 73
 28 29 43 45 56 58
 28 29 43 45 54 55 58
 28 29 43 45 47 58
 28 29 43 44 58
 28 29 43 44 58 74
 28 29 43 44 58 72 73
 28 29 43 44 58 70
 28 29 43 44 58 70 74
 28 29 43 44 58 70 72 73
 28 29 43 44 58 68 69
 28 29 43 44 58 68 69 74
 28 29 43 44 58 68 69 72 73
 28 29 43 44 56 58 70
 28 29 43 44 56 58 68 69
 28 29 43 44 56 57 58
 28 29 43 44 54 55 58
 28 29 43 44 54 55 58 70
 28 29 43 44 54 55 58 68 69
 28 29 43 44 47 58
 28 29 43 44 47 58 70
 28 29 43 44 47 58 68 69
 28 29 39 63 64 74
 28 29 39 63 64 72 73
 28 29 39 56 63 64 74
 28 29 39 56 63 64 72 73
 28 29 39 54 55 63 64 74
 28 29 39 54 55 63 64 72 73
 28 29 39 47 63 64
 28 29 39 47 56 63 64
 28 29 39 47 54 55 63 64
 28 29 37 70
 28 29 37 68 69
 28 29 37 43
 28 29 31 45 56 58
 28 29 31 43 44 56 58
 27 58 72
 27 58 70 71
 27 56 57 72
 27 56 57 70 71
 27 45 58
 27 45 56 57
 27 31 72
 27 31 70 71
 27 31 45
 26 56 72
 26 56 70
 26 56 70 71
 26 56 68 69
 26 56 62 70
 26 56 62 68 69
 26 45 57 58 60 70
 26 45 57 58 60 68 69
 26 45 56
 26 45 56 57 60 70
 26 45 56 57 60 68 69
 26 43 56
 26 43 56 62
 26 43 45 57 58 60
 26 43 45 56 57 60
 26 43 44 57 58 60
 26 43 44 57 58 60 70
 26 43 44 57 58 60 68 69
 26 43 44 56 57 60
 26 43 44 56 57 60 70
 26 43 44 56 57 60 68 69
 26 31 45 57 60 70
 26 31 45 57 60 68 69
 26 31 43 45 57 60
 26 31 43 44 57 60
 26 31 43 44 57 60 70
 26 31 43 44 57 60 68 69
 26 27 72
 26 27 70 71
 26 27 60 70 72
 26 27 60 70 71
 26 27 60 68 69 72
 26 27 60 68 69 70 71
 26 27 58
 26 27 58 72
 26 27 58 70 71
 26 27 58 60 72
 26 27 58 60 70 71
 26 27 57 72
 26 27 57 70 71
 26 27 56 70
 26 27 56 68 69
 26 27 56 60 72
 26 27 56 60 70 71
 26 27 56 58 70
 26 27 56 58 68 69
 26 27 56 57 70
 26 27 56 57 68 69
 26 27 56 57 60 72
 26 27 56 57 60 70 71
 26 27 56 57 58
 26 27 56 57 58 72
 26 27 56 57 58 70 71
 26 27 54 55 70
 26 27 54 55 68 69
 26 27 54 55 60 70
 26 27 54 55 60 68 69
 26 27 54 55 58 70
 26 27 54 55 58 68 69
 26 27 54 55 57 70
 26 27 54 55 57 68 69
 26 27 54 55 56 60 70
 26 27 54 55 56 60 68 69
 26 27 51 72
 26 27 51 70 72
 26 27 51 68 69 72
 26 27 51 68 69 70 71
 26 27 51 56 72
 26 27 51 56 70
 26 27 51 56 70 71
 26 27 51 56 68 69
 26 27 51 56 60 72
 26 27 51 56 60 70
 26 27 51 56 60 70 71
 26 27 51 56 60 68 69
 26 27 51 54 55 56 70
 26 27 51 54 55 56 68 69
 26 27 51 54 55 56 60 70
 26 27 51 54 55 56 60 68 69
 26 27 49 50 56 60 72
 26 27 49 50 56 60 70
 26 27 49 50 56 60 70 71
 26 27 49 50 56 60 68 69
 26 27 49 50 54 55 56 60 70
 26 27 49 50 54 55 56 60 68 69
 26 27 49 50 51 56 72
 26 27 49 50 51 56 70
 26 27 49 50 51 56 70 71
 26 27 49 50 51 56 68 69
 26 27 49 50 51 54 55 56 70
 26 27 49 50 51 54 55 56 68 69
 26 27 47 60 72
 26 27 47 60 70 71
 26 27 47 58 72
 26 27 47 58 70 71
 26 27 47 57 58 72
 26 27 47 57 58 70 71
 26 27 45
 26 27 45 60 70
 26 27 45 60 68 69
 26 27 45 58
 26 27 45 58 60
 26 27 45 56 60
 26 27 45 56 58 70 74
 26 27 45 56 58 70 72 73
 26 27 45 56 58 68 69 74
 26 27 45 56 58 68 69 72 73
 26 27 45 56 57 60
 26 27 45 56 57 58
 26 27 45 54 55 58 70 74
 26 27 45 54 55 58 70 72 73
 26 27 45 54 55 58 68 69 74
 26 27 45 54 55 58 68 69 72 73
 26 27 45 51
 26 27 45 51 70
 26 27 45 51 68 69
 26 27 45 51 56
 26 27 45 51 56 60
 26 27 45 49 50 56 60
 26 27 45 49 50 51 56
 26 27 45 47 60
 26 27 45 47 58
 26 27 45 47 57 58
 26 27 45 47 56 58 70
 26 27 45 47 56 58 68 69
 26 27 45 47 54 55 58 70
 26 27 45 47 54 55 58 68 69
 26 27 45 46 60
 26 27 45 46 60 72
 26 27 45 46 60 70 71
 26 27 45 46 58
 26 27 45 46 58 72
 26 27 45 46 58 70 71
 26 27 45 46 57 58
 26 27 45 46 57 58 72
 26 27 45 46 57 58 70 71
 26 27 43 60 72
 26 27 43 60 70 71
 26 27 43 56
 26 27 43 56 58
 26 27 43 56 57
 26 27 43 54 55
 26 27 43 54 55 60
 26 27 43 54 55 58
 26 27 43 54 55 57
 26 27 43 54 55 56 60
 26 27 43 51 72
 26 27 43 51 70 71
 26 27 43 51 56
 26 27 43 51 56 60
 26 27 43 51 54 55 56
 26 27 43 51 54 55 56 60
 26 27 43 49 50 56 60
 26 27 43 49 50 54 55 56 60
 26 27 43 49 50 51 56
 26 27 43 49 50 51 54 55 56
 26 27 43 45 60
 26 27 43 45 56 58 74
 26 27 43 45 56 58 72 73
 26 27 43 45 54 55 58 74
 26 27 43 45 54 55 58 72 73
 26 27 43 45 51
 26 27 43 45 47 56 58
 26 27 43 45 47 54 55 58
 26 27 43 44 57
 26 27 43 44 56 58 74
 26 27 43 44 56 58 72 73
 26 27 43 44 56 58 70 74
 26 27 43 44 56 58 70 72 73
 26 27 43 44 56 58 68 69 74
 26 27 43 44 56 58 68 69 72 73
 26 27 43 44 54 55 58 74
 26 27 43 44 54 55 58 72 73
 26 27 43 44 54 55 58 70 74
 26 27 43 44 54 55 58 70 72 73
 26 27 43 44 54 55 58 68 69 74
 26 27 43 44 54 55 58 68 69 72 73
 26 27 43 44 47 56 58
 26 27 43 44 47 56 58 70
 26 27 43 44 47 56 58 68 69
 26 27 43 44 47 54 55 58
 26 27 43 44 47 54 55 58 70
 26 27 43 44 47 54 55 58 68 69
 26 27 39 47 58 72
 26 27 39 47 58 70 71
 26 27 39 45 47 58
 26 27 39 45 46 58
 26 27 39 45 46 58 72
 26 27 39 45 46 58 70 71
 26 27 37 72
 26 27 37 70 71
 26 27 37 56 70
 26 27 37 56 68 69
 26 27 37 54 55 70
 26 27 37 54 55 68 69
 26 27 37 45
 26 27 37 43 56
 26 27 37 43 54 55
 26 27 37 38 47 58 72
 26 27 37 38 47 58 70 71
 26 27 37 38 45 47 58
 26 27 37 38 45 46 58
 26 27 37 38 45 46 58 72
 26 27 37 38 45 46 58 70 71
 26 27 32 58
 26 27 31 60 72
 26 27 31 60 70 71
 26 27 31 58
 26 27 31 58 72
 26 27 31 58 70 71
 26 27 31 45 60
 26 27 31 45 58
 26 27 30 31 58
 26 27 29 70
 26 27 29 68 69
 26 27 29 60 70
 26 27 29 60 68 69
 26 27 29 58 70
 26 27 29 58 68 69
 26 27 29 57 70
 26 27 29 57 68 69
 26 27 29 56 60 70
 26 27 29 56 60 68 69
 26 27 29 51 56 70
 26 27 29 51 56 68 69
 26 27 29 51 56 60 70
 26 27 29 51 56 60 68 69
 26 27 29 49 50 56 60 70
 26 27 29 49 50 56 60 68 69
 26 27 29 49 50 51 56 70
 26 27 29 49 50 51 56 68 69
 26 27 29 45 58 70 74
 26 27 29 45 58 70 72 73
 26 27 29 45 58 68 69 74
 26 27 29 45 58 68 69 72 73
 26 27 29 45 47 58 70
 26 27 29 45 47 58 68 69
 26 27 29 43
 26 27 29 43 60
 26 27 29 43 58
 26 27 29 43 57
 26 27 29 43 56 60
 26 27 29 43 51 56
 26 27 29 43 51 56 60
 26 27 29 43 49 50 56 60
 26 27 29 43 49 50 51 56
 26 27 29 43 45 58 74
 26 27 29 43 45 58 72 73
 26 27 29 43 45 47 58
 26 27 29 43 44 58 74
 26 27 29 43 44 58 72 73
 26 27 29 43 44 58 70 74
 26 27 29 43 44 58 70 72 73
 26 27 29 43 44 58 68 69 74
 26 27 29 43 44 58 68 69 72 73
 26 27 29 43 44 47 58
 26 27 29 43 44 47 58 70
 26 27 29 43 44 47 58 68 69
 26 27 29 37 70
 26 27 29 37 68 69
 26 27 29 37 43
 24 58 60 72
 24 58 60 70 71
 24 57 60 72
 24 57 60 70 71
 24 57 58
 24 56 57 72
 24 56 57 70 71
 24 56 57 60 72
 24 56 57 60 70
 24 56 57 60 70 71
 24 56 57 60 68 69
 24 56 57 58
 24 56 57 58 72
 24 56 57 58 70 71
 24 54 55 57 60 70
 24 54 55 57 60 68 69
 24 45 58 60
 24 45 57 60
 24 45 56 57
 24 45 56 57 60
 24 45 56 57 58
 24 43 56 57 60
 24 43 54 55 57 60
 24 31 72
 24 31 70 71
 24 31 60 72
 24 31 60 70 71
 24 31 58 72
 24 31 58 70 71
 24 31 57 58
 24 31 45
 24 31 45 60
 24 31 45 58
 24 29 57 60 70
 24 29 57 60 68 69
 24 29 43 57 60
 24 28 56 60 72
 24 28 56 60 70
 24 28 56 60 70 71
 24 28 56 60 68 69
 24 28 54 55 56 60 70
 24 28 54 55 56 60 68 69
 24 28 51 56 72
 24 28 51 56 70
 24 28 51 56 70 71
 24 28 51 56 68 69
 24 28 51 54 55 56 70
 24 28 51 54 55 56 68 69
 24 28 45 56 60
 24 28 45 51 56
 24 28 43 56 60
 24 28 43 54 55 56 60
 24 28 43 51 56
 24 28 43 51 54 55 56
 24 28 29 56 60 70
 24 28 29 56 60 68 69
 24 28 29 51 56 70
 24 28 29 51 56 68 69
 24 28 29 43 56 60
 24 28 29 43 51 56
 24 26 27 56 60 72
 24 26 27 56 60 70
 24 26 27 56 60 70 71
 24 26 27 56 60 68 69
 24 26 27 54 55 56 60 70
 24 26 27 54 55 56 60 68 69
 24 26 27 51 56 72
 24 26 27 51 56 70
 24 26 27 51 56 70 71
 24 26 27 51 56 68 69
 24 26 27 51 54 55 56 70
 24 26 27 51 54 55 56 68 69
 24 26 27 45 56 60
 24 26 27 45 51 56
 24 26 27 43 56 60
 24 26 27 43 54 55 56 60
 24 26 27 43 51 56
 24 26 27 43 51 54 55 56
 24 26 27 29 56 60 70
 24 26 27 29 56 60 68 69
 24 26 27 29 51 56 70
 24 26 27 29 51 56 68 69
 24 26 27 29 43 56 60
 24 26 27 29 43 51 56
 24 25 56 72
 24 25 56 70
 24 25 56 70 71
 24 25 56 68 69
 24 25 56 62 70
 24 25 56 62 68 69
 24 25 45 57 58 60 70
 24 25 45 57 58 60 68 69
 24 25 45 56
 24 25 45 56 57 60 70
 24 25 45 56 57 60 68 69
 24 25 43 56
 24 25 43 56 62
 24 25 43 45 57 58 60
 24 25 43 45 56 57 60
 24 25 43 44 57 58 60
 24 25 43 44 57 58 60 70
 24 25 43 44 57 58 60 68 69
 24 25 43 44 56 57 60
 24 25 43 44 56 57 60 70
 24 25 43 44 56 57 60 68 69
 24 25 31 45 57 60 70
 24 25 31 45 57 60 68 69
 24 25 31 43 45 57 60
 24 25 31 43 44 57 60
 24 25 31 43 44 57 60 70
 24 25 31 43 44 57 60 68 69
 22 28 60 72
 22 28 60 70 71
 22 28 56 60 70
 22 28 56 60 68 69
 22 28 54 55 60 70
 22 28 54 55 60 68 69
 22 28 51 72
 22 28 51 70 71
 22 28 51 56 70
 22 28 51 56 68 69
 22 28 51 54 55 70
 22 28 51 54 55 68 69
 22 28 45 60
 22 28 45 51
 22 28 43 56 60
 22 28 43 54 55 60
 22 28 43 51 56
 22 28 43 51 54 55
 22 28 29 60 70
 22 28 29 60 68 69
 22 28 29 51 70
 22 28 29 51 68 69
 22 28 29 43 60
 22 28 29 43 51
 22 26 27 60 72
 22 26 27 60 70 71
 22 26 27 56 60 70
 22 26 27 56 60 68 69
 22 26 27 54 55 60 70
 22 26 27 54 55 60 68 69
 22 26 27 51 72
 22 26 27 51 70 71
 22 26 27 51 56 70
 22 26 27 51 56 68 69
 22 26 27 51 54 55 70
 22 26 27 51 54 55 68 69
 22 26 27 45 60
 22 26 27 45 51
 22 26 27 43 56 60
 22 26 27 43 54 55 60
 22 26 27 43 51 56
 22 26 27 43 51 54 55
 22 26 27 29 60 70
 22 26 27 29 60 68 69
 22 26 27 29 51 70
 22 26 27 29 51 68 69
 22 26 27 29 43 60
 22 26 27 29 43 51
 21 30 56 64 66 74
 21 30 56 64 66 72 73
 21 30 56 64 65 74
 21 30 56 64 65 72 73
 21 30 54 55 64 66 74
 21 30 54 55 64 66 72 73
 21 30 54 55 64 65 74
 21 30 54 55 64 65 72 73
 21 30 47 56 64 66
 21 30 47 56 64 65
 21 30 47 54 55 64 66
 21 30 47 54 55 64 65
 21 30 39 56 64 74
 21 30 39 56 64 72 73
 21 30 39 54 55 64 74
 21 30 39 54 55 64 72 73
 21 30 39 47 56 64
 21 30 39 47 54 55 64
 21 29 30 64 66 74
 21 29 30 64 66 72 73
 21 29 30 64 65 74
 21 29 30 64 65 72 73
 21 29 30 47 64 66
 21 29 30 47 64 65
 21 29 30 39 64 74
 21 29 30 39 64 72 73
 21 29 30 39 47 64
 21 28 29 64 66 74
 21 28 29 64 66 72 73
 21 28 29 64 65 74
 21 28 29 64 65 72 73
 21 28 29 56 64 66 74
 21 28 29 56 64 66 72 73
 21 28 29 56 64 65 74
 21 28 29 56 64 65 72 73
 21 28 29 54 55 64 66 74
 21 28 29 54 55 64 66 72 73
 21 28 29 54 55 64 65 74
 21 28 29 54 55 64 65 72 73
 21 28 29 47 64 66
 21 28 29 47 64 65
 21 28 29 47 56 64 66
 21 28 29 47 56 64 65
 21 28 29 47 54 55 64 66
 21 28 29 47 54 55 64 65
 21 28 29 39 64 74
 21 28 29 39 64 72 73
 21 28 29 39 56 64 74
 21 28 29 39 56 64 72 73
 21 28 29 39 54 55 64 74
 21 28 29 39 54 55 64 72 73
 21 28 29 39 47 64
 21 28 29 39 47 56 64
 21 28 29 39 47 54 55 64
 20 28 60 72
 20 28 60 70 71
 20 28 58 72
 20 28 58 70 71
 20 28 57 58 72
 20 28 57 58 70 71
 20 28 45 60
 20 28 45 58
 20 28 45 57 58
 20 28 39 58 72
 20 28 39 58 70 71
 20 28 39 45 58
 20 28 37 38 58 72
 20 28 37 38 58 70 71
 20 28 37 38 45 58
 20 26 27 60 72
 20 26 27 60 70 71
 20 26 27 58 72
 20 26 27 58 70 71
 20 26 27 57 58 72
 20 26 27 57 58 70 71
 20 26 27 45 60
 20 26 27 45 58
 20 26 27 45 57 58
 20 26 27 39 58 72
 20 26 27 39 58 70 71
 20 26 27 39 45 58
 20 26 27 37 38 58 72
 20 26 27 37 38 58 70 71
 20 26 27 37 38 45 58
 19 20 30 56 64 66 74
 19 20 30 56 64 66 72 73
 19 20 30 56 64 65 74
 19 20 30 56 64 65 72 73
 19 20 30 54 55 64 66 74
 19 20 30 54 55 64 66 72 73
 19 20 30 54 55 64 65 74
 19 20 30 54 55 64 65 72 73
 19 20 30 47 56 64 66
 19 20 30 47 56 64 65
 19 20 30 47 54 55 64 66
 19 20 30 47 54 55 64 65
 19 20 30 39 56 64 74
 19 20 30 39 56 64 72 73
 19 20 30 39 54 55 64 74
 19 20 30 39 54 55 64 72 73
 19 20 30 39 47 56 64
 19 20 30 39 47 54 55 64
 19 20 29 30 64 66 74
 19 20 29 30 64 66 72 73
 19 20 29 30 64 65 74
 19 20 29 30 64 65 72 73
 19 20 29 30 47 64 66
 19 20 29 30 47 64 65
 19 20 29 30 39 64 74
 19 20 29 30 39 64 72 73
 19 20 29 30 39 47 64
 19 20 28 29 64 66 74
 19 20 28 29 64 66 72 73
 19 20 28 29 64 65 74
 19 20 28 29 64 65 72 73
 19 20 28 29 56 64 66 74
 19 20 28 29 56 64 66 72 73
 19 20 28 29 56 64 65 74
 19 20 28 29 56 64 65 72 73
 19 20 28 29 54 55 64 66 74
 19 20 28 29 54 55 64 66 72 73
 19 20 28 29 54 55 64 65 74
 19 20 28 29 54 55 64 65 72 73
 19 20 28 29 47 64 66
 19 20 28 29 47 64 65
 19 20 28 29 47 56 64 66
 19 20 28 29 47 56 64 65
 19 20 28 29 47 54 55 64 66
 19 20 28 29 47 54 55 64 65
 19 20 28 29 39 64 74
 19 20 28 29 39 64 72 73
 19 20 28 29 39 56 64 74
 19 20 28 29 39 56 64 72 73
 19 20 28 29 39 54 55 64 74
 19 20 28 29 39 54 55 64 72 73
 19 20 28 29 39 47 64
 19 20 28 29 39 47 56 64
 19 20 28 29 39 47 54 55 64
 18 70 72
 18 70 71
 18 68 69 72
 18 68 69 70 71
 18 60
 18 58 62 70 72
 18 58 62 70 71
 18 58 62 68 69 72
 18 58 62 68 69 70 71
 18 57 58 60 68 70
 18 57 58 60 68 69
 18 56 72 74
 18 56 72 73
 18 56 70 71 74
 18 56 70 71 72 73
 18 56 57 70 72
 18 56 57 70 71
 18 56 57 68 69 72
 18 56 57 68 69 70 71
 18 56 57 60 72
 18 56 57 60 70 71
 18 56 57 60 68 70
 18 56 57 60 68 69
 18 56 57 58
 18 56 57 58 70 72
 18 56 57 58 70 71
 18 56 57 58 68 69 72
 18 56 57 58 68 69 70 71
 18 56 57 58 62 70 72
 18 56 57 58 62 70 71
 18 56 57 58 62 68 69 72
 18 56 57 58 62 68 69 70 71
 18 56 57 58 60 72
 18 56 57 58 60 70 71
 18 54 55 56 58
 18 47 56 72
 18 47 56 70 71
 18 45 70
 18 45 68 69
 18 45 58 62 70
 18 45 58 62 68 69
 18 45 56 74
 18 45 56 72 73
 18 45 56 57 70
 18 45 56 57 68 69
 18 45 56 57 60
 18 45 56 57 58 70
 18 45 56 57 58 68 69
 18 45 56 57 58 62 70
 18 45 56 57 58 62 68 69
 18 45 56 57 58 60
 18 45 47 56
 18 43 72
 18 43 70 71
 18 43 58 62 72
 18 43 58 62 70 71
 18 43 57 58 60 68
 18 43 56 57 72
 18 43 56 57 70 71
 18 43 56 57 60 68
 18 43 56 57 58 72
 18 43 56 57 58 70 71
 18 43 56 57 58 62 72
 18 43 56 57 58 62 70 71
 18 43 45
 18 43 45 58 62
 18 43 45 56 57
 18 43 45 56 57 58
 18 43 45 56 57 58 62
 18 31 58
 18 31 58 62 70 72
 18 31 58 62 70 71
 18 31 58 62 68 69 72
 18 31 58 62 68 69 70 71
 18 31 57 60 68 70
 18 31 57 60 68 69
 18 31 56 72
 18 31 56 70 71
 18 31 56 58 72
 18 31 56 58 70 71
 18 31 56 57 72
 18 31 56 57 70 72
 18 31 56 57 68 69 72
 18 31 56 57 68 69 70 71
 18 31 56 57 60 72
 18 31 56 57 60 70 71
 18 31 45 58 62 70
 18 31 45 58 62 68 69
 18 31 45 56
 18 31 45 56 58
 18 31 45 56 57
 18 31 45 56 57 70
 18 31 45 56 57 68 69
 18 31 45 56 57 60
 18 31 43 58 62 72
 18 31 43 58 62 70 71
 18 31 43 57 60 68
 18 31 43 56 57 72
 18 31 43 56 57 70 71
 18 31 43 45 58 62
 18 31 43 45 56 57
 18 30 56 58
 18 30 56 58 70
 18 30 56 58 68 69
 18 30 56 57 58
 18 30 54 55 58 70
 18 30 54 55 58 68 69
 18 30 43 56 58
 18 30 43 54 55 58
 18 30 31 56 58
 18 29 56 58
 18 29 30 58 70
 18 29 30 58 68 69
 18 29 30 43 58
 18 28 57
 18 28 56 58 70 74
 18 28 56 58 70 72 73
 18 28 56 58 68 69 74
 18 28 56 58 68 69 72 73
 18 28 54 55 58 70 74
 18 28 54 55 58 70 72 73
 18 28 54 55 58 68 69 74
 18 28 54 55 58 68 69 72 73
 18 28 47 56 58 70
 18 28 47 56 58 68 69
 18 28 47 54 55 58 70
 18 28 47 54 55 58 68 69
 18 28 43 56 58 74
 18 28 43 56 58 72 73
 18 28 43 54 55 58 74
 18 28 43 54 55 58 72 73
 18 28 43 47 56 58
 18 28 43 47 54 55 58
 18 28 29 58 70
 18 28 29 58 70 74
 18 28 29 58 70 72 73
 18 28 29 58 68 69
 18 28 29 58 68 69 74
 18 28 29 58 68 69 72 73
 18 28 29 56 58
 18 28 29 56 58 70
 18 28 29 56 58 68 69
 18 28 29 56 57 58
 18 28 29 54 55 58 70
 18 28 29 54 55 58 68 69
 18 28 29 47 58 70
 18 28 29 47 58 68 69
 18 28 29 43 58
 18 28 29 43 58 74
 18 28 29 43 58 72 73
 18 28 29 43 56 58
 18 28 29 43 54 55 58
 18 28 29 43 47 58
 18 28 29 31 56 58
 18 26 57 58 60 70
 18 26 57 58 60 68 69
 18 26 56 57 60 70
 18 26 56 57 60 68 69
 18 26 43 57 58 60
 18 26 43 56 57 60
 18 26 31 57 60 70
 18 26 31 57 60 68 69
 18 26 31 43 57 60
 18 26 27 57
 18 26 27 56 58 70 74
 18 26 27 56 58 70 72 73
 18 26 27 56 58 68 69 74
 18 26 27 56 58 68 69 72 73
 18 26 27 54 55 58 70 74
 18 26 27 54 55 58 70 72 73
 18 26 27 54 55 58 68 69 74
 18 26 27 54 55 58 68 69 72 73
 18 26 27 47 56 58 70
 18 26 27 47 56 58 68 69
 18 26 27 47 54 55 58 70
 18 26 27 47 54 55 58 68 69
 18 26 27 43 56 58 74
 18 26 27 43 56 58 72 73
 18 26 27 43 54 55 58 74
 18 26 27 43 54 55 58 72 73
 18 26 27 43 47 56 58
 18 26 27 43 47 54 55 58
 18 26 27 29 58 70 74
 18 26 27 29 58 70 72 73
 18 26 27 29 58 68 69 74
 18 26 27 29 58 68 69 72 73
 18 26 27 29 47 58 70
 18 26 27 29 47 58 68 69
 18 26 27 29 43 58 74
 18 26 27 29 43 58 72 73
 18 26 27 29 43 47 58
 18 24 25 57 58 60 70
 18 24 25 57 58 60 68 69
 18 24 25 56 57 60 70
 18 24 25 56 57 60 68 69
 18 24 25 43 57 58 60
 18 24 25 43 56 57 60
 18 24 25 31 57 60 70
 18 24 25 31 57 60 68 69
 18 24 25 31 43 57 60
 15 58
 15 58 72
 15 58 70 71
 15 56 57 72
 15 56 57 70 71
 15 56 57 58
 15 51 60 72
 15 51 60 70 71
 15 51 58
 15 51 56 60 70
 15 51 56 60 68 69
 15 51 56 57 58
 15 51 54 55 60 70
 15 51 54 55 60 68 69
 15 49 50 60 72
 15 49 50 60 70 71
 15 49 50 58
 15 49 50 56 60 70
 15 49 50 56 60 68 69
 15 49 50 56 57 58
 15 49 50 54 55 60 70
 15 49 50 54 55 60 68 69
 15 45 58
 15 45 58 60 68 70
 15 45 58 60 68 69
 15 45 56 58
 15 45 56 58 72
 15 45 56 58 70
 15 45 56 58 70 72
 15 45 56 58 68 69
 15 45 56 58 68 69 72
 15 45 56 58 68 69 70 71
 15 45 56 58 60
 15 45 56 58 60 72
 15 45 56 58 60 70 71
 15 45 56 57 72
 15 45 56 57 70
 15 45 56 57 70 72
 15 45 56 57 68 69
 15 45 56 57 68 69 72
 15 45 56 57 68 69 70 71
 15 45 56 57 60
 15 45 56 57 60 72
 15 45 56 57 60 70 71
 15 45 56 57 60 68 70
 15 45 56 57 60 68 69
 15 45 51 60
 15 45 49 50 60
 15 43 51 56 60
 15 43 51 54 55 60
 15 43 49 50 56 60
 15 43 49 50 54 55 60
 15 43 45 58 60 68
 15 43 45 56 58
 15 43 45 56 58 72
 15 43 45 56 58 70 71
 15 43 45 56 57
 15 43 45 56 57 72
 15 43 45 56 57 70 71
 15 43 45 56 57 60 68
 15 43 44 58 60 68
 15 43 44 58 60 68 70
 15 43 44 58 60 68 69
 15 43 44 56 58 70 72
 15 43 44 56 58 70 71
 15 43 44 56 58 68 69 72
 15 43 44 56 58 68 69 70 71
 15 43 44 56 58 60 72
 15 43 44 56 58 60 70 71
 15 43 44 56 57 70 72
 15 43 44 56 57 70 71
 15 43 44 56 57 68 69 72
 15 43 44 56 57 68 69 70 71
 15 43 44 56 57 60 72
 15 43 44 56 57 60 70 71
 15 43 44 56 57 60 68
 15 43 44 56 57 60 68 70
 15 43 44 56 57 60 68 69
 15 43 44 45 56 58 70
 15 43 44 45 56 58 68 69
 15 43 44 45 56 58 60
 15 43 44 45 56 57 70
 15 43 44 45 56 57 68 69
 15 43 44 45 56 57 60
 15 39 56 72
 15 39 56 70 71
 15 39 45 56
 15 37 38 56 72
 15 37 38 56 70 71
 15 37 38 45 56
 15 31 72
 15 31 70 71
 15 31 58
 15 31 51 58
 15 31 49 50 58
 15 31 45
 15 31 45 60 68 70
 15 31 45 60 68 69
 15 31 45 56
 15 31 45 56 72
 15 31 45 56 70
 15 31 45 56 70 72
 15 31 45 56 68 69
 15 31 45 56 68 69 72
 15 31 45 56 68 69 70 71
 15 31 45 56 60
 15 31 45 56 60 72
 15 31 45 56 60 70 71
 15 31 43 45 60 68
 15 31 43 45 56
 15 31 43 45 56 72
 15 31 43 45 56 70 71
 15 31 43 44 60 68
 15 31 43 44 60 68 70
 15 31 43 44 60 68 69
 15 31 43 44 56 70 72
 15 31 43 44 56 70 71
 15 31 43 44 56 68 69 72
 15 31 43 44 56 68 69 70 71
 15 31 43 44 56 60 72
 15 31 43 44 56 60 70 71
 15 31 43 44 45 56 70
 15 31 43 44 45 56 68 69
 15 31 43 44 45 56 60
 15 29 51 60 70
 15 29 51 60 68 69
 15 29 49 50 60 70
 15 29 49 50 60 68 69
 15 29 43 51 60
 15 29 43 49 50 60
 15 28 72
 15 28 70 71
 15 28 56 70
 15 28 56 68 69
 15 28 54 55 70
 15 28 54 55 68 69
 15 28 47 58 72
 15 28 47 58 70 71
 15 28 45 47 58
 15 28 45 46 58
 15 28 45 46 58 72
 15 28 45 46 58 70 71
 15 28 43 56
 15 28 43 54 55
 15 28 43 44
 15 28 29 70
 15 28 29 68 69
 15 28 29 43
 15 26 45 58 60 70
 15 26 45 58 60 68 69
 15 26 45 56 57 60 70
 15 26 45 56 57 60 68 69
 15 26 43 45 58 60
 15 26 43 45 56 57 60
 15 26 43 44 58 60
 15 26 43 44 58 60 70
 15 26 43 44 58 60 68 69
 15 26 43 44 56 57 60
 15 26 43 44 56 57 60 70
 15 26 43 44 56 57 60 68 69
 15 26 31 45 60 70
 15 26 31 45 60 68 69
 15 26 31 43 45 60
 15 26 31 43 44 60
 15 26 31 43 44 60 70
 15 26 31 43 44 60 68 69
 15 26 27 72
 15 26 27 70 71
 15 26 27 56 70
 15 26 27 56 68 69
 15 26 27 54 55 70
 15 26 27 54 55 68 69
 15 26 27 47 58 72
 15 26 27 47 58 70 71
 15 26 27 45 47 58
 15 26 27 45 46 58
 15 26 27 45 46 58 72
 15 26 27 45 46 58 70 71
 15 26 27 43 56
 15 26 27 43 54 55
 15 26 27 43 44
 15 26 27 29 70
 15 26 27 29 68 69
 15 26 27 29 43
 15 24 60 72
 15 24 60 70 71
 15 24 58
 15 24 56 60 70
 15 24 56 60 68 69
 15 24 56 57 58
 15 24 54 55 60 70
 15 24 54 55 60 68 69
 15 24 45 60
 15 24 43 56 60
 15 24 43 54 55 60
 15 24 31 58
 15 24 29 60 70
 15 24 29 60 68 69
 15 24 29 43 60
 15 24 25 45 58 60 70
 15 24 25 45 58 60 68 69
 15 24 25 45 56 57 60 70
 15 24 25 45 56 57 60 68 69
 15 24 25 43 45 58 60
 15 24 25 43 45 56 57 60
 15 24 25 43 44 58 60
 15 24 25 43 44 58 60 70
 15 24 25 43 44 58 60 68 69
 15 24 25 43 44 56 57 60
 15 24 25 43 44 56 57 60 70
 15 24 25 43 44 56 57 60 68 69
 15 24 25 31 45 60 70
 15 24 25 31 45 60 68 69
 15 24 25 31 43 45 60
 15 24 25 31 43 44 60
 15 24 25 31 43 44 60 70
 15 24 25 31 43 44 60 68 69
 15 20 28 58 72
 15 20 28 58 70 71
 15 20 28 45 58
 15 20 26 27 58 72
 15 20 26 27 58 70 71
 15 20 26 27 45 58
 15 18 58 60 68 70
 15 18 58 60 68 69
 15 18 56 58 72
 15 18 56 58 70 72
 15 18 56 58 68 69 72
 15 18 56 58 68 69 70 71
 15 18 56 58 60 72
 15 18 56 58 60 70 71
 15 18 56 57 72
 15 18 56 57 70 72
 15 18 56 57 68 69 72
 15 18 56 57 68 69 70 71
 15 18 56 57 60 72
 15 18 56 57 60 70 71
 15 18 56 57 60 68 70
 15 18 56 57 60 68 69
 15 18 45 56 58
 15 18 45 56 58 70
 15 18 45 56 58 68 69
 15 18 45 56 58 60
 15 18 45 56 57
 15 18 45 56 57 70
 15 18 45 56 57 68 69
 15 18 45 56 57 60
 15 18 43 58 60 68
 15 18 43 56 58 72
 15 18 43 56 58 70 71
 15 18 43 56 57 72
 15 18 43 56 57 70 71
 15 18 43 56 57 60 68
 15 18 43 45 56 58
 15 18 43 45 56 57
 15 18 31 60 68 70
 15 18 31 60 68 69
 15 18 31 56 72
 15 18 31 56 70 72
 15 18 31 56 68 69 72
 15 18 31 56 68 69 70 71
 15 18 31 56 60 72
 15 18 31 56 60 70 71
 15 18 31 45 56
 15 18 31 45 56 70
 15 18 31 45 56 68 69
 15 18 31 45 56 60
 15 18 31 43 60 68
 15 18 31 43 56 72
 15 18 31 43 56 70 71
 15 18 31 43 45 56
 15 18 28
 15 18 26 58 60 70
 15 18 26 58 60 68 69
 15 18 26 56 57 60 70
 15 18 26 56 57 60 68 69
 15 18 26 43 58 60
 15 18 26 43 56 57 60
 15 18 26 31 60 70
 15 18 26 31 60 68 69
 15 18 26 31 43 60
 15 18 26 27
 15 18 24 25 58 60 70
 15 18 24 25 58 60 68 69
 15 18 24 25 56 57 60 70
 15 18 24 25 56 57 60 68 69
 15 18 24 25 43 58 60
 15 18 24 25 43 56 57 60
 15 18 24 25 31 60 70
 15 18 24 25 31 60 68 69
 15 18 24 25 31 43 60
 13 14 58
 13 14 58 72
 13 14 58 70 71
 13 14 56 57 72
 13 14 56 57 70 71
 13 14 56 57 58
 13 14 51 60 72
 13 14 51 60 70 71
 13 14 51 58
 13 14 51 56 60 70
 13 14 51 56 60 68 69
 13 14 51 56 57 58
 13 14 51 54 55 60 70
 13 14 51 54 55 60 68 69
 13 14 49 50 60 72
 13 14 49 50 60 70 71
 13 14 49 50 58
 13 14 49 50 56 60 70
 13 14 49 50 56 60 68 69
 13 14 49 50 56 57 58
 13 14 49 50 54 55 60 70
 13 14 49 50 54 55 60 68 69
 13 14 45 58
 13 14 45 58 60 68 70
 13 14 45 58 60 68 69
 13 14 45 56 58
 13 14 45 56 58 72
 13 14 45 56 58 70
 13 14 45 56 58 70 72
 13 14 45 56 58 68 69
 13 14 45 56 58 68 69 72
 13 14 45 56 58 68 69 70 71
 13 14 45 56 58 60
 13 14 45 56 58 60 72
 13 14 45 56 58 60 70 71
 13 14 45 56 57 72
 13 14 45 56 57 70
 13 14 45 56 57 70 72
 13 14 45 56 57 68 69
 13 14 45 56 57 68 69 72
 13 14 45 56 57 68 69 70 71
 13 14 45 56 57 60
 13 14 45 56 57 60 72
 13 14 45 56 57 60 70 71
 13 14 45 56 57 60 68 70
 13 14 45 56 57 60 68 69
 13 14 45 51 60
 13 14 45 49 50 60
 13 14 43 51 56 60
 13 14 43 51 54 55 60
 13 14 43 49 50 56 60
 13 14 43 49 50 54 55 60
 13 14 43 45 58 60 68
 13 14 43 45 56 58
 13 14 43 45 56 58 72
 13 14 43 45 56 58 70 71
 13 14 43 45 56 57
 13 14 43 45 56 57 72
 13 14 43 45 56 57 70 71
 13 14 43 45 56 57 60 68
 13 14 43 44 58 60 68
 13 14 43 44 58 60 68 70
 13 14 43 44 58 60 68 69
 13 14 43 44 56 58 70 72
 13 14 43 44 56 58 70 71
 13 14 43 44 56 58 68 69 72
 13 14 43 44 56 58 68 69 70 71
 13 14 43 44 56 58 60 72
 13 14 43 44 56 58 60 70 71
 13 14 43 44 56 57 70 72
 13 14 43 44 56 57 70 71
 13 14 43 44 56 57 68 69 72
 13 14 43 44 56 57 68 69 70 71
 13 14 43 44 56 57 60 72
 13 14 43 44 56 57 60 70 71
 13 14 43 44 56 57 60 68
 13 14 43 44 56 57 60 68 70
 13 14 43 44 56 57 60 68 69
 13 14 43 44 45 56 58 70
 13 14 43 44 45 56 58 68 69
 13 14 43 44 45 56 58 60
 13 14 43 44 45 56 57 70
 13 14 43 44 45 56 57 68 69
 13 14 43 44 45 56 57 60
 13 14 39 56 72
 13 14 39 56 70 71
 13 14 39 45 56
 13 14 37 38 56 72
 13 14 37 38 56 70 71
 13 14 37 38 45 56
 13 14 31 72
 13 14 31 70 71
 13 14 31 58
 13 14 31 51 58
 13 14 31 49 50 58
 13 14 31 45
 13 14 31 45 60 68 70
 13 14 31 45 60 68 69
 13 14 31 45 56
 13 14 31 45 56 72
 13 14 31 45 56 70
 13 14 31 45 56 70 72
 13 14 31 45 56 68 69
 13 14 31 45 56 68 69 72
 13 14 31 45 56 68 69 70 71
 13 14 31 45 56 60
 13 14 31 45 56 60 72
 13 14 31 45 56 60 70 71
 13 14 31 43 45 60 68
 13 14 31 43 45 56
 13 14 31 43 45 56 72
 13 14 31 43 45 56 70 71
 13 14 31 43 44 60 68
 13 14 31 43 44 60 68 70
 13 14 31 43 44 60 68 69
 13 14 31 43 44 56 70 72
 13 14 31 43 44 56 70 71
 13 14 31 43 44 56 68 69 72
 13 14 31 43 44 56 68 69 70 71
 13 14 31 43 44 56 60 72
 13 14 31 43 44 56 60 70 71
 13 14 31 43 44 45 56 70
 13 14 31 43 44 45 56 68 69
 13 14 31 43 44 45 56 60
 13 14 29 51 60 70
 13 14 29 51 60 68 69
 13 14 29 49 50 60 70
 13 14 29 49 50 60 68 69
 13 14 29 43 51 60
 13 14 29 43 49 50 60
 13 14 28 72
 13 14 28 70 71
 13 14 28 56 70
 13 14 28 56 68 69
 13 14 28 54 55 70
 13 14 28 54 55 68 69
 13 14 28 47 58 72
 13 14 28 47 58 70 71
 13 14 28 45 47 58
 13 14 28 45 46 58
 13 14 28 45 46 58 72
 13 14 28 45 46 58 70 71
 13 14 28 43 56
 13 14 28 43 54 55
 13 14 28 43 44
 13 14 28 29 70
 13 14 28 29 68 69
 13 14 28 29 43
 13 14 26 45 58 60 70
 13 14 26 45 58 60 68 69
 13 14 26 45 56 57 60 70
 13 14 26 45 56 57 60 68 69
 13 14 26 43 45 58 60
 13 14 26 43 45 56 57 60
 13 14 26 43 44 58 60
 13 14 26 43 44 58 60 70
 13 14 26 43 44 58 60 68 69
 13 14 26 43 44 56 57 60
 13 14 26 43 44 56 57 60 70
 13 14 26 43 44 56 57 60 68 69
 13 14 26 31 45 60 70
 13 14 26 31 45 60 68 69
 13 14 26 31 43 45 60
 13 14 26 31 43 44 60
 13 14 26 31 43 44 60 70
 13 14 26 31 43 44 60 68 69
 13 14 26 27 72
 13 14 26 27 70 71
 13 14 26 27 56 70
 13 14 26 27 56 68 69
 13 14 26 27 54 55 70
 13 14 26 27 54 55 68 69
 13 14 26 27 47 58 72
 13 14 26 27 47 58 70 71
 13 14 26 27 45 47 58
 13 14 26 27 45 46 58
 13 14 26 27 45 46 58 72
 13 14 26 27 45 46 58 70 71
 13 14 26 27 43 56
 13 14 26 27 43 54 55
 13 14 26 27 43 44
 13 14 26 27 29 70
 13 14 26 27 29 68 69
 13 14 26 27 29 43
 13 14 24 60 72
 13 14 24 60 70 71
 13 14 24 58
 13 14 24 56 60 70
 13 14 24 56 60 68 69
 13 14 24 56 57 58
 13 14 24 54 55 60 70
 13 14 24 54 55 60 68 69
 13 14 24 45 60
 13 14 24 43 56 60
 13 14 24 43 54 55 60
 13 14 24 31 58
 13 14 24 29 60 70
 13 14 24 29 60 68 69
 13 14 24 29 43 60
 13 14 24 25 45 58 60 70
 13 14 24 25 45 58 60 68 69
 13 14 24 25 45 56 57 60 70
 13 14 24 25 45 56 57 60 68 69
 13 14 24 25 43 45 58 60
 13 14 24 25 43 45 56 57 60
 13 14 24 25 43 44 58 60
 13 14 24 25 43 44 58 60 70
 13 14 24 25 43 44 58 60 68 69
 13 14 24 25 43 44 56 57 60
 13 14 24 25 43 44 56 57 60 70
 13 14 24 25 43 44 56 57 60 68 69
 13 14 24 25 31 45 60 70
 13 14 24 25 31 45 60 68 69
 13 14 24 25 31 43 45 60
 13 14 24 25 31 43 44 60
 13 14 24 25 31 43 44 60 70
 13 14 24 25 31 43 44 60 68 69
 13 14 20 28 58 72
 13 14 20 28 58 70 71
 13 14 20 28 45 58
 13 14 20 26 27 58 72
 13 14 20 26 27 58 70 71
 13 14 20 26 27 45 58
 13 14 18 58 60 68 70
 13 14 18 58 60 68 69
 13 14 18 56 58 72
 13 14 18 56 58 70 72
 13 14 18 56 58 68 69 72
 13 14 18 56 58 68 69 70 71
 13 14 18 56 58 60 72
 13 14 18 56 58 60 70 71
 13 14 18 56 57 72
 13 14 18 56 57 70 72
 13 14 18 56 57 68 69 72
 13 14 18 56 57 68 69 70 71
 13 14 18 56 57 60 72
 13 14 18 56 57 60 70 71
 13 14 18 56 57 60 68 70
 13 14 18 56 57 60 68 69
 13 14 18 45 56 58
 13 14 18 45 56 58 70
 13 14 18 45 56 58 68 69
 13 14 18 45 56 58 60
 13 14 18 45 56 57
 13 14 18 45 56 57 70
 13 14 18 45 56 57 68 69
 13 14 18 45 56 57 60
 13 14 18 43 58 60 68
 13 14 18 43 56 58 72
 13 14 18 43 56 58 70 71
 13 14 18 43 56 57 72
 13 14 18 43 56 57 70 71
 13 14 18 43 56 57 60 68
 13 14 18 43 45 56 58
 13 14 18 43 45 56 57
 13 14 18 31 60 68 70
 13 14 18 31 60 68 69
 13 14 18 31 56 72
 13 14 18 31 56 70 72
 13 14 18 31 56 68 69 72
 13 14 18 31 56 68 69 70 71
 13 14 18 31 56 60 72
 13 14 18 31 56 60 70 71
 13 14 18 31 45 56
 13 14 18 31 45 56 70
 13 14 18 31 45 56 68 69
 13 14 18 31 45 56 60
 13 14 18 31 43 60 68
 13 14 18 31 43 56 72
 13 14 18 31 43 56 70 71
 13 14 18 31 43 45 56
 13 14 18 28
 13 14 18 26 58 60 70
 13 14 18 26 58 60 68 69
 13 14 18 26 56 57 60 70
 13 14 18 26 56 57 60 68 69
 13 14 18 26 43 58 60
 13 14 18 26 43 56 57 60
 13 14 18 26 31 60 70
 13 14 18 26 31 60 68 69
 13 14 18 26 31 43 60
 13 14 18 26 27
 13 14 18 24 25 58 60 70
 13 14 18 24 25 58 60 68 69
 13 14 18 24 25 56 57 60 70
 13 14 18 24 25 56 57 60 68 69
 13 14 18 24 25 43 58 60
 13 14 18 24 25 43 56 57 60
 13 14 18 24 25 31 60 70
 13 14 18 24 25 31 60 68 69
 13 14 18 24 25 31 43 60
 12 56 72
 12 56 70 71
 12 56 57 72
 12 56 57 70 71
 12 45 56
 12 45 56 57
 12 28 47 58 72
 12 28 47 58 70 71
 12 28 45 47 58
 12 28 45 46 58
 12 28 45 46 58 72
 12 28 45 46 58 70 71
 12 26 27 47 58 72
 12 26 27 47 58 70 71
 12 26 27 45 47 58
 12 26 27 45 46 58
 12 26 27 45 46 58 72
 12 26 27 45 46 58 70 71
 12 20 28 58 72
 12 20 28 58 70 71
 12 20 28 45 58
 12 20 26 27 58 72
 12 20 26 27 58 70 71
 12 20 26 27 45 58
 12 15 56 72
 12 15 56 70 71
 12 15 45 56
 12 13 14 56 72
 12 13 14 56 70 71
 12 13 14 45 56
 10 56 58 62 64 70
 10 56 58 62 64 68 69
 10 56 57 62 64 70
 10 56 57 62 64 68 69
 10 43 56 58 62 64
 10 43 56 57 62 64
 10 31 56 62 64 70
 10 31 56 62 64 68 69
 10 31 43 56 62 64
 9 28 72
 9 28 70 72
 9 28 68 69 72
 9 28 68 69 70 71
 9 28 51 56 72
 9 28 51 56 70
 9 28 51 56 70 71
 9 28 51 56 68 69
 9 28 51 54 55 56 70
 9 28 51 54 55 56 68 69
 9 28 49 50 56 72
 9 28 49 50 56 70
 9 28 49 50 56 70 71
 9 28 49 50 56 68 69
 9 28 49 50 54 55 56 70
 9 28 49 50 54 55 56 68 69
 9 28 45
 9 28 45 70
 9 28 45 68 69
 9 28 45 51 56
 9 28 45 49 50 56
 9 28 43 72
 9 28 43 70 71
 9 28 43 51 56
 9 28 43 51 54 55 56
 9 28 43 49 50 56
 9 28 43 49 50 54 55 56
 9 28 43 45
 9 28 29 51 56 70
 9 28 29 51 56 68 69
 9 28 29 49 50 56 70
 9 28 29 49 50 56 68 69
 9 28 29 43 51 56
 9 28 29 43 49 50 56
 9 26 27 72
 9 26 27 70 72
 9 26 27 68 69 72
 9 26 27 68 69 70 71
 9 26 27 51 56 72
 9 26 27 51 56 70
 9 26 27 51 56 70 71
 9 26 27 51 56 68 69
 9 26 27 51 54 55 56 70
 9 26 27 51 54 55 56 68 69
 9 26 27 49 50 56 72
 9 26 27 49 50 56 70
 9 26 27 49 50 56 70 71
 9 26 27 49 50 56 68 69
 9 26 27 49 50 54 55 56 70
 9 26 27 49 50 54 55 56 68 69
 9 26 27 45
 9 26 27 45 70
 9 26 27 45 68 69
 9 26 27 45 51 56
 9 26 27 45 49 50 56
 9 26 27 43 72
 9 26 27 43 70 71
 9 26 27 43 51 56
 9 26 27 43 51 54 55 56
 9 26 27 43 49 50 56
 9 26 27 43 49 50 54 55 56
 9 26 27 43 45
 9 26 27 29 51 56 70
 9 26 27 29 51 56 68 69
 9 26 27 29 49 50 56 70
 9 26 27 29 49 50 56 68 69
 9 26 27 29 43 51 56
 9 26 27 29 43 49 50 56
 9 24 28 56 72
 9 24 28 56 70
 9 24 28 56 70 71
 9 24 28 56 68 69
 9 24 28 54 55 56 70
 9 24 28 54 55 56 68 69
 9 24 28 45 56
 9 24 28 43 56
 9 24 28 43 54 55 56
 9 24 28 29 56 70
 9 24 28 29 56 68 69
 9 24 28 29 43 56
 9 24 26 27 56 72
 9 24 26 27 56 70
 9 24 26 27 56 70 71
 9 24 26 27 56 68 69
 9 24 26 27 54 55 56 70
 9 24 26 27 54 55 56 68 69
 9 24 26 27 45 56
 9 24 26 27 43 56
 9 24 26 27 43 54 55 56
 9 24 26 27 29 56 70
 9 24 26 27 29 56 68 69
 9 24 26 27 29 43 56
 9 22 28 72
 9 22 28 70 71
 9 22 28 56 70
 9 22 28 56 68 69
 9 22 28 54 55 70
 9 22 28 54 55 68 69
 9 22 28 45
 9 22 28 43 56
 9 22 28 43 54 55
 9 22 28 29 70
 9 22 28 29 68 69
 9 22 28 29 43
 9 22 26 27 72
 9 22 26 27 70 71
 9 22 26 27 56 70
 9 22 26 27 56 68 69
 9 22 26 27 54 55 70
 9 22 26 27 54 55 68 69
 9 22 26 27 45
 9 22 26 27 43 56
 9 22 26 27 43 54 55
 9 22 26 27 29 70
 9 22 26 27 29 68 69
 9 22 26 27 29 43
 7 8 28 72
 7 8 28 70 72
 7 8 28 68 69 72
 7 8 28 68 69 70 71
 7 8 28 51 56 72
 7 8 28 51 56 70
 7 8 28 51 56 70 71
 7 8 28 51 56 68 69
 7 8 28 51 54 55 56 70
 7 8 28 51 54 55 56 68 69
 7 8 28 49 50 56 72
 7 8 28 49 50 56 70
 7 8 28 49 50 56 70 71
 7 8 28 49 50 56 68 69
 7 8 28 49 50 54 55 56 70
 7 8 28 49 50 54 55 56 68 69
 7 8 28 45
 7 8 28 45 70
 7 8 28 45 68 69
 7 8 28 45 51 56
 7 8 28 45 49 50 56
 7 8 28 43 72
 7 8 28 43 70 71
 7 8 28 43 51 56
 7 8 28 43 51 54 55 56
 7 8 28 43 49 50 56
 7 8 28 43 49 50 54 55 56
 7 8 28 43 45
 7 8 28 29 51 56 70
 7 8 28 29 51 56 68 69
 7 8 28 29 49 50 56 70
 7 8 28 29 49 50 56 68 69
 7 8 28 29 43 51 56
 7 8 28 29 43 49 50 56
 7 8 26 27 72
 7 8 26 27 70 72
 7 8 26 27 68 69 72
 7 8 26 27 68 69 70 71
 7 8 26 27 51 56 72
 7 8 26 27 51 56 70
 7 8 26 27 51 56 70 71
 7 8 26 27 51 56 68 69
 7 8 26 27 51 54 55 56 70
 7 8 26 27 51 54 55 56 68 69
 7 8 26 27 49 50 56 72
 7 8 26 27 49 50 56 70
 7 8 26 27 49 50 56 70 71
 7 8 26 27 49 50 56 68 69
 7 8 26 27 49 50 54 55 56 70
 7 8 26 27 49 50 54 55 56 68 69
 7 8 26 27 45
 7 8 26 27 45 70
 7 8 26 27 45 68 69
 7 8 26 27 45 51 56
 7 8 26 27 45 49 50 56
 7 8 26 27 43 72
 7 8 26 27 43 70 71
 7 8 26 27 43 51 56
 7 8 26 27 43 51 54 55 56
 7 8 26 27 43 49 50 56
 7 8 26 27 43 49 50 54 55 56
 7 8 26 27 43 45
 7 8 26 27 29 51 56 70
 7 8 26 27 29 51 56 68 69
 7 8 26 27 29 49 50 56 70
 7 8 26 27 29 49 50 56 68 69
 7 8 26 27 29 43 51 56
 7 8 26 27 29 43 49 50 56
 7 8 24 28 56 72
 7 8 24 28 56 70
 7 8 24 28 56 70 71
 7 8 24 28 56 68 69
 7 8 24 28 54 55 56 70
 7 8 24 28 54 55 56 68 69
 7 8 24 28 45 56
 7 8 24 28 43 56
 7 8 24 28 43 54 55 56
 7 8 24 28 29 56 70
 7 8 24 28 29 56 68 69
 7 8 24 28 29 43 56
 7 8 24 26 27 56 72
 7 8 24 26 27 56 70
 7 8 24 26 27 56 70 71
 7 8 24 26 27 56 68 69
 7 8 24 26 27 54 55 56 70
 7 8 24 26 27 54 55 56 68 69
 7 8 24 26 27 45 56
 7 8 24 26 27 43 56
 7 8 24 26 27 43 54 55 56
 7 8 24 26 27 29 56 70
 7 8 24 26 27 29 56 68 69
 7 8 24 26 27 29 43 56
 7 8 22 28 72
 7 8 22 28 70 71
 7 8 22 28 56 70
 7 8 22 28 56 68 69
 7 8 22 28 54 55 70
 7 8 22 28 54 55 68 69
 7 8 22 28 45
 7 8 22 28 43 56
 7 8 22 28 43 54 55
 7 8 22 28 29 70
 7 8 22 28 29 68 69
 7 8 22 28 29 43
 7 8 22 26 27 72
 7 8 22 26 27 70 71
 7 8 22 26 27 56 70
 7 8 22 26 27 56 68 69
 7 8 22 26 27 54 55 70
 7 8 22 26 27 54 55 68 69
 7 8 22 26 27 45
 7 8 22 26 27 43 56
 7 8 22 26 27 43 54 55
 7 8 22 26 27 29 70
 7 8 22 26 27 29 68 69
 7 8 22 26 27 29 43
 5 28 58
 5 26 27 58
 3 56 63 64 66 74
 3 56 63 64 66 72 73
 3 56 63 64 65 74
 3 56 63 64 65 72 73
 3 54 55 63 64 66 74
 3 54 55 63 64 66 72 73
 3 54 55 63 64 65 74
 3 54 55 63 64 65 72 73
 3 47 56 63 64 66
 3 47 56 63 64 65
 3 47 54 55 63 64 66
 3 47 54 55 63 64 65
 3 45 56 58
 3 45 56 58 70
 3 45 56 58 68 69
 3 45 56 57 58
 3 45 54 55 58 70
 3 45 54 55 58 68 69
 3 43 45 56 58
 3 43 45 54 55 58
 3 43 44 56 58 70
 3 43 44 56 58 68 69
 3 43 44 56 57 58
 3 43 44 54 55 58
 3 43 44 54 55 58 70
 3 43 44 54 55 58 68 69
 3 39 56 63 64 74
 3 39 56 63 64 72 73
 3 39 54 55 63 64 74
 3 39 54 55 63 64 72 73
 3 39 47 56 63 64
 3 39 47 54 55 63 64
 3 31 45 56 58
 3 31 43 44 56 58
 3 29 63 64 66 74
 3 29 63 64 66 72 73
 3 29 63 64 65 74
 3 29 63 64 65 72 73
 3 29 47 63 64 66
 3 29 47 63 64 65
 3 29 45 58 70
 3 29 45 58 68 69
 3 29 43 45 58
 3 29 43 44 58
 3 29 43 44 58 70
 3 29 43 44 58 68 69
 3 29 39 63 64 74
 3 29 39 63 64 72 73
 3 29 39 47 63 64
 3 21 56 64 66 74
 3 21 56 64 66 72 73
 3 21 56 64 65 74
 3 21 56 64 65 72 73
 3 21 54 55 64 66 74
 3 21 54 55 64 66 72 73
 3 21 54 55 64 65 74
 3 21 54 55 64 65 72 73
 3 21 47 56 64 66
 3 21 47 56 64 65
 3 21 47 54 55 64 66
 3 21 47 54 55 64 65
 3 21 39 56 64 74
 3 21 39 56 64 72 73
 3 21 39 54 55 64 74
 3 21 39 54 55 64 72 73
 3 21 39 47 56 64
 3 21 39 47 54 55 64
 3 21 29 64 66 74
 3 21 29 64 66 72 73
 3 21 29 64 65 74
 3 21 29 64 65 72 73
 3 21 29 47 64 66
 3 21 29 47 64 65
 3 21 29 39 64 74
 3 21 29 39 64 72 73
 3 21 29 39 47 64
 3 19 20 56 64 66 74
 3 19 20 56 64 66 72 73
 3 19 20 56 64 65 74
 3 19 20 56 64 65 72 73
 3 19 20 54 55 64 66 74
 3 19 20 54 55 64 66 72 73
 3 19 20 54 55 64 65 74
 3 19 20 54 55 64 65 72 73
 3 19 20 47 56 64 66
 3 19 20 47 56 64 65
 3 19 20 47 54 55 64 66
 3 19 20 47 54 55 64 65
 3 19 20 39 56 64 74
 3 19 20 39 56 64 72 73
 3 19 20 39 54 55 64 74
 3 19 20 39 54 55 64 72 73
 3 19 20 39 47 56 64
 3 19 20 39 47 54 55 64
 3 19 20 29 64 66 74
 3 19 20 29 64 66 72 73
 3 19 20 29 64 65 74
 3 19 20 29 64 65 72 73
 3 19 20 29 47 64 66
 3 19 20 29 47 64 65
 3 19 20 29 39 64 74
 3 19 20 29 39 64 72 73
 3 19 20 29 39 47 64
 3 18 56 58
 3 18 56 58 70
 3 18 56 58 68 69
 3 18 56 57 58
 3 18 54 55 58 70
 3 18 54 55 58 68 69
 3 18 43 56 58
 3 18 43 54 55 58
 3 18 31 56 58
 3 18 29 58 70
 3 18 29 58 68 69
 3 18 29 43 58
 1 72
 1 70 71
 1 60 70 72
 1 60 70 71
 1 60 68 69 72
 1 60 68 69 70 71
 1 58
 1 58 72
 1 58 70 71
 1 58 60 72
 1 58 60 70 71
 1 57 72
 1 57 70 71
 1 56 70
 1 56 68 69
 1 56 60 72
 1 56 60 70 71
 1 56 58 70
 1 56 58 68 69
 1 56 57 70
 1 56 57 68 69
 1 56 57 60 72
 1 56 57 60 70 71
 1 56 57 58
 1 56 57 58 72
 1 56 57 58 70 71
 1 54 55 70
 1 54 55 68 69
 1 54 55 60 70
 1 54 55 60 68 69
 1 54 55 58 70
 1 54 55 58 68 69
 1 54 55 57 70
 1 54 55 57 68 69
 1 54 55 56 60 70
 1 54 55 56 60 68 69
 1 51 72
 1 51 70 72
 1 51 68 69 72
 1 51 68 69 70 71
 1 51 56 72
 1 51 56 70
 1 51 56 70 71
 1 51 56 68 69
 1 51 56 60 72
 1 51 56 60 70
 1 51 56 60 70 71
 1 51 56 60 68 69
 1 51 54 55 56 70
 1 51 54 55 56 68 69
 1 51 54 55 56 60 70
 1 51 54 55 56 60 68 69
 1 49 50 56 60 72
 1 49 50 56 60 70
 1 49 50 56 60 70 71
 1 49 50 56 60 68 69
 1 49 50 54 55 56 60 70
 1 49 50 54 55 56 60 68 69
 1 49 50 51 56 72
 1 49 50 51 56 70
 1 49 50 51 56 70 71
 1 49 50 51 56 68 69
 1 49 50 51 54 55 56 70
 1 49 50 51 54 55 56 68 69
 1 47 60 72
 1 47 60 70 71
 1 47 58 72
 1 47 58 70 71
 1 47 57 58 72
 1 47 57 58 70 71
 1 45
 1 45 60 70
 1 45 60 68 69
 1 45 58
 1 45 58 60
 1 45 56 60
 1 45 56 58 70 74
 1 45 56 58 70 72 73
 1 45 56 58 68 69 74
 1 45 56 58 68 69 72 73
 1 45 56 57 60
 1 45 56 57 58
 1 45 54 55 58 70 74
 1 45 54 55 58 70 72 73
 1 45 54 55 58 68 69 74
 1 45 54 55 58 68 69 72 73
 1 45 51
 1 45 51 70
 1 45 51 68 69
 1 45 51 56
 1 45 51 56 60
 1 45 49 50 56 60
 1 45 49 50 51 56
 1 45 47 60
 1 45 47 58
 1 45 47 57 58
 1 45 47 56 58 70
 1 45 47 56 58 68 69
 1 45 47 54 55 58 70
 1 45 47 54 55 58 68 69
 1 45 46 60
 1 45 46 60 72
 1 45 46 60 70 71
 1 45 46 58
 1 45 46 58 72
 1 45 46 58 70 71
 1 45 46 57 58
 1 45 46 57 58 72
 1 45 46 57 58 70 71
 1 43 60 72
 1 43 60 70 71
 1 43 56
 1 43 56 58
 1 43 56 57
 1 43 54 55
 1 43 54 55 60
 1 43 54 55 58
 1 43 54 55 57
 1 43 54 55 56 60
 1 43 51 72
 1 43 51 70 71
 1 43 51 56
 1 43 51 56 60
 1 43 51 54 55 56
 1 43 51 54 55 56 60
 1 43 49 50 56 60
 1 43 49 50 54 55 56 60
 1 43 49 50 51 56
 1 43 49 50 51 54 55 56
 1 43 45 60
 1 43 45 56 58 74
 1 43 45 56 58 72 73
 1 43 45 54 55 58 74
 1 43 45 54 55 58 72 73
 1 43 45 51
 1 43 45 47 56 58
 1 43 45 47 54 55 58
 1 43 44 57
 1 43 44 56 58 74
 1 43 44 56 58 72 73
 1 43 44 56 58 70 74
 1 43 44 56 58 70 72 73
 1 43 44 56 58 68 69 74
 1 43 44 56 58 68 69 72 73
 1 43 44 54 55 58 74
 1 43 44 54 55 58 72 73
 1 43 44 54 55 58 70 74
 1 43 44 54 55 58 70 72 73
 1 43 44 54 55 58 68 69 74
 1 43 44 54 55 58 68 69 72 73
 1 43 44 47 56 58
 1 43 44 47 56 58 70
 1 43 44 47 56 58 68 69
 1 43 44 47 54 55 58
 1 43 44 47 54 55 58 70
 1 43 44 47 54 55 58 68 69
 1 39 47 58 72
 1 39 47 58 70 71
 1 39 45 47 58
 1 39 45 46 58
 1 39 45 46 58 72
 1 39 45 46 58 70 71
 1 37 72
 1 37 70 71
 1 37 56 70
 1 37 56 68 69
 1 37 54 55 70
 1 37 54 55 68 69
 1 37 45
 1 37 43 56
 1 37 43 54 55
 1 37 38 47 58 72
 1 37 38 47 58 70 71
 1 37 38 45 47 58
 1 37 38 45 46 58
 1 37 38 45 46 58 72
 1 37 38 45 46 58 70 71
 1 32 58
 1 31 60 72
 1 31 60 70 71
 1 31 58
 1 31 58 72
 1 31 58 70 71
 1 31 45 60
 1 31 45 58
 1 30 31 58
 1 29 70
 1 29 68 69
 1 29 60 70
 1 29 60 68 69
 1 29 58 70
 1 29 58 68 69
 1 29 57 70
 1 29 57 68 69
 1 29 56 60 70
 1 29 56 60 68 69
 1 29 51 56 70
 1 29 51 56 68 69
 1 29 51 56 60 70
 1 29 51 56 60 68 69
 1 29 49 50 56 60 70
 1 29 49 50 56 60 68 69
 1 29 49 50 51 56 70
 1 29 49 50 51 56 68 69
 1 29 45 58 70 74
 1 29 45 58 70 72 73
 1 29 45 58 68 69 74
 1 29 45 58 68 69 72 73
 1 29 45 47 58 70
 1 29 45 47 58 68 69
 1 29 43
 1 29 43 60
 1 29 43 58
 1 29 43 57
 1 29 43 56 60
 1 29 43 51 56
 1 29 43 51 56 60
 1 29 43 49 50 56 60
 1 29 43 49 50 51 56
 1 29 43 45 58 74
 1 29 43 45 58 72 73
 1 29 43 45 47 58
 1 29 43 44 58 74
 1 29 43 44 58 72 73
 1 29 43 44 58 70 74
 1 29 43 44 58 70 72 73
 1 29 43 44 58 68 69 74
 1 29 43 44 58 68 69 72 73
 1 29 43 44 47 58
 1 29 43 44 47 58 70
 1 29 43 44 47 58 68 69
 1 29 37 70
 1 29 37 68 69
 1 29 37 43
 1 24 56 60 72
 1 24 56 60 70
 1 24 56 60 70 71
 1 24 56 60 68 69
 1 24 54 55 56 60 70
 1 24 54 55 56 60 68 69
 1 24 51 56 72
 1 24 51 56 70
 1 24 51 56 70 71
 1 24 51 56 68 69
 1 24 51 54 55 56 70
 1 24 51 54 55 56 68 69
 1 24 45 56 60
 1 24 45 51 56
 1 24 43 56 60
 1 24 43 54 55 56 60
 1 24 43 51 56
 1 24 43 51 54 55 56
 1 24 29 56 60 70
 1 24 29 56 60 68 69
 1 24 29 51 56 70
 1 24 29 51 56 68 69
 1 24 29 43 56 60
 1 24 29 43 51 56
 1 22 60 72
 1 22 60 70 71
 1 22 56 60 70
 1 22 56 60 68 69
 1 22 54 55 60 70
 1 22 54 55 60 68 69
 1 22 51 72
 1 22 51 70 71
 1 22 51 56 70
 1 22 51 56 68 69
 1 22 51 54 55 70
 1 22 51 54 55 68 69
 1 22 45 60
 1 22 45 51
 1 22 43 56 60
 1 22 43 54 55 60
 1 22 43 51 56
 1 22 43 51 54 55
 1 22 29 60 70
 1 22 29 60 68 69
 1 22 29 51 70
 1 22 29 51 68 69
 1 22 29 43 60
 1 22 29 43 51
 1 20 60 72
 1 20 60 70 71
 1 20 58 72
 1 20 58 70 71
 1 20 57 58 72
 1 20 57 58 70 71
 1 20 45 60
 1 20 45 58
 1 20 45 57 58
 1 20 39 58 72
 1 20 39 58 70 71
 1 20 39 45 58
 1 20 37 38 58 72
 1 20 37 38 58 70 71
 1 20 37 38 45 58
 1 18 57
 1 18 56 58 70 74
 1 18 56 58 70 72 73
 1 18 56 58 68 69 74
 1 18 56 58 68 69 72 73
 1 18 54 55 58 70 74
 1 18 54 55 58 70 72 73
 1 18 54 55 58 68 69 74
 1 18 54 55 58 68 69 72 73
 1 18 47 56 58 70
 1 18 47 56 58 68 69
 1 18 47 54 55 58 70
 1 18 47 54 55 58 68 69
 1 18 43 56 58 74
 1 18 43 56 58 72 73
 1 18 43 54 55 58 74
 1 18 43 54 55 58 72 73
 1 18 43 47 56 58
 1 18 43 47 54 55 58
 1 18 29 58 70 74
 1 18 29 58 70 72 73
 1 18 29 58 68 69 74
 1 18 29 58 68 69 72 73
 1 18 29 47 58 70
 1 18 29 47 58 68 69
 1 18 29 43 58 74
 1 18 29 43 58 72 73
 1 18 29 43 47 58
 1 15 72
 1 15 70 71
 1 15 56 70
 1 15 56 68 69
 1 15 54 55 70
 1 15 54 55 68 69
 1 15 47 58 72
 1 15 47 58 70 71
 1 15 45 47 58
 1 15 45 46 58
 1 15 45 46 58 72
 1 15 45 46 58 70 71
 1 15 43 56
 1 15 43 54 55
 1 15 43 44
 1 15 29 70
 1 15 29 68 69
 1 15 29 43
 1 15 20 58 72
 1 15 20 58 70 71
 1 15 20 45 58
 1 15 18
 1 13 14 72
 1 13 14 70 71
 1 13 14 56 70
 1 13 14 56 68 69
 1 13 14 54 55 70
 1 13 14 54 55 68 69
 1 13 14 47 58 72
 1 13 14 47 58 70 71
 1 13 14 45 47 58
 1 13 14 45 46 58
 1 13 14 45 46 58 72
 1 13 14 45 46 58 70 71
 1 13 14 43 56
 1 13 14 43 54 55
 1 13 14 43 44
 1 13 14 29 70
 1 13 14 29 68 69
 1 13 14 29 43
 1 13 14 20 58 72
 1 13 14 20 58 70 71
 1 13 14 20 45 58
 1 13 14 18
 1 12 47 58 72
 1 12 47 58 70 71
 1 12 45 47 58
 1 12 45 46 58
 1 12 45 46 58 72
 1 12 45 46 58 70 71
 1 12 20 58 72
 1 12 20 58 70 71
 1 12 20 45 58
 1 9 72
 1 9 70 72
 1 9 68 69 72
 1 9 68 69 70 71
 1 9 51 56 72
 1 9 51 56 70
 1 9 51 56 70 71
 1 9 51 56 68 69
 1 9 51 54 55 56 70
 1 9 51 54 55 56 68 69
 1 9 49 50 56 72
 1 9 49 50 56 70
 1 9 49 50 56 70 71
 1 9 49 50 56 68 69
 1 9 49 50 54 55 56 70
 1 9 49 50 54 55 56 68 69
 1 9 45
 1 9 45 70
 1 9 45 68 69
 1 9 45 51 56
 1 9 45 49 50 56
 1 9 43 72
 1 9 43 70 71
 1 9 43 51 56
 1 9 43 51 54 55 56
 1 9 43 49 50 56
 1 9 43 49 50 54 55 56
 1 9 43 45
 1 9 29 51 56 70
 1 9 29 51 56 68 69
 1 9 29 49 50 56 70
 1 9 29 49 50 56 68 69
 1 9 29 43 51 56
 1 9 29 43 49 50 56
 1 9 24 56 72
 1 9 24 56 70
 1 9 24 56 70 71
 1 9 24 56 68 69
 1 9 24 54 55 56 70
 1 9 24 54 55 56 68 69
 1 9 24 45 56
 1 9 24 43 56
 1 9 24 43 54 55 56
 1 9 24 29 56 70
 1 9 24 29 56 68 69
 1 9 24 29 43 56
 1 9 22 72
 1 9 22 70 71
 1 9 22 56 70
 1 9 22 56 68 69
 1 9 22 54 55 70
 1 9 22 54 55 68 69
 1 9 22 45
 1 9 22 43 56
 1 9 22 43 54 55
 1 9 22 29 70
 1 9 22 29 68 69
 1 9 22 29 43
 1 7 8 72
 1 7 8 70 72
 1 7 8 68 69 72
 1 7 8 68 69 70 71
 1 7 8 51 56 72
 1 7 8 51 56 70
 1 7 8 51 56 70 71
 1 7 8 51 56 68 69
 1 7 8 51 54 55 56 70
 1 7 8 51 54 55 56 68 69
 1 7 8 49 50 56 72
 1 7 8 49 50 56 70
 1 7 8 49 50 56 70 71
 1 7 8 49 50 56 68 69
 1 7 8 49 50 54 55 56 70
 1 7 8 49 50 54 55 56 68 69
 1 7 8 45
 1 7 8 45 70
 1 7 8 45 68 69
 1 7 8 45 51 56
 1 7 8 45 49 50 56
 1 7 8 43 72
 1 7 8 43 70 71
 1 7 8 43 51 56
 1 7 8 43 51 54 55 56
 1 7 8 43 49 50 56
 1 7 8 43 49 50 54 55 56
 1 7 8 43 45
 1 7 8 29 51 56 70
 1 7 8 29 51 56 68 69
 1 7 8 29 49 50 56 70
 1 7 8 29 49 50 56 68 69
 1 7 8 29 43 51 56
 1 7 8 29 43 49 50 56
 1 7 8 24 56 72
 1 7 8 24 56 70
 1 7 8 24 56 70 71
 1 7 8 24 56 68 69
 1 7 8 24 54 55 56 70
 1 7 8 24 54 55 56 68 69
 1 7 8 24 45 56
 1 7 8 24 43 56
 1 7 8 24 43 54 55 56
 1 7 8 24 29 56 70
 1 7 8 24 29 56 68 69
 1 7 8 24 29 43 56
 1 7 8 22 72
 1 7 8 22 70 71
 1 7 8 22 56 70
 1 7 8 22 56 68 69
 1 7 8 22 54 55 70
 1 7 8 22 54 55 68 69
 1 7 8 22 45
 1 7 8 22 43 56
 1 7 8 22 43 54 55
 1 7 8 22 29 70
 1 7 8 22 29 68 69
 1 7 8 22 29 43
 1 5 58
