
 72
 70 71
 64 72
 64 70 71
 60 72
 60 70 71
 59 72
 59 70 71
 58
 58 73
 58 71 72
 58 70
 58 70 72
 58 70 71
 58 69 72
 58 69 70 71
 58 68 69
 58 68 69 72
 58 68 69 70 71
 58 67 68 72
 58 67 68 70 71
 58 64
 58 64 73
 58 64 71 72
 58 60 72
 58 60 70 71
 58 60 64 70
 58 60 64 68 69
 58 59 70
 58 59 68 69
 57 72
 57 70
 57 70 72
 57 68 69
 57 68 69 72
 57 68 69 70 71
 57 62 64 70 72
 57 62 64 70 71
 57 62 64 68 69 72
 57 62 64 68 69 70 71
 57 62 63 70 72
 57 62 63 70 71
 57 62 63 68 69 72
 57 62 63 68 69 70 71
 57 58 72
 57 58 70
 57 58 70 71
 57 58 68 69
 57 58 67 72
 57 58 67 70 71
 57 58 64
 57 58 64 72
 57 58 64 70 71
 57 58 62
 57 58 62 73
 57 58 62 71 72
 57 58 60 64 72
 57 58 60 64 70 71
 57 58 60 62 70
 57 58 60 62 68 69
 56 70
 56 68 72
 56 68 70 71
 56 68 69
 56 64 72
 56 64 70 71
 56 62 68 72
 56 62 68 70 71
 56 62 64 72
 56 62 64 70 71
 56 58
 56 58 70
 56 58 70 73
 56 58 70 72
 56 58 70 71 72
 56 58 69 70
 56 58 68 69
 56 58 68 69 73
 56 58 68 69 72
 56 58 68 69 71
 56 58 68 69 71 72
 56 58 68 69 70
 56 58 68 69 70 71
 56 58 59 70
 56 58 59 68 69
 56 57 70 72
 56 57 70 71
 56 57 68 69 72
 56 57 68 69 70 71
 56 57 62 70
 56 57 62 68 69
 56 57 62 64 70
 56 57 62 64 68 69
 56 57 62 63 70
 56 57 62 63 68 69
 56 57 60 64 70
 56 57 60 64 68 69
 56 57 60 62 70
 56 57 60 62 68 69
 56 57 58
 56 57 58 72
 56 57 58 69 70
 56 57 58 68 69 71
 56 57 58 68 69 70
 56 57 58 59 72
 56 57 58 59 70 71
 55 58
 55 58 64
 55 57 58 72
 55 57 58 70 71
 55 57 58 62
 55 57 58 60 72
 55 57 58 60 70 71
 55 56 72
 55 56 70 71
 55 56 58
 55 56 58 70
 55 56 58 68 69
 55 56 57 58
 54 72
 54 70 71
 54 55 58
 54 55 58 70
 54 55 58 70 73
 54 55 58 70 72
 54 55 58 70 71
 54 55 58 70 71 72
 54 55 58 68 69
 54 55 58 68 69 73
 54 55 58 68 69 72
 54 55 58 68 69 71 72
 54 55 58 68 69 70 71
 54 55 58 59 70
 54 55 58 59 68 69
 54 55 56 57 58 70
 54 55 56 57 58 68 69
 53 57 58 60 70
 53 57 58 60 68 69
 53 56 57 60 70
 53 56 57 60 68 69
 51 57 58 60 70
 51 57 58 60 68 69
 51 56 57 60 70
 51 56 57 60 68 69
 50 51 57 58 60 70
 50 51 57 58 60 68 69
 50 51 56 57 60 70
 50 51 56 57 60 68 69
 49 50 57 58 60 70
 49 50 57 58 60 68 69
 49 50 56 57 60 70
 49 50 56 57 60 68 69
 49 50 52 57 58 60 70
 49 50 52 57 58 60 68 69
 49 50 52 56 57 60 70
 49 50 52 56 57 60 68 69
 49 50 51 57 58 60 70
 49 50 51 57 58 60 68 69
 49 50 51 56 57 60 70
 49 50 51 56 57 60 68 69
 47 58
 47 58 72
 47 58 70 71
 47 58 69
 47 58 67 68
 47 58 64 70
 47 58 64 68 69
 47 58 60
 47 57 58
 47 56 58
 47 56 58 73
 47 56 58 71 72
 47 56 58 70
 47 56 58 68 69
 47 56 57 64 70
 47 56 57 64 68 69
 47 56 57 58
 47 56 57 58 70
 47 56 57 58 68 69
 47 56 57 58 59
 47 55 58 70
 47 55 58 68 69
 47 55 56 58
 47 55 56 57 70
 47 55 56 57 68 69
 47 54 55 58
 47 54 55 58 70
 47 54 55 58 68 69
 47 54 55 56 57 58 70
 47 54 55 56 57 58 68 69
 47 51 58
 47 51 56 57 58
 47 49 50 58
 47 49 50 56 57 58
 46 58
 46 58 64
 46 57 58 62
 46 56 58 70
 46 56 58 68 69
 46 54 55 58 70
 46 54 55 58 68 69
 46 47 56 58
 45
 45 68
 45 66 67
 45 64
 45 62
 45 62 70
 45 62 68 69
 45 60
 45 60 72
 45 60 70
 45 60 70 71
 45 60 68 69
 45 59
 45 59 72
 45 59 70 71
 45 58
 45 58 74
 45 58 72
 45 58 72 74
 45 58 70 71
 45 58 70 71 74
 45 58 70 71 72 73
 45 58 69
 45 58 67
 45 58 67 72
 45 58 67 70 71
 45 58 67 68
 45 58 62
 45 58 62 72
 45 58 62 70 71
 45 58 60
 45 57
 45 57 62 64 70
 45 57 62 64 68 69
 45 57 62 63 70
 45 57 62 63 68 69
 45 57 58
 45 57 58
 45 57 58 74
 45 57 58 72 73
 45 57 58 70
 45 57 58 68 69
 45 57 58 67
 45 57 58 64
 45 57 58 60
 45 57 58 60 64
 45 57 58 59
 45 56 70 74
 45 56 70 72
 45 56 70 72 73
 45 56 70 71
 45 56 68
 45 56 68 69 74
 45 56 68 69 72
 45 56 68 69 72 73
 45 56 68 69 70 71
 45 56 64
 45 56 62 68
 45 56 62 64
 45 56 60 70
 45 56 60 68 69
 45 56 58 70
 45 56 58 68 69
 45 56 58 60 70 74
 45 56 58 60 70 72 73
 45 56 58 60 68 69 74
 45 56 58 60 68 69 72 73
 45 56 57 70
 45 56 57 68 69
 45 56 57 58 59
 45 55 57 58
 45 55 57 58 60
 45 55 56
 45 54 72
 45 54 70 71
 45 54 58
 45 54 58 72
 45 54 58 70 71
 45 54 55 70 74
 45 54 55 70 72
 45 54 55 70 72 73
 45 54 55 70 71
 45 54 55 68 69 74
 45 54 55 68 69 72
 45 54 55 68 69 72 73
 45 54 55 68 69 70 71
 45 54 55 60 70
 45 54 55 60 68 69
 45 54 55 58
 45 54 55 58 70
 45 54 55 58 68 69
 45 54 55 58 60 70 74
 45 54 55 58 60 70 72 73
 45 54 55 58 60 68 69 74
 45 54 55 58 60 68 69 72 73
 45 54 55 56 58
 45 53 72
 45 53 70
 45 53 70 71
 45 53 68 69
 45 53 56 70
 45 53 56 68 69
 45 52 53 58
 45 52 53 58 72
 45 52 53 58 70 71
 45 51 57 58
 45 51 56 57 58
 45 49 50 57 58
 45 49 50 56 57 58
 45 47 58
 45 47 58 72
 45 47 58 70 71
 45 47 57 58
 45 47 56 70
 45 47 56 68 69
 45 47 56 58 60 70
 45 47 56 58 60 68 69
 45 47 54 55 70
 45 47 54 55 68 69
 45 47 54 55 58 60 70
 45 47 54 55 58 60 68 69
 45 46 58
 45 46 58 72
 45 46 58 70 71
 45 46 58 69
 45 46 58 67 68
 45 46 58 64 70
 45 46 58 64 68 69
 45 46 58 60
 45 46 57 58
 45 46 56 58 73
 45 46 56 58 71 72
 45 46 56 58 70
 45 46 56 58 68 69
 45 46 56 57 64 70
 45 46 56 57 64 68 69
 45 46 56 57 58
 45 46 56 57 58 70
 45 46 56 57 58 68 69
 45 46 56 57 58 59
 45 46 55 58 70
 45 46 55 58 68 69
 45 46 55 56 58
 45 46 55 56 57 70
 45 46 55 56 57 68 69
 45 46 54 55 58
 45 46 54 55 58 70
 45 46 54 55 58 68 69
 45 46 54 55 56 57 58 70
 45 46 54 55 56 57 58 68 69
 45 46 51 58
 45 46 51 56 57 58
 45 46 49 50 58
 45 46 49 50 56 57 58
 44 56 72
 44 56 70 71
 44 56 58 70
 44 56 58 68 69
 44 56 57 58 70
 44 56 57 58 68 69
 44 45 56
 43 58 70
 43 58 68 69
 43 58 60 64
 43 58 59
 43 57
 43 57 62 64 72
 43 57 62 64 70 71
 43 57 62 63 72
 43 57 62 63 70 71
 43 57 58
 43 57 58 60 62
 43 56
 43 56 58 73
 43 56 58 72
 43 56 58 71
 43 56 58 71 72
 43 56 58 70
 43 56 58 70 71
 43 56 58 69 70
 43 56 58 68 69
 43 56 58 59
 43 56 57 72
 43 56 57 70 71
 43 56 57 62
 43 56 57 62 64
 43 56 57 62 63
 43 56 57 60 64
 43 56 57 60 62
 43 56 57 58 71
 43 56 57 58 69 70
 43 55 56 58
 43 54 55 58
 43 54 55 58 73
 43 54 55 58 72
 43 54 55 58 71 72
 43 54 55 58 70 71
 43 54 55 58 59
 43 54 55 56 57 58
 43 53 57 58 60
 43 53 56 57 60
 43 51 57 58 60
 43 51 56 57 60
 43 50 51 57 58 60
 43 50 51 56 57 60
 43 49 50 57 58 60
 43 49 50 56 57 60
 43 49 50 52 57 58 60
 43 49 50 52 56 57 60
 43 49 50 51 57 58 60
 43 49 50 51 56 57 60
 43 47 58 64
 43 47 56 58
 43 47 56 57 64
 43 47 56 57 58
 43 47 55 58
 43 47 55 56 57
 43 47 54 55 58
 43 47 54 55 56 57 58
 43 46 56 58
 43 46 54 55 58
 43 45 62
 43 45 60
 43 45 58
 43 45 57
 43 45 57 62 64
 43 45 57 62 63
 43 45 57 58
 43 45 56 74
 43 45 56 72
 43 45 56 72 73
 43 45 56 70 71
 43 45 56 60
 43 45 56 58
 43 45 56 58 60 74
 43 45 56 58 60 72 73
 43 45 56 57
 43 45 54 55 74
 43 45 54 55 72
 43 45 54 55 72 73
 43 45 54 55 70 71
 43 45 54 55 60
 43 45 54 55 58
 43 45 54 55 58 60 74
 43 45 54 55 58 60 72 73
 43 45 53
 43 45 53 56
 43 45 47 56
 43 45 47 56 58 60
 43 45 47 54 55
 43 45 47 54 55 58 60
 43 45 46 58 64
 43 45 46 56 58
 43 45 46 56 57 64
 43 45 46 56 57 58
 43 45 46 55 58
 43 45 46 55 56 57
 43 45 46 54 55 58
 43 45 46 54 55 56 57 58
 43 44 68
 43 44 66 67
 43 44 62 70
 43 44 62 68 69
 43 44 60 72
 43 44 60 70
 43 44 60 70 71
 43 44 60 68 69
 43 44 59
 43 44 59 72
 43 44 59 70 71
 43 44 58
 43 44 58 72
 43 44 58 72 74
 43 44 58 72 73
 43 44 58 70
 43 44 58 70 71
 43 44 58 70 71 74
 43 44 58 70 71 72 73
 43 44 58 68 69
 43 44 58 67 72
 43 44 58 67 70 71
 43 44 58 62 72
 43 44 58 62 70 71
 43 44 57
 43 44 57 70
 43 44 57 68 69
 43 44 57 58 74
 43 44 57 58 72 73
 43 44 57 58 70
 43 44 57 58 68 69
 43 44 57 58 60
 43 44 57 58 59
 43 44 56
 43 44 56 74
 43 44 56 72
 43 44 56 72 73
 43 44 56 70
 43 44 56 70 74
 43 44 56 70 72
 43 44 56 70 72 73
 43 44 56 68 69
 43 44 56 68 69 74
 43 44 56 68 69 72
 43 44 56 68 69 72 73
 43 44 56 68 69 70 71
 43 44 56 60
 43 44 56 60 70
 43 44 56 60 68 69
 43 44 56 58
 43 44 56 58 60 74
 43 44 56 58 60 72 73
 43 44 56 58 60 70 74
 43 44 56 58 60 70 72 73
 43 44 56 58 60 68 69 74
 43 44 56 58 60 68 69 72 73
 43 44 54 72
 43 44 54 70 71
 43 44 54 58 72
 43 44 54 58 70 71
 43 44 54 55
 43 44 54 55 74
 43 44 54 55 72
 43 44 54 55 72 73
 43 44 54 55 70
 43 44 54 55 70 74
 43 44 54 55 70 72
 43 44 54 55 70 72 73
 43 44 54 55 68 69
 43 44 54 55 68 69 74
 43 44 54 55 68 69 72
 43 44 54 55 68 69 72 73
 43 44 54 55 68 69 70 71
 43 44 54 55 60
 43 44 54 55 60 70
 43 44 54 55 60 68 69
 43 44 54 55 58
 43 44 54 55 58 60 74
 43 44 54 55 58 60 72 73
 43 44 54 55 58 60 70 74
 43 44 54 55 58 60 70 72 73
 43 44 54 55 58 60 68 69 74
 43 44 54 55 58 60 68 69 72 73
 43 44 54 55 56 58
 43 44 53 72
 43 44 53 70
 43 44 53 70 71
 43 44 53 68 69
 43 44 53 56
 43 44 53 56 70
 43 44 53 56 68 69
 43 44 52 53 58 72
 43 44 52 53 58 70 71
 43 44 51 57 58
 43 44 51 56 57 58
 43 44 49 50 57 58
 43 44 49 50 56 57 58
 43 44 47 58
 43 44 47 58 72
 43 44 47 58 70 71
 43 44 47 57 58
 43 44 47 56
 43 44 47 56 70
 43 44 47 56 68 69
 43 44 47 56 58 60
 43 44 47 56 58 60 70
 43 44 47 56 58 60 68 69
 43 44 47 54 55
 43 44 47 54 55 70
 43 44 47 54 55 68 69
 43 44 47 54 55 58 60
 43 44 47 54 55 58 60 70
 43 44 47 54 55 58 60 68 69
 43 44 45 60
 43 44 45 59
 43 44 45 58
 43 44 45 58 74
 43 44 45 58 72 73
 43 44 45 58 67
 43 44 45 58 62
 43 44 45 56
 43 44 45 56 70
 43 44 45 56 68 69
 43 44 45 54
 43 44 45 54 58
 43 44 45 54 55
 43 44 45 54 55 70
 43 44 45 54 55 68 69
 43 44 45 53
 43 44 45 52 53 58
 43 44 45 47 58
 43 44 45 46 58
 42 72
 42 70 71
 42 58 72
 42 58 70 71
 42 47 58
 42 45
 42 45 58
 42 45 46 58
 42 43 56 72
 42 43 56 70 71
 42 43 45 56
 41 72
 41 70 71
 41 57 58 70
 41 57 58 68 69
 41 45 57 70
 41 45 57 68 69
 41 43 57 58
 41 43 45 57
 41 43 44
 41 43 44 57
 41 43 44 57 70
 41 43 44 57 68 69
 41 42 58 72
 41 42 58 70
 41 42 58 70 71
 41 42 58 68 69
 41 42 57 72
 41 42 57 70 71
 41 42 56 72
 41 42 56 70 71
 41 42 56 58 70
 41 42 56 58 68 69
 41 42 45 58
 41 42 45 57
 41 42 45 56
 41 42 43 58
 41 42 43 56 58
 40 72
 40 70 71
 40 56 72
 40 56 70 71
 40 45
 40 45 56
 40 41 56 72
 40 41 56 70 71
 40 41 45 56
 39 57 58 72
 39 57 58 70 71
 39 45 58
 39 45 58 72
 39 45 58 70 71
 39 45 57 58
 39 43 44 58 72
 39 43 44 58 70 71
 39 43 44 45 58
 39 40 57 58 70
 39 40 57 58 68 69
 39 40 45 57 70
 39 40 45 57 68 69
 39 40 43 57 58
 39 40 43 45 57
 39 40 43 44 57
 39 40 43 44 57 70
 39 40 43 44 57 68 69
 39 40 42 56 72
 39 40 42 56 70 71
 39 40 42 45 56
 39 40 41 56 72
 39 40 41 56 70 71
 39 40 41 45 56
 38 57 58 72
 38 57 58 70 71
 38 57 58 60 70
 38 57 58 60 68 69
 38 56 57 60 70
 38 56 57 60 68 69
 38 45 58
 38 45 58 72
 38 45 58 70 71
 38 45 57 58
 38 43 57 58 60
 38 43 56 57 60
 38 43 44 58 72
 38 43 44 58 70 71
 38 43 44 45 58
 38 39 72
 38 39 70 71
 38 39 57 58 72
 38 39 57 58 70 71
 38 39 56 72
 38 39 56 70 71
 38 39 45
 38 39 45 58
 38 39 45 58 72
 38 39 45 58 70 71
 38 39 45 57 58
 38 39 45 56
 38 39 43 44 58 72
 38 39 43 44 58 70 71
 38 39 43 44 45 58
 38 39 41 72
 38 39 41 70 71
 38 39 41 45
 38 39 40 72
 38 39 40 70 71
 38 39 40 45
 37 68 72
 37 68 70 71
 37 58 70 72
 37 58 70 71
 37 58 68 69 72
 37 58 68 69 70 71
 37 58 64 72
 37 58 64 70 71
 37 57 62 70 72
 37 57 62 70 71
 37 57 62 68 69 72
 37 57 62 68 69 70 71
 37 57 58 62 72
 37 57 58 62 70 71
 37 56 57 62 70
 37 56 57 62 68 69
 37 45 68
 37 45 62
 37 45 62 72
 37 45 62 70
 37 45 62 70 71
 37 45 62 68 69
 37 45 58 70
 37 45 58 68 69
 37 45 58 64
 37 45 57 62 70
 37 45 57 62 68 69
 37 45 57 58 62
 37 43 58 72
 37 43 58 70 71
 37 43 57 62 72
 37 43 57 62 70 71
 37 43 56 57 62
 37 43 45 62
 37 43 45 58
 37 43 45 57 62
 37 43 44 62
 37 43 44 62 72
 37 43 44 62 70
 37 43 44 62 70 71
 37 43 44 62 68 69
 37 43 44 45 62
 36 37 57 58 72
 36 37 57 58 70 71
 36 37 57 58 60 70
 36 37 57 58 60 68 69
 36 37 56 57 60 70
 36 37 56 57 60 68 69
 36 37 45 58
 36 37 45 58 72
 36 37 45 58 70 71
 36 37 45 57 58
 36 37 43 57 58 60
 36 37 43 56 57 60
 36 37 43 44 58 72
 36 37 43 44 58 70 71
 36 37 43 44 45 58
 36 37 39 57 58 72
 36 37 39 57 58 70 71
 36 37 39 45 58
 36 37 39 45 58 72
 36 37 39 45 58 70 71
 36 37 39 45 57 58
 36 37 39 43 44 58 72
 36 37 39 43 44 58 70 71
 36 37 39 43 44 45 58
 36 37 38 57 58 72
 36 37 38 57 58 70 71
 36 37 38 45 58
 36 37 38 45 58 72
 36 37 38 45 58 70 71
 36 37 38 45 57 58
 36 37 38 43 44 58 72
 36 37 38 43 44 58 70 71
 36 37 38 43 44 45 58
 35 64 72
 35 64 70 71
 35 59 72
 35 59 70 71
 35 58 64 72
 35 58 64 70 71
 35 57 70
 35 57 68 69
 35 57 62 72
 35 57 62 70 71
 35 57 58 72
 35 57 58 70 71
 35 57 58 64 72
 35 57 58 64 70 71
 35 57 58 60 72
 35 57 58 60 70 71
 35 56 72
 35 56 70 71
 35 55 72
 35 55 70 71
 35 55 58 72
 35 55 58 70 71
 35 55 57 58 72
 35 55 57 58 70 71
 35 45 74
 35 45 72 74
 35 45 70 71 74
 35 45 70 71 72 73
 35 45 64
 35 45 59
 35 45 58 64
 35 45 57 62
 35 45 57 58
 35 45 57 58 64
 35 45 57 58 60
 35 45 56
 35 45 56 70
 35 45 56 68 69
 35 45 55
 35 45 55 58
 35 45 55 57 58
 35 45 54 55 70
 35 45 54 55 68 69
 35 45 47
 35 45 47 72
 35 45 47 70 71
 35 43 58 72
 35 43 58 70 71
 35 43 57
 35 43 45 58
 35 43 45 56
 35 43 45 54 55
 35 43 44 72 74
 35 43 44 72 73
 35 43 44 70 71 74
 35 43 44 70 71 72 73
 35 43 44 56
 35 43 44 56 70
 35 43 44 56 68 69
 35 43 44 54 55
 35 43 44 54 55 70
 35 43 44 54 55 68 69
 35 43 44 47 72
 35 43 44 47 70 71
 35 43 44 45 74
 35 43 44 45 72 73
 35 43 44 45 47
 35 42 72
 35 42 70 71
 35 42 45
 35 41 72
 35 41 70 71
 35 41 45
 35 41 42 58 72
 35 41 42 58 70 71
 35 41 42 45 58
 35 40 72
 35 40 70 71
 35 40 45
 35 38 39 72
 35 38 39 70 71
 35 38 39 45
 35 38 39 41 72
 35 38 39 41 70 71
 35 38 39 41 45
 35 38 39 40 72
 35 38 39 40 70 71
 35 38 39 40 45
 33 58 72
 33 58 70 71
 33 47 58
 33 45 58
 33 45 57 58
 33 45 46 58
 33 43 44 57 58
 32 58 72
 32 58 70 71
 32 57 58 72
 32 57 58 70 71
 32 56 57 58 72
 32 56 57 58 70 71
 32 47 58
 32 47 56 57 58
 32 45 58
 32 45 57 58
 32 45 56 57 58
 32 45 46 58
 32 45 46 56 57 58
 31 60 64 70
 31 60 64 68 69
 31 58
 31 58 72
 31 58 70 71
 31 58 59 72
 31 58 59 70 71
 31 57 60 62 70
 31 57 60 62 68 69
 31 57 58 72
 31 57 58 70 71
 31 56 58 72
 31 56 58 69 70
 31 56 58 68 69 71
 31 56 58 68 69 70
 31 56 57 58
 31 55 56 58
 31 54 55 58 70
 31 54 55 58 68 69
 31 53 57 60 70
 31 53 57 60 68 69
 31 51 57 60 70
 31 51 57 60 68 69
 31 50 51 57 60 70
 31 50 51 57 60 68 69
 31 49 50 57 60 70
 31 49 50 57 60 68 69
 31 49 50 52 57 60 70
 31 49 50 52 57 60 68 69
 31 49 50 51 57 60 70
 31 49 50 51 57 60 68 69
 31 47 64 70
 31 47 64 68 69
 31 47 58 59
 31 47 57 58
 31 47 56 58 70
 31 47 56 58 68 69
 31 47 55 70
 31 47 55 68 69
 31 47 54 55 58 70
 31 47 54 55 58 68 69
 31 47 51 58
 31 47 49 50 58
 31 45 58 59
 31 45 57 58 72
 31 45 57 58 70 71
 31 45 56 58
 31 45 56 57
 31 45 56 57 72
 31 45 56 57 70 71
 31 45 51 57 58
 31 45 49 50 57 58
 31 45 46 64 70
 31 45 46 64 68 69
 31 45 46 58 59
 31 45 46 57 58
 31 45 46 56 58 70
 31 45 46 56 58 68 69
 31 45 46 55 70
 31 45 46 55 68 69
 31 45 46 54 55 58 70
 31 45 46 54 55 58 68 69
 31 45 46 51 58
 31 45 46 49 50 58
 31 44 56 58 70
 31 44 56 58 68 69
 31 43 60 64
 31 43 57 60 62
 31 43 56 58 71
 31 43 56 58 69 70
 31 43 54 55 58
 31 43 53 57 60
 31 43 51 57 60
 31 43 50 51 57 60
 31 43 49 50 57 60
 31 43 49 50 52 57 60
 31 43 49 50 51 57 60
 31 43 47 64
 31 43 47 56 58
 31 43 47 55
 31 43 47 54 55 58
 31 43 45 46 64
 31 43 45 46 56 58
 31 43 45 46 55
 31 43 45 46 54 55 58
 31 43 44 58
 31 43 44 57 58 72
 31 43 44 57 58 70 71
 31 43 44 56 58
 31 43 44 56 57 72
 31 43 44 56 57 70 71
 31 43 44 51 57 58
 31 43 44 49 50 57 58
 31 43 44 45 57 58
 31 43 44 45 56 57
 31 38 57 60 70
 31 38 57 60 68 69
 31 38 43 57 60
 31 36 37 57 60 70
 31 36 37 57 60 68 69
 31 36 37 43 57 60
 31 32 58 72
 31 32 58 70 71
 31 32 47 58
 31 32 45 58
 31 32 45 46 58
 30 58 72
 30 58 70 71
 30 56 57 58 62
 30 54 55 58
 30 53 58
 30 51 58
 30 50 51 58
 30 49 50 58
 30 49 50 52 58
 30 49 50 51 58
 30 45 60 62
 30 45 60 62 72
 30 45 60 62 70 71
 30 45 58
 30 45 57 58 72
 30 45 57 58 70 71
 30 45 56 57 58
 30 43 44 60 62 72
 30 43 44 60 62 70 71
 30 43 44 57 58
 30 43 44 57 58 72
 30 43 44 57 58 70 71
 30 43 44 56 57 58
 30 43 44 45 60 62
 30 43 44 45 57 58
 30 38 58
 30 36 37 58
 30 31 58
 30 31 58 62
 30 31 57 58 72
 30 31 57 58 70 71
 30 31 56 58
 30 31 43 44 57 58
 29 58
 29 58 70 73
 29 58 70 72
 29 58 70 71
 29 58 70 71 72
 29 58 68 69 73
 29 58 68 69 72
 29 58 68 69 71 72
 29 58 68 69 70 71
 29 58 59 70
 29 58 59 68 69
 29 56 72
 29 56 70 71
 29 56 57 58 70
 29 56 57 58 68 69
 29 55 58 70
 29 55 58 68 69
 29 47 58
 29 47 58 70
 29 47 58 68 69
 29 47 56 57 58 70
 29 47 56 57 58 68 69
 29 46 58 70
 29 46 58 68 69
 29 45 70 74
 29 45 70 72
 29 45 70 72 73
 29 45 70 71
 29 45 68 69 74
 29 45 68 69 72
 29 45 68 69 72 73
 29 45 68 69 70 71
 29 45 60 70
 29 45 60 68 69
 29 45 58
 29 45 58 70
 29 45 58 68 69
 29 45 58 60 70 74
 29 45 58 60 70 72 73
 29 45 58 60 68 69 74
 29 45 58 60 68 69 72 73
 29 45 56
 29 45 56 58
 29 45 47 70
 29 45 47 68 69
 29 45 47 58 60 70
 29 45 47 58 60 68 69
 29 45 46 58
 29 45 46 58 70
 29 45 46 58 68 69
 29 45 46 56 57 58 70
 29 45 46 56 57 58 68 69
 29 43 58 73
 29 43 58 72
 29 43 58 71 72
 29 43 58 70 71
 29 43 58 59
 29 43 56 57 58
 29 43 55 58
 29 43 47 58
 29 43 47 56 57 58
 29 43 46 58
 29 43 45 74
 29 43 45 72
 29 43 45 72 73
 29 43 45 70 71
 29 43 45 60
 29 43 45 58
 29 43 45 58 60 74
 29 43 45 58 60 72 73
 29 43 45 47
 29 43 45 47 58 60
 29 43 45 46 58
 29 43 45 46 56 57 58
 29 43 44
 29 43 44 74
 29 43 44 72
 29 43 44 72 73
 29 43 44 70
 29 43 44 70 74
 29 43 44 70 72
 29 43 44 70 72 73
 29 43 44 68 69
 29 43 44 68 69 74
 29 43 44 68 69 72
 29 43 44 68 69 72 73
 29 43 44 68 69 70 71
 29 43 44 60
 29 43 44 60 70
 29 43 44 60 68 69
 29 43 44 58
 29 43 44 58 60 74
 29 43 44 58 60 72 73
 29 43 44 58 60 70 74
 29 43 44 58 60 70 72 73
 29 43 44 58 60 68 69 74
 29 43 44 58 60 68 69 72 73
 29 43 44 56 58
 29 43 44 47
 29 43 44 47 70
 29 43 44 47 68 69
 29 43 44 47 58 60
 29 43 44 47 58 60 70
 29 43 44 47 58 60 68 69
 29 43 44 45
 29 43 44 45 70
 29 43 44 45 68 69
 29 35 45 70
 29 35 45 68 69
 29 35 43 45
 29 35 43 44
 29 35 43 44 70
 29 35 43 44 68 69
 29 31 58 70
 29 31 58 68 69
 29 31 47 58 70
 29 31 47 58 68 69
 29 31 45 46 58 70
 29 31 45 46 58 68 69
 29 31 43 58
 29 31 43 47 58
 29 31 43 45 46 58
 29 30 58
 28 72
 28 70 71
 28 58 72
 28 58 71
 28 58 70
 28 58 70 71
 28 58 69 70
 28 58 68 69
 28 58 67 72
 28 58 67 70 71
 28 57 60 62 72
 28 57 60 62 70 71
 28 56 72
 28 56 70 71
 28 56 58 70
 28 56 58 68 69
 28 54 55 58
 28 54 55 58 70
 28 54 55 58 68 69
 28 53 58
 28 51 58
 28 50 51 58
 28 49 50 58
 28 49 50 52 58
 28 49 50 51 58
 28 47 58
 28 47 58 72
 28 47 58 72
 28 47 58 70 71
 28 47 58 70 71
 28 47 58 67 72
 28 47 58 67 70 71
 28 47 57 58
 28 47 56 58
 28 47 56 57 58
 28 45
 28 45 60 70
 28 45 60 68 69
 28 45 60 62 74
 28 45 60 62 72 74
 28 45 60 62 70 71 74
 28 45 60 62 70 71 72 73
 28 45 58
 28 45 58
 28 45 58 72
 28 45 58 70 71
 28 45 58 67
 28 45 58 60
 28 45 58 59
 28 45 57 60 62
 28 45 57 58
 28 45 57 58 72
 28 45 57 58 72 74
 28 45 57 58 72 73
 28 45 57 58 70 71
 28 45 57 58 70 71 74
 28 45 57 58 70 71 72 73
 28 45 56
 28 45 56 57 58
 28 45 56 57 58 74
 28 45 56 57 58 72
 28 45 56 57 58 72 73
 28 45 56 57 58 70 71
 28 45 53 70
 28 45 53 68 69
 28 45 47 60 62
 28 45 47 60 62 72
 28 45 47 60 62 70 71
 28 45 47 58
 28 45 47 58
 28 45 47 58 67
 28 45 47 57 58 72
 28 45 47 57 58 70 71
 28 45 47 56 57 58
 28 45 46 58
 28 45 46 58 72
 28 45 46 58 72
 28 45 46 58 70 71
 28 45 46 58 70 71
 28 45 46 58 67
 28 45 46 58 67 72
 28 45 46 58 67 70 71
 28 45 46 57 58
 28 45 46 56 58
 28 45 46 56 57 58
 28 44 58
 28 43 58
 28 43 56 58
 28 43 54 55 58
 28 43 45 60
 28 43 45 53
 28 43 44 60
 28 43 44 60 70
 28 43 44 60 68 69
 28 43 44 60 62 72 74
 28 43 44 60 62 72 73
 28 43 44 60 62 70 71 74
 28 43 44 60 62 70 71 72 73
 28 43 44 58 72
 28 43 44 58 70 71
 28 43 44 58 60
 28 43 44 58 59
 28 43 44 57 58 74
 28 43 44 57 58 72
 28 43 44 57 58 72 74
 28 43 44 57 58 70 71
 28 43 44 57 58 70 71 74
 28 43 44 57 58 70 71 72 73
 28 43 44 56 57 58 74
 28 43 44 56 57 58 72
 28 43 44 56 57 58 72 73
 28 43 44 56 57 58 70 71
 28 43 44 53
 28 43 44 53 70
 28 43 44 53 68 69
 28 43 44 47 60 62 72
 28 43 44 47 60 62 70 71
 28 43 44 47 57 58
 28 43 44 47 57 58 72
 28 43 44 47 57 58 70 71
 28 43 44 47 56 57 58
 28 43 44 45 60 62 74
 28 43 44 45 60 62 72 73
 28 43 44 45 58
 28 43 44 45 57 58
 28 43 44 45 57 58 74
 28 43 44 45 57 58 72 73
 28 43 44 45 56 57 58
 28 43 44 45 47 60 62
 28 43 44 45 47 57 58
 28 40 47 58 72
 28 40 47 58 70 71
 28 40 45 47 58
 28 40 45 46 58
 28 40 45 46 58 72
 28 40 45 46 58 70 71
 28 39 58 72
 28 39 58 70 71
 28 39 57 58 72
 28 39 57 58 70 71
 28 39 47 57 58 72
 28 39 47 57 58 70 71
 28 39 45 58
 28 39 45 57 58
 28 39 45 47 57 58
 28 39 45 46 57 58
 28 39 45 46 57 58 72
 28 39 45 46 57 58 70 71
 28 38 58
 28 38 47 58 72
 28 38 47 58 70 71
 28 38 45 47 58
 28 38 45 46 58
 28 38 45 46 58 72
 28 38 45 46 58 70 71
 28 38 39 58 72
 28 38 39 58 70 71
 28 38 39 45 58
 28 37 60 72
 28 37 60 70 71
 28 37 58
 28 37 58 72
 28 37 58 70 71
 28 37 45 62 70
 28 37 45 62 68 69
 28 37 45 60
 28 37 45 58
 28 37 43 45 62
 28 37 43 44 62
 28 37 43 44 62 70
 28 37 43 44 62 68 69
 28 37 38 57 58 72
 28 37 38 57 58 70 71
 28 37 38 47 58 72
 28 37 38 47 58 70 71
 28 37 38 47 57 58 72
 28 37 38 47 57 58 70 71
 28 37 38 45 57 58
 28 37 38 45 47 58
 28 37 38 45 47 57 58
 28 37 38 45 46 58
 28 37 38 45 46 58 72
 28 37 38 45 46 58 70 71
 28 37 38 45 46 57 58
 28 37 38 45 46 57 58 72
 28 37 38 45 46 57 58 70 71
 28 36 37 58
 28 36 37 47 58 72
 28 36 37 47 58 70 71
 28 36 37 45 47 58
 28 36 37 45 46 58
 28 36 37 45 46 58 72
 28 36 37 45 46 58 70 71
 28 36 37 39 58 72
 28 36 37 39 58 70 71
 28 36 37 39 47 58 72
 28 36 37 39 47 58 70 71
 28 36 37 39 45 58
 28 36 37 39 45 47 58
 28 36 37 39 45 46 58
 28 36 37 39 45 46 58 72
 28 36 37 39 45 46 58 70 71
 28 36 37 38 58 72
 28 36 37 38 58 70 71
 28 36 37 38 47 58 72
 28 36 37 38 47 58 70 71
 28 36 37 38 45 58
 28 36 37 38 45 47 58
 28 36 37 38 45 46 58
 28 36 37 38 45 46 58 72
 28 36 37 38 45 46 58 70 71
 28 35 72
 28 35 70 71
 28 35 59 72
 28 35 59 70 71
 28 35 58 72
 28 35 58 70 71
 28 35 58 59 72
 28 35 58 59 70 71
 28 35 45
 28 35 45 59
 28 35 45 58
 28 35 45 58 59
 28 35 36 58 72
 28 35 36 58 70 71
 28 35 36 45 58
 28 33 45 58
 28 33 43 44 58
 28 31 47 58
 28 31 45 57 58
 28 31 45 57 58 74
 28 31 45 57 58 72
 28 31 45 57 58 72 73
 28 31 45 57 58 70 71
 28 31 45 47 57 58
 28 31 45 46 58
 28 31 43 44 57 58 74
 28 31 43 44 57 58 72
 28 31 43 44 57 58 72 73
 28 31 43 44 57 58 70 71
 28 31 43 44 47 57 58
 28 31 43 44 45 57 58
 28 29 58 72
 28 29 58 70
 28 29 58 70 71
 28 29 58 68 69
 28 29 56 58
 28 29 56 57 58
 28 29 56 57 58 62
 28 29 54 55 58
 28 29 53 58
 28 29 51 58
 28 29 50 51 58
 28 29 49 50 58
 28 29 49 50 52 58
 28 29 49 50 51 58
 28 29 45 60 62
 28 29 45 60 62 72
 28 29 45 60 62 70 71
 28 29 45 58
 28 29 45 57 58 72
 28 29 45 57 58 70 71
 28 29 45 56 57 58
 28 29 43 58
 28 29 43 44 60 62 72
 28 29 43 44 60 62 70 71
 28 29 43 44 57 58
 28 29 43 44 57 58 72
 28 29 43 44 57 58 70 71
 28 29 43 44 56 57 58
 28 29 43 44 45 60 62
 28 29 43 44 45 57 58
 28 29 38 58
 28 29 36 37 58
 28 29 31 58
 28 29 31 58 62
 28 29 31 45 57 58
 28 29 31 43 44 57 58
 27 72
 27 70 71
 27 56 72
 27 56 70 71
 27 45
 27 45 58
 27 45 58 72
 27 45 58 70 71
 27 45 56
 27 43 44 58 72
 27 43 44 58 70 71
 27 43 44 45 58
 27 35 72
 27 35 70 71
 27 35 45
 27 28 56 72
 27 28 56 70 71
 27 28 45 56
 26 57 58 60 70
 26 57 58 60 68 69
 26 56 72
 26 56 70 71
 26 56 62 72
 26 56 62 70 71
 26 56 57 60 70
 26 56 57 60 68 69
 26 45 56
 26 45 56 62
 26 43 57 58 60
 26 43 56 57 60
 26 37 72
 26 37 70 71
 26 37 45
 26 31 57 60 70
 26 31 57 60 68 69
 26 31 43 57 60
 26 30 58
 26 28 58
 26 28 29 58
 26 27 72
 26 27 70 71
 26 27 58
 26 27 58 72
 26 27 58 71
 26 27 58 70
 26 27 58 70 71
 26 27 58 69 70
 26 27 58 68 69
 26 27 58 67 72
 26 27 58 67 70 71
 26 27 57 60 62 72
 26 27 57 60 62 70 71
 26 27 56 72
 26 27 56 70 71
 26 27 56 58 70
 26 27 56 58 68 69
 26 27 54 55 58
 26 27 54 55 58 70
 26 27 54 55 58 68 69
 26 27 53 58
 26 27 51 58
 26 27 50 51 58
 26 27 49 50 58
 26 27 49 50 52 58
 26 27 49 50 51 58
 26 27 47 58
 26 27 47 58 72
 26 27 47 58 72
 26 27 47 58 70 71
 26 27 47 58 70 71
 26 27 47 58 67 72
 26 27 47 58 67 70 71
 26 27 47 57 58
 26 27 47 56 58
 26 27 47 56 57 58
 26 27 45
 26 27 45 60 70
 26 27 45 60 68 69
 26 27 45 60 62 74
 26 27 45 60 62 72 74
 26 27 45 60 62 70 71 74
 26 27 45 60 62 70 71 72 73
 26 27 45 58
 26 27 45 58
 26 27 45 58 72
 26 27 45 58 70 71
 26 27 45 58 67
 26 27 45 58 60
 26 27 45 58 59
 26 27 45 57 60 62
 26 27 45 57 58
 26 27 45 57 58 72
 26 27 45 57 58 72 74
 26 27 45 57 58 72 73
 26 27 45 57 58 70 71
 26 27 45 57 58 70 71 74
 26 27 45 57 58 70 71 72 73
 26 27 45 56
 26 27 45 56 57 58
 26 27 45 56 57 58 74
 26 27 45 56 57 58 72
 26 27 45 56 57 58 72 73
 26 27 45 56 57 58 70 71
 26 27 45 53 70
 26 27 45 53 68 69
 26 27 45 47 60 62
 26 27 45 47 60 62 72
 26 27 45 47 60 62 70 71
 26 27 45 47 58
 26 27 45 47 58
 26 27 45 47 58 67
 26 27 45 47 57 58 72
 26 27 45 47 57 58 70 71
 26 27 45 47 56 57 58
 26 27 45 46 58
 26 27 45 46 58 72
 26 27 45 46 58 72
 26 27 45 46 58 70 71
 26 27 45 46 58 70 71
 26 27 45 46 58 67
 26 27 45 46 58 67 72
 26 27 45 46 58 67 70 71
 26 27 45 46 57 58
 26 27 45 46 56 58
 26 27 45 46 56 57 58
 26 27 44 58
 26 27 43 58
 26 27 43 56 58
 26 27 43 54 55 58
 26 27 43 45 60
 26 27 43 45 53
 26 27 43 44 60
 26 27 43 44 60 70
 26 27 43 44 60 68 69
 26 27 43 44 60 62 72 74
 26 27 43 44 60 62 72 73
 26 27 43 44 60 62 70 71 74
 26 27 43 44 60 62 70 71 72 73
 26 27 43 44 58 72
 26 27 43 44 58 70 71
 26 27 43 44 58 60
 26 27 43 44 58 59
 26 27 43 44 57 58 74
 26 27 43 44 57 58 72
 26 27 43 44 57 58 72 74
 26 27 43 44 57 58 70 71
 26 27 43 44 57 58 70 71 74
 26 27 43 44 57 58 70 71 72 73
 26 27 43 44 56 57 58 74
 26 27 43 44 56 57 58 72
 26 27 43 44 56 57 58 72 73
 26 27 43 44 56 57 58 70 71
 26 27 43 44 53
 26 27 43 44 53 70
 26 27 43 44 53 68 69
 26 27 43 44 47 60 62 72
 26 27 43 44 47 60 62 70 71
 26 27 43 44 47 57 58
 26 27 43 44 47 57 58 72
 26 27 43 44 47 57 58 70 71
 26 27 43 44 47 56 57 58
 26 27 43 44 45 60 62 74
 26 27 43 44 45 60 62 72 73
 26 27 43 44 45 58
 26 27 43 44 45 57 58
 26 27 43 44 45 57 58 74
 26 27 43 44 45 57 58 72 73
 26 27 43 44 45 56 57 58
 26 27 43 44 45 47 60 62
 26 27 43 44 45 47 57 58
 26 27 40 47 58 72
 26 27 40 47 58 70 71
 26 27 40 45 47 58
 26 27 40 45 46 58
 26 27 40 45 46 58 72
 26 27 40 45 46 58 70 71
 26 27 39 58 72
 26 27 39 58 70 71
 26 27 39 57 58 72
 26 27 39 57 58 70 71
 26 27 39 47 57 58 72
 26 27 39 47 57 58 70 71
 26 27 39 45 58
 26 27 39 45 57 58
 26 27 39 45 47 57 58
 26 27 39 45 46 57 58
 26 27 39 45 46 57 58 72
 26 27 39 45 46 57 58 70 71
 26 27 38 58
 26 27 38 47 58 72
 26 27 38 47 58 70 71
 26 27 38 45 47 58
 26 27 38 45 46 58
 26 27 38 45 46 58 72
 26 27 38 45 46 58 70 71
 26 27 38 39 58 72
 26 27 38 39 58 70 71
 26 27 38 39 45 58
 26 27 37 60 72
 26 27 37 60 70 71
 26 27 37 58
 26 27 37 58 72
 26 27 37 58 70 71
 26 27 37 45 62 70
 26 27 37 45 62 68 69
 26 27 37 45 60
 26 27 37 45 58
 26 27 37 43 45 62
 26 27 37 43 44 62
 26 27 37 43 44 62 70
 26 27 37 43 44 62 68 69
 26 27 37 38 57 58 72
 26 27 37 38 57 58 70 71
 26 27 37 38 47 58 72
 26 27 37 38 47 58 70 71
 26 27 37 38 47 57 58 72
 26 27 37 38 47 57 58 70 71
 26 27 37 38 45 57 58
 26 27 37 38 45 47 58
 26 27 37 38 45 47 57 58
 26 27 37 38 45 46 58
 26 27 37 38 45 46 58 72
 26 27 37 38 45 46 58 70 71
 26 27 37 38 45 46 57 58
 26 27 37 38 45 46 57 58 72
 26 27 37 38 45 46 57 58 70 71
 26 27 36 37 58
 26 27 36 37 47 58 72
 26 27 36 37 47 58 70 71
 26 27 36 37 45 47 58
 26 27 36 37 45 46 58
 26 27 36 37 45 46 58 72
 26 27 36 37 45 46 58 70 71
 26 27 36 37 39 58 72
 26 27 36 37 39 58 70 71
 26 27 36 37 39 47 58 72
 26 27 36 37 39 47 58 70 71
 26 27 36 37 39 45 58
 26 27 36 37 39 45 47 58
 26 27 36 37 39 45 46 58
 26 27 36 37 39 45 46 58 72
 26 27 36 37 39 45 46 58 70 71
 26 27 36 37 38 58 72
 26 27 36 37 38 58 70 71
 26 27 36 37 38 47 58 72
 26 27 36 37 38 47 58 70 71
 26 27 36 37 38 45 58
 26 27 36 37 38 45 47 58
 26 27 36 37 38 45 46 58
 26 27 36 37 38 45 46 58 72
 26 27 36 37 38 45 46 58 70 71
 26 27 35 72
 26 27 35 70 71
 26 27 35 59 72
 26 27 35 59 70 71
 26 27 35 58 72
 26 27 35 58 70 71
 26 27 35 58 59 72
 26 27 35 58 59 70 71
 26 27 35 45
 26 27 35 45 59
 26 27 35 45 58
 26 27 35 45 58 59
 26 27 35 36 58 72
 26 27 35 36 58 70 71
 26 27 35 36 45 58
 26 27 33 45 58
 26 27 33 43 44 58
 26 27 31 47 58
 26 27 31 45 57 58
 26 27 31 45 57 58 74
 26 27 31 45 57 58 72
 26 27 31 45 57 58 72 73
 26 27 31 45 57 58 70 71
 26 27 31 45 47 57 58
 26 27 31 45 46 58
 26 27 31 43 44 57 58 74
 26 27 31 43 44 57 58 72
 26 27 31 43 44 57 58 72 73
 26 27 31 43 44 57 58 70 71
 26 27 31 43 44 47 57 58
 26 27 31 43 44 45 57 58
 26 27 29 58
 26 27 29 58 70
 26 27 29 58 68 69
 26 27 29 43 58
 25 57 58 72
 25 57 58 70 71
 25 51 57 58 60 70
 25 51 57 58 60 68 69
 25 51 56 57 60 70
 25 51 56 57 60 68 69
 25 49 50 57 58 60 70
 25 49 50 57 58 60 68 69
 25 49 50 56 57 60 70
 25 49 50 56 57 60 68 69
 25 45 58
 25 45 58 72
 25 45 58 70 71
 25 45 57 58
 25 43 51 57 58 60
 25 43 51 56 57 60
 25 43 49 50 57 58 60
 25 43 49 50 56 57 60
 25 43 44 58 72
 25 43 44 58 70 71
 25 43 44 45 58
 25 31 51 57 60 70
 25 31 51 57 60 68 69
 25 31 49 50 57 60 70
 25 31 49 50 57 60 68 69
 25 31 43 51 57 60
 25 31 43 49 50 57 60
 25 30 51 58
 25 30 49 50 58
 25 28 58 72
 25 28 58 70 71
 25 28 51 58
 25 28 49 50 58
 25 28 47 58 72
 25 28 47 58 70 71
 25 28 45 58
 25 28 45 47 58
 25 28 45 46 58
 25 28 45 46 58 72
 25 28 45 46 58 70 71
 25 28 29 51 58
 25 28 29 49 50 58
 25 26 72
 25 26 70 71
 25 26 56 72
 25 26 56 70 71
 25 26 45
 25 26 45 56
 25 26 35 72
 25 26 35 70 71
 25 26 35 45
 25 26 27 58 72
 25 26 27 58 70 71
 25 26 27 51 58
 25 26 27 49 50 58
 25 26 27 47 58 72
 25 26 27 47 58 70 71
 25 26 27 45 58
 25 26 27 45 47 58
 25 26 27 45 46 58
 25 26 27 45 46 58 72
 25 26 27 45 46 58 70 71
 24 72
 24 70 71
 24 57 72
 24 57 70 71
 24 57 58 60 70
 24 57 58 60 68 69
 24 56 57 60 70
 24 56 57 60 68 69
 24 52 57 58 60 70
 24 52 57 58 60 68 69
 24 52 56 57 60 70
 24 52 56 57 60 68 69
 24 50 51 57 58 60 70
 24 50 51 57 58 60 68 69
 24 50 51 56 57 60 70
 24 50 51 56 57 60 68 69
 24 47 58
 24 47 56 57 58
 24 45
 24 45 57
 24 45 57 58
 24 45 56 57 58
 24 45 46 58
 24 45 46 56 57 58
 24 43 57 58 60
 24 43 56 57 60
 24 43 52 57 58 60
 24 43 52 56 57 60
 24 43 50 51 57 58 60
 24 43 50 51 56 57 60
 24 43 44 57 58
 24 43 44 56 57 58
 24 35 57 72
 24 35 57 70 71
 24 35 45 57
 24 31 57 60 70
 24 31 57 60 68 69
 24 31 52 57 60 70
 24 31 52 57 60 68 69
 24 31 50 51 57 60 70
 24 31 50 51 57 60 68 69
 24 31 47 58
 24 31 45 57 58
 24 31 45 46 58
 24 31 43 57 60
 24 31 43 52 57 60
 24 31 43 50 51 57 60
 24 31 43 44 57 58
 24 30 58
 24 30 52 58
 24 30 50 51 58
 24 28 58
 24 28 52 58
 24 28 50 51 58
 24 28 45 57
 24 28 45 57 72
 24 28 45 57 70 71
 24 28 43 44 57 72
 24 28 43 44 57 70 71
 24 28 43 44 45 57
 24 28 29 58
 24 28 29 52 58
 24 28 29 50 51 58
 24 26 27 58
 24 26 27 52 58
 24 26 27 50 51 58
 24 26 27 45 57
 24 26 27 45 57 72
 24 26 27 45 57 70 71
 24 26 27 43 44 57 72
 24 26 27 43 44 57 70 71
 24 26 27 43 44 45 57
 24 25 57 58 60 70
 24 25 57 58 60 68 69
 24 25 56 72
 24 25 56 70 71
 24 25 56 62 72
 24 25 56 62 70 71
 24 25 56 57 60 70
 24 25 56 57 60 68 69
 24 25 45 56
 24 25 45 56 62
 24 25 43 57 58 60
 24 25 43 56 57 60
 24 25 37 72
 24 25 37 70 71
 24 25 37 45
 24 25 31 57 60 70
 24 25 31 57 60 68 69
 24 25 31 43 57 60
 24 25 30 58
 24 25 28 58
 24 25 28 29 58
 24 25 26 27 58
 23 24 57 58 72
 23 24 57 58 70 71
 23 24 45 58
 23 24 45 58 72
 23 24 45 58 70 71
 23 24 45 57 58
 23 24 43 44 58 72
 23 24 43 44 58 70 71
 23 24 43 44 45 58
 23 24 28 58 72
 23 24 28 58 70 71
 23 24 28 47 58 72
 23 24 28 47 58 70 71
 23 24 28 45 58
 23 24 28 45 47 58
 23 24 28 45 46 58
 23 24 28 45 46 58 72
 23 24 28 45 46 58 70 71
 23 24 26 27 58 72
 23 24 26 27 58 70 71
 23 24 26 27 47 58 72
 23 24 26 27 47 58 70 71
 23 24 26 27 45 58
 23 24 26 27 45 47 58
 23 24 26 27 45 46 58
 23 24 26 27 45 46 58 72
 23 24 26 27 45 46 58 70 71
 20 58
 20 58 72
 20 58 70 71
 20 58 69
 20 58 67 68
 20 58 64 70
 20 58 64 68 69
 20 58 60
 20 57 58
 20 56 58
 20 56 58 73
 20 56 58 71 72
 20 56 58 70
 20 56 58 68 69
 20 56 57 64 70
 20 56 57 64 68 69
 20 56 57 58
 20 56 57 58 70
 20 56 57 58 68 69
 20 56 57 58 59
 20 55 58 70
 20 55 58 68 69
 20 55 56 58
 20 55 56 57 70
 20 55 56 57 68 69
 20 54 55 58
 20 54 55 58 70
 20 54 55 58 68 69
 20 54 55 56 57 58 70
 20 54 55 56 57 58 68 69
 20 51 58
 20 51 56 57 58
 20 49 50 58
 20 49 50 56 57 58
 20 46 56 58
 20 43 58 64
 20 43 56 58
 20 43 56 57 64
 20 43 56 57 58
 20 43 55 58
 20 43 55 56 57
 20 43 54 55 58
 20 43 54 55 56 57 58
 20 43 44 58
 20 42 58
 20 33 58
 20 32 58
 20 32 56 57 58
 20 31 64 70
 20 31 64 68 69
 20 31 58 59
 20 31 57 58
 20 31 56 58 70
 20 31 56 58 68 69
 20 31 55 70
 20 31 55 68 69
 20 31 54 55 58 70
 20 31 54 55 58 68 69
 20 31 51 58
 20 31 49 50 58
 20 31 43 64
 20 31 43 56 58
 20 31 43 55
 20 31 43 54 55 58
 20 31 32 58
 20 29 58
 20 29 58 70
 20 29 58 68 69
 20 29 56 57 58 70
 20 29 56 57 58 68 69
 20 29 43 58
 20 29 43 56 57 58
 20 29 31 58 70
 20 29 31 58 68 69
 20 29 31 43 58
 20 28 58
 20 28 58 72
 20 28 58 72
 20 28 58 70 71
 20 28 58 70 71
 20 28 58 67 72
 20 28 58 67 70 71
 20 28 57 58
 20 28 56 58
 20 28 56 57 58
 20 28 45 58
 20 28 45 58
 20 28 45 58 67
 20 28 40 58 72
 20 28 40 58 70 71
 20 28 40 45 58
 20 28 39 57 58 72
 20 28 39 57 58 70 71
 20 28 39 45 57 58
 20 28 38 58 72
 20 28 38 58 70 71
 20 28 38 45 58
 20 28 37 38 58 72
 20 28 37 38 58 70 71
 20 28 37 38 57 58 72
 20 28 37 38 57 58 70 71
 20 28 37 38 45 58
 20 28 37 38 45 57 58
 20 28 36 37 58 72
 20 28 36 37 58 70 71
 20 28 36 37 45 58
 20 28 36 37 39 58 72
 20 28 36 37 39 58 70 71
 20 28 36 37 39 45 58
 20 28 36 37 38 58 72
 20 28 36 37 38 58 70 71
 20 28 36 37 38 45 58
 20 28 31 58
 20 26 27 58
 20 26 27 58 72
 20 26 27 58 72
 20 26 27 58 70 71
 20 26 27 58 70 71
 20 26 27 58 67 72
 20 26 27 58 67 70 71
 20 26 27 57 58
 20 26 27 56 58
 20 26 27 56 57 58
 20 26 27 45 58
 20 26 27 45 58
 20 26 27 45 58 67
 20 26 27 40 58 72
 20 26 27 40 58 70 71
 20 26 27 40 45 58
 20 26 27 39 57 58 72
 20 26 27 39 57 58 70 71
 20 26 27 39 45 57 58
 20 26 27 38 58 72
 20 26 27 38 58 70 71
 20 26 27 38 45 58
 20 26 27 37 38 58 72
 20 26 27 37 38 58 70 71
 20 26 27 37 38 57 58 72
 20 26 27 37 38 57 58 70 71
 20 26 27 37 38 45 58
 20 26 27 37 38 45 57 58
 20 26 27 36 37 58 72
 20 26 27 36 37 58 70 71
 20 26 27 36 37 45 58
 20 26 27 36 37 39 58 72
 20 26 27 36 37 39 58 70 71
 20 26 27 36 37 39 45 58
 20 26 27 36 37 38 58 72
 20 26 27 36 37 38 58 70 71
 20 26 27 36 37 38 45 58
 20 26 27 31 58
 20 25 28 58 72
 20 25 28 58 70 71
 20 25 28 45 58
 20 25 26 27 58 72
 20 25 26 27 58 70 71
 20 25 26 27 45 58
 20 24 58
 20 24 56 57 58
 20 24 31 58
 20 23 24 28 58 72
 20 23 24 28 58 70 71
 20 23 24 28 45 58
 20 23 24 26 27 58 72
 20 23 24 26 27 58 70 71
 20 23 24 26 27 45 58
 18 68
 18 66 67
 18 62
 18 62 70
 18 62 68 69
 18 60
 18 60 72
 18 60 70
 18 60 70 71
 18 60 68 69
 18 59
 18 59 72
 18 59 70 71
 18 58 72
 18 58 72 74
 18 58 72 73
 18 58 70
 18 58 70 71
 18 58 70 71 74
 18 58 70 71 72 73
 18 58 68 69
 18 58 67 72
 18 58 67 70 71
 18 58 62 72
 18 58 62 70 71
 18 57 70
 18 57 68 69
 18 57 58
 18 57 58 74
 18 57 58 72 73
 18 57 58 70
 18 57 58 68 69
 18 57 58 60
 18 57 58 59
 18 56 70
 18 56 70 74
 18 56 70 72
 18 56 70 72 73
 18 56 70 71
 18 56 68 69
 18 56 68 69 74
 18 56 68 69 72
 18 56 68 69 72 73
 18 56 68 69 70 71
 18 56 60 70
 18 56 60 68 69
 18 56 58 60 70 74
 18 56 58 60 70 72 73
 18 56 58 60 68 69 74
 18 56 58 60 68 69 72 73
 18 56 57 58
 18 54 72
 18 54 70 71
 18 54 58 72
 18 54 58 70 71
 18 54 55 70
 18 54 55 70 74
 18 54 55 70 72
 18 54 55 70 72 73
 18 54 55 70 71
 18 54 55 68 69
 18 54 55 68 69 74
 18 54 55 68 69 72
 18 54 55 68 69 72 73
 18 54 55 68 69 70 71
 18 54 55 60 70
 18 54 55 60 68 69
 18 54 55 58
 18 54 55 58 60 70 74
 18 54 55 58 60 70 72 73
 18 54 55 58 60 68 69 74
 18 54 55 58 60 68 69 72 73
 18 54 55 56 58
 18 53
 18 53 72
 18 53 70
 18 53 70 71
 18 53 68 69
 18 53 56 70
 18 53 56 68 69
 18 52 53 58 72
 18 52 53 58 70 71
 18 51 57 58
 18 51 56 57 58
 18 49 50 57 58
 18 49 50 56 57 58
 18 47 58
 18 47 58 72
 18 47 58 70 71
 18 47 57 58
 18 47 56 70
 18 47 56 68 69
 18 47 56 58 60 70
 18 47 56 58 60 68 69
 18 47 54 55 70
 18 47 54 55 68 69
 18 47 54 55 58 60 70
 18 47 54 55 58 60 68 69
 18 45 60
 18 45 59
 18 45 58
 18 45 58 74
 18 45 58 72 73
 18 45 58 67
 18 45 58 62
 18 45 56 70
 18 45 56 68 69
 18 45 54
 18 45 54 58
 18 45 54 55 70
 18 45 54 55 68 69
 18 45 53
 18 45 52 53 58
 18 45 47 58
 18 45 46 58
 18 43 62
 18 43 60
 18 43 58
 18 43 57
 18 43 57 58
 18 43 56
 18 43 56 74
 18 43 56 72
 18 43 56 72 73
 18 43 56 70 71
 18 43 56 60
 18 43 56 58 60 74
 18 43 56 58 60 72 73
 18 43 54 55
 18 43 54 55 74
 18 43 54 55 72
 18 43 54 55 72 73
 18 43 54 55 70 71
 18 43 54 55 60
 18 43 54 55 58 60 74
 18 43 54 55 58 60 72 73
 18 43 53
 18 43 53 56
 18 43 47 56
 18 43 47 56 58 60
 18 43 47 54 55
 18 43 47 54 55 58 60
 18 43 45 56
 18 43 45 54 55
 18 41
 18 41 57 70
 18 41 57 68 69
 18 41 43 57
 18 39 58 72
 18 39 58 70 71
 18 39 45 58
 18 39 40 57 70
 18 39 40 57 68 69
 18 39 40 43 57
 18 38 58 72
 18 38 58 70 71
 18 38 45 58
 18 38 39 58 72
 18 38 39 58 70 71
 18 38 39 45 58
 18 37 62 72
 18 37 62 70
 18 37 62 70 71
 18 37 62 68 69
 18 37 45 62
 18 37 43 62
 18 36 37 58 72
 18 36 37 58 70 71
 18 36 37 45 58
 18 36 37 39 58 72
 18 36 37 39 58 70 71
 18 36 37 39 45 58
 18 36 37 38 58 72
 18 36 37 38 58 70 71
 18 36 37 38 45 58
 18 35 72 74
 18 35 72 73
 18 35 70 71 74
 18 35 70 71 72 73
 18 35 56 70
 18 35 56 68 69
 18 35 54 55 70
 18 35 54 55 68 69
 18 35 47 72
 18 35 47 70 71
 18 35 45 74
 18 35 45 72 73
 18 35 45 47
 18 35 43 56
 18 35 43 54 55
 18 33 57 58
 18 31 58
 18 31 57 58 72
 18 31 57 58 70 71
 18 31 56 57 72
 18 31 56 57 70 71
 18 31 51 57 58
 18 31 49 50 57 58
 18 31 45 57 58
 18 31 45 56 57
 18 30 60 62 72
 18 30 60 62 70 71
 18 30 57 58
 18 30 57 58 72
 18 30 57 58 70 71
 18 30 56 57 58
 18 30 45 60 62
 18 30 45 57 58
 18 30 31 57 58
 18 29 70
 18 29 70 74
 18 29 70 72
 18 29 70 72 73
 18 29 70 71
 18 29 68 69
 18 29 68 69 74
 18 29 68 69 72
 18 29 68 69 72 73
 18 29 68 69 70 71
 18 29 60 70
 18 29 60 68 69
 18 29 58
 18 29 58 60 70 74
 18 29 58 60 70 72 73
 18 29 58 60 68 69 74
 18 29 58 60 68 69 72 73
 18 29 56 58
 18 29 47 70
 18 29 47 68 69
 18 29 47 58 60 70
 18 29 47 58 60 68 69
 18 29 45 70
 18 29 45 68 69
 18 29 43
 18 29 43 74
 18 29 43 72
 18 29 43 72 73
 18 29 43 70 71
 18 29 43 60
 18 29 43 58 60 74
 18 29 43 58 60 72 73
 18 29 43 47
 18 29 43 47 58 60
 18 29 43 45
 18 29 35 70
 18 29 35 68 69
 18 29 35 43
 18 28 60 70
 18 28 60 68 69
 18 28 60 62 72 74
 18 28 60 62 72 73
 18 28 60 62 70 71 74
 18 28 60 62 70 71 72 73
 18 28 58 72
 18 28 58 70 71
 18 28 58 60
 18 28 58 59
 18 28 57 58 74
 18 28 57 58 72
 18 28 57 58 72 74
 18 28 57 58 70 71
 18 28 57 58 70 71 74
 18 28 57 58 70 71 72 73
 18 28 56 57 58 74
 18 28 56 57 58 72
 18 28 56 57 58 72 73
 18 28 56 57 58 70 71
 18 28 53 70
 18 28 53 68 69
 18 28 47 60 62 72
 18 28 47 60 62 70 71
 18 28 47 57 58
 18 28 47 57 58 72
 18 28 47 57 58 70 71
 18 28 47 56 57 58
 18 28 45 60 62 74
 18 28 45 60 62 72 73
 18 28 45 58
 18 28 45 57 58
 18 28 45 57 58 74
 18 28 45 57 58 72 73
 18 28 45 56 57 58
 18 28 45 47 60 62
 18 28 45 47 57 58
 18 28 43 60
 18 28 43 53
 18 28 37 62 70
 18 28 37 62 68 69
 18 28 37 43 62
 18 28 33 58
 18 28 31 57 58 74
 18 28 31 57 58 72
 18 28 31 57 58 72 73
 18 28 31 57 58 70 71
 18 28 31 47 57 58
 18 28 31 45 57 58
 18 28 29 60 62 72
 18 28 29 60 62 70 71
 18 28 29 57 58
 18 28 29 57 58 72
 18 28 29 57 58 70 71
 18 28 29 56 57 58
 18 28 29 45 60 62
 18 28 29 45 57 58
 18 28 29 31 57 58
 18 27 58 72
 18 27 58 70 71
 18 27 45 58
 18 26 27 60 70
 18 26 27 60 68 69
 18 26 27 60 62 72 74
 18 26 27 60 62 72 73
 18 26 27 60 62 70 71 74
 18 26 27 60 62 70 71 72 73
 18 26 27 58 72
 18 26 27 58 70 71
 18 26 27 58 60
 18 26 27 58 59
 18 26 27 57 58 74
 18 26 27 57 58 72
 18 26 27 57 58 72 74
 18 26 27 57 58 70 71
 18 26 27 57 58 70 71 74
 18 26 27 57 58 70 71 72 73
 18 26 27 56 57 58 74
 18 26 27 56 57 58 72
 18 26 27 56 57 58 72 73
 18 26 27 56 57 58 70 71
 18 26 27 53 70
 18 26 27 53 68 69
 18 26 27 47 60 62 72
 18 26 27 47 60 62 70 71
 18 26 27 47 57 58
 18 26 27 47 57 58 72
 18 26 27 47 57 58 70 71
 18 26 27 47 56 57 58
 18 26 27 45 60 62 74
 18 26 27 45 60 62 72 73
 18 26 27 45 58
 18 26 27 45 57 58
 18 26 27 45 57 58 74
 18 26 27 45 57 58 72 73
 18 26 27 45 56 57 58
 18 26 27 45 47 60 62
 18 26 27 45 47 57 58
 18 26 27 43 60
 18 26 27 43 53
 18 26 27 37 62 70
 18 26 27 37 62 68 69
 18 26 27 37 43 62
 18 26 27 33 58
 18 26 27 31 57 58 74
 18 26 27 31 57 58 72
 18 26 27 31 57 58 72 73
 18 26 27 31 57 58 70 71
 18 26 27 31 47 57 58
 18 26 27 31 45 57 58
 18 25 58 72
 18 25 58 70 71
 18 25 45 58
 18 24 57 58
 18 24 56 57 58
 18 24 31 57 58
 18 24 28 57 72
 18 24 28 57 70 71
 18 24 28 45 57
 18 24 26 27 57 72
 18 24 26 27 57 70 71
 18 24 26 27 45 57
 18 23 24 58 72
 18 23 24 58 70 71
 18 23 24 45 58
 18 20 58
 17 72
 17 70 71
 17 58 70
 17 58 68 69
 17 56 72
 17 56 70 71
 17 56 58 70
 17 56 58 68 69
 17 54 55 58 70
 17 54 55 58 68 69
 17 45
 17 45 72
 17 45 70 71
 17 45 56
 17 43 58
 17 43 56 58
 17 43 54 55 58
 17 43 44
 17 43 44 72
 17 43 44 70 71
 17 43 44 45
 17 35 72
 17 35 70 71
 17 35 45
 17 29 58 70
 17 29 58 68 69
 17 29 43 58
 17 28 35 72
 17 28 35 70 71
 17 28 35 58 72
 17 28 35 58 70 71
 17 28 35 45
 17 28 35 45 58
 17 26 27 35 72
 17 26 27 35 70 71
 17 26 27 35 58 72
 17 26 27 35 58 70 71
 17 26 27 35 45
 17 26 27 35 45 58
 17 18
 17 18 72
 17 18 70 71
 17 18 45
 16 58 72
 16 58 70
 16 58 70 71
 16 58 68 69
 16 57 72
 16 57 70 71
 16 56 58 70
 16 56 58 68 69
 16 45 58
 16 45 57
 16 43 58
 16 43 56 58
 16 35 58 72
 16 35 58 70 71
 16 35 45 58
 15 70
 15 70 72
 15 70 71
 15 68 69
 15 68 69 72
 15 68 69 70 71
 15 62 64 70 72
 15 62 64 70 71
 15 62 64 68 69 72
 15 62 64 68 69 70 71
 15 62 63 70 72
 15 62 63 70 71
 15 62 63 68 69 72
 15 62 63 68 69 70 71
 15 58 72
 15 58 72
 15 58 70
 15 58 70 71
 15 58 70 71
 15 58 68 69
 15 58 67 72
 15 58 67 70 71
 15 58 64
 15 58 64 72
 15 58 64 70 71
 15 58 62
 15 58 62 73
 15 58 62 71 72
 15 58 60 64 72
 15 58 60 64 70 71
 15 58 60 62 70
 15 58 60 62 68 69
 15 56 70 72
 15 56 70 71
 15 56 68 69 72
 15 56 68 69 70 71
 15 56 62 70
 15 56 62 68 69
 15 56 62 64 70
 15 56 62 64 68 69
 15 56 62 63 70
 15 56 62 63 68 69
 15 56 57 60 62 70
 15 56 57 60 62 68 69
 15 55 58 72
 15 55 58 70 71
 15 55 58 62
 15 55 58 60 72
 15 55 58 60 70 71
 15 53 58 60 70
 15 53 58 60 68 69
 15 53 56 57 60 70
 15 53 56 57 60 68 69
 15 51 58 60 70
 15 51 58 60 68 69
 15 51 56 57 60 70
 15 51 56 57 60 68 69
 15 50 51 58 60 70
 15 50 51 58 60 68 69
 15 50 51 56 57 60 70
 15 50 51 56 57 60 68 69
 15 49 50 58 60 70
 15 49 50 58 60 68 69
 15 49 50 56 57 60 70
 15 49 50 56 57 60 68 69
 15 49 50 52 58 60 70
 15 49 50 52 58 60 68 69
 15 49 50 52 56 57 60 70
 15 49 50 52 56 57 60 68 69
 15 49 50 51 58 60 70
 15 49 50 51 58 60 68 69
 15 49 50 51 56 57 60 70
 15 49 50 51 56 57 60 68 69
 15 46 58 62
 15 45 62 64 70
 15 45 62 64 68 69
 15 45 62 63 70
 15 45 62 63 68 69
 15 45 58
 15 45 58 74
 15 45 58 72 73
 15 45 58 70
 15 45 58 68 69
 15 45 58 67
 15 45 58 64
 15 45 58 60
 15 45 58 60 64
 15 45 58 59
 15 45 56
 15 45 56 72
 15 45 56 70
 15 45 56 70 71
 15 45 56 68 69
 15 45 56 58
 15 45 56 58 72
 15 45 56 58 70 71
 15 45 56 57
 15 45 56 57 72
 15 45 56 57 70 71
 15 45 56 57 58
 15 45 56 57 58 72
 15 45 56 57 58 70 71
 15 45 55 58
 15 45 55 58 60
 15 45 51 58
 15 45 51 56 57 58
 15 45 49 50 58
 15 45 49 50 56 57 58
 15 45 47 58
 15 43
 15 43 62 64 72
 15 43 62 64 70 71
 15 43 62 63 72
 15 43 62 63 70 71
 15 43 58
 15 43 58 60 62
 15 43 56 72
 15 43 56 70 71
 15 43 56 62
 15 43 56 62 64
 15 43 56 62 63
 15 43 56 57 60 62
 15 43 53 58 60
 15 43 53 56 57 60
 15 43 51 58 60
 15 43 51 56 57 60
 15 43 50 51 58 60
 15 43 50 51 56 57 60
 15 43 49 50 58 60
 15 43 49 50 56 57 60
 15 43 49 50 52 58 60
 15 43 49 50 52 56 57 60
 15 43 49 50 51 58 60
 15 43 49 50 51 56 57 60
 15 43 45
 15 43 45 62 64
 15 43 45 62 63
 15 43 45 58
 15 43 45 56
 15 43 44
 15 43 44 70
 15 43 44 68 69
 15 43 44 58 74
 15 43 44 58 72 73
 15 43 44 58 70
 15 43 44 58 68 69
 15 43 44 58 60
 15 43 44 58 59
 15 43 44 56 72
 15 43 44 56 70 71
 15 43 44 56 58 72
 15 43 44 56 58 70 71
 15 43 44 56 57 72
 15 43 44 56 57 70 71
 15 43 44 56 57 58 72
 15 43 44 56 57 58 70 71
 15 43 44 51 58
 15 43 44 51 56 57 58
 15 43 44 49 50 58
 15 43 44 49 50 56 57 58
 15 43 44 47 58
 15 43 44 45 56
 15 43 44 45 56 58
 15 43 44 45 56 57
 15 43 44 45 56 57 58
 15 41 58 70
 15 41 58 68 69
 15 41 56 72
 15 41 56 70 71
 15 41 45 70
 15 41 45 68 69
 15 41 45 56
 15 41 43 58
 15 41 43 45
 15 41 43 44
 15 41 43 44 70
 15 41 43 44 68 69
 15 41 42 72
 15 41 42 70 71
 15 41 42 45
 15 39 58 72
 15 39 58 70 71
 15 39 45 58
 15 39 40 58 70
 15 39 40 58 68 69
 15 39 40 56 72
 15 39 40 56 70 71
 15 39 40 45 70
 15 39 40 45 68 69
 15 39 40 45 56
 15 39 40 43 58
 15 39 40 43 45
 15 39 40 43 44
 15 39 40 43 44 70
 15 39 40 43 44 68 69
 15 38 58 72
 15 38 58 70 71
 15 38 58 60 70
 15 38 58 60 68 69
 15 38 56 57 60 70
 15 38 56 57 60 68 69
 15 38 45 58
 15 38 43 58 60
 15 38 43 56 57 60
 15 38 39 58 72
 15 38 39 58 70 71
 15 38 39 45 58
 15 37 62 70 72
 15 37 62 70 71
 15 37 62 68 69 72
 15 37 62 68 69 70 71
 15 37 58 62 72
 15 37 58 62 70 71
 15 37 56 62 70
 15 37 56 62 68 69
 15 37 45 62 70
 15 37 45 62 68 69
 15 37 45 58 62
 15 37 43 62 72
 15 37 43 62 70 71
 15 37 43 56 62
 15 37 43 45 62
 15 36 37 58 72
 15 36 37 58 70 71
 15 36 37 58 60 70
 15 36 37 58 60 68 69
 15 36 37 56 57 60 70
 15 36 37 56 57 60 68 69
 15 36 37 45 58
 15 36 37 43 58 60
 15 36 37 43 56 57 60
 15 36 37 39 58 72
 15 36 37 39 58 70 71
 15 36 37 39 45 58
 15 36 37 38 58 72
 15 36 37 38 58 70 71
 15 36 37 38 45 58
 15 35 72
 15 35 70
 15 35 70 71
 15 35 68 69
 15 35 62 72
 15 35 62 70 71
 15 35 58 72
 15 35 58 70 71
 15 35 58 64 72
 15 35 58 64 70 71
 15 35 58 60 72
 15 35 58 60 70 71
 15 35 55 58 72
 15 35 55 58 70 71
 15 35 45
 15 35 45 62
 15 35 45 58
 15 35 45 58 64
 15 35 45 58 60
 15 35 45 55 58
 15 35 43
 15 33 45 58
 15 33 43 44 58
 15 32 58 72
 15 32 58 70 71
 15 32 45 58
 15 31 60 62 70
 15 31 60 62 68 69
 15 31 53 60 70
 15 31 53 60 68 69
 15 31 51 60 70
 15 31 51 60 68 69
 15 31 50 51 60 70
 15 31 50 51 60 68 69
 15 31 49 50 60 70
 15 31 49 50 60 68 69
 15 31 49 50 52 60 70
 15 31 49 50 52 60 68 69
 15 31 49 50 51 60 70
 15 31 49 50 51 60 68 69
 15 31 45 58
 15 31 45 58 72
 15 31 45 58 70 71
 15 31 45 56
 15 31 45 56 72
 15 31 45 56 70 71
 15 31 45 51 58
 15 31 45 49 50 58
 15 31 43 60 62
 15 31 43 53 60
 15 31 43 51 60
 15 31 43 50 51 60
 15 31 43 49 50 60
 15 31 43 49 50 52 60
 15 31 43 49 50 51 60
 15 31 43 44 58 72
 15 31 43 44 58 70 71
 15 31 43 44 56 72
 15 31 43 44 56 70 71
 15 31 43 44 51 58
 15 31 43 44 49 50 58
 15 31 43 44 45 58
 15 31 43 44 45 56
 15 31 38 60 70
 15 31 38 60 68 69
 15 31 38 43 60
 15 31 36 37 60 70
 15 31 36 37 60 68 69
 15 31 36 37 43 60
 15 30 45 58 72
 15 30 45 58 70 71
 15 30 45 56 57 58
 15 30 43 44 58
 15 30 43 44 58 72
 15 30 43 44 58 70 71
 15 30 43 44 56 57 58
 15 30 43 44 45 58
 15 30 31 58 72
 15 30 31 58 70 71
 15 30 31 43 44 58
 15 28 60 62 72
 15 28 60 62 70 71
 15 28 47 58
 15 28 45 60 62
 15 28 45 58
 15 28 45 58 72
 15 28 45 58 72 74
 15 28 45 58 72 73
 15 28 45 58 70 71
 15 28 45 58 70 71 74
 15 28 45 58 70 71 72 73
 15 28 45 56 57 58
 15 28 45 56 57 58 74
 15 28 45 56 57 58 72
 15 28 45 56 57 58 72 73
 15 28 45 56 57 58 70 71
 15 28 45 47 58 72
 15 28 45 47 58 70 71
 15 28 45 47 56 57 58
 15 28 45 46 58
 15 28 43 44 58 74
 15 28 43 44 58 72
 15 28 43 44 58 72 74
 15 28 43 44 58 70 71
 15 28 43 44 58 70 71 74
 15 28 43 44 58 70 71 72 73
 15 28 43 44 56 57 58 74
 15 28 43 44 56 57 58 72
 15 28 43 44 56 57 58 72 73
 15 28 43 44 56 57 58 70 71
 15 28 43 44 47 58
 15 28 43 44 47 58 72
 15 28 43 44 47 58 70 71
 15 28 43 44 47 56 57 58
 15 28 43 44 45 58
 15 28 43 44 45 58 74
 15 28 43 44 45 58 72 73
 15 28 43 44 45 56 57 58
 15 28 43 44 45 47 58
 15 28 39 58 72
 15 28 39 58 70 71
 15 28 39 47 58 72
 15 28 39 47 58 70 71
 15 28 39 45 58
 15 28 39 45 47 58
 15 28 39 45 46 58
 15 28 39 45 46 58 72
 15 28 39 45 46 58 70 71
 15 28 37 38 58 72
 15 28 37 38 58 70 71
 15 28 37 38 47 58 72
 15 28 37 38 47 58 70 71
 15 28 37 38 45 58
 15 28 37 38 45 47 58
 15 28 37 38 45 46 58
 15 28 37 38 45 46 58 72
 15 28 37 38 45 46 58 70 71
 15 28 31 45 58
 15 28 31 45 58 74
 15 28 31 45 58 72
 15 28 31 45 58 72 73
 15 28 31 45 58 70 71
 15 28 31 45 47 58
 15 28 31 43 44 58 74
 15 28 31 43 44 58 72
 15 28 31 43 44 58 72 73
 15 28 31 43 44 58 70 71
 15 28 31 43 44 47 58
 15 28 31 43 44 45 58
 15 28 29 45 58 72
 15 28 29 45 58 70 71
 15 28 29 45 56 57 58
 15 28 29 43 44 58
 15 28 29 43 44 58 72
 15 28 29 43 44 58 70 71
 15 28 29 43 44 56 57 58
 15 28 29 43 44 45 58
 15 28 29 31 45 58
 15 28 29 31 43 44 58
 15 26 58 60 70
 15 26 58 60 68 69
 15 26 56 57 60 70
 15 26 56 57 60 68 69
 15 26 43 58 60
 15 26 43 56 57 60
 15 26 31 60 70
 15 26 31 60 68 69
 15 26 31 43 60
 15 26 27 60 62 72
 15 26 27 60 62 70 71
 15 26 27 47 58
 15 26 27 45 60 62
 15 26 27 45 58
 15 26 27 45 58 72
 15 26 27 45 58 72 74
 15 26 27 45 58 72 73
 15 26 27 45 58 70 71
 15 26 27 45 58 70 71 74
 15 26 27 45 58 70 71 72 73
 15 26 27 45 56 57 58
 15 26 27 45 56 57 58 74
 15 26 27 45 56 57 58 72
 15 26 27 45 56 57 58 72 73
 15 26 27 45 56 57 58 70 71
 15 26 27 45 47 58 72
 15 26 27 45 47 58 70 71
 15 26 27 45 47 56 57 58
 15 26 27 45 46 58
 15 26 27 43 44 58 74
 15 26 27 43 44 58 72
 15 26 27 43 44 58 72 74
 15 26 27 43 44 58 70 71
 15 26 27 43 44 58 70 71 74
 15 26 27 43 44 58 70 71 72 73
 15 26 27 43 44 56 57 58 74
 15 26 27 43 44 56 57 58 72
 15 26 27 43 44 56 57 58 72 73
 15 26 27 43 44 56 57 58 70 71
 15 26 27 43 44 47 58
 15 26 27 43 44 47 58 72
 15 26 27 43 44 47 58 70 71
 15 26 27 43 44 47 56 57 58
 15 26 27 43 44 45 58
 15 26 27 43 44 45 58 74
 15 26 27 43 44 45 58 72 73
 15 26 27 43 44 45 56 57 58
 15 26 27 43 44 45 47 58
 15 26 27 39 58 72
 15 26 27 39 58 70 71
 15 26 27 39 47 58 72
 15 26 27 39 47 58 70 71
 15 26 27 39 45 58
 15 26 27 39 45 47 58
 15 26 27 39 45 46 58
 15 26 27 39 45 46 58 72
 15 26 27 39 45 46 58 70 71
 15 26 27 37 38 58 72
 15 26 27 37 38 58 70 71
 15 26 27 37 38 47 58 72
 15 26 27 37 38 47 58 70 71
 15 26 27 37 38 45 58
 15 26 27 37 38 45 47 58
 15 26 27 37 38 45 46 58
 15 26 27 37 38 45 46 58 72
 15 26 27 37 38 45 46 58 70 71
 15 26 27 31 45 58
 15 26 27 31 45 58 74
 15 26 27 31 45 58 72
 15 26 27 31 45 58 72 73
 15 26 27 31 45 58 70 71
 15 26 27 31 45 47 58
 15 26 27 31 43 44 58 74
 15 26 27 31 43 44 58 72
 15 26 27 31 43 44 58 72 73
 15 26 27 31 43 44 58 70 71
 15 26 27 31 43 44 47 58
 15 26 27 31 43 44 45 58
 15 25 58 72
 15 25 58 70 71
 15 25 51 58 60 70
 15 25 51 58 60 68 69
 15 25 51 56 57 60 70
 15 25 51 56 57 60 68 69
 15 25 49 50 58 60 70
 15 25 49 50 58 60 68 69
 15 25 49 50 56 57 60 70
 15 25 49 50 56 57 60 68 69
 15 25 45 58
 15 25 43 51 58 60
 15 25 43 51 56 57 60
 15 25 43 49 50 58 60
 15 25 43 49 50 56 57 60
 15 25 31 51 60 70
 15 25 31 51 60 68 69
 15 25 31 49 50 60 70
 15 25 31 49 50 60 68 69
 15 25 31 43 51 60
 15 25 31 43 49 50 60
 15 24 72
 15 24 70 71
 15 24 58 60 70
 15 24 58 60 68 69
 15 24 56 57 60 70
 15 24 56 57 60 68 69
 15 24 52 58 60 70
 15 24 52 58 60 68 69
 15 24 52 56 57 60 70
 15 24 52 56 57 60 68 69
 15 24 50 51 58 60 70
 15 24 50 51 58 60 68 69
 15 24 50 51 56 57 60 70
 15 24 50 51 56 57 60 68 69
 15 24 45
 15 24 45 58
 15 24 45 56 57 58
 15 24 43 58 60
 15 24 43 56 57 60
 15 24 43 52 58 60
 15 24 43 52 56 57 60
 15 24 43 50 51 58 60
 15 24 43 50 51 56 57 60
 15 24 43 44 58
 15 24 43 44 56 57 58
 15 24 35 72
 15 24 35 70 71
 15 24 35 45
 15 24 31 60 70
 15 24 31 60 68 69
 15 24 31 52 60 70
 15 24 31 52 60 68 69
 15 24 31 50 51 60 70
 15 24 31 50 51 60 68 69
 15 24 31 45 58
 15 24 31 43 60
 15 24 31 43 52 60
 15 24 31 43 50 51 60
 15 24 31 43 44 58
 15 24 28 45
 15 24 28 45 72
 15 24 28 45 70 71
 15 24 28 43 44 72
 15 24 28 43 44 70 71
 15 24 28 43 44 45
 15 24 26 27 45
 15 24 26 27 45 72
 15 24 26 27 45 70 71
 15 24 26 27 43 44 72
 15 24 26 27 43 44 70 71
 15 24 26 27 43 44 45
 15 24 25 58 60 70
 15 24 25 58 60 68 69
 15 24 25 56 57 60 70
 15 24 25 56 57 60 68 69
 15 24 25 43 58 60
 15 24 25 43 56 57 60
 15 24 25 31 60 70
 15 24 25 31 60 68 69
 15 24 25 31 43 60
 15 23 24 58 72
 15 23 24 58 70 71
 15 23 24 45 58
 15 20 28 58
 15 20 28 39 58 72
 15 20 28 39 58 70 71
 15 20 28 39 45 58
 15 20 28 37 38 58 72
 15 20 28 37 38 58 70 71
 15 20 28 37 38 45 58
 15 20 26 27 58
 15 20 26 27 39 58 72
 15 20 26 27 39 58 70 71
 15 20 26 27 39 45 58
 15 20 26 27 37 38 58 72
 15 20 26 27 37 38 58 70 71
 15 20 26 27 37 38 45 58
 15 18 70
 15 18 68 69
 15 18 58
 15 18 58 74
 15 18 58 72 73
 15 18 58 70
 15 18 58 68 69
 15 18 58 60
 15 18 58 59
 15 18 56 72
 15 18 56 70 71
 15 18 56 58 72
 15 18 56 58 70 71
 15 18 56 57 72
 15 18 56 57 70 71
 15 18 56 57 58 72
 15 18 56 57 58 70 71
 15 18 51 58
 15 18 51 56 57 58
 15 18 49 50 58
 15 18 49 50 56 57 58
 15 18 47 58
 15 18 45 56
 15 18 45 56 58
 15 18 45 56 57
 15 18 45 56 57 58
 15 18 43
 15 18 43 58
 15 18 41 70
 15 18 41 68 69
 15 18 41 43
 15 18 39 40 70
 15 18 39 40 68 69
 15 18 39 40 43
 15 18 33 58
 15 18 31 58 72
 15 18 31 58 70 71
 15 18 31 56 72
 15 18 31 56 70 71
 15 18 31 51 58
 15 18 31 49 50 58
 15 18 31 45 58
 15 18 31 45 56
 15 18 30 58
 15 18 30 58 72
 15 18 30 58 70 71
 15 18 30 56 57 58
 15 18 30 45 58
 15 18 30 31 58
 15 18 28 58 74
 15 18 28 58 72
 15 18 28 58 72 74
 15 18 28 58 70 71
 15 18 28 58 70 71 74
 15 18 28 58 70 71 72 73
 15 18 28 56 57 58 74
 15 18 28 56 57 58 72
 15 18 28 56 57 58 72 73
 15 18 28 56 57 58 70 71
 15 18 28 47 58
 15 18 28 47 58 72
 15 18 28 47 58 70 71
 15 18 28 47 56 57 58
 15 18 28 45 58
 15 18 28 45 58 74
 15 18 28 45 58 72 73
 15 18 28 45 56 57 58
 15 18 28 45 47 58
 15 18 28 31 58 74
 15 18 28 31 58 72
 15 18 28 31 58 72 73
 15 18 28 31 58 70 71
 15 18 28 31 47 58
 15 18 28 31 45 58
 15 18 28 29 58
 15 18 28 29 58 72
 15 18 28 29 58 70 71
 15 18 28 29 56 57 58
 15 18 28 29 45 58
 15 18 28 29 31 58
 15 18 26 27 58 74
 15 18 26 27 58 72
 15 18 26 27 58 72 74
 15 18 26 27 58 70 71
 15 18 26 27 58 70 71 74
 15 18 26 27 58 70 71 72 73
 15 18 26 27 56 57 58 74
 15 18 26 27 56 57 58 72
 15 18 26 27 56 57 58 72 73
 15 18 26 27 56 57 58 70 71
 15 18 26 27 47 58
 15 18 26 27 47 58 72
 15 18 26 27 47 58 70 71
 15 18 26 27 47 56 57 58
 15 18 26 27 45 58
 15 18 26 27 45 58 74
 15 18 26 27 45 58 72 73
 15 18 26 27 45 56 57 58
 15 18 26 27 45 47 58
 15 18 26 27 31 58 74
 15 18 26 27 31 58 72
 15 18 26 27 31 58 72 73
 15 18 26 27 31 58 70 71
 15 18 26 27 31 47 58
 15 18 26 27 31 45 58
 15 18 24 58
 15 18 24 56 57 58
 15 18 24 31 58
 15 18 24 28 72
 15 18 24 28 70 71
 15 18 24 28 45
 15 18 24 26 27 72
 15 18 24 26 27 70 71
 15 18 24 26 27 45
 15 16 58 70
 15 16 58 68 69
 15 16 56 58 70
 15 16 56 58 68 69
 15 16 54 55 58 70
 15 16 54 55 58 68 69
 15 16 45 72
 15 16 45 70 71
 15 16 43 58
 15 16 43 56 58
 15 16 43 54 55 58
 15 16 43 44
 15 16 43 44 72
 15 16 43 44 70 71
 15 16 43 44 45
 15 16 35 72
 15 16 35 70 71
 15 16 35 45
 15 16 29 58 70
 15 16 29 58 68 69
 15 16 29 43 58
 15 16 28 35 72
 15 16 28 35 70 71
 15 16 28 35 58 72
 15 16 28 35 58 70 71
 15 16 28 35 45
 15 16 28 35 45 58
 15 16 26 27 35 72
 15 16 26 27 35 70 71
 15 16 26 27 35 58 72
 15 16 26 27 35 58 70 71
 15 16 26 27 35 45
 15 16 26 27 35 45 58
 15 16 18
 15 16 18 72
 15 16 18 70 71
 15 16 18 45
 14 72
 14 70 71
 14 57 58 70
 14 57 58 68 69
 14 45
 14 45 57 70
 14 45 57 68 69
 14 43 57 58
 14 43 45 57
 14 43 44 57
 14 43 44 57 70
 14 43 44 57 68 69
 14 42 56 72
 14 42 56 70 71
 14 42 45 56
 14 40 72
 14 40 70 71
 14 40 45
 14 40 41 56 72
 14 40 41 56 70 71
 14 40 41 45 56
 14 38 39 72
 14 38 39 70 71
 14 38 39 45
 14 35 72
 14 35 70 71
 14 35 45
 14 35 40 72
 14 35 40 70 71
 14 35 40 45
 14 35 38 39 72
 14 35 38 39 70 71
 14 35 38 39 45
 14 18 57 70
 14 18 57 68 69
 14 18 43 57
 14 15 58 70
 14 15 58 68 69
 14 15 56 72
 14 15 56 70 71
 14 15 45 70
 14 15 45 68 69
 14 15 45 56
 14 15 43 58
 14 15 43 45
 14 15 43 44
 14 15 43 44 70
 14 15 43 44 68 69
 14 15 18 70
 14 15 18 68 69
 14 15 18 43
 13 72
 13 70 71
 13 57 58 60 72
 13 57 58 60 70 71
 13 47 58 70
 13 47 58 68 69
 13 47 56 57 70
 13 47 56 57 68 69
 13 45
 13 45 57 58 60
 13 45 46 58 70
 13 45 46 58 68 69
 13 45 46 56 57 70
 13 45 46 56 57 68 69
 13 43 47 58
 13 43 47 56 57
 13 43 45 46 58
 13 43 45 46 56 57
 13 41 72
 13 41 70 71
 13 41 45
 13 39 40 72
 13 39 40 70 71
 13 39 40 45
 13 35 72
 13 35 70 71
 13 35 58 72
 13 35 58 70 71
 13 35 57 58 72
 13 35 57 58 70 71
 13 35 45
 13 35 45 58
 13 35 45 57 58
 13 35 41 72
 13 35 41 70 71
 13 35 41 45
 13 35 39 40 72
 13 35 39 40 70 71
 13 35 39 40 45
 13 31 47 70
 13 31 47 68 69
 13 31 45 46 70
 13 31 45 46 68 69
 13 31 43 47
 13 31 43 45 46
 13 28 47 58 72
 13 28 47 58 70 71
 13 28 45 47 58
 13 28 45 46 58
 13 28 45 46 58 72
 13 28 45 46 58 70 71
 13 26 27 47 58 72
 13 26 27 47 58 70 71
 13 26 27 45 47 58
 13 26 27 45 46 58
 13 26 27 45 46 58 72
 13 26 27 45 46 58 70 71
 13 20 58 70
 13 20 58 68 69
 13 20 56 57 70
 13 20 56 57 68 69
 13 20 43 58
 13 20 43 56 57
 13 20 31 70
 13 20 31 68 69
 13 20 31 43
 13 20 28 58 72
 13 20 28 58 70 71
 13 20 28 45 58
 13 20 26 27 58 72
 13 20 26 27 58 70 71
 13 20 26 27 45 58
 13 15 58 60 72
 13 15 58 60 70 71
 13 15 45 58 60
 13 15 35 58 72
 13 15 35 58 70 71
 13 15 35 45 58
 13 14 70
 13 14 70 72
 13 14 70 71
 13 14 68 69
 13 14 68 69 72
 13 14 68 69 70 71
 13 14 62 64 70 72
 13 14 62 64 70 71
 13 14 62 64 68 69 72
 13 14 62 64 68 69 70 71
 13 14 62 63 70 72
 13 14 62 63 70 71
 13 14 62 63 68 69 72
 13 14 62 63 68 69 70 71
 13 14 58 72
 13 14 58 72
 13 14 58 70 71
 13 14 58 70 71
 13 14 58 67 72
 13 14 58 67 70 71
 13 14 58 64
 13 14 58 64 72
 13 14 58 64 70 71
 13 14 58 62
 13 14 58 62 73
 13 14 58 62 71 72
 13 14 58 60 72
 13 14 58 60 70 71
 13 14 58 60 64 72
 13 14 58 60 64 70 71
 13 14 58 60 62 70
 13 14 58 60 62 68 69
 13 14 56 70 72
 13 14 56 70 71
 13 14 56 68 69 72
 13 14 56 68 69 70 71
 13 14 56 62 70
 13 14 56 62 68 69
 13 14 56 62 64 70
 13 14 56 62 64 68 69
 13 14 56 62 63 70
 13 14 56 62 63 68 69
 13 14 56 57 60 62 70
 13 14 56 57 60 62 68 69
 13 14 55 58 72
 13 14 55 58 70 71
 13 14 55 58 62
 13 14 55 58 60 72
 13 14 55 58 60 70 71
 13 14 53 58 60 70
 13 14 53 58 60 68 69
 13 14 53 56 57 60 70
 13 14 53 56 57 60 68 69
 13 14 51 58 60 70
 13 14 51 58 60 68 69
 13 14 51 56 57 60 70
 13 14 51 56 57 60 68 69
 13 14 50 51 58 60 70
 13 14 50 51 58 60 68 69
 13 14 50 51 56 57 60 70
 13 14 50 51 56 57 60 68 69
 13 14 49 50 58 60 70
 13 14 49 50 58 60 68 69
 13 14 49 50 56 57 60 70
 13 14 49 50 56 57 60 68 69
 13 14 49 50 52 58 60 70
 13 14 49 50 52 58 60 68 69
 13 14 49 50 52 56 57 60 70
 13 14 49 50 52 56 57 60 68 69
 13 14 49 50 51 58 60 70
 13 14 49 50 51 58 60 68 69
 13 14 49 50 51 56 57 60 70
 13 14 49 50 51 56 57 60 68 69
 13 14 46 58 62
 13 14 45 70
 13 14 45 68 69
 13 14 45 62 64 70
 13 14 45 62 64 68 69
 13 14 45 62 63 70
 13 14 45 62 63 68 69
 13 14 45 58
 13 14 45 58 74
 13 14 45 58 72 73
 13 14 45 58 70
 13 14 45 58 68 69
 13 14 45 58 67
 13 14 45 58 64
 13 14 45 58 60 64
 13 14 45 58 59
 13 14 45 56
 13 14 45 56 72
 13 14 45 56 70
 13 14 45 56 70 71
 13 14 45 56 68 69
 13 14 45 56 58
 13 14 45 56 58 72
 13 14 45 56 58 70 71
 13 14 45 56 57
 13 14 45 56 57 72
 13 14 45 56 57 70 71
 13 14 45 56 57 58
 13 14 45 56 57 58 72
 13 14 45 56 57 58 70 71
 13 14 45 55 58
 13 14 45 55 58 60
 13 14 45 51 58
 13 14 45 51 56 57 58
 13 14 45 49 50 58
 13 14 45 49 50 56 57 58
 13 14 45 47 58
 13 14 43
 13 14 43 62 64 72
 13 14 43 62 64 70 71
 13 14 43 62 63 72
 13 14 43 62 63 70 71
 13 14 43 58 60 62
 13 14 43 56 72
 13 14 43 56 70 71
 13 14 43 56 62
 13 14 43 56 62 64
 13 14 43 56 62 63
 13 14 43 56 57 60 62
 13 14 43 53 58 60
 13 14 43 53 56 57 60
 13 14 43 51 58 60
 13 14 43 51 56 57 60
 13 14 43 50 51 58 60
 13 14 43 50 51 56 57 60
 13 14 43 49 50 58 60
 13 14 43 49 50 56 57 60
 13 14 43 49 50 52 58 60
 13 14 43 49 50 52 56 57 60
 13 14 43 49 50 51 58 60
 13 14 43 49 50 51 56 57 60
 13 14 43 45 62 64
 13 14 43 45 62 63
 13 14 43 45 58
 13 14 43 45 56
 13 14 43 44 58 74
 13 14 43 44 58 72 73
 13 14 43 44 58 70
 13 14 43 44 58 68 69
 13 14 43 44 58 60
 13 14 43 44 58 59
 13 14 43 44 56 72
 13 14 43 44 56 70 71
 13 14 43 44 56 58 72
 13 14 43 44 56 58 70 71
 13 14 43 44 56 57 72
 13 14 43 44 56 57 70 71
 13 14 43 44 56 57 58 72
 13 14 43 44 56 57 58 70 71
 13 14 43 44 51 58
 13 14 43 44 51 56 57 58
 13 14 43 44 49 50 58
 13 14 43 44 49 50 56 57 58
 13 14 43 44 47 58
 13 14 43 44 45 56
 13 14 43 44 45 56 58
 13 14 43 44 45 56 57
 13 14 43 44 45 56 57 58
 13 14 41 58 70
 13 14 41 58 68 69
 13 14 41 45 70
 13 14 41 45 68 69
 13 14 41 43 58
 13 14 41 43 45
 13 14 41 43 44
 13 14 41 43 44 70
 13 14 41 43 44 68 69
 13 14 41 42 72
 13 14 41 42 70 71
 13 14 41 42 45
 13 14 39 58 72
 13 14 39 58 70 71
 13 14 39 45 58
 13 14 39 40 58 70
 13 14 39 40 58 68 69
 13 14 39 40 45 70
 13 14 39 40 45 68 69
 13 14 39 40 43 58
 13 14 39 40 43 45
 13 14 39 40 43 44
 13 14 39 40 43 44 70
 13 14 39 40 43 44 68 69
 13 14 38 58 72
 13 14 38 58 70 71
 13 14 38 58 60 70
 13 14 38 58 60 68 69
 13 14 38 56 57 60 70
 13 14 38 56 57 60 68 69
 13 14 38 45 58
 13 14 38 43 58 60
 13 14 38 43 56 57 60
 13 14 38 39 58 72
 13 14 38 39 58 70 71
 13 14 38 39 45 58
 13 14 37 62 70 72
 13 14 37 62 70 71
 13 14 37 62 68 69 72
 13 14 37 62 68 69 70 71
 13 14 37 58 62 72
 13 14 37 58 62 70 71
 13 14 37 56 62 70
 13 14 37 56 62 68 69
 13 14 37 45 62 70
 13 14 37 45 62 68 69
 13 14 37 45 58 62
 13 14 37 43 62 72
 13 14 37 43 62 70 71
 13 14 37 43 56 62
 13 14 37 43 45 62
 13 14 36 37 58 72
 13 14 36 37 58 70 71
 13 14 36 37 58 60 70
 13 14 36 37 58 60 68 69
 13 14 36 37 56 57 60 70
 13 14 36 37 56 57 60 68 69
 13 14 36 37 45 58
 13 14 36 37 43 58 60
 13 14 36 37 43 56 57 60
 13 14 36 37 39 58 72
 13 14 36 37 39 58 70 71
 13 14 36 37 39 45 58
 13 14 36 37 38 58 72
 13 14 36 37 38 58 70 71
 13 14 36 37 38 45 58
 13 14 35 72
 13 14 35 70
 13 14 35 70 71
 13 14 35 68 69
 13 14 35 62 72
 13 14 35 62 70 71
 13 14 35 58 64 72
 13 14 35 58 64 70 71
 13 14 35 58 60 72
 13 14 35 58 60 70 71
 13 14 35 55 58 72
 13 14 35 55 58 70 71
 13 14 35 45
 13 14 35 45 62
 13 14 35 45 58 64
 13 14 35 45 58 60
 13 14 35 45 55 58
 13 14 35 43
 13 14 33 45 58
 13 14 33 43 44 58
 13 14 32 58 72
 13 14 32 58 70 71
 13 14 32 45 58
 13 14 31 60 62 70
 13 14 31 60 62 68 69
 13 14 31 53 60 70
 13 14 31 53 60 68 69
 13 14 31 51 60 70
 13 14 31 51 60 68 69
 13 14 31 50 51 60 70
 13 14 31 50 51 60 68 69
 13 14 31 49 50 60 70
 13 14 31 49 50 60 68 69
 13 14 31 49 50 52 60 70
 13 14 31 49 50 52 60 68 69
 13 14 31 49 50 51 60 70
 13 14 31 49 50 51 60 68 69
 13 14 31 45 58
 13 14 31 45 58 72
 13 14 31 45 58 70 71
 13 14 31 45 56
 13 14 31 45 56 72
 13 14 31 45 56 70 71
 13 14 31 45 51 58
 13 14 31 45 49 50 58
 13 14 31 43 60 62
 13 14 31 43 53 60
 13 14 31 43 51 60
 13 14 31 43 50 51 60
 13 14 31 43 49 50 60
 13 14 31 43 49 50 52 60
 13 14 31 43 49 50 51 60
 13 14 31 43 44 58 72
 13 14 31 43 44 58 70 71
 13 14 31 43 44 56 72
 13 14 31 43 44 56 70 71
 13 14 31 43 44 51 58
 13 14 31 43 44 49 50 58
 13 14 31 43 44 45 58
 13 14 31 43 44 45 56
 13 14 31 38 60 70
 13 14 31 38 60 68 69
 13 14 31 38 43 60
 13 14 31 36 37 60 70
 13 14 31 36 37 60 68 69
 13 14 31 36 37 43 60
 13 14 30 45 58 72
 13 14 30 45 58 70 71
 13 14 30 45 56 57 58
 13 14 30 43 44 58
 13 14 30 43 44 58 72
 13 14 30 43 44 58 70 71
 13 14 30 43 44 56 57 58
 13 14 30 43 44 45 58
 13 14 30 31 58 72
 13 14 30 31 58 70 71
 13 14 30 31 43 44 58
 13 14 28 60 62 72
 13 14 28 60 62 70 71
 13 14 28 47 58
 13 14 28 45 60 62
 13 14 28 45 58
 13 14 28 45 58 72
 13 14 28 45 58 72 74
 13 14 28 45 58 72 73
 13 14 28 45 58 70 71
 13 14 28 45 58 70 71 74
 13 14 28 45 58 70 71 72 73
 13 14 28 45 56 57 58
 13 14 28 45 56 57 58 74
 13 14 28 45 56 57 58 72
 13 14 28 45 56 57 58 72 73
 13 14 28 45 56 57 58 70 71
 13 14 28 45 47 58 72
 13 14 28 45 47 58 70 71
 13 14 28 45 47 56 57 58
 13 14 28 45 46 58
 13 14 28 43 44 58 74
 13 14 28 43 44 58 72
 13 14 28 43 44 58 72 74
 13 14 28 43 44 58 70 71
 13 14 28 43 44 58 70 71 74
 13 14 28 43 44 58 70 71 72 73
 13 14 28 43 44 56 57 58 74
 13 14 28 43 44 56 57 58 72
 13 14 28 43 44 56 57 58 72 73
 13 14 28 43 44 56 57 58 70 71
 13 14 28 43 44 47 58
 13 14 28 43 44 47 58 72
 13 14 28 43 44 47 58 70 71
 13 14 28 43 44 47 56 57 58
 13 14 28 43 44 45 58
 13 14 28 43 44 45 58 74
 13 14 28 43 44 45 58 72 73
 13 14 28 43 44 45 56 57 58
 13 14 28 43 44 45 47 58
 13 14 28 39 58 72
 13 14 28 39 58 70 71
 13 14 28 39 47 58 72
 13 14 28 39 47 58 70 71
 13 14 28 39 45 58
 13 14 28 39 45 47 58
 13 14 28 39 45 46 58
 13 14 28 39 45 46 58 72
 13 14 28 39 45 46 58 70 71
 13 14 28 37 38 58 72
 13 14 28 37 38 58 70 71
 13 14 28 37 38 47 58 72
 13 14 28 37 38 47 58 70 71
 13 14 28 37 38 45 58
 13 14 28 37 38 45 47 58
 13 14 28 37 38 45 46 58
 13 14 28 37 38 45 46 58 72
 13 14 28 37 38 45 46 58 70 71
 13 14 28 31 45 58
 13 14 28 31 45 58 74
 13 14 28 31 45 58 72
 13 14 28 31 45 58 72 73
 13 14 28 31 45 58 70 71
 13 14 28 31 45 47 58
 13 14 28 31 43 44 58 74
 13 14 28 31 43 44 58 72
 13 14 28 31 43 44 58 72 73
 13 14 28 31 43 44 58 70 71
 13 14 28 31 43 44 47 58
 13 14 28 31 43 44 45 58
 13 14 28 29 45 58 72
 13 14 28 29 45 58 70 71
 13 14 28 29 45 56 57 58
 13 14 28 29 43 44 58
 13 14 28 29 43 44 58 72
 13 14 28 29 43 44 58 70 71
 13 14 28 29 43 44 56 57 58
 13 14 28 29 43 44 45 58
 13 14 28 29 31 45 58
 13 14 28 29 31 43 44 58
 13 14 26 58 60 70
 13 14 26 58 60 68 69
 13 14 26 56 57 60 70
 13 14 26 56 57 60 68 69
 13 14 26 43 58 60
 13 14 26 43 56 57 60
 13 14 26 31 60 70
 13 14 26 31 60 68 69
 13 14 26 31 43 60
 13 14 26 27 60 62 72
 13 14 26 27 60 62 70 71
 13 14 26 27 47 58
 13 14 26 27 45 60 62
 13 14 26 27 45 58
 13 14 26 27 45 58 72
 13 14 26 27 45 58 72 74
 13 14 26 27 45 58 72 73
 13 14 26 27 45 58 70 71
 13 14 26 27 45 58 70 71 74
 13 14 26 27 45 58 70 71 72 73
 13 14 26 27 45 56 57 58
 13 14 26 27 45 56 57 58 74
 13 14 26 27 45 56 57 58 72
 13 14 26 27 45 56 57 58 72 73
 13 14 26 27 45 56 57 58 70 71
 13 14 26 27 45 47 58 72
 13 14 26 27 45 47 58 70 71
 13 14 26 27 45 47 56 57 58
 13 14 26 27 45 46 58
 13 14 26 27 43 44 58 74
 13 14 26 27 43 44 58 72
 13 14 26 27 43 44 58 72 74
 13 14 26 27 43 44 58 70 71
 13 14 26 27 43 44 58 70 71 74
 13 14 26 27 43 44 58 70 71 72 73
 13 14 26 27 43 44 56 57 58 74
 13 14 26 27 43 44 56 57 58 72
 13 14 26 27 43 44 56 57 58 72 73
 13 14 26 27 43 44 56 57 58 70 71
 13 14 26 27 43 44 47 58
 13 14 26 27 43 44 47 58 72
 13 14 26 27 43 44 47 58 70 71
 13 14 26 27 43 44 47 56 57 58
 13 14 26 27 43 44 45 58
 13 14 26 27 43 44 45 58 74
 13 14 26 27 43 44 45 58 72 73
 13 14 26 27 43 44 45 56 57 58
 13 14 26 27 43 44 45 47 58
 13 14 26 27 39 58 72
 13 14 26 27 39 58 70 71
 13 14 26 27 39 47 58 72
 13 14 26 27 39 47 58 70 71
 13 14 26 27 39 45 58
 13 14 26 27 39 45 47 58
 13 14 26 27 39 45 46 58
 13 14 26 27 39 45 46 58 72
 13 14 26 27 39 45 46 58 70 71
 13 14 26 27 37 38 58 72
 13 14 26 27 37 38 58 70 71
 13 14 26 27 37 38 47 58 72
 13 14 26 27 37 38 47 58 70 71
 13 14 26 27 37 38 45 58
 13 14 26 27 37 38 45 47 58
 13 14 26 27 37 38 45 46 58
 13 14 26 27 37 38 45 46 58 72
 13 14 26 27 37 38 45 46 58 70 71
 13 14 26 27 31 45 58
 13 14 26 27 31 45 58 74
 13 14 26 27 31 45 58 72
 13 14 26 27 31 45 58 72 73
 13 14 26 27 31 45 58 70 71
 13 14 26 27 31 45 47 58
 13 14 26 27 31 43 44 58 74
 13 14 26 27 31 43 44 58 72
 13 14 26 27 31 43 44 58 72 73
 13 14 26 27 31 43 44 58 70 71
 13 14 26 27 31 43 44 47 58
 13 14 26 27 31 43 44 45 58
 13 14 25 58 72
 13 14 25 58 70 71
 13 14 25 51 58 60 70
 13 14 25 51 58 60 68 69
 13 14 25 51 56 57 60 70
 13 14 25 51 56 57 60 68 69
 13 14 25 49 50 58 60 70
 13 14 25 49 50 58 60 68 69
 13 14 25 49 50 56 57 60 70
 13 14 25 49 50 56 57 60 68 69
 13 14 25 45 58
 13 14 25 43 51 58 60
 13 14 25 43 51 56 57 60
 13 14 25 43 49 50 58 60
 13 14 25 43 49 50 56 57 60
 13 14 25 31 51 60 70
 13 14 25 31 51 60 68 69
 13 14 25 31 49 50 60 70
 13 14 25 31 49 50 60 68 69
 13 14 25 31 43 51 60
 13 14 25 31 43 49 50 60
 13 14 24 72
 13 14 24 70 71
 13 14 24 58 60 70
 13 14 24 58 60 68 69
 13 14 24 56 57 60 70
 13 14 24 56 57 60 68 69
 13 14 24 52 58 60 70
 13 14 24 52 58 60 68 69
 13 14 24 52 56 57 60 70
 13 14 24 52 56 57 60 68 69
 13 14 24 50 51 58 60 70
 13 14 24 50 51 58 60 68 69
 13 14 24 50 51 56 57 60 70
 13 14 24 50 51 56 57 60 68 69
 13 14 24 45
 13 14 24 45 58
 13 14 24 45 56 57 58
 13 14 24 43 58 60
 13 14 24 43 56 57 60
 13 14 24 43 52 58 60
 13 14 24 43 52 56 57 60
 13 14 24 43 50 51 58 60
 13 14 24 43 50 51 56 57 60
 13 14 24 43 44 58
 13 14 24 43 44 56 57 58
 13 14 24 35 72
 13 14 24 35 70 71
 13 14 24 35 45
 13 14 24 31 60 70
 13 14 24 31 60 68 69
 13 14 24 31 52 60 70
 13 14 24 31 52 60 68 69
 13 14 24 31 50 51 60 70
 13 14 24 31 50 51 60 68 69
 13 14 24 31 45 58
 13 14 24 31 43 60
 13 14 24 31 43 52 60
 13 14 24 31 43 50 51 60
 13 14 24 31 43 44 58
 13 14 24 28 45
 13 14 24 28 45 72
 13 14 24 28 45 70 71
 13 14 24 28 43 44 72
 13 14 24 28 43 44 70 71
 13 14 24 28 43 44 45
 13 14 24 26 27 45
 13 14 24 26 27 45 72
 13 14 24 26 27 45 70 71
 13 14 24 26 27 43 44 72
 13 14 24 26 27 43 44 70 71
 13 14 24 26 27 43 44 45
 13 14 24 25 58 60 70
 13 14 24 25 58 60 68 69
 13 14 24 25 56 57 60 70
 13 14 24 25 56 57 60 68 69
 13 14 24 25 43 58 60
 13 14 24 25 43 56 57 60
 13 14 24 25 31 60 70
 13 14 24 25 31 60 68 69
 13 14 24 25 31 43 60
 13 14 23 24 58 72
 13 14 23 24 58 70 71
 13 14 23 24 45 58
 13 14 20 28 58
 13 14 20 28 39 58 72
 13 14 20 28 39 58 70 71
 13 14 20 28 39 45 58
 13 14 20 28 37 38 58 72
 13 14 20 28 37 38 58 70 71
 13 14 20 28 37 38 45 58
 13 14 20 26 27 58
 13 14 20 26 27 39 58 72
 13 14 20 26 27 39 58 70 71
 13 14 20 26 27 39 45 58
 13 14 20 26 27 37 38 58 72
 13 14 20 26 27 37 38 58 70 71
 13 14 20 26 27 37 38 45 58
 13 14 18 58
 13 14 18 58 74
 13 14 18 58 72 73
 13 14 18 58 70
 13 14 18 58 68 69
 13 14 18 58 60
 13 14 18 58 59
 13 14 18 56 72
 13 14 18 56 70 71
 13 14 18 56 58 72
 13 14 18 56 58 70 71
 13 14 18 56 57 72
 13 14 18 56 57 70 71
 13 14 18 56 57 58 72
 13 14 18 56 57 58 70 71
 13 14 18 51 58
 13 14 18 51 56 57 58
 13 14 18 49 50 58
 13 14 18 49 50 56 57 58
 13 14 18 47 58
 13 14 18 45 56
 13 14 18 45 56 58
 13 14 18 45 56 57
 13 14 18 45 56 57 58
 13 14 18 43 58
 13 14 18 41 70
 13 14 18 41 68 69
 13 14 18 41 43
 13 14 18 39 40 70
 13 14 18 39 40 68 69
 13 14 18 39 40 43
 13 14 18 33 58
 13 14 18 31 58 72
 13 14 18 31 58 70 71
 13 14 18 31 56 72
 13 14 18 31 56 70 71
 13 14 18 31 51 58
 13 14 18 31 49 50 58
 13 14 18 31 45 58
 13 14 18 31 45 56
 13 14 18 30 58
 13 14 18 30 58 72
 13 14 18 30 58 70 71
 13 14 18 30 56 57 58
 13 14 18 30 45 58
 13 14 18 30 31 58
 13 14 18 28 58 74
 13 14 18 28 58 72
 13 14 18 28 58 72 74
 13 14 18 28 58 70 71
 13 14 18 28 58 70 71 74
 13 14 18 28 58 70 71 72 73
 13 14 18 28 56 57 58 74
 13 14 18 28 56 57 58 72
 13 14 18 28 56 57 58 72 73
 13 14 18 28 56 57 58 70 71
 13 14 18 28 47 58
 13 14 18 28 47 58 72
 13 14 18 28 47 58 70 71
 13 14 18 28 47 56 57 58
 13 14 18 28 45 58
 13 14 18 28 45 58 74
 13 14 18 28 45 58 72 73
 13 14 18 28 45 56 57 58
 13 14 18 28 45 47 58
 13 14 18 28 31 58 74
 13 14 18 28 31 58 72
 13 14 18 28 31 58 72 73
 13 14 18 28 31 58 70 71
 13 14 18 28 31 47 58
 13 14 18 28 31 45 58
 13 14 18 28 29 58
 13 14 18 28 29 58 72
 13 14 18 28 29 58 70 71
 13 14 18 28 29 56 57 58
 13 14 18 28 29 45 58
 13 14 18 28 29 31 58
 13 14 18 26 27 58 74
 13 14 18 26 27 58 72
 13 14 18 26 27 58 72 74
 13 14 18 26 27 58 70 71
 13 14 18 26 27 58 70 71 74
 13 14 18 26 27 58 70 71 72 73
 13 14 18 26 27 56 57 58 74
 13 14 18 26 27 56 57 58 72
 13 14 18 26 27 56 57 58 72 73
 13 14 18 26 27 56 57 58 70 71
 13 14 18 26 27 47 58
 13 14 18 26 27 47 58 72
 13 14 18 26 27 47 58 70 71
 13 14 18 26 27 47 56 57 58
 13 14 18 26 27 45 58
 13 14 18 26 27 45 58 74
 13 14 18 26 27 45 58 72 73
 13 14 18 26 27 45 56 57 58
 13 14 18 26 27 45 47 58
 13 14 18 26 27 31 58 74
 13 14 18 26 27 31 58 72
 13 14 18 26 27 31 58 72 73
 13 14 18 26 27 31 58 70 71
 13 14 18 26 27 31 47 58
 13 14 18 26 27 31 45 58
 13 14 18 24 58
 13 14 18 24 56 57 58
 13 14 18 24 31 58
 13 14 18 24 28 72
 13 14 18 24 28 70 71
 13 14 18 24 28 45
 13 14 18 24 26 27 72
 13 14 18 24 26 27 70 71
 13 14 18 24 26 27 45
 13 14 16 72
 13 14 16 70 71
 13 14 16 45
 12 57 58 72
 12 57 58 70 71
 12 45 58
 12 45 58 72
 12 45 58 70 71
 12 45 57 58
 12 43 44 58 72
 12 43 44 58 70 71
 12 43 44 45 58
 12 38 57 58 72
 12 38 57 58 70 71
 12 38 45 58
 12 38 45 58 72
 12 38 45 58 70 71
 12 38 45 57 58
 12 38 43 44 58 72
 12 38 43 44 58 70 71
 12 38 43 44 45 58
 12 36 37 57 58 72
 12 36 37 57 58 70 71
 12 36 37 45 58
 12 36 37 45 58 72
 12 36 37 45 58 70 71
 12 36 37 45 57 58
 12 36 37 43 44 58 72
 12 36 37 43 44 58 70 71
 12 36 37 43 44 45 58
 12 28 58 72
 12 28 58 70 71
 12 28 57 58 72
 12 28 57 58 70 71
 12 28 47 57 58 72
 12 28 47 57 58 70 71
 12 28 45 58
 12 28 45 57 58
 12 28 45 47 57 58
 12 28 45 46 57 58
 12 28 45 46 57 58 72
 12 28 45 46 57 58 70 71
 12 28 38 58 72
 12 28 38 58 70 71
 12 28 38 47 58 72
 12 28 38 47 58 70 71
 12 28 38 45 58
 12 28 38 45 47 58
 12 28 38 45 46 58
 12 28 38 45 46 58 72
 12 28 38 45 46 58 70 71
 12 28 36 37 58 72
 12 28 36 37 58 70 71
 12 28 36 37 47 58 72
 12 28 36 37 47 58 70 71
 12 28 36 37 45 58
 12 28 36 37 45 47 58
 12 28 36 37 45 46 58
 12 28 36 37 45 46 58 72
 12 28 36 37 45 46 58 70 71
 12 26 27 58 72
 12 26 27 58 70 71
 12 26 27 57 58 72
 12 26 27 57 58 70 71
 12 26 27 47 57 58 72
 12 26 27 47 57 58 70 71
 12 26 27 45 58
 12 26 27 45 57 58
 12 26 27 45 47 57 58
 12 26 27 45 46 57 58
 12 26 27 45 46 57 58 72
 12 26 27 45 46 57 58 70 71
 12 26 27 38 58 72
 12 26 27 38 58 70 71
 12 26 27 38 47 58 72
 12 26 27 38 47 58 70 71
 12 26 27 38 45 58
 12 26 27 38 45 47 58
 12 26 27 38 45 46 58
 12 26 27 38 45 46 58 72
 12 26 27 38 45 46 58 70 71
 12 26 27 36 37 58 72
 12 26 27 36 37 58 70 71
 12 26 27 36 37 47 58 72
 12 26 27 36 37 47 58 70 71
 12 26 27 36 37 45 58
 12 26 27 36 37 45 47 58
 12 26 27 36 37 45 46 58
 12 26 27 36 37 45 46 58 72
 12 26 27 36 37 45 46 58 70 71
 12 20 28 57 58 72
 12 20 28 57 58 70 71
 12 20 28 45 57 58
 12 20 28 38 58 72
 12 20 28 38 58 70 71
 12 20 28 38 45 58
 12 20 28 36 37 58 72
 12 20 28 36 37 58 70 71
 12 20 28 36 37 45 58
 12 20 26 27 57 58 72
 12 20 26 27 57 58 70 71
 12 20 26 27 45 57 58
 12 20 26 27 38 58 72
 12 20 26 27 38 58 70 71
 12 20 26 27 38 45 58
 12 20 26 27 36 37 58 72
 12 20 26 27 36 37 58 70 71
 12 20 26 27 36 37 45 58
 12 18 58 72
 12 18 58 70 71
 12 18 45 58
 12 18 38 58 72
 12 18 38 58 70 71
 12 18 38 45 58
 12 18 36 37 58 72
 12 18 36 37 58 70 71
 12 18 36 37 45 58
 12 15 58 72
 12 15 58 70 71
 12 15 45 58
 12 15 38 58 72
 12 15 38 58 70 71
 12 15 38 45 58
 12 15 36 37 58 72
 12 15 36 37 58 70 71
 12 15 36 37 45 58
 12 15 28 58 72
 12 15 28 58 70 71
 12 15 28 47 58 72
 12 15 28 47 58 70 71
 12 15 28 45 58
 12 15 28 45 47 58
 12 15 28 45 46 58
 12 15 28 45 46 58 72
 12 15 28 45 46 58 70 71
 12 15 26 27 58 72
 12 15 26 27 58 70 71
 12 15 26 27 47 58 72
 12 15 26 27 47 58 70 71
 12 15 26 27 45 58
 12 15 26 27 45 47 58
 12 15 26 27 45 46 58
 12 15 26 27 45 46 58 72
 12 15 26 27 45 46 58 70 71
 12 15 20 28 58 72
 12 15 20 28 58 70 71
 12 15 20 28 45 58
 12 15 20 26 27 58 72
 12 15 20 26 27 58 70 71
 12 15 20 26 27 45 58
 12 13 14 58 72
 12 13 14 58 70 71
 12 13 14 45 58
 12 13 14 38 58 72
 12 13 14 38 58 70 71
 12 13 14 38 45 58
 12 13 14 36 37 58 72
 12 13 14 36 37 58 70 71
 12 13 14 36 37 45 58
 12 13 14 28 58 72
 12 13 14 28 58 70 71
 12 13 14 28 47 58 72
 12 13 14 28 47 58 70 71
 12 13 14 28 45 58
 12 13 14 28 45 47 58
 12 13 14 28 45 46 58
 12 13 14 28 45 46 58 72
 12 13 14 28 45 46 58 70 71
 12 13 14 26 27 58 72
 12 13 14 26 27 58 70 71
 12 13 14 26 27 47 58 72
 12 13 14 26 27 47 58 70 71
 12 13 14 26 27 45 58
 12 13 14 26 27 45 47 58
 12 13 14 26 27 45 46 58
 12 13 14 26 27 45 46 58 72
 12 13 14 26 27 45 46 58 70 71
 12 13 14 20 28 58 72
 12 13 14 20 28 58 70 71
 12 13 14 20 28 45 58
 12 13 14 20 26 27 58 72
 12 13 14 20 26 27 58 70 71
 12 13 14 20 26 27 45 58
 11 58 72
 11 58 70 71
 11 57 58 72
 11 57 58 70 71
 11 57 58 60 70
 11 57 58 60 68 69
 11 56 57 60 70
 11 56 57 60 68 69
 11 45 72
 11 45 70
 11 45 70 71
 11 45 68 69
 11 45 58 72
 11 45 58 70 71
 11 45 57 58 72
 11 45 57 58 70 71
 11 45 56 70
 11 45 56 68 69
 11 43 57 58 60
 11 43 56 57 60
 11 43 45
 11 43 45 56
 11 43 44 72
 11 43 44 70
 11 43 44 70 71
 11 43 44 68 69
 11 43 44 58 72
 11 43 44 58 70 71
 11 43 44 57 58 72
 11 43 44 57 58 70 71
 11 43 44 56
 11 43 44 56 70
 11 43 44 56 68 69
 11 43 44 45
 11 43 44 45 58
 11 43 44 45 57 58
 11 39 57 58 72
 11 39 57 58 70 71
 11 39 45 58
 11 39 45 58 72
 11 39 45 58 70 71
 11 39 45 57 58
 11 39 43 44 58 72
 11 39 43 44 58 70 71
 11 39 43 44 45 58
 11 37 38 57 58 72
 11 37 38 57 58 70 71
 11 37 38 45 58
 11 37 38 45 58 72
 11 37 38 45 58 70 71
 11 37 38 45 57 58
 11 37 38 43 44 58 72
 11 37 38 43 44 58 70 71
 11 37 38 43 44 45 58
 11 31 57 60 70
 11 31 57 60 68 69
 11 31 43 57 60
 11 30 58
 11 28 58
 11 28 58 72
 11 28 58 70 71
 11 28 57 58 72
 11 28 57 58 70 71
 11 28 47 57 58 72
 11 28 47 57 58 70 71
 11 28 45 70
 11 28 45 68 69
 11 28 45 58
 11 28 45 57 58
 11 28 45 47 57 58
 11 28 45 46 57 58
 11 28 45 46 57 58 72
 11 28 45 46 57 58 70 71
 11 28 43 45
 11 28 43 44
 11 28 43 44 70
 11 28 43 44 68 69
 11 28 39 58 72
 11 28 39 58 70 71
 11 28 39 47 58 72
 11 28 39 47 58 70 71
 11 28 39 45 58
 11 28 39 45 47 58
 11 28 39 45 46 58
 11 28 39 45 46 58 72
 11 28 39 45 46 58 70 71
 11 28 37 38 58 72
 11 28 37 38 58 70 71
 11 28 37 38 47 58 72
 11 28 37 38 47 58 70 71
 11 28 37 38 45 58
 11 28 37 38 45 47 58
 11 28 37 38 45 46 58
 11 28 37 38 45 46 58 72
 11 28 37 38 45 46 58 70 71
 11 28 29 58
 11 26 27 58
 11 26 27 58 72
 11 26 27 58 70 71
 11 26 27 57 58 72
 11 26 27 57 58 70 71
 11 26 27 47 57 58 72
 11 26 27 47 57 58 70 71
 11 26 27 45 70
 11 26 27 45 68 69
 11 26 27 45 58
 11 26 27 45 57 58
 11 26 27 45 47 57 58
 11 26 27 45 46 57 58
 11 26 27 45 46 57 58 72
 11 26 27 45 46 57 58 70 71
 11 26 27 43 45
 11 26 27 43 44
 11 26 27 43 44 70
 11 26 27 43 44 68 69
 11 26 27 39 58 72
 11 26 27 39 58 70 71
 11 26 27 39 47 58 72
 11 26 27 39 47 58 70 71
 11 26 27 39 45 58
 11 26 27 39 45 47 58
 11 26 27 39 45 46 58
 11 26 27 39 45 46 58 72
 11 26 27 39 45 46 58 70 71
 11 26 27 37 38 58 72
 11 26 27 37 38 58 70 71
 11 26 27 37 38 47 58 72
 11 26 27 37 38 47 58 70 71
 11 26 27 37 38 45 58
 11 26 27 37 38 45 47 58
 11 26 27 37 38 45 46 58
 11 26 27 37 38 45 46 58 72
 11 26 27 37 38 45 46 58 70 71
 11 20 28 57 58 72
 11 20 28 57 58 70 71
 11 20 28 45 57 58
 11 20 28 39 58 72
 11 20 28 39 58 70 71
 11 20 28 39 45 58
 11 20 28 37 38 58 72
 11 20 28 37 38 58 70 71
 11 20 28 37 38 45 58
 11 20 26 27 57 58 72
 11 20 26 27 57 58 70 71
 11 20 26 27 45 57 58
 11 20 26 27 39 58 72
 11 20 26 27 39 58 70 71
 11 20 26 27 39 45 58
 11 20 26 27 37 38 58 72
 11 20 26 27 37 38 58 70 71
 11 20 26 27 37 38 45 58
 11 18
 11 18 72
 11 18 70
 11 18 70 71
 11 18 68 69
 11 18 58 72
 11 18 58 70 71
 11 18 57 58 72
 11 18 57 58 70 71
 11 18 56 70
 11 18 56 68 69
 11 18 45
 11 18 45 58
 11 18 45 57 58
 11 18 43
 11 18 43 56
 11 18 39 58 72
 11 18 39 58 70 71
 11 18 39 45 58
 11 18 37 38 58 72
 11 18 37 38 58 70 71
 11 18 37 38 45 58
 11 18 28 70
 11 18 28 68 69
 11 18 28 43
 11 18 26 27 70
 11 18 26 27 68 69
 11 18 26 27 43
 11 15 58 72
 11 15 58 70 71
 11 15 58 60 70
 11 15 58 60 68 69
 11 15 56 57 60 70
 11 15 56 57 60 68 69
 11 15 45 58 72
 11 15 45 58 70 71
 11 15 43 58 60
 11 15 43 56 57 60
 11 15 43 44 58 72
 11 15 43 44 58 70 71
 11 15 43 44 45 58
 11 15 39 58 72
 11 15 39 58 70 71
 11 15 39 45 58
 11 15 37 38 58 72
 11 15 37 38 58 70 71
 11 15 37 38 45 58
 11 15 31 60 70
 11 15 31 60 68 69
 11 15 31 43 60
 11 15 28 58 72
 11 15 28 58 70 71
 11 15 28 47 58 72
 11 15 28 47 58 70 71
 11 15 28 45 58
 11 15 28 45 47 58
 11 15 28 45 46 58
 11 15 28 45 46 58 72
 11 15 28 45 46 58 70 71
 11 15 26 27 58 72
 11 15 26 27 58 70 71
 11 15 26 27 47 58 72
 11 15 26 27 47 58 70 71
 11 15 26 27 45 58
 11 15 26 27 45 47 58
 11 15 26 27 45 46 58
 11 15 26 27 45 46 58 72
 11 15 26 27 45 46 58 70 71
 11 15 20 28 58 72
 11 15 20 28 58 70 71
 11 15 20 28 45 58
 11 15 20 26 27 58 72
 11 15 20 26 27 58 70 71
 11 15 20 26 27 45 58
 11 15 18 58 72
 11 15 18 58 70 71
 11 15 18 45 58
 11 13 14 58 72
 11 13 14 58 70 71
 11 13 14 58 60 70
 11 13 14 58 60 68 69
 11 13 14 56 57 60 70
 11 13 14 56 57 60 68 69
 11 13 14 45 58 72
 11 13 14 45 58 70 71
 11 13 14 43 58 60
 11 13 14 43 56 57 60
 11 13 14 43 44 58 72
 11 13 14 43 44 58 70 71
 11 13 14 43 44 45 58
 11 13 14 39 58 72
 11 13 14 39 58 70 71
 11 13 14 39 45 58
 11 13 14 37 38 58 72
 11 13 14 37 38 58 70 71
 11 13 14 37 38 45 58
 11 13 14 31 60 70
 11 13 14 31 60 68 69
 11 13 14 31 43 60
 11 13 14 28 58 72
 11 13 14 28 58 70 71
 11 13 14 28 47 58 72
 11 13 14 28 47 58 70 71
 11 13 14 28 45 58
 11 13 14 28 45 47 58
 11 13 14 28 45 46 58
 11 13 14 28 45 46 58 72
 11 13 14 28 45 46 58 70 71
 11 13 14 26 27 58 72
 11 13 14 26 27 58 70 71
 11 13 14 26 27 47 58 72
 11 13 14 26 27 47 58 70 71
 11 13 14 26 27 45 58
 11 13 14 26 27 45 47 58
 11 13 14 26 27 45 46 58
 11 13 14 26 27 45 46 58 72
 11 13 14 26 27 45 46 58 70 71
 11 13 14 20 28 58 72
 11 13 14 20 28 58 70 71
 11 13 14 20 28 45 58
 11 13 14 20 26 27 58 72
 11 13 14 20 26 27 58 70 71
 11 13 14 20 26 27 45 58
 11 13 14 18 58 72
 11 13 14 18 58 70 71
 11 13 14 18 45 58
 11 12 57 58 60 72
 11 12 57 58 60 70 71
 11 12 56 72
 11 12 56 70 71
 11 12 47 58 70
 11 12 47 58 68 69
 11 12 47 56 57 70
 11 12 47 56 57 68 69
 11 12 45 58
 11 12 45 58 72
 11 12 45 58 70 71
 11 12 45 57 58 60
 11 12 45 56
 11 12 45 46 58 70
 11 12 45 46 58 68 69
 11 12 45 46 56 57 70
 11 12 45 46 56 57 68 69
 11 12 43 47 58
 11 12 43 47 56 57
 11 12 43 45 46 58
 11 12 43 45 46 56 57
 11 12 43 44 58 72
 11 12 43 44 58 70 71
 11 12 43 44 45 58
 11 12 35 72
 11 12 35 70 71
 11 12 35 58 72
 11 12 35 58 70 71
 11 12 35 57 58 72
 11 12 35 57 58 70 71
 11 12 35 45
 11 12 35 45 58
 11 12 35 45 57 58
 11 12 31 47 70
 11 12 31 47 68 69
 11 12 31 45 46 70
 11 12 31 45 46 68 69
 11 12 31 43 47
 11 12 31 43 45 46
 11 12 28 58 72
 11 12 28 58 70 71
 11 12 28 47 58 72
 11 12 28 47 58 70 71
 11 12 28 45 58
 11 12 28 45 47 58
 11 12 28 45 46 58
 11 12 28 45 46 58 72
 11 12 28 45 46 58 70 71
 11 12 26 27 58 72
 11 12 26 27 58 70 71
 11 12 26 27 47 58 72
 11 12 26 27 47 58 70 71
 11 12 26 27 45 58
 11 12 26 27 45 47 58
 11 12 26 27 45 46 58
 11 12 26 27 45 46 58 72
 11 12 26 27 45 46 58 70 71
 11 12 20 58 70
 11 12 20 58 68 69
 11 12 20 56 57 70
 11 12 20 56 57 68 69
 11 12 20 43 58
 11 12 20 43 56 57
 11 12 20 31 70
 11 12 20 31 68 69
 11 12 20 31 43
 11 12 20 28 58 72
 11 12 20 28 58 70 71
 11 12 20 28 45 58
 11 12 20 26 27 58 72
 11 12 20 26 27 58 70 71
 11 12 20 26 27 45 58
 11 12 18 58 72
 11 12 18 58 70 71
 11 12 18 45 58
 11 12 15 58 60 72
 11 12 15 58 60 70 71
 11 12 15 45 58 60
 11 12 15 35 58 72
 11 12 15 35 58 70 71
 11 12 15 35 45 58
 11 12 13 14 58 60 72
 11 12 13 14 58 60 70 71
 11 12 13 14 45 58 60
 11 12 13 14 35 58 72
 11 12 13 14 35 58 70 71
 11 12 13 14 35 45 58
 10 28 58 72
 10 28 58 70 71
 10 28 45 58
 10 26 27 58 72
 10 26 27 58 70 71
 10 26 27 45 58
 9 10 45 72
 9 10 45 70
 9 10 45 70 71
 9 10 45 68 69
 9 10 45 56 70
 9 10 45 56 68 69
 9 10 43 45
 9 10 43 45 56
 9 10 43 44 72
 9 10 43 44 70
 9 10 43 44 70 71
 9 10 43 44 68 69
 9 10 43 44 56
 9 10 43 44 56 70
 9 10 43 44 56 68 69
 9 10 43 44 45
 9 10 28 45 70
 9 10 28 45 68 69
 9 10 28 43 45
 9 10 28 43 44
 9 10 28 43 44 70
 9 10 28 43 44 68 69
 9 10 26 27 45 70
 9 10 26 27 45 68 69
 9 10 26 27 43 45
 9 10 26 27 43 44
 9 10 26 27 43 44 70
 9 10 26 27 43 44 68 69
 9 10 18
 9 10 18 72
 9 10 18 70
 9 10 18 70 71
 9 10 18 68 69
 9 10 18 56 70
 9 10 18 56 68 69
 9 10 18 45
 9 10 18 43
 9 10 18 43 56
 9 10 18 28 70
 9 10 18 28 68 69
 9 10 18 28 43
 9 10 18 26 27 70
 9 10 18 26 27 68 69
 9 10 18 26 27 43
 5 57 58 72
 5 57 58 70 71
 5 45 57 58
 5 15 58 72
 5 15 58 70 71
 5 15 45 58
 5 13 14 58 72
 5 13 14 58 70 71
 5 13 14 45 58
 3 58 72
 3 58 70 71
 3 56 58
 3 56 57 58
 3 56 57 58 62
 3 54 55 58
 3 53 58
 3 51 58
 3 50 51 58
 3 49 50 58
 3 49 50 52 58
 3 49 50 51 58
 3 45 60 62
 3 45 60 62 72
 3 45 60 62 70 71
 3 45 58
 3 45 57 58 72
 3 45 57 58 70 71
 3 45 56 57 58
 3 43 44 60 62 72
 3 43 44 60 62 70 71
 3 43 44 57 58
 3 43 44 57 58 72
 3 43 44 57 58 70 71
 3 43 44 56 57 58
 3 43 44 45 60 62
 3 43 44 45 57 58
 3 38 58
 3 36 37 58
 3 31 58
 3 31 58 62
 3 31 45 57 58
 3 31 43 44 57 58
 3 29 58
 3 26 58
 3 25 51 58
 3 25 49 50 58
 3 24 58
 3 24 52 58
 3 24 50 51 58
 3 24 25 58
 3 18 60 62 72
 3 18 60 62 70 71
 3 18 57 58
 3 18 57 58 72
 3 18 57 58 70 71
 3 18 56 57 58
 3 18 45 60 62
 3 18 45 57 58
 3 18 31 57 58
 3 15 45 58 72
 3 15 45 58 70 71
 3 15 45 56 57 58
 3 15 43 44 58
 3 15 43 44 58 72
 3 15 43 44 58 70 71
 3 15 43 44 56 57 58
 3 15 43 44 45 58
 3 15 31 45 58
 3 15 31 43 44 58
 3 15 18 58
 3 15 18 58 72
 3 15 18 58 70 71
 3 15 18 56 57 58
 3 15 18 45 58
 3 15 18 31 58
 3 13 14 45 58 72
 3 13 14 45 58 70 71
 3 13 14 45 56 57 58
 3 13 14 43 44 58
 3 13 14 43 44 58 72
 3 13 14 43 44 58 70 71
 3 13 14 43 44 56 57 58
 3 13 14 43 44 45 58
 3 13 14 31 45 58
 3 13 14 31 43 44 58
 3 13 14 18 58
 3 13 14 18 58 72
 3 13 14 18 58 70 71
 3 13 14 18 56 57 58
 3 13 14 18 45 58
 3 13 14 18 31 58
 3 11 58
 2 56 72
 2 56 70 71
 2 45 56
 1 72
 1 70 71
 1 58 72
 1 58 71
 1 58 70
 1 58 70 71
 1 58 69 70
 1 58 68 69
 1 58 67 72
 1 58 67 70 71
 1 57 60 62 72
 1 57 60 62 70 71
 1 56 72
 1 56 70 71
 1 56 58 70
 1 56 58 68 69
 1 54 55 58
 1 54 55 58 70
 1 54 55 58 68 69
 1 53 58
 1 51 58
 1 50 51 58
 1 49 50 58
 1 49 50 52 58
 1 49 50 51 58
 1 47 58
 1 47 58 72
 1 47 58 72
 1 47 58 70 71
 1 47 58 70 71
 1 47 58 67 72
 1 47 58 67 70 71
 1 47 57 58
 1 47 56 58
 1 47 56 57 58
 1 45
 1 45 60 70
 1 45 60 68 69
 1 45 60 62 74
 1 45 60 62 72 74
 1 45 60 62 70 71 74
 1 45 60 62 70 71 72 73
 1 45 58
 1 45 58
 1 45 58 72
 1 45 58 70 71
 1 45 58 67
 1 45 58 60
 1 45 58 59
 1 45 57 60 62
 1 45 57 58
 1 45 57 58 72
 1 45 57 58 72 74
 1 45 57 58 72 73
 1 45 57 58 70 71
 1 45 57 58 70 71 74
 1 45 57 58 70 71 72 73
 1 45 56
 1 45 56 57 58
 1 45 56 57 58 74
 1 45 56 57 58 72
 1 45 56 57 58 72 73
 1 45 56 57 58 70 71
 1 45 53 70
 1 45 53 68 69
 1 45 47 60 62
 1 45 47 60 62 72
 1 45 47 60 62 70 71
 1 45 47 58
 1 45 47 58
 1 45 47 58 67
 1 45 47 57 58 72
 1 45 47 57 58 70 71
 1 45 47 56 57 58
 1 45 46 58
 1 45 46 58 72
 1 45 46 58 72
 1 45 46 58 70 71
 1 45 46 58 70 71
 1 45 46 58 67
 1 45 46 58 67 72
 1 45 46 58 67 70 71
 1 45 46 57 58
 1 45 46 56 58
 1 45 46 56 57 58
 1 44 58
 1 43 58
 1 43 56 58
 1 43 54 55 58
 1 43 45 60
 1 43 45 53
 1 43 44 60
 1 43 44 60 70
 1 43 44 60 68 69
 1 43 44 60 62 72 74
 1 43 44 60 62 72 73
 1 43 44 60 62 70 71 74
 1 43 44 60 62 70 71 72 73
 1 43 44 58 72
 1 43 44 58 70 71
 1 43 44 58 60
 1 43 44 58 59
 1 43 44 57 58 74
 1 43 44 57 58 72
 1 43 44 57 58 72 74
 1 43 44 57 58 70 71
 1 43 44 57 58 70 71 74
 1 43 44 57 58 70 71 72 73
 1 43 44 56 57 58 74
 1 43 44 56 57 58 72
 1 43 44 56 57 58 72 73
 1 43 44 56 57 58 70 71
 1 43 44 53
 1 43 44 53 70
 1 43 44 53 68 69
 1 43 44 47 60 62 72
 1 43 44 47 60 62 70 71
 1 43 44 47 57 58
 1 43 44 47 57 58 72
 1 43 44 47 57 58 70 71
 1 43 44 47 56 57 58
 1 43 44 45 60 62 74
 1 43 44 45 60 62 72 73
 1 43 44 45 58
 1 43 44 45 57 58
 1 43 44 45 57 58 74
 1 43 44 45 57 58 72 73
 1 43 44 45 56 57 58
 1 43 44 45 47 60 62
 1 43 44 45 47 57 58
 1 40 47 58 72
 1 40 47 58 70 71
 1 40 45 47 58
 1 40 45 46 58
 1 40 45 46 58 72
 1 40 45 46 58 70 71
 1 39 58 72
 1 39 58 70 71
 1 39 57 58 72
 1 39 57 58 70 71
 1 39 47 57 58 72
 1 39 47 57 58 70 71
 1 39 45 58
 1 39 45 57 58
 1 39 45 47 57 58
 1 39 45 46 57 58
 1 39 45 46 57 58 72
 1 39 45 46 57 58 70 71
 1 38 58
 1 38 47 58 72
 1 38 47 58 70 71
 1 38 45 47 58
 1 38 45 46 58
 1 38 45 46 58 72
 1 38 45 46 58 70 71
 1 38 39 58 72
 1 38 39 58 70 71
 1 38 39 45 58
 1 37 60 72
 1 37 60 70 71
 1 37 58
 1 37 58 72
 1 37 58 70 71
 1 37 45 62 70
 1 37 45 62 68 69
 1 37 45 60
 1 37 45 58
 1 37 43 45 62
 1 37 43 44 62
 1 37 43 44 62 70
 1 37 43 44 62 68 69
 1 37 38 57 58 72
 1 37 38 57 58 70 71
 1 37 38 47 58 72
 1 37 38 47 58 70 71
 1 37 38 47 57 58 72
 1 37 38 47 57 58 70 71
 1 37 38 45 57 58
 1 37 38 45 47 58
 1 37 38 45 47 57 58
 1 37 38 45 46 58
 1 37 38 45 46 58 72
 1 37 38 45 46 58 70 71
 1 37 38 45 46 57 58
 1 37 38 45 46 57 58 72
 1 37 38 45 46 57 58 70 71
 1 36 37 58
 1 36 37 47 58 72
 1 36 37 47 58 70 71
 1 36 37 45 47 58
 1 36 37 45 46 58
 1 36 37 45 46 58 72
 1 36 37 45 46 58 70 71
 1 36 37 39 58 72
 1 36 37 39 58 70 71
 1 36 37 39 47 58 72
 1 36 37 39 47 58 70 71
 1 36 37 39 45 58
 1 36 37 39 45 47 58
 1 36 37 39 45 46 58
 1 36 37 39 45 46 58 72
 1 36 37 39 45 46 58 70 71
 1 36 37 38 58 72
 1 36 37 38 58 70 71
 1 36 37 38 47 58 72
 1 36 37 38 47 58 70 71
 1 36 37 38 45 58
 1 36 37 38 45 47 58
 1 36 37 38 45 46 58
 1 36 37 38 45 46 58 72
 1 36 37 38 45 46 58 70 71
 1 35 72
 1 35 70 71
 1 35 59 72
 1 35 59 70 71
 1 35 58 72
 1 35 58 70 71
 1 35 58 59 72
 1 35 58 59 70 71
 1 35 45
 1 35 45 59
 1 35 45 58
 1 35 45 58 59
 1 35 36 58 72
 1 35 36 58 70 71
 1 35 36 45 58
 1 33 45 58
 1 33 43 44 58
 1 31 47 58
 1 31 45 57 58
 1 31 45 57 58 74
 1 31 45 57 58 72
 1 31 45 57 58 72 73
 1 31 45 57 58 70 71
 1 31 45 47 57 58
 1 31 45 46 58
 1 31 43 44 57 58 74
 1 31 43 44 57 58 72
 1 31 43 44 57 58 72 73
 1 31 43 44 57 58 70 71
 1 31 43 44 47 57 58
 1 31 43 44 45 57 58
 1 29 58
 1 29 58 70
 1 29 58 68 69
 1 29 43 58
 1 26 58
 1 25 58 72
 1 25 58 70 71
 1 25 51 58
 1 25 49 50 58
 1 25 47 58 72
 1 25 47 58 70 71
 1 25 45 58
 1 25 45 47 58
 1 25 45 46 58
 1 25 45 46 58 72
 1 25 45 46 58 70 71
 1 24 58
 1 24 52 58
 1 24 50 51 58
 1 24 45 57
 1 24 45 57 72
 1 24 45 57 70 71
 1 24 43 44 57 72
 1 24 43 44 57 70 71
 1 24 43 44 45 57
 1 24 25 58
 1 23 24 58 72
 1 23 24 58 70 71
 1 23 24 47 58 72
 1 23 24 47 58 70 71
 1 23 24 45 58
 1 23 24 45 47 58
 1 23 24 45 46 58
 1 23 24 45 46 58 72
 1 23 24 45 46 58 70 71
 1 20 58
 1 20 58 72
 1 20 58 72
 1 20 58 70 71
 1 20 58 70 71
 1 20 58 67 72
 1 20 58 67 70 71
 1 20 57 58
 1 20 56 58
 1 20 56 57 58
 1 20 45 58
 1 20 45 58
 1 20 45 58 67
 1 20 40 58 72
 1 20 40 58 70 71
 1 20 40 45 58
 1 20 39 57 58 72
 1 20 39 57 58 70 71
 1 20 39 45 57 58
 1 20 38 58 72
 1 20 38 58 70 71
 1 20 38 45 58
 1 20 37 38 58 72
 1 20 37 38 58 70 71
 1 20 37 38 57 58 72
 1 20 37 38 57 58 70 71
 1 20 37 38 45 58
 1 20 37 38 45 57 58
 1 20 36 37 58 72
 1 20 36 37 58 70 71
 1 20 36 37 45 58
 1 20 36 37 39 58 72
 1 20 36 37 39 58 70 71
 1 20 36 37 39 45 58
 1 20 36 37 38 58 72
 1 20 36 37 38 58 70 71
 1 20 36 37 38 45 58
 1 20 31 58
 1 20 25 58 72
 1 20 25 58 70 71
 1 20 25 45 58
 1 20 23 24 58 72
 1 20 23 24 58 70 71
 1 20 23 24 45 58
 1 18 60 70
 1 18 60 68 69
 1 18 60 62 72 74
 1 18 60 62 72 73
 1 18 60 62 70 71 74
 1 18 60 62 70 71 72 73
 1 18 58 72
 1 18 58 70 71
 1 18 58 60
 1 18 58 59
 1 18 57 58 74
 1 18 57 58 72
 1 18 57 58 72 74
 1 18 57 58 70 71
 1 18 57 58 70 71 74
 1 18 57 58 70 71 72 73
 1 18 56 57 58 74
 1 18 56 57 58 72
 1 18 56 57 58 72 73
 1 18 56 57 58 70 71
 1 18 53 70
 1 18 53 68 69
 1 18 47 60 62 72
 1 18 47 60 62 70 71
 1 18 47 57 58
 1 18 47 57 58 72
 1 18 47 57 58 70 71
 1 18 47 56 57 58
 1 18 45 60 62 74
 1 18 45 60 62 72 73
 1 18 45 58
 1 18 45 57 58
 1 18 45 57 58 74
 1 18 45 57 58 72 73
 1 18 45 56 57 58
 1 18 45 47 60 62
 1 18 45 47 57 58
 1 18 43 60
 1 18 43 53
 1 18 37 62 70
 1 18 37 62 68 69
 1 18 37 43 62
 1 18 33 58
 1 18 31 57 58 74
 1 18 31 57 58 72
 1 18 31 57 58 72 73
 1 18 31 57 58 70 71
 1 18 31 47 57 58
 1 18 31 45 57 58
 1 18 24 57 72
 1 18 24 57 70 71
 1 18 24 45 57
 1 17 35 72
 1 17 35 70 71
 1 17 35 58 72
 1 17 35 58 70 71
 1 17 35 45
 1 17 35 45 58
 1 15 60 62 72
 1 15 60 62 70 71
 1 15 47 58
 1 15 45 60 62
 1 15 45 58
 1 15 45 58 72
 1 15 45 58 72 74
 1 15 45 58 72 73
 1 15 45 58 70 71
 1 15 45 58 70 71 74
 1 15 45 58 70 71 72 73
 1 15 45 56 57 58
 1 15 45 56 57 58 74
 1 15 45 56 57 58 72
 1 15 45 56 57 58 72 73
 1 15 45 56 57 58 70 71
 1 15 45 47 58 72
 1 15 45 47 58 70 71
 1 15 45 47 56 57 58
 1 15 45 46 58
 1 15 43 44 58 74
 1 15 43 44 58 72
 1 15 43 44 58 72 74
 1 15 43 44 58 70 71
 1 15 43 44 58 70 71 74
 1 15 43 44 58 70 71 72 73
 1 15 43 44 56 57 58 74
 1 15 43 44 56 57 58 72
 1 15 43 44 56 57 58 72 73
 1 15 43 44 56 57 58 70 71
 1 15 43 44 47 58
 1 15 43 44 47 58 72
 1 15 43 44 47 58 70 71
 1 15 43 44 47 56 57 58
 1 15 43 44 45 58
 1 15 43 44 45 58 74
 1 15 43 44 45 58 72 73
 1 15 43 44 45 56 57 58
 1 15 43 44 45 47 58
 1 15 39 58 72
 1 15 39 58 70 71
 1 15 39 47 58 72
 1 15 39 47 58 70 71
 1 15 39 45 58
 1 15 39 45 47 58
 1 15 39 45 46 58
 1 15 39 45 46 58 72
 1 15 39 45 46 58 70 71
 1 15 37 38 58 72
 1 15 37 38 58 70 71
 1 15 37 38 47 58 72
 1 15 37 38 47 58 70 71
 1 15 37 38 45 58
 1 15 37 38 45 47 58
 1 15 37 38 45 46 58
 1 15 37 38 45 46 58 72
 1 15 37 38 45 46 58 70 71
 1 15 31 45 58
 1 15 31 45 58 74
 1 15 31 45 58 72
 1 15 31 45 58 72 73
 1 15 31 45 58 70 71
 1 15 31 45 47 58
 1 15 31 43 44 58 74
 1 15 31 43 44 58 72
 1 15 31 43 44 58 72 73
 1 15 31 43 44 58 70 71
 1 15 31 43 44 47 58
 1 15 31 43 44 45 58
 1 15 24 45
 1 15 24 45 72
 1 15 24 45 70 71
 1 15 24 43 44 72
 1 15 24 43 44 70 71
 1 15 24 43 44 45
 1 15 20 58
 1 15 20 39 58 72
 1 15 20 39 58 70 71
 1 15 20 39 45 58
 1 15 20 37 38 58 72
 1 15 20 37 38 58 70 71
 1 15 20 37 38 45 58
 1 15 18 58 74
 1 15 18 58 72
 1 15 18 58 72 74
 1 15 18 58 70 71
 1 15 18 58 70 71 74
 1 15 18 58 70 71 72 73
 1 15 18 56 57 58 74
 1 15 18 56 57 58 72
 1 15 18 56 57 58 72 73
 1 15 18 56 57 58 70 71
 1 15 18 47 58
 1 15 18 47 58 72
 1 15 18 47 58 70 71
 1 15 18 47 56 57 58
 1 15 18 45 58
 1 15 18 45 58 74
 1 15 18 45 58 72 73
 1 15 18 45 56 57 58
 1 15 18 45 47 58
 1 15 18 31 58 74
 1 15 18 31 58 72
 1 15 18 31 58 72 73
 1 15 18 31 58 70 71
 1 15 18 31 47 58
 1 15 18 31 45 58
 1 15 18 24 72
 1 15 18 24 70 71
 1 15 18 24 45
 1 15 16 35 72
 1 15 16 35 70 71
 1 15 16 35 58 72
 1 15 16 35 58 70 71
 1 15 16 35 45
 1 15 16 35 45 58
 1 13 47 58 72
 1 13 47 58 70 71
 1 13 45 47 58
 1 13 45 46 58
 1 13 45 46 58 72
 1 13 45 46 58 70 71
 1 13 20 58 72
 1 13 20 58 70 71
 1 13 20 45 58
 1 13 14 60 62 72
 1 13 14 60 62 70 71
 1 13 14 47 58
 1 13 14 45 60 62
 1 13 14 45 58
 1 13 14 45 58 72
 1 13 14 45 58 72 74
 1 13 14 45 58 72 73
 1 13 14 45 58 70 71
 1 13 14 45 58 70 71 74
 1 13 14 45 58 70 71 72 73
 1 13 14 45 56 57 58
 1 13 14 45 56 57 58 74
 1 13 14 45 56 57 58 72
 1 13 14 45 56 57 58 72 73
 1 13 14 45 56 57 58 70 71
 1 13 14 45 47 58 72
 1 13 14 45 47 58 70 71
 1 13 14 45 47 56 57 58
 1 13 14 45 46 58
 1 13 14 43 44 58 74
 1 13 14 43 44 58 72
 1 13 14 43 44 58 72 74
 1 13 14 43 44 58 70 71
 1 13 14 43 44 58 70 71 74
 1 13 14 43 44 58 70 71 72 73
 1 13 14 43 44 56 57 58 74
 1 13 14 43 44 56 57 58 72
 1 13 14 43 44 56 57 58 72 73
 1 13 14 43 44 56 57 58 70 71
 1 13 14 43 44 47 58
 1 13 14 43 44 47 58 72
 1 13 14 43 44 47 58 70 71
 1 13 14 43 44 47 56 57 58
 1 13 14 43 44 45 58
 1 13 14 43 44 45 58 74
 1 13 14 43 44 45 58 72 73
 1 13 14 43 44 45 56 57 58
 1 13 14 43 44 45 47 58
 1 13 14 39 58 72
 1 13 14 39 58 70 71
 1 13 14 39 47 58 72
 1 13 14 39 47 58 70 71
 1 13 14 39 45 58
 1 13 14 39 45 47 58
 1 13 14 39 45 46 58
 1 13 14 39 45 46 58 72
 1 13 14 39 45 46 58 70 71
 1 13 14 37 38 58 72
 1 13 14 37 38 58 70 71
 1 13 14 37 38 47 58 72
 1 13 14 37 38 47 58 70 71
 1 13 14 37 38 45 58
 1 13 14 37 38 45 47 58
 1 13 14 37 38 45 46 58
 1 13 14 37 38 45 46 58 72
 1 13 14 37 38 45 46 58 70 71
 1 13 14 31 45 58
 1 13 14 31 45 58 74
 1 13 14 31 45 58 72
 1 13 14 31 45 58 72 73
 1 13 14 31 45 58 70 71
 1 13 14 31 45 47 58
 1 13 14 31 43 44 58 74
 1 13 14 31 43 44 58 72
 1 13 14 31 43 44 58 72 73
 1 13 14 31 43 44 58 70 71
 1 13 14 31 43 44 47 58
 1 13 14 31 43 44 45 58
 1 13 14 24 45
 1 13 14 24 45 72
 1 13 14 24 45 70 71
 1 13 14 24 43 44 72
 1 13 14 24 43 44 70 71
 1 13 14 24 43 44 45
 1 13 14 20 58
 1 13 14 20 39 58 72
 1 13 14 20 39 58 70 71
 1 13 14 20 39 45 58
 1 13 14 20 37 38 58 72
 1 13 14 20 37 38 58 70 71
 1 13 14 20 37 38 45 58
 1 13 14 18 58 74
 1 13 14 18 58 72
 1 13 14 18 58 72 74
 1 13 14 18 58 70 71
 1 13 14 18 58 70 71 74
 1 13 14 18 58 70 71 72 73
 1 13 14 18 56 57 58 74
 1 13 14 18 56 57 58 72
 1 13 14 18 56 57 58 72 73
 1 13 14 18 56 57 58 70 71
 1 13 14 18 47 58
 1 13 14 18 47 58 72
 1 13 14 18 47 58 70 71
 1 13 14 18 47 56 57 58
 1 13 14 18 45 58
 1 13 14 18 45 58 74
 1 13 14 18 45 58 72 73
 1 13 14 18 45 56 57 58
 1 13 14 18 45 47 58
 1 13 14 18 31 58 74
 1 13 14 18 31 58 72
 1 13 14 18 31 58 72 73
 1 13 14 18 31 58 70 71
 1 13 14 18 31 47 58
 1 13 14 18 31 45 58
 1 13 14 18 24 72
 1 13 14 18 24 70 71
 1 13 14 18 24 45
 1 12 58 72
 1 12 58 70 71
 1 12 57 58 72
 1 12 57 58 70 71
 1 12 47 57 58 72
 1 12 47 57 58 70 71
 1 12 45 58
 1 12 45 57 58
 1 12 45 47 57 58
 1 12 45 46 57 58
 1 12 45 46 57 58 72
 1 12 45 46 57 58 70 71
 1 12 38 58 72
 1 12 38 58 70 71
 1 12 38 47 58 72
 1 12 38 47 58 70 71
 1 12 38 45 58
 1 12 38 45 47 58
 1 12 38 45 46 58
 1 12 38 45 46 58 72
 1 12 38 45 46 58 70 71
 1 12 36 37 58 72
 1 12 36 37 58 70 71
 1 12 36 37 47 58 72
 1 12 36 37 47 58 70 71
 1 12 36 37 45 58
 1 12 36 37 45 47 58
 1 12 36 37 45 46 58
 1 12 36 37 45 46 58 72
 1 12 36 37 45 46 58 70 71
 1 12 20 57 58 72
 1 12 20 57 58 70 71
 1 12 20 45 57 58
 1 12 20 38 58 72
 1 12 20 38 58 70 71
 1 12 20 38 45 58
 1 12 20 36 37 58 72
 1 12 20 36 37 58 70 71
 1 12 20 36 37 45 58
 1 12 15 58 72
 1 12 15 58 70 71
 1 12 15 47 58 72
 1 12 15 47 58 70 71
 1 12 15 45 58
 1 12 15 45 47 58
 1 12 15 45 46 58
 1 12 15 45 46 58 72
 1 12 15 45 46 58 70 71
 1 12 15 20 58 72
 1 12 15 20 58 70 71
 1 12 15 20 45 58
 1 12 13 14 58 72
 1 12 13 14 58 70 71
 1 12 13 14 47 58 72
 1 12 13 14 47 58 70 71
 1 12 13 14 45 58
 1 12 13 14 45 47 58
 1 12 13 14 45 46 58
 1 12 13 14 45 46 58 72
 1 12 13 14 45 46 58 70 71
 1 12 13 14 20 58 72
 1 12 13 14 20 58 70 71
 1 12 13 14 20 45 58
 1 11 58
 1 11 58 72
 1 11 58 70 71
 1 11 57 58 72
 1 11 57 58 70 71
 1 11 47 57 58 72
 1 11 47 57 58 70 71
 1 11 45 70
 1 11 45 68 69
 1 11 45 58
 1 11 45 57 58
 1 11 45 47 57 58
 1 11 45 46 57 58
 1 11 45 46 57 58 72
 1 11 45 46 57 58 70 71
 1 11 43 45
 1 11 43 44
 1 11 43 44 70
 1 11 43 44 68 69
 1 11 39 58 72
 1 11 39 58 70 71
 1 11 39 47 58 72
 1 11 39 47 58 70 71
 1 11 39 45 58
 1 11 39 45 47 58
 1 11 39 45 46 58
 1 11 39 45 46 58 72
 1 11 39 45 46 58 70 71
 1 11 37 38 58 72
 1 11 37 38 58 70 71
 1 11 37 38 47 58 72
 1 11 37 38 47 58 70 71
 1 11 37 38 45 58
 1 11 37 38 45 47 58
 1 11 37 38 45 46 58
 1 11 37 38 45 46 58 72
 1 11 37 38 45 46 58 70 71
 1 11 20 57 58 72
 1 11 20 57 58 70 71
 1 11 20 45 57 58
 1 11 20 39 58 72
 1 11 20 39 58 70 71
 1 11 20 39 45 58
 1 11 20 37 38 58 72
 1 11 20 37 38 58 70 71
 1 11 20 37 38 45 58
 1 11 18 70
 1 11 18 68 69
 1 11 18 43
 1 11 15 58 72
 1 11 15 58 70 71
 1 11 15 47 58 72
 1 11 15 47 58 70 71
 1 11 15 45 58
 1 11 15 45 47 58
 1 11 15 45 46 58
 1 11 15 45 46 58 72
 1 11 15 45 46 58 70 71
 1 11 15 20 58 72
 1 11 15 20 58 70 71
 1 11 15 20 45 58
 1 11 13 14 58 72
 1 11 13 14 58 70 71
 1 11 13 14 47 58 72
 1 11 13 14 47 58 70 71
 1 11 13 14 45 58
 1 11 13 14 45 47 58
 1 11 13 14 45 46 58
 1 11 13 14 45 46 58 72
 1 11 13 14 45 46 58 70 71
 1 11 13 14 20 58 72
 1 11 13 14 20 58 70 71
 1 11 13 14 20 45 58
 1 11 12 58 72
 1 11 12 58 70 71
 1 11 12 47 58 72
 1 11 12 47 58 70 71
 1 11 12 45 58
 1 11 12 45 47 58
 1 11 12 45 46 58
 1 11 12 45 46 58 72
 1 11 12 45 46 58 70 71
 1 11 12 20 58 72
 1 11 12 20 58 70 71
 1 11 12 20 45 58
 1 10 58 72
 1 10 58 70 71
 1 10 45 58
 1 9 10 45 70
 1 9 10 45 68 69
 1 9 10 43 45
 1 9 10 43 44
 1 9 10 43 44 70
 1 9 10 43 44 68 69
 1 9 10 18 70
 1 9 10 18 68 69
 1 9 10 18 43
 0 72
 0 70 71
 0 56 72
 0 56 70 71
 0 45
 0 45 56
 0 35 72
 0 35 70 71
 0 35 45
