
 60
 58
 58 76
 58 75
 58 74
 58 74 75
 58 73 74
 58 72
 58 71
 58 71 72
 58 70
 58 70 71 73
 58 70 71 72
 58 68 70
 58 68 69 71
 58 68 69 70
 58 67 75
 58 67 73 74
 58 66
 58 66 76
 58 66 74 75
 58 66 73
 58 66 72
 58 66 70 72
 58 66 70 71
 58 66 69 70 72
 58 66 69 70 71
 58 66 68 69 72
 58 66 68 69 70 71
 58 65
 58 65
 58 65 75
 58 65 73 74
 58 65 66 75
 58 65 66 73 74
 58 64 65
 58 64 65
 58 64 65
 58 64 65 76
 58 64 65 74 75
 58 64 65 73
 58 64 65 72
 58 64 65 70 72
 58 64 65 70 71
 58 64 65 69 70 72
 58 64 65 69 70 71
 58 64 65 68 69 72
 58 64 65 68 69 70 71
 58 62
 58 60
 58 60
 58 60 67
 58 60 65
 58 60 65 66
 58 59
 58 59 67
 58 59 65
 58 59 65 66
 57
 56 58 68
 56 57 58 68 70
 56 57 58 68 69
 56 57 58 66
 56 57 58 64 65
 55 58 66
 55 58 64 65
 55 56 58
 54 58
 54 55 58 68
 53 56 58 68
 53 54 58
 53 54 55 58 68
 52 53 58
 52 53 55 58
 52 53 54 58
 51 56 58 68
 51 54 55 58 68
 50 51 56 58 68
 50 51 54 55 58 68
 49 58
 49 58 66
 49 58 64 65
 49 50 56 58 68
 49 50 54 55 58 68
 49 50 52 56 58 68
 49 50 52 54 55 58 68
 49 50 51 56 58 68
 49 50 51 54 55 58 68
 48 58
 48 58 67
 48 58 65
 48 58 65 66
 47 58
 47 58 64 70
 47 58 64 68 69
 47 58 64 66 72
 47 58 64 66 70 71
 47 58 64 65 72
 47 58 64 65 70 71
 47 56 58
 47 56 57 64 70
 47 56 57 64 68 69
 47 56 57 64 66 72
 47 56 57 64 66 70 71
 47 56 57 64 65 72
 47 56 57 64 65 70 71
 47 56 57 58
 47 55 58 70
 47 55 58 68 69
 47 55 58 66 72
 47 55 58 66 70 71
 47 55 58 64 65 72
 47 55 58 64 65 70 71
 47 55 56 57 70
 47 55 56 57 68 69
 47 55 56 57 66 72
 47 55 56 57 66 70 71
 47 55 56 57 64 65 72
 47 55 56 57 64 65 70 71
 46 58 72
 46 58 70 71
 46 58 66
 46 58 64 65
 45 70
 45 68 69
 45 62 70
 45 62 68 69
 45 62 66
 45 62 66 72
 45 62 66 70 71
 45 62 64 65
 45 62 64 65 72
 45 62 64 65 70 71
 45 60
 45 58 73
 45 58 71 72
 45 58 70
 45 58 70 72
 45 58 70 71
 45 58 68
 45 58 68 69
 45 58 68 69 72
 45 58 68 69 70 71
 45 58 66
 45 58 66 71
 45 58 66 70
 45 58 66 69 70
 45 58 66 68 69
 45 58 66 67 68
 45 58 64 65
 45 58 64 65 71
 45 58 64 65 70
 45 58 64 65 69 70
 45 58 64 65 68 69
 45 58 60 72
 45 58 60 70
 45 58 60 70 71
 45 58 60 68 69
 45 58 60 66 70
 45 58 60 66 68 69
 45 58 60 64 65 70
 45 58 60 64 65 68 69
 45 57 58
 45 56 70
 45 56 68
 45 56 68 69
 45 56 66 67
 45 56 58
 45 56 58 72
 45 56 58 70 71
 45 56 58 66
 45 56 58 66 72
 45 56 58 66 70 71
 45 56 58 64 65
 45 56 58 64 65 72
 45 56 58 64 65 70 71
 45 56 57 60
 45 56 57 58
 45 56 57 58 68
 45 56 57 58 66 67 68
 45 56 57 58 60
 45 47 58 64 66
 45 47 58 64 65
 45 47 56 57 64 66
 45 47 56 57 64 65
 45 47 55 58 66
 45 47 55 58 64 65
 45 47 55 56 57 66
 45 47 55 56 57 64 65
 45 46 58
 45 46 58 64 70
 45 46 58 64 68 69
 45 46 58 64 66
 45 46 58 64 66 72
 45 46 58 64 66 70 71
 45 46 58 64 65
 45 46 58 64 65 72
 45 46 58 64 65 70 71
 45 46 56 58
 45 46 56 57 64 70
 45 46 56 57 64 68 69
 45 46 56 57 64 66
 45 46 56 57 64 66 72
 45 46 56 57 64 66 70 71
 45 46 56 57 64 65
 45 46 56 57 64 65 72
 45 46 56 57 64 65 70 71
 45 46 56 57 58
 45 46 55 58 70
 45 46 55 58 68 69
 45 46 55 58 66
 45 46 55 58 66 72
 45 46 55 58 66 70 71
 45 46 55 58 64 65
 45 46 55 58 64 65 72
 45 46 55 58 64 65 70 71
 45 46 55 56 57 70
 45 46 55 56 57 68 69
 45 46 55 56 57 66
 45 46 55 56 57 66 72
 45 46 55 56 57 66 70 71
 45 46 55 56 57 64 65
 45 46 55 56 57 64 65 72
 45 46 55 56 57 64 65 70 71
 44 58 70
 44 58 68 69
 44 58 66 72
 44 58 66 70 71
 44 58 64 65 72
 44 58 64 65 70 71
 44 45 58 66
 44 45 58 64 65
 43 58
 43 58 71
 43 58 69 70
 43 58 68
 43 58 66 72
 43 58 66 70 71
 43 58 64 65 72
 43 58 64 65 70 71
 43 58 59
 43 56 57 58 68
 43 47 58 64
 43 47 56 57 64
 43 47 55 58
 43 47 55 56 57
 43 45
 43 45 62
 43 45 58 72
 43 45 58 70
 43 45 58 70 71
 43 45 58 68 69
 43 45 58 66
 43 45 58 64 65
 43 45 58 60
 43 45 58 60 66
 43 45 58 60 64 65
 43 45 56
 43 45 54 55 58
 43 45 54 55 58 70
 43 45 54 55 58 68 69
 43 45 46 58 64
 43 45 46 56 57 64
 43 45 46 55 58
 43 45 46 55 56 57
 43 44
 43 44 70
 43 44 68 69
 43 44 62
 43 44 62 70
 43 44 62 68 69
 43 44 62 66 72
 43 44 62 66 70 71
 43 44 62 64 65 72
 43 44 62 64 65 70 71
 43 44 60
 43 44 58
 43 44 58 72
 43 44 58 70
 43 44 58 70 72
 43 44 58 68
 43 44 58 68 69
 43 44 58 68 69 72
 43 44 58 68 69 70 71
 43 44 58 66 67 68
 43 44 58 60 72
 43 44 58 60 70
 43 44 58 60 70 71
 43 44 58 60 68 69
 43 44 58 60 66
 43 44 58 60 66 70
 43 44 58 60 66 68 69
 43 44 58 60 64 65
 43 44 58 60 64 65 70
 43 44 58 60 64 65 68 69
 43 44 57 58
 43 44 56
 43 44 56 70
 43 44 56 68
 43 44 56 68 69
 43 44 56 66 67
 43 44 56 58 72
 43 44 56 58 70 71
 43 44 56 58 66 72
 43 44 56 58 66 70 71
 43 44 56 58 64 65 72
 43 44 56 58 64 65 70 71
 43 44 56 57 60
 43 44 56 57 58
 43 44 56 57 58 68
 43 44 56 57 58 66 67 68
 43 44 56 57 58 60
 43 44 54 55 58
 43 44 54 55 58 70
 43 44 54 55 58 68 69
 43 44 45 62 66
 43 44 45 62 64 65
 43 44 45 58
 43 44 45 58 70
 43 44 45 58 68 69
 43 44 45 58 60
 43 44 45 56 58
 43 44 45 56 58 66
 43 44 45 56 58 64 65
 42 58
 41 58 59
 41 45 58 68
 41 45 56
 41 45 56 57 58 68
 41 43 58
 41 43 44 58 68
 41 43 44 56
 41 43 44 56 57 58 68
 41 42 58 59
 41 42 45 58 70
 41 42 45 58 68 69
 41 42 45 54 55 58 70
 41 42 45 54 55 58 68 69
 41 42 43 45 58
 41 42 43 45 54 55 58
 41 42 43 44 58
 41 42 43 44 58 70
 41 42 43 44 58 68 69
 41 42 43 44 54 55 58
 41 42 43 44 54 55 58 70
 41 42 43 44 54 55 58 68 69
 40 58
 40 58
 40 58 75
 40 58 73 74
 40 58 60
 40 58 59
 40 54 58 59
 40 52 53 58 59
 40 48 58
 40 43 58
 40 41 58
 40 41 43 58
 39 58
 39 58
 39 58 76
 39 58 74 75
 39 58 73
 39 58 72
 39 58 70 72
 39 58 70 71
 39 58 69 70 72
 39 58 69 70 71
 39 58 68 69 72
 39 58 68 69 70 71
 39 58 65
 39 56 57 58
 39 55 58
 39 49 58
 39 47 58 64 72
 39 47 58 64 70 71
 39 47 56 57 64 72
 39 47 56 57 64 70 71
 39 47 55 58 72
 39 47 55 58 70 71
 39 47 55 56 57 72
 39 47 55 56 57 70 71
 39 46 58
 39 45 62
 39 45 62 72
 39 45 62 70 71
 39 45 58
 39 45 58 71
 39 45 58 70
 39 45 58 69 70
 39 45 58 68 69
 39 45 58 60 70
 39 45 58 60 68 69
 39 45 56 58
 39 45 56 58 72
 39 45 56 58 70 71
 39 45 47 58 64
 39 45 47 56 57 64
 39 45 47 55 58
 39 45 47 55 56 57
 39 45 46 58 64
 39 45 46 58 64 72
 39 45 46 58 64 70 71
 39 45 46 56 57 64
 39 45 46 56 57 64 72
 39 45 46 56 57 64 70 71
 39 45 46 55 58
 39 45 46 55 58 72
 39 45 46 55 58 70 71
 39 45 46 55 56 57
 39 45 46 55 56 57 72
 39 45 46 55 56 57 70 71
 39 44 58 72
 39 44 58 70 71
 39 44 45 58
 39 43 58 72
 39 43 58 70 71
 39 43 45 58
 39 43 45 58 60
 39 43 44 62 72
 39 43 44 62 70 71
 39 43 44 58 60
 39 43 44 58 60 70
 39 43 44 58 60 68 69
 39 43 44 56 58 72
 39 43 44 56 58 70 71
 39 43 44 45 62
 39 43 44 45 56 58
 39 40 58
 39 40 58 59
 39 40 43 58
 39 40 41 42 58
 38 56 58 68
 38 54 55 58 68
 38 39 58
 38 39 54 58 59
 38 39 52 53 58 59
 38 39 43 58
 38 39 41 42 58
 37 45 62 70
 37 45 62 68 69
 37 45 62 66
 37 45 62 66 72
 37 45 62 66 70 71
 37 45 62 64 65
 37 45 62 64 65 72
 37 45 62 64 65 70 71
 37 43 45 62
 37 43 44 62
 37 43 44 62 70
 37 43 44 62 68 69
 37 43 44 62 66 72
 37 43 44 62 66 70 71
 37 43 44 62 64 65 72
 37 43 44 62 64 65 70 71
 37 43 44 45 62 66
 37 43 44 45 62 64 65
 37 39 45 62
 37 39 45 62 72
 37 39 45 62 70 71
 37 39 43 44 62 72
 37 39 43 44 62 70 71
 37 39 43 44 45 62
 36 37 56 58 68
 36 37 54 55 58 68
 35
 35 57
 35 57 70
 35 57 68 69
 35 43 57
 31 58 68 70
 31 58 68 69
 31 58 66
 31 58 64 65
 31 47 64 70
 31 47 64 68 69
 31 47 64 66 72
 31 47 64 66 70 71
 31 47 64 65 72
 31 47 64 65 70 71
 31 47 56 58
 31 47 55 70
 31 47 55 68 69
 31 47 55 66 72
 31 47 55 66 70 71
 31 47 55 64 65 72
 31 47 55 64 65 70 71
 31 45 60
 31 45 58 68
 31 45 58 66 67 68
 31 45 58 60
 31 45 56 58
 31 45 47 64 66
 31 45 47 64 65
 31 45 47 55 66
 31 45 47 55 64 65
 31 45 46 64 70
 31 45 46 64 68 69
 31 45 46 64 66
 31 45 46 64 66 72
 31 45 46 64 66 70 71
 31 45 46 64 65
 31 45 46 64 65 72
 31 45 46 64 65 70 71
 31 45 46 56 58
 31 45 46 55 70
 31 45 46 55 68 69
 31 45 46 55 66
 31 45 46 55 66 72
 31 45 46 55 66 70 71
 31 45 46 55 64 65
 31 45 46 55 64 65 72
 31 45 46 55 64 65 70 71
 31 43 58 68
 31 43 47 64
 31 43 47 55
 31 43 45 46 64
 31 43 45 46 55
 31 43 44 60
 31 43 44 58 68
 31 43 44 58 66 67 68
 31 43 44 58 60
 31 43 44 56 58
 31 41 45 58 68
 31 41 43 44 58 68
 31 39 58
 31 39 47 64 72
 31 39 47 64 70 71
 31 39 47 55 72
 31 39 47 55 70 71
 31 39 45 47 64
 31 39 45 47 55
 31 39 45 46 64
 31 39 45 46 64 72
 31 39 45 46 64 70 71
 31 39 45 46 55
 31 39 45 46 55 72
 31 39 45 46 55 70 71
 30 58
 29 58
 29 58 68
 29 53 58 68
 29 51 58 68
 29 50 51 58 68
 29 49 50 58 68
 29 49 50 52 58 68
 29 49 50 51 58 68
 29 43 45 58
 29 43 45 58 70
 29 43 45 58 68 69
 29 43 44 58
 29 43 44 58 70
 29 43 44 58 68 69
 29 41 42 45 58 70
 29 41 42 45 58 68 69
 29 41 42 43 45 58
 29 41 42 43 44 58
 29 41 42 43 44 58 70
 29 41 42 43 44 58 68 69
 29 38 58 68
 29 36 37 58 68
 28 58
 28 58 72
 28 58 70
 28 58 69 70
 28 58 68 69
 28 58 68 69 71
 28 58 68 69 70
 28 58 66
 28 58 64 65
 28 58 60
 28 58 60
 28 58 60 67
 28 58 59
 28 57 58
 28 56
 28 56 67
 28 56 65
 28 56 65 66
 28 56 59
 28 56 58
 28 55 56 58
 28 54 56
 28 54 55 58
 28 52 53 56
 28 45 60 70
 28 45 60 68 69
 28 45 58 60 70
 28 45 58 60 68 69
 28 45 58 59 70
 28 45 58 59 68 69
 28 45 56 58
 28 45 54 55 58
 28 45 53 70
 28 45 53 68 69
 28 44 58 70
 28 44 58 68 69
 28 43 58
 28 43 58 71
 28 43 58 69 70
 28 43 58 67
 28 43 58 59
 28 43 56
 28 43 45 60
 28 43 45 58 60
 28 43 45 58 59
 28 43 45 53
 28 43 44 60
 28 43 44 60 70
 28 43 44 60 68 69
 28 43 44 58 60
 28 43 44 58 60 70
 28 43 44 58 60 68 69
 28 43 44 58 59
 28 43 44 58 59 70
 28 43 44 58 59 68 69
 28 43 44 56 58
 28 43 44 54 55 58
 28 43 44 53
 28 43 44 53 70
 28 43 44 53 68 69
 28 42 58
 28 41 58
 28 41 42 58
 28 41 42 58
 28 41 42 58 67
 28 41 42 58 59
 28 41 42 56
 28 40 56
 28 40 41 58
 28 39 58
 28 39 40 58
 28 38 58 60
 28 38 54 58 60
 28 38 52 53 58 60
 28 38 43 58
 28 38 43 54 58
 28 38 43 52 53 58
 28 38 41 42 58
 28 38 41 42 54 58
 28 38 41 42 52 53 58
 28 37
 28 37 45 62 70
 28 37 45 62 68 69
 28 37 43 45 62
 28 37 43 44 62
 28 37 43 44 62 70
 28 37 43 44 62 68 69
 28 36 37 58 60
 28 36 37 54 58 60
 28 36 37 52 53 58 60
 28 36 37 43 58
 28 36 37 43 54 58
 28 36 37 43 52 53 58
 28 36 37 41 42 58
 28 36 37 41 42 54 58
 28 36 37 41 42 52 53 58
 28 33 45 58 70
 28 33 45 58 68 69
 28 33 43 45 58
 28 33 43 44 58
 28 33 43 44 58 70
 28 33 43 44 58 68 69
 28 30 58
 28 29 58
 28 29 45 58
 28 29 43 44 58
 27 55 58
 27 53 54 58
 27 43 58
 27 41 42 58
 27 40 58 59
 27 38 39 58 59
 27 28 58
 27 28 58 59
 27 28 56
 27 28 38 58 60
 27 28 38 43 58
 27 28 38 41 42 58
 27 28 36 37 58 60
 27 28 36 37 43 58
 27 28 36 37 41 42 58
 26 58 70
 26 58 68 69
 26 56 58 68
 26 56 57 58 70
 26 56 57 58 68 69
 26 54 55 58 68
 26 53 56 58
 26 53 54 55 58
 26 51 56 58
 26 51 54 55 58
 26 50 51 56 58
 26 50 51 54 55 58
 26 49 50 56 58
 26 49 50 54 55 58
 26 49 50 52 56 58
 26 49 50 52 54 55 58
 26 49 50 51 56 58
 26 49 50 51 54 55 58
 26 45 58 68
 26 45 58 66 67
 26 45 56 57 58 68
 26 45 56 57 58 66 67
 26 43 58
 26 43 56 57 58
 26 43 44 58 68
 26 43 44 58 66 67
 26 43 44 56 57 58 68
 26 43 44 56 57 58 66 67
 26 41 45 58
 26 41 45 56 57 58
 26 41 43 44 58
 26 41 43 44 56 57 58
 26 38 56 58
 26 38 54 55 58
 26 36 37 56 58
 26 36 37 54 55 58
 26 31 58 70
 26 31 58 68 69
 26 31 45 58 68
 26 31 45 58 66 67
 26 31 43 58
 26 31 43 44 58 68
 26 31 43 44 58 66 67
 26 31 41 45 58
 26 31 41 43 44 58
 26 29 58 68
 26 29 53 58
 26 29 51 58
 26 29 50 51 58
 26 29 49 50 58
 26 29 49 50 52 58
 26 29 49 50 51 58
 26 29 38 58
 26 29 36 37 58
 26 27 58 72
 26 27 58 70
 26 27 58 69 70
 26 27 58 68 69
 26 27 58 68 69 71
 26 27 58 68 69 70
 26 27 58 66
 26 27 58 64 65
 26 27 58 60
 26 27 58 60
 26 27 58 60 67
 26 27 57 58
 26 27 56
 26 27 56
 26 27 56 67
 26 27 56 65
 26 27 56 65 66
 26 27 56 59
 26 27 56 58
 26 27 55 56 58
 26 27 54 56
 26 27 54 55 58
 26 27 52 53 56
 26 27 45 60 70
 26 27 45 60 68 69
 26 27 45 58 60 70
 26 27 45 58 60 68 69
 26 27 45 58 59 70
 26 27 45 58 59 68 69
 26 27 45 56 58
 26 27 45 54 55 58
 26 27 45 53 70
 26 27 45 53 68 69
 26 27 44 58 70
 26 27 44 58 68 69
 26 27 43 58
 26 27 43 58 71
 26 27 43 58 69 70
 26 27 43 58 67
 26 27 43 58 59
 26 27 43 56
 26 27 43 45 60
 26 27 43 45 58 60
 26 27 43 45 58 59
 26 27 43 45 53
 26 27 43 44 60
 26 27 43 44 60 70
 26 27 43 44 60 68 69
 26 27 43 44 58 60
 26 27 43 44 58 60 70
 26 27 43 44 58 60 68 69
 26 27 43 44 58 59
 26 27 43 44 58 59 70
 26 27 43 44 58 59 68 69
 26 27 43 44 56 58
 26 27 43 44 54 55 58
 26 27 43 44 53
 26 27 43 44 53 70
 26 27 43 44 53 68 69
 26 27 42 58
 26 27 41 58
 26 27 41 42 58
 26 27 41 42 58
 26 27 41 42 58 67
 26 27 41 42 58 59
 26 27 41 42 56
 26 27 40 56
 26 27 40 41 58
 26 27 39 58
 26 27 39 40 58
 26 27 38 54 58 60
 26 27 38 52 53 58 60
 26 27 38 43 54 58
 26 27 38 43 52 53 58
 26 27 38 41 42 54 58
 26 27 38 41 42 52 53 58
 26 27 37
 26 27 37 45 62 70
 26 27 37 45 62 68 69
 26 27 37 43 45 62
 26 27 37 43 44 62
 26 27 37 43 44 62 70
 26 27 37 43 44 62 68 69
 26 27 36 37 54 58 60
 26 27 36 37 52 53 58 60
 26 27 36 37 43 54 58
 26 27 36 37 43 52 53 58
 26 27 36 37 41 42 54 58
 26 27 36 37 41 42 52 53 58
 26 27 33 45 58 70
 26 27 33 45 58 68 69
 26 27 33 43 45 58
 26 27 33 43 44 58
 26 27 33 43 44 58 70
 26 27 33 43 44 58 68 69
 26 27 30 58
 26 27 29 58
 26 27 29 45 58
 26 27 29 43 44 58
 25 51 56 58 68
 25 51 54 55 58 68
 25 49 50 56 58 68
 25 49 50 54 55 58 68
 25 29 51 58 68
 25 29 49 50 58 68
 25 28 58 60
 25 28 43 58
 25 28 41 42 58
 25 26 58
 25 26 51 56 58
 25 26 51 54 55 58
 25 26 49 50 56 58
 25 26 49 50 54 55 58
 25 26 43 58
 25 26 41 42 58
 25 26 29 51 58
 25 26 29 49 50 58
 25 26 28 58
 25 26 28 58 59
 25 26 27 58
 25 26 27 58 60
 25 26 27 58 59
 25 26 27 43 58
 25 26 27 41 42 58
 24
 24 56 58 68
 24 54 55 58 68
 24 52 56 58 68
 24 52 54 55 58 68
 24 50 51 56 58 68
 24 50 51 54 55 58 68
 24 29 58 68
 24 29 52 58 68
 24 29 50 51 58 68
 24 28 58
 24 26 56 58
 24 26 54 55 58
 24 26 52 56 58
 24 26 52 54 55 58
 24 26 50 51 56 58
 24 26 50 51 54 55 58
 24 26 29 58
 24 26 29 52 58
 24 26 29 50 51 58
 24 26 27 58
 24 25 58 70
 24 25 58 68 69
 24 25 56 58
 24 25 56 58 68
 24 25 56 57 58 70
 24 25 56 57 58 68 69
 24 25 54 55 58
 24 25 54 55 58 68
 24 25 53 56 58
 24 25 53 54 55 58
 24 25 52 56 58
 24 25 52 54 55 58
 24 25 49 50 52 56 58
 24 25 49 50 52 54 55 58
 24 25 49 50 51 56 58
 24 25 49 50 51 54 55 58
 24 25 45 58 68
 24 25 45 58 66 67
 24 25 45 56 57 58 68
 24 25 45 56 57 58 66 67
 24 25 43 58
 24 25 43 56 57 58
 24 25 43 44 58 68
 24 25 43 44 58 66 67
 24 25 43 44 56 57 58 68
 24 25 43 44 56 57 58 66 67
 24 25 41 45 58
 24 25 41 45 56 57 58
 24 25 41 43 44 58
 24 25 41 43 44 56 57 58
 24 25 38 56 58
 24 25 38 54 55 58
 24 25 36 37 56 58
 24 25 36 37 54 55 58
 24 25 31 58 70
 24 25 31 58 68 69
 24 25 31 45 58 68
 24 25 31 45 58 66 67
 24 25 31 43 58
 24 25 31 43 44 58 68
 24 25 31 43 44 58 66 67
 24 25 31 41 45 58
 24 25 31 41 43 44 58
 24 25 29 58
 24 25 29 58 68
 24 25 29 53 58
 24 25 29 52 58
 24 25 29 49 50 52 58
 24 25 29 49 50 51 58
 24 25 29 38 58
 24 25 29 36 37 58
 23 24 28 58 60
 23 24 28 43 58
 23 24 28 41 42 58
 23 24 26 27 58 60
 23 24 26 27 43 58
 23 24 26 27 41 42 58
 20 58
 20 58 64 70
 20 58 64 68 69
 20 58 64 66 72
 20 58 64 66 70 71
 20 58 64 65 72
 20 58 64 65 70 71
 20 56 58
 20 56 57 64 70
 20 56 57 64 68 69
 20 56 57 64 66 72
 20 56 57 64 66 70 71
 20 56 57 64 65 72
 20 56 57 64 65 70 71
 20 56 57 58
 20 55 58 70
 20 55 58 68 69
 20 55 58 66 72
 20 55 58 66 70 71
 20 55 58 64 65 72
 20 55 58 64 65 70 71
 20 55 56 57 70
 20 55 56 57 68 69
 20 55 56 57 66 72
 20 55 56 57 66 70 71
 20 55 56 57 64 65 72
 20 55 56 57 64 65 70 71
 20 45 58 64 66
 20 45 58 64 65
 20 45 56 57 64 66
 20 45 56 57 64 65
 20 45 55 58 66
 20 45 55 58 64 65
 20 45 55 56 57 66
 20 45 55 56 57 64 65
 20 43 58 64
 20 43 56 57 64
 20 43 55 58
 20 43 55 56 57
 20 39 58 64 72
 20 39 58 64 70 71
 20 39 56 57 64 72
 20 39 56 57 64 70 71
 20 39 55 58 72
 20 39 55 58 70 71
 20 39 55 56 57 72
 20 39 55 56 57 70 71
 20 39 45 58 64
 20 39 45 56 57 64
 20 39 45 55 58
 20 39 45 55 56 57
 20 31 64 70
 20 31 64 68 69
 20 31 64 66 72
 20 31 64 66 70 71
 20 31 64 65 72
 20 31 64 65 70 71
 20 31 56 58
 20 31 55 70
 20 31 55 68 69
 20 31 55 66 72
 20 31 55 66 70 71
 20 31 55 64 65 72
 20 31 55 64 65 70 71
 20 31 45 64 66
 20 31 45 64 65
 20 31 45 55 66
 20 31 45 55 64 65
 20 31 43 64
 20 31 43 55
 20 31 39 64 72
 20 31 39 64 70 71
 20 31 39 55 72
 20 31 39 55 70 71
 20 31 39 45 64
 20 31 39 45 55
 18 70
 18 68 69
 18 62 70
 18 62 68 69
 18 62 66 72
 18 62 66 70 71
 18 62 64 65 72
 18 62 64 65 70 71
 18 60
 18 58
 18 58 70 72
 18 58 70 71
 18 58 68
 18 58 68 69 72
 18 58 68 69 70 71
 18 58 66 67 68
 18 58 60
 18 58 60 72
 18 58 60 70
 18 58 60 70 71
 18 58 60 68 69
 18 58 60 66 70
 18 58 60 66 68 69
 18 58 60 64 65 70
 18 58 60 64 65 68 69
 18 57 58
 18 56 70
 18 56 68
 18 56 68 69
 18 56 66 67
 18 56 58 72
 18 56 58 70 71
 18 56 58 66 72
 18 56 58 66 70 71
 18 56 58 64 65 72
 18 56 58 64 65 70 71
 18 56 57 60
 18 56 57 58
 18 56 57 58 68
 18 56 57 58 66 67 68
 18 56 57 58 60
 18 45 62 66
 18 45 62 64 65
 18 45 58 70
 18 45 58 68 69
 18 45 58 60
 18 45 56 58
 18 45 56 58 66
 18 45 56 58 64 65
 18 43
 18 43 62
 18 43 58
 18 43 58 72
 18 43 58 70
 18 43 58 70 71
 18 43 58 68 69
 18 43 58 60
 18 43 58 60 66
 18 43 58 60 64 65
 18 43 56
 18 43 54 55 58
 18 43 54 55 58 70
 18 43 54 55 58 68 69
 18 43 45 58
 18 41 58 68
 18 41 56
 18 41 56 57 58 68
 18 41 42 58 70
 18 41 42 58 68 69
 18 41 42 54 55 58 70
 18 41 42 54 55 58 68 69
 18 41 42 43 58
 18 41 42 43 54 55 58
 18 39 62 72
 18 39 62 70 71
 18 39 58 60 70
 18 39 58 60 68 69
 18 39 56 58 72
 18 39 56 58 70 71
 18 39 45 62
 18 39 45 56 58
 18 39 43 58 60
 18 37 62 70
 18 37 62 68 69
 18 37 62 66 72
 18 37 62 66 70 71
 18 37 62 64 65 72
 18 37 62 64 65 70 71
 18 37 45 62 66
 18 37 45 62 64 65
 18 37 43 62
 18 37 39 62 72
 18 37 39 62 70 71
 18 37 39 45 62
 18 31 60
 18 31 58 68
 18 31 58 66 67 68
 18 31 58 60
 18 31 56 58
 18 31 41 58 68
 18 29 43 58
 18 29 43 58 70
 18 29 43 58 68 69
 18 29 41 42 58 70
 18 29 41 42 58 68 69
 18 29 41 42 43 58
 18 28 60 70
 18 28 60 68 69
 18 28 58
 18 28 58 60 70
 18 28 58 60 68 69
 18 28 58 59 70
 18 28 58 59 68 69
 18 28 56 58
 18 28 54 55 58
 18 28 53 70
 18 28 53 68 69
 18 28 43 60
 18 28 43 58 60
 18 28 43 58 59
 18 28 43 53
 18 28 37 62 70
 18 28 37 62 68 69
 18 28 37 43 62
 18 28 33 58 70
 18 28 33 58 68 69
 18 28 33 43 58
 18 28 29 58
 18 26 58 68
 18 26 58 66 67
 18 26 56 57 58 68
 18 26 56 57 58 66 67
 18 26 41 58
 18 26 41 56 57 58
 18 26 31 58 68
 18 26 31 58 66 67
 18 26 31 41 58
 18 26 27 60 70
 18 26 27 60 68 69
 18 26 27 58
 18 26 27 58 60 70
 18 26 27 58 60 68 69
 18 26 27 58 59 70
 18 26 27 58 59 68 69
 18 26 27 56 58
 18 26 27 54 55 58
 18 26 27 53 70
 18 26 27 53 68 69
 18 26 27 43 60
 18 26 27 43 58 60
 18 26 27 43 58 59
 18 26 27 43 53
 18 26 27 37 62 70
 18 26 27 37 62 68 69
 18 26 27 37 43 62
 18 26 27 33 58 70
 18 26 27 33 58 68 69
 18 26 27 33 43 58
 18 26 27 29 58
 18 24 25 58 68
 18 24 25 58 66 67
 18 24 25 56 57 58 68
 18 24 25 56 57 58 66 67
 18 24 25 41 58
 18 24 25 41 56 57 58
 18 24 25 31 58 68
 18 24 25 31 58 66 67
 18 24 25 31 41 58
 17 58
 17 58
 17 58 67
 17 58 65
 17 58 65 66
 17 43 58
 17 41 58
 17 41 42 58
 17 40 58
 17 40 54 58
 17 40 52 53 58
 17 39 40 58
 17 38 39 54 58
 17 38 39 52 53 58
 17 28 58
 17 28 56
 17 28 43 58
 17 28 41 42 58
 17 27 40 58
 17 27 38 39 58
 17 27 28 58
 17 26 27 56
 17 26 27 43 58
 17 26 27 41 42 58
 17 25 26 28 58
 17 25 26 27 58
 16 58 59
 16 45 58 70
 16 45 58 68 69
 16 45 54 55 58 70
 16 45 54 55 58 68 69
 16 43 45 58
 16 43 45 54 55 58
 16 43 44 58
 16 43 44 58 70
 16 43 44 58 68 69
 16 43 44 54 55 58
 16 43 44 54 55 58 70
 16 43 44 54 55 58 68 69
 16 42 58
 16 41 58
 16 40 58
 16 40 41 58
 16 39 40 58
 16 38 39 58
 16 29 45 58 70
 16 29 45 58 68 69
 16 29 43 45 58
 16 29 43 44 58
 16 29 43 44 58 70
 16 29 43 44 58 68 69
 16 28 58
 16 28 58
 16 28 58 67
 16 28 58 59
 16 28 56
 16 28 38 58
 16 28 38 54 58
 16 28 38 52 53 58
 16 28 36 37 58
 16 28 36 37 54 58
 16 28 36 37 52 53 58
 16 27 58
 16 27 28 38 58
 16 27 28 36 37 58
 16 26 27 58
 16 26 27 58
 16 26 27 58 67
 16 26 27 58 59
 16 26 27 56
 16 26 27 38 54 58
 16 26 27 38 52 53 58
 16 26 27 36 37 54 58
 16 26 27 36 37 52 53 58
 16 25 28 58
 16 25 26 58
 16 25 26 27 58
 16 23 24 28 58
 16 23 24 26 27 58
 16 18 58 70
 16 18 58 68 69
 16 18 54 55 58 70
 16 18 54 55 58 68 69
 16 18 43 58
 16 18 43 54 55 58
 16 18 29 58 70
 16 18 29 58 68 69
 16 18 29 43 58
 16 17 58
 16 17 28 58
 16 17 26 27 58
 15
 15 58
 15 45 58
 15 43 44 58
 15 35
 15 35 70
 15 35 68 69
 15 35 43
 15 18 58
 15 16 58
 15 16 58
 15 16 58 67
 15 16 58 65
 15 16 58 65 66
 15 16 43 58
 15 16 41 58
 15 16 41 42 58
 15 16 40 58
 15 16 40 54 58
 15 16 40 52 53 58
 15 16 39 40 58
 15 16 38 39 54 58
 15 16 38 39 52 53 58
 15 16 28 56
 15 16 28 43 58
 15 16 28 41 42 58
 15 16 27 40 58
 15 16 27 38 39 58
 15 16 27 28 58
 15 16 26 27 58
 15 16 26 27 56
 15 16 26 27 43 58
 15 16 26 27 41 42 58
 15 16 25 26 28 58
 15 16 25 26 27 58
 14 58 59
 14 43 58
 14 41 42 58
 14 28 58
 14 26 27 58
 14 17 58
 14 16 58
 14 15 16 58
 13 58
 13 54 58 59
 13 52 53 58 59
 13 47 58 70
 13 47 58 68 69
 13 47 58 66 72
 13 47 58 66 70 71
 13 47 58 64 65 72
 13 47 58 64 65 70 71
 13 47 56 57 70
 13 47 56 57 68 69
 13 47 56 57 66 72
 13 47 56 57 66 70 71
 13 47 56 57 64 65 72
 13 47 56 57 64 65 70 71
 13 45 47 58 66
 13 45 47 58 64 65
 13 45 47 56 57 66
 13 45 47 56 57 64 65
 13 45 46 58 70
 13 45 46 58 68 69
 13 45 46 58 66
 13 45 46 58 66 72
 13 45 46 58 66 70 71
 13 45 46 58 64 65
 13 45 46 58 64 65 72
 13 45 46 58 64 65 70 71
 13 45 46 56 57 70
 13 45 46 56 57 68 69
 13 45 46 56 57 66
 13 45 46 56 57 66 72
 13 45 46 56 57 66 70 71
 13 45 46 56 57 64 65
 13 45 46 56 57 64 65 72
 13 45 46 56 57 64 65 70 71
 13 43 58
 13 43 47 58
 13 43 47 56 57
 13 43 45 46 58
 13 43 45 46 56 57
 13 41 42 58
 13 39 47 58 72
 13 39 47 58 70 71
 13 39 47 56 57 72
 13 39 47 56 57 70 71
 13 39 45 47 58
 13 39 45 47 56 57
 13 39 45 46 58
 13 39 45 46 58 72
 13 39 45 46 58 70 71
 13 39 45 46 56 57
 13 39 45 46 56 57 72
 13 39 45 46 56 57 70 71
 13 31 47 70
 13 31 47 68 69
 13 31 47 66 72
 13 31 47 66 70 71
 13 31 47 64 65 72
 13 31 47 64 65 70 71
 13 31 45 47 66
 13 31 45 47 64 65
 13 31 45 46 70
 13 31 45 46 68 69
 13 31 45 46 66
 13 31 45 46 66 72
 13 31 45 46 66 70 71
 13 31 45 46 64 65
 13 31 45 46 64 65 72
 13 31 45 46 64 65 70 71
 13 31 43 47
 13 31 43 45 46
 13 31 39 47 72
 13 31 39 47 70 71
 13 31 39 45 47
 13 31 39 45 46
 13 31 39 45 46 72
 13 31 39 45 46 70 71
 13 27 58 59
 13 20 58 70
 13 20 58 68 69
 13 20 58 66 72
 13 20 58 66 70 71
 13 20 58 64 65 72
 13 20 58 64 65 70 71
 13 20 56 57 70
 13 20 56 57 68 69
 13 20 56 57 66 72
 13 20 56 57 66 70 71
 13 20 56 57 64 65 72
 13 20 56 57 64 65 70 71
 13 20 45 58 66
 13 20 45 58 64 65
 13 20 45 56 57 66
 13 20 45 56 57 64 65
 13 20 43 58
 13 20 43 56 57
 13 20 39 58 72
 13 20 39 58 70 71
 13 20 39 56 57 72
 13 20 39 56 57 70 71
 13 20 39 45 58
 13 20 39 45 56 57
 13 20 31 70
 13 20 31 68 69
 13 20 31 66 72
 13 20 31 66 70 71
 13 20 31 64 65 72
 13 20 31 64 65 70 71
 13 20 31 45 66
 13 20 31 45 64 65
 13 20 31 43
 13 20 31 39 72
 13 20 31 39 70 71
 13 20 31 39 45
 13 17 54 58
 13 17 52 53 58
 13 17 27 58
 13 16 58
 13 15 16 54 58
 13 15 16 52 53 58
 13 15 16 27 58
 13 14
 13 14 45 58
 13 14 43 44 58
 13 14 35
 13 14 35 70
 13 14 35 68 69
 13 14 35 43
 13 14 18 58
 12 13 58
 11 56 58 68
 11 54 55 58 68
 11 29 58 68
 11 28 58 60
 11 28 54 58 60
 11 28 52 53 58 60
 11 28 45 70
 11 28 45 68 69
 11 28 43 58
 11 28 43 54 58
 11 28 43 52 53 58
 11 28 43 45
 11 28 43 44
 11 28 43 44 70
 11 28 43 44 68 69
 11 28 41 42 58
 11 28 41 42 54 58
 11 28 41 42 52 53 58
 11 27 28 58 60
 11 27 28 43 58
 11 27 28 41 42 58
 11 26 56 58
 11 26 54 55 58
 11 26 29 58
 11 26 27 54 58 60
 11 26 27 52 53 58 60
 11 26 27 45 70
 11 26 27 45 68 69
 11 26 27 43 54 58
 11 26 27 43 52 53 58
 11 26 27 43 45
 11 26 27 43 44
 11 26 27 43 44 70
 11 26 27 43 44 68 69
 11 26 27 41 42 54 58
 11 26 27 41 42 52 53 58
 11 24 25 56 58
 11 24 25 54 55 58
 11 24 25 29 58
 11 18 28 70
 11 18 28 68 69
 11 18 28 43
 11 18 26 27 70
 11 18 26 27 68 69
 11 18 26 27 43
 11 16 28 58
 11 16 28 54 58
 11 16 28 52 53 58
 11 16 27 28 58
 11 16 26 27 54 58
 11 16 26 27 52 53 58
 11 12 47 58 70
 11 12 47 58 68 69
 11 12 47 58 66 72
 11 12 47 58 66 70 71
 11 12 47 58 64 65 72
 11 12 47 58 64 65 70 71
 11 12 47 56 57 70
 11 12 47 56 57 68 69
 11 12 47 56 57 66 72
 11 12 47 56 57 66 70 71
 11 12 47 56 57 64 65 72
 11 12 47 56 57 64 65 70 71
 11 12 45 47 58 66
 11 12 45 47 58 64 65
 11 12 45 47 56 57 66
 11 12 45 47 56 57 64 65
 11 12 45 46 58 70
 11 12 45 46 58 68 69
 11 12 45 46 58 66
 11 12 45 46 58 66 72
 11 12 45 46 58 66 70 71
 11 12 45 46 58 64 65
 11 12 45 46 58 64 65 72
 11 12 45 46 58 64 65 70 71
 11 12 45 46 56 57 70
 11 12 45 46 56 57 68 69
 11 12 45 46 56 57 66
 11 12 45 46 56 57 66 72
 11 12 45 46 56 57 66 70 71
 11 12 45 46 56 57 64 65
 11 12 45 46 56 57 64 65 72
 11 12 45 46 56 57 64 65 70 71
 11 12 43 47 58
 11 12 43 47 56 57
 11 12 43 45 46 58
 11 12 43 45 46 56 57
 11 12 39 47 58 72
 11 12 39 47 58 70 71
 11 12 39 47 56 57 72
 11 12 39 47 56 57 70 71
 11 12 39 45 47 58
 11 12 39 45 47 56 57
 11 12 39 45 46 58
 11 12 39 45 46 58 72
 11 12 39 45 46 58 70 71
 11 12 39 45 46 56 57
 11 12 39 45 46 56 57 72
 11 12 39 45 46 56 57 70 71
 11 12 31 47 70
 11 12 31 47 68 69
 11 12 31 47 66 72
 11 12 31 47 66 70 71
 11 12 31 47 64 65 72
 11 12 31 47 64 65 70 71
 11 12 31 45 47 66
 11 12 31 45 47 64 65
 11 12 31 45 46 70
 11 12 31 45 46 68 69
 11 12 31 45 46 66
 11 12 31 45 46 66 72
 11 12 31 45 46 66 70 71
 11 12 31 45 46 64 65
 11 12 31 45 46 64 65 72
 11 12 31 45 46 64 65 70 71
 11 12 31 43 47
 11 12 31 43 45 46
 11 12 31 39 47 72
 11 12 31 39 47 70 71
 11 12 31 39 45 47
 11 12 31 39 45 46
 11 12 31 39 45 46 72
 11 12 31 39 45 46 70 71
 11 12 20 58 70
 11 12 20 58 68 69
 11 12 20 58 66 72
 11 12 20 58 66 70 71
 11 12 20 58 64 65 72
 11 12 20 58 64 65 70 71
 11 12 20 56 57 70
 11 12 20 56 57 68 69
 11 12 20 56 57 66 72
 11 12 20 56 57 66 70 71
 11 12 20 56 57 64 65 72
 11 12 20 56 57 64 65 70 71
 11 12 20 45 58 66
 11 12 20 45 58 64 65
 11 12 20 45 56 57 66
 11 12 20 45 56 57 64 65
 11 12 20 43 58
 11 12 20 43 56 57
 11 12 20 39 58 72
 11 12 20 39 58 70 71
 11 12 20 39 56 57 72
 11 12 20 39 56 57 70 71
 11 12 20 39 45 58
 11 12 20 39 45 56 57
 11 12 20 31 70
 11 12 20 31 68 69
 11 12 20 31 66 72
 11 12 20 31 66 70 71
 11 12 20 31 64 65 72
 11 12 20 31 64 65 70 71
 11 12 20 31 45 66
 11 12 20 31 45 64 65
 11 12 20 31 43
 11 12 20 31 39 72
 11 12 20 31 39 70 71
 11 12 20 31 39 45
 9 10 28 45 70
 9 10 28 45 68 69
 9 10 28 43 45
 9 10 28 43 44
 9 10 28 43 44 70
 9 10 28 43 44 68 69
 9 10 26 27 45 70
 9 10 26 27 45 68 69
 9 10 26 27 43 45
 9 10 26 27 43 44
 9 10 26 27 43 44 70
 9 10 26 27 43 44 68 69
 9 10 18 28 70
 9 10 18 28 68 69
 9 10 18 28 43
 9 10 18 26 27 70
 9 10 18 26 27 68 69
 9 10 18 26 27 43
 1 58
 1 58 72
 1 58 70
 1 58 69 70
 1 58 68 69
 1 58 68 69 71
 1 58 68 69 70
 1 58 66
 1 58 64 65
 1 58 60
 1 58 60
 1 58 60 67
 1 58 59
 1 57 58
 1 56
 1 56 67
 1 56 65
 1 56 65 66
 1 56 59
 1 56 58
 1 55 56 58
 1 54 56
 1 54 55 58
 1 52 53 56
 1 45 60 70
 1 45 60 68 69
 1 45 58 60 70
 1 45 58 60 68 69
 1 45 58 59 70
 1 45 58 59 68 69
 1 45 56 58
 1 45 54 55 58
 1 45 53 70
 1 45 53 68 69
 1 44 58 70
 1 44 58 68 69
 1 43 58
 1 43 58 71
 1 43 58 69 70
 1 43 58 67
 1 43 58 59
 1 43 56
 1 43 45 60
 1 43 45 58 60
 1 43 45 58 59
 1 43 45 53
 1 43 44 60
 1 43 44 60 70
 1 43 44 60 68 69
 1 43 44 58 60
 1 43 44 58 60 70
 1 43 44 58 60 68 69
 1 43 44 58 59
 1 43 44 58 59 70
 1 43 44 58 59 68 69
 1 43 44 56 58
 1 43 44 54 55 58
 1 43 44 53
 1 43 44 53 70
 1 43 44 53 68 69
 1 42 58
 1 41 58
 1 41 42 58
 1 41 42 58
 1 41 42 58 67
 1 41 42 58 59
 1 41 42 56
 1 40 56
 1 40 41 58
 1 39 58
 1 39 40 58
 1 38 58 60
 1 38 54 58 60
 1 38 52 53 58 60
 1 38 43 58
 1 38 43 54 58
 1 38 43 52 53 58
 1 38 41 42 58
 1 38 41 42 54 58
 1 38 41 42 52 53 58
 1 37
 1 37 45 62 70
 1 37 45 62 68 69
 1 37 43 45 62
 1 37 43 44 62
 1 37 43 44 62 70
 1 37 43 44 62 68 69
 1 36 37 58 60
 1 36 37 54 58 60
 1 36 37 52 53 58 60
 1 36 37 43 58
 1 36 37 43 54 58
 1 36 37 43 52 53 58
 1 36 37 41 42 58
 1 36 37 41 42 54 58
 1 36 37 41 42 52 53 58
 1 33 45 58 70
 1 33 45 58 68 69
 1 33 43 45 58
 1 33 43 44 58
 1 33 43 44 58 70
 1 33 43 44 58 68 69
 1 30 58
 1 29 58
 1 29 45 58
 1 29 43 44 58
 1 27 58
 1 27 58 59
 1 27 56
 1 27 38 58 60
 1 27 38 43 58
 1 27 38 41 42 58
 1 27 36 37 58 60
 1 27 36 37 43 58
 1 27 36 37 41 42 58
 1 25 58 60
 1 25 43 58
 1 25 41 42 58
 1 25 26 58
 1 25 26 58 59
 1 24 58
 1 23 24 58 60
 1 23 24 43 58
 1 23 24 41 42 58
 1 18 60 70
 1 18 60 68 69
 1 18 58
 1 18 58 60 70
 1 18 58 60 68 69
 1 18 58 59 70
 1 18 58 59 68 69
 1 18 56 58
 1 18 54 55 58
 1 18 53 70
 1 18 53 68 69
 1 18 43 60
 1 18 43 58 60
 1 18 43 58 59
 1 18 43 53
 1 18 37 62 70
 1 18 37 62 68 69
 1 18 37 43 62
 1 18 33 58 70
 1 18 33 58 68 69
 1 18 33 43 58
 1 18 29 58
 1 17 58
 1 17 56
 1 17 43 58
 1 17 41 42 58
 1 17 27 58
 1 17 25 26 58
 1 16 58
 1 16 58
 1 16 58 67
 1 16 58 59
 1 16 56
 1 16 38 58
 1 16 38 54 58
 1 16 38 52 53 58
 1 16 36 37 58
 1 16 36 37 54 58
 1 16 36 37 52 53 58
 1 16 27 38 58
 1 16 27 36 37 58
 1 16 25 58
 1 16 23 24 58
 1 16 17 58
 1 15 16 56
 1 15 16 43 58
 1 15 16 41 42 58
 1 15 16 27 58
 1 15 16 25 26 58
 1 14 58
 1 11 58 60
 1 11 54 58 60
 1 11 52 53 58 60
 1 11 45 70
 1 11 45 68 69
 1 11 43 58
 1 11 43 54 58
 1 11 43 52 53 58
 1 11 43 45
 1 11 43 44
 1 11 43 44 70
 1 11 43 44 68 69
 1 11 41 42 58
 1 11 41 42 54 58
 1 11 41 42 52 53 58
 1 11 27 58 60
 1 11 27 43 58
 1 11 27 41 42 58
 1 11 18 70
 1 11 18 68 69
 1 11 18 43
 1 11 16 58
 1 11 16 54 58
 1 11 16 52 53 58
 1 11 16 27 58
 1 9 10 45 70
 1 9 10 45 68 69
 1 9 10 43 45
 1 9 10 43 44
 1 9 10 43 44 70
 1 9 10 43 44 68 69
 1 9 10 18 70
 1 9 10 18 68 69
 1 9 10 18 43
 0 58
 0 43 58
 0 41 42 58
 0 28 58
 0 28 58 59
 0 26 27 58
 0 26 27 58 59
 0 17 28 58
 0 17 26 27 58
 0 16 58
 0 15 16 28 58
 0 15 16 26 27 58
 0 1 58
 0 1 58 59
 0 1 17 58
 0 1 15 16 58
