 60
 47 60
 45 60
 45 58 64
 45 58 62 63
 45 57 60
 45 57 58 64
 45 57 58 62 63
 45 46 60
 43 60 64
 43 60 62 63
 43 47 60 64
 43 47 60 62 63
 43 45 60 64
 43 45 60 62 63
 43 45 57 60 64
 43 45 57 60 62 63
 43 45 46 60 64
 43 45 46 60 62 63
 43 44 60
 43 44 60 64
 43 44 60 62 63
 43 44 58 64
 43 44 58 62 63
 43 44 57 60
 43 44 57 60 64
 43 44 57 60 62 63
 43 44 57 58 64
 43 44 57 58 62 63
 41 58 66
 41 58 64 65
 41 58 59 66 72
 41 58 59 66 70 71
 41 58 59 64 65 72
 41 58 59 64 65 70 71
 41 57
 41 57 72
 41 57 70 71
 41 57 68
 41 57 68 72
 41 57 68 70 71
 41 57 66 67
 41 57 66 67 72
 41 57 66 67 70 71
 41 56 70
 41 56 68 69
 41 56 58 70
 41 56 58 68 69
 41 56 58 59 66 70
 41 56 58 59 66 68 69
 41 56 58 59 64 65 70
 41 56 58 59 64 65 68 69
 41 56 57 68 70
 41 56 57 68 69
 41 56 57 66 67 70
 41 56 57 66 67 68 69
 41 54 55 58 59 66 70
 41 54 55 58 59 66 68 69
 41 54 55 58 59 64 65 70
 41 54 55 58 59 64 65 68 69
 41 54 55 57 70
 41 54 55 57 68 70
 41 54 55 57 66 67 70
 41 54 55 57 66 67 68 69
 41 47 72
 41 47 70 71
 41 47 68 72
 41 47 68 70 71
 41 47 66 67 72
 41 47 66 67 70 71
 41 47 58 59 66 72
 41 47 58 59 66 70 71
 41 47 58 59 64 65 72
 41 47 58 59 64 65 70 71
 41 47 56 70
 41 47 56 68 70
 41 47 56 66 67 70
 41 47 56 66 67 68 69
 41 47 56 58 59 66 70
 41 47 56 58 59 66 68 69
 41 47 56 58 59 64 65 70
 41 47 56 58 59 64 65 68 69
 41 47 54 55 70
 41 47 54 55 68 70
 41 47 54 55 66 67 70
 41 47 54 55 66 67 68 69
 41 47 54 55 58 59 66 70
 41 47 54 55 58 59 66 68 69
 41 47 54 55 58 59 64 65 70
 41 47 54 55 58 59 64 65 68 69
 41 45 58 59 66 72
 41 45 58 59 66 70 71
 41 45 58 59 64 65 72
 41 45 58 59 64 65 70 71
 41 45 57
 41 45 57 68
 41 45 57 66 67
 41 45 56 58 59 66 70
 41 45 56 58 59 66 68 69
 41 45 56 58 59 64 65 70
 41 45 56 58 59 64 65 68 69
 41 45 54 55 58 59 66 70
 41 45 54 55 58 59 66 68 69
 41 45 54 55 58 59 64 65 70
 41 45 54 55 58 59 64 65 68 69
 41 45 47
 41 45 47 68
 41 45 47 66 67
 41 45 47 58 59 66
 41 45 47 58 59 64 65
 41 45 46
 41 45 46 72
 41 45 46 70 71
 41 45 46 68
 41 45 46 68 72
 41 45 46 68 70 71
 41 45 46 66 67
 41 45 46 66 67 72
 41 45 46 66 67 70 71
 41 45 46 58 59 66
 41 45 46 58 59 66 72
 41 45 46 58 59 66 70 71
 41 45 46 58 59 64 65
 41 45 46 58 59 64 65 72
 41 45 46 58 59 64 65 70 71
 41 45 46 56 70
 41 45 46 56 68 70
 41 45 46 56 66 67 70
 41 45 46 56 66 67 68 69
 41 45 46 56 58 59 66 70
 41 45 46 56 58 59 66 68 69
 41 45 46 56 58 59 64 65 70
 41 45 46 56 58 59 64 65 68 69
 41 45 46 54 55 70
 41 45 46 54 55 68 70
 41 45 46 54 55 66 67 70
 41 45 46 54 55 66 67 68 69
 41 45 46 54 55 58 59 66 70
 41 45 46 54 55 58 59 66 68 69
 41 45 46 54 55 58 59 64 65 70
 41 45 46 54 55 58 59 64 65 68 69
 41 43 56
 41 43 56 58
 41 43 56 58 59 66
 41 43 56 58 59 64 65
 41 43 56 57 68
 41 43 56 57 66 67
 41 43 54 55 58 59 66
 41 43 54 55 58 59 64 65
 41 43 54 55 57
 41 43 54 55 57 68
 41 43 54 55 57 66 67
 41 43 47 56
 41 43 47 56 68
 41 43 47 56 66 67
 41 43 47 56 58 59 66
 41 43 47 56 58 59 64 65
 41 43 47 54 55
 41 43 47 54 55 68
 41 43 47 54 55 66 67
 41 43 47 54 55 58 59 66
 41 43 47 54 55 58 59 64 65
 41 43 45 56 58 59 66
 41 43 45 56 58 59 64 65
 41 43 45 54 55 58 59 66
 41 43 45 54 55 58 59 64 65
 41 43 45 46 56
 41 43 45 46 56 68
 41 43 45 46 56 66 67
 41 43 45 46 56 58 59 66
 41 43 45 46 56 58 59 64 65
 41 43 45 46 54 55
 41 43 45 46 54 55 68
 41 43 45 46 54 55 66 67
 41 43 45 46 54 55 58 59 66
 41 43 45 46 54 55 58 59 64 65
 41 43 44 58 59 66 72
 41 43 44 58 59 66 70 71
 41 43 44 58 59 64 65 72
 41 43 44 58 59 64 65 70 71
 41 43 44 56 58 59 66
 41 43 44 56 58 59 66 70
 41 43 44 56 58 59 66 68 69
 41 43 44 56 58 59 64 65
 41 43 44 56 58 59 64 65 70
 41 43 44 56 58 59 64 65 68 69
 41 43 44 54 55 58 59 66
 41 43 44 54 55 58 59 66 70
 41 43 44 54 55 58 59 66 68 69
 41 43 44 54 55 58 59 64 65
 41 43 44 54 55 58 59 64 65 70
 41 43 44 54 55 58 59 64 65 68 69
 41 43 44 45 58 59 66
 41 43 44 45 58 59 64 65
 41 42 60 64
 41 42 60 62 63
 41 42 47 60 64
 41 42 47 60 62 63
 41 42 45 60 64
 41 42 45 60 62 63
 41 42 45 57 60 64
 41 42 45 57 60 62 63
 41 42 45 46 60 64
 41 42 45 46 60 62 63
 41 42 43 44 60 64
 41 42 43 44 60 62 63
 41 42 43 44 57 60 64
 41 42 43 44 57 60 62 63
 39 41 58
 39 41 58 59 72
 39 41 58 59 70 71
 39 41 56 58 59 70
 39 41 56 58 59 68 69
 39 41 54 55 58 59 70
 39 41 54 55 58 59 68 69
 39 41 47 58 59 72
 39 41 47 58 59 70 71
 39 41 47 56 58 59 70
 39 41 47 56 58 59 68 69
 39 41 47 54 55 58 59 70
 39 41 47 54 55 58 59 68 69
 39 41 45 58 59 72
 39 41 45 58 59 70 71
 39 41 45 56 58 59 70
 39 41 45 56 58 59 68 69
 39 41 45 54 55 58 59 70
 39 41 45 54 55 58 59 68 69
 39 41 45 47 58 59
 39 41 45 46 58 59
 39 41 45 46 58 59 72
 39 41 45 46 58 59 70 71
 39 41 45 46 56 58 59 70
 39 41 45 46 56 58 59 68 69
 39 41 45 46 54 55 58 59 70
 39 41 45 46 54 55 58 59 68 69
 39 41 43 56 58 59
 39 41 43 54 55 58 59
 39 41 43 47 56 58 59
 39 41 43 47 54 55 58 59
 39 41 43 45 56 58 59
 39 41 43 45 54 55 58 59
 39 41 43 45 46 56 58 59
 39 41 43 45 46 54 55 58 59
 39 41 43 44 58 59 72
 39 41 43 44 58 59 70 71
 39 41 43 44 56 58 59
 39 41 43 44 56 58 59 70
 39 41 43 44 56 58 59 68 69
 39 41 43 44 54 55 58 59
 39 41 43 44 54 55 58 59 70
 39 41 43 44 54 55 58 59 68 69
 39 41 43 44 45 58 59
 39 40 58
 39 40 58 66
 39 40 58 64 65
 39 40 58 59 72
 39 40 58 59 70 71
 39 40 58 59 66 72
 39 40 58 59 66 70 71
 39 40 58 59 64 65 72
 39 40 58 59 64 65 70 71
 39 40 57 68
 39 40 57 68 72
 39 40 57 68 70 71
 39 40 57 66 67
 39 40 57 66 67 72
 39 40 57 66 67 70 71
 39 40 56 70
 39 40 56 68 69
 39 40 56 58 70
 39 40 56 58 68 69
 39 40 56 58 59 70
 39 40 56 58 59 68 69
 39 40 56 58 59 66 70
 39 40 56 58 59 66 68 69
 39 40 56 58 59 64 65 70
 39 40 56 58 59 64 65 68 69
 39 40 56 57 70
 39 40 56 57 68 70
 39 40 56 57 66 67 70
 39 40 56 57 66 67 68 69
 39 40 54 55 58 59 70
 39 40 54 55 58 59 68 69
 39 40 54 55 58 59 66 70
 39 40 54 55 58 59 66 68 69
 39 40 54 55 58 59 64 65 70
 39 40 54 55 58 59 64 65 68 69
 39 40 54 55 57 68 70
 39 40 54 55 57 68 69
 39 40 54 55 57 66 67 70
 39 40 54 55 57 66 67 68 69
 39 40 47 68 72
 39 40 47 68 70 71
 39 40 47 66 67 72
 39 40 47 66 67 70 71
 39 40 47 58 59 72
 39 40 47 58 59 70 71
 39 40 47 58 59 66 72
 39 40 47 58 59 66 70 71
 39 40 47 58 59 64 65 72
 39 40 47 58 59 64 65 70 71
 39 40 47 56 68 70
 39 40 47 56 68 69
 39 40 47 56 66 67 70
 39 40 47 56 66 67 68 69
 39 40 47 56 58 59 70
 39 40 47 56 58 59 68 69
 39 40 47 56 58 59 66 70
 39 40 47 56 58 59 66 68 69
 39 40 47 56 58 59 64 65 70
 39 40 47 56 58 59 64 65 68 69
 39 40 47 54 55 68 70
 39 40 47 54 55 68 69
 39 40 47 54 55 66 67 70
 39 40 47 54 55 66 67 68 69
 39 40 47 54 55 58 59 70
 39 40 47 54 55 58 59 68 69
 39 40 47 54 55 58 59 66 70
 39 40 47 54 55 58 59 66 68 69
 39 40 47 54 55 58 59 64 65 70
 39 40 47 54 55 58 59 64 65 68 69
 39 40 45 58 59 72
 39 40 45 58 59 70 71
 39 40 45 58 59 66 72
 39 40 45 58 59 66 70 71
 39 40 45 58 59 64 65 72
 39 40 45 58 59 64 65 70 71
 39 40 45 57 68
 39 40 45 57 66 67
 39 40 45 56 58 59 70
 39 40 45 56 58 59 68 69
 39 40 45 56 58 59 66 70
 39 40 45 56 58 59 66 68 69
 39 40 45 56 58 59 64 65 70
 39 40 45 56 58 59 64 65 68 69
 39 40 45 54 55 58 59 70
 39 40 45 54 55 58 59 68 69
 39 40 45 54 55 58 59 66 70
 39 40 45 54 55 58 59 66 68 69
 39 40 45 54 55 58 59 64 65 70
 39 40 45 54 55 58 59 64 65 68 69
 39 40 45 47 68
 39 40 45 47 66 67
 39 40 45 47 58 59
 39 40 45 47 58 59 66
 39 40 45 47 58 59 64 65
 39 40 45 46 68
 39 40 45 46 68 72
 39 40 45 46 68 70 71
 39 40 45 46 66 67
 39 40 45 46 66 67 72
 39 40 45 46 66 67 70 71
 39 40 45 46 58 59
 39 40 45 46 58 59 72
 39 40 45 46 58 59 70 71
 39 40 45 46 58 59 66
 39 40 45 46 58 59 66 72
 39 40 45 46 58 59 66 70 71
 39 40 45 46 58 59 64 65
 39 40 45 46 58 59 64 65 72
 39 40 45 46 58 59 64 65 70 71
 39 40 45 46 56 68 70
 39 40 45 46 56 68 69
 39 40 45 46 56 66 67 70
 39 40 45 46 56 66 67 68 69
 39 40 45 46 56 58 59 70
 39 40 45 46 56 58 59 68 69
 39 40 45 46 56 58 59 66 70
 39 40 45 46 56 58 59 66 68 69
 39 40 45 46 56 58 59 64 65 70
 39 40 45 46 56 58 59 64 65 68 69
 39 40 45 46 54 55 68 70
 39 40 45 46 54 55 68 69
 39 40 45 46 54 55 66 67 70
 39 40 45 46 54 55 66 67 68 69
 39 40 45 46 54 55 58 59 70
 39 40 45 46 54 55 58 59 68 69
 39 40 45 46 54 55 58 59 66 70
 39 40 45 46 54 55 58 59 66 68 69
 39 40 45 46 54 55 58 59 64 65 70
 39 40 45 46 54 55 58 59 64 65 68 69
 39 40 43 56
 39 40 43 56 58
 39 40 43 56 58 59
 39 40 43 56 58 59 66
 39 40 43 56 58 59 64 65
 39 40 43 56 57
 39 40 43 56 57 68
 39 40 43 56 57 66 67
 39 40 43 54 55 58 59
 39 40 43 54 55 58 59 66
 39 40 43 54 55 58 59 64 65
 39 40 43 54 55 57 68
 39 40 43 54 55 57 66 67
 39 40 43 47 56 68
 39 40 43 47 56 66 67
 39 40 43 47 56 58 59
 39 40 43 47 56 58 59 66
 39 40 43 47 56 58 59 64 65
 39 40 43 47 54 55 68
 39 40 43 47 54 55 66 67
 39 40 43 47 54 55 58 59
 39 40 43 47 54 55 58 59 66
 39 40 43 47 54 55 58 59 64 65
 39 40 43 45 56 58 59
 39 40 43 45 56 58 59 66
 39 40 43 45 56 58 59 64 65
 39 40 43 45 54 55 58 59
 39 40 43 45 54 55 58 59 66
 39 40 43 45 54 55 58 59 64 65
 39 40 43 45 46 56 68
 39 40 43 45 46 56 66 67
 39 40 43 45 46 56 58 59
 39 40 43 45 46 56 58 59 66
 39 40 43 45 46 56 58 59 64 65
 39 40 43 45 46 54 55 68
 39 40 43 45 46 54 55 66 67
 39 40 43 45 46 54 55 58 59
 39 40 43 45 46 54 55 58 59 66
 39 40 43 45 46 54 55 58 59 64 65
 39 40 43 44 58 59 72
 39 40 43 44 58 59 70 71
 39 40 43 44 58 59 66 72
 39 40 43 44 58 59 66 70 71
 39 40 43 44 58 59 64 65 72
 39 40 43 44 58 59 64 65 70 71
 39 40 43 44 56 58 59
 39 40 43 44 56 58 59 70
 39 40 43 44 56 58 59 68 69
 39 40 43 44 56 58 59 66
 39 40 43 44 56 58 59 66 70
 39 40 43 44 56 58 59 66 68 69
 39 40 43 44 56 58 59 64 65
 39 40 43 44 56 58 59 64 65 70
 39 40 43 44 56 58 59 64 65 68 69
 39 40 43 44 54 55 58 59
 39 40 43 44 54 55 58 59 70
 39 40 43 44 54 55 58 59 68 69
 39 40 43 44 54 55 58 59 66
 39 40 43 44 54 55 58 59 66 70
 39 40 43 44 54 55 58 59 66 68 69
 39 40 43 44 54 55 58 59 64 65
 39 40 43 44 54 55 58 59 64 65 70
 39 40 43 44 54 55 58 59 64 65 68 69
 39 40 43 44 45 58 59
 39 40 43 44 45 58 59 66
 39 40 43 44 45 58 59 64 65
 39 40 41 57
 39 40 41 57 72
 39 40 41 57 70 71
 39 40 41 56 57 70
 39 40 41 56 57 68 69
 39 40 41 54 55 57 70
 39 40 41 54 55 57 68 69
 39 40 41 47 72
 39 40 41 47 70 71
 39 40 41 47 56 70
 39 40 41 47 56 68 69
 39 40 41 47 54 55 70
 39 40 41 47 54 55 68 69
 39 40 41 45 57
 39 40 41 45 47
 39 40 41 45 46
 39 40 41 45 46 72
 39 40 41 45 46 70 71
 39 40 41 45 46 56 70
 39 40 41 45 46 56 68 69
 39 40 41 45 46 54 55 70
 39 40 41 45 46 54 55 68 69
 39 40 41 43 56 57
 39 40 41 43 54 55 57
 39 40 41 43 47 56
 39 40 41 43 47 54 55
 39 40 41 43 45 46 56
 39 40 41 43 45 46 54 55
 37 45 58
 37 45 57 58
 37 43 60
 37 43 47 60
 37 43 45 60
 37 43 45 57 60
 37 43 45 46 60
 37 43 44 60
 37 43 44 58
 37 43 44 57 60
 37 43 44 57 58
 37 41 42 60
 37 41 42 47 60
 37 41 42 45 60
 37 41 42 45 57 60
 37 41 42 45 46 60
 37 41 42 43 44 60
 37 41 42 43 44 57 60
 31 41 56 70
 31 41 56 68 69
 31 41 43 56
 31 39 40 56 70
 31 39 40 56 68 69
 31 39 40 43 56
 29 41 58 59 66 70
 29 41 58 59 66 68 69
 29 41 58 59 64 65 70
 29 41 58 59 64 65 68 69
 29 41 57 70
 29 41 57 68 70
 29 41 57 66 67 70
 29 41 57 66 67 68 69
 29 41 47 70
 29 41 47 68 70
 29 41 47 66 67 70
 29 41 47 66 67 68 69
 29 41 47 58 59 66 70
 29 41 47 58 59 66 68 69
 29 41 47 58 59 64 65 70
 29 41 47 58 59 64 65 68 69
 29 41 45 58 59 66 70
 29 41 45 58 59 66 68 69
 29 41 45 58 59 64 65 70
 29 41 45 58 59 64 65 68 69
 29 41 45 46 70
 29 41 45 46 68 70
 29 41 45 46 66 67 70
 29 41 45 46 66 67 68 69
 29 41 45 46 58 59 66 70
 29 41 45 46 58 59 66 68 69
 29 41 45 46 58 59 64 65 70
 29 41 45 46 58 59 64 65 68 69
 29 41 43 58 59 66
 29 41 43 58 59 64 65
 29 41 43 57
 29 41 43 57 68
 29 41 43 57 66 67
 29 41 43 47
 29 41 43 47 68
 29 41 43 47 66 67
 29 41 43 47 58 59 66
 29 41 43 47 58 59 64 65
 29 41 43 45 58 59 66
 29 41 43 45 58 59 64 65
 29 41 43 45 46
 29 41 43 45 46 68
 29 41 43 45 46 66 67
 29 41 43 45 46 58 59 66
 29 41 43 45 46 58 59 64 65
 29 41 43 44 58 59 66
 29 41 43 44 58 59 66 70
 29 41 43 44 58 59 66 68 69
 29 41 43 44 58 59 64 65
 29 41 43 44 58 59 64 65 70
 29 41 43 44 58 59 64 65 68 69
 29 39 41 58 59 70
 29 39 41 58 59 68 69
 29 39 41 47 58 59 70
 29 39 41 47 58 59 68 69
 29 39 41 45 58 59 70
 29 39 41 45 58 59 68 69
 29 39 41 45 46 58 59 70
 29 39 41 45 46 58 59 68 69
 29 39 41 43 58 59
 29 39 41 43 47 58 59
 29 39 41 43 45 58 59
 29 39 41 43 45 46 58 59
 29 39 41 43 44 58 59
 29 39 41 43 44 58 59 70
 29 39 41 43 44 58 59 68 69
 29 39 40 58 59 70
 29 39 40 58 59 68 69
 29 39 40 58 59 66 70
 29 39 40 58 59 66 68 69
 29 39 40 58 59 64 65 70
 29 39 40 58 59 64 65 68 69
 29 39 40 57 68 70
 29 39 40 57 68 69
 29 39 40 57 66 67 70
 29 39 40 57 66 67 68 69
 29 39 40 47 68 70
 29 39 40 47 68 69
 29 39 40 47 66 67 70
 29 39 40 47 66 67 68 69
 29 39 40 47 58 59 70
 29 39 40 47 58 59 68 69
 29 39 40 47 58 59 66 70
 29 39 40 47 58 59 66 68 69
 29 39 40 47 58 59 64 65 70
 29 39 40 47 58 59 64 65 68 69
 29 39 40 45 58 59 70
 29 39 40 45 58 59 68 69
 29 39 40 45 58 59 66 70
 29 39 40 45 58 59 66 68 69
 29 39 40 45 58 59 64 65 70
 29 39 40 45 58 59 64 65 68 69
 29 39 40 45 46 68 70
 29 39 40 45 46 68 69
 29 39 40 45 46 66 67 70
 29 39 40 45 46 66 67 68 69
 29 39 40 45 46 58 59 70
 29 39 40 45 46 58 59 68 69
 29 39 40 45 46 58 59 66 70
 29 39 40 45 46 58 59 66 68 69
 29 39 40 45 46 58 59 64 65 70
 29 39 40 45 46 58 59 64 65 68 69
 29 39 40 43 58 59
 29 39 40 43 58 59 66
 29 39 40 43 58 59 64 65
 29 39 40 43 57 68
 29 39 40 43 57 66 67
 29 39 40 43 47 68
 29 39 40 43 47 66 67
 29 39 40 43 47 58 59
 29 39 40 43 47 58 59 66
 29 39 40 43 47 58 59 64 65
 29 39 40 43 45 58 59
 29 39 40 43 45 58 59 66
 29 39 40 43 45 58 59 64 65
 29 39 40 43 45 46 68
 29 39 40 43 45 46 66 67
 29 39 40 43 45 46 58 59
 29 39 40 43 45 46 58 59 66
 29 39 40 43 45 46 58 59 64 65
 29 39 40 43 44 58 59
 29 39 40 43 44 58 59 70
 29 39 40 43 44 58 59 68 69
 29 39 40 43 44 58 59 66
 29 39 40 43 44 58 59 66 70
 29 39 40 43 44 58 59 66 68 69
 29 39 40 43 44 58 59 64 65
 29 39 40 43 44 58 59 64 65 70
 29 39 40 43 44 58 59 64 65 68 69
 29 39 40 41 57 70
 29 39 40 41 57 68 69
 29 39 40 41 47 70
 29 39 40 41 47 68 69
 29 39 40 41 45 46 70
 29 39 40 41 45 46 68 69
 29 39 40 41 43 57
 29 39 40 41 43 47
 29 39 40 41 43 45 46
 20 60
 20 43 60 64
 20 43 60 62 63
 20 41 72
 20 41 70 71
 20 41 68 72
 20 41 68 70 71
 20 41 66 67 72
 20 41 66 67 70 71
 20 41 58 59 66 72
 20 41 58 59 66 70 71
 20 41 58 59 64 65 72
 20 41 58 59 64 65 70 71
 20 41 56 70
 20 41 56 68 70
 20 41 56 66 67 70
 20 41 56 66 67 68 69
 20 41 56 58 59 66 70
 20 41 56 58 59 66 68 69
 20 41 56 58 59 64 65 70
 20 41 56 58 59 64 65 68 69
 20 41 54 55 70
 20 41 54 55 68 70
 20 41 54 55 66 67 70
 20 41 54 55 66 67 68 69
 20 41 54 55 58 59 66 70
 20 41 54 55 58 59 66 68 69
 20 41 54 55 58 59 64 65 70
 20 41 54 55 58 59 64 65 68 69
 20 41 45
 20 41 45 68
 20 41 45 66 67
 20 41 45 58 59 66
 20 41 45 58 59 64 65
 20 41 43 56
 20 41 43 56 68
 20 41 43 56 66 67
 20 41 43 56 58 59 66
 20 41 43 56 58 59 64 65
 20 41 43 54 55
 20 41 43 54 55 68
 20 41 43 54 55 66 67
 20 41 43 54 55 58 59 66
 20 41 43 54 55 58 59 64 65
 20 41 42 60 64
 20 41 42 60 62 63
 20 39 41 58 59 72
 20 39 41 58 59 70 71
 20 39 41 56 58 59 70
 20 39 41 56 58 59 68 69
 20 39 41 54 55 58 59 70
 20 39 41 54 55 58 59 68 69
 20 39 41 45 58 59
 20 39 41 43 56 58 59
 20 39 41 43 54 55 58 59
 20 39 40 68 72
 20 39 40 68 70 71
 20 39 40 66 67 72
 20 39 40 66 67 70 71
 20 39 40 58 59 72
 20 39 40 58 59 70 71
 20 39 40 58 59 66 72
 20 39 40 58 59 66 70 71
 20 39 40 58 59 64 65 72
 20 39 40 58 59 64 65 70 71
 20 39 40 56 68 70
 20 39 40 56 68 69
 20 39 40 56 66 67 70
 20 39 40 56 66 67 68 69
 20 39 40 56 58 59 70
 20 39 40 56 58 59 68 69
 20 39 40 56 58 59 66 70
 20 39 40 56 58 59 66 68 69
 20 39 40 56 58 59 64 65 70
 20 39 40 56 58 59 64 65 68 69
 20 39 40 54 55 68 70
 20 39 40 54 55 68 69
 20 39 40 54 55 66 67 70
 20 39 40 54 55 66 67 68 69
 20 39 40 54 55 58 59 70
 20 39 40 54 55 58 59 68 69
 20 39 40 54 55 58 59 66 70
 20 39 40 54 55 58 59 66 68 69
 20 39 40 54 55 58 59 64 65 70
 20 39 40 54 55 58 59 64 65 68 69
 20 39 40 45 68
 20 39 40 45 66 67
 20 39 40 45 58 59
 20 39 40 45 58 59 66
 20 39 40 45 58 59 64 65
 20 39 40 43 56 68
 20 39 40 43 56 66 67
 20 39 40 43 56 58 59
 20 39 40 43 56 58 59 66
 20 39 40 43 56 58 59 64 65
 20 39 40 43 54 55 68
 20 39 40 43 54 55 66 67
 20 39 40 43 54 55 58 59
 20 39 40 43 54 55 58 59 66
 20 39 40 43 54 55 58 59 64 65
 20 39 40 41 72
 20 39 40 41 70 71
 20 39 40 41 56 70
 20 39 40 41 56 68 69
 20 39 40 41 54 55 70
 20 39 40 41 54 55 68 69
 20 39 40 41 45
 20 39 40 41 43 56
 20 39 40 41 43 54 55
 20 37 43 60
 20 37 41 42 60
 20 29 41 70
 20 29 41 68 70
 20 29 41 66 67 70
 20 29 41 66 67 68 69
 20 29 41 58 59 66 70
 20 29 41 58 59 66 68 69
 20 29 41 58 59 64 65 70
 20 29 41 58 59 64 65 68 69
 20 29 41 43
 20 29 41 43 68
 20 29 41 43 66 67
 20 29 41 43 58 59 66
 20 29 41 43 58 59 64 65
 20 29 39 41 58 59 70
 20 29 39 41 58 59 68 69
 20 29 39 41 43 58 59
 20 29 39 40 68 70
 20 29 39 40 68 69
 20 29 39 40 66 67 70
 20 29 39 40 66 67 68 69
 20 29 39 40 58 59 70
 20 29 39 40 58 59 68 69
 20 29 39 40 58 59 66 70
 20 29 39 40 58 59 66 68 69
 20 29 39 40 58 59 64 65 70
 20 29 39 40 58 59 64 65 68 69
 20 29 39 40 43 68
 20 29 39 40 43 66 67
 20 29 39 40 43 58 59
 20 29 39 40 43 58 59 66
 20 29 39 40 43 58 59 64 65
 20 29 39 40 41 70
 20 29 39 40 41 68 69
 20 29 39 40 41 43
 18 60
 18 58 64
 18 58 62 63
 18 57 60
 18 57 58 64
 18 57 58 62 63
 18 43 60 64
 18 43 60 62 63
 18 43 57 60 64
 18 43 57 60 62 63
 18 41 58 59 66 72
 18 41 58 59 66 70 71
 18 41 58 59 64 65 72
 18 41 58 59 64 65 70 71
 18 41 56 58 59 66 70
 18 41 56 58 59 66 68 69
 18 41 56 58 59 64 65 70
 18 41 56 58 59 64 65 68 69
 18 41 54 55 58 59 66 70
 18 41 54 55 58 59 66 68 69
 18 41 54 55 58 59 64 65 70
 18 41 54 55 58 59 64 65 68 69
 18 41 45 58 59 66
 18 41 45 58 59 64 65
 18 41 43 56 58 59 66
 18 41 43 56 58 59 64 65
 18 41 43 54 55 58 59 66
 18 41 43 54 55 58 59 64 65
 18 41 42 60 64
 18 41 42 60 62 63
 18 41 42 57 60 64
 18 41 42 57 60 62 63
 18 39 41 58 59 72
 18 39 41 58 59 70 71
 18 39 41 56 58 59 70
 18 39 41 56 58 59 68 69
 18 39 41 54 55 58 59 70
 18 39 41 54 55 58 59 68 69
 18 39 41 45 58 59
 18 39 41 43 56 58 59
 18 39 41 43 54 55 58 59
 18 39 40 58 59 72
 18 39 40 58 59 70 71
 18 39 40 58 59 66 72
 18 39 40 58 59 66 70 71
 18 39 40 58 59 64 65 72
 18 39 40 58 59 64 65 70 71
 18 39 40 56 58 59 70
 18 39 40 56 58 59 68 69
 18 39 40 56 58 59 66 70
 18 39 40 56 58 59 66 68 69
 18 39 40 56 58 59 64 65 70
 18 39 40 56 58 59 64 65 68 69
 18 39 40 54 55 58 59 70
 18 39 40 54 55 58 59 68 69
 18 39 40 54 55 58 59 66 70
 18 39 40 54 55 58 59 66 68 69
 18 39 40 54 55 58 59 64 65 70
 18 39 40 54 55 58 59 64 65 68 69
 18 39 40 45 58 59
 18 39 40 45 58 59 66
 18 39 40 45 58 59 64 65
 18 39 40 43 56 58 59
 18 39 40 43 56 58 59 66
 18 39 40 43 56 58 59 64 65
 18 39 40 43 54 55 58 59
 18 39 40 43 54 55 58 59 66
 18 39 40 43 54 55 58 59 64 65
 18 37 58
 18 37 57 58
 18 37 43 60
 18 37 43 57 60
 18 37 41 42 60
 18 37 41 42 57 60
 18 29 41 58 59 66 70
 18 29 41 58 59 66 68 69
 18 29 41 58 59 64 65 70
 18 29 41 58 59 64 65 68 69
 18 29 41 43 58 59 66
 18 29 41 43 58 59 64 65
 18 29 39 41 58 59 70
 18 29 39 41 58 59 68 69
 18 29 39 41 43 58 59
 18 29 39 40 58 59 70
 18 29 39 40 58 59 68 69
 18 29 39 40 58 59 66 70
 18 29 39 40 58 59 66 68 69
 18 29 39 40 58 59 64 65 70
 18 29 39 40 58 59 64 65 68 69
 18 29 39 40 43 58 59
 18 29 39 40 43 58 59 66
 18 29 39 40 43 58 59 64 65
 17 41 58 66 72
 17 41 58 66 70 71
 17 41 58 64 65 72
 17 41 58 64 65 70 71
 17 41 56 58 66 70
 17 41 56 58 66 68 69
 17 41 56 58 64 65 70
 17 41 56 58 64 65 68 69
 17 41 54 55 58 66 70
 17 41 54 55 58 66 68 69
 17 41 54 55 58 64 65 70
 17 41 54 55 58 64 65 68 69
 17 41 47 58 66 72
 17 41 47 58 66 70 71
 17 41 47 58 64 65 72
 17 41 47 58 64 65 70 71
 17 41 47 56 58 66 70
 17 41 47 56 58 66 68 69
 17 41 47 56 58 64 65 70
 17 41 47 56 58 64 65 68 69
 17 41 47 54 55 58 66 70
 17 41 47 54 55 58 66 68 69
 17 41 47 54 55 58 64 65 70
 17 41 47 54 55 58 64 65 68 69
 17 41 45 58 66 72
 17 41 45 58 66 70 71
 17 41 45 58 64 65 72
 17 41 45 58 64 65 70 71
 17 41 45 56 58 66 70
 17 41 45 56 58 66 68 69
 17 41 45 56 58 64 65 70
 17 41 45 56 58 64 65 68 69
 17 41 45 54 55 58 66 70
 17 41 45 54 55 58 66 68 69
 17 41 45 54 55 58 64 65 70
 17 41 45 54 55 58 64 65 68 69
 17 41 45 47 58 66
 17 41 45 47 58 64 65
 17 41 45 46 58 66
 17 41 45 46 58 66 72
 17 41 45 46 58 66 70 71
 17 41 45 46 58 64 65
 17 41 45 46 58 64 65 72
 17 41 45 46 58 64 65 70 71
 17 41 45 46 56 58 66 70
 17 41 45 46 56 58 66 68 69
 17 41 45 46 56 58 64 65 70
 17 41 45 46 56 58 64 65 68 69
 17 41 45 46 54 55 58 66 70
 17 41 45 46 54 55 58 66 68 69
 17 41 45 46 54 55 58 64 65 70
 17 41 45 46 54 55 58 64 65 68 69
 17 41 43 56 58 66
 17 41 43 56 58 64 65
 17 41 43 54 55 58 66
 17 41 43 54 55 58 64 65
 17 41 43 47 56 58 66
 17 41 43 47 56 58 64 65
 17 41 43 47 54 55 58 66
 17 41 43 47 54 55 58 64 65
 17 41 43 45 56 58 66
 17 41 43 45 56 58 64 65
 17 41 43 45 54 55 58 66
 17 41 43 45 54 55 58 64 65
 17 41 43 45 46 56 58 66
 17 41 43 45 46 56 58 64 65
 17 41 43 45 46 54 55 58 66
 17 41 43 45 46 54 55 58 64 65
 17 41 43 44 58 66 72
 17 41 43 44 58 66 70 71
 17 41 43 44 58 64 65 72
 17 41 43 44 58 64 65 70 71
 17 41 43 44 56 58 66
 17 41 43 44 56 58 66 70
 17 41 43 44 56 58 66 68 69
 17 41 43 44 56 58 64 65
 17 41 43 44 56 58 64 65 70
 17 41 43 44 56 58 64 65 68 69
 17 41 43 44 54 55 58 66
 17 41 43 44 54 55 58 66 70
 17 41 43 44 54 55 58 66 68 69
 17 41 43 44 54 55 58 64 65
 17 41 43 44 54 55 58 64 65 70
 17 41 43 44 54 55 58 64 65 68 69
 17 41 43 44 45 58 66
 17 41 43 44 45 58 64 65
 17 39 41 58 72
 17 39 41 58 70 71
 17 39 41 56 58 70
 17 39 41 56 58 68 69
 17 39 41 54 55 58 70
 17 39 41 54 55 58 68 69
 17 39 41 47 58 72
 17 39 41 47 58 70 71
 17 39 41 47 56 58 70
 17 39 41 47 56 58 68 69
 17 39 41 47 54 55 58 70
 17 39 41 47 54 55 58 68 69
 17 39 41 45 58 72
 17 39 41 45 58 70 71
 17 39 41 45 56 58 70
 17 39 41 45 56 58 68 69
 17 39 41 45 54 55 58 70
 17 39 41 45 54 55 58 68 69
 17 39 41 45 47 58
 17 39 41 45 46 58
 17 39 41 45 46 58 72
 17 39 41 45 46 58 70 71
 17 39 41 45 46 56 58 70
 17 39 41 45 46 56 58 68 69
 17 39 41 45 46 54 55 58 70
 17 39 41 45 46 54 55 58 68 69
 17 39 41 43 56 58
 17 39 41 43 54 55 58
 17 39 41 43 47 56 58
 17 39 41 43 47 54 55 58
 17 39 41 43 45 56 58
 17 39 41 43 45 54 55 58
 17 39 41 43 45 46 56 58
 17 39 41 43 45 46 54 55 58
 17 39 41 43 44 58 72
 17 39 41 43 44 58 70 71
 17 39 41 43 44 56 58
 17 39 41 43 44 56 58 70
 17 39 41 43 44 56 58 68 69
 17 39 41 43 44 54 55 58
 17 39 41 43 44 54 55 58 70
 17 39 41 43 44 54 55 58 68 69
 17 39 41 43 44 45 58
 17 39 40 58 72
 17 39 40 58 70 71
 17 39 40 58 66 72
 17 39 40 58 66 70 71
 17 39 40 58 64 65 72
 17 39 40 58 64 65 70 71
 17 39 40 56 58 70
 17 39 40 56 58 68 69
 17 39 40 56 58 66 70
 17 39 40 56 58 66 68 69
 17 39 40 56 58 64 65 70
 17 39 40 56 58 64 65 68 69
 17 39 40 54 55 58 70
 17 39 40 54 55 58 68 69
 17 39 40 54 55 58 66 70
 17 39 40 54 55 58 66 68 69
 17 39 40 54 55 58 64 65 70
 17 39 40 54 55 58 64 65 68 69
 17 39 40 47 58 72
 17 39 40 47 58 70 71
 17 39 40 47 58 66 72
 17 39 40 47 58 66 70 71
 17 39 40 47 58 64 65 72
 17 39 40 47 58 64 65 70 71
 17 39 40 47 56 58 70
 17 39 40 47 56 58 68 69
 17 39 40 47 56 58 66 70
 17 39 40 47 56 58 66 68 69
 17 39 40 47 56 58 64 65 70
 17 39 40 47 56 58 64 65 68 69
 17 39 40 47 54 55 58 70
 17 39 40 47 54 55 58 68 69
 17 39 40 47 54 55 58 66 70
 17 39 40 47 54 55 58 66 68 69
 17 39 40 47 54 55 58 64 65 70
 17 39 40 47 54 55 58 64 65 68 69
 17 39 40 45 58 72
 17 39 40 45 58 70 71
 17 39 40 45 58 66 72
 17 39 40 45 58 66 70 71
 17 39 40 45 58 64 65 72
 17 39 40 45 58 64 65 70 71
 17 39 40 45 56 58 70
 17 39 40 45 56 58 68 69
 17 39 40 45 56 58 66 70
 17 39 40 45 56 58 66 68 69
 17 39 40 45 56 58 64 65 70
 17 39 40 45 56 58 64 65 68 69
 17 39 40 45 54 55 58 70
 17 39 40 45 54 55 58 68 69
 17 39 40 45 54 55 58 66 70
 17 39 40 45 54 55 58 66 68 69
 17 39 40 45 54 55 58 64 65 70
 17 39 40 45 54 55 58 64 65 68 69
 17 39 40 45 47 58
 17 39 40 45 47 58 66
 17 39 40 45 47 58 64 65
 17 39 40 45 46 58
 17 39 40 45 46 58 72
 17 39 40 45 46 58 70 71
 17 39 40 45 46 58 66
 17 39 40 45 46 58 66 72
 17 39 40 45 46 58 66 70 71
 17 39 40 45 46 58 64 65
 17 39 40 45 46 58 64 65 72
 17 39 40 45 46 58 64 65 70 71
 17 39 40 45 46 56 58 70
 17 39 40 45 46 56 58 68 69
 17 39 40 45 46 56 58 66 70
 17 39 40 45 46 56 58 66 68 69
 17 39 40 45 46 56 58 64 65 70
 17 39 40 45 46 56 58 64 65 68 69
 17 39 40 45 46 54 55 58 70
 17 39 40 45 46 54 55 58 68 69
 17 39 40 45 46 54 55 58 66 70
 17 39 40 45 46 54 55 58 66 68 69
 17 39 40 45 46 54 55 58 64 65 70
 17 39 40 45 46 54 55 58 64 65 68 69
 17 39 40 43 56 58
 17 39 40 43 56 58 66
 17 39 40 43 56 58 64 65
 17 39 40 43 54 55 58
 17 39 40 43 54 55 58 66
 17 39 40 43 54 55 58 64 65
 17 39 40 43 47 56 58
 17 39 40 43 47 56 58 66
 17 39 40 43 47 56 58 64 65
 17 39 40 43 47 54 55 58
 17 39 40 43 47 54 55 58 66
 17 39 40 43 47 54 55 58 64 65
 17 39 40 43 45 56 58
 17 39 40 43 45 56 58 66
 17 39 40 43 45 56 58 64 65
 17 39 40 43 45 54 55 58
 17 39 40 43 45 54 55 58 66
 17 39 40 43 45 54 55 58 64 65
 17 39 40 43 45 46 56 58
 17 39 40 43 45 46 56 58 66
 17 39 40 43 45 46 56 58 64 65
 17 39 40 43 45 46 54 55 58
 17 39 40 43 45 46 54 55 58 66
 17 39 40 43 45 46 54 55 58 64 65
 17 39 40 43 44 58 72
 17 39 40 43 44 58 70 71
 17 39 40 43 44 58 66 72
 17 39 40 43 44 58 66 70 71
 17 39 40 43 44 58 64 65 72
 17 39 40 43 44 58 64 65 70 71
 17 39 40 43 44 56 58
 17 39 40 43 44 56 58 70
 17 39 40 43 44 56 58 68 69
 17 39 40 43 44 56 58 66
 17 39 40 43 44 56 58 66 70
 17 39 40 43 44 56 58 66 68 69
 17 39 40 43 44 56 58 64 65
 17 39 40 43 44 56 58 64 65 70
 17 39 40 43 44 56 58 64 65 68 69
 17 39 40 43 44 54 55 58
 17 39 40 43 44 54 55 58 70
 17 39 40 43 44 54 55 58 68 69
 17 39 40 43 44 54 55 58 66
 17 39 40 43 44 54 55 58 66 70
 17 39 40 43 44 54 55 58 66 68 69
 17 39 40 43 44 54 55 58 64 65
 17 39 40 43 44 54 55 58 64 65 70
 17 39 40 43 44 54 55 58 64 65 68 69
 17 39 40 43 44 45 58
 17 39 40 43 44 45 58 66
 17 39 40 43 44 45 58 64 65
 17 29 41 58 66 70
 17 29 41 58 66 68 69
 17 29 41 58 64 65 70
 17 29 41 58 64 65 68 69
 17 29 41 47 58 66 70
 17 29 41 47 58 66 68 69
 17 29 41 47 58 64 65 70
 17 29 41 47 58 64 65 68 69
 17 29 41 45 58 66 70
 17 29 41 45 58 66 68 69
 17 29 41 45 58 64 65 70
 17 29 41 45 58 64 65 68 69
 17 29 41 45 46 58 66 70
 17 29 41 45 46 58 66 68 69
 17 29 41 45 46 58 64 65 70
 17 29 41 45 46 58 64 65 68 69
 17 29 41 43 58 66
 17 29 41 43 58 64 65
 17 29 41 43 47 58 66
 17 29 41 43 47 58 64 65
 17 29 41 43 45 58 66
 17 29 41 43 45 58 64 65
 17 29 41 43 45 46 58 66
 17 29 41 43 45 46 58 64 65
 17 29 41 43 44 58 66
 17 29 41 43 44 58 66 70
 17 29 41 43 44 58 66 68 69
 17 29 41 43 44 58 64 65
 17 29 41 43 44 58 64 65 70
 17 29 41 43 44 58 64 65 68 69
 17 29 39 41 58 70
 17 29 39 41 58 68 69
 17 29 39 41 47 58 70
 17 29 39 41 47 58 68 69
 17 29 39 41 45 58 70
 17 29 39 41 45 58 68 69
 17 29 39 41 45 46 58 70
 17 29 39 41 45 46 58 68 69
 17 29 39 41 43 58
 17 29 39 41 43 47 58
 17 29 39 41 43 45 58
 17 29 39 41 43 45 46 58
 17 29 39 41 43 44 58
 17 29 39 41 43 44 58 70
 17 29 39 41 43 44 58 68 69
 17 29 39 40 58 70
 17 29 39 40 58 68 69
 17 29 39 40 58 66 70
 17 29 39 40 58 66 68 69
 17 29 39 40 58 64 65 70
 17 29 39 40 58 64 65 68 69
 17 29 39 40 47 58 70
 17 29 39 40 47 58 68 69
 17 29 39 40 47 58 66 70
 17 29 39 40 47 58 66 68 69
 17 29 39 40 47 58 64 65 70
 17 29 39 40 47 58 64 65 68 69
 17 29 39 40 45 58 70
 17 29 39 40 45 58 68 69
 17 29 39 40 45 58 66 70
 17 29 39 40 45 58 66 68 69
 17 29 39 40 45 58 64 65 70
 17 29 39 40 45 58 64 65 68 69
 17 29 39 40 45 46 58 70
 17 29 39 40 45 46 58 68 69
 17 29 39 40 45 46 58 66 70
 17 29 39 40 45 46 58 66 68 69
 17 29 39 40 45 46 58 64 65 70
 17 29 39 40 45 46 58 64 65 68 69
 17 29 39 40 43 58
 17 29 39 40 43 58 66
 17 29 39 40 43 58 64 65
 17 29 39 40 43 47 58
 17 29 39 40 43 47 58 66
 17 29 39 40 43 47 58 64 65
 17 29 39 40 43 45 58
 17 29 39 40 43 45 58 66
 17 29 39 40 43 45 58 64 65
 17 29 39 40 43 45 46 58
 17 29 39 40 43 45 46 58 66
 17 29 39 40 43 45 46 58 64 65
 17 29 39 40 43 44 58
 17 29 39 40 43 44 58 70
 17 29 39 40 43 44 58 68 69
 17 29 39 40 43 44 58 66
 17 29 39 40 43 44 58 66 70
 17 29 39 40 43 44 58 66 68 69
 17 29 39 40 43 44 58 64 65
 17 29 39 40 43 44 58 64 65 70
 17 29 39 40 43 44 58 64 65 68 69
 17 20 41 58 66 72
 17 20 41 58 66 70 71
 17 20 41 58 64 65 72
 17 20 41 58 64 65 70 71
 17 20 41 56 58 66 70
 17 20 41 56 58 66 68 69
 17 20 41 56 58 64 65 70
 17 20 41 56 58 64 65 68 69
 17 20 41 54 55 58 66 70
 17 20 41 54 55 58 66 68 69
 17 20 41 54 55 58 64 65 70
 17 20 41 54 55 58 64 65 68 69
 17 20 41 45 58 66
 17 20 41 45 58 64 65
 17 20 41 43 56 58 66
 17 20 41 43 56 58 64 65
 17 20 41 43 54 55 58 66
 17 20 41 43 54 55 58 64 65
 17 20 39 41 58 72
 17 20 39 41 58 70 71
 17 20 39 41 56 58 70
 17 20 39 41 56 58 68 69
 17 20 39 41 54 55 58 70
 17 20 39 41 54 55 58 68 69
 17 20 39 41 45 58
 17 20 39 41 43 56 58
 17 20 39 41 43 54 55 58
 17 20 39 40 58 72
 17 20 39 40 58 70 71
 17 20 39 40 58 66 72
 17 20 39 40 58 66 70 71
 17 20 39 40 58 64 65 72
 17 20 39 40 58 64 65 70 71
 17 20 39 40 56 58 70
 17 20 39 40 56 58 68 69
 17 20 39 40 56 58 66 70
 17 20 39 40 56 58 66 68 69
 17 20 39 40 56 58 64 65 70
 17 20 39 40 56 58 64 65 68 69
 17 20 39 40 54 55 58 70
 17 20 39 40 54 55 58 68 69
 17 20 39 40 54 55 58 66 70
 17 20 39 40 54 55 58 66 68 69
 17 20 39 40 54 55 58 64 65 70
 17 20 39 40 54 55 58 64 65 68 69
 17 20 39 40 45 58
 17 20 39 40 45 58 66
 17 20 39 40 45 58 64 65
 17 20 39 40 43 56 58
 17 20 39 40 43 56 58 66
 17 20 39 40 43 56 58 64 65
 17 20 39 40 43 54 55 58
 17 20 39 40 43 54 55 58 66
 17 20 39 40 43 54 55 58 64 65
 17 20 29 41 58 66 70
 17 20 29 41 58 66 68 69
 17 20 29 41 58 64 65 70
 17 20 29 41 58 64 65 68 69
 17 20 29 41 43 58 66
 17 20 29 41 43 58 64 65
 17 20 29 39 41 58 70
 17 20 29 39 41 58 68 69
 17 20 29 39 41 43 58
 17 20 29 39 40 58 70
 17 20 29 39 40 58 68 69
 17 20 29 39 40 58 66 70
 17 20 29 39 40 58 66 68 69
 17 20 29 39 40 58 64 65 70
 17 20 29 39 40 58 64 65 68 69
 17 20 29 39 40 43 58
 17 20 29 39 40 43 58 66
 17 20 29 39 40 43 58 64 65
 17 18 41 58 66 72
 17 18 41 58 66 70 71
 17 18 41 58 64 65 72
 17 18 41 58 64 65 70 71
 17 18 41 56 58 66 70
 17 18 41 56 58 66 68 69
 17 18 41 56 58 64 65 70
 17 18 41 56 58 64 65 68 69
 17 18 41 54 55 58 66 70
 17 18 41 54 55 58 66 68 69
 17 18 41 54 55 58 64 65 70
 17 18 41 54 55 58 64 65 68 69
 17 18 41 45 58 66
 17 18 41 45 58 64 65
 17 18 41 43 56 58 66
 17 18 41 43 56 58 64 65
 17 18 41 43 54 55 58 66
 17 18 41 43 54 55 58 64 65
 17 18 39 41 58 72
 17 18 39 41 58 70 71
 17 18 39 41 56 58 70
 17 18 39 41 56 58 68 69
 17 18 39 41 54 55 58 70
 17 18 39 41 54 55 58 68 69
 17 18 39 41 45 58
 17 18 39 41 43 56 58
 17 18 39 41 43 54 55 58
 17 18 39 40 58 72
 17 18 39 40 58 70 71
 17 18 39 40 58 66 72
 17 18 39 40 58 66 70 71
 17 18 39 40 58 64 65 72
 17 18 39 40 58 64 65 70 71
 17 18 39 40 56 58 70
 17 18 39 40 56 58 68 69
 17 18 39 40 56 58 66 70
 17 18 39 40 56 58 66 68 69
 17 18 39 40 56 58 64 65 70
 17 18 39 40 56 58 64 65 68 69
 17 18 39 40 54 55 58 70
 17 18 39 40 54 55 58 68 69
 17 18 39 40 54 55 58 66 70
 17 18 39 40 54 55 58 66 68 69
 17 18 39 40 54 55 58 64 65 70
 17 18 39 40 54 55 58 64 65 68 69
 17 18 39 40 45 58
 17 18 39 40 45 58 66
 17 18 39 40 45 58 64 65
 17 18 39 40 43 56 58
 17 18 39 40 43 56 58 66
 17 18 39 40 43 56 58 64 65
 17 18 39 40 43 54 55 58
 17 18 39 40 43 54 55 58 66
 17 18 39 40 43 54 55 58 64 65
 17 18 29 41 58 66 70
 17 18 29 41 58 66 68 69
 17 18 29 41 58 64 65 70
 17 18 29 41 58 64 65 68 69
 17 18 29 41 43 58 66
 17 18 29 41 43 58 64 65
 17 18 29 39 41 58 70
 17 18 29 39 41 58 68 69
 17 18 29 39 41 43 58
 17 18 29 39 40 58 70
 17 18 29 39 40 58 68 69
 17 18 29 39 40 58 66 70
 17 18 29 39 40 58 66 68 69
 17 18 29 39 40 58 64 65 70
 17 18 29 39 40 58 64 65 68 69
 17 18 29 39 40 43 58
 17 18 29 39 40 43 58 66
 17 18 29 39 40 43 58 64 65
 16 60 64
 16 60 62 63
 16 47 60 64
 16 47 60 62 63
 16 45 60 64
 16 45 60 62 63
 16 45 57 60 64
 16 45 57 60 62 63
 16 45 46 60 64
 16 45 46 60 62 63
 16 43 44 60 64
 16 43 44 60 62 63
 16 43 44 57 60 64
 16 43 44 57 60 62 63
 16 37 60
 16 37 47 60
 16 37 45 60
 16 37 45 57 60
 16 37 45 46 60
 16 37 43 44 60
 16 37 43 44 57 60
 16 20 60 64
 16 20 60 62 63
 16 20 37 60
 16 18 60 64
 16 18 60 62 63
 16 18 57 60 64
 16 18 57 60 62 63
 16 18 37 60
 16 18 37 57 60
 15 45 60
 15 45 58 64
 15 45 58 62 63
 15 43 45 60 64
 15 43 45 60 62 63
 15 43 44 60
 15 43 44 60 64
 15 43 44 60 62 63
 15 43 44 58 64
 15 43 44 58 62 63
 15 41
 15 41 72
 15 41 70 71
 15 41 68
 15 41 68 72
 15 41 68 70 71
 15 41 66 67
 15 41 66 67 72
 15 41 66 67 70 71
 15 41 56 70
 15 41 56 68 70
 15 41 56 66 67 70
 15 41 56 66 67 68 69
 15 41 54 55 70
 15 41 54 55 68 70
 15 41 54 55 66 67 70
 15 41 54 55 66 67 68 69
 15 41 45
 15 41 45 68
 15 41 45 66 67
 15 41 43 56
 15 41 43 56 68
 15 41 43 56 66 67
 15 41 43 54 55
 15 41 43 54 55 68
 15 41 43 54 55 66 67
 15 41 42 45 60 64
 15 41 42 45 60 62 63
 15 41 42 43 44 60 64
 15 41 42 43 44 60 62 63
 15 39 40 68
 15 39 40 68 72
 15 39 40 68 70 71
 15 39 40 66 67
 15 39 40 66 67 72
 15 39 40 66 67 70 71
 15 39 40 56 68 70
 15 39 40 56 68 69
 15 39 40 56 66 67 70
 15 39 40 56 66 67 68 69
 15 39 40 54 55 68 70
 15 39 40 54 55 68 69
 15 39 40 54 55 66 67 70
 15 39 40 54 55 66 67 68 69
 15 39 40 45 68
 15 39 40 45 66 67
 15 39 40 43 56 68
 15 39 40 43 56 66 67
 15 39 40 43 54 55 68
 15 39 40 43 54 55 66 67
 15 39 40 41
 15 39 40 41 72
 15 39 40 41 70 71
 15 39 40 41 56 70
 15 39 40 41 56 68 69
 15 39 40 41 54 55 70
 15 39 40 41 54 55 68 69
 15 39 40 41 45
 15 39 40 41 43 56
 15 39 40 41 43 54 55
 15 37 45 58
 15 37 43 45 60
 15 37 43 44 60
 15 37 43 44 58
 15 37 41 42 45 60
 15 37 41 42 43 44 60
 15 29 41 70
 15 29 41 68 70
 15 29 41 66 67 70
 15 29 41 66 67 68 69
 15 29 41 43
 15 29 41 43 68
 15 29 41 43 66 67
 15 29 39 40 68 70
 15 29 39 40 68 69
 15 29 39 40 66 67 70
 15 29 39 40 66 67 68 69
 15 29 39 40 43 68
 15 29 39 40 43 66 67
 15 29 39 40 41 70
 15 29 39 40 41 68 69
 15 29 39 40 41 43
 15 18 60
 15 18 58 64
 15 18 58 62 63
 15 18 43 60 64
 15 18 43 60 62 63
 15 18 41 42 60 64
 15 18 41 42 60 62 63
 15 18 37 58
 15 18 37 43 60
 15 18 37 41 42 60
 15 16 45 60 64
 15 16 45 60 62 63
 15 16 43 44 60 64
 15 16 43 44 60 62 63
 15 16 41 58 66 72
 15 16 41 58 66 70 71
 15 16 41 58 64 65 72
 15 16 41 58 64 65 70 71
 15 16 41 56 58 66 70
 15 16 41 56 58 66 68 69
 15 16 41 56 58 64 65 70
 15 16 41 56 58 64 65 68 69
 15 16 41 54 55 58 66 70
 15 16 41 54 55 58 66 68 69
 15 16 41 54 55 58 64 65 70
 15 16 41 54 55 58 64 65 68 69
 15 16 41 47 58 66 72
 15 16 41 47 58 66 70 71
 15 16 41 47 58 64 65 72
 15 16 41 47 58 64 65 70 71
 15 16 41 47 56 58 66 70
 15 16 41 47 56 58 66 68 69
 15 16 41 47 56 58 64 65 70
 15 16 41 47 56 58 64 65 68 69
 15 16 41 47 54 55 58 66 70
 15 16 41 47 54 55 58 66 68 69
 15 16 41 47 54 55 58 64 65 70
 15 16 41 47 54 55 58 64 65 68 69
 15 16 41 45 58 66 72
 15 16 41 45 58 66 70 71
 15 16 41 45 58 64 65 72
 15 16 41 45 58 64 65 70 71
 15 16 41 45 56 58 66 70
 15 16 41 45 56 58 66 68 69
 15 16 41 45 56 58 64 65 70
 15 16 41 45 56 58 64 65 68 69
 15 16 41 45 54 55 58 66 70
 15 16 41 45 54 55 58 66 68 69
 15 16 41 45 54 55 58 64 65 70
 15 16 41 45 54 55 58 64 65 68 69
 15 16 41 45 47 58 66
 15 16 41 45 47 58 64 65
 15 16 41 45 46 58 66
 15 16 41 45 46 58 66 72
 15 16 41 45 46 58 66 70 71
 15 16 41 45 46 58 64 65
 15 16 41 45 46 58 64 65 72
 15 16 41 45 46 58 64 65 70 71
 15 16 41 45 46 56 58 66 70
 15 16 41 45 46 56 58 66 68 69
 15 16 41 45 46 56 58 64 65 70
 15 16 41 45 46 56 58 64 65 68 69
 15 16 41 45 46 54 55 58 66 70
 15 16 41 45 46 54 55 58 66 68 69
 15 16 41 45 46 54 55 58 64 65 70
 15 16 41 45 46 54 55 58 64 65 68 69
 15 16 41 43 56 58 66
 15 16 41 43 56 58 64 65
 15 16 41 43 54 55 58 66
 15 16 41 43 54 55 58 64 65
 15 16 41 43 47 56 58 66
 15 16 41 43 47 56 58 64 65
 15 16 41 43 47 54 55 58 66
 15 16 41 43 47 54 55 58 64 65
 15 16 41 43 45 56 58 66
 15 16 41 43 45 56 58 64 65
 15 16 41 43 45 54 55 58 66
 15 16 41 43 45 54 55 58 64 65
 15 16 41 43 45 46 56 58 66
 15 16 41 43 45 46 56 58 64 65
 15 16 41 43 45 46 54 55 58 66
 15 16 41 43 45 46 54 55 58 64 65
 15 16 41 43 44 58 66 72
 15 16 41 43 44 58 66 70 71
 15 16 41 43 44 58 64 65 72
 15 16 41 43 44 58 64 65 70 71
 15 16 41 43 44 56 58 66
 15 16 41 43 44 56 58 66 70
 15 16 41 43 44 56 58 66 68 69
 15 16 41 43 44 56 58 64 65
 15 16 41 43 44 56 58 64 65 70
 15 16 41 43 44 56 58 64 65 68 69
 15 16 41 43 44 54 55 58 66
 15 16 41 43 44 54 55 58 66 70
 15 16 41 43 44 54 55 58 66 68 69
 15 16 41 43 44 54 55 58 64 65
 15 16 41 43 44 54 55 58 64 65 70
 15 16 41 43 44 54 55 58 64 65 68 69
 15 16 41 43 44 45 58 66
 15 16 41 43 44 45 58 64 65
 15 16 39 41 58 72
 15 16 39 41 58 70 71
 15 16 39 41 56 58 70
 15 16 39 41 56 58 68 69
 15 16 39 41 54 55 58 70
 15 16 39 41 54 55 58 68 69
 15 16 39 41 47 58 72
 15 16 39 41 47 58 70 71
 15 16 39 41 47 56 58 70
 15 16 39 41 47 56 58 68 69
 15 16 39 41 47 54 55 58 70
 15 16 39 41 47 54 55 58 68 69
 15 16 39 41 45 58 72
 15 16 39 41 45 58 70 71
 15 16 39 41 45 56 58 70
 15 16 39 41 45 56 58 68 69
 15 16 39 41 45 54 55 58 70
 15 16 39 41 45 54 55 58 68 69
 15 16 39 41 45 47 58
 15 16 39 41 45 46 58
 15 16 39 41 45 46 58 72
 15 16 39 41 45 46 58 70 71
 15 16 39 41 45 46 56 58 70
 15 16 39 41 45 46 56 58 68 69
 15 16 39 41 45 46 54 55 58 70
 15 16 39 41 45 46 54 55 58 68 69
 15 16 39 41 43 56 58
 15 16 39 41 43 54 55 58
 15 16 39 41 43 47 56 58
 15 16 39 41 43 47 54 55 58
 15 16 39 41 43 45 56 58
 15 16 39 41 43 45 54 55 58
 15 16 39 41 43 45 46 56 58
 15 16 39 41 43 45 46 54 55 58
 15 16 39 41 43 44 58 72
 15 16 39 41 43 44 58 70 71
 15 16 39 41 43 44 56 58
 15 16 39 41 43 44 56 58 70
 15 16 39 41 43 44 56 58 68 69
 15 16 39 41 43 44 54 55 58
 15 16 39 41 43 44 54 55 58 70
 15 16 39 41 43 44 54 55 58 68 69
 15 16 39 41 43 44 45 58
 15 16 39 40 58 72
 15 16 39 40 58 70 71
 15 16 39 40 58 66 72
 15 16 39 40 58 66 70 71
 15 16 39 40 58 64 65 72
 15 16 39 40 58 64 65 70 71
 15 16 39 40 56 58 70
 15 16 39 40 56 58 68 69
 15 16 39 40 56 58 66 70
 15 16 39 40 56 58 66 68 69
 15 16 39 40 56 58 64 65 70
 15 16 39 40 56 58 64 65 68 69
 15 16 39 40 54 55 58 70
 15 16 39 40 54 55 58 68 69
 15 16 39 40 54 55 58 66 70
 15 16 39 40 54 55 58 66 68 69
 15 16 39 40 54 55 58 64 65 70
 15 16 39 40 54 55 58 64 65 68 69
 15 16 39 40 47 58 72
 15 16 39 40 47 58 70 71
 15 16 39 40 47 58 66 72
 15 16 39 40 47 58 66 70 71
 15 16 39 40 47 58 64 65 72
 15 16 39 40 47 58 64 65 70 71
 15 16 39 40 47 56 58 70
 15 16 39 40 47 56 58 68 69
 15 16 39 40 47 56 58 66 70
 15 16 39 40 47 56 58 66 68 69
 15 16 39 40 47 56 58 64 65 70
 15 16 39 40 47 56 58 64 65 68 69
 15 16 39 40 47 54 55 58 70
 15 16 39 40 47 54 55 58 68 69
 15 16 39 40 47 54 55 58 66 70
 15 16 39 40 47 54 55 58 66 68 69
 15 16 39 40 47 54 55 58 64 65 70
 15 16 39 40 47 54 55 58 64 65 68 69
 15 16 39 40 45 58 72
 15 16 39 40 45 58 70 71
 15 16 39 40 45 58 66 72
 15 16 39 40 45 58 66 70 71
 15 16 39 40 45 58 64 65 72
 15 16 39 40 45 58 64 65 70 71
 15 16 39 40 45 56 58 70
 15 16 39 40 45 56 58 68 69
 15 16 39 40 45 56 58 66 70
 15 16 39 40 45 56 58 66 68 69
 15 16 39 40 45 56 58 64 65 70
 15 16 39 40 45 56 58 64 65 68 69
 15 16 39 40 45 54 55 58 70
 15 16 39 40 45 54 55 58 68 69
 15 16 39 40 45 54 55 58 66 70
 15 16 39 40 45 54 55 58 66 68 69
 15 16 39 40 45 54 55 58 64 65 70
 15 16 39 40 45 54 55 58 64 65 68 69
 15 16 39 40 45 47 58
 15 16 39 40 45 47 58 66
 15 16 39 40 45 47 58 64 65
 15 16 39 40 45 46 58
 15 16 39 40 45 46 58 72
 15 16 39 40 45 46 58 70 71
 15 16 39 40 45 46 58 66
 15 16 39 40 45 46 58 66 72
 15 16 39 40 45 46 58 66 70 71
 15 16 39 40 45 46 58 64 65
 15 16 39 40 45 46 58 64 65 72
 15 16 39 40 45 46 58 64 65 70 71
 15 16 39 40 45 46 56 58 70
 15 16 39 40 45 46 56 58 68 69
 15 16 39 40 45 46 56 58 66 70
 15 16 39 40 45 46 56 58 66 68 69
 15 16 39 40 45 46 56 58 64 65 70
 15 16 39 40 45 46 56 58 64 65 68 69
 15 16 39 40 45 46 54 55 58 70
 15 16 39 40 45 46 54 55 58 68 69
 15 16 39 40 45 46 54 55 58 66 70
 15 16 39 40 45 46 54 55 58 66 68 69
 15 16 39 40 45 46 54 55 58 64 65 70
 15 16 39 40 45 46 54 55 58 64 65 68 69
 15 16 39 40 43 56 58
 15 16 39 40 43 56 58 66
 15 16 39 40 43 56 58 64 65
 15 16 39 40 43 54 55 58
 15 16 39 40 43 54 55 58 66
 15 16 39 40 43 54 55 58 64 65
 15 16 39 40 43 47 56 58
 15 16 39 40 43 47 56 58 66
 15 16 39 40 43 47 56 58 64 65
 15 16 39 40 43 47 54 55 58
 15 16 39 40 43 47 54 55 58 66
 15 16 39 40 43 47 54 55 58 64 65
 15 16 39 40 43 45 56 58
 15 16 39 40 43 45 56 58 66
 15 16 39 40 43 45 56 58 64 65
 15 16 39 40 43 45 54 55 58
 15 16 39 40 43 45 54 55 58 66
 15 16 39 40 43 45 54 55 58 64 65
 15 16 39 40 43 45 46 56 58
 15 16 39 40 43 45 46 56 58 66
 15 16 39 40 43 45 46 56 58 64 65
 15 16 39 40 43 45 46 54 55 58
 15 16 39 40 43 45 46 54 55 58 66
 15 16 39 40 43 45 46 54 55 58 64 65
 15 16 39 40 43 44 58 72
 15 16 39 40 43 44 58 70 71
 15 16 39 40 43 44 58 66 72
 15 16 39 40 43 44 58 66 70 71
 15 16 39 40 43 44 58 64 65 72
 15 16 39 40 43 44 58 64 65 70 71
 15 16 39 40 43 44 56 58
 15 16 39 40 43 44 56 58 70
 15 16 39 40 43 44 56 58 68 69
 15 16 39 40 43 44 56 58 66
 15 16 39 40 43 44 56 58 66 70
 15 16 39 40 43 44 56 58 66 68 69
 15 16 39 40 43 44 56 58 64 65
 15 16 39 40 43 44 56 58 64 65 70
 15 16 39 40 43 44 56 58 64 65 68 69
 15 16 39 40 43 44 54 55 58
 15 16 39 40 43 44 54 55 58 70
 15 16 39 40 43 44 54 55 58 68 69
 15 16 39 40 43 44 54 55 58 66
 15 16 39 40 43 44 54 55 58 66 70
 15 16 39 40 43 44 54 55 58 66 68 69
 15 16 39 40 43 44 54 55 58 64 65
 15 16 39 40 43 44 54 55 58 64 65 70
 15 16 39 40 43 44 54 55 58 64 65 68 69
 15 16 39 40 43 44 45 58
 15 16 39 40 43 44 45 58 66
 15 16 39 40 43 44 45 58 64 65
 15 16 37 45 60
 15 16 37 43 44 60
 15 16 29 41 58 66 70
 15 16 29 41 58 66 68 69
 15 16 29 41 58 64 65 70
 15 16 29 41 58 64 65 68 69
 15 16 29 41 47 58 66 70
 15 16 29 41 47 58 66 68 69
 15 16 29 41 47 58 64 65 70
 15 16 29 41 47 58 64 65 68 69
 15 16 29 41 45 58 66 70
 15 16 29 41 45 58 66 68 69
 15 16 29 41 45 58 64 65 70
 15 16 29 41 45 58 64 65 68 69
 15 16 29 41 45 46 58 66 70
 15 16 29 41 45 46 58 66 68 69
 15 16 29 41 45 46 58 64 65 70
 15 16 29 41 45 46 58 64 65 68 69
 15 16 29 41 43 58 66
 15 16 29 41 43 58 64 65
 15 16 29 41 43 47 58 66
 15 16 29 41 43 47 58 64 65
 15 16 29 41 43 45 58 66
 15 16 29 41 43 45 58 64 65
 15 16 29 41 43 45 46 58 66
 15 16 29 41 43 45 46 58 64 65
 15 16 29 41 43 44 58 66
 15 16 29 41 43 44 58 66 70
 15 16 29 41 43 44 58 66 68 69
 15 16 29 41 43 44 58 64 65
 15 16 29 41 43 44 58 64 65 70
 15 16 29 41 43 44 58 64 65 68 69
 15 16 29 39 41 58 70
 15 16 29 39 41 58 68 69
 15 16 29 39 41 47 58 70
 15 16 29 39 41 47 58 68 69
 15 16 29 39 41 45 58 70
 15 16 29 39 41 45 58 68 69
 15 16 29 39 41 45 46 58 70
 15 16 29 39 41 45 46 58 68 69
 15 16 29 39 41 43 58
 15 16 29 39 41 43 47 58
 15 16 29 39 41 43 45 58
 15 16 29 39 41 43 45 46 58
 15 16 29 39 41 43 44 58
 15 16 29 39 41 43 44 58 70
 15 16 29 39 41 43 44 58 68 69
 15 16 29 39 40 58 70
 15 16 29 39 40 58 68 69
 15 16 29 39 40 58 66 70
 15 16 29 39 40 58 66 68 69
 15 16 29 39 40 58 64 65 70
 15 16 29 39 40 58 64 65 68 69
 15 16 29 39 40 47 58 70
 15 16 29 39 40 47 58 68 69
 15 16 29 39 40 47 58 66 70
 15 16 29 39 40 47 58 66 68 69
 15 16 29 39 40 47 58 64 65 70
 15 16 29 39 40 47 58 64 65 68 69
 15 16 29 39 40 45 58 70
 15 16 29 39 40 45 58 68 69
 15 16 29 39 40 45 58 66 70
 15 16 29 39 40 45 58 66 68 69
 15 16 29 39 40 45 58 64 65 70
 15 16 29 39 40 45 58 64 65 68 69
 15 16 29 39 40 45 46 58 70
 15 16 29 39 40 45 46 58 68 69
 15 16 29 39 40 45 46 58 66 70
 15 16 29 39 40 45 46 58 66 68 69
 15 16 29 39 40 45 46 58 64 65 70
 15 16 29 39 40 45 46 58 64 65 68 69
 15 16 29 39 40 43 58
 15 16 29 39 40 43 58 66
 15 16 29 39 40 43 58 64 65
 15 16 29 39 40 43 47 58
 15 16 29 39 40 43 47 58 66
 15 16 29 39 40 43 47 58 64 65
 15 16 29 39 40 43 45 58
 15 16 29 39 40 43 45 58 66
 15 16 29 39 40 43 45 58 64 65
 15 16 29 39 40 43 45 46 58
 15 16 29 39 40 43 45 46 58 66
 15 16 29 39 40 43 45 46 58 64 65
 15 16 29 39 40 43 44 58
 15 16 29 39 40 43 44 58 70
 15 16 29 39 40 43 44 58 68 69
 15 16 29 39 40 43 44 58 66
 15 16 29 39 40 43 44 58 66 70
 15 16 29 39 40 43 44 58 66 68 69
 15 16 29 39 40 43 44 58 64 65
 15 16 29 39 40 43 44 58 64 65 70
 15 16 29 39 40 43 44 58 64 65 68 69
 15 16 20 41 58 66 72
 15 16 20 41 58 66 70 71
 15 16 20 41 58 64 65 72
 15 16 20 41 58 64 65 70 71
 15 16 20 41 56 58 66 70
 15 16 20 41 56 58 66 68 69
 15 16 20 41 56 58 64 65 70
 15 16 20 41 56 58 64 65 68 69
 15 16 20 41 54 55 58 66 70
 15 16 20 41 54 55 58 66 68 69
 15 16 20 41 54 55 58 64 65 70
 15 16 20 41 54 55 58 64 65 68 69
 15 16 20 41 45 58 66
 15 16 20 41 45 58 64 65
 15 16 20 41 43 56 58 66
 15 16 20 41 43 56 58 64 65
 15 16 20 41 43 54 55 58 66
 15 16 20 41 43 54 55 58 64 65
 15 16 20 39 41 58 72
 15 16 20 39 41 58 70 71
 15 16 20 39 41 56 58 70
 15 16 20 39 41 56 58 68 69
 15 16 20 39 41 54 55 58 70
 15 16 20 39 41 54 55 58 68 69
 15 16 20 39 41 45 58
 15 16 20 39 41 43 56 58
 15 16 20 39 41 43 54 55 58
 15 16 20 39 40 58 72
 15 16 20 39 40 58 70 71
 15 16 20 39 40 58 66 72
 15 16 20 39 40 58 66 70 71
 15 16 20 39 40 58 64 65 72
 15 16 20 39 40 58 64 65 70 71
 15 16 20 39 40 56 58 70
 15 16 20 39 40 56 58 68 69
 15 16 20 39 40 56 58 66 70
 15 16 20 39 40 56 58 66 68 69
 15 16 20 39 40 56 58 64 65 70
 15 16 20 39 40 56 58 64 65 68 69
 15 16 20 39 40 54 55 58 70
 15 16 20 39 40 54 55 58 68 69
 15 16 20 39 40 54 55 58 66 70
 15 16 20 39 40 54 55 58 66 68 69
 15 16 20 39 40 54 55 58 64 65 70
 15 16 20 39 40 54 55 58 64 65 68 69
 15 16 20 39 40 45 58
 15 16 20 39 40 45 58 66
 15 16 20 39 40 45 58 64 65
 15 16 20 39 40 43 56 58
 15 16 20 39 40 43 56 58 66
 15 16 20 39 40 43 56 58 64 65
 15 16 20 39 40 43 54 55 58
 15 16 20 39 40 43 54 55 58 66
 15 16 20 39 40 43 54 55 58 64 65
 15 16 20 29 41 58 66 70
 15 16 20 29 41 58 66 68 69
 15 16 20 29 41 58 64 65 70
 15 16 20 29 41 58 64 65 68 69
 15 16 20 29 41 43 58 66
 15 16 20 29 41 43 58 64 65
 15 16 20 29 39 41 58 70
 15 16 20 29 39 41 58 68 69
 15 16 20 29 39 41 43 58
 15 16 20 29 39 40 58 70
 15 16 20 29 39 40 58 68 69
 15 16 20 29 39 40 58 66 70
 15 16 20 29 39 40 58 66 68 69
 15 16 20 29 39 40 58 64 65 70
 15 16 20 29 39 40 58 64 65 68 69
 15 16 20 29 39 40 43 58
 15 16 20 29 39 40 43 58 66
 15 16 20 29 39 40 43 58 64 65
 15 16 18 60 64
 15 16 18 60 62 63
 15 16 18 41 58 66 72
 15 16 18 41 58 66 70 71
 15 16 18 41 58 64 65 72
 15 16 18 41 58 64 65 70 71
 15 16 18 41 56 58 66 70
 15 16 18 41 56 58 66 68 69
 15 16 18 41 56 58 64 65 70
 15 16 18 41 56 58 64 65 68 69
 15 16 18 41 54 55 58 66 70
 15 16 18 41 54 55 58 66 68 69
 15 16 18 41 54 55 58 64 65 70
 15 16 18 41 54 55 58 64 65 68 69
 15 16 18 41 45 58 66
 15 16 18 41 45 58 64 65
 15 16 18 41 43 56 58 66
 15 16 18 41 43 56 58 64 65
 15 16 18 41 43 54 55 58 66
 15 16 18 41 43 54 55 58 64 65
 15 16 18 39 41 58 72
 15 16 18 39 41 58 70 71
 15 16 18 39 41 56 58 70
 15 16 18 39 41 56 58 68 69
 15 16 18 39 41 54 55 58 70
 15 16 18 39 41 54 55 58 68 69
 15 16 18 39 41 45 58
 15 16 18 39 41 43 56 58
 15 16 18 39 41 43 54 55 58
 15 16 18 39 40 58 72
 15 16 18 39 40 58 70 71
 15 16 18 39 40 58 66 72
 15 16 18 39 40 58 66 70 71
 15 16 18 39 40 58 64 65 72
 15 16 18 39 40 58 64 65 70 71
 15 16 18 39 40 56 58 70
 15 16 18 39 40 56 58 68 69
 15 16 18 39 40 56 58 66 70
 15 16 18 39 40 56 58 66 68 69
 15 16 18 39 40 56 58 64 65 70
 15 16 18 39 40 56 58 64 65 68 69
 15 16 18 39 40 54 55 58 70
 15 16 18 39 40 54 55 58 68 69
 15 16 18 39 40 54 55 58 66 70
 15 16 18 39 40 54 55 58 66 68 69
 15 16 18 39 40 54 55 58 64 65 70
 15 16 18 39 40 54 55 58 64 65 68 69
 15 16 18 39 40 45 58
 15 16 18 39 40 45 58 66
 15 16 18 39 40 45 58 64 65
 15 16 18 39 40 43 56 58
 15 16 18 39 40 43 56 58 66
 15 16 18 39 40 43 56 58 64 65
 15 16 18 39 40 43 54 55 58
 15 16 18 39 40 43 54 55 58 66
 15 16 18 39 40 43 54 55 58 64 65
 15 16 18 37 60
 15 16 18 29 41 58 66 70
 15 16 18 29 41 58 66 68 69
 15 16 18 29 41 58 64 65 70
 15 16 18 29 41 58 64 65 68 69
 15 16 18 29 41 43 58 66
 15 16 18 29 41 43 58 64 65
 15 16 18 29 39 41 58 70
 15 16 18 29 39 41 58 68 69
 15 16 18 29 39 41 43 58
 15 16 18 29 39 40 58 70
 15 16 18 29 39 40 58 68 69
 15 16 18 29 39 40 58 66 70
 15 16 18 29 39 40 58 66 68 69
 15 16 18 29 39 40 58 64 65 70
 15 16 18 29 39 40 58 64 65 68 69
 15 16 18 29 39 40 43 58
 15 16 18 29 39 40 43 58 66
 15 16 18 29 39 40 43 58 64 65
 14 58 66
 14 58 64 65
 14 58 59 66 72
 14 58 59 66 70 71
 14 58 59 64 65 72
 14 58 59 64 65 70 71
 14 57 68
 14 57 68 72
 14 57 68 70 71
 14 57 66 67
 14 57 66 67 72
 14 57 66 67 70 71
 14 56 70
 14 56 68 69
 14 56 58 70
 14 56 58 68 69
 14 56 58 59 66 70
 14 56 58 59 66 68 69
 14 56 58 59 64 65 70
 14 56 58 59 64 65 68 69
 14 56 57 70
 14 56 57 68 70
 14 56 57 66 67 70
 14 56 57 66 67 68 69
 14 54 55 58 59 66 70
 14 54 55 58 59 66 68 69
 14 54 55 58 59 64 65 70
 14 54 55 58 59 64 65 68 69
 14 54 55 57 68 70
 14 54 55 57 68 69
 14 54 55 57 66 67 70
 14 54 55 57 66 67 68 69
 14 47 68 72
 14 47 68 70 71
 14 47 66 67 72
 14 47 66 67 70 71
 14 47 58 59 66 72
 14 47 58 59 66 70 71
 14 47 58 59 64 65 72
 14 47 58 59 64 65 70 71
 14 47 56 68 70
 14 47 56 68 69
 14 47 56 66 67 70
 14 47 56 66 67 68 69
 14 47 56 58 59 66 70
 14 47 56 58 59 66 68 69
 14 47 56 58 59 64 65 70
 14 47 56 58 59 64 65 68 69
 14 47 54 55 68 70
 14 47 54 55 68 69
 14 47 54 55 66 67 70
 14 47 54 55 66 67 68 69
 14 47 54 55 58 59 66 70
 14 47 54 55 58 59 66 68 69
 14 47 54 55 58 59 64 65 70
 14 47 54 55 58 59 64 65 68 69
 14 45 58 59 66 72
 14 45 58 59 66 70 71
 14 45 58 59 64 65 72
 14 45 58 59 64 65 70 71
 14 45 57 68
 14 45 57 66 67
 14 45 56 58 59 66 70
 14 45 56 58 59 66 68 69
 14 45 56 58 59 64 65 70
 14 45 56 58 59 64 65 68 69
 14 45 54 55 58 59 66 70
 14 45 54 55 58 59 66 68 69
 14 45 54 55 58 59 64 65 70
 14 45 54 55 58 59 64 65 68 69
 14 45 47 68
 14 45 47 66 67
 14 45 47 58 59 66
 14 45 47 58 59 64 65
 14 45 46 68
 14 45 46 68 72
 14 45 46 68 70 71
 14 45 46 66 67
 14 45 46 66 67 72
 14 45 46 66 67 70 71
 14 45 46 58 59 66
 14 45 46 58 59 66 72
 14 45 46 58 59 66 70 71
 14 45 46 58 59 64 65
 14 45 46 58 59 64 65 72
 14 45 46 58 59 64 65 70 71
 14 45 46 56 68 70
 14 45 46 56 68 69
 14 45 46 56 66 67 70
 14 45 46 56 66 67 68 69
 14 45 46 56 58 59 66 70
 14 45 46 56 58 59 66 68 69
 14 45 46 56 58 59 64 65 70
 14 45 46 56 58 59 64 65 68 69
 14 45 46 54 55 68 70
 14 45 46 54 55 68 69
 14 45 46 54 55 66 67 70
 14 45 46 54 55 66 67 68 69
 14 45 46 54 55 58 59 66 70
 14 45 46 54 55 58 59 66 68 69
 14 45 46 54 55 58 59 64 65 70
 14 45 46 54 55 58 59 64 65 68 69
 14 43 56
 14 43 56 58
 14 43 56 58 59 66
 14 43 56 58 59 64 65
 14 43 56 57
 14 43 56 57 68
 14 43 56 57 66 67
 14 43 54 55 58 59 66
 14 43 54 55 58 59 64 65
 14 43 54 55 57 68
 14 43 54 55 57 66 67
 14 43 47 56 68
 14 43 47 56 66 67
 14 43 47 56 58 59 66
 14 43 47 56 58 59 64 65
 14 43 47 54 55 68
 14 43 47 54 55 66 67
 14 43 47 54 55 58 59 66
 14 43 47 54 55 58 59 64 65
 14 43 45 56 58 59 66
 14 43 45 56 58 59 64 65
 14 43 45 54 55 58 59 66
 14 43 45 54 55 58 59 64 65
 14 43 45 46 56 68
 14 43 45 46 56 66 67
 14 43 45 46 56 58 59 66
 14 43 45 46 56 58 59 64 65
 14 43 45 46 54 55 68
 14 43 45 46 54 55 66 67
 14 43 45 46 54 55 58 59 66
 14 43 45 46 54 55 58 59 64 65
 14 43 44 58 59 66 72
 14 43 44 58 59 66 70 71
 14 43 44 58 59 64 65 72
 14 43 44 58 59 64 65 70 71
 14 43 44 56 58 59 66
 14 43 44 56 58 59 66 70
 14 43 44 56 58 59 66 68 69
 14 43 44 56 58 59 64 65
 14 43 44 56 58 59 64 65 70
 14 43 44 56 58 59 64 65 68 69
 14 43 44 54 55 58 59 66
 14 43 44 54 55 58 59 66 70
 14 43 44 54 55 58 59 66 68 69
 14 43 44 54 55 58 59 64 65
 14 43 44 54 55 58 59 64 65 70
 14 43 44 54 55 58 59 64 65 68 69
 14 43 44 45 58 59 66
 14 43 44 45 58 59 64 65
 14 41 57
 14 41 57 72
 14 41 57 70 71
 14 41 56 57 70
 14 41 56 57 68 69
 14 41 54 55 57 70
 14 41 54 55 57 68 69
 14 41 47 72
 14 41 47 70 71
 14 41 47 56 70
 14 41 47 56 68 69
 14 41 47 54 55 70
 14 41 47 54 55 68 69
 14 41 45 57
 14 41 45 47
 14 41 45 46
 14 41 45 46 72
 14 41 45 46 70 71
 14 41 45 46 56 70
 14 41 45 46 56 68 69
 14 41 45 46 54 55 70
 14 41 45 46 54 55 68 69
 14 41 43 56 57
 14 41 43 54 55 57
 14 41 43 47 56
 14 41 43 47 54 55
 14 41 43 45 46 56
 14 41 43 45 46 54 55
 14 39 58
 14 39 58 59 72
 14 39 58 59 70 71
 14 39 56 58 59 70
 14 39 56 58 59 68 69
 14 39 54 55 58 59 70
 14 39 54 55 58 59 68 69
 14 39 47 58 59 72
 14 39 47 58 59 70 71
 14 39 47 56 58 59 70
 14 39 47 56 58 59 68 69
 14 39 47 54 55 58 59 70
 14 39 47 54 55 58 59 68 69
 14 39 45 58 59 72
 14 39 45 58 59 70 71
 14 39 45 56 58 59 70
 14 39 45 56 58 59 68 69
 14 39 45 54 55 58 59 70
 14 39 45 54 55 58 59 68 69
 14 39 45 47 58 59
 14 39 45 46 58 59
 14 39 45 46 58 59 72
 14 39 45 46 58 59 70 71
 14 39 45 46 56 58 59 70
 14 39 45 46 56 58 59 68 69
 14 39 45 46 54 55 58 59 70
 14 39 45 46 54 55 58 59 68 69
 14 39 43 56 58 59
 14 39 43 54 55 58 59
 14 39 43 47 56 58 59
 14 39 43 47 54 55 58 59
 14 39 43 45 56 58 59
 14 39 43 45 54 55 58 59
 14 39 43 45 46 56 58 59
 14 39 43 45 46 54 55 58 59
 14 39 43 44 58 59 72
 14 39 43 44 58 59 70 71
 14 39 43 44 56 58 59
 14 39 43 44 56 58 59 70
 14 39 43 44 56 58 59 68 69
 14 39 43 44 54 55 58 59
 14 39 43 44 54 55 58 59 70
 14 39 43 44 54 55 58 59 68 69
 14 39 43 44 45 58 59
 14 31 56 70
 14 31 56 68 69
 14 31 43 56
 14 29 58 59 66 70
 14 29 58 59 66 68 69
 14 29 58 59 64 65 70
 14 29 58 59 64 65 68 69
 14 29 57 68 70
 14 29 57 68 69
 14 29 57 66 67 70
 14 29 57 66 67 68 69
 14 29 47 68 70
 14 29 47 68 69
 14 29 47 66 67 70
 14 29 47 66 67 68 69
 14 29 47 58 59 66 70
 14 29 47 58 59 66 68 69
 14 29 47 58 59 64 65 70
 14 29 47 58 59 64 65 68 69
 14 29 45 58 59 66 70
 14 29 45 58 59 66 68 69
 14 29 45 58 59 64 65 70
 14 29 45 58 59 64 65 68 69
 14 29 45 46 68 70
 14 29 45 46 68 69
 14 29 45 46 66 67 70
 14 29 45 46 66 67 68 69
 14 29 45 46 58 59 66 70
 14 29 45 46 58 59 66 68 69
 14 29 45 46 58 59 64 65 70
 14 29 45 46 58 59 64 65 68 69
 14 29 43 58 59 66
 14 29 43 58 59 64 65
 14 29 43 57 68
 14 29 43 57 66 67
 14 29 43 47 68
 14 29 43 47 66 67
 14 29 43 47 58 59 66
 14 29 43 47 58 59 64 65
 14 29 43 45 58 59 66
 14 29 43 45 58 59 64 65
 14 29 43 45 46 68
 14 29 43 45 46 66 67
 14 29 43 45 46 58 59 66
 14 29 43 45 46 58 59 64 65
 14 29 43 44 58 59 66
 14 29 43 44 58 59 66 70
 14 29 43 44 58 59 66 68 69
 14 29 43 44 58 59 64 65
 14 29 43 44 58 59 64 65 70
 14 29 43 44 58 59 64 65 68 69
 14 29 41 57 70
 14 29 41 57 68 69
 14 29 41 47 70
 14 29 41 47 68 69
 14 29 41 45 46 70
 14 29 41 45 46 68 69
 14 29 41 43 57
 14 29 41 43 47
 14 29 41 43 45 46
 14 29 39 58 59 70
 14 29 39 58 59 68 69
 14 29 39 47 58 59 70
 14 29 39 47 58 59 68 69
 14 29 39 45 58 59 70
 14 29 39 45 58 59 68 69
 14 29 39 45 46 58 59 70
 14 29 39 45 46 58 59 68 69
 14 29 39 43 58 59
 14 29 39 43 47 58 59
 14 29 39 43 45 58 59
 14 29 39 43 45 46 58 59
 14 29 39 43 44 58 59
 14 29 39 43 44 58 59 70
 14 29 39 43 44 58 59 68 69
 14 20 68 72
 14 20 68 70 71
 14 20 66 67 72
 14 20 66 67 70 71
 14 20 58 59 66 72
 14 20 58 59 66 70 71
 14 20 58 59 64 65 72
 14 20 58 59 64 65 70 71
 14 20 56 68 70
 14 20 56 68 69
 14 20 56 66 67 70
 14 20 56 66 67 68 69
 14 20 56 58 59 66 70
 14 20 56 58 59 66 68 69
 14 20 56 58 59 64 65 70
 14 20 56 58 59 64 65 68 69
 14 20 54 55 68 70
 14 20 54 55 68 69
 14 20 54 55 66 67 70
 14 20 54 55 66 67 68 69
 14 20 54 55 58 59 66 70
 14 20 54 55 58 59 66 68 69
 14 20 54 55 58 59 64 65 70
 14 20 54 55 58 59 64 65 68 69
 14 20 45 68
 14 20 45 66 67
 14 20 45 58 59 66
 14 20 45 58 59 64 65
 14 20 43 56 68
 14 20 43 56 66 67
 14 20 43 56 58 59 66
 14 20 43 56 58 59 64 65
 14 20 43 54 55 68
 14 20 43 54 55 66 67
 14 20 43 54 55 58 59 66
 14 20 43 54 55 58 59 64 65
 14 20 41 72
 14 20 41 70 71
 14 20 41 56 70
 14 20 41 56 68 69
 14 20 41 54 55 70
 14 20 41 54 55 68 69
 14 20 41 45
 14 20 41 43 56
 14 20 41 43 54 55
 14 20 39 58 59 72
 14 20 39 58 59 70 71
 14 20 39 56 58 59 70
 14 20 39 56 58 59 68 69
 14 20 39 54 55 58 59 70
 14 20 39 54 55 58 59 68 69
 14 20 39 45 58 59
 14 20 39 43 56 58 59
 14 20 39 43 54 55 58 59
 14 20 29 68 70
 14 20 29 68 69
 14 20 29 66 67 70
 14 20 29 66 67 68 69
 14 20 29 58 59 66 70
 14 20 29 58 59 66 68 69
 14 20 29 58 59 64 65 70
 14 20 29 58 59 64 65 68 69
 14 20 29 43 68
 14 20 29 43 66 67
 14 20 29 43 58 59 66
 14 20 29 43 58 59 64 65
 14 20 29 41 70
 14 20 29 41 68 69
 14 20 29 41 43
 14 20 29 39 58 59 70
 14 20 29 39 58 59 68 69
 14 20 29 39 43 58 59
 14 18 58 59 66 72
 14 18 58 59 66 70 71
 14 18 58 59 64 65 72
 14 18 58 59 64 65 70 71
 14 18 56 58 59 66 70
 14 18 56 58 59 66 68 69
 14 18 56 58 59 64 65 70
 14 18 56 58 59 64 65 68 69
 14 18 54 55 58 59 66 70
 14 18 54 55 58 59 66 68 69
 14 18 54 55 58 59 64 65 70
 14 18 54 55 58 59 64 65 68 69
 14 18 45 58 59 66
 14 18 45 58 59 64 65
 14 18 43 56 58 59 66
 14 18 43 56 58 59 64 65
 14 18 43 54 55 58 59 66
 14 18 43 54 55 58 59 64 65
 14 18 39 58 59 72
 14 18 39 58 59 70 71
 14 18 39 56 58 59 70
 14 18 39 56 58 59 68 69
 14 18 39 54 55 58 59 70
 14 18 39 54 55 58 59 68 69
 14 18 39 45 58 59
 14 18 39 43 56 58 59
 14 18 39 43 54 55 58 59
 14 18 29 58 59 66 70
 14 18 29 58 59 66 68 69
 14 18 29 58 59 64 65 70
 14 18 29 58 59 64 65 68 69
 14 18 29 43 58 59 66
 14 18 29 43 58 59 64 65
 14 18 29 39 58 59 70
 14 18 29 39 58 59 68 69
 14 18 29 39 43 58 59
 14 17 58 66 72
 14 17 58 66 70 71
 14 17 58 64 65 72
 14 17 58 64 65 70 71
 14 17 56 58 66 70
 14 17 56 58 66 68 69
 14 17 56 58 64 65 70
 14 17 56 58 64 65 68 69
 14 17 54 55 58 66 70
 14 17 54 55 58 66 68 69
 14 17 54 55 58 64 65 70
 14 17 54 55 58 64 65 68 69
 14 17 47 58 66 72
 14 17 47 58 66 70 71
 14 17 47 58 64 65 72
 14 17 47 58 64 65 70 71
 14 17 47 56 58 66 70
 14 17 47 56 58 66 68 69
 14 17 47 56 58 64 65 70
 14 17 47 56 58 64 65 68 69
 14 17 47 54 55 58 66 70
 14 17 47 54 55 58 66 68 69
 14 17 47 54 55 58 64 65 70
 14 17 47 54 55 58 64 65 68 69
 14 17 45 58 66 72
 14 17 45 58 66 70 71
 14 17 45 58 64 65 72
 14 17 45 58 64 65 70 71
 14 17 45 56 58 66 70
 14 17 45 56 58 66 68 69
 14 17 45 56 58 64 65 70
 14 17 45 56 58 64 65 68 69
 14 17 45 54 55 58 66 70
 14 17 45 54 55 58 66 68 69
 14 17 45 54 55 58 64 65 70
 14 17 45 54 55 58 64 65 68 69
 14 17 45 47 58 66
 14 17 45 47 58 64 65
 14 17 45 46 58 66
 14 17 45 46 58 66 72
 14 17 45 46 58 66 70 71
 14 17 45 46 58 64 65
 14 17 45 46 58 64 65 72
 14 17 45 46 58 64 65 70 71
 14 17 45 46 56 58 66 70
 14 17 45 46 56 58 66 68 69
 14 17 45 46 56 58 64 65 70
 14 17 45 46 56 58 64 65 68 69
 14 17 45 46 54 55 58 66 70
 14 17 45 46 54 55 58 66 68 69
 14 17 45 46 54 55 58 64 65 70
 14 17 45 46 54 55 58 64 65 68 69
 14 17 43 56 58 66
 14 17 43 56 58 64 65
 14 17 43 54 55 58 66
 14 17 43 54 55 58 64 65
 14 17 43 47 56 58 66
 14 17 43 47 56 58 64 65
 14 17 43 47 54 55 58 66
 14 17 43 47 54 55 58 64 65
 14 17 43 45 56 58 66
 14 17 43 45 56 58 64 65
 14 17 43 45 54 55 58 66
 14 17 43 45 54 55 58 64 65
 14 17 43 45 46 56 58 66
 14 17 43 45 46 56 58 64 65
 14 17 43 45 46 54 55 58 66
 14 17 43 45 46 54 55 58 64 65
 14 17 43 44 58 66 72
 14 17 43 44 58 66 70 71
 14 17 43 44 58 64 65 72
 14 17 43 44 58 64 65 70 71
 14 17 43 44 56 58 66
 14 17 43 44 56 58 66 70
 14 17 43 44 56 58 66 68 69
 14 17 43 44 56 58 64 65
 14 17 43 44 56 58 64 65 70
 14 17 43 44 56 58 64 65 68 69
 14 17 43 44 54 55 58 66
 14 17 43 44 54 55 58 66 70
 14 17 43 44 54 55 58 66 68 69
 14 17 43 44 54 55 58 64 65
 14 17 43 44 54 55 58 64 65 70
 14 17 43 44 54 55 58 64 65 68 69
 14 17 43 44 45 58 66
 14 17 43 44 45 58 64 65
 14 17 39 58 72
 14 17 39 58 70 71
 14 17 39 56 58 70
 14 17 39 56 58 68 69
 14 17 39 54 55 58 70
 14 17 39 54 55 58 68 69
 14 17 39 47 58 72
 14 17 39 47 58 70 71
 14 17 39 47 56 58 70
 14 17 39 47 56 58 68 69
 14 17 39 47 54 55 58 70
 14 17 39 47 54 55 58 68 69
 14 17 39 45 58 72
 14 17 39 45 58 70 71
 14 17 39 45 56 58 70
 14 17 39 45 56 58 68 69
 14 17 39 45 54 55 58 70
 14 17 39 45 54 55 58 68 69
 14 17 39 45 47 58
 14 17 39 45 46 58
 14 17 39 45 46 58 72
 14 17 39 45 46 58 70 71
 14 17 39 45 46 56 58 70
 14 17 39 45 46 56 58 68 69
 14 17 39 45 46 54 55 58 70
 14 17 39 45 46 54 55 58 68 69
 14 17 39 43 56 58
 14 17 39 43 54 55 58
 14 17 39 43 47 56 58
 14 17 39 43 47 54 55 58
 14 17 39 43 45 56 58
 14 17 39 43 45 54 55 58
 14 17 39 43 45 46 56 58
 14 17 39 43 45 46 54 55 58
 14 17 39 43 44 58 72
 14 17 39 43 44 58 70 71
 14 17 39 43 44 56 58
 14 17 39 43 44 56 58 70
 14 17 39 43 44 56 58 68 69
 14 17 39 43 44 54 55 58
 14 17 39 43 44 54 55 58 70
 14 17 39 43 44 54 55 58 68 69
 14 17 39 43 44 45 58
 14 17 29 58 66 70
 14 17 29 58 66 68 69
 14 17 29 58 64 65 70
 14 17 29 58 64 65 68 69
 14 17 29 47 58 66 70
 14 17 29 47 58 66 68 69
 14 17 29 47 58 64 65 70
 14 17 29 47 58 64 65 68 69
 14 17 29 45 58 66 70
 14 17 29 45 58 66 68 69
 14 17 29 45 58 64 65 70
 14 17 29 45 58 64 65 68 69
 14 17 29 45 46 58 66 70
 14 17 29 45 46 58 66 68 69
 14 17 29 45 46 58 64 65 70
 14 17 29 45 46 58 64 65 68 69
 14 17 29 43 58 66
 14 17 29 43 58 64 65
 14 17 29 43 47 58 66
 14 17 29 43 47 58 64 65
 14 17 29 43 45 58 66
 14 17 29 43 45 58 64 65
 14 17 29 43 45 46 58 66
 14 17 29 43 45 46 58 64 65
 14 17 29 43 44 58 66
 14 17 29 43 44 58 66 70
 14 17 29 43 44 58 66 68 69
 14 17 29 43 44 58 64 65
 14 17 29 43 44 58 64 65 70
 14 17 29 43 44 58 64 65 68 69
 14 17 29 39 58 70
 14 17 29 39 58 68 69
 14 17 29 39 47 58 70
 14 17 29 39 47 58 68 69
 14 17 29 39 45 58 70
 14 17 29 39 45 58 68 69
 14 17 29 39 45 46 58 70
 14 17 29 39 45 46 58 68 69
 14 17 29 39 43 58
 14 17 29 39 43 47 58
 14 17 29 39 43 45 58
 14 17 29 39 43 45 46 58
 14 17 29 39 43 44 58
 14 17 29 39 43 44 58 70
 14 17 29 39 43 44 58 68 69
 14 17 20 58 66 72
 14 17 20 58 66 70 71
 14 17 20 58 64 65 72
 14 17 20 58 64 65 70 71
 14 17 20 56 58 66 70
 14 17 20 56 58 66 68 69
 14 17 20 56 58 64 65 70
 14 17 20 56 58 64 65 68 69
 14 17 20 54 55 58 66 70
 14 17 20 54 55 58 66 68 69
 14 17 20 54 55 58 64 65 70
 14 17 20 54 55 58 64 65 68 69
 14 17 20 45 58 66
 14 17 20 45 58 64 65
 14 17 20 43 56 58 66
 14 17 20 43 56 58 64 65
 14 17 20 43 54 55 58 66
 14 17 20 43 54 55 58 64 65
 14 17 20 39 58 72
 14 17 20 39 58 70 71
 14 17 20 39 56 58 70
 14 17 20 39 56 58 68 69
 14 17 20 39 54 55 58 70
 14 17 20 39 54 55 58 68 69
 14 17 20 39 45 58
 14 17 20 39 43 56 58
 14 17 20 39 43 54 55 58
 14 17 20 29 58 66 70
 14 17 20 29 58 66 68 69
 14 17 20 29 58 64 65 70
 14 17 20 29 58 64 65 68 69
 14 17 20 29 43 58 66
 14 17 20 29 43 58 64 65
 14 17 20 29 39 58 70
 14 17 20 29 39 58 68 69
 14 17 20 29 39 43 58
 14 17 18 58 66 72
 14 17 18 58 66 70 71
 14 17 18 58 64 65 72
 14 17 18 58 64 65 70 71
 14 17 18 56 58 66 70
 14 17 18 56 58 66 68 69
 14 17 18 56 58 64 65 70
 14 17 18 56 58 64 65 68 69
 14 17 18 54 55 58 66 70
 14 17 18 54 55 58 66 68 69
 14 17 18 54 55 58 64 65 70
 14 17 18 54 55 58 64 65 68 69
 14 17 18 45 58 66
 14 17 18 45 58 64 65
 14 17 18 43 56 58 66
 14 17 18 43 56 58 64 65
 14 17 18 43 54 55 58 66
 14 17 18 43 54 55 58 64 65
 14 17 18 39 58 72
 14 17 18 39 58 70 71
 14 17 18 39 56 58 70
 14 17 18 39 56 58 68 69
 14 17 18 39 54 55 58 70
 14 17 18 39 54 55 58 68 69
 14 17 18 39 45 58
 14 17 18 39 43 56 58
 14 17 18 39 43 54 55 58
 14 17 18 29 58 66 70
 14 17 18 29 58 66 68 69
 14 17 18 29 58 64 65 70
 14 17 18 29 58 64 65 68 69
 14 17 18 29 43 58 66
 14 17 18 29 43 58 64 65
 14 17 18 29 39 58 70
 14 17 18 29 39 58 68 69
 14 17 18 29 39 43 58
 14 15 68
 14 15 68 72
 14 15 68 70 71
 14 15 66 67
 14 15 66 67 72
 14 15 66 67 70 71
 14 15 56 68 70
 14 15 56 68 69
 14 15 56 66 67 70
 14 15 56 66 67 68 69
 14 15 54 55 68 70
 14 15 54 55 68 69
 14 15 54 55 66 67 70
 14 15 54 55 66 67 68 69
 14 15 45 68
 14 15 45 66 67
 14 15 43 56 68
 14 15 43 56 66 67
 14 15 43 54 55 68
 14 15 43 54 55 66 67
 14 15 41
 14 15 41 72
 14 15 41 70 71
 14 15 41 56 70
 14 15 41 56 68 69
 14 15 41 54 55 70
 14 15 41 54 55 68 69
 14 15 41 45
 14 15 41 43 56
 14 15 41 43 54 55
 14 15 29 68 70
 14 15 29 68 69
 14 15 29 66 67 70
 14 15 29 66 67 68 69
 14 15 29 43 68
 14 15 29 43 66 67
 14 15 29 41 70
 14 15 29 41 68 69
 14 15 29 41 43
 14 15 16 58 66 72
 14 15 16 58 66 70 71
 14 15 16 58 64 65 72
 14 15 16 58 64 65 70 71
 14 15 16 56 58 66 70
 14 15 16 56 58 66 68 69
 14 15 16 56 58 64 65 70
 14 15 16 56 58 64 65 68 69
 14 15 16 54 55 58 66 70
 14 15 16 54 55 58 66 68 69
 14 15 16 54 55 58 64 65 70
 14 15 16 54 55 58 64 65 68 69
 14 15 16 47 58 66 72
 14 15 16 47 58 66 70 71
 14 15 16 47 58 64 65 72
 14 15 16 47 58 64 65 70 71
 14 15 16 47 56 58 66 70
 14 15 16 47 56 58 66 68 69
 14 15 16 47 56 58 64 65 70
 14 15 16 47 56 58 64 65 68 69
 14 15 16 47 54 55 58 66 70
 14 15 16 47 54 55 58 66 68 69
 14 15 16 47 54 55 58 64 65 70
 14 15 16 47 54 55 58 64 65 68 69
 14 15 16 45 58 66 72
 14 15 16 45 58 66 70 71
 14 15 16 45 58 64 65 72
 14 15 16 45 58 64 65 70 71
 14 15 16 45 56 58 66 70
 14 15 16 45 56 58 66 68 69
 14 15 16 45 56 58 64 65 70
 14 15 16 45 56 58 64 65 68 69
 14 15 16 45 54 55 58 66 70
 14 15 16 45 54 55 58 66 68 69
 14 15 16 45 54 55 58 64 65 70
 14 15 16 45 54 55 58 64 65 68 69
 14 15 16 45 47 58 66
 14 15 16 45 47 58 64 65
 14 15 16 45 46 58 66
 14 15 16 45 46 58 66 72
 14 15 16 45 46 58 66 70 71
 14 15 16 45 46 58 64 65
 14 15 16 45 46 58 64 65 72
 14 15 16 45 46 58 64 65 70 71
 14 15 16 45 46 56 58 66 70
 14 15 16 45 46 56 58 66 68 69
 14 15 16 45 46 56 58 64 65 70
 14 15 16 45 46 56 58 64 65 68 69
 14 15 16 45 46 54 55 58 66 70
 14 15 16 45 46 54 55 58 66 68 69
 14 15 16 45 46 54 55 58 64 65 70
 14 15 16 45 46 54 55 58 64 65 68 69
 14 15 16 43 56 58 66
 14 15 16 43 56 58 64 65
 14 15 16 43 54 55 58 66
 14 15 16 43 54 55 58 64 65
 14 15 16 43 47 56 58 66
 14 15 16 43 47 56 58 64 65
 14 15 16 43 47 54 55 58 66
 14 15 16 43 47 54 55 58 64 65
 14 15 16 43 45 56 58 66
 14 15 16 43 45 56 58 64 65
 14 15 16 43 45 54 55 58 66
 14 15 16 43 45 54 55 58 64 65
 14 15 16 43 45 46 56 58 66
 14 15 16 43 45 46 56 58 64 65
 14 15 16 43 45 46 54 55 58 66
 14 15 16 43 45 46 54 55 58 64 65
 14 15 16 43 44 58 66 72
 14 15 16 43 44 58 66 70 71
 14 15 16 43 44 58 64 65 72
 14 15 16 43 44 58 64 65 70 71
 14 15 16 43 44 56 58 66
 14 15 16 43 44 56 58 66 70
 14 15 16 43 44 56 58 66 68 69
 14 15 16 43 44 56 58 64 65
 14 15 16 43 44 56 58 64 65 70
 14 15 16 43 44 56 58 64 65 68 69
 14 15 16 43 44 54 55 58 66
 14 15 16 43 44 54 55 58 66 70
 14 15 16 43 44 54 55 58 66 68 69
 14 15 16 43 44 54 55 58 64 65
 14 15 16 43 44 54 55 58 64 65 70
 14 15 16 43 44 54 55 58 64 65 68 69
 14 15 16 43 44 45 58 66
 14 15 16 43 44 45 58 64 65
 14 15 16 39 58 72
 14 15 16 39 58 70 71
 14 15 16 39 56 58 70
 14 15 16 39 56 58 68 69
 14 15 16 39 54 55 58 70
 14 15 16 39 54 55 58 68 69
 14 15 16 39 47 58 72
 14 15 16 39 47 58 70 71
 14 15 16 39 47 56 58 70
 14 15 16 39 47 56 58 68 69
 14 15 16 39 47 54 55 58 70
 14 15 16 39 47 54 55 58 68 69
 14 15 16 39 45 58 72
 14 15 16 39 45 58 70 71
 14 15 16 39 45 56 58 70
 14 15 16 39 45 56 58 68 69
 14 15 16 39 45 54 55 58 70
 14 15 16 39 45 54 55 58 68 69
 14 15 16 39 45 47 58
 14 15 16 39 45 46 58
 14 15 16 39 45 46 58 72
 14 15 16 39 45 46 58 70 71
 14 15 16 39 45 46 56 58 70
 14 15 16 39 45 46 56 58 68 69
 14 15 16 39 45 46 54 55 58 70
 14 15 16 39 45 46 54 55 58 68 69
 14 15 16 39 43 56 58
 14 15 16 39 43 54 55 58
 14 15 16 39 43 47 56 58
 14 15 16 39 43 47 54 55 58
 14 15 16 39 43 45 56 58
 14 15 16 39 43 45 54 55 58
 14 15 16 39 43 45 46 56 58
 14 15 16 39 43 45 46 54 55 58
 14 15 16 39 43 44 58 72
 14 15 16 39 43 44 58 70 71
 14 15 16 39 43 44 56 58
 14 15 16 39 43 44 56 58 70
 14 15 16 39 43 44 56 58 68 69
 14 15 16 39 43 44 54 55 58
 14 15 16 39 43 44 54 55 58 70
 14 15 16 39 43 44 54 55 58 68 69
 14 15 16 39 43 44 45 58
 14 15 16 29 58 66 70
 14 15 16 29 58 66 68 69
 14 15 16 29 58 64 65 70
 14 15 16 29 58 64 65 68 69
 14 15 16 29 47 58 66 70
 14 15 16 29 47 58 66 68 69
 14 15 16 29 47 58 64 65 70
 14 15 16 29 47 58 64 65 68 69
 14 15 16 29 45 58 66 70
 14 15 16 29 45 58 66 68 69
 14 15 16 29 45 58 64 65 70
 14 15 16 29 45 58 64 65 68 69
 14 15 16 29 45 46 58 66 70
 14 15 16 29 45 46 58 66 68 69
 14 15 16 29 45 46 58 64 65 70
 14 15 16 29 45 46 58 64 65 68 69
 14 15 16 29 43 58 66
 14 15 16 29 43 58 64 65
 14 15 16 29 43 47 58 66
 14 15 16 29 43 47 58 64 65
 14 15 16 29 43 45 58 66
 14 15 16 29 43 45 58 64 65
 14 15 16 29 43 45 46 58 66
 14 15 16 29 43 45 46 58 64 65
 14 15 16 29 43 44 58 66
 14 15 16 29 43 44 58 66 70
 14 15 16 29 43 44 58 66 68 69
 14 15 16 29 43 44 58 64 65
 14 15 16 29 43 44 58 64 65 70
 14 15 16 29 43 44 58 64 65 68 69
 14 15 16 29 39 58 70
 14 15 16 29 39 58 68 69
 14 15 16 29 39 47 58 70
 14 15 16 29 39 47 58 68 69
 14 15 16 29 39 45 58 70
 14 15 16 29 39 45 58 68 69
 14 15 16 29 39 45 46 58 70
 14 15 16 29 39 45 46 58 68 69
 14 15 16 29 39 43 58
 14 15 16 29 39 43 47 58
 14 15 16 29 39 43 45 58
 14 15 16 29 39 43 45 46 58
 14 15 16 29 39 43 44 58
 14 15 16 29 39 43 44 58 70
 14 15 16 29 39 43 44 58 68 69
 14 15 16 20 58 66 72
 14 15 16 20 58 66 70 71
 14 15 16 20 58 64 65 72
 14 15 16 20 58 64 65 70 71
 14 15 16 20 56 58 66 70
 14 15 16 20 56 58 66 68 69
 14 15 16 20 56 58 64 65 70
 14 15 16 20 56 58 64 65 68 69
 14 15 16 20 54 55 58 66 70
 14 15 16 20 54 55 58 66 68 69
 14 15 16 20 54 55 58 64 65 70
 14 15 16 20 54 55 58 64 65 68 69
 14 15 16 20 45 58 66
 14 15 16 20 45 58 64 65
 14 15 16 20 43 56 58 66
 14 15 16 20 43 56 58 64 65
 14 15 16 20 43 54 55 58 66
 14 15 16 20 43 54 55 58 64 65
 14 15 16 20 39 58 72
 14 15 16 20 39 58 70 71
 14 15 16 20 39 56 58 70
 14 15 16 20 39 56 58 68 69
 14 15 16 20 39 54 55 58 70
 14 15 16 20 39 54 55 58 68 69
 14 15 16 20 39 45 58
 14 15 16 20 39 43 56 58
 14 15 16 20 39 43 54 55 58
 14 15 16 20 29 58 66 70
 14 15 16 20 29 58 66 68 69
 14 15 16 20 29 58 64 65 70
 14 15 16 20 29 58 64 65 68 69
 14 15 16 20 29 43 58 66
 14 15 16 20 29 43 58 64 65
 14 15 16 20 29 39 58 70
 14 15 16 20 29 39 58 68 69
 14 15 16 20 29 39 43 58
 14 15 16 18 58 66 72
 14 15 16 18 58 66 70 71
 14 15 16 18 58 64 65 72
 14 15 16 18 58 64 65 70 71
 14 15 16 18 56 58 66 70
 14 15 16 18 56 58 66 68 69
 14 15 16 18 56 58 64 65 70
 14 15 16 18 56 58 64 65 68 69
 14 15 16 18 54 55 58 66 70
 14 15 16 18 54 55 58 66 68 69
 14 15 16 18 54 55 58 64 65 70
 14 15 16 18 54 55 58 64 65 68 69
 14 15 16 18 45 58 66
 14 15 16 18 45 58 64 65
 14 15 16 18 43 56 58 66
 14 15 16 18 43 56 58 64 65
 14 15 16 18 43 54 55 58 66
 14 15 16 18 43 54 55 58 64 65
 14 15 16 18 39 58 72
 14 15 16 18 39 58 70 71
 14 15 16 18 39 56 58 70
 14 15 16 18 39 56 58 68 69
 14 15 16 18 39 54 55 58 70
 14 15 16 18 39 54 55 58 68 69
 14 15 16 18 39 45 58
 14 15 16 18 39 43 56 58
 14 15 16 18 39 43 54 55 58
 14 15 16 18 29 58 66 70
 14 15 16 18 29 58 66 68 69
 14 15 16 18 29 58 64 65 70
 14 15 16 18 29 58 64 65 68 69
 14 15 16 18 29 43 58 66
 14 15 16 18 29 43 58 64 65
 14 15 16 18 29 39 58 70
 14 15 16 18 29 39 58 68 69
 14 15 16 18 29 39 43 58
 13 14 68
 13 14 68 72
 13 14 68 70 71
 13 14 66 67
 13 14 66 67 72
 13 14 66 67 70 71
 13 14 56 68 70
 13 14 56 68 69
 13 14 56 66 67 70
 13 14 56 66 67 68 69
 13 14 54 55 68 70
 13 14 54 55 68 69
 13 14 54 55 66 67 70
 13 14 54 55 66 67 68 69
 13 14 45 68
 13 14 45 66 67
 13 14 45 60
 13 14 45 58 64
 13 14 45 58 62 63
 13 14 43 56 68
 13 14 43 56 66 67
 13 14 43 54 55 68
 13 14 43 54 55 66 67
 13 14 43 45 60 64
 13 14 43 45 60 62 63
 13 14 43 44 60
 13 14 43 44 60 64
 13 14 43 44 60 62 63
 13 14 43 44 58 64
 13 14 43 44 58 62 63
 13 14 41 68
 13 14 41 68 72
 13 14 41 68 70 71
 13 14 41 66 67
 13 14 41 66 67 72
 13 14 41 66 67 70 71
 13 14 41 56 68 70
 13 14 41 56 68 69
 13 14 41 56 66 67 70
 13 14 41 56 66 67 68 69
 13 14 41 54 55 68 70
 13 14 41 54 55 68 69
 13 14 41 54 55 66 67 70
 13 14 41 54 55 66 67 68 69
 13 14 41 45 68
 13 14 41 45 66 67
 13 14 41 43 56 68
 13 14 41 43 56 66 67
 13 14 41 43 54 55 68
 13 14 41 43 54 55 66 67
 13 14 41 42 45 60 64
 13 14 41 42 45 60 62 63
 13 14 41 42 43 44 60 64
 13 14 41 42 43 44 60 62 63
 13 14 39 40 68
 13 14 39 40 68 72
 13 14 39 40 68 70 71
 13 14 39 40 66 67
 13 14 39 40 66 67 72
 13 14 39 40 66 67 70 71
 13 14 39 40 56 68 70
 13 14 39 40 56 68 69
 13 14 39 40 56 66 67 70
 13 14 39 40 56 66 67 68 69
 13 14 39 40 54 55 68 70
 13 14 39 40 54 55 68 69
 13 14 39 40 54 55 66 67 70
 13 14 39 40 54 55 66 67 68 69
 13 14 39 40 45 68
 13 14 39 40 45 66 67
 13 14 39 40 43 56 68
 13 14 39 40 43 56 66 67
 13 14 39 40 43 54 55 68
 13 14 39 40 43 54 55 66 67
 13 14 39 40 41
 13 14 39 40 41 72
 13 14 39 40 41 70 71
 13 14 39 40 41 56 70
 13 14 39 40 41 56 68 69
 13 14 39 40 41 54 55 70
 13 14 39 40 41 54 55 68 69
 13 14 39 40 41 45
 13 14 39 40 41 43 56
 13 14 39 40 41 43 54 55
 13 14 37 45 58
 13 14 37 43 45 60
 13 14 37 43 44 60
 13 14 37 43 44 58
 13 14 37 41 42 45 60
 13 14 37 41 42 43 44 60
 13 14 29 68 70
 13 14 29 68 69
 13 14 29 66 67 70
 13 14 29 66 67 68 69
 13 14 29 43 68
 13 14 29 43 66 67
 13 14 29 41 68 70
 13 14 29 41 68 69
 13 14 29 41 66 67 70
 13 14 29 41 66 67 68 69
 13 14 29 41 43 68
 13 14 29 41 43 66 67
 13 14 29 39 40 68 70
 13 14 29 39 40 68 69
 13 14 29 39 40 66 67 70
 13 14 29 39 40 66 67 68 69
 13 14 29 39 40 43 68
 13 14 29 39 40 43 66 67
 13 14 29 39 40 41 70
 13 14 29 39 40 41 68 69
 13 14 29 39 40 41 43
 13 14 18 60
 13 14 18 58 64
 13 14 18 58 62 63
 13 14 18 43 60 64
 13 14 18 43 60 62 63
 13 14 18 41 42 60 64
 13 14 18 41 42 60 62 63
 13 14 18 37 58
 13 14 18 37 43 60
 13 14 18 37 41 42 60
 13 14 16 45 60 64
 13 14 16 45 60 62 63
 13 14 16 43 44 60 64
 13 14 16 43 44 60 62 63
 13 14 16 37 45 60
 13 14 16 37 43 44 60
 13 14 16 18 60 64
 13 14 16 18 60 62 63
 13 14 16 18 37 60
