 72
 70 71
 58
 58 72
 58 71 72
 58 69 72
 58 69 70 72
 58 67 68 72
 58 67 68 70 71
 58 60 72
 58 60 70 71
 57 72
 57 70 71
 56 64 70
 56 64 68 69
 56 58 72
 56 58 70 71
 56 57 58 72
 56 57 58 70 71
 56 57 58 59 72
 56 57 58 59 70 71
 47 56 57 58 72
 47 56 57 58 70 71
 47 54 55 57 58 72
 47 54 55 57 58 70 71
 45
 45 58
 45 58 74
 45 58 72 73
 45 58 71
 45 58 70
 45 58 69
 45 58 69 70
 45 58 68
 45 58 68 74
 45 58 68 72 74
 45 58 68 70
 45 58 68 70 71 74
 45 58 68 70 71 72 73
 45 58 67 68
 45 58 65 68
 45 58 65 68 72
 45 58 65 68 70 71
 45 58 63 64 68
 45 58 63 64 68 72
 45 58 63 64 68 70 71
 45 58 60
 45 57
 45 56 58
 45 56 57 58
 45 56 57 58 70
 45 56 57 58 68 69
 45 56 57 58 59
 45 47 58
 45 47 58 68
 45 47 58 68 72
 45 47 58 68 70 71
 45 47 56 57 58
 45 47 54 55 57 58
 45 46 56 57 58
 45 46 56 57 58 72
 45 46 56 57 58 70 71
 45 46 54 55 57 58
 45 46 54 55 57 58 72
 45 46 54 55 57 58 70 71
 44 58 72
 44 58 70 71
 44 45 58
 43 59 72
 43 59 70 71
 43 56 72
 43 56 70 71
 43 56 64
 43 47 56 58 72
 43 47 56 58 70 71
 43 47 54 55 58 72
 43 47 54 55 58 70 71
 43 45 59
 43 45 58
 43 45 58 68
 43 45 56
 43 45 56 58
 43 45 56 58 72
 43 45 56 58 70 71
 43 45 56 57 58
 43 45 54 55 58
 43 45 54 55 58 72
 43 45 54 55 58 70 71
 43 45 47 56 58
 43 45 47 54 55 58
 43 45 46 56 58
 43 45 46 56 58 72
 43 45 46 56 58 70 71
 43 45 46 54 55 58
 43 45 46 54 55 58 72
 43 45 46 54 55 58 70 71
 43 44 58
 43 44 58 74
 43 44 58 72 73
 43 44 58 70
 43 44 58 68 72 74
 43 44 58 68 72 73
 43 44 58 68 70
 43 44 58 68 70 71 74
 43 44 58 68 70 71 72 73
 43 44 58 65 68 72
 43 44 58 65 68 70 71
 43 44 58 63 64 68 72
 43 44 58 63 64 68 70 71
 43 44 56 58 72
 43 44 56 58 70 71
 43 44 56 57 58
 43 44 56 57 58 70
 43 44 56 57 58 68 69
 43 44 54 55 58 72
 43 44 54 55 58 70 71
 43 44 47 58
 43 44 47 58 68 72
 43 44 47 58 68 70 71
 43 44 45 58 68 74
 43 44 45 58 68 72 73
 43 44 45 58 65 68
 43 44 45 58 63 64 68
 43 44 45 56 58
 43 44 45 54 55 58
 43 44 45 47 58 68
 42 58 72
 42 58 70 71
 42 57 58 72
 42 57 58 70 71
 42 45 58
 42 45 57 58
 41 59 72
 41 59 70 71
 41 58 72
 41 58 70 71
 41 57 58 72
 41 57 58 70 71
 41 57 58 67 72
 41 57 58 67 70 71
 41 56 57 72
 41 56 57 70 71
 41 47 58 72
 41 47 58 70 71
 41 47 57 58
 41 47 57 58 72
 41 47 57 58 70 71
 41 47 56 57 58 72
 41 47 56 57 58 70
 41 47 56 57 58 70 71
 41 47 56 57 58 68 69
 41 47 54 55 58 72
 41 47 54 55 58 70 71
 41 47 54 55 57 58 72
 41 47 54 55 57 58 70
 41 47 54 55 57 58 70 71
 41 47 54 55 57 58 68 69
 41 47 54 55 56 58 72
 41 47 54 55 56 58 70 71
 41 45 70
 41 45 70 72
 41 45 70 71
 41 45 68 69
 41 45 68 69 72
 41 45 68 69 70 71
 41 45 59
 41 45 58
 41 45 57 58
 41 45 57 58 67
 41 45 56 58
 41 45 56 58 72
 41 45 56 58 70 71
 41 45 56 57
 41 45 54 55 58
 41 45 54 55 58 72
 41 45 54 55 58 70 71
 41 45 47 58
 41 45 47 57 58
 41 45 47 56 57 58
 41 45 47 54 55 58
 41 45 47 54 55 57 58
 41 45 47 54 55 56 58
 41 45 46 58
 41 45 46 58 72
 41 45 46 58 70 71
 41 45 46 57 58 72
 41 45 46 57 58 70 71
 41 45 46 56 57 58
 41 45 46 56 57 58 72
 41 45 46 56 57 58 70
 41 45 46 56 57 58 70 71
 41 45 46 56 57 58 68 69
 41 45 46 54 55 58
 41 45 46 54 55 58 72
 41 45 46 54 55 58 70 71
 41 45 46 54 55 57 58
 41 45 46 54 55 57 58 72
 41 45 46 54 55 57 58 70
 41 45 46 54 55 57 58 70 71
 41 45 46 54 55 57 58 68 69
 41 45 46 54 55 56 58
 41 45 46 54 55 56 58 72
 41 45 46 54 55 56 58 70 71
 41 43 47 56 57 58
 41 43 47 54 55 57 58
 41 43 45
 41 43 45 72
 41 43 45 70 71
 41 43 45 46 56 57 58
 41 43 45 46 54 55 57 58
 41 43 44 72
 41 43 44 70 72
 41 43 44 68 69 72
 41 43 44 68 69 70 71
 41 43 44 56 58 72
 41 43 44 56 58 70 71
 41 43 44 54 55 58 72
 41 43 44 54 55 58 70 71
 41 43 44 45
 41 43 44 45 70
 41 43 44 45 68 69
 41 43 44 45 56 58
 41 43 44 45 54 55 58
 41 42 59 72
 41 42 59 70 71
 41 42 56 72
 41 42 56 70 71
 41 42 47 56 58 72
 41 42 47 56 58 70 71
 41 42 47 54 55 58 72
 41 42 47 54 55 58 70 71
 41 42 45 59
 41 42 45 56
 41 42 45 56 58
 41 42 45 56 58 72
 41 42 45 56 58 70 71
 41 42 45 54 55 58
 41 42 45 54 55 58 72
 41 42 45 54 55 58 70 71
 41 42 45 47 56 58
 41 42 45 47 54 55 58
 41 42 45 46 56 58
 41 42 45 46 56 58 72
 41 42 45 46 56 58 70 71
 41 42 45 46 54 55 58
 41 42 45 46 54 55 58 72
 41 42 45 46 54 55 58 70 71
 41 42 43 44 56 58 72
 41 42 43 44 56 58 70 71
 41 42 43 44 54 55 58 72
 41 42 43 44 54 55 58 70 71
 41 42 43 44 45 56 58
 41 42 43 44 45 54 55 58
 40 41 57 58 72
 40 41 57 58 70 71
 40 41 45 57 58
 39 41 57 58 72
 39 41 57 58 70 71
 39 41 45 57 58
 39 40 59 72
 39 40 59 70 71
 39 40 58 72
 39 40 58 70 71
 39 40 57 58 72
 39 40 57 58 72
 39 40 57 58 70 71
 39 40 57 58 70 71
 39 40 57 58 67 72
 39 40 57 58 67 70 71
 39 40 56 57 72
 39 40 56 57 70 71
 39 40 47 58 72
 39 40 47 58 70 71
 39 40 47 57 58
 39 40 47 57 58 72
 39 40 47 57 58 70 71
 39 40 47 56 57 58 72
 39 40 47 56 57 58 70
 39 40 47 56 57 58 70 71
 39 40 47 56 57 58 68 69
 39 40 47 54 55 58 72
 39 40 47 54 55 58 70 71
 39 40 47 54 55 57 58 72
 39 40 47 54 55 57 58 70
 39 40 47 54 55 57 58 70 71
 39 40 47 54 55 57 58 68 69
 39 40 47 54 55 56 58 72
 39 40 47 54 55 56 58 70 71
 39 40 45 70
 39 40 45 70 72
 39 40 45 70 71
 39 40 45 68 69
 39 40 45 68 69 72
 39 40 45 68 69 70 71
 39 40 45 59
 39 40 45 58
 39 40 45 57 58
 39 40 45 57 58
 39 40 45 57 58 67
 39 40 45 56 58
 39 40 45 56 58 72
 39 40 45 56 58 70 71
 39 40 45 56 57
 39 40 45 54 55 58
 39 40 45 54 55 58 72
 39 40 45 54 55 58 70 71
 39 40 45 47 58
 39 40 45 47 57 58
 39 40 45 47 56 57 58
 39 40 45 47 54 55 58
 39 40 45 47 54 55 57 58
 39 40 45 47 54 55 56 58
 39 40 45 46 58
 39 40 45 46 58 72
 39 40 45 46 58 70 71
 39 40 45 46 57 58 72
 39 40 45 46 57 58 70 71
 39 40 45 46 56 57 58
 39 40 45 46 56 57 58 72
 39 40 45 46 56 57 58 70
 39 40 45 46 56 57 58 70 71
 39 40 45 46 56 57 58 68 69
 39 40 45 46 54 55 58
 39 40 45 46 54 55 58 72
 39 40 45 46 54 55 58 70 71
 39 40 45 46 54 55 57 58
 39 40 45 46 54 55 57 58 72
 39 40 45 46 54 55 57 58 70
 39 40 45 46 54 55 57 58 70 71
 39 40 45 46 54 55 57 58 68 69
 39 40 45 46 54 55 56 58
 39 40 45 46 54 55 56 58 72
 39 40 45 46 54 55 56 58 70 71
 39 40 43 47 56 57 58
 39 40 43 47 54 55 57 58
 39 40 43 45
 39 40 43 45 72
 39 40 43 45 70 71
 39 40 43 45 46 56 57 58
 39 40 43 45 46 54 55 57 58
 39 40 43 44 72
 39 40 43 44 70 72
 39 40 43 44 68 69 72
 39 40 43 44 68 69 70 71
 39 40 43 44 56 58 72
 39 40 43 44 56 58 70 71
 39 40 43 44 54 55 58 72
 39 40 43 44 54 55 58 70 71
 39 40 43 44 45
 39 40 43 44 45 70
 39 40 43 44 45 68 69
 39 40 43 44 45 56 58
 39 40 43 44 45 54 55 58
 38 45 58 68
 38 45 58 68 72
 38 45 58 68 70 71
 38 43 44 58 68 72
 38 43 44 58 68 70 71
 38 43 44 45 58 68
 38 41 57 58 72
 38 41 57 58 70 71
 38 41 45 57 58
 38 39 41 57 58 72
 38 39 41 57 58 70 71
 38 39 41 45 57 58
 36 37 41 57 58 72
 36 37 41 57 58 70 71
 36 37 41 45 57 58
 36 37 39 41 57 58 72
 36 37 39 41 57 58 70 71
 36 37 39 41 45 57 58
 36 37 38 41 57 58 72
 36 37 38 41 57 58 70 71
 36 37 38 41 45 57 58
 36 37 38 39 40 57 58 72
 36 37 38 39 40 57 58 70 71
 36 37 38 39 40 45 57 58
 35 58 60 72
 35 58 60 70 71
 35 57 58 72
 35 57 58 70 71
 35 57 58 60 72
 35 57 58 60 70 71
 35 45 58 60
 35 45 57 58
 35 45 57 58 60
 35 45 56 70
 35 45 56 70 72
 35 45 56 70 71
 35 45 56 68 69
 35 45 56 68 69 72
 35 45 56 68 69 70 71
 35 45 54 55 70
 35 45 54 55 70 72
 35 45 54 55 70 71
 35 45 54 55 68 69
 35 45 54 55 68 69 72
 35 45 54 55 68 69 70 71
 35 43 58 60 72
 35 43 58 60 70 71
 35 43 45 58 60
 35 43 45 56 70
 35 43 45 56 70 72
 35 43 45 56 70 71
 35 43 45 56 68 69
 35 43 45 56 68 69 72
 35 43 45 56 68 69 70 71
 35 43 45 54 55 70
 35 43 45 54 55 70 72
 35 43 45 54 55 70 71
 35 43 45 54 55 68 69
 35 43 45 54 55 68 69 72
 35 43 45 54 55 68 69 70 71
 35 41 58 72
 35 41 58 70 71
 35 41 58 60 64 72
 35 41 58 60 64 70 71
 35 41 58 59 72
 35 41 58 59 70 71
 35 41 57 58 72
 35 41 57 58 70 71
 35 41 56 72
 35 41 56 70 71
 35 41 56 57 72
 35 41 56 57 70 71
 35 41 55 58 60 72
 35 41 55 58 60 70 71
 35 41 45 60 70
 35 41 45 60 70 72
 35 41 45 60 70 71
 35 41 45 60 68 69
 35 41 45 60 68 69 72
 35 41 45 60 68 69 70 71
 35 41 45 58
 35 41 45 58 70
 35 41 45 58 70 72
 35 41 45 58 70 71
 35 41 45 58 68 69
 35 41 45 58 68 69 72
 35 41 45 58 68 69 70 71
 35 41 45 58 60
 35 41 45 58 60 72
 35 41 45 58 60 70 71
 35 41 45 58 60 64
 35 41 45 58 59
 35 41 45 57 58
 35 41 45 56
 35 41 45 56 70
 35 41 45 56 70 72
 35 41 45 56 70 71
 35 41 45 56 68 69
 35 41 45 56 68 69 72
 35 41 45 56 68 69 70 71
 35 41 45 56 57
 35 41 45 55 58 60
 35 41 45 54 55 70
 35 41 45 54 55 70 72
 35 41 45 54 55 70 71
 35 41 45 54 55 68 69
 35 41 45 54 55 68 69 72
 35 41 45 54 55 68 69 70 71
 35 41 43 58 72
 35 41 43 58 70 71
 35 41 43 45 60
 35 41 43 45 60 72
 35 41 43 45 60 70 71
 35 41 43 45 58 72
 35 41 43 45 58 70 71
 35 41 43 45 56
 35 41 43 45 56 72
 35 41 43 45 56 70 71
 35 41 43 45 54 55
 35 41 43 45 54 55 72
 35 41 43 45 54 55 70 71
 35 41 43 44 60 72
 35 41 43 44 60 70 72
 35 41 43 44 60 68 69 72
 35 41 43 44 60 68 69 70 71
 35 41 43 44 58 72
 35 41 43 44 58 70 72
 35 41 43 44 58 68 69 72
 35 41 43 44 58 68 69 70 71
 35 41 43 44 58 60 72
 35 41 43 44 58 60 70 71
 35 41 43 44 56 72
 35 41 43 44 56 70 72
 35 41 43 44 56 68 69 72
 35 41 43 44 56 68 69 70 71
 35 41 43 44 54 55 72
 35 41 43 44 54 55 70 72
 35 41 43 44 54 55 68 69 72
 35 41 43 44 54 55 68 69 70 71
 35 41 43 44 45 60
 35 41 43 44 45 60 70
 35 41 43 44 45 60 68 69
 35 41 43 44 45 58
 35 41 43 44 45 58 70
 35 41 43 44 45 58 68 69
 35 41 43 44 45 58 60
 35 41 43 44 45 56
 35 41 43 44 45 56 70
 35 41 43 44 45 56 68 69
 35 41 43 44 45 54 55
 35 41 43 44 45 54 55 70
 35 41 43 44 45 54 55 68 69
 35 41 42 58 72
 35 41 42 58 70 71
 35 41 42 58 60 72
 35 41 42 58 60 70 71
 35 41 42 45 58
 35 41 42 45 58 60
 35 41 42 45 56 70
 35 41 42 45 56 70 72
 35 41 42 45 56 70 71
 35 41 42 45 56 68 69
 35 41 42 45 56 68 69 72
 35 41 42 45 56 68 69 70 71
 35 41 42 45 54 55 70
 35 41 42 45 54 55 70 72
 35 41 42 45 54 55 70 71
 35 41 42 45 54 55 68 69
 35 41 42 45 54 55 68 69 72
 35 41 42 45 54 55 68 69 70 71
 35 41 42 43 45 56
 35 41 42 43 45 56 72
 35 41 42 43 45 56 70 71
 35 41 42 43 45 54 55
 35 41 42 43 45 54 55 72
 35 41 42 43 45 54 55 70 71
 35 41 42 43 44 56 72
 35 41 42 43 44 56 70 72
 35 41 42 43 44 56 68 69 72
 35 41 42 43 44 56 68 69 70 71
 35 41 42 43 44 54 55 72
 35 41 42 43 44 54 55 70 72
 35 41 42 43 44 54 55 68 69 72
 35 41 42 43 44 54 55 68 69 70 71
 35 41 42 43 44 45 56
 35 41 42 43 44 45 56 70
 35 41 42 43 44 45 56 68 69
 35 41 42 43 44 45 54 55
 35 41 42 43 44 45 54 55 70
 35 41 42 43 44 45 54 55 68 69
 35 39 40 58 72
 35 39 40 58 70 71
 35 39 40 58 60 64 72
 35 39 40 58 60 64 70 71
 35 39 40 58 59 72
 35 39 40 58 59 70 71
 35 39 40 57 58 72
 35 39 40 57 58 70 71
 35 39 40 56 72
 35 39 40 56 70 71
 35 39 40 56 57 72
 35 39 40 56 57 70 71
 35 39 40 55 58 60 72
 35 39 40 55 58 60 70 71
 35 39 40 45 60 70
 35 39 40 45 60 70 72
 35 39 40 45 60 70 71
 35 39 40 45 60 68 69
 35 39 40 45 60 68 69 72
 35 39 40 45 60 68 69 70 71
 35 39 40 45 58
 35 39 40 45 58 70
 35 39 40 45 58 70 72
 35 39 40 45 58 70 71
 35 39 40 45 58 68 69
 35 39 40 45 58 68 69 72
 35 39 40 45 58 68 69 70 71
 35 39 40 45 58 60
 35 39 40 45 58 60 72
 35 39 40 45 58 60 70 71
 35 39 40 45 58 60 64
 35 39 40 45 58 59
 35 39 40 45 57 58
 35 39 40 45 56
 35 39 40 45 56 70
 35 39 40 45 56 70 72
 35 39 40 45 56 70 71
 35 39 40 45 56 68 69
 35 39 40 45 56 68 69 72
 35 39 40 45 56 68 69 70 71
 35 39 40 45 56 57
 35 39 40 45 55 58 60
 35 39 40 45 54 55 70
 35 39 40 45 54 55 70 72
 35 39 40 45 54 55 70 71
 35 39 40 45 54 55 68 69
 35 39 40 45 54 55 68 69 72
 35 39 40 45 54 55 68 69 70 71
 35 39 40 43 58 72
 35 39 40 43 58 70 71
 35 39 40 43 45 60
 35 39 40 43 45 60 72
 35 39 40 43 45 60 70 71
 35 39 40 43 45 58 72
 35 39 40 43 45 58 70 71
 35 39 40 43 45 56
 35 39 40 43 45 56 72
 35 39 40 43 45 56 70 71
 35 39 40 43 45 54 55
 35 39 40 43 45 54 55 72
 35 39 40 43 45 54 55 70 71
 35 39 40 43 44 60 72
 35 39 40 43 44 60 70 72
 35 39 40 43 44 60 68 69 72
 35 39 40 43 44 60 68 69 70 71
 35 39 40 43 44 58 72
 35 39 40 43 44 58 70 72
 35 39 40 43 44 58 68 69 72
 35 39 40 43 44 58 68 69 70 71
 35 39 40 43 44 58 60 72
 35 39 40 43 44 58 60 70 71
 35 39 40 43 44 56 72
 35 39 40 43 44 56 70 72
 35 39 40 43 44 56 68 69 72
 35 39 40 43 44 56 68 69 70 71
 35 39 40 43 44 54 55 72
 35 39 40 43 44 54 55 70 72
 35 39 40 43 44 54 55 68 69 72
 35 39 40 43 44 54 55 68 69 70 71
 35 39 40 43 44 45 60
 35 39 40 43 44 45 60 70
 35 39 40 43 44 45 60 68 69
 35 39 40 43 44 45 58
 35 39 40 43 44 45 58 70
 35 39 40 43 44 45 58 68 69
 35 39 40 43 44 45 58 60
 35 39 40 43 44 45 56
 35 39 40 43 44 45 56 70
 35 39 40 43 44 45 56 68 69
 35 39 40 43 44 45 54 55
 35 39 40 43 44 45 54 55 70
 35 39 40 43 44 45 54 55 68 69
 35 39 40 41 42 58 72
 35 39 40 41 42 58 70 71
 35 39 40 41 42 45 58
 33 58 72
 33 58 70 71
 33 45 58
 32 58 72
 32 58 70 71
 32 56 57 58 72
 32 56 57 58 70 71
 32 45 58
 32 45 56 57 58
 31 58 59 72
 31 58 59 70 71
 31 57 58 72
 31 57 58 70 71
 31 45 58 70
 31 45 58 68 69
 31 45 58 59
 31 45 57 58
 31 43 45 58
 31 43 44 58
 31 43 44 58 70
 31 43 44 58 68 69
 31 32 58 72
 31 32 58 70 71
 31 32 45 58
 30 41 45 58
 30 41 45 58 72
 30 41 45 58 70
 30 41 45 58 70 72
 30 41 45 58 68 69
 30 41 45 58 68 69 72
 30 41 45 58 68 69 70 71
 30 41 45 57 58
 30 41 45 57 58 72
 30 41 45 57 58 70
 30 41 45 57 58 70 72
 30 41 45 57 58 68 69
 30 41 45 57 58 68 69 72
 30 41 45 57 58 68 69 70 71
 30 41 43 45 58
 30 41 43 45 58 72
 30 41 43 45 58 70 71
 30 41 43 45 57 58
 30 41 43 45 57 58 72
 30 41 43 45 57 58 70 71
 30 41 43 44 58 70 72
 30 41 43 44 58 70 71
 30 41 43 44 58 68 69 72
 30 41 43 44 58 68 69 70 71
 30 41 43 44 57 58 70 72
 30 41 43 44 57 58 70 71
 30 41 43 44 57 58 68 69 72
 30 41 43 44 57 58 68 69 70 71
 30 41 43 44 45 58 70
 30 41 43 44 45 58 68 69
 30 41 43 44 45 57 58 70
 30 41 43 44 45 57 58 68 69
 30 39 40 45 58
 30 39 40 45 58 72
 30 39 40 45 58 70
 30 39 40 45 58 70 72
 30 39 40 45 58 68 69
 30 39 40 45 58 68 69 72
 30 39 40 45 58 68 69 70 71
 30 39 40 45 57 58
 30 39 40 45 57 58 72
 30 39 40 45 57 58 70
 30 39 40 45 57 58 70 72
 30 39 40 45 57 58 68 69
 30 39 40 45 57 58 68 69 72
 30 39 40 45 57 58 68 69 70 71
 30 39 40 43 45 58
 30 39 40 43 45 58 72
 30 39 40 43 45 58 70 71
 30 39 40 43 45 57 58
 30 39 40 43 45 57 58 72
 30 39 40 43 45 57 58 70 71
 30 39 40 43 44 58 70 72
 30 39 40 43 44 58 70 71
 30 39 40 43 44 58 68 69 72
 30 39 40 43 44 58 68 69 70 71
 30 39 40 43 44 57 58 70 72
 30 39 40 43 44 57 58 70 71
 30 39 40 43 44 57 58 68 69 72
 30 39 40 43 44 57 58 68 69 70 71
 30 39 40 43 44 45 58 70
 30 39 40 43 44 45 58 68 69
 30 39 40 43 44 45 57 58 70
 30 39 40 43 44 45 57 58 68 69
 29 47 57 58 72
 29 47 57 58 70 71
 29 45 47 57 58
 29 45 46 57 58
 29 45 46 57 58 72
 29 45 46 57 58 70 71
 29 43 47 58 72
 29 43 47 58 70 71
 29 43 45 58
 29 43 45 58 72
 29 43 45 58 70 71
 29 43 45 47 58
 29 43 45 46 58
 29 43 45 46 58 72
 29 43 45 46 58 70 71
 29 43 44 58 72
 29 43 44 58 70 71
 29 43 44 45 58
 29 41 47 58 72
 29 41 47 58 70 71
 29 41 47 57 58 72
 29 41 47 57 58 70
 29 41 47 57 58 70 71
 29 41 47 57 58 68 69
 29 41 47 56 58 72
 29 41 47 56 58 70 71
 29 41 45 58
 29 41 45 58 72
 29 41 45 58 70 71
 29 41 45 47 58
 29 41 45 47 57 58
 29 41 45 47 56 58
 29 41 45 46 58
 29 41 45 46 58 72
 29 41 45 46 58 70 71
 29 41 45 46 57 58
 29 41 45 46 57 58 72
 29 41 45 46 57 58 70
 29 41 45 46 57 58 70 71
 29 41 45 46 57 58 68 69
 29 41 45 46 56 58
 29 41 45 46 56 58 72
 29 41 45 46 56 58 70 71
 29 41 43 47 57 58
 29 41 43 45 46 57 58
 29 41 43 44 58 72
 29 41 43 44 58 70 71
 29 41 43 44 45 58
 29 41 42 47 58 72
 29 41 42 47 58 70 71
 29 41 42 45 58
 29 41 42 45 58 72
 29 41 42 45 58 70 71
 29 41 42 45 47 58
 29 41 42 45 46 58
 29 41 42 45 46 58 72
 29 41 42 45 46 58 70 71
 29 41 42 43 44 58 72
 29 41 42 43 44 58 70 71
 29 41 42 43 44 45 58
 29 39 40 47 58 72
 29 39 40 47 58 70 71
 29 39 40 47 57 58 72
 29 39 40 47 57 58 70
 29 39 40 47 57 58 70 71
 29 39 40 47 57 58 68 69
 29 39 40 47 56 58 72
 29 39 40 47 56 58 70 71
 29 39 40 45 58
 29 39 40 45 58 72
 29 39 40 45 58 70 71
 29 39 40 45 47 58
 29 39 40 45 47 57 58
 29 39 40 45 47 56 58
 29 39 40 45 46 58
 29 39 40 45 46 58 72
 29 39 40 45 46 58 70 71
 29 39 40 45 46 57 58
 29 39 40 45 46 57 58 72
 29 39 40 45 46 57 58 70
 29 39 40 45 46 57 58 70 71
 29 39 40 45 46 57 58 68 69
 29 39 40 45 46 56 58
 29 39 40 45 46 56 58 72
 29 39 40 45 46 56 58 70 71
 29 39 40 43 47 57 58
 29 39 40 43 45 46 57 58
 29 39 40 43 44 58 72
 29 39 40 43 44 58 70 71
 29 39 40 43 44 45 58
 29 35 45 70
 29 35 45 70 72
 29 35 45 70 71
 29 35 45 68 69
 29 35 45 68 69 72
 29 35 45 68 69 70 71
 29 35 43 45 70
 29 35 43 45 70 72
 29 35 43 45 70 71
 29 35 43 45 68 69
 29 35 43 45 68 69 72
 29 35 43 45 68 69 70 71
 29 35 41 45 70
 29 35 41 45 70 72
 29 35 41 45 70 71
 29 35 41 45 68 69
 29 35 41 45 68 69 72
 29 35 41 45 68 69 70 71
 29 35 41 43 45
 29 35 41 43 45 72
 29 35 41 43 45 70 71
 29 35 41 43 44 72
 29 35 41 43 44 70 72
 29 35 41 43 44 68 69 72
 29 35 41 43 44 68 69 70 71
 29 35 41 43 44 45
 29 35 41 43 44 45 70
 29 35 41 43 44 45 68 69
 29 35 41 42 45 70
 29 35 41 42 45 70 72
 29 35 41 42 45 70 71
 29 35 41 42 45 68 69
 29 35 41 42 45 68 69 72
 29 35 41 42 45 68 69 70 71
 29 35 41 42 43 45
 29 35 41 42 43 45 72
 29 35 41 42 43 45 70 71
 29 35 41 42 43 44 72
 29 35 41 42 43 44 70 72
 29 35 41 42 43 44 68 69 72
 29 35 41 42 43 44 68 69 70 71
 29 35 41 42 43 44 45
 29 35 41 42 43 44 45 70
 29 35 41 42 43 44 45 68 69
 29 35 39 40 45 70
 29 35 39 40 45 70 72
 29 35 39 40 45 70 71
 29 35 39 40 45 68 69
 29 35 39 40 45 68 69 72
 29 35 39 40 45 68 69 70 71
 29 35 39 40 43 45
 29 35 39 40 43 45 72
 29 35 39 40 43 45 70 71
 29 35 39 40 43 44 72
 29 35 39 40 43 44 70 72
 29 35 39 40 43 44 68 69 72
 29 35 39 40 43 44 68 69 70 71
 29 35 39 40 43 44 45
 29 35 39 40 43 44 45 70
 29 35 39 40 43 44 45 68 69
 28 59 72
 28 59 70 71
 28 58 72
 28 58 70 71
 28 56 72
 28 56 70 71
 28 47 56 58 72
 28 47 56 58 70 71
 28 47 54 55 58 72
 28 47 54 55 58 70 71
 28 45 59
 28 45 58 74
 28 45 58 72
 28 45 58 72 73
 28 45 58 70 71
 28 45 58 65
 28 45 58 63 64
 28 45 56
 28 45 47 58
 28 45 47 56 58
 28 45 47 54 55 58
 28 45 46 56 58
 28 45 46 56 58 72
 28 45 46 56 58 70 71
 28 45 46 54 55 58
 28 45 46 54 55 58 72
 28 45 46 54 55 58 70 71
 28 43 44 58 74
 28 43 44 58 72
 28 43 44 58 72 73
 28 43 44 58 70 71
 28 43 44 58 65
 28 43 44 58 63 64
 28 43 44 47 58
 28 43 44 45 58
 28 41 58 72
 28 41 58 70 71
 28 41 56 70
 28 41 56 68 69
 28 41 45 58
 28 41 43 56
 28 39 40 58 72
 28 39 40 58 70 71
 28 39 40 56 70
 28 39 40 56 68 69
 28 39 40 45 58
 28 39 40 43 56
 28 38 45 58
 28 38 43 44 58
 28 35 58 60 72
 28 35 58 60 70 71
 28 35 58 60 64 72
 28 35 58 60 64 70 71
 28 35 57 58 60 62 72
 28 35 57 58 60 62 70 71
 28 35 45 58 60
 28 35 45 58 60 64
 28 35 45 57 58 60 62
 28 35 45 56 70
 28 35 45 56 70 72
 28 35 45 56 70 71
 28 35 45 56 68 69
 28 35 45 56 68 69 72
 28 35 45 56 68 69 70 71
 28 35 45 54 55 70
 28 35 45 54 55 70 72
 28 35 45 54 55 70 71
 28 35 45 54 55 68 69
 28 35 45 54 55 68 69 72
 28 35 45 54 55 68 69 70 71
 28 35 43 45 56
 28 35 43 45 56 72
 28 35 43 45 56 70 71
 28 35 43 45 54 55
 28 35 43 45 54 55 72
 28 35 43 45 54 55 70 71
 28 35 43 44 56 72
 28 35 43 44 56 70 72
 28 35 43 44 56 68 69 72
 28 35 43 44 56 68 69 70 71
 28 35 43 44 54 55 72
 28 35 43 44 54 55 70 72
 28 35 43 44 54 55 68 69 72
 28 35 43 44 54 55 68 69 70 71
 28 35 43 44 45 56
 28 35 43 44 45 56 70
 28 35 43 44 45 56 68 69
 28 35 43 44 45 54 55
 28 35 43 44 45 54 55 70
 28 35 43 44 45 54 55 68 69
 28 35 41 58 72
 28 35 41 58 70 71
 28 35 41 56 72
 28 35 41 56 70 71
 28 35 41 45 58
 28 35 41 45 56
 28 35 39 40 58 72
 28 35 39 40 58 70 71
 28 35 39 40 56 72
 28 35 39 40 56 70 71
 28 35 39 40 45 58
 28 35 39 40 45 56
 28 29 47 58 72
 28 29 47 58 70 71
 28 29 45 47 58
 28 29 45 46 58
 28 29 45 46 58 72
 28 29 45 46 58 70 71
 28 29 41 45 58
 28 29 41 45 58 72
 28 29 41 45 58 70
 28 29 41 45 58 70 72
 28 29 41 45 58 68 69
 28 29 41 45 58 68 69 72
 28 29 41 45 58 68 69 70 71
 28 29 41 45 57 58
 28 29 41 45 57 58 72
 28 29 41 45 57 58 70
 28 29 41 45 57 58 70 72
 28 29 41 45 57 58 68 69
 28 29 41 45 57 58 68 69 72
 28 29 41 45 57 58 68 69 70 71
 28 29 41 43 45 58
 28 29 41 43 45 58 72
 28 29 41 43 45 58 70 71
 28 29 41 43 45 57 58
 28 29 41 43 45 57 58 72
 28 29 41 43 45 57 58 70 71
 28 29 41 43 44 58 70 72
 28 29 41 43 44 58 70 71
 28 29 41 43 44 58 68 69 72
 28 29 41 43 44 58 68 69 70 71
 28 29 41 43 44 57 58 70 72
 28 29 41 43 44 57 58 70 71
 28 29 41 43 44 57 58 68 69 72
 28 29 41 43 44 57 58 68 69 70 71
 28 29 41 43 44 45 58 70
 28 29 41 43 44 45 58 68 69
 28 29 41 43 44 45 57 58 70
 28 29 41 43 44 45 57 58 68 69
 28 29 39 40 45 58
 28 29 39 40 45 58 72
 28 29 39 40 45 58 70
 28 29 39 40 45 58 70 72
 28 29 39 40 45 58 68 69
 28 29 39 40 45 58 68 69 72
 28 29 39 40 45 58 68 69 70 71
 28 29 39 40 45 57 58
 28 29 39 40 45 57 58 72
 28 29 39 40 45 57 58 70
 28 29 39 40 45 57 58 70 72
 28 29 39 40 45 57 58 68 69
 28 29 39 40 45 57 58 68 69 72
 28 29 39 40 45 57 58 68 69 70 71
 28 29 39 40 43 45 58
 28 29 39 40 43 45 58 72
 28 29 39 40 43 45 58 70 71
 28 29 39 40 43 45 57 58
 28 29 39 40 43 45 57 58 72
 28 29 39 40 43 45 57 58 70 71
 28 29 39 40 43 44 58 70 72
 28 29 39 40 43 44 58 70 71
 28 29 39 40 43 44 58 68 69 72
 28 29 39 40 43 44 58 68 69 70 71
 28 29 39 40 43 44 57 58 70 72
 28 29 39 40 43 44 57 58 70 71
 28 29 39 40 43 44 57 58 68 69 72
 28 29 39 40 43 44 57 58 68 69 70 71
 28 29 39 40 43 44 45 58 70
 28 29 39 40 43 44 45 58 68 69
 28 29 39 40 43 44 45 57 58 70
 28 29 39 40 43 44 45 57 58 68 69
 28 29 35 45 70
 28 29 35 45 70 72
 28 29 35 45 70 71
 28 29 35 45 68 69
 28 29 35 45 68 69 72
 28 29 35 45 68 69 70 71
 28 29 35 43 45
 28 29 35 43 45 72
 28 29 35 43 45 70 71
 28 29 35 43 44 72
 28 29 35 43 44 70 72
 28 29 35 43 44 68 69 72
 28 29 35 43 44 68 69 70 71
 28 29 35 43 44 45
 28 29 35 43 44 45 70
 28 29 35 43 44 45 68 69
 27 57 58 72
 27 57 58 70 71
 27 45 57 58
 26 45 58
 26 45 58 74
 26 45 58 72 74
 26 45 58 70
 26 45 58 70 71 74
 26 45 58 70 71 72 73
 26 45 58 68 69
 26 45 58 65
 26 45 58 65 72
 26 45 58 65 70 71
 26 45 58 63 64
 26 45 58 63 64 72
 26 45 58 63 64 70 71
 26 45 47 58
 26 45 47 58 72
 26 45 47 58 70 71
 26 43 45 58
 26 43 44 58 72 74
 26 43 44 58 72 73
 26 43 44 58 70
 26 43 44 58 70 71 74
 26 43 44 58 70 71 72 73
 26 43 44 58 68 69
 26 43 44 58 65 72
 26 43 44 58 65 70 71
 26 43 44 58 63 64 72
 26 43 44 58 63 64 70 71
 26 43 44 47 58 72
 26 43 44 47 58 70 71
 26 43 44 45 58 74
 26 43 44 45 58 72 73
 26 43 44 45 58 65
 26 43 44 45 58 63 64
 26 43 44 45 47 58
 26 38 45 58
 26 38 45 58 72
 26 38 45 58 70 71
 26 38 43 44 58 72
 26 38 43 44 58 70 71
 26 38 43 44 45 58
 26 27 59 72
 26 27 59 70 71
 26 27 58 72
 26 27 58 70 71
 26 27 56 72
 26 27 56 70 71
 26 27 47 56 58 72
 26 27 47 56 58 70 71
 26 27 47 54 55 58 72
 26 27 47 54 55 58 70 71
 26 27 45 59
 26 27 45 58 74
 26 27 45 58 72
 26 27 45 58 72 73
 26 27 45 58 70 71
 26 27 45 58 65
 26 27 45 58 63 64
 26 27 45 56
 26 27 45 47 58
 26 27 45 47 56 58
 26 27 45 47 54 55 58
 26 27 45 46 56 58
 26 27 45 46 56 58 72
 26 27 45 46 56 58 70 71
 26 27 45 46 54 55 58
 26 27 45 46 54 55 58 72
 26 27 45 46 54 55 58 70 71
 26 27 43 44 58 74
 26 27 43 44 58 72
 26 27 43 44 58 72 73
 26 27 43 44 58 70 71
 26 27 43 44 58 65
 26 27 43 44 58 63 64
 26 27 43 44 47 58
 26 27 43 44 45 58
 26 27 41 58 72
 26 27 41 58 70 71
 26 27 41 56 70
 26 27 41 56 68 69
 26 27 41 45 58
 26 27 41 43 56
 26 27 39 40 58 72
 26 27 39 40 58 70 71
 26 27 39 40 56 70
 26 27 39 40 56 68 69
 26 27 39 40 45 58
 26 27 39 40 43 56
 26 27 38 45 58
 26 27 38 43 44 58
 26 27 35 58 60 72
 26 27 35 58 60 70 71
 26 27 35 58 60 64 72
 26 27 35 58 60 64 70 71
 26 27 35 57 58 60 62 72
 26 27 35 57 58 60 62 70 71
 26 27 35 45 58 60
 26 27 35 45 58 60 64
 26 27 35 45 57 58 60 62
 26 27 35 45 56 70
 26 27 35 45 56 70 72
 26 27 35 45 56 70 71
 26 27 35 45 56 68 69
 26 27 35 45 56 68 69 72
 26 27 35 45 56 68 69 70 71
 26 27 35 45 54 55 70
 26 27 35 45 54 55 70 72
 26 27 35 45 54 55 70 71
 26 27 35 45 54 55 68 69
 26 27 35 45 54 55 68 69 72
 26 27 35 45 54 55 68 69 70 71
 26 27 35 43 45 56
 26 27 35 43 45 56 72
 26 27 35 43 45 56 70 71
 26 27 35 43 45 54 55
 26 27 35 43 45 54 55 72
 26 27 35 43 45 54 55 70 71
 26 27 35 43 44 56 72
 26 27 35 43 44 56 70 72
 26 27 35 43 44 56 68 69 72
 26 27 35 43 44 56 68 69 70 71
 26 27 35 43 44 54 55 72
 26 27 35 43 44 54 55 70 72
 26 27 35 43 44 54 55 68 69 72
 26 27 35 43 44 54 55 68 69 70 71
 26 27 35 43 44 45 56
 26 27 35 43 44 45 56 70
 26 27 35 43 44 45 56 68 69
 26 27 35 43 44 45 54 55
 26 27 35 43 44 45 54 55 70
 26 27 35 43 44 45 54 55 68 69
 26 27 35 41 58 72
 26 27 35 41 58 70 71
 26 27 35 41 56 72
 26 27 35 41 56 70 71
 26 27 35 41 45 58
 26 27 35 41 45 56
 26 27 35 39 40 58 72
 26 27 35 39 40 58 70 71
 26 27 35 39 40 56 72
 26 27 35 39 40 56 70 71
 26 27 35 39 40 45 58
 26 27 35 39 40 45 56
 26 27 29 47 58 72
 26 27 29 47 58 70 71
 26 27 29 45 47 58
 26 27 29 45 46 58
 26 27 29 45 46 58 72
 26 27 29 45 46 58 70 71
 26 27 29 35 45 70
 26 27 29 35 45 70 72
 26 27 29 35 45 70 71
 26 27 29 35 45 68 69
 26 27 29 35 45 68 69 72
 26 27 29 35 45 68 69 70 71
 26 27 29 35 43 45
 26 27 29 35 43 45 72
 26 27 29 35 43 45 70 71
 26 27 29 35 43 44 72
 26 27 29 35 43 44 70 72
 26 27 29 35 43 44 68 69 72
 26 27 29 35 43 44 68 69 70 71
 26 27 29 35 43 44 45
 26 27 29 35 43 44 45 70
 26 27 29 35 43 44 45 68 69
 25 41 57 58 72
 25 41 57 58 70 71
 25 41 45 57 58
 25 39 40 57 58 72
 25 39 40 57 58 70 71
 25 39 40 45 57 58
 25 26 57 58 72
 25 26 57 58 70 71
 25 26 45 57 58
 24 25 45 58
 24 25 45 58 74
 24 25 45 58 72 74
 24 25 45 58 70
 24 25 45 58 70 71 74
 24 25 45 58 70 71 72 73
 24 25 45 58 68 69
 24 25 45 58 65
 24 25 45 58 65 72
 24 25 45 58 65 70 71
 24 25 45 58 63 64
 24 25 45 58 63 64 72
 24 25 45 58 63 64 70 71
 24 25 45 47 58
 24 25 45 47 58 72
 24 25 45 47 58 70 71
 24 25 43 45 58
 24 25 43 44 58 72 74
 24 25 43 44 58 72 73
 24 25 43 44 58 70
 24 25 43 44 58 70 71 74
 24 25 43 44 58 70 71 72 73
 24 25 43 44 58 68 69
 24 25 43 44 58 65 72
 24 25 43 44 58 65 70 71
 24 25 43 44 58 63 64 72
 24 25 43 44 58 63 64 70 71
 24 25 43 44 47 58 72
 24 25 43 44 47 58 70 71
 24 25 43 44 45 58 74
 24 25 43 44 45 58 72 73
 24 25 43 44 45 58 65
 24 25 43 44 45 58 63 64
 24 25 43 44 45 47 58
 24 25 38 45 58
 24 25 38 45 58 72
 24 25 38 45 58 70 71
 24 25 38 43 44 58 72
 24 25 38 43 44 58 70 71
 24 25 38 43 44 45 58
 23 24 41 57 58 72
 23 24 41 57 58 70 71
 23 24 41 45 57 58
 23 24 39 40 57 58 72
 23 24 39 40 57 58 70 71
 23 24 39 40 45 57 58
 20 56 57 58 72
 20 56 57 58 70 71
 20 54 55 57 58 72
 20 54 55 57 58 70 71
 20 45 56 57 58
 20 45 54 55 57 58
 20 43 56 58 72
 20 43 56 58 70 71
 20 43 54 55 58 72
 20 43 54 55 58 70 71
 20 43 45 56 58
 20 43 45 54 55 58
 20 41 58 72
 20 41 58 70 71
 20 41 57 58
 20 41 57 58 72
 20 41 57 58 70 71
 20 41 56 57 58 72
 20 41 56 57 58 70
 20 41 56 57 58 70 71
 20 41 56 57 58 68 69
 20 41 54 55 58 72
 20 41 54 55 58 70 71
 20 41 54 55 57 58 72
 20 41 54 55 57 58 70
 20 41 54 55 57 58 70 71
 20 41 54 55 57 58 68 69
 20 41 54 55 56 58 72
 20 41 54 55 56 58 70 71
 20 41 45 58
 20 41 45 57 58
 20 41 45 56 57 58
 20 41 45 54 55 58
 20 41 45 54 55 57 58
 20 41 45 54 55 56 58
 20 41 43 56 57 58
 20 41 43 54 55 57 58
 20 41 42 56 58 72
 20 41 42 56 58 70 71
 20 41 42 54 55 58 72
 20 41 42 54 55 58 70 71
 20 41 42 45 56 58
 20 41 42 45 54 55 58
 20 39 40 58 72
 20 39 40 58 70 71
 20 39 40 57 58
 20 39 40 57 58 72
 20 39 40 57 58 70 71
 20 39 40 56 57 58 72
 20 39 40 56 57 58 70
 20 39 40 56 57 58 70 71
 20 39 40 56 57 58 68 69
 20 39 40 54 55 58 72
 20 39 40 54 55 58 70 71
 20 39 40 54 55 57 58 72
 20 39 40 54 55 57 58 70
 20 39 40 54 55 57 58 70 71
 20 39 40 54 55 57 58 68 69
 20 39 40 54 55 56 58 72
 20 39 40 54 55 56 58 70 71
 20 39 40 45 58
 20 39 40 45 57 58
 20 39 40 45 56 57 58
 20 39 40 45 54 55 58
 20 39 40 45 54 55 57 58
 20 39 40 45 54 55 56 58
 20 39 40 43 56 57 58
 20 39 40 43 54 55 57 58
 20 29 57 58 72
 20 29 57 58 70 71
 20 29 45 57 58
 20 29 43 58 72
 20 29 43 58 70 71
 20 29 43 45 58
 20 29 41 58 72
 20 29 41 58 70 71
 20 29 41 57 58 72
 20 29 41 57 58 70
 20 29 41 57 58 70 71
 20 29 41 57 58 68 69
 20 29 41 56 58 72
 20 29 41 56 58 70 71
 20 29 41 45 58
 20 29 41 45 57 58
 20 29 41 45 56 58
 20 29 41 43 57 58
 20 29 41 42 58 72
 20 29 41 42 58 70 71
 20 29 41 42 45 58
 20 29 39 40 58 72
 20 29 39 40 58 70 71
 20 29 39 40 57 58 72
 20 29 39 40 57 58 70
 20 29 39 40 57 58 70 71
 20 29 39 40 57 58 68 69
 20 29 39 40 56 58 72
 20 29 39 40 56 58 70 71
 20 29 39 40 45 58
 20 29 39 40 45 57 58
 20 29 39 40 45 56 58
 20 29 39 40 43 57 58
 20 28 56 58 72
 20 28 56 58 70 71
 20 28 54 55 58 72
 20 28 54 55 58 70 71
 20 28 45 56 58
 20 28 45 54 55 58
 20 28 29 58 72
 20 28 29 58 70 71
 20 28 29 45 58
 20 26 27 56 58 72
 20 26 27 56 58 70 71
 20 26 27 54 55 58 72
 20 26 27 54 55 58 70 71
 20 26 27 45 56 58
 20 26 27 45 54 55 58
 20 26 27 29 58 72
 20 26 27 29 58 70 71
 20 26 27 29 45 58
 18 58 74
 18 58 72 73
 18 58 70
 18 58 68
 18 58 68 72 74
 18 58 68 72 73
 18 58 68 70
 18 58 68 70 71 74
 18 58 68 70 71 72 73
 18 58 65 68 72
 18 58 65 68 70 71
 18 58 63 64 68 72
 18 58 63 64 68 70 71
 18 56 57 58 70
 18 56 57 58 68 69
 18 47 58
 18 47 58 68 72
 18 47 58 68 70 71
 18 45 58 68 74
 18 45 58 68 72 73
 18 45 58 65 68
 18 45 58 63 64 68
 18 45 47 58 68
 18 43 58
 18 43 58 68
 18 43 56 58 72
 18 43 56 58 70 71
 18 43 56 57 58
 18 43 54 55 58 72
 18 43 54 55 58 70 71
 18 43 45 56 58
 18 43 45 54 55 58
 18 41 70 72
 18 41 70 71
 18 41 68 69 72
 18 41 68 69 70 71
 18 41 56 58 72
 18 41 56 58 70 71
 18 41 54 55 58 72
 18 41 54 55 58 70 71
 18 41 45 70
 18 41 45 68 69
 18 41 45 56 58
 18 41 45 54 55 58
 18 41 43 72
 18 41 43 70 71
 18 41 43 45
 18 41 42 56 58 72
 18 41 42 56 58 70 71
 18 41 42 54 55 58 72
 18 41 42 54 55 58 70 71
 18 41 42 45 56 58
 18 41 42 45 54 55 58
 18 39 40 70 72
 18 39 40 70 71
 18 39 40 68 69 72
 18 39 40 68 69 70 71
 18 39 40 56 58 72
 18 39 40 56 58 70 71
 18 39 40 54 55 58 72
 18 39 40 54 55 58 70 71
 18 39 40 45 70
 18 39 40 45 68 69
 18 39 40 45 56 58
 18 39 40 45 54 55 58
 18 39 40 43 72
 18 39 40 43 70 71
 18 39 40 43 45
 18 38 58 68 72
 18 38 58 68 70 71
 18 38 45 58 68
 18 35 56 70 72
 18 35 56 70 71
 18 35 56 68 69 72
 18 35 56 68 69 70 71
 18 35 54 55 70 72
 18 35 54 55 70 71
 18 35 54 55 68 69 72
 18 35 54 55 68 69 70 71
 18 35 45 56 70
 18 35 45 56 68 69
 18 35 45 54 55 70
 18 35 45 54 55 68 69
 18 35 43 56 70 72
 18 35 43 56 70 71
 18 35 43 56 68 69 72
 18 35 43 56 68 69 70 71
 18 35 43 54 55 70 72
 18 35 43 54 55 70 71
 18 35 43 54 55 68 69 72
 18 35 43 54 55 68 69 70 71
 18 35 43 45 56 70
 18 35 43 45 56 68 69
 18 35 43 45 54 55 70
 18 35 43 45 54 55 68 69
 18 35 41 60 70 72
 18 35 41 60 70 71
 18 35 41 60 68 69 72
 18 35 41 60 68 69 70 71
 18 35 41 58 70 72
 18 35 41 58 70 71
 18 35 41 58 68 69 72
 18 35 41 58 68 69 70 71
 18 35 41 58 60 72
 18 35 41 58 60 70 71
 18 35 41 56 70 72
 18 35 41 56 70 71
 18 35 41 56 68 69 72
 18 35 41 56 68 69 70 71
 18 35 41 54 55 70 72
 18 35 41 54 55 70 71
 18 35 41 54 55 68 69 72
 18 35 41 54 55 68 69 70 71
 18 35 41 45 60 70
 18 35 41 45 60 68 69
 18 35 41 45 58 70
 18 35 41 45 58 68 69
 18 35 41 45 58 60
 18 35 41 45 56 70
 18 35 41 45 56 68 69
 18 35 41 45 54 55 70
 18 35 41 45 54 55 68 69
 18 35 41 43 60 72
 18 35 41 43 60 70 71
 18 35 41 43 58 72
 18 35 41 43 58 70 71
 18 35 41 43 56 72
 18 35 41 43 56 70 71
 18 35 41 43 54 55 72
 18 35 41 43 54 55 70 71
 18 35 41 43 45 60
 18 35 41 43 45 58
 18 35 41 43 45 56
 18 35 41 43 45 54 55
 18 35 41 42 56 70 72
 18 35 41 42 56 70 71
 18 35 41 42 56 68 69 72
 18 35 41 42 56 68 69 70 71
 18 35 41 42 54 55 70 72
 18 35 41 42 54 55 70 71
 18 35 41 42 54 55 68 69 72
 18 35 41 42 54 55 68 69 70 71
 18 35 41 42 45 56 70
 18 35 41 42 45 56 68 69
 18 35 41 42 45 54 55 70
 18 35 41 42 45 54 55 68 69
 18 35 41 42 43 56 72
 18 35 41 42 43 56 70 71
 18 35 41 42 43 54 55 72
 18 35 41 42 43 54 55 70 71
 18 35 41 42 43 45 56
 18 35 41 42 43 45 54 55
 18 35 39 40 60 70 72
 18 35 39 40 60 70 71
 18 35 39 40 60 68 69 72
 18 35 39 40 60 68 69 70 71
 18 35 39 40 58 70 72
 18 35 39 40 58 70 71
 18 35 39 40 58 68 69 72
 18 35 39 40 58 68 69 70 71
 18 35 39 40 58 60 72
 18 35 39 40 58 60 70 71
 18 35 39 40 56 70 72
 18 35 39 40 56 70 71
 18 35 39 40 56 68 69 72
 18 35 39 40 56 68 69 70 71
 18 35 39 40 54 55 70 72
 18 35 39 40 54 55 70 71
 18 35 39 40 54 55 68 69 72
 18 35 39 40 54 55 68 69 70 71
 18 35 39 40 45 60 70
 18 35 39 40 45 60 68 69
 18 35 39 40 45 58 70
 18 35 39 40 45 58 68 69
 18 35 39 40 45 58 60
 18 35 39 40 45 56 70
 18 35 39 40 45 56 68 69
 18 35 39 40 45 54 55 70
 18 35 39 40 45 54 55 68 69
 18 35 39 40 43 60 72
 18 35 39 40 43 60 70 71
 18 35 39 40 43 58 72
 18 35 39 40 43 58 70 71
 18 35 39 40 43 56 72
 18 35 39 40 43 56 70 71
 18 35 39 40 43 54 55 72
 18 35 39 40 43 54 55 70 71
 18 35 39 40 43 45 60
 18 35 39 40 43 45 58
 18 35 39 40 43 45 56
 18 35 39 40 43 45 54 55
 18 31 58 70
 18 31 58 68 69
 18 31 43 58
 18 30 41 58 72
 18 30 41 58 70 72
 18 30 41 58 68 69 72
 18 30 41 58 68 69 70 71
 18 30 41 57 58 72
 18 30 41 57 58 70 72
 18 30 41 57 58 68 69 72
 18 30 41 57 58 68 69 70 71
 18 30 41 45 58
 18 30 41 45 58 70
 18 30 41 45 58 68 69
 18 30 41 45 57 58
 18 30 41 45 57 58 70
 18 30 41 45 57 58 68 69
 18 30 41 43 58 72
 18 30 41 43 58 70 71
 18 30 41 43 57 58 72
 18 30 41 43 57 58 70 71
 18 30 41 43 45 58
 18 30 41 43 45 57 58
 18 30 39 40 58 72
 18 30 39 40 58 70 72
 18 30 39 40 58 68 69 72
 18 30 39 40 58 68 69 70 71
 18 30 39 40 57 58 72
 18 30 39 40 57 58 70 72
 18 30 39 40 57 58 68 69 72
 18 30 39 40 57 58 68 69 70 71
 18 30 39 40 45 58
 18 30 39 40 45 58 70
 18 30 39 40 45 58 68 69
 18 30 39 40 45 57 58
 18 30 39 40 45 57 58 70
 18 30 39 40 45 57 58 68 69
 18 30 39 40 43 58 72
 18 30 39 40 43 58 70 71
 18 30 39 40 43 57 58 72
 18 30 39 40 43 57 58 70 71
 18 30 39 40 43 45 58
 18 30 39 40 43 45 57 58
 18 29 43 58 72
 18 29 43 58 70 71
 18 29 43 45 58
 18 29 41 58 72
 18 29 41 58 70 71
 18 29 41 45 58
 18 29 41 42 58 72
 18 29 41 42 58 70 71
 18 29 41 42 45 58
 18 29 39 40 58 72
 18 29 39 40 58 70 71
 18 29 39 40 45 58
 18 29 35 70 72
 18 29 35 70 71
 18 29 35 68 69 72
 18 29 35 68 69 70 71
 18 29 35 45 70
 18 29 35 45 68 69
 18 29 35 43 70 72
 18 29 35 43 70 71
 18 29 35 43 68 69 72
 18 29 35 43 68 69 70 71
 18 29 35 43 45 70
 18 29 35 43 45 68 69
 18 29 35 41 70 72
 18 29 35 41 70 71
 18 29 35 41 68 69 72
 18 29 35 41 68 69 70 71
 18 29 35 41 45 70
 18 29 35 41 45 68 69
 18 29 35 41 43 72
 18 29 35 41 43 70 71
 18 29 35 41 43 45
 18 29 35 41 42 70 72
 18 29 35 41 42 70 71
 18 29 35 41 42 68 69 72
 18 29 35 41 42 68 69 70 71
 18 29 35 41 42 45 70
 18 29 35 41 42 45 68 69
 18 29 35 41 42 43 72
 18 29 35 41 42 43 70 71
 18 29 35 41 42 43 45
 18 29 35 39 40 70 72
 18 29 35 39 40 70 71
 18 29 35 39 40 68 69 72
 18 29 35 39 40 68 69 70 71
 18 29 35 39 40 45 70
 18 29 35 39 40 45 68 69
 18 29 35 39 40 43 72
 18 29 35 39 40 43 70 71
 18 29 35 39 40 43 45
 18 28 58 74
 18 28 58 72
 18 28 58 72 73
 18 28 58 70 71
 18 28 58 65
 18 28 58 63 64
 18 28 47 58
 18 28 45 58
 18 28 38 58
 18 28 35 56 70 72
 18 28 35 56 70 71
 18 28 35 56 68 69 72
 18 28 35 56 68 69 70 71
 18 28 35 54 55 70 72
 18 28 35 54 55 70 71
 18 28 35 54 55 68 69 72
 18 28 35 54 55 68 69 70 71
 18 28 35 45 56 70
 18 28 35 45 56 68 69
 18 28 35 45 54 55 70
 18 28 35 45 54 55 68 69
 18 28 35 43 56 72
 18 28 35 43 56 70 71
 18 28 35 43 54 55 72
 18 28 35 43 54 55 70 71
 18 28 35 43 45 56
 18 28 35 43 45 54 55
 18 28 29 41 58 72
 18 28 29 41 58 70 72
 18 28 29 41 58 68 69 72
 18 28 29 41 58 68 69 70 71
 18 28 29 41 57 58 72
 18 28 29 41 57 58 70 72
 18 28 29 41 57 58 68 69 72
 18 28 29 41 57 58 68 69 70 71
 18 28 29 41 45 58
 18 28 29 41 45 58 70
 18 28 29 41 45 58 68 69
 18 28 29 41 45 57 58
 18 28 29 41 45 57 58 70
 18 28 29 41 45 57 58 68 69
 18 28 29 41 43 58 72
 18 28 29 41 43 58 70 71
 18 28 29 41 43 57 58 72
 18 28 29 41 43 57 58 70 71
 18 28 29 41 43 45 58
 18 28 29 41 43 45 57 58
 18 28 29 39 40 58 72
 18 28 29 39 40 58 70 72
 18 28 29 39 40 58 68 69 72
 18 28 29 39 40 58 68 69 70 71
 18 28 29 39 40 57 58 72
 18 28 29 39 40 57 58 70 72
 18 28 29 39 40 57 58 68 69 72
 18 28 29 39 40 57 58 68 69 70 71
 18 28 29 39 40 45 58
 18 28 29 39 40 45 58 70
 18 28 29 39 40 45 58 68 69
 18 28 29 39 40 45 57 58
 18 28 29 39 40 45 57 58 70
 18 28 29 39 40 45 57 58 68 69
 18 28 29 39 40 43 58 72
 18 28 29 39 40 43 58 70 71
 18 28 29 39 40 43 57 58 72
 18 28 29 39 40 43 57 58 70 71
 18 28 29 39 40 43 45 58
 18 28 29 39 40 43 45 57 58
 18 28 29 35 70 72
 18 28 29 35 70 71
 18 28 29 35 68 69 72
 18 28 29 35 68 69 70 71
 18 28 29 35 45 70
 18 28 29 35 45 68 69
 18 28 29 35 43 72
 18 28 29 35 43 70 71
 18 28 29 35 43 45
 18 26 58
 18 26 58 72 74
 18 26 58 72 73
 18 26 58 70
 18 26 58 70 71 74
 18 26 58 70 71 72 73
 18 26 58 68 69
 18 26 58 65 72
 18 26 58 65 70 71
 18 26 58 63 64 72
 18 26 58 63 64 70 71
 18 26 47 58 72
 18 26 47 58 70 71
 18 26 45 58 74
 18 26 45 58 72 73
 18 26 45 58 65
 18 26 45 58 63 64
 18 26 45 47 58
 18 26 43 58
 18 26 38 58 72
 18 26 38 58 70 71
 18 26 38 45 58
 18 26 27 58 74
 18 26 27 58 72
 18 26 27 58 72 73
 18 26 27 58 70 71
 18 26 27 58 65
 18 26 27 58 63 64
 18 26 27 47 58
 18 26 27 45 58
 18 26 27 38 58
 18 26 27 35 56 70 72
 18 26 27 35 56 70 71
 18 26 27 35 56 68 69 72
 18 26 27 35 56 68 69 70 71
 18 26 27 35 54 55 70 72
 18 26 27 35 54 55 70 71
 18 26 27 35 54 55 68 69 72
 18 26 27 35 54 55 68 69 70 71
 18 26 27 35 45 56 70
 18 26 27 35 45 56 68 69
 18 26 27 35 45 54 55 70
 18 26 27 35 45 54 55 68 69
 18 26 27 35 43 56 72
 18 26 27 35 43 56 70 71
 18 26 27 35 43 54 55 72
 18 26 27 35 43 54 55 70 71
 18 26 27 35 43 45 56
 18 26 27 35 43 45 54 55
 18 26 27 29 35 70 72
 18 26 27 29 35 70 71
 18 26 27 29 35 68 69 72
 18 26 27 29 35 68 69 70 71
 18 26 27 29 35 45 70
 18 26 27 29 35 45 68 69
 18 26 27 29 35 43 72
 18 26 27 29 35 43 70 71
 18 26 27 29 35 43 45
 18 24 25 58
 18 24 25 58 72 74
 18 24 25 58 72 73
 18 24 25 58 70
 18 24 25 58 70 71 74
 18 24 25 58 70 71 72 73
 18 24 25 58 68 69
 18 24 25 58 65 72
 18 24 25 58 65 70 71
 18 24 25 58 63 64 72
 18 24 25 58 63 64 70 71
 18 24 25 47 58 72
 18 24 25 47 58 70 71
 18 24 25 45 58 74
 18 24 25 45 58 72 73
 18 24 25 45 58 65
 18 24 25 45 58 63 64
 18 24 25 45 47 58
 18 24 25 43 58
 18 24 25 38 58 72
 18 24 25 38 58 70 71
 18 24 25 38 45 58
 17 43 72
 17 43 70 71
 17 43 45
 17 41 72
 17 41 70 71
 17 41 45
 17 41 42 72
 17 41 42 70 71
 17 41 42 45
 17 39 40 72
 17 39 40 70 71
 17 39 40 45
 17 35 41 58 72
 17 35 41 58 70 71
 17 35 41 45 58
 17 35 39 40 58 72
 17 35 39 40 58 70 71
 17 35 39 40 45 58
 17 28 72
 17 28 70 71
 17 28 45
 17 26 27 72
 17 26 27 70 71
 17 26 27 45
 16 59 72
 16 59 70 71
 16 56 72
 16 56 70 71
 16 47 56 58 72
 16 47 56 58 70 71
 16 47 54 55 58 72
 16 47 54 55 58 70 71
 16 45 59
 16 45 56
 16 45 56 58
 16 45 56 58 72
 16 45 56 58 70 71
 16 45 54 55 58
 16 45 54 55 58 72
 16 45 54 55 58 70 71
 16 45 47 56 58
 16 45 47 54 55 58
 16 45 46 56 58
 16 45 46 56 58 72
 16 45 46 56 58 70 71
 16 45 46 54 55 58
 16 45 46 54 55 58 72
 16 45 46 54 55 58 70 71
 16 43 44 56 58 72
 16 43 44 56 58 70 71
 16 43 44 54 55 58 72
 16 43 44 54 55 58 70 71
 16 43 44 45 56 58
 16 43 44 45 54 55 58
 16 35 58 60 72
 16 35 58 60 70 71
 16 35 45 58 60
 16 35 45 56 70
 16 35 45 56 70 72
 16 35 45 56 70 71
 16 35 45 56 68 69
 16 35 45 56 68 69 72
 16 35 45 56 68 69 70 71
 16 35 45 54 55 70
 16 35 45 54 55 70 72
 16 35 45 54 55 70 71
 16 35 45 54 55 68 69
 16 35 45 54 55 68 69 72
 16 35 45 54 55 68 69 70 71
 16 35 43 45 56
 16 35 43 45 56 72
 16 35 43 45 56 70 71
 16 35 43 45 54 55
 16 35 43 45 54 55 72
 16 35 43 45 54 55 70 71
 16 35 43 44 56 72
 16 35 43 44 56 70 72
 16 35 43 44 56 68 69 72
 16 35 43 44 56 68 69 70 71
 16 35 43 44 54 55 72
 16 35 43 44 54 55 70 72
 16 35 43 44 54 55 68 69 72
 16 35 43 44 54 55 68 69 70 71
 16 35 43 44 45 56
 16 35 43 44 45 56 70
 16 35 43 44 45 56 68 69
 16 35 43 44 45 54 55
 16 35 43 44 45 54 55 70
 16 35 43 44 45 54 55 68 69
 16 35 41 58 72
 16 35 41 58 70 71
 16 35 41 45 58
 16 35 39 40 58 72
 16 35 39 40 58 70 71
 16 35 39 40 45 58
 16 29 47 58 72
 16 29 47 58 70 71
 16 29 45 58
 16 29 45 58 72
 16 29 45 58 70 71
 16 29 45 47 58
 16 29 45 46 58
 16 29 45 46 58 72
 16 29 45 46 58 70 71
 16 29 43 44 58 72
 16 29 43 44 58 70 71
 16 29 43 44 45 58
 16 29 35 45 70
 16 29 35 45 70 72
 16 29 35 45 70 71
 16 29 35 45 68 69
 16 29 35 45 68 69 72
 16 29 35 45 68 69 70 71
 16 29 35 43 45
 16 29 35 43 45 72
 16 29 35 43 45 70 71
 16 29 35 43 44 72
 16 29 35 43 44 70 72
 16 29 35 43 44 68 69 72
 16 29 35 43 44 68 69 70 71
 16 29 35 43 44 45
 16 29 35 43 44 45 70
 16 29 35 43 44 45 68 69
 16 20 56 58 72
 16 20 56 58 70 71
 16 20 54 55 58 72
 16 20 54 55 58 70 71
 16 20 45 56 58
 16 20 45 54 55 58
 16 20 29 58 72
 16 20 29 58 70 71
 16 20 29 45 58
 16 18 56 58 72
 16 18 56 58 70 71
 16 18 54 55 58 72
 16 18 54 55 58 70 71
 16 18 45 56 58
 16 18 45 54 55 58
 16 18 35 56 70 72
 16 18 35 56 70 71
 16 18 35 56 68 69 72
 16 18 35 56 68 69 70 71
 16 18 35 54 55 70 72
 16 18 35 54 55 70 71
 16 18 35 54 55 68 69 72
 16 18 35 54 55 68 69 70 71
 16 18 35 45 56 70
 16 18 35 45 56 68 69
 16 18 35 45 54 55 70
 16 18 35 45 54 55 68 69
 16 18 35 43 56 72
 16 18 35 43 56 70 71
 16 18 35 43 54 55 72
 16 18 35 43 54 55 70 71
 16 18 35 43 45 56
 16 18 35 43 45 54 55
 16 18 29 58 72
 16 18 29 58 70 71
 16 18 29 45 58
 16 18 29 35 70 72
 16 18 29 35 70 71
 16 18 29 35 68 69 72
 16 18 29 35 68 69 70 71
 16 18 29 35 45 70
 16 18 29 35 45 68 69
 16 18 29 35 43 72
 16 18 29 35 43 70 71
 16 18 29 35 43 45
 16 17 72
 16 17 70 71
 16 17 45
 15 72
 15 70 71
 15 47 56 58 72
 15 47 56 58 70 71
 15 47 54 55 58 72
 15 47 54 55 58 70 71
 15 45
 15 45 47 56 58
 15 45 47 54 55 58
 15 45 46 56 58
 15 45 46 56 58 72
 15 45 46 56 58 70 71
 15 45 46 54 55 58
 15 45 46 54 55 58 72
 15 45 46 54 55 58 70 71
 15 42 58 72
 15 42 58 70 71
 15 42 45 58
 15 41 58 72
 15 41 58 70 71
 15 41 58 67 72
 15 41 58 67 70 71
 15 41 56 72
 15 41 56 70 71
 15 41 47 58
 15 41 47 58 72
 15 41 47 58 70 71
 15 41 47 56 58 70
 15 41 47 56 58 68 69
 15 41 47 54 55 58 70
 15 41 47 54 55 58 68 69
 15 41 45 58
 15 41 45 58 67
 15 41 45 56
 15 41 45 47 58
 15 41 45 46 58 72
 15 41 45 46 58 70 71
 15 41 45 46 56 58 70
 15 41 45 46 56 58 68 69
 15 41 45 46 54 55 58 70
 15 41 45 46 54 55 58 68 69
 15 41 43 47 56 58
 15 41 43 47 54 55 58
 15 41 43 45 46 56 58
 15 41 43 45 46 54 55 58
 15 40 41 58 72
 15 40 41 58 70 71
 15 40 41 45 58
 15 39 41 58 72
 15 39 41 58 70 71
 15 39 41 45 58
 15 39 40 58 72
 15 39 40 58 72
 15 39 40 58 70 71
 15 39 40 58 70 71
 15 39 40 58 67 72
 15 39 40 58 67 70 71
 15 39 40 56 72
 15 39 40 56 70 71
 15 39 40 47 58
 15 39 40 47 58 72
 15 39 40 47 58 70 71
 15 39 40 47 56 58 70
 15 39 40 47 56 58 68 69
 15 39 40 47 54 55 58 70
 15 39 40 47 54 55 58 68 69
 15 39 40 45 58
 15 39 40 45 58
 15 39 40 45 58 67
 15 39 40 45 56
 15 39 40 45 47 58
 15 39 40 45 46 58 72
 15 39 40 45 46 58 70 71
 15 39 40 45 46 56 58 70
 15 39 40 45 46 56 58 68 69
 15 39 40 45 46 54 55 58 70
 15 39 40 45 46 54 55 58 68 69
 15 39 40 43 47 56 58
 15 39 40 43 47 54 55 58
 15 39 40 43 45 46 56 58
 15 39 40 43 45 46 54 55 58
 15 38 41 58 72
 15 38 41 58 70 71
 15 38 41 45 58
 15 38 39 41 58 72
 15 38 39 41 58 70 71
 15 38 39 41 45 58
 15 36 37 41 58 72
 15 36 37 41 58 70 71
 15 36 37 41 45 58
 15 36 37 39 41 58 72
 15 36 37 39 41 58 70 71
 15 36 37 39 41 45 58
 15 36 37 38 41 58 72
 15 36 37 38 41 58 70 71
 15 36 37 38 41 45 58
 15 36 37 38 39 40 58 72
 15 36 37 38 39 40 58 70 71
 15 36 37 38 39 40 45 58
 15 35 58 72
 15 35 58 70 71
 15 35 58 60 72
 15 35 58 60 70 71
 15 35 45 58
 15 35 45 58 60
 15 35 41 58 72
 15 35 41 58 70 71
 15 35 41 56 72
 15 35 41 56 70 71
 15 35 41 45 58
 15 35 41 45 56
 15 35 39 40 58 72
 15 35 39 40 58 70 71
 15 35 39 40 56 72
 15 35 39 40 56 70 71
 15 35 39 40 45 58
 15 35 39 40 45 56
 15 30 41 45 58
 15 30 41 45 58 72
 15 30 41 45 58 70
 15 30 41 45 58 70 72
 15 30 41 45 58 68 69
 15 30 41 45 58 68 69 72
 15 30 41 45 58 68 69 70 71
 15 30 41 43 45 58
 15 30 41 43 45 58 72
 15 30 41 43 45 58 70 71
 15 30 41 43 44 58 70 72
 15 30 41 43 44 58 70 71
 15 30 41 43 44 58 68 69 72
 15 30 41 43 44 58 68 69 70 71
 15 30 41 43 44 45 58 70
 15 30 41 43 44 45 58 68 69
 15 30 39 40 45 58
 15 30 39 40 45 58 72
 15 30 39 40 45 58 70
 15 30 39 40 45 58 70 72
 15 30 39 40 45 58 68 69
 15 30 39 40 45 58 68 69 72
 15 30 39 40 45 58 68 69 70 71
 15 30 39 40 43 45 58
 15 30 39 40 43 45 58 72
 15 30 39 40 43 45 58 70 71
 15 30 39 40 43 44 58 70 72
 15 30 39 40 43 44 58 70 71
 15 30 39 40 43 44 58 68 69 72
 15 30 39 40 43 44 58 68 69 70 71
 15 30 39 40 43 44 45 58 70
 15 30 39 40 43 44 45 58 68 69
 15 29 47 58 72
 15 29 47 58 70 71
 15 29 45 47 58
 15 29 45 46 58
 15 29 45 46 58 72
 15 29 45 46 58 70 71
 15 29 41 47 58 70
 15 29 41 47 58 68 69
 15 29 41 45 46 58 70
 15 29 41 45 46 58 68 69
 15 29 41 43 47 58
 15 29 41 43 45 46 58
 15 29 39 40 47 58 70
 15 29 39 40 47 58 68 69
 15 29 39 40 45 46 58 70
 15 29 39 40 45 46 58 68 69
 15 29 39 40 43 47 58
 15 29 39 40 43 45 46 58
 15 28 35 58 60 62 72
 15 28 35 58 60 62 70 71
 15 28 35 45 58 60 62
 15 28 29 41 45 58
 15 28 29 41 45 58 72
 15 28 29 41 45 58 70
 15 28 29 41 45 58 70 72
 15 28 29 41 45 58 68 69
 15 28 29 41 45 58 68 69 72
 15 28 29 41 45 58 68 69 70 71
 15 28 29 41 43 45 58
 15 28 29 41 43 45 58 72
 15 28 29 41 43 45 58 70 71
 15 28 29 41 43 44 58 70 72
 15 28 29 41 43 44 58 70 71
 15 28 29 41 43 44 58 68 69 72
 15 28 29 41 43 44 58 68 69 70 71
 15 28 29 41 43 44 45 58 70
 15 28 29 41 43 44 45 58 68 69
 15 28 29 39 40 45 58
 15 28 29 39 40 45 58 72
 15 28 29 39 40 45 58 70
 15 28 29 39 40 45 58 70 72
 15 28 29 39 40 45 58 68 69
 15 28 29 39 40 45 58 68 69 72
 15 28 29 39 40 45 58 68 69 70 71
 15 28 29 39 40 43 45 58
 15 28 29 39 40 43 45 58 72
 15 28 29 39 40 43 45 58 70 71
 15 28 29 39 40 43 44 58 70 72
 15 28 29 39 40 43 44 58 70 71
 15 28 29 39 40 43 44 58 68 69 72
 15 28 29 39 40 43 44 58 68 69 70 71
 15 28 29 39 40 43 44 45 58 70
 15 28 29 39 40 43 44 45 58 68 69
 15 27 58 72
 15 27 58 70 71
 15 27 45 58
 15 26 27 35 58 60 62 72
 15 26 27 35 58 60 62 70 71
 15 26 27 35 45 58 60 62
 15 25 41 58 72
 15 25 41 58 70 71
 15 25 41 45 58
 15 25 39 40 58 72
 15 25 39 40 58 70 71
 15 25 39 40 45 58
 15 25 26 58 72
 15 25 26 58 70 71
 15 25 26 45 58
 15 23 24 41 58 72
 15 23 24 41 58 70 71
 15 23 24 41 45 58
 15 23 24 39 40 58 72
 15 23 24 39 40 58 70 71
 15 23 24 39 40 45 58
 15 20 56 58 72
 15 20 56 58 70 71
 15 20 54 55 58 72
 15 20 54 55 58 70 71
 15 20 45 56 58
 15 20 45 54 55 58
 15 20 41 58
 15 20 41 58 72
 15 20 41 58 70 71
 15 20 41 56 58 70
 15 20 41 56 58 68 69
 15 20 41 54 55 58 70
 15 20 41 54 55 58 68 69
 15 20 41 45 58
 15 20 41 43 56 58
 15 20 41 43 54 55 58
 15 20 39 40 58
 15 20 39 40 58 72
 15 20 39 40 58 70 71
 15 20 39 40 56 58 70
 15 20 39 40 56 58 68 69
 15 20 39 40 54 55 58 70
 15 20 39 40 54 55 58 68 69
 15 20 39 40 45 58
 15 20 39 40 43 56 58
 15 20 39 40 43 54 55 58
 15 20 29 58 72
 15 20 29 58 70 71
 15 20 29 45 58
 15 20 29 41 58 70
 15 20 29 41 58 68 69
 15 20 29 41 43 58
 15 20 29 39 40 58 70
 15 20 29 39 40 58 68 69
 15 20 29 39 40 43 58
 15 18 30 41 58 72
 15 18 30 41 58 70 72
 15 18 30 41 58 68 69 72
 15 18 30 41 58 68 69 70 71
 15 18 30 41 45 58
 15 18 30 41 45 58 70
 15 18 30 41 45 58 68 69
 15 18 30 41 43 58 72
 15 18 30 41 43 58 70 71
 15 18 30 41 43 45 58
 15 18 30 39 40 58 72
 15 18 30 39 40 58 70 72
 15 18 30 39 40 58 68 69 72
 15 18 30 39 40 58 68 69 70 71
 15 18 30 39 40 45 58
 15 18 30 39 40 45 58 70
 15 18 30 39 40 45 58 68 69
 15 18 30 39 40 43 58 72
 15 18 30 39 40 43 58 70 71
 15 18 30 39 40 43 45 58
 15 18 28 29 41 58 72
 15 18 28 29 41 58 70 72
 15 18 28 29 41 58 68 69 72
 15 18 28 29 41 58 68 69 70 71
 15 18 28 29 41 45 58
 15 18 28 29 41 45 58 70
 15 18 28 29 41 45 58 68 69
 15 18 28 29 41 43 58 72
 15 18 28 29 41 43 58 70 71
 15 18 28 29 41 43 45 58
 15 18 28 29 39 40 58 72
 15 18 28 29 39 40 58 70 72
 15 18 28 29 39 40 58 68 69 72
 15 18 28 29 39 40 58 68 69 70 71
 15 18 28 29 39 40 45 58
 15 18 28 29 39 40 45 58 70
 15 18 28 29 39 40 45 58 68 69
 15 18 28 29 39 40 43 58 72
 15 18 28 29 39 40 43 58 70 71
 15 18 28 29 39 40 43 45 58
 15 16 72
 15 16 70 71
 15 16 45
 15 16 43 72
 15 16 43 70 71
 15 16 43 45
 15 16 41 72
 15 16 41 70 71
 15 16 41 45
 15 16 41 42 72
 15 16 41 42 70 71
 15 16 41 42 45
 15 16 39 40 72
 15 16 39 40 70 71
 15 16 39 40 45
 15 16 35 41 58 72
 15 16 35 41 58 70 71
 15 16 35 41 45 58
 15 16 35 39 40 58 72
 15 16 35 39 40 58 70 71
 15 16 35 39 40 45 58
 15 16 28 72
 15 16 28 70 71
 15 16 28 45
 15 16 26 27 72
 15 16 26 27 70 71
 15 16 26 27 45
 14 59 72
 14 59 70 71
 14 58 72
 14 58 70 71
 14 57 58 72
 14 57 58 70 71
 14 57 58 67 72
 14 57 58 67 70 71
 14 56 57 72
 14 56 57 70 71
 14 47 58 72
 14 47 58 70 71
 14 47 57 58
 14 47 57 58 72
 14 47 57 58 70 71
 14 47 56 57 58 72
 14 47 56 57 58 70
 14 47 56 57 58 70 71
 14 47 56 57 58 68 69
 14 47 54 55 58 72
 14 47 54 55 58 70 71
 14 47 54 55 57 58 72
 14 47 54 55 57 58 70
 14 47 54 55 57 58 70 71
 14 47 54 55 57 58 68 69
 14 47 54 55 56 58 72
 14 47 54 55 56 58 70 71
 14 45 70
 14 45 70 72
 14 45 70 71
 14 45 68 69
 14 45 68 69 72
 14 45 68 69 70 71
 14 45 59
 14 45 58
 14 45 57 58
 14 45 57 58 67
 14 45 56 58
 14 45 56 58 72
 14 45 56 58 70 71
 14 45 56 57
 14 45 54 55 58
 14 45 54 55 58 72
 14 45 54 55 58 70 71
 14 45 47 58
 14 45 47 57 58
 14 45 47 56 57 58
 14 45 47 54 55 58
 14 45 47 54 55 57 58
 14 45 47 54 55 56 58
 14 45 46 58
 14 45 46 58 72
 14 45 46 58 70 71
 14 45 46 57 58 72
 14 45 46 57 58 70 71
 14 45 46 56 57 58
 14 45 46 56 57 58 72
 14 45 46 56 57 58 70
 14 45 46 56 57 58 70 71
 14 45 46 56 57 58 68 69
 14 45 46 54 55 58
 14 45 46 54 55 58 72
 14 45 46 54 55 58 70 71
 14 45 46 54 55 57 58
 14 45 46 54 55 57 58 72
 14 45 46 54 55 57 58 70
 14 45 46 54 55 57 58 70 71
 14 45 46 54 55 57 58 68 69
 14 45 46 54 55 56 58
 14 45 46 54 55 56 58 72
 14 45 46 54 55 56 58 70 71
 14 43 47 56 57 58
 14 43 47 54 55 57 58
 14 43 45
 14 43 45 72
 14 43 45 70 71
 14 43 45 46 56 57 58
 14 43 45 46 54 55 57 58
 14 43 44 72
 14 43 44 70 72
 14 43 44 68 69 72
 14 43 44 68 69 70 71
 14 43 44 56 58 72
 14 43 44 56 58 70 71
 14 43 44 54 55 58 72
 14 43 44 54 55 58 70 71
 14 43 44 45
 14 43 44 45 70
 14 43 44 45 68 69
 14 43 44 45 56 58
 14 43 44 45 54 55 58
 14 39 57 58 72
 14 39 57 58 70 71
 14 39 45 57 58
 14 38 57 58 72
 14 38 57 58 70 71
 14 38 45 57 58
 14 38 39 57 58 72
 14 38 39 57 58 70 71
 14 38 39 45 57 58
 14 36 37 57 58 72
 14 36 37 57 58 70 71
 14 36 37 45 57 58
 14 36 37 39 57 58 72
 14 36 37 39 57 58 70 71
 14 36 37 39 45 57 58
 14 36 37 38 57 58 72
 14 36 37 38 57 58 70 71
 14 36 37 38 45 57 58
 14 35 58 72
 14 35 58 70 71
 14 35 58 60 64 72
 14 35 58 60 64 70 71
 14 35 58 59 72
 14 35 58 59 70 71
 14 35 57 58 72
 14 35 57 58 70 71
 14 35 56 72
 14 35 56 70 71
 14 35 56 57 72
 14 35 56 57 70 71
 14 35 55 58 60 72
 14 35 55 58 60 70 71
 14 35 45 60 70
 14 35 45 60 70 72
 14 35 45 60 70 71
 14 35 45 60 68 69
 14 35 45 60 68 69 72
 14 35 45 60 68 69 70 71
 14 35 45 58
 14 35 45 58 70
 14 35 45 58 70 72
 14 35 45 58 70 71
 14 35 45 58 68 69
 14 35 45 58 68 69 72
 14 35 45 58 68 69 70 71
 14 35 45 58 60
 14 35 45 58 60 72
 14 35 45 58 60 70 71
 14 35 45 58 60 64
 14 35 45 58 59
 14 35 45 57 58
 14 35 45 56
 14 35 45 56 70
 14 35 45 56 70 72
 14 35 45 56 70 71
 14 35 45 56 68 69
 14 35 45 56 68 69 72
 14 35 45 56 68 69 70 71
 14 35 45 56 57
 14 35 45 55 58 60
 14 35 45 54 55 70
 14 35 45 54 55 70 72
 14 35 45 54 55 70 71
 14 35 45 54 55 68 69
 14 35 45 54 55 68 69 72
 14 35 45 54 55 68 69 70 71
 14 35 43 58 72
 14 35 43 58 70 71
 14 35 43 45 60
 14 35 43 45 60 72
 14 35 43 45 60 70 71
 14 35 43 45 58 72
 14 35 43 45 58 70 71
 14 35 43 45 56
 14 35 43 45 56 72
 14 35 43 45 56 70 71
 14 35 43 45 54 55
 14 35 43 45 54 55 72
 14 35 43 45 54 55 70 71
 14 35 43 44 60 72
 14 35 43 44 60 70 72
 14 35 43 44 60 68 69 72
 14 35 43 44 60 68 69 70 71
 14 35 43 44 58 72
 14 35 43 44 58 70 72
 14 35 43 44 58 68 69 72
 14 35 43 44 58 68 69 70 71
 14 35 43 44 58 60 72
 14 35 43 44 58 60 70 71
 14 35 43 44 56 72
 14 35 43 44 56 70 72
 14 35 43 44 56 68 69 72
 14 35 43 44 56 68 69 70 71
 14 35 43 44 54 55 72
 14 35 43 44 54 55 70 72
 14 35 43 44 54 55 68 69 72
 14 35 43 44 54 55 68 69 70 71
 14 35 43 44 45 60
 14 35 43 44 45 60 70
 14 35 43 44 45 60 68 69
 14 35 43 44 45 58
 14 35 43 44 45 58 70
 14 35 43 44 45 58 68 69
 14 35 43 44 45 58 60
 14 35 43 44 45 56
 14 35 43 44 45 56 70
 14 35 43 44 45 56 68 69
 14 35 43 44 45 54 55
 14 35 43 44 45 54 55 70
 14 35 43 44 45 54 55 68 69
 14 35 41 42 58 72
 14 35 41 42 58 70 71
 14 35 41 42 45 58
 14 30 45 58
 14 30 45 58 72
 14 30 45 58 70
 14 30 45 58 70 72
 14 30 45 58 68 69
 14 30 45 58 68 69 72
 14 30 45 58 68 69 70 71
 14 30 45 57 58
 14 30 45 57 58 72
 14 30 45 57 58 70
 14 30 45 57 58 70 72
 14 30 45 57 58 68 69
 14 30 45 57 58 68 69 72
 14 30 45 57 58 68 69 70 71
 14 30 43 45 58
 14 30 43 45 58 72
 14 30 43 45 58 70 71
 14 30 43 45 57 58
 14 30 43 45 57 58 72
 14 30 43 45 57 58 70 71
 14 30 43 44 58 70 72
 14 30 43 44 58 70 71
 14 30 43 44 58 68 69 72
 14 30 43 44 58 68 69 70 71
 14 30 43 44 57 58 70 72
 14 30 43 44 57 58 70 71
 14 30 43 44 57 58 68 69 72
 14 30 43 44 57 58 68 69 70 71
 14 30 43 44 45 58 70
 14 30 43 44 45 58 68 69
 14 30 43 44 45 57 58 70
 14 30 43 44 45 57 58 68 69
 14 29 47 58 72
 14 29 47 58 70 71
 14 29 47 57 58 72
 14 29 47 57 58 70
 14 29 47 57 58 70 71
 14 29 47 57 58 68 69
 14 29 47 56 58 72
 14 29 47 56 58 70 71
 14 29 45 58
 14 29 45 58 72
 14 29 45 58 70 71
 14 29 45 47 58
 14 29 45 47 57 58
 14 29 45 47 56 58
 14 29 45 46 58
 14 29 45 46 58 72
 14 29 45 46 58 70 71
 14 29 45 46 57 58
 14 29 45 46 57 58 72
 14 29 45 46 57 58 70
 14 29 45 46 57 58 70 71
 14 29 45 46 57 58 68 69
 14 29 45 46 56 58
 14 29 45 46 56 58 72
 14 29 45 46 56 58 70 71
 14 29 43 47 57 58
 14 29 43 45 46 57 58
 14 29 43 44 58 72
 14 29 43 44 58 70 71
 14 29 43 44 45 58
 14 29 35 45 70
 14 29 35 45 70 72
 14 29 35 45 70 71
 14 29 35 45 68 69
 14 29 35 45 68 69 72
 14 29 35 45 68 69 70 71
 14 29 35 43 45
 14 29 35 43 45 72
 14 29 35 43 45 70 71
 14 29 35 43 44 72
 14 29 35 43 44 70 72
 14 29 35 43 44 68 69 72
 14 29 35 43 44 68 69 70 71
 14 29 35 43 44 45
 14 29 35 43 44 45 70
 14 29 35 43 44 45 68 69
 14 28 58 72
 14 28 58 70 71
 14 28 56 70
 14 28 56 68 69
 14 28 45 58
 14 28 43 56
 14 28 35 58 72
 14 28 35 58 70 71
 14 28 35 56 72
 14 28 35 56 70 71
 14 28 35 45 58
 14 28 35 45 56
 14 28 29 45 58
 14 28 29 45 58 72
 14 28 29 45 58 70
 14 28 29 45 58 70 72
 14 28 29 45 58 68 69
 14 28 29 45 58 68 69 72
 14 28 29 45 58 68 69 70 71
 14 28 29 45 57 58
 14 28 29 45 57 58 72
 14 28 29 45 57 58 70
 14 28 29 45 57 58 70 72
 14 28 29 45 57 58 68 69
 14 28 29 45 57 58 68 69 72
 14 28 29 45 57 58 68 69 70 71
 14 28 29 43 45 58
 14 28 29 43 45 58 72
 14 28 29 43 45 58 70 71
 14 28 29 43 45 57 58
 14 28 29 43 45 57 58 72
 14 28 29 43 45 57 58 70 71
 14 28 29 43 44 58 70 72
 14 28 29 43 44 58 70 71
 14 28 29 43 44 58 68 69 72
 14 28 29 43 44 58 68 69 70 71
 14 28 29 43 44 57 58 70 72
 14 28 29 43 44 57 58 70 71
 14 28 29 43 44 57 58 68 69 72
 14 28 29 43 44 57 58 68 69 70 71
 14 28 29 43 44 45 58 70
 14 28 29 43 44 45 58 68 69
 14 28 29 43 44 45 57 58 70
 14 28 29 43 44 45 57 58 68 69
 14 26 27 58 72
 14 26 27 58 70 71
 14 26 27 56 70
 14 26 27 56 68 69
 14 26 27 45 58
 14 26 27 43 56
 14 26 27 35 58 72
 14 26 27 35 58 70 71
 14 26 27 35 56 72
 14 26 27 35 56 70 71
 14 26 27 35 45 58
 14 26 27 35 45 56
 14 25 57 58 72
 14 25 57 58 70 71
 14 25 45 57 58
 14 23 24 57 58 72
 14 23 24 57 58 70 71
 14 23 24 45 57 58
 14 20 58 72
 14 20 58 70 71
 14 20 57 58
 14 20 57 58 72
 14 20 57 58 70 71
 14 20 56 57 58 72
 14 20 56 57 58 70
 14 20 56 57 58 70 71
 14 20 56 57 58 68 69
 14 20 54 55 58 72
 14 20 54 55 58 70 71
 14 20 54 55 57 58 72
 14 20 54 55 57 58 70
 14 20 54 55 57 58 70 71
 14 20 54 55 57 58 68 69
 14 20 54 55 56 58 72
 14 20 54 55 56 58 70 71
 14 20 45 58
 14 20 45 57 58
 14 20 45 56 57 58
 14 20 45 54 55 58
 14 20 45 54 55 57 58
 14 20 45 54 55 56 58
 14 20 43 56 57 58
 14 20 43 54 55 57 58
 14 20 29 58 72
 14 20 29 58 70 71
 14 20 29 57 58 72
 14 20 29 57 58 70
 14 20 29 57 58 70 71
 14 20 29 57 58 68 69
 14 20 29 56 58 72
 14 20 29 56 58 70 71
 14 20 29 45 58
 14 20 29 45 57 58
 14 20 29 45 56 58
 14 20 29 43 57 58
 14 18 70 72
 14 18 70 71
 14 18 68 69 72
 14 18 68 69 70 71
 14 18 56 58 72
 14 18 56 58 70 71
 14 18 54 55 58 72
 14 18 54 55 58 70 71
 14 18 45 70
 14 18 45 68 69
 14 18 45 56 58
 14 18 45 54 55 58
 14 18 43 72
 14 18 43 70 71
 14 18 43 45
 14 18 35 60 70 72
 14 18 35 60 70 71
 14 18 35 60 68 69 72
 14 18 35 60 68 69 70 71
 14 18 35 58 70 72
 14 18 35 58 70 71
 14 18 35 58 68 69 72
 14 18 35 58 68 69 70 71
 14 18 35 58 60 72
 14 18 35 58 60 70 71
 14 18 35 56 70 72
 14 18 35 56 70 71
 14 18 35 56 68 69 72
 14 18 35 56 68 69 70 71
 14 18 35 54 55 70 72
 14 18 35 54 55 70 71
 14 18 35 54 55 68 69 72
 14 18 35 54 55 68 69 70 71
 14 18 35 45 60 70
 14 18 35 45 60 68 69
 14 18 35 45 58 70
 14 18 35 45 58 68 69
 14 18 35 45 58 60
 14 18 35 45 56 70
 14 18 35 45 56 68 69
 14 18 35 45 54 55 70
 14 18 35 45 54 55 68 69
 14 18 35 43 60 72
 14 18 35 43 60 70 71
 14 18 35 43 58 72
 14 18 35 43 58 70 71
 14 18 35 43 56 72
 14 18 35 43 56 70 71
 14 18 35 43 54 55 72
 14 18 35 43 54 55 70 71
 14 18 35 43 45 60
 14 18 35 43 45 58
 14 18 35 43 45 56
 14 18 35 43 45 54 55
 14 18 30 58 72
 14 18 30 58 70 72
 14 18 30 58 68 69 72
 14 18 30 58 68 69 70 71
 14 18 30 57 58 72
 14 18 30 57 58 70 72
 14 18 30 57 58 68 69 72
 14 18 30 57 58 68 69 70 71
 14 18 30 45 58
 14 18 30 45 58 70
 14 18 30 45 58 68 69
 14 18 30 45 57 58
 14 18 30 45 57 58 70
 14 18 30 45 57 58 68 69
 14 18 30 43 58 72
 14 18 30 43 58 70 71
 14 18 30 43 57 58 72
 14 18 30 43 57 58 70 71
 14 18 30 43 45 58
 14 18 30 43 45 57 58
 14 18 29 58 72
 14 18 29 58 70 71
 14 18 29 45 58
 14 18 29 35 70 72
 14 18 29 35 70 71
 14 18 29 35 68 69 72
 14 18 29 35 68 69 70 71
 14 18 29 35 45 70
 14 18 29 35 45 68 69
 14 18 29 35 43 72
 14 18 29 35 43 70 71
 14 18 29 35 43 45
 14 18 28 29 58 72
 14 18 28 29 58 70 72
 14 18 28 29 58 68 69 72
 14 18 28 29 58 68 69 70 71
 14 18 28 29 57 58 72
 14 18 28 29 57 58 70 72
 14 18 28 29 57 58 68 69 72
 14 18 28 29 57 58 68 69 70 71
 14 18 28 29 45 58
 14 18 28 29 45 58 70
 14 18 28 29 45 58 68 69
 14 18 28 29 45 57 58
 14 18 28 29 45 57 58 70
 14 18 28 29 45 57 58 68 69
 14 18 28 29 43 58 72
 14 18 28 29 43 58 70 71
 14 18 28 29 43 57 58 72
 14 18 28 29 43 57 58 70 71
 14 18 28 29 43 45 58
 14 18 28 29 43 45 57 58
 14 17 72
 14 17 70 71
 14 17 45
 14 17 35 58 72
 14 17 35 58 70 71
 14 17 35 45 58
 14 16 35 58 72
 14 16 35 58 70 71
 14 16 35 45 58
 14 15 58 72
 14 15 58 70 71
 14 15 58 67 72
 14 15 58 67 70 71
 14 15 56 72
 14 15 56 70 71
 14 15 47 58
 14 15 47 58 72
 14 15 47 58 70 71
 14 15 47 56 58 70
 14 15 47 56 58 68 69
 14 15 47 54 55 58 70
 14 15 47 54 55 58 68 69
 14 15 45 58
 14 15 45 58 67
 14 15 45 56
 14 15 45 47 58
 14 15 45 46 58 72
 14 15 45 46 58 70 71
 14 15 45 46 56 58 70
 14 15 45 46 56 58 68 69
 14 15 45 46 54 55 58 70
 14 15 45 46 54 55 58 68 69
 14 15 43 47 56 58
 14 15 43 47 54 55 58
 14 15 43 45 46 56 58
 14 15 43 45 46 54 55 58
 14 15 39 58 72
 14 15 39 58 70 71
 14 15 39 45 58
 14 15 38 58 72
 14 15 38 58 70 71
 14 15 38 45 58
 14 15 38 39 58 72
 14 15 38 39 58 70 71
 14 15 38 39 45 58
 14 15 36 37 58 72
 14 15 36 37 58 70 71
 14 15 36 37 45 58
 14 15 36 37 39 58 72
 14 15 36 37 39 58 70 71
 14 15 36 37 39 45 58
 14 15 36 37 38 58 72
 14 15 36 37 38 58 70 71
 14 15 36 37 38 45 58
 14 15 35 58 72
 14 15 35 58 70 71
 14 15 35 56 72
 14 15 35 56 70 71
 14 15 35 45 58
 14 15 35 45 56
 14 15 30 45 58
 14 15 30 45 58 72
 14 15 30 45 58 70
 14 15 30 45 58 70 72
 14 15 30 45 58 68 69
 14 15 30 45 58 68 69 72
 14 15 30 45 58 68 69 70 71
 14 15 30 43 45 58
 14 15 30 43 45 58 72
 14 15 30 43 45 58 70 71
 14 15 30 43 44 58 70 72
 14 15 30 43 44 58 70 71
 14 15 30 43 44 58 68 69 72
 14 15 30 43 44 58 68 69 70 71
 14 15 30 43 44 45 58 70
 14 15 30 43 44 45 58 68 69
 14 15 29 47 58 70
 14 15 29 47 58 68 69
 14 15 29 45 46 58 70
 14 15 29 45 46 58 68 69
 14 15 29 43 47 58
 14 15 29 43 45 46 58
 14 15 28 29 45 58
 14 15 28 29 45 58 72
 14 15 28 29 45 58 70
 14 15 28 29 45 58 70 72
 14 15 28 29 45 58 68 69
 14 15 28 29 45 58 68 69 72
 14 15 28 29 45 58 68 69 70 71
 14 15 28 29 43 45 58
 14 15 28 29 43 45 58 72
 14 15 28 29 43 45 58 70 71
 14 15 28 29 43 44 58 70 72
 14 15 28 29 43 44 58 70 71
 14 15 28 29 43 44 58 68 69 72
 14 15 28 29 43 44 58 68 69 70 71
 14 15 28 29 43 44 45 58 70
 14 15 28 29 43 44 45 58 68 69
 14 15 25 58 72
 14 15 25 58 70 71
 14 15 25 45 58
 14 15 23 24 58 72
 14 15 23 24 58 70 71
 14 15 23 24 45 58
 14 15 20 58
 14 15 20 58 72
 14 15 20 58 70 71
 14 15 20 56 58 70
 14 15 20 56 58 68 69
 14 15 20 54 55 58 70
 14 15 20 54 55 58 68 69
 14 15 20 45 58
 14 15 20 43 56 58
 14 15 20 43 54 55 58
 14 15 20 29 58 70
 14 15 20 29 58 68 69
 14 15 20 29 43 58
 14 15 18 30 58 72
 14 15 18 30 58 70 72
 14 15 18 30 58 68 69 72
 14 15 18 30 58 68 69 70 71
 14 15 18 30 45 58
 14 15 18 30 45 58 70
 14 15 18 30 45 58 68 69
 14 15 18 30 43 58 72
 14 15 18 30 43 58 70 71
 14 15 18 30 43 45 58
 14 15 18 28 29 58 72
 14 15 18 28 29 58 70 72
 14 15 18 28 29 58 68 69 72
 14 15 18 28 29 58 68 69 70 71
 14 15 18 28 29 45 58
 14 15 18 28 29 45 58 70
 14 15 18 28 29 45 58 68 69
 14 15 18 28 29 43 58 72
 14 15 18 28 29 43 58 70 71
 14 15 18 28 29 43 45 58
 14 15 16 72
 14 15 16 70 71
 14 15 16 45
 14 15 16 35 58 72
 14 15 16 35 58 70 71
 14 15 16 35 45 58
 13 41 58 72
 13 41 58 70 71
 13 41 57 58 72
 13 41 57 58 70 71
 13 41 45 58
 13 41 45 57 58
 13 39 40 58 72
 13 39 40 58 70 71
 13 39 40 57 58 72
 13 39 40 57 58 70 71
 13 39 40 45 58
 13 39 40 45 57 58
 13 35 41 58 60 72
 13 35 41 58 60 70 71
 13 35 41 45 58 60
 13 35 39 40 58 60 72
 13 35 39 40 58 60 70 71
 13 35 39 40 45 58 60
 13 15 41 58 72
 13 15 41 58 70 71
 13 15 41 45 58
 13 15 39 40 58 72
 13 15 39 40 58 70 71
 13 15 39 40 45 58
 13 14 72
 13 14 70 71
 13 14 58 72
 13 14 58 72
 13 14 58 70 71
 13 14 58 70 71
 13 14 58 67 72
 13 14 58 67 70 71
 13 14 57 58 72
 13 14 57 58 70 71
 13 14 56 72
 13 14 56 70 71
 13 14 47 58
 13 14 47 58 72
 13 14 47 58 70 71
 13 14 47 56 58 70
 13 14 47 56 58 68 69
 13 14 47 54 55 58 70
 13 14 47 54 55 58 68 69
 13 14 45
 13 14 45 58
 13 14 45 58
 13 14 45 58 67
 13 14 45 57 58
 13 14 45 56
 13 14 45 47 58
 13 14 45 46 58 72
 13 14 45 46 58 70 71
 13 14 45 46 56 58 70
 13 14 45 46 56 58 68 69
 13 14 45 46 54 55 58 70
 13 14 45 46 54 55 58 68 69
 13 14 43 47 56 58
 13 14 43 47 54 55 58
 13 14 43 45 46 56 58
 13 14 43 45 46 54 55 58
 13 14 42 58 72
 13 14 42 58 70 71
 13 14 42 45 58
 13 14 41 58 72
 13 14 41 58 72
 13 14 41 58 70 71
 13 14 41 58 70 71
 13 14 41 58 67 72
 13 14 41 58 67 70 71
 13 14 41 56 72
 13 14 41 56 70 71
 13 14 41 47 58
 13 14 41 47 58 72
 13 14 41 47 58 70 71
 13 14 41 47 56 58 72
 13 14 41 47 56 58 70
 13 14 41 47 56 58 70 71
 13 14 41 47 56 58 68 69
 13 14 41 47 54 55 58 72
 13 14 41 47 54 55 58 70
 13 14 41 47 54 55 58 70 71
 13 14 41 47 54 55 58 68 69
 13 14 41 45 58
 13 14 41 45 58
 13 14 41 45 58 67
 13 14 41 45 56
 13 14 41 45 47 58
 13 14 41 45 47 56 58
 13 14 41 45 47 54 55 58
 13 14 41 45 46 58 72
 13 14 41 45 46 58 70 71
 13 14 41 45 46 56 58
 13 14 41 45 46 56 58 72
 13 14 41 45 46 56 58 70
 13 14 41 45 46 56 58 70 71
 13 14 41 45 46 56 58 68 69
 13 14 41 45 46 54 55 58
 13 14 41 45 46 54 55 58 72
 13 14 41 45 46 54 55 58 70
 13 14 41 45 46 54 55 58 70 71
 13 14 41 45 46 54 55 58 68 69
 13 14 41 43 47 56 58
 13 14 41 43 47 54 55 58
 13 14 41 43 45 46 56 58
 13 14 41 43 45 46 54 55 58
 13 14 40 41 58 72
 13 14 40 41 58 70 71
 13 14 40 41 45 58
 13 14 39 58 72
 13 14 39 58 70 71
 13 14 39 45 58
 13 14 39 41 58 72
 13 14 39 41 58 70 71
 13 14 39 41 45 58
 13 14 39 40 58 72
 13 14 39 40 58 70 71
 13 14 39 40 58 67 72
 13 14 39 40 58 67 70 71
 13 14 39 40 56 72
 13 14 39 40 56 70 71
 13 14 39 40 47 58
 13 14 39 40 47 58 72
 13 14 39 40 47 58 70 71
 13 14 39 40 47 56 58 72
 13 14 39 40 47 56 58 70
 13 14 39 40 47 56 58 70 71
 13 14 39 40 47 56 58 68 69
 13 14 39 40 47 54 55 58 72
 13 14 39 40 47 54 55 58 70
 13 14 39 40 47 54 55 58 70 71
 13 14 39 40 47 54 55 58 68 69
 13 14 39 40 45 58
 13 14 39 40 45 58 67
 13 14 39 40 45 56
 13 14 39 40 45 47 58
 13 14 39 40 45 47 56 58
 13 14 39 40 45 47 54 55 58
 13 14 39 40 45 46 58 72
 13 14 39 40 45 46 58 70 71
 13 14 39 40 45 46 56 58
 13 14 39 40 45 46 56 58 72
 13 14 39 40 45 46 56 58 70
 13 14 39 40 45 46 56 58 70 71
 13 14 39 40 45 46 56 58 68 69
 13 14 39 40 45 46 54 55 58
 13 14 39 40 45 46 54 55 58 72
 13 14 39 40 45 46 54 55 58 70
 13 14 39 40 45 46 54 55 58 70 71
 13 14 39 40 45 46 54 55 58 68 69
 13 14 39 40 43 47 56 58
 13 14 39 40 43 47 54 55 58
 13 14 39 40 43 45 46 56 58
 13 14 39 40 43 45 46 54 55 58
 13 14 38 58 72
 13 14 38 58 70 71
 13 14 38 45 58
 13 14 38 41 58 72
 13 14 38 41 58 70 71
 13 14 38 41 45 58
 13 14 38 39 58 72
 13 14 38 39 58 70 71
 13 14 38 39 45 58
 13 14 38 39 41 58 72
 13 14 38 39 41 58 70 71
 13 14 38 39 41 45 58
 13 14 36 37 58 72
 13 14 36 37 58 70 71
 13 14 36 37 45 58
 13 14 36 37 41 58 72
 13 14 36 37 41 58 70 71
 13 14 36 37 41 45 58
 13 14 36 37 39 58 72
 13 14 36 37 39 58 70 71
 13 14 36 37 39 45 58
 13 14 36 37 39 41 58 72
 13 14 36 37 39 41 58 70 71
 13 14 36 37 39 41 45 58
 13 14 36 37 38 58 72
 13 14 36 37 38 58 70 71
 13 14 36 37 38 45 58
 13 14 36 37 38 41 58 72
 13 14 36 37 38 41 58 70 71
 13 14 36 37 38 41 45 58
 13 14 36 37 38 39 40 58 72
 13 14 36 37 38 39 40 58 70 71
 13 14 36 37 38 39 40 45 58
 13 14 35 56 72
 13 14 35 56 70 71
 13 14 35 45 56
 13 14 35 41 58 72
 13 14 35 41 58 70 71
 13 14 35 41 56 72
 13 14 35 41 56 70 71
 13 14 35 41 45 58
 13 14 35 41 45 56
 13 14 35 39 40 58 72
 13 14 35 39 40 58 70 71
 13 14 35 39 40 56 72
 13 14 35 39 40 56 70 71
 13 14 35 39 40 45 58
 13 14 35 39 40 45 56
 13 14 30 45 58
 13 14 30 45 58 72
 13 14 30 45 58 70
 13 14 30 45 58 70 72
 13 14 30 45 58 68 69
 13 14 30 45 58 68 69 72
 13 14 30 45 58 68 69 70 71
 13 14 30 43 45 58
 13 14 30 43 45 58 72
 13 14 30 43 45 58 70 71
 13 14 30 43 44 58 70 72
 13 14 30 43 44 58 70 71
 13 14 30 43 44 58 68 69 72
 13 14 30 43 44 58 68 69 70 71
 13 14 30 43 44 45 58 70
 13 14 30 43 44 45 58 68 69
 13 14 30 41 45 58
 13 14 30 41 45 58 72
 13 14 30 41 45 58 70
 13 14 30 41 45 58 70 72
 13 14 30 41 45 58 68 69
 13 14 30 41 45 58 68 69 72
 13 14 30 41 45 58 68 69 70 71
 13 14 30 41 43 45 58
 13 14 30 41 43 45 58 72
 13 14 30 41 43 45 58 70 71
 13 14 30 41 43 44 58 70 72
 13 14 30 41 43 44 58 70 71
 13 14 30 41 43 44 58 68 69 72
 13 14 30 41 43 44 58 68 69 70 71
 13 14 30 41 43 44 45 58 70
 13 14 30 41 43 44 45 58 68 69
 13 14 30 39 40 45 58
 13 14 30 39 40 45 58 72
 13 14 30 39 40 45 58 70
 13 14 30 39 40 45 58 70 72
 13 14 30 39 40 45 58 68 69
 13 14 30 39 40 45 58 68 69 72
 13 14 30 39 40 45 58 68 69 70 71
 13 14 30 39 40 43 45 58
 13 14 30 39 40 43 45 58 72
 13 14 30 39 40 43 45 58 70 71
 13 14 30 39 40 43 44 58 70 72
 13 14 30 39 40 43 44 58 70 71
 13 14 30 39 40 43 44 58 68 69 72
 13 14 30 39 40 43 44 58 68 69 70 71
 13 14 30 39 40 43 44 45 58 70
 13 14 30 39 40 43 44 45 58 68 69
 13 14 29 47 58 70
 13 14 29 47 58 68 69
 13 14 29 45 46 58 70
 13 14 29 45 46 58 68 69
 13 14 29 43 47 58
 13 14 29 43 45 46 58
 13 14 29 41 47 58 72
 13 14 29 41 47 58 70
 13 14 29 41 47 58 70 71
 13 14 29 41 47 58 68 69
 13 14 29 41 45 47 58
 13 14 29 41 45 46 58
 13 14 29 41 45 46 58 72
 13 14 29 41 45 46 58 70
 13 14 29 41 45 46 58 70 71
 13 14 29 41 45 46 58 68 69
 13 14 29 41 43 47 58
 13 14 29 41 43 45 46 58
 13 14 29 39 40 47 58 72
 13 14 29 39 40 47 58 70
 13 14 29 39 40 47 58 70 71
 13 14 29 39 40 47 58 68 69
 13 14 29 39 40 45 47 58
 13 14 29 39 40 45 46 58
 13 14 29 39 40 45 46 58 72
 13 14 29 39 40 45 46 58 70
 13 14 29 39 40 45 46 58 70 71
 13 14 29 39 40 45 46 58 68 69
 13 14 29 39 40 43 47 58
 13 14 29 39 40 43 45 46 58
 13 14 28 35 58 60 62 72
 13 14 28 35 58 60 62 70 71
 13 14 28 35 45 58 60 62
 13 14 28 29 45 58
 13 14 28 29 45 58 72
 13 14 28 29 45 58 70
 13 14 28 29 45 58 70 72
 13 14 28 29 45 58 68 69
 13 14 28 29 45 58 68 69 72
 13 14 28 29 45 58 68 69 70 71
 13 14 28 29 43 45 58
 13 14 28 29 43 45 58 72
 13 14 28 29 43 45 58 70 71
 13 14 28 29 43 44 58 70 72
 13 14 28 29 43 44 58 70 71
 13 14 28 29 43 44 58 68 69 72
 13 14 28 29 43 44 58 68 69 70 71
 13 14 28 29 43 44 45 58 70
 13 14 28 29 43 44 45 58 68 69
 13 14 28 29 41 45 58
 13 14 28 29 41 45 58 72
 13 14 28 29 41 45 58 70
 13 14 28 29 41 45 58 70 72
 13 14 28 29 41 45 58 68 69
 13 14 28 29 41 45 58 68 69 72
 13 14 28 29 41 45 58 68 69 70 71
 13 14 28 29 41 43 45 58
 13 14 28 29 41 43 45 58 72
 13 14 28 29 41 43 45 58 70 71
 13 14 28 29 41 43 44 58 70 72
 13 14 28 29 41 43 44 58 70 71
 13 14 28 29 41 43 44 58 68 69 72
 13 14 28 29 41 43 44 58 68 69 70 71
 13 14 28 29 41 43 44 45 58 70
 13 14 28 29 41 43 44 45 58 68 69
 13 14 28 29 39 40 45 58
 13 14 28 29 39 40 45 58 72
 13 14 28 29 39 40 45 58 70
 13 14 28 29 39 40 45 58 70 72
 13 14 28 29 39 40 45 58 68 69
 13 14 28 29 39 40 45 58 68 69 72
 13 14 28 29 39 40 45 58 68 69 70 71
 13 14 28 29 39 40 43 45 58
 13 14 28 29 39 40 43 45 58 72
 13 14 28 29 39 40 43 45 58 70 71
 13 14 28 29 39 40 43 44 58 70 72
 13 14 28 29 39 40 43 44 58 70 71
 13 14 28 29 39 40 43 44 58 68 69 72
 13 14 28 29 39 40 43 44 58 68 69 70 71
 13 14 28 29 39 40 43 44 45 58 70
 13 14 28 29 39 40 43 44 45 58 68 69
 13 14 27 58 72
 13 14 27 58 70 71
 13 14 27 45 58
 13 14 26 27 35 58 60 62 72
 13 14 26 27 35 58 60 62 70 71
 13 14 26 27 35 45 58 60 62
 13 14 25 58 72
 13 14 25 58 70 71
 13 14 25 45 58
 13 14 25 41 58 72
 13 14 25 41 58 70 71
 13 14 25 41 45 58
 13 14 25 39 40 58 72
 13 14 25 39 40 58 70 71
 13 14 25 39 40 45 58
 13 14 25 26 58 72
 13 14 25 26 58 70 71
 13 14 25 26 45 58
 13 14 23 24 58 72
 13 14 23 24 58 70 71
 13 14 23 24 45 58
 13 14 23 24 41 58 72
 13 14 23 24 41 58 70 71
 13 14 23 24 41 45 58
 13 14 23 24 39 40 58 72
 13 14 23 24 39 40 58 70 71
 13 14 23 24 39 40 45 58
 13 14 20 58
 13 14 20 58 72
 13 14 20 58 70 71
 13 14 20 56 58 70
 13 14 20 56 58 68 69
 13 14 20 54 55 58 70
 13 14 20 54 55 58 68 69
 13 14 20 45 58
 13 14 20 43 56 58
 13 14 20 43 54 55 58
 13 14 20 41 58
 13 14 20 41 58 72
 13 14 20 41 58 70 71
 13 14 20 41 56 58 72
 13 14 20 41 56 58 70
 13 14 20 41 56 58 70 71
 13 14 20 41 56 58 68 69
 13 14 20 41 54 55 58 72
 13 14 20 41 54 55 58 70
 13 14 20 41 54 55 58 70 71
 13 14 20 41 54 55 58 68 69
 13 14 20 41 45 58
 13 14 20 41 45 56 58
 13 14 20 41 45 54 55 58
 13 14 20 41 43 56 58
 13 14 20 41 43 54 55 58
 13 14 20 39 40 58
 13 14 20 39 40 58 72
 13 14 20 39 40 58 70 71
 13 14 20 39 40 56 58 72
 13 14 20 39 40 56 58 70
 13 14 20 39 40 56 58 70 71
 13 14 20 39 40 56 58 68 69
 13 14 20 39 40 54 55 58 72
 13 14 20 39 40 54 55 58 70
 13 14 20 39 40 54 55 58 70 71
 13 14 20 39 40 54 55 58 68 69
 13 14 20 39 40 45 58
 13 14 20 39 40 45 56 58
 13 14 20 39 40 45 54 55 58
 13 14 20 39 40 43 56 58
 13 14 20 39 40 43 54 55 58
 13 14 20 29 58 70
 13 14 20 29 58 68 69
 13 14 20 29 43 58
 13 14 20 29 41 58 72
 13 14 20 29 41 58 70
 13 14 20 29 41 58 70 71
 13 14 20 29 41 58 68 69
 13 14 20 29 41 45 58
 13 14 20 29 41 43 58
 13 14 20 29 39 40 58 72
 13 14 20 29 39 40 58 70
 13 14 20 29 39 40 58 70 71
 13 14 20 29 39 40 58 68 69
 13 14 20 29 39 40 45 58
 13 14 20 29 39 40 43 58
 13 14 18 30 58 72
 13 14 18 30 58 70 72
 13 14 18 30 58 68 69 72
 13 14 18 30 58 68 69 70 71
 13 14 18 30 45 58
 13 14 18 30 45 58 70
 13 14 18 30 45 58 68 69
 13 14 18 30 43 58 72
 13 14 18 30 43 58 70 71
 13 14 18 30 43 45 58
 13 14 18 30 41 58 72
 13 14 18 30 41 58 70 72
 13 14 18 30 41 58 68 69 72
 13 14 18 30 41 58 68 69 70 71
 13 14 18 30 41 45 58
 13 14 18 30 41 45 58 70
 13 14 18 30 41 45 58 68 69
 13 14 18 30 41 43 58 72
 13 14 18 30 41 43 58 70 71
 13 14 18 30 41 43 45 58
 13 14 18 30 39 40 58 72
 13 14 18 30 39 40 58 70 72
 13 14 18 30 39 40 58 68 69 72
 13 14 18 30 39 40 58 68 69 70 71
 13 14 18 30 39 40 45 58
 13 14 18 30 39 40 45 58 70
 13 14 18 30 39 40 45 58 68 69
 13 14 18 30 39 40 43 58 72
 13 14 18 30 39 40 43 58 70 71
 13 14 18 30 39 40 43 45 58
 13 14 18 28 29 58 72
 13 14 18 28 29 58 70 72
 13 14 18 28 29 58 68 69 72
 13 14 18 28 29 58 68 69 70 71
 13 14 18 28 29 45 58
 13 14 18 28 29 45 58 70
 13 14 18 28 29 45 58 68 69
 13 14 18 28 29 43 58 72
 13 14 18 28 29 43 58 70 71
 13 14 18 28 29 43 45 58
 13 14 18 28 29 41 58 72
 13 14 18 28 29 41 58 70 72
 13 14 18 28 29 41 58 68 69 72
 13 14 18 28 29 41 58 68 69 70 71
 13 14 18 28 29 41 45 58
 13 14 18 28 29 41 45 58 70
 13 14 18 28 29 41 45 58 68 69
 13 14 18 28 29 41 43 58 72
 13 14 18 28 29 41 43 58 70 71
 13 14 18 28 29 41 43 45 58
 13 14 18 28 29 39 40 58 72
 13 14 18 28 29 39 40 58 70 72
 13 14 18 28 29 39 40 58 68 69 72
 13 14 18 28 29 39 40 58 68 69 70 71
 13 14 18 28 29 39 40 45 58
 13 14 18 28 29 39 40 45 58 70
 13 14 18 28 29 39 40 45 58 68 69
 13 14 18 28 29 39 40 43 58 72
 13 14 18 28 29 39 40 43 58 70 71
 13 14 18 28 29 39 40 43 45 58
 13 14 15 58 72
 13 14 15 58 70 71
 13 14 15 45 58
 12 41 57 58 72
 12 41 57 58 70 71
 12 41 45 57 58
 12 39 40 57 58 72
 12 39 40 57 58 70 71
 12 39 40 45 57 58
 12 38 41 57 58 72
 12 38 41 57 58 70 71
 12 38 41 45 57 58
 12 38 39 40 57 58 72
 12 38 39 40 57 58 70 71
 12 38 39 40 45 57 58
 12 36 37 41 57 58 72
 12 36 37 41 57 58 70 71
 12 36 37 41 45 57 58
 12 36 37 39 40 57 58 72
 12 36 37 39 40 57 58 70 71
 12 36 37 39 40 45 57 58
 12 15 41 58 72
 12 15 41 58 70 71
 12 15 41 45 58
 12 15 39 40 58 72
 12 15 39 40 58 70 71
 12 15 39 40 45 58
 12 15 38 41 58 72
 12 15 38 41 58 70 71
 12 15 38 41 45 58
 12 15 38 39 40 58 72
 12 15 38 39 40 58 70 71
 12 15 38 39 40 45 58
 12 15 36 37 41 58 72
 12 15 36 37 41 58 70 71
 12 15 36 37 41 45 58
 12 15 36 37 39 40 58 72
 12 15 36 37 39 40 58 70 71
 12 15 36 37 39 40 45 58
 12 14 57 58 72
 12 14 57 58 70 71
 12 14 45 57 58
 12 14 38 57 58 72
 12 14 38 57 58 70 71
 12 14 38 45 57 58
 12 14 36 37 57 58 72
 12 14 36 37 57 58 70 71
 12 14 36 37 45 57 58
 12 14 15 58 72
 12 14 15 58 70 71
 12 14 15 45 58
 12 14 15 38 58 72
 12 14 15 38 58 70 71
 12 14 15 38 45 58
 12 14 15 36 37 58 72
 12 14 15 36 37 58 70 71
 12 14 15 36 37 45 58
 12 13 14 58 72
 12 13 14 58 70 71
 12 13 14 45 58
 12 13 14 41 58 72
 12 13 14 41 58 70 71
 12 13 14 41 45 58
 12 13 14 39 40 58 72
 12 13 14 39 40 58 70 71
 12 13 14 39 40 45 58
 12 13 14 38 58 72
 12 13 14 38 58 70 71
 12 13 14 38 45 58
 12 13 14 38 41 58 72
 12 13 14 38 41 58 70 71
 12 13 14 38 41 45 58
 12 13 14 38 39 40 58 72
 12 13 14 38 39 40 58 70 71
 12 13 14 38 39 40 45 58
 12 13 14 36 37 58 72
 12 13 14 36 37 58 70 71
 12 13 14 36 37 45 58
 12 13 14 36 37 41 58 72
 12 13 14 36 37 41 58 70 71
 12 13 14 36 37 41 45 58
 12 13 14 36 37 39 40 58 72
 12 13 14 36 37 39 40 58 70 71
 12 13 14 36 37 39 40 45 58
 11 39 41 57 58 72
 11 39 41 57 58 70 71
 11 39 41 45 57 58
 11 39 40 57 58 72
 11 39 40 57 58 70 71
 11 39 40 45 57 58
 11 37 38 41 57 58 72
 11 37 38 41 57 58 70 71
 11 37 38 41 45 57 58
 11 37 38 39 40 57 58 72
 11 37 38 39 40 57 58 70 71
 11 37 38 39 40 45 57 58
 11 15 39 41 58 72
 11 15 39 41 58 70 71
 11 15 39 41 45 58
 11 15 39 40 58 72
 11 15 39 40 58 70 71
 11 15 39 40 45 58
 11 15 37 38 41 58 72
 11 15 37 38 41 58 70 71
 11 15 37 38 41 45 58
 11 15 37 38 39 40 58 72
 11 15 37 38 39 40 58 70 71
 11 15 37 38 39 40 45 58
 11 14 39 57 58 72
 11 14 39 57 58 70 71
 11 14 39 45 57 58
 11 14 37 38 57 58 72
 11 14 37 38 57 58 70 71
 11 14 37 38 45 57 58
 11 14 15 39 58 72
 11 14 15 39 58 70 71
 11 14 15 39 45 58
 11 14 15 37 38 58 72
 11 14 15 37 38 58 70 71
 11 14 15 37 38 45 58
 11 13 14 39 58 72
 11 13 14 39 58 70 71
 11 13 14 39 45 58
 11 13 14 39 41 58 72
 11 13 14 39 41 58 70 71
 11 13 14 39 41 45 58
 11 13 14 39 40 58 72
 11 13 14 39 40 58 70 71
 11 13 14 39 40 45 58
 11 13 14 37 38 58 72
 11 13 14 37 38 58 70 71
 11 13 14 37 38 45 58
 11 13 14 37 38 41 58 72
 11 13 14 37 38 41 58 70 71
 11 13 14 37 38 41 45 58
 11 13 14 37 38 39 40 58 72
 11 13 14 37 38 39 40 58 70 71
 11 13 14 37 38 39 40 45 58
 11 12 41 57 58 72
 11 12 41 57 58 70 71
 11 12 41 45 57 58
 11 12 39 40 57 58 72
 11 12 39 40 57 58 70 71
 11 12 39 40 45 57 58
 11 12 35 41 58 60 72
 11 12 35 41 58 60 70 71
 11 12 35 41 45 58 60
 11 12 35 39 40 58 60 72
 11 12 35 39 40 58 60 70 71
 11 12 35 39 40 45 58 60
 11 12 15 41 58 72
 11 12 15 41 58 70 71
 11 12 15 41 45 58
 11 12 15 39 40 58 72
 11 12 15 39 40 58 70 71
 11 12 15 39 40 45 58
 11 12 14 57 58 72
 11 12 14 57 58 70 71
 11 12 14 45 57 58
 11 12 14 35 58 60 72
 11 12 14 35 58 60 70 71
 11 12 14 35 45 58 60
 11 12 14 15 58 72
 11 12 14 15 58 70 71
 11 12 14 15 45 58
 11 12 13 14 58 72
 11 12 13 14 58 70 71
 11 12 13 14 45 58
 11 12 13 14 41 58 72
 11 12 13 14 41 58 70 71
 11 12 13 14 41 45 58
 11 12 13 14 39 40 58 72
 11 12 13 14 39 40 58 70 71
 11 12 13 14 39 40 45 58
 3 41 45 58
 3 41 45 58 72
 3 41 45 58 70
 3 41 45 58 70 72
 3 41 45 58 68 69
 3 41 45 58 68 69 72
 3 41 45 58 68 69 70 71
 3 41 45 57 58
 3 41 45 57 58 72
 3 41 45 57 58 70
 3 41 45 57 58 70 72
 3 41 45 57 58 68 69
 3 41 45 57 58 68 69 72
 3 41 45 57 58 68 69 70 71
 3 41 43 45 58
 3 41 43 45 58 72
 3 41 43 45 58 70 71
 3 41 43 45 57 58
 3 41 43 45 57 58 72
 3 41 43 45 57 58 70 71
 3 41 43 44 58 70 72
 3 41 43 44 58 70 71
 3 41 43 44 58 68 69 72
 3 41 43 44 58 68 69 70 71
 3 41 43 44 57 58 70 72
 3 41 43 44 57 58 70 71
 3 41 43 44 57 58 68 69 72
 3 41 43 44 57 58 68 69 70 71
 3 41 43 44 45 58 70
 3 41 43 44 45 58 68 69
 3 41 43 44 45 57 58 70
 3 41 43 44 45 57 58 68 69
 3 39 40 45 58
 3 39 40 45 58 72
 3 39 40 45 58 70
 3 39 40 45 58 70 72
 3 39 40 45 58 68 69
 3 39 40 45 58 68 69 72
 3 39 40 45 58 68 69 70 71
 3 39 40 45 57 58
 3 39 40 45 57 58 72
 3 39 40 45 57 58 70
 3 39 40 45 57 58 70 72
 3 39 40 45 57 58 68 69
 3 39 40 45 57 58 68 69 72
 3 39 40 45 57 58 68 69 70 71
 3 39 40 43 45 58
 3 39 40 43 45 58 72
 3 39 40 43 45 58 70 71
 3 39 40 43 45 57 58
 3 39 40 43 45 57 58 72
 3 39 40 43 45 57 58 70 71
 3 39 40 43 44 58 70 72
 3 39 40 43 44 58 70 71
 3 39 40 43 44 58 68 69 72
 3 39 40 43 44 58 68 69 70 71
 3 39 40 43 44 57 58 70 72
 3 39 40 43 44 57 58 70 71
 3 39 40 43 44 57 58 68 69 72
 3 39 40 43 44 57 58 68 69 70 71
 3 39 40 43 44 45 58 70
 3 39 40 43 44 45 58 68 69
 3 39 40 43 44 45 57 58 70
 3 39 40 43 44 45 57 58 68 69
 3 18 41 58 72
 3 18 41 58 70 72
 3 18 41 58 68 69 72
 3 18 41 58 68 69 70 71
 3 18 41 57 58 72
 3 18 41 57 58 70 72
 3 18 41 57 58 68 69 72
 3 18 41 57 58 68 69 70 71
 3 18 41 45 58
 3 18 41 45 58 70
 3 18 41 45 58 68 69
 3 18 41 45 57 58
 3 18 41 45 57 58 70
 3 18 41 45 57 58 68 69
 3 18 41 43 58 72
 3 18 41 43 58 70 71
 3 18 41 43 57 58 72
 3 18 41 43 57 58 70 71
 3 18 41 43 45 58
 3 18 41 43 45 57 58
 3 18 39 40 58 72
 3 18 39 40 58 70 72
 3 18 39 40 58 68 69 72
 3 18 39 40 58 68 69 70 71
 3 18 39 40 57 58 72
 3 18 39 40 57 58 70 72
 3 18 39 40 57 58 68 69 72
 3 18 39 40 57 58 68 69 70 71
 3 18 39 40 45 58
 3 18 39 40 45 58 70
 3 18 39 40 45 58 68 69
 3 18 39 40 45 57 58
 3 18 39 40 45 57 58 70
 3 18 39 40 45 57 58 68 69
 3 18 39 40 43 58 72
 3 18 39 40 43 58 70 71
 3 18 39 40 43 57 58 72
 3 18 39 40 43 57 58 70 71
 3 18 39 40 43 45 58
 3 18 39 40 43 45 57 58
 3 15 41 45 58
 3 15 41 45 58 72
 3 15 41 45 58 70
 3 15 41 45 58 70 72
 3 15 41 45 58 68 69
 3 15 41 45 58 68 69 72
 3 15 41 45 58 68 69 70 71
 3 15 41 43 45 58
 3 15 41 43 45 58 72
 3 15 41 43 45 58 70 71
 3 15 41 43 44 58 70 72
 3 15 41 43 44 58 70 71
 3 15 41 43 44 58 68 69 72
 3 15 41 43 44 58 68 69 70 71
 3 15 41 43 44 45 58 70
 3 15 41 43 44 45 58 68 69
 3 15 39 40 45 58
 3 15 39 40 45 58 72
 3 15 39 40 45 58 70
 3 15 39 40 45 58 70 72
 3 15 39 40 45 58 68 69
 3 15 39 40 45 58 68 69 72
 3 15 39 40 45 58 68 69 70 71
 3 15 39 40 43 45 58
 3 15 39 40 43 45 58 72
 3 15 39 40 43 45 58 70 71
 3 15 39 40 43 44 58 70 72
 3 15 39 40 43 44 58 70 71
 3 15 39 40 43 44 58 68 69 72
 3 15 39 40 43 44 58 68 69 70 71
 3 15 39 40 43 44 45 58 70
 3 15 39 40 43 44 45 58 68 69
 3 15 18 41 58 72
 3 15 18 41 58 70 72
 3 15 18 41 58 68 69 72
 3 15 18 41 58 68 69 70 71
 3 15 18 41 45 58
 3 15 18 41 45 58 70
 3 15 18 41 45 58 68 69
 3 15 18 41 43 58 72
 3 15 18 41 43 58 70 71
 3 15 18 41 43 45 58
 3 15 18 39 40 58 72
 3 15 18 39 40 58 70 72
 3 15 18 39 40 58 68 69 72
 3 15 18 39 40 58 68 69 70 71
 3 15 18 39 40 45 58
 3 15 18 39 40 45 58 70
 3 15 18 39 40 45 58 68 69
 3 15 18 39 40 43 58 72
 3 15 18 39 40 43 58 70 71
 3 15 18 39 40 43 45 58
 3 14 45 58
 3 14 45 58 72
 3 14 45 58 70
 3 14 45 58 70 72
 3 14 45 58 68 69
 3 14 45 58 68 69 72
 3 14 45 58 68 69 70 71
 3 14 45 57 58
 3 14 45 57 58 72
 3 14 45 57 58 70
 3 14 45 57 58 70 72
 3 14 45 57 58 68 69
 3 14 45 57 58 68 69 72
 3 14 45 57 58 68 69 70 71
 3 14 43 45 58
 3 14 43 45 58 72
 3 14 43 45 58 70 71
 3 14 43 45 57 58
 3 14 43 45 57 58 72
 3 14 43 45 57 58 70 71
 3 14 43 44 58 70 72
 3 14 43 44 58 70 71
 3 14 43 44 58 68 69 72
 3 14 43 44 58 68 69 70 71
 3 14 43 44 57 58 70 72
 3 14 43 44 57 58 70 71
 3 14 43 44 57 58 68 69 72
 3 14 43 44 57 58 68 69 70 71
 3 14 43 44 45 58 70
 3 14 43 44 45 58 68 69
 3 14 43 44 45 57 58 70
 3 14 43 44 45 57 58 68 69
 3 14 18 58 72
 3 14 18 58 70 72
 3 14 18 58 68 69 72
 3 14 18 58 68 69 70 71
 3 14 18 57 58 72
 3 14 18 57 58 70 72
 3 14 18 57 58 68 69 72
 3 14 18 57 58 68 69 70 71
 3 14 18 45 58
 3 14 18 45 58 70
 3 14 18 45 58 68 69
 3 14 18 45 57 58
 3 14 18 45 57 58 70
 3 14 18 45 57 58 68 69
 3 14 18 43 58 72
 3 14 18 43 58 70 71
 3 14 18 43 57 58 72
 3 14 18 43 57 58 70 71
 3 14 18 43 45 58
 3 14 18 43 45 57 58
 3 14 15 45 58
 3 14 15 45 58 72
 3 14 15 45 58 70
 3 14 15 45 58 70 72
 3 14 15 45 58 68 69
 3 14 15 45 58 68 69 72
 3 14 15 45 58 68 69 70 71
 3 14 15 43 45 58
 3 14 15 43 45 58 72
 3 14 15 43 45 58 70 71
 3 14 15 43 44 58 70 72
 3 14 15 43 44 58 70 71
 3 14 15 43 44 58 68 69 72
 3 14 15 43 44 58 68 69 70 71
 3 14 15 43 44 45 58 70
 3 14 15 43 44 45 58 68 69
 3 14 15 18 58 72
 3 14 15 18 58 70 72
 3 14 15 18 58 68 69 72
 3 14 15 18 58 68 69 70 71
 3 14 15 18 45 58
 3 14 15 18 45 58 70
 3 14 15 18 45 58 68 69
 3 14 15 18 43 58 72
 3 14 15 18 43 58 70 71
 3 14 15 18 43 45 58
 3 13 14 45 58
 3 13 14 45 58 72
 3 13 14 45 58 70
 3 13 14 45 58 70 72
 3 13 14 45 58 68 69
 3 13 14 45 58 68 69 72
 3 13 14 45 58 68 69 70 71
 3 13 14 43 45 58
 3 13 14 43 45 58 72
 3 13 14 43 45 58 70 71
 3 13 14 43 44 58 70 72
 3 13 14 43 44 58 70 71
 3 13 14 43 44 58 68 69 72
 3 13 14 43 44 58 68 69 70 71
 3 13 14 43 44 45 58 70
 3 13 14 43 44 45 58 68 69
 3 13 14 41 45 58
 3 13 14 41 45 58 72
 3 13 14 41 45 58 70
 3 13 14 41 45 58 70 72
 3 13 14 41 45 58 68 69
 3 13 14 41 45 58 68 69 72
 3 13 14 41 45 58 68 69 70 71
 3 13 14 41 43 45 58
 3 13 14 41 43 45 58 72
 3 13 14 41 43 45 58 70 71
 3 13 14 41 43 44 58 70 72
 3 13 14 41 43 44 58 70 71
 3 13 14 41 43 44 58 68 69 72
 3 13 14 41 43 44 58 68 69 70 71
 3 13 14 41 43 44 45 58 70
 3 13 14 41 43 44 45 58 68 69
 3 13 14 39 40 45 58
 3 13 14 39 40 45 58 72
 3 13 14 39 40 45 58 70
 3 13 14 39 40 45 58 70 72
 3 13 14 39 40 45 58 68 69
 3 13 14 39 40 45 58 68 69 72
 3 13 14 39 40 45 58 68 69 70 71
 3 13 14 39 40 43 45 58
 3 13 14 39 40 43 45 58 72
 3 13 14 39 40 43 45 58 70 71
 3 13 14 39 40 43 44 58 70 72
 3 13 14 39 40 43 44 58 70 71
 3 13 14 39 40 43 44 58 68 69 72
 3 13 14 39 40 43 44 58 68 69 70 71
 3 13 14 39 40 43 44 45 58 70
 3 13 14 39 40 43 44 45 58 68 69
 3 13 14 18 58 72
 3 13 14 18 58 70 72
 3 13 14 18 58 68 69 72
 3 13 14 18 58 68 69 70 71
 3 13 14 18 45 58
 3 13 14 18 45 58 70
 3 13 14 18 45 58 68 69
 3 13 14 18 43 58 72
 3 13 14 18 43 58 70 71
 3 13 14 18 43 45 58
 3 13 14 18 41 58 72
 3 13 14 18 41 58 70 72
 3 13 14 18 41 58 68 69 72
 3 13 14 18 41 58 68 69 70 71
 3 13 14 18 41 45 58
 3 13 14 18 41 45 58 70
 3 13 14 18 41 45 58 68 69
 3 13 14 18 41 43 58 72
 3 13 14 18 41 43 58 70 71
 3 13 14 18 41 43 45 58
 3 13 14 18 39 40 58 72
 3 13 14 18 39 40 58 70 72
 3 13 14 18 39 40 58 68 69 72
 3 13 14 18 39 40 58 68 69 70 71
 3 13 14 18 39 40 45 58
 3 13 14 18 39 40 45 58 70
 3 13 14 18 39 40 45 58 68 69
 3 13 14 18 39 40 43 58 72
 3 13 14 18 39 40 43 58 70 71
 3 13 14 18 39 40 43 45 58
 1 59 72
 1 59 70 71
 1 58 72
 1 58 70 71
 1 56 72
 1 56 70 71
 1 47 56 58 72
 1 47 56 58 70 71
 1 47 54 55 58 72
 1 47 54 55 58 70 71
 1 45 59
 1 45 58 74
 1 45 58 72
 1 45 58 72 73
 1 45 58 70 71
 1 45 58 65
 1 45 58 63 64
 1 45 56
 1 45 47 58
 1 45 47 56 58
 1 45 47 54 55 58
 1 45 46 56 58
 1 45 46 56 58 72
 1 45 46 56 58 70 71
 1 45 46 54 55 58
 1 45 46 54 55 58 72
 1 45 46 54 55 58 70 71
 1 43 44 58 74
 1 43 44 58 72
 1 43 44 58 72 73
 1 43 44 58 70 71
 1 43 44 58 65
 1 43 44 58 63 64
 1 43 44 47 58
 1 43 44 45 58
 1 41 58 72
 1 41 58 70 71
 1 41 56 70
 1 41 56 68 69
 1 41 45 58
 1 41 43 56
 1 39 40 58 72
 1 39 40 58 70 71
 1 39 40 56 70
 1 39 40 56 68 69
 1 39 40 45 58
 1 39 40 43 56
 1 38 45 58
 1 38 43 44 58
 1 35 58 60 72
 1 35 58 60 70 71
 1 35 58 60 64 72
 1 35 58 60 64 70 71
 1 35 57 58 60 62 72
 1 35 57 58 60 62 70 71
 1 35 45 58 60
 1 35 45 58 60 64
 1 35 45 57 58 60 62
 1 35 45 56 70
 1 35 45 56 70 72
 1 35 45 56 70 71
 1 35 45 56 68 69
 1 35 45 56 68 69 72
 1 35 45 56 68 69 70 71
 1 35 45 54 55 70
 1 35 45 54 55 70 72
 1 35 45 54 55 70 71
 1 35 45 54 55 68 69
 1 35 45 54 55 68 69 72
 1 35 45 54 55 68 69 70 71
 1 35 43 45 56
 1 35 43 45 56 72
 1 35 43 45 56 70 71
 1 35 43 45 54 55
 1 35 43 45 54 55 72
 1 35 43 45 54 55 70 71
 1 35 43 44 56 72
 1 35 43 44 56 70 72
 1 35 43 44 56 68 69 72
 1 35 43 44 56 68 69 70 71
 1 35 43 44 54 55 72
 1 35 43 44 54 55 70 72
 1 35 43 44 54 55 68 69 72
 1 35 43 44 54 55 68 69 70 71
 1 35 43 44 45 56
 1 35 43 44 45 56 70
 1 35 43 44 45 56 68 69
 1 35 43 44 45 54 55
 1 35 43 44 45 54 55 70
 1 35 43 44 45 54 55 68 69
 1 35 41 58 72
 1 35 41 58 70 71
 1 35 41 56 72
 1 35 41 56 70 71
 1 35 41 45 58
 1 35 41 45 56
 1 35 39 40 58 72
 1 35 39 40 58 70 71
 1 35 39 40 56 72
 1 35 39 40 56 70 71
 1 35 39 40 45 58
 1 35 39 40 45 56
 1 29 47 58 72
 1 29 47 58 70 71
 1 29 45 47 58
 1 29 45 46 58
 1 29 45 46 58 72
 1 29 45 46 58 70 71
 1 29 35 45 70
 1 29 35 45 70 72
 1 29 35 45 70 71
 1 29 35 45 68 69
 1 29 35 45 68 69 72
 1 29 35 45 68 69 70 71
 1 29 35 43 45
 1 29 35 43 45 72
 1 29 35 43 45 70 71
 1 29 35 43 44 72
 1 29 35 43 44 70 72
 1 29 35 43 44 68 69 72
 1 29 35 43 44 68 69 70 71
 1 29 35 43 44 45
 1 29 35 43 44 45 70
 1 29 35 43 44 45 68 69
 1 20 56 58 72
 1 20 56 58 70 71
 1 20 54 55 58 72
 1 20 54 55 58 70 71
 1 20 45 56 58
 1 20 45 54 55 58
 1 20 29 58 72
 1 20 29 58 70 71
 1 20 29 45 58
 1 18 58 74
 1 18 58 72
 1 18 58 72 73
 1 18 58 70 71
 1 18 58 65
 1 18 58 63 64
 1 18 47 58
 1 18 45 58
 1 18 38 58
 1 18 35 56 70 72
 1 18 35 56 70 71
 1 18 35 56 68 69 72
 1 18 35 56 68 69 70 71
 1 18 35 54 55 70 72
 1 18 35 54 55 70 71
 1 18 35 54 55 68 69 72
 1 18 35 54 55 68 69 70 71
 1 18 35 45 56 70
 1 18 35 45 56 68 69
 1 18 35 45 54 55 70
 1 18 35 45 54 55 68 69
 1 18 35 43 56 72
 1 18 35 43 56 70 71
 1 18 35 43 54 55 72
 1 18 35 43 54 55 70 71
 1 18 35 43 45 56
 1 18 35 43 45 54 55
 1 18 29 35 70 72
 1 18 29 35 70 71
 1 18 29 35 68 69 72
 1 18 29 35 68 69 70 71
 1 18 29 35 45 70
 1 18 29 35 45 68 69
 1 18 29 35 43 72
 1 18 29 35 43 70 71
 1 18 29 35 43 45
 1 17 72
 1 17 70 71
 1 17 45
 1 15 35 58 60 62 72
 1 15 35 58 60 62 70 71
 1 15 35 45 58 60 62
 1 15 16 72
 1 15 16 70 71
 1 15 16 45
 1 14 58 72
 1 14 58 70 71
 1 14 56 70
 1 14 56 68 69
 1 14 45 58
 1 14 43 56
 1 14 35 58 72
 1 14 35 58 70 71
 1 14 35 56 72
 1 14 35 56 70 71
 1 14 35 45 58
 1 14 35 45 56
 1 13 14 35 58 60 62 72
 1 13 14 35 58 60 62 70 71
 1 13 14 35 45 58 60 62
 0 57 58 72
 0 57 58 70 71
 0 45 57 58
 0 15 58 72
 0 15 58 70 71
 0 15 45 58
 0 13 14 58 72
 0 13 14 58 70 71
 0 13 14 45 58
