 60 68 72
 60 68 70 71
 57 60 68 72
 57 60 68 70 71
 45 60 68
 45 57 60 68
 28 45 62
 28 45 62 72
 28 45 62 70 71
 28 43 44 62 72
 28 43 44 62 70 71
 28 43 44 45 62
 26 60 72
 26 60 70 71
 26 57 60 72
 26 57 60 70 71
 26 45 60
 26 45 57 60
 26 27 45 62
 26 27 45 62 72
 26 27 45 62 70 71
 26 27 43 44 62 72
 26 27 43 44 62 70 71
 26 27 43 44 45 62
 24 25 60 72
 24 25 60 70 71
 24 25 57 60 72
 24 25 57 60 70 71
 24 25 45 60
 24 25 45 57 60
 18 28 62 72
 18 28 62 70 71
 18 28 45 62
 18 26 27 62 72
 18 26 27 62 70 71
 18 26 27 45 62
 1 45 62
 1 45 62 72
 1 45 62 70 71
 1 43 44 62 72
 1 43 44 62 70 71
 1 43 44 45 62
 1 18 62 72
 1 18 62 70 71
 1 18 45 62
