 58 72 74
 58 72 73
 58 70 71 74
 58 70 71 72 73
 58 65 72
 58 65 70 71
 58 63 64 72
 58 63 64 70 71
 56 57 58 72 74
 56 57 58 72 73
 56 57 58 70 71 74
 56 57 58 70 71 72 73
 56 57 58 65 72
 56 57 58 65 70 71
 56 57 58 63 64 72
 56 57 58 63 64 70 71
 55 58 59 72
 55 58 59 72 76
 55 58 59 72 74 75
 55 58 59 70 71
 55 58 59 70 71 76
 55 58 59 70 71 74 75
 55 58 59 67 72
 55 58 59 67 70 71
 55 58 59 65 72
 55 58 59 65 70 71
 55 58 59 65 66 72
 55 58 59 65 66 70 71
 55 56 57 58 59 72
 55 56 57 58 59 72 76
 55 56 57 58 59 72 74 75
 55 56 57 58 59 70 71
 55 56 57 58 59 70 71 76
 55 56 57 58 59 70 71 74 75
 55 56 57 58 59 67 72
 55 56 57 58 59 67 70 71
 55 56 57 58 59 65 72
 55 56 57 58 59 65 70 71
 55 56 57 58 59 65 66 72
 55 56 57 58 59 65 66 70 71
 51 58
 51 58 62
 49 55 58 59 72
 49 55 58 59 70 71
 49 55 56 57 58 59 72
 49 55 56 57 58 59 70 71
 49 50 58
 49 50 58 62
 47 58
 47 58 72
 47 58 70 71
 47 56 57 58 72
 47 56 57 58 70 71
 47 55 58 68
 45 60
 45 60 72
 45 60 70 71
 45 58
 45 58 74
 45 58 72
 45 58 72 73
 45 58 70 71
 45 58 65
 45 58 63 64
 45 56 58
 45 56 58 72
 45 56 58 70 71
 45 56 58 62
 45 56 58 62 72
 45 56 58 62 70 71
 45 56 57 58
 45 56 57 58 74
 45 56 57 58 72
 45 56 57 58 72 73
 45 56 57 58 70 71
 45 56 57 58 65
 45 56 57 58 63 64
 45 56 57 58 62
 45 56 57 58 62 72
 45 56 57 58 62 70 71
 45 55 58 74
 45 55 58 72 73
 45 55 58 66
 45 55 58 64 65
 45 55 58 59
 45 55 58 59 76
 45 55 58 59 74 75
 45 55 58 59 67
 45 55 58 59 65
 45 55 58 59 65 66
 45 55 56 57 58 59
 45 55 56 57 58 59 76
 45 55 56 57 58 59 74 75
 45 55 56 57 58 59 67
 45 55 56 57 58 59 65
 45 55 56 57 58 59 65 66
 45 53 56 58
 45 53 56 58 72
 45 53 56 58 70 71
 45 53 56 57 58
 45 53 56 57 58 72
 45 53 56 57 58 70 71
 45 51 58
 45 51 58 72
 45 51 58 70
 45 51 58 70 72
 45 51 58 68 69
 45 51 58 68 69 72
 45 51 58 68 69 70 71
 45 51 58 62
 45 51 58 62 72
 45 51 58 62 70
 45 51 58 62 70 72
 45 51 58 62 68 69
 45 51 58 62 68 69 72
 45 51 58 62 68 69 70 71
 45 51 56 58
 45 51 56 58 72
 45 51 56 58 70 71
 45 51 56 57 58 70
 45 51 56 57 58 70 72
 45 51 56 57 58 70 71
 45 51 56 57 58 68 69
 45 51 56 57 58 68 69 72
 45 51 56 57 58 68 69 70 71
 45 51 56 57 58 62
 45 51 56 57 58 62 72
 45 51 56 57 58 62 70
 45 51 56 57 58 62 70 72
 45 51 56 57 58 62 68 69
 45 51 56 57 58 62 68 69 72
 45 51 56 57 58 62 68 69 70 71
 45 51 55 58
 45 51 55 58 74
 45 51 55 58 72
 45 51 55 58 72 73
 45 51 55 58 70 71
 45 51 55 58 65
 45 51 55 58 63 64
 45 51 55 56 57 58
 45 51 55 56 57 58 72
 45 51 55 56 57 58 70 71
 45 50 51 56 58
 45 50 51 56 58 72
 45 50 51 56 58 70 71
 45 50 51 56 57 58
 45 50 51 56 57 58 72
 45 50 51 56 57 58 70 71
 45 49 55 58 59
 45 49 55 56 57 58 59
 45 49 50 58
 45 49 50 58 72
 45 49 50 58 70
 45 49 50 58 70 72
 45 49 50 58 68 69
 45 49 50 58 68 69 72
 45 49 50 58 68 69 70 71
 45 49 50 58 62
 45 49 50 58 62 72
 45 49 50 58 62 70
 45 49 50 58 62 70 72
 45 49 50 58 62 68 69
 45 49 50 58 62 68 69 72
 45 49 50 58 62 68 69 70 71
 45 49 50 56 58
 45 49 50 56 58 72
 45 49 50 56 58 70 71
 45 49 50 56 57 58 70
 45 49 50 56 57 58 70 72
 45 49 50 56 57 58 70 71
 45 49 50 56 57 58 68 69
 45 49 50 56 57 58 68 69 72
 45 49 50 56 57 58 68 69 70 71
 45 49 50 56 57 58 62
 45 49 50 56 57 58 62 72
 45 49 50 56 57 58 62 70
 45 49 50 56 57 58 62 70 72
 45 49 50 56 57 58 62 68 69
 45 49 50 56 57 58 62 68 69 72
 45 49 50 56 57 58 62 68 69 70 71
 45 49 50 55 58
 45 49 50 55 58 74
 45 49 50 55 58 72
 45 49 50 55 58 72 73
 45 49 50 55 58 70 71
 45 49 50 55 58 65
 45 49 50 55 58 63 64
 45 49 50 55 56 57 58
 45 49 50 55 56 57 58 72
 45 49 50 55 56 57 58 70 71
 45 49 50 52 56 58
 45 49 50 52 56 58 72
 45 49 50 52 56 58 70 71
 45 49 50 52 56 57 58
 45 49 50 52 56 57 58 72
 45 49 50 52 56 57 58 70 71
 45 49 50 51 56 58
 45 49 50 51 56 58 72
 45 49 50 51 56 58 70 71
 45 49 50 51 56 57 58
 45 49 50 51 56 57 58 72
 45 49 50 51 56 57 58 70 71
 45 47 58
 45 47 56 57 58
 45 47 55 58
 45 47 51 55 58
 45 47 49 50 55 58
 45 46 58
 45 46 55 58 68
 43 45 51 58
 43 45 51 58 72
 43 45 51 58 70 71
 43 45 51 58 62
 43 45 51 58 62 72
 43 45 51 58 62 70 71
 43 45 51 56 57 58
 43 45 51 56 57 58 72
 43 45 51 56 57 58 70 71
 43 45 51 56 57 58 62
 43 45 51 56 57 58 62 72
 43 45 51 56 57 58 62 70 71
 43 45 49 50 58
 43 45 49 50 58 72
 43 45 49 50 58 70 71
 43 45 49 50 58 62
 43 45 49 50 58 62 72
 43 45 49 50 58 62 70 71
 43 45 49 50 56 57 58
 43 45 49 50 56 57 58 72
 43 45 49 50 56 57 58 70 71
 43 45 49 50 56 57 58 62
 43 45 49 50 56 57 58 62 72
 43 45 49 50 56 57 58 62 70 71
 43 44 60 72
 43 44 60 70 71
 43 44 58 72
 43 44 58 70 71
 43 44 56 58 72
 43 44 56 58 70 71
 43 44 56 58 62 72
 43 44 56 58 62 70 71
 43 44 56 57 58 72
 43 44 56 57 58 70 71
 43 44 56 57 58 62 72
 43 44 56 57 58 62 70 71
 43 44 55 58 74
 43 44 55 58 72 73
 43 44 55 58 66
 43 44 55 58 64 65
 43 44 53 56 58 72
 43 44 53 56 58 70 71
 43 44 53 56 57 58 72
 43 44 53 56 57 58 70 71
 43 44 51 58 70 72
 43 44 51 58 70 71
 43 44 51 58 68 69 72
 43 44 51 58 68 69 70 71
 43 44 51 58 62 70 72
 43 44 51 58 62 70 71
 43 44 51 58 62 68 69 72
 43 44 51 58 62 68 69 70 71
 43 44 51 56 58 72
 43 44 51 56 58 70 71
 43 44 51 56 57 58 72
 43 44 51 56 57 58 70 72
 43 44 51 56 57 58 68 69 72
 43 44 51 56 57 58 68 69 70 71
 43 44 51 56 57 58 62 70 72
 43 44 51 56 57 58 62 70 71
 43 44 51 56 57 58 62 68 69 72
 43 44 51 56 57 58 62 68 69 70 71
 43 44 51 55 58 74
 43 44 51 55 58 72
 43 44 51 55 58 72 73
 43 44 51 55 58 70 71
 43 44 51 55 58 65
 43 44 51 55 58 63 64
 43 44 51 55 56 57 58 72
 43 44 51 55 56 57 58 70 71
 43 44 50 51 56 58 72
 43 44 50 51 56 58 70 71
 43 44 50 51 56 57 58 72
 43 44 50 51 56 57 58 70 71
 43 44 49 50 58 70 72
 43 44 49 50 58 70 71
 43 44 49 50 58 68 69 72
 43 44 49 50 58 68 69 70 71
 43 44 49 50 58 62 70 72
 43 44 49 50 58 62 70 71
 43 44 49 50 58 62 68 69 72
 43 44 49 50 58 62 68 69 70 71
 43 44 49 50 56 58 72
 43 44 49 50 56 58 70 71
 43 44 49 50 56 57 58 72
 43 44 49 50 56 57 58 70 72
 43 44 49 50 56 57 58 68 69 72
 43 44 49 50 56 57 58 68 69 70 71
 43 44 49 50 56 57 58 62 70 72
 43 44 49 50 56 57 58 62 70 71
 43 44 49 50 56 57 58 62 68 69 72
 43 44 49 50 56 57 58 62 68 69 70 71
 43 44 49 50 55 58 74
 43 44 49 50 55 58 72
 43 44 49 50 55 58 72 73
 43 44 49 50 55 58 70 71
 43 44 49 50 55 58 65
 43 44 49 50 55 58 63 64
 43 44 49 50 55 56 57 58 72
 43 44 49 50 55 56 57 58 70 71
 43 44 49 50 52 56 58 72
 43 44 49 50 52 56 58 70 71
 43 44 49 50 52 56 57 58 72
 43 44 49 50 52 56 57 58 70 71
 43 44 49 50 51 56 58 72
 43 44 49 50 51 56 58 70 71
 43 44 49 50 51 56 57 58 72
 43 44 49 50 51 56 57 58 70 71
 43 44 47 55 58
 43 44 47 51 55 58
 43 44 47 49 50 55 58
 43 44 45 60
 43 44 45 58
 43 44 45 56 58
 43 44 45 56 58 62
 43 44 45 56 57 58
 43 44 45 56 57 58 62
 43 44 45 53 56 58
 43 44 45 53 56 57 58
 43 44 45 51 58 70
 43 44 45 51 58 68 69
 43 44 45 51 58 62 70
 43 44 45 51 58 62 68 69
 43 44 45 51 56 58
 43 44 45 51 56 57 58
 43 44 45 51 56 57 58 70
 43 44 45 51 56 57 58 68 69
 43 44 45 51 56 57 58 62 70
 43 44 45 51 56 57 58 62 68 69
 43 44 45 51 55 58
 43 44 45 51 55 56 57 58
 43 44 45 50 51 56 58
 43 44 45 50 51 56 57 58
 43 44 45 49 50 58 70
 43 44 45 49 50 58 68 69
 43 44 45 49 50 58 62 70
 43 44 45 49 50 58 62 68 69
 43 44 45 49 50 56 58
 43 44 45 49 50 56 57 58
 43 44 45 49 50 56 57 58 70
 43 44 45 49 50 56 57 58 68 69
 43 44 45 49 50 56 57 58 62 70
 43 44 45 49 50 56 57 58 62 68 69
 43 44 45 49 50 55 58
 43 44 45 49 50 55 56 57 58
 43 44 45 49 50 52 56 58
 43 44 45 49 50 52 56 57 58
 43 44 45 49 50 51 56 58
 43 44 45 49 50 51 56 57 58
 41 47 58 72
 41 47 58 70 71
 41 45 47 58
 41 45 46 58
 41 45 46 58 72
 41 45 46 58 70 71
 40 57 58 72 74
 40 57 58 72 73
 40 57 58 70 71 74
 40 57 58 70 71 72 73
 40 57 58 65 72
 40 57 58 65 70 71
 40 57 58 63 64 72
 40 57 58 63 64 70 71
 40 56 57 58 72 74
 40 56 57 58 72 73
 40 56 57 58 70 71 74
 40 56 57 58 70 71 72 73
 40 56 57 58 65 72
 40 56 57 58 65 70 71
 40 56 57 58 63 64 72
 40 56 57 58 63 64 70 71
 40 55 58
 40 55 58 62
 40 55 58 59 72
 40 55 58 59 70 71
 40 55 56 57 58 59 72
 40 55 56 57 58 59 70 71
 40 47 58 70 72
 40 47 58 70 71
 40 47 58 68 69 72
 40 47 58 68 69 70 71
 40 47 57 58
 40 47 57 58 72
 40 47 57 58 70 71
 40 47 56 57 58 72
 40 47 56 57 58 70 72
 40 47 56 57 58 68 69 72
 40 47 56 57 58 68 69 70 71
 40 45 57 60
 40 45 57 60 72
 40 45 57 60 70 71
 40 45 57 58
 40 45 57 58 74
 40 45 57 58 72 73
 40 45 57 58 70 74
 40 45 57 58 70 72 73
 40 45 57 58 68 69 74
 40 45 57 58 68 69 72 73
 40 45 57 58 65
 40 45 57 58 65 70
 40 45 57 58 65 68 69
 40 45 57 58 63 64
 40 45 57 58 63 64 70
 40 45 57 58 63 64 68 69
 40 45 56 57 58 74
 40 45 56 57 58 72 73
 40 45 56 57 58 65
 40 45 56 57 58 63 64
 40 45 55 58
 40 45 55 58
 40 45 55 58 76
 40 45 55 58 74 75
 40 45 55 58 67
 40 45 55 58 65
 40 45 55 58 65 66
 40 45 55 58 64
 40 45 55 58 64
 40 45 55 58 64 76
 40 45 55 58 64 74 75
 40 45 55 58 64 67
 40 45 55 58 64 65
 40 45 55 58 64 65 66
 40 45 55 58 62
 40 45 55 58 62 64
 40 45 55 58 59
 40 45 55 56 57 58 59
 40 45 49 55 58
 40 45 49 55 58 64
 40 45 47 58 70
 40 45 47 58 68 69
 40 45 47 57 58
 40 45 47 57 58 70
 40 45 47 57 58 68 69
 40 45 47 56 57 58
 40 45 47 56 57 58 70
 40 45 47 56 57 58 68 69
 40 45 46 58 70
 40 45 46 58 70 72
 40 45 46 58 70 71
 40 45 46 58 68 69
 40 45 46 58 68 69 72
 40 45 46 58 68 69 70 71
 40 45 46 57 58
 40 45 46 56 57 58 70
 40 45 46 56 57 58 70 72
 40 45 46 56 57 58 70 71
 40 45 46 56 57 58 68 69
 40 45 46 56 57 58 68 69 72
 40 45 46 56 57 58 68 69 70 71
 40 43 47 58 72
 40 43 47 58 70 71
 40 43 47 56 57 58 72
 40 43 47 56 57 58 70 71
 40 43 45 57 58
 40 43 45 57 58 74
 40 43 45 57 58 72
 40 43 45 57 58 72 73
 40 43 45 57 58 70 71
 40 43 45 57 58 65
 40 43 45 57 58 63 64
 40 43 45 47 58
 40 43 45 47 57 58
 40 43 45 47 56 57 58
 40 43 45 46 58
 40 43 45 46 58 72
 40 43 45 46 58 70 71
 40 43 45 46 56 57 58
 40 43 45 46 56 57 58 72
 40 43 45 46 56 57 58 70 71
 40 43 44 57 60 72
 40 43 44 57 60 70 71
 40 43 44 57 58
 40 43 44 57 58 74
 40 43 44 57 58 72
 40 43 44 57 58 72 73
 40 43 44 57 58 70 74
 40 43 44 57 58 70 72 73
 40 43 44 57 58 70 71
 40 43 44 57 58 68 69 74
 40 43 44 57 58 68 69 72 73
 40 43 44 57 58 65
 40 43 44 57 58 65 70
 40 43 44 57 58 65 68 69
 40 43 44 57 58 63 64
 40 43 44 57 58 63 64 70
 40 43 44 57 58 63 64 68 69
 40 43 44 55 58
 40 43 44 55 58
 40 43 44 55 58 76
 40 43 44 55 58 74 75
 40 43 44 55 58 67
 40 43 44 55 58 65
 40 43 44 55 58 65 66
 40 43 44 55 58 64
 40 43 44 55 58 64
 40 43 44 55 58 64 76
 40 43 44 55 58 64 74 75
 40 43 44 55 58 64 67
 40 43 44 55 58 64 65
 40 43 44 55 58 64 65 66
 40 43 44 55 58 62
 40 43 44 55 58 62 64
 40 43 44 49 55 58
 40 43 44 49 55 58 64
 40 43 44 47 57 58
 40 43 44 47 57 58 70
 40 43 44 47 57 58 68 69
 40 43 44 45 57 60
 40 43 44 45 57 58
 40 41 42 45 57 58
 40 41 42 45 57 58 72
 40 41 42 45 57 58 70 71
 40 41 42 43 44 57 58 72
 40 41 42 43 44 57 58 70 71
 40 41 42 43 44 45 57 58
 39 45 55 58
 39 43 44 55 58
 39 40 47 58 72
 39 40 47 58 70 71
 39 40 45 60
 39 40 45 60 72
 39 40 45 60 70 71
 39 40 45 47 58
 39 40 45 46 58
 39 40 45 46 58 72
 39 40 45 46 58 70 71
 39 40 43 44 60 72
 39 40 43 44 60 70 71
 39 40 43 44 45 60
 38 58 72 74
 38 58 72 73
 38 58 70 71 74
 38 58 70 71 72 73
 38 58 65 72
 38 58 65 70 71
 38 58 63 64 72
 38 58 63 64 70 71
 38 56 57 58 72 74
 38 56 57 58 72 73
 38 56 57 58 70 71 74
 38 56 57 58 70 71 72 73
 38 56 57 58 65 72
 38 56 57 58 65 70 71
 38 56 57 58 63 64 72
 38 56 57 58 63 64 70 71
 38 47 58 72
 38 47 58 70 71
 38 47 56 57 58 72
 38 47 56 57 58 70 71
 38 47 55 58 68
 38 45 58 74
 38 45 58 72 73
 38 45 58 65
 38 45 58 63 64
 38 45 56 58
 38 45 56 58 72
 38 45 56 58 70 71
 38 45 56 57 58
 38 45 56 57 58 74
 38 45 56 57 58 72
 38 45 56 57 58 72 73
 38 45 56 57 58 70 71
 38 45 56 57 58 65
 38 45 56 57 58 63 64
 38 45 55 57 58
 38 45 51 55 58
 38 45 49 50 55 58
 38 45 47 58
 38 45 47 56 57 58
 38 45 46 55 58 68
 38 43 44 56 58 72
 38 43 44 56 58 70 71
 38 43 44 56 57 58 72
 38 43 44 56 57 58 70 71
 38 43 44 55 57 58
 38 43 44 51 55 58
 38 43 44 49 50 55 58
 38 43 44 45 56 58
 38 43 44 45 56 57 58
 38 40 57 58 72
 38 40 57 58 70 71
 38 40 56 57 58 72
 38 40 56 57 58 70 71
 38 40 45 57 58
 38 40 45 57 58 70
 38 40 45 57 58 68 69
 38 40 45 56 57 58
 38 40 43 45 57 58
 38 40 43 44 57 58
 38 40 43 44 57 58 70
 38 40 43 44 57 58 68 69
 38 39 57 58 72
 38 39 57 58 72 74
 38 39 57 58 72 73
 38 39 57 58 70 71
 38 39 57 58 70 71 74
 38 39 57 58 70 71 72 73
 38 39 57 58 65 72
 38 39 57 58 65 70 71
 38 39 57 58 63 64 72
 38 39 57 58 63 64 70 71
 38 39 56 57 58 72
 38 39 56 57 58 72 74
 38 39 56 57 58 72 73
 38 39 56 57 58 70 71
 38 39 56 57 58 70 71 74
 38 39 56 57 58 70 71 72 73
 38 39 56 57 58 65 72
 38 39 56 57 58 65 70 71
 38 39 56 57 58 63 64 72
 38 39 56 57 58 63 64 70 71
 38 39 55 58
 38 39 55 58 62
 38 39 47 58 70 72
 38 39 47 58 70 71
 38 39 47 58 68 69 72
 38 39 47 58 68 69 70 71
 38 39 47 57 58
 38 39 47 57 58 72
 38 39 47 57 58 70 71
 38 39 47 56 57 58 72
 38 39 47 56 57 58 70 72
 38 39 47 56 57 58 68 69 72
 38 39 47 56 57 58 68 69 70 71
 38 39 45 60
 38 39 45 60 72
 38 39 45 60 70 71
 38 39 45 57 60
 38 39 45 57 60 72
 38 39 45 57 60 70 71
 38 39 45 57 58 74
 38 39 45 57 58 72 73
 38 39 45 57 58 70
 38 39 45 57 58 70 74
 38 39 45 57 58 70 72 73
 38 39 45 57 58 68 69
 38 39 45 57 58 68 69 74
 38 39 45 57 58 68 69 72 73
 38 39 45 57 58 65
 38 39 45 57 58 65 70
 38 39 45 57 58 65 68 69
 38 39 45 57 58 63 64
 38 39 45 57 58 63 64 70
 38 39 45 57 58 63 64 68 69
 38 39 45 56 57 58
 38 39 45 56 57 58 74
 38 39 45 56 57 58 72 73
 38 39 45 56 57 58 65
 38 39 45 56 57 58 63 64
 38 39 45 55 58
 38 39 45 55 58 76
 38 39 45 55 58 74 75
 38 39 45 55 58 67
 38 39 45 55 58 65
 38 39 45 55 58 65 66
 38 39 45 55 58 64
 38 39 45 55 58 64 76
 38 39 45 55 58 64 74 75
 38 39 45 55 58 64 67
 38 39 45 55 58 64 65
 38 39 45 55 58 64 65 66
 38 39 45 55 58 62
 38 39 45 55 58 62 64
 38 39 45 49 55 58
 38 39 45 49 55 58 64
 38 39 45 47 58 70
 38 39 45 47 58 68 69
 38 39 45 47 57 58
 38 39 45 47 57 58 70
 38 39 45 47 57 58 68 69
 38 39 45 47 56 57 58
 38 39 45 47 56 57 58 70
 38 39 45 47 56 57 58 68 69
 38 39 45 46 58 70
 38 39 45 46 58 70 72
 38 39 45 46 58 70 71
 38 39 45 46 58 68 69
 38 39 45 46 58 68 69 72
 38 39 45 46 58 68 69 70 71
 38 39 45 46 57 58
 38 39 45 46 56 57 58 70
 38 39 45 46 56 57 58 70 72
 38 39 45 46 56 57 58 70 71
 38 39 45 46 56 57 58 68 69
 38 39 45 46 56 57 58 68 69 72
 38 39 45 46 56 57 58 68 69 70 71
 38 39 43 47 58 72
 38 39 43 47 58 70 71
 38 39 43 47 56 57 58 72
 38 39 43 47 56 57 58 70 71
 38 39 43 45 57 58 74
 38 39 43 45 57 58 72
 38 39 43 45 57 58 72 73
 38 39 43 45 57 58 70 71
 38 39 43 45 57 58 65
 38 39 43 45 57 58 63 64
 38 39 43 45 47 58
 38 39 43 45 47 57 58
 38 39 43 45 47 56 57 58
 38 39 43 45 46 58
 38 39 43 45 46 58 72
 38 39 43 45 46 58 70 71
 38 39 43 45 46 56 57 58
 38 39 43 45 46 56 57 58 72
 38 39 43 45 46 56 57 58 70 71
 38 39 43 44 60 72
 38 39 43 44 60 70 71
 38 39 43 44 57 60 72
 38 39 43 44 57 60 70 71
 38 39 43 44 57 58 74
 38 39 43 44 57 58 72
 38 39 43 44 57 58 72 73
 38 39 43 44 57 58 70
 38 39 43 44 57 58 70 74
 38 39 43 44 57 58 70 72 73
 38 39 43 44 57 58 70 71
 38 39 43 44 57 58 68 69
 38 39 43 44 57 58 68 69 74
 38 39 43 44 57 58 68 69 72 73
 38 39 43 44 57 58 65
 38 39 43 44 57 58 65 70
 38 39 43 44 57 58 65 68 69
 38 39 43 44 57 58 63 64
 38 39 43 44 57 58 63 64 70
 38 39 43 44 57 58 63 64 68 69
 38 39 43 44 55 58
 38 39 43 44 55 58 76
 38 39 43 44 55 58 74 75
 38 39 43 44 55 58 67
 38 39 43 44 55 58 65
 38 39 43 44 55 58 65 66
 38 39 43 44 55 58 64
 38 39 43 44 55 58 64 76
 38 39 43 44 55 58 64 74 75
 38 39 43 44 55 58 64 67
 38 39 43 44 55 58 64 65
 38 39 43 44 55 58 64 65 66
 38 39 43 44 55 58 62
 38 39 43 44 55 58 62 64
 38 39 43 44 49 55 58
 38 39 43 44 49 55 58 64
 38 39 43 44 47 57 58
 38 39 43 44 47 57 58 70
 38 39 43 44 47 57 58 68 69
 38 39 43 44 45 60
 38 39 43 44 45 57 60
 38 39 43 44 45 57 58
 38 39 41 42 45 57 58
 38 39 41 42 45 57 58 72
 38 39 41 42 45 57 58 70 71
 38 39 41 42 43 44 57 58 72
 38 39 41 42 43 44 57 58 70 71
 38 39 41 42 43 44 45 57 58
 38 39 40 45 55 58
 38 39 40 45 55 58 64
 38 39 40 43 44 55 58
 38 39 40 43 44 55 58 64
 36 37 58 72 74
 36 37 58 72 73
 36 37 58 70 71 74
 36 37 58 70 71 72 73
 36 37 58 65 72
 36 37 58 65 70 71
 36 37 58 63 64 72
 36 37 58 63 64 70 71
 36 37 56 57 58 72 74
 36 37 56 57 58 72 73
 36 37 56 57 58 70 71 74
 36 37 56 57 58 70 71 72 73
 36 37 56 57 58 65 72
 36 37 56 57 58 65 70 71
 36 37 56 57 58 63 64 72
 36 37 56 57 58 63 64 70 71
 36 37 47 58 72
 36 37 47 58 70 71
 36 37 47 56 57 58 72
 36 37 47 56 57 58 70 71
 36 37 47 55 58 68
 36 37 45 58 74
 36 37 45 58 72 73
 36 37 45 58 65
 36 37 45 58 63 64
 36 37 45 56 58
 36 37 45 56 58 72
 36 37 45 56 58 70 71
 36 37 45 56 57 58
 36 37 45 56 57 58 74
 36 37 45 56 57 58 72
 36 37 45 56 57 58 72 73
 36 37 45 56 57 58 70 71
 36 37 45 56 57 58 65
 36 37 45 56 57 58 63 64
 36 37 45 55 57 58
 36 37 45 47 58
 36 37 45 47 56 57 58
 36 37 45 46 55 58 68
 36 37 43 44 56 58 72
 36 37 43 44 56 58 70 71
 36 37 43 44 56 57 58 72
 36 37 43 44 56 57 58 70 71
 36 37 43 44 55 57 58
 36 37 43 44 45 56 58
 36 37 43 44 45 56 57 58
 36 37 38 58 72
 36 37 38 58 70 71
 36 37 38 56 57 58 72
 36 37 38 56 57 58 70 71
 36 37 38 45 58
 36 37 38 45 56 57 58
 35 45 58
 35 43 44 58
 35 40 45 57 58
 35 40 43 44 57 58
 35 38 39 45 57 58
 35 38 39 43 44 57 58
 31 58 72 74
 31 58 72 73
 31 58 70 71 74
 31 58 70 71 72 73
 31 58 65 72
 31 58 65 70 71
 31 58 63 64 72
 31 58 63 64 70 71
 31 55 58 59 72
 31 55 58 59 72 76
 31 55 58 59 72 74 75
 31 55 58 59 70 71
 31 55 58 59 70 71 76
 31 55 58 59 70 71 74 75
 31 55 58 59 67 72
 31 55 58 59 67 70 71
 31 55 58 59 65 72
 31 55 58 59 65 70 71
 31 55 58 59 65 66 72
 31 55 58 59 65 66 70 71
 31 49 55 58 59 72
 31 49 55 58 59 70 71
 31 47 58 72
 31 47 58 70 71
 31 45 58 74
 31 45 58 72 73
 31 45 58 65
 31 45 58 63 64
 31 45 56 58
 31 45 56 58 72
 31 45 56 58 70 71
 31 45 56 58 62
 31 45 56 58 62 72
 31 45 56 58 62 70 71
 31 45 55 58 59
 31 45 55 58 59 76
 31 45 55 58 59 74 75
 31 45 55 58 59 67
 31 45 55 58 59 65
 31 45 55 58 59 65 66
 31 45 53 56 58
 31 45 53 56 58 72
 31 45 53 56 58 70 71
 31 45 51 58
 31 45 51 58 72
 31 45 51 58 70
 31 45 51 58 70 72
 31 45 51 58 68 69
 31 45 51 58 68 69 72
 31 45 51 58 68 69 70 71
 31 45 51 58 62
 31 45 51 58 62 72
 31 45 51 58 62 70
 31 45 51 58 62 70 72
 31 45 51 58 62 68 69
 31 45 51 58 62 68 69 72
 31 45 51 58 62 68 69 70 71
 31 45 51 56 58
 31 45 51 56 58 72
 31 45 51 56 58 70 71
 31 45 51 55 58
 31 45 51 55 58 72
 31 45 51 55 58 70 71
 31 45 50 51 56 58
 31 45 50 51 56 58 72
 31 45 50 51 56 58 70 71
 31 45 49 55 58 59
 31 45 49 50 58
 31 45 49 50 58 72
 31 45 49 50 58 70
 31 45 49 50 58 70 72
 31 45 49 50 58 68 69
 31 45 49 50 58 68 69 72
 31 45 49 50 58 68 69 70 71
 31 45 49 50 58 62
 31 45 49 50 58 62 72
 31 45 49 50 58 62 70
 31 45 49 50 58 62 70 72
 31 45 49 50 58 62 68 69
 31 45 49 50 58 62 68 69 72
 31 45 49 50 58 62 68 69 70 71
 31 45 49 50 56 58
 31 45 49 50 56 58 72
 31 45 49 50 56 58 70 71
 31 45 49 50 55 58
 31 45 49 50 55 58 72
 31 45 49 50 55 58 70 71
 31 45 49 50 52 56 58
 31 45 49 50 52 56 58 72
 31 45 49 50 52 56 58 70 71
 31 45 49 50 51 56 58
 31 45 49 50 51 56 58 72
 31 45 49 50 51 56 58 70 71
 31 45 47 58
 31 43 45 51 58
 31 43 45 51 58 72
 31 43 45 51 58 70 71
 31 43 45 51 58 62
 31 43 45 51 58 62 72
 31 43 45 51 58 62 70 71
 31 43 45 49 50 58
 31 43 45 49 50 58 72
 31 43 45 49 50 58 70 71
 31 43 45 49 50 58 62
 31 43 45 49 50 58 62 72
 31 43 45 49 50 58 62 70 71
 31 43 44 56 58 72
 31 43 44 56 58 70 71
 31 43 44 56 58 62 72
 31 43 44 56 58 62 70 71
 31 43 44 53 56 58 72
 31 43 44 53 56 58 70 71
 31 43 44 51 58 70 72
 31 43 44 51 58 70 71
 31 43 44 51 58 68 69 72
 31 43 44 51 58 68 69 70 71
 31 43 44 51 58 62 70 72
 31 43 44 51 58 62 70 71
 31 43 44 51 58 62 68 69 72
 31 43 44 51 58 62 68 69 70 71
 31 43 44 51 56 58 72
 31 43 44 51 56 58 70 71
 31 43 44 51 55 58 72
 31 43 44 51 55 58 70 71
 31 43 44 50 51 56 58 72
 31 43 44 50 51 56 58 70 71
 31 43 44 49 50 58 70 72
 31 43 44 49 50 58 70 71
 31 43 44 49 50 58 68 69 72
 31 43 44 49 50 58 68 69 70 71
 31 43 44 49 50 58 62 70 72
 31 43 44 49 50 58 62 70 71
 31 43 44 49 50 58 62 68 69 72
 31 43 44 49 50 58 62 68 69 70 71
 31 43 44 49 50 56 58 72
 31 43 44 49 50 56 58 70 71
 31 43 44 49 50 55 58 72
 31 43 44 49 50 55 58 70 71
 31 43 44 49 50 52 56 58 72
 31 43 44 49 50 52 56 58 70 71
 31 43 44 49 50 51 56 58 72
 31 43 44 49 50 51 56 58 70 71
 31 43 44 45 56 58
 31 43 44 45 56 58 62
 31 43 44 45 53 56 58
 31 43 44 45 51 58 70
 31 43 44 45 51 58 68 69
 31 43 44 45 51 58 62 70
 31 43 44 45 51 58 62 68 69
 31 43 44 45 51 56 58
 31 43 44 45 51 55 58
 31 43 44 45 50 51 56 58
 31 43 44 45 49 50 58 70
 31 43 44 45 49 50 58 68 69
 31 43 44 45 49 50 58 62 70
 31 43 44 45 49 50 58 62 68 69
 31 43 44 45 49 50 56 58
 31 43 44 45 49 50 55 58
 31 43 44 45 49 50 52 56 58
 31 43 44 45 49 50 51 56 58
 31 40 57 58 72 74
 31 40 57 58 72 73
 31 40 57 58 70 71 74
 31 40 57 58 70 71 72 73
 31 40 57 58 65 72
 31 40 57 58 65 70 71
 31 40 57 58 63 64 72
 31 40 57 58 63 64 70 71
 31 40 55 58 59 72
 31 40 55 58 59 70 71
 31 40 47 58 70 72
 31 40 47 58 70 71
 31 40 47 58 68 69 72
 31 40 47 58 68 69 70 71
 31 40 47 57 58 72
 31 40 47 57 58 70 71
 31 40 45 57 58 74
 31 40 45 57 58 72 73
 31 40 45 57 58 65
 31 40 45 57 58 63 64
 31 40 45 55 58 59
 31 40 45 47 58 70
 31 40 45 47 58 68 69
 31 40 45 47 57 58
 31 40 45 46 58 70
 31 40 45 46 58 70 72
 31 40 45 46 58 70 71
 31 40 45 46 58 68 69
 31 40 45 46 58 68 69 72
 31 40 45 46 58 68 69 70 71
 31 40 43 47 58 72
 31 40 43 47 58 70 71
 31 40 43 45 47 58
 31 40 43 45 46 58
 31 40 43 45 46 58 72
 31 40 43 45 46 58 70 71
 31 38 58 72 74
 31 38 58 72 73
 31 38 58 70 71 74
 31 38 58 70 71 72 73
 31 38 58 65 72
 31 38 58 65 70 71
 31 38 58 63 64 72
 31 38 58 63 64 70 71
 31 38 47 58 72
 31 38 47 58 70 71
 31 38 45 58 74
 31 38 45 58 72 73
 31 38 45 58 65
 31 38 45 58 63 64
 31 38 45 56 58
 31 38 45 56 58 72
 31 38 45 56 58 70 71
 31 38 45 47 58
 31 38 43 44 56 58 72
 31 38 43 44 56 58 70 71
 31 38 43 44 45 56 58
 31 38 40 57 58 72
 31 38 40 57 58 70 71
 31 38 40 45 57 58
 31 38 39 57 58 72
 31 38 39 57 58 72 74
 31 38 39 57 58 72 73
 31 38 39 57 58 70 71
 31 38 39 57 58 70 71 74
 31 38 39 57 58 70 71 72 73
 31 38 39 57 58 65 72
 31 38 39 57 58 65 70 71
 31 38 39 57 58 63 64 72
 31 38 39 57 58 63 64 70 71
 31 38 39 47 58 70 72
 31 38 39 47 58 70 71
 31 38 39 47 58 68 69 72
 31 38 39 47 58 68 69 70 71
 31 38 39 47 57 58 72
 31 38 39 47 57 58 70 71
 31 38 39 45 57 58
 31 38 39 45 57 58 74
 31 38 39 45 57 58 72 73
 31 38 39 45 57 58 65
 31 38 39 45 57 58 63 64
 31 38 39 45 47 58 70
 31 38 39 45 47 58 68 69
 31 38 39 45 47 57 58
 31 38 39 45 46 58 70
 31 38 39 45 46 58 70 72
 31 38 39 45 46 58 70 71
 31 38 39 45 46 58 68 69
 31 38 39 45 46 58 68 69 72
 31 38 39 45 46 58 68 69 70 71
 31 38 39 43 47 58 72
 31 38 39 43 47 58 70 71
 31 38 39 43 45 47 58
 31 38 39 43 45 46 58
 31 38 39 43 45 46 58 72
 31 38 39 43 45 46 58 70 71
 31 36 37 58 72 74
 31 36 37 58 72 73
 31 36 37 58 70 71 74
 31 36 37 58 70 71 72 73
 31 36 37 58 65 72
 31 36 37 58 65 70 71
 31 36 37 58 63 64 72
 31 36 37 58 63 64 70 71
 31 36 37 47 58 72
 31 36 37 47 58 70 71
 31 36 37 45 58 74
 31 36 37 45 58 72 73
 31 36 37 45 58 65
 31 36 37 45 58 63 64
 31 36 37 45 56 58
 31 36 37 45 56 58 72
 31 36 37 45 56 58 70 71
 31 36 37 45 47 58
 31 36 37 43 44 56 58 72
 31 36 37 43 44 56 58 70 71
 31 36 37 43 44 45 56 58
 31 36 37 38 58 72
 31 36 37 38 58 70 71
 31 36 37 38 45 58
 28 47 58 74
 28 47 58 72
 28 47 58 72 74
 28 47 58 70 71
 28 47 58 70 71 74
 28 47 58 70 71 72 73
 28 47 58 65
 28 47 58 63 64
 28 47 58 62
 28 47 56 58 70
 28 47 56 58 70 74
 28 47 56 58 70 72 73
 28 47 56 58 68 69
 28 47 56 58 68 69 74
 28 47 56 58 68 69 72 73
 28 47 54 55 58 70
 28 47 54 55 58 70 74
 28 47 54 55 58 70 72 73
 28 47 54 55 58 68 69
 28 47 54 55 58 68 69 74
 28 47 54 55 58 68 69 72 73
 28 45 55 58
 28 45 47 58
 28 45 47 58 74
 28 45 47 58 72 73
 28 45 46 58
 28 45 46 58 72 74
 28 45 46 58 72 73
 28 45 46 58 70 71 74
 28 45 46 58 70 71 72 73
 28 45 46 58 65
 28 45 46 58 63 64
 28 45 46 58 62
 28 45 46 56 58 70 74
 28 45 46 56 58 70 72 73
 28 45 46 56 58 68 69 74
 28 45 46 56 58 68 69 72 73
 28 45 46 54 55 58 70 74
 28 45 46 54 55 58 70 72 73
 28 45 46 54 55 58 68 69 74
 28 45 46 54 55 58 68 69 72 73
 28 45 46 47 58 72
 28 45 46 47 58 70 71
 28 45 46 47 56 58 70
 28 45 46 47 56 58 68 69
 28 45 46 47 54 55 58 70
 28 45 46 47 54 55 58 68 69
 28 43 47 56 58
 28 43 47 56 58 74
 28 43 47 56 58 72 73
 28 43 47 54 55 58
 28 43 47 54 55 58 74
 28 43 47 54 55 58 72 73
 28 43 45 46 56 58 74
 28 43 45 46 56 58 72 73
 28 43 45 46 54 55 58 74
 28 43 45 46 54 55 58 72 73
 28 43 45 46 47 56 58
 28 43 45 46 47 54 55 58
 28 43 44 55 58
 28 40 45 57 60 70
 28 40 45 57 60 68 69
 28 40 43 45 57 60
 28 40 43 44 57 60
 28 40 43 44 57 60 70
 28 40 43 44 57 60 68 69
 28 38 47 58
 28 38 45 46 58
 28 38 39 45 57 60 70
 28 38 39 45 57 60 68 69
 28 38 39 43 45 57 60
 28 38 39 43 44 57 60
 28 38 39 43 44 57 60 70
 28 38 39 43 44 57 60 68 69
 28 35 55 74
 28 35 55 72 73
 28 35 47 55
 28 29 47 58 70
 28 29 47 58 70 74
 28 29 47 58 70 72 73
 28 29 47 58 68 69
 28 29 47 58 68 69 74
 28 29 47 58 68 69 72 73
 28 29 45 46 58 70 74
 28 29 45 46 58 70 72 73
 28 29 45 46 58 68 69 74
 28 29 45 46 58 68 69 72 73
 28 29 45 46 47 58 70
 28 29 45 46 47 58 68 69
 28 29 43 47 58
 28 29 43 47 58 74
 28 29 43 47 58 72 73
 28 29 43 45 46 58 74
 28 29 43 45 46 58 72 73
 28 29 43 45 46 47 58
 26 47 55 58
 26 45 56 58
 26 45 56 58 72
 26 45 56 58 70 71
 26 45 56 57 58
 26 45 56 57 58 72
 26 45 56 57 58 70 71
 26 45 46 55 58
 26 43 44 56 58 72
 26 43 44 56 58 70 71
 26 43 44 56 57 58 72
 26 43 44 56 57 58 70 71
 26 43 44 45 56 58
 26 43 44 45 56 57 58
 26 38 47 55 58
 26 38 45 46 55 58
 26 36 37 47 55 58
 26 36 37 45 46 55 58
 26 31 45 56 58
 26 31 45 56 58 72
 26 31 45 56 58 70 71
 26 31 43 44 56 58 72
 26 31 43 44 56 58 70 71
 26 31 43 44 45 56 58
 26 27 47 58 74
 26 27 47 58 72
 26 27 47 58 72 74
 26 27 47 58 70 71
 26 27 47 58 70 71 74
 26 27 47 58 70 71 72 73
 26 27 47 58 65
 26 27 47 58 63 64
 26 27 47 58 62
 26 27 47 56 58 70
 26 27 47 56 58 70 74
 26 27 47 56 58 70 72 73
 26 27 47 56 58 68 69
 26 27 47 56 58 68 69 74
 26 27 47 56 58 68 69 72 73
 26 27 47 54 55 58 70
 26 27 47 54 55 58 70 74
 26 27 47 54 55 58 70 72 73
 26 27 47 54 55 58 68 69
 26 27 47 54 55 58 68 69 74
 26 27 47 54 55 58 68 69 72 73
 26 27 45 55 58
 26 27 45 47 58
 26 27 45 47 58 74
 26 27 45 47 58 72 73
 26 27 45 46 58
 26 27 45 46 58 72 74
 26 27 45 46 58 72 73
 26 27 45 46 58 70 71 74
 26 27 45 46 58 70 71 72 73
 26 27 45 46 58 65
 26 27 45 46 58 63 64
 26 27 45 46 58 62
 26 27 45 46 56 58 70 74
 26 27 45 46 56 58 70 72 73
 26 27 45 46 56 58 68 69 74
 26 27 45 46 56 58 68 69 72 73
 26 27 45 46 54 55 58 70 74
 26 27 45 46 54 55 58 70 72 73
 26 27 45 46 54 55 58 68 69 74
 26 27 45 46 54 55 58 68 69 72 73
 26 27 45 46 47 58 72
 26 27 45 46 47 58 70 71
 26 27 45 46 47 56 58 70
 26 27 45 46 47 56 58 68 69
 26 27 45 46 47 54 55 58 70
 26 27 45 46 47 54 55 58 68 69
 26 27 43 47 56 58
 26 27 43 47 56 58 74
 26 27 43 47 56 58 72 73
 26 27 43 47 54 55 58
 26 27 43 47 54 55 58 74
 26 27 43 47 54 55 58 72 73
 26 27 43 45 46 56 58 74
 26 27 43 45 46 56 58 72 73
 26 27 43 45 46 54 55 58 74
 26 27 43 45 46 54 55 58 72 73
 26 27 43 45 46 47 56 58
 26 27 43 45 46 47 54 55 58
 26 27 43 44 55 58
 26 27 40 45 57 60 70
 26 27 40 45 57 60 68 69
 26 27 40 43 45 57 60
 26 27 40 43 44 57 60
 26 27 40 43 44 57 60 70
 26 27 40 43 44 57 60 68 69
 26 27 38 47 58
 26 27 38 45 46 58
 26 27 38 39 45 57 60 70
 26 27 38 39 45 57 60 68 69
 26 27 38 39 43 45 57 60
 26 27 38 39 43 44 57 60
 26 27 38 39 43 44 57 60 70
 26 27 38 39 43 44 57 60 68 69
 26 27 35 55 74
 26 27 35 55 72 73
 26 27 35 47 55
 26 27 29 47 58 70
 26 27 29 47 58 70 74
 26 27 29 47 58 70 72 73
 26 27 29 47 58 68 69
 26 27 29 47 58 68 69 74
 26 27 29 47 58 68 69 72 73
 26 27 29 45 46 58 70 74
 26 27 29 45 46 58 70 72 73
 26 27 29 45 46 58 68 69 74
 26 27 29 45 46 58 68 69 72 73
 26 27 29 45 46 47 58 70
 26 27 29 45 46 47 58 68 69
 26 27 29 43 47 58
 26 27 29 43 47 58 74
 26 27 29 43 47 58 72 73
 26 27 29 43 45 46 58 74
 26 27 29 43 45 46 58 72 73
 26 27 29 43 45 46 47 58
 25 45 51 56 58
 25 45 51 56 58 72
 25 45 51 56 58 70 71
 25 45 51 56 57 58
 25 45 51 56 57 58 72
 25 45 51 56 57 58 70 71
 25 45 49 50 56 58
 25 45 49 50 56 58 72
 25 45 49 50 56 58 70 71
 25 45 49 50 56 57 58
 25 45 49 50 56 57 58 72
 25 45 49 50 56 57 58 70 71
 25 43 44 51 56 58 72
 25 43 44 51 56 58 70 71
 25 43 44 51 56 57 58 72
 25 43 44 51 56 57 58 70 71
 25 43 44 49 50 56 58 72
 25 43 44 49 50 56 58 70 71
 25 43 44 49 50 56 57 58 72
 25 43 44 49 50 56 57 58 70 71
 25 43 44 45 51 56 58
 25 43 44 45 51 56 57 58
 25 43 44 45 49 50 56 58
 25 43 44 45 49 50 56 57 58
 25 31 45 51 56 58
 25 31 45 51 56 58 72
 25 31 45 51 56 58 70 71
 25 31 45 49 50 56 58
 25 31 45 49 50 56 58 72
 25 31 45 49 50 56 58 70 71
 25 31 43 44 51 56 58 72
 25 31 43 44 51 56 58 70 71
 25 31 43 44 49 50 56 58 72
 25 31 43 44 49 50 56 58 70 71
 25 31 43 44 45 51 56 58
 25 31 43 44 45 49 50 56 58
 24 58
 24 58 62
 24 45 58
 24 45 58 72
 24 45 58 70
 24 45 58 70 72
 24 45 58 68 69
 24 45 58 68 69 72
 24 45 58 68 69 70 71
 24 45 58 62
 24 45 58 62 72
 24 45 58 62 70
 24 45 58 62 70 72
 24 45 58 62 68 69
 24 45 58 62 68 69 72
 24 45 58 62 68 69 70 71
 24 45 56 58
 24 45 56 58 72
 24 45 56 58 70 71
 24 45 56 57 58 70
 24 45 56 57 58 70 72
 24 45 56 57 58 70 71
 24 45 56 57 58 68 69
 24 45 56 57 58 68 69 72
 24 45 56 57 58 68 69 70 71
 24 45 56 57 58 62
 24 45 56 57 58 62 72
 24 45 56 57 58 62 70
 24 45 56 57 58 62 70 72
 24 45 56 57 58 62 68 69
 24 45 56 57 58 62 68 69 72
 24 45 56 57 58 62 68 69 70 71
 24 45 55 58
 24 45 55 58 74
 24 45 55 58 72
 24 45 55 58 72 73
 24 45 55 58 70 71
 24 45 55 58 65
 24 45 55 58 63 64
 24 45 55 56 57 58
 24 45 55 56 57 58 72
 24 45 55 56 57 58 70 71
 24 45 52 56 58
 24 45 52 56 58 72
 24 45 52 56 58 70 71
 24 45 52 56 57 58
 24 45 52 56 57 58 72
 24 45 52 56 57 58 70 71
 24 45 50 51 56 58
 24 45 50 51 56 58 72
 24 45 50 51 56 58 70 71
 24 45 50 51 56 57 58
 24 45 50 51 56 57 58 72
 24 45 50 51 56 57 58 70 71
 24 45 47 55 58
 24 43 45 58
 24 43 45 58 72
 24 43 45 58 70 71
 24 43 45 58 62
 24 43 45 58 62 72
 24 43 45 58 62 70 71
 24 43 45 56 57 58
 24 43 45 56 57 58 72
 24 43 45 56 57 58 70 71
 24 43 45 56 57 58 62
 24 43 45 56 57 58 62 72
 24 43 45 56 57 58 62 70 71
 24 43 44 58 70 72
 24 43 44 58 70 71
 24 43 44 58 68 69 72
 24 43 44 58 68 69 70 71
 24 43 44 58 62 70 72
 24 43 44 58 62 70 71
 24 43 44 58 62 68 69 72
 24 43 44 58 62 68 69 70 71
 24 43 44 56 58 72
 24 43 44 56 58 70 71
 24 43 44 56 57 58 72
 24 43 44 56 57 58 70 72
 24 43 44 56 57 58 68 69 72
 24 43 44 56 57 58 68 69 70 71
 24 43 44 56 57 58 62 70 72
 24 43 44 56 57 58 62 70 71
 24 43 44 56 57 58 62 68 69 72
 24 43 44 56 57 58 62 68 69 70 71
 24 43 44 55 58 74
 24 43 44 55 58 72
 24 43 44 55 58 72 73
 24 43 44 55 58 70 71
 24 43 44 55 58 65
 24 43 44 55 58 63 64
 24 43 44 55 56 57 58 72
 24 43 44 55 56 57 58 70 71
 24 43 44 52 56 58 72
 24 43 44 52 56 58 70 71
 24 43 44 52 56 57 58 72
 24 43 44 52 56 57 58 70 71
 24 43 44 50 51 56 58 72
 24 43 44 50 51 56 58 70 71
 24 43 44 50 51 56 57 58 72
 24 43 44 50 51 56 57 58 70 71
 24 43 44 47 55 58
 24 43 44 45 58 70
 24 43 44 45 58 68 69
 24 43 44 45 58 62 70
 24 43 44 45 58 62 68 69
 24 43 44 45 56 58
 24 43 44 45 56 57 58
 24 43 44 45 56 57 58 70
 24 43 44 45 56 57 58 68 69
 24 43 44 45 56 57 58 62 70
 24 43 44 45 56 57 58 62 68 69
 24 43 44 45 55 58
 24 43 44 45 55 56 57 58
 24 43 44 45 52 56 58
 24 43 44 45 52 56 57 58
 24 43 44 45 50 51 56 58
 24 43 44 45 50 51 56 57 58
 24 38 45 55 58
 24 38 43 44 55 58
 24 31 45 58
 24 31 45 58 72
 24 31 45 58 70
 24 31 45 58 70 72
 24 31 45 58 68 69
 24 31 45 58 68 69 72
 24 31 45 58 68 69 70 71
 24 31 45 58 62
 24 31 45 58 62 72
 24 31 45 58 62 70
 24 31 45 58 62 70 72
 24 31 45 58 62 68 69
 24 31 45 58 62 68 69 72
 24 31 45 58 62 68 69 70 71
 24 31 45 56 58
 24 31 45 56 58 72
 24 31 45 56 58 70 71
 24 31 45 55 58
 24 31 45 55 58 72
 24 31 45 55 58 70 71
 24 31 45 52 56 58
 24 31 45 52 56 58 72
 24 31 45 52 56 58 70 71
 24 31 45 50 51 56 58
 24 31 45 50 51 56 58 72
 24 31 45 50 51 56 58 70 71
 24 31 43 45 58
 24 31 43 45 58 72
 24 31 43 45 58 70 71
 24 31 43 45 58 62
 24 31 43 45 58 62 72
 24 31 43 45 58 62 70 71
 24 31 43 44 58 70 72
 24 31 43 44 58 70 71
 24 31 43 44 58 68 69 72
 24 31 43 44 58 68 69 70 71
 24 31 43 44 58 62 70 72
 24 31 43 44 58 62 70 71
 24 31 43 44 58 62 68 69 72
 24 31 43 44 58 62 68 69 70 71
 24 31 43 44 56 58 72
 24 31 43 44 56 58 70 71
 24 31 43 44 55 58 72
 24 31 43 44 55 58 70 71
 24 31 43 44 52 56 58 72
 24 31 43 44 52 56 58 70 71
 24 31 43 44 50 51 56 58 72
 24 31 43 44 50 51 56 58 70 71
 24 31 43 44 45 58 70
 24 31 43 44 45 58 68 69
 24 31 43 44 45 58 62 70
 24 31 43 44 45 58 62 68 69
 24 31 43 44 45 56 58
 24 31 43 44 45 55 58
 24 31 43 44 45 52 56 58
 24 31 43 44 45 50 51 56 58
 24 25 47 55 58
 24 25 45 56 58
 24 25 45 56 58 72
 24 25 45 56 58 70 71
 24 25 45 56 57 58
 24 25 45 56 57 58 72
 24 25 45 56 57 58 70 71
 24 25 45 46 55 58
 24 25 43 44 56 58 72
 24 25 43 44 56 58 70 71
 24 25 43 44 56 57 58 72
 24 25 43 44 56 57 58 70 71
 24 25 43 44 45 56 58
 24 25 43 44 45 56 57 58
 24 25 38 47 55 58
 24 25 38 45 46 55 58
 24 25 36 37 47 55 58
 24 25 36 37 45 46 55 58
 24 25 31 45 56 58
 24 25 31 45 56 58 72
 24 25 31 45 56 58 70 71
 24 25 31 43 44 56 58 72
 24 25 31 43 44 56 58 70 71
 24 25 31 43 44 45 56 58
 20 58
 20 55 58 68
 20 41 58 72
 20 41 58 70 71
 20 41 45 58
 20 40 58 70 72
 20 40 58 70 71
 20 40 58 68 69 72
 20 40 58 68 69 70 71
 20 40 57 58
 20 40 56 57 58 70 72
 20 40 56 57 58 70 71
 20 40 56 57 58 68 69 72
 20 40 56 57 58 68 69 70 71
 20 40 45 58 70
 20 40 45 58 68 69
 20 40 45 56 57 58 70
 20 40 45 56 57 58 68 69
 20 40 43 58 72
 20 40 43 58 70 71
 20 40 43 56 57 58 72
 20 40 43 56 57 58 70 71
 20 40 43 45 58
 20 40 43 45 56 57 58
 20 39 40 58 72
 20 39 40 58 70 71
 20 39 40 45 58
 20 38 55 58 68
 20 38 39 58 70 72
 20 38 39 58 70 71
 20 38 39 58 68 69 72
 20 38 39 58 68 69 70 71
 20 38 39 57 58
 20 38 39 56 57 58 70 72
 20 38 39 56 57 58 70 71
 20 38 39 56 57 58 68 69 72
 20 38 39 56 57 58 68 69 70 71
 20 38 39 45 58 70
 20 38 39 45 58 68 69
 20 38 39 45 56 57 58 70
 20 38 39 45 56 57 58 68 69
 20 38 39 43 58 72
 20 38 39 43 58 70 71
 20 38 39 43 56 57 58 72
 20 38 39 43 56 57 58 70 71
 20 38 39 43 45 58
 20 38 39 43 45 56 57 58
 20 36 37 55 58 68
 20 31 40 58 70 72
 20 31 40 58 70 71
 20 31 40 58 68 69 72
 20 31 40 58 68 69 70 71
 20 31 40 45 58 70
 20 31 40 45 58 68 69
 20 31 40 43 58 72
 20 31 40 43 58 70 71
 20 31 40 43 45 58
 20 31 38 39 58 70 72
 20 31 38 39 58 70 71
 20 31 38 39 58 68 69 72
 20 31 38 39 58 68 69 70 71
 20 31 38 39 45 58 70
 20 31 38 39 45 58 68 69
 20 31 38 39 43 58 72
 20 31 38 39 43 58 70 71
 20 31 38 39 43 45 58
 20 28 58
 20 28 58 74
 20 28 58 72 74
 20 28 58 70 71 74
 20 28 58 70 71 72 73
 20 28 58 65
 20 28 58 63 64
 20 28 58 62
 20 28 56 58 70 74
 20 28 56 58 70 72 73
 20 28 56 58 68 69 74
 20 28 56 58 68 69 72 73
 20 28 54 55 58 70 74
 20 28 54 55 58 70 72 73
 20 28 54 55 58 68 69 74
 20 28 54 55 58 68 69 72 73
 20 28 47 58
 20 28 47 58 72
 20 28 47 58 70 71
 20 28 47 56 58 70
 20 28 47 56 58 68 69
 20 28 47 54 55 58 70
 20 28 47 54 55 58 68 69
 20 28 45 58 74
 20 28 45 58 72 73
 20 28 45 47 58
 20 28 43 56 58 74
 20 28 43 56 58 72 73
 20 28 43 54 55 58 74
 20 28 43 54 55 58 72 73
 20 28 43 47 56 58
 20 28 43 47 54 55 58
 20 28 38 58
 20 28 29 58 70 74
 20 28 29 58 70 72 73
 20 28 29 58 68 69 74
 20 28 29 58 68 69 72 73
 20 28 29 47 58 70
 20 28 29 47 58 68 69
 20 28 29 43 58 74
 20 28 29 43 58 72 73
 20 28 29 43 47 58
 20 26 55 58
 20 26 38 55 58
 20 26 36 37 55 58
 20 26 27 58
 20 26 27 58 74
 20 26 27 58 72 74
 20 26 27 58 70 71 74
 20 26 27 58 70 71 72 73
 20 26 27 58 65
 20 26 27 58 63 64
 20 26 27 58 62
 20 26 27 56 58 70 74
 20 26 27 56 58 70 72 73
 20 26 27 56 58 68 69 74
 20 26 27 56 58 68 69 72 73
 20 26 27 54 55 58 70 74
 20 26 27 54 55 58 70 72 73
 20 26 27 54 55 58 68 69 74
 20 26 27 54 55 58 68 69 72 73
 20 26 27 47 58
 20 26 27 47 58 72
 20 26 27 47 58 70 71
 20 26 27 47 56 58 70
 20 26 27 47 56 58 68 69
 20 26 27 47 54 55 58 70
 20 26 27 47 54 55 58 68 69
 20 26 27 45 58 74
 20 26 27 45 58 72 73
 20 26 27 45 47 58
 20 26 27 43 56 58 74
 20 26 27 43 56 58 72 73
 20 26 27 43 54 55 58 74
 20 26 27 43 54 55 58 72 73
 20 26 27 43 47 56 58
 20 26 27 43 47 54 55 58
 20 26 27 38 58
 20 26 27 29 58 70 74
 20 26 27 29 58 70 72 73
 20 26 27 29 58 68 69 74
 20 26 27 29 58 68 69 72 73
 20 26 27 29 47 58 70
 20 26 27 29 47 58 68 69
 20 26 27 29 43 58 74
 20 26 27 29 43 58 72 73
 20 26 27 29 43 47 58
 20 24 25 55 58
 20 24 25 38 55 58
 20 24 25 36 37 55 58
 18 60 72
 18 60 70 71
 18 58 72
 18 58 70 71
 18 56 58 72
 18 56 58 70 71
 18 56 58 62 72
 18 56 58 62 70 71
 18 56 57 58 72
 18 56 57 58 70 71
 18 56 57 58 62 72
 18 56 57 58 62 70 71
 18 55 58 74
 18 55 58 72 73
 18 55 58 66
 18 55 58 64 65
 18 53 56 58 72
 18 53 56 58 70 71
 18 53 56 57 58 72
 18 53 56 57 58 70 71
 18 51 58 72
 18 51 58 70 72
 18 51 58 68 69 72
 18 51 58 68 69 70 71
 18 51 58 62 72
 18 51 58 62 70 72
 18 51 58 62 68 69 72
 18 51 58 62 68 69 70 71
 18 51 56 58 72
 18 51 56 58 70 71
 18 51 56 57 58 70 72
 18 51 56 57 58 70 71
 18 51 56 57 58 68 69 72
 18 51 56 57 58 68 69 70 71
 18 51 56 57 58 62 72
 18 51 56 57 58 62 70 72
 18 51 56 57 58 62 68 69 72
 18 51 56 57 58 62 68 69 70 71
 18 51 55 58 74
 18 51 55 58 72
 18 51 55 58 72 73
 18 51 55 58 70 71
 18 51 55 58 65
 18 51 55 58 63 64
 18 51 55 56 57 58 72
 18 51 55 56 57 58 70 71
 18 50 51 56 58 72
 18 50 51 56 58 70 71
 18 50 51 56 57 58 72
 18 50 51 56 57 58 70 71
 18 49 50 58 72
 18 49 50 58 70 72
 18 49 50 58 68 69 72
 18 49 50 58 68 69 70 71
 18 49 50 58 62 72
 18 49 50 58 62 70 72
 18 49 50 58 62 68 69 72
 18 49 50 58 62 68 69 70 71
 18 49 50 56 58 72
 18 49 50 56 58 70 71
 18 49 50 56 57 58 70 72
 18 49 50 56 57 58 70 71
 18 49 50 56 57 58 68 69 72
 18 49 50 56 57 58 68 69 70 71
 18 49 50 56 57 58 62 72
 18 49 50 56 57 58 62 70 72
 18 49 50 56 57 58 62 68 69 72
 18 49 50 56 57 58 62 68 69 70 71
 18 49 50 55 58 74
 18 49 50 55 58 72
 18 49 50 55 58 72 73
 18 49 50 55 58 70 71
 18 49 50 55 58 65
 18 49 50 55 58 63 64
 18 49 50 55 56 57 58 72
 18 49 50 55 56 57 58 70 71
 18 49 50 52 56 58 72
 18 49 50 52 56 58 70 71
 18 49 50 52 56 57 58 72
 18 49 50 52 56 57 58 70 71
 18 49 50 51 56 58 72
 18 49 50 51 56 58 70 71
 18 49 50 51 56 57 58 72
 18 49 50 51 56 57 58 70 71
 18 47 55 58
 18 47 51 55 58
 18 47 49 50 55 58
 18 45 60
 18 45 58
 18 45 56 58
 18 45 56 58 62
 18 45 56 57 58
 18 45 56 57 58 62
 18 45 53 56 58
 18 45 53 56 57 58
 18 45 51 58
 18 45 51 58 70
 18 45 51 58 68 69
 18 45 51 58 62
 18 45 51 58 62 70
 18 45 51 58 62 68 69
 18 45 51 56 58
 18 45 51 56 57 58 70
 18 45 51 56 57 58 68 69
 18 45 51 56 57 58 62
 18 45 51 56 57 58 62 70
 18 45 51 56 57 58 62 68 69
 18 45 51 55 58
 18 45 51 55 56 57 58
 18 45 50 51 56 58
 18 45 50 51 56 57 58
 18 45 49 50 58
 18 45 49 50 58 70
 18 45 49 50 58 68 69
 18 45 49 50 58 62
 18 45 49 50 58 62 70
 18 45 49 50 58 62 68 69
 18 45 49 50 56 58
 18 45 49 50 56 57 58 70
 18 45 49 50 56 57 58 68 69
 18 45 49 50 56 57 58 62
 18 45 49 50 56 57 58 62 70
 18 45 49 50 56 57 58 62 68 69
 18 45 49 50 55 58
 18 45 49 50 55 56 57 58
 18 45 49 50 52 56 58
 18 45 49 50 52 56 57 58
 18 45 49 50 51 56 58
 18 45 49 50 51 56 57 58
 18 43 51 58 72
 18 43 51 58 70 71
 18 43 51 58 62 72
 18 43 51 58 62 70 71
 18 43 51 56 57 58 72
 18 43 51 56 57 58 70 71
 18 43 51 56 57 58 62 72
 18 43 51 56 57 58 62 70 71
 18 43 49 50 58 72
 18 43 49 50 58 70 71
 18 43 49 50 58 62 72
 18 43 49 50 58 62 70 71
 18 43 49 50 56 57 58 72
 18 43 49 50 56 57 58 70 71
 18 43 49 50 56 57 58 62 72
 18 43 49 50 56 57 58 62 70 71
 18 43 45 51 58
 18 43 45 51 58 62
 18 43 45 51 56 57 58
 18 43 45 51 56 57 58 62
 18 43 45 49 50 58
 18 43 45 49 50 58 62
 18 43 45 49 50 56 57 58
 18 43 45 49 50 56 57 58 62
 18 40 57 60 72
 18 40 57 60 70 71
 18 40 57 58
 18 40 57 58 70 74
 18 40 57 58 70 72 73
 18 40 57 58 68 69 74
 18 40 57 58 68 69 72 73
 18 40 57 58 65 70
 18 40 57 58 65 68 69
 18 40 57 58 63 64 70
 18 40 57 58 63 64 68 69
 18 40 55 58
 18 40 55 58
 18 40 55 58 76
 18 40 55 58 74 75
 18 40 55 58 67
 18 40 55 58 65
 18 40 55 58 65 66
 18 40 55 58 64
 18 40 55 58 64
 18 40 55 58 64 76
 18 40 55 58 64 74 75
 18 40 55 58 64 67
 18 40 55 58 64 65
 18 40 55 58 64 65 66
 18 40 55 58 62
 18 40 55 58 62 64
 18 40 49 55 58
 18 40 49 55 58 64
 18 40 47 57 58 70
 18 40 47 57 58 68 69
 18 40 45 57 60
 18 40 43 57 58 74
 18 40 43 57 58 72
 18 40 43 57 58 72 73
 18 40 43 57 58 70 71
 18 40 43 57 58 65
 18 40 43 57 58 63 64
 18 40 43 47 57 58
 18 40 43 45 57 58
 18 40 41 42 57 58 72
 18 40 41 42 57 58 70 71
 18 40 41 42 45 57 58
 18 39 55 58
 18 39 40 60 72
 18 39 40 60 70 71
 18 39 40 45 60
 18 38 56 58 72
 18 38 56 58 70 71
 18 38 56 57 58 72
 18 38 56 57 58 70 71
 18 38 55 57 58
 18 38 51 55 58
 18 38 49 50 55 58
 18 38 45 56 58
 18 38 45 56 57 58
 18 38 40 57 58 70
 18 38 40 57 58 68 69
 18 38 40 43 57 58
 18 38 39 60 72
 18 38 39 60 70 71
 18 38 39 57 60 72
 18 38 39 57 60 70 71
 18 38 39 57 58
 18 38 39 57 58 70
 18 38 39 57 58 70 74
 18 38 39 57 58 70 72 73
 18 38 39 57 58 68 69
 18 38 39 57 58 68 69 74
 18 38 39 57 58 68 69 72 73
 18 38 39 57 58 65 70
 18 38 39 57 58 65 68 69
 18 38 39 57 58 63 64 70
 18 38 39 57 58 63 64 68 69
 18 38 39 55 58
 18 38 39 55 58 76
 18 38 39 55 58 74 75
 18 38 39 55 58 67
 18 38 39 55 58 65
 18 38 39 55 58 65 66
 18 38 39 55 58 64
 18 38 39 55 58 64 76
 18 38 39 55 58 64 74 75
 18 38 39 55 58 64 67
 18 38 39 55 58 64 65
 18 38 39 55 58 64 65 66
 18 38 39 55 58 62
 18 38 39 55 58 62 64
 18 38 39 49 55 58
 18 38 39 49 55 58 64
 18 38 39 47 57 58 70
 18 38 39 47 57 58 68 69
 18 38 39 45 60
 18 38 39 45 57 60
 18 38 39 43 57 58
 18 38 39 43 57 58 74
 18 38 39 43 57 58 72
 18 38 39 43 57 58 72 73
 18 38 39 43 57 58 70 71
 18 38 39 43 57 58 65
 18 38 39 43 57 58 63 64
 18 38 39 43 47 57 58
 18 38 39 43 45 57 58
 18 38 39 41 42 57 58 72
 18 38 39 41 42 57 58 70 71
 18 38 39 41 42 45 57 58
 18 38 39 40 55 58
 18 38 39 40 55 58 64
 18 36 37 56 58 72
 18 36 37 56 58 70 71
 18 36 37 56 57 58 72
 18 36 37 56 57 58 70 71
 18 36 37 55 57 58
 18 36 37 45 56 58
 18 36 37 45 56 57 58
 18 35 58
 18 35 40 57 58
 18 35 38 39 57 58
 18 31 56 58 72
 18 31 56 58 70 71
 18 31 56 58 62 72
 18 31 56 58 62 70 71
 18 31 53 56 58 72
 18 31 53 56 58 70 71
 18 31 51 58 72
 18 31 51 58 70 72
 18 31 51 58 68 69 72
 18 31 51 58 68 69 70 71
 18 31 51 58 62 72
 18 31 51 58 62 70 72
 18 31 51 58 62 68 69 72
 18 31 51 58 62 68 69 70 71
 18 31 51 56 58 72
 18 31 51 56 58 70 71
 18 31 51 55 58 72
 18 31 51 55 58 70 71
 18 31 50 51 56 58 72
 18 31 50 51 56 58 70 71
 18 31 49 50 58 72
 18 31 49 50 58 70 72
 18 31 49 50 58 68 69 72
 18 31 49 50 58 68 69 70 71
 18 31 49 50 58 62 72
 18 31 49 50 58 62 70 72
 18 31 49 50 58 62 68 69 72
 18 31 49 50 58 62 68 69 70 71
 18 31 49 50 56 58 72
 18 31 49 50 56 58 70 71
 18 31 49 50 55 58 72
 18 31 49 50 55 58 70 71
 18 31 49 50 52 56 58 72
 18 31 49 50 52 56 58 70 71
 18 31 49 50 51 56 58 72
 18 31 49 50 51 56 58 70 71
 18 31 45 56 58
 18 31 45 56 58 62
 18 31 45 53 56 58
 18 31 45 51 58
 18 31 45 51 58 70
 18 31 45 51 58 68 69
 18 31 45 51 58 62
 18 31 45 51 58 62 70
 18 31 45 51 58 62 68 69
 18 31 45 51 56 58
 18 31 45 51 55 58
 18 31 45 50 51 56 58
 18 31 45 49 50 58
 18 31 45 49 50 58 70
 18 31 45 49 50 58 68 69
 18 31 45 49 50 58 62
 18 31 45 49 50 58 62 70
 18 31 45 49 50 58 62 68 69
 18 31 45 49 50 56 58
 18 31 45 49 50 55 58
 18 31 45 49 50 52 56 58
 18 31 45 49 50 51 56 58
 18 31 43 51 58 72
 18 31 43 51 58 70 71
 18 31 43 51 58 62 72
 18 31 43 51 58 62 70 71
 18 31 43 49 50 58 72
 18 31 43 49 50 58 70 71
 18 31 43 49 50 58 62 72
 18 31 43 49 50 58 62 70 71
 18 31 43 45 51 58
 18 31 43 45 51 58 62
 18 31 43 45 49 50 58
 18 31 43 45 49 50 58 62
 18 31 38 56 58 72
 18 31 38 56 58 70 71
 18 31 38 45 56 58
 18 31 36 37 56 58 72
 18 31 36 37 56 58 70 71
 18 31 36 37 45 56 58
 18 28 55 58
 18 28 40 57 60 70
 18 28 40 57 60 68 69
 18 28 40 43 57 60
 18 28 38 39 57 60 70
 18 28 38 39 57 60 68 69
 18 28 38 39 43 57 60
 18 26 56 58 72
 18 26 56 58 70 71
 18 26 56 57 58 72
 18 26 56 57 58 70 71
 18 26 45 56 58
 18 26 45 56 57 58
 18 26 31 56 58 72
 18 26 31 56 58 70 71
 18 26 31 45 56 58
 18 26 27 55 58
 18 26 27 40 57 60 70
 18 26 27 40 57 60 68 69
 18 26 27 40 43 57 60
 18 26 27 38 39 57 60 70
 18 26 27 38 39 57 60 68 69
 18 26 27 38 39 43 57 60
 18 25 51 56 58 72
 18 25 51 56 58 70 71
 18 25 51 56 57 58 72
 18 25 51 56 57 58 70 71
 18 25 49 50 56 58 72
 18 25 49 50 56 58 70 71
 18 25 49 50 56 57 58 72
 18 25 49 50 56 57 58 70 71
 18 25 45 51 56 58
 18 25 45 51 56 57 58
 18 25 45 49 50 56 58
 18 25 45 49 50 56 57 58
 18 25 31 51 56 58 72
 18 25 31 51 56 58 70 71
 18 25 31 49 50 56 58 72
 18 25 31 49 50 56 58 70 71
 18 25 31 45 51 56 58
 18 25 31 45 49 50 56 58
 18 24 58 72
 18 24 58 70 72
 18 24 58 68 69 72
 18 24 58 68 69 70 71
 18 24 58 62 72
 18 24 58 62 70 72
 18 24 58 62 68 69 72
 18 24 58 62 68 69 70 71
 18 24 56 58 72
 18 24 56 58 70 71
 18 24 56 57 58 70 72
 18 24 56 57 58 70 71
 18 24 56 57 58 68 69 72
 18 24 56 57 58 68 69 70 71
 18 24 56 57 58 62 72
 18 24 56 57 58 62 70 72
 18 24 56 57 58 62 68 69 72
 18 24 56 57 58 62 68 69 70 71
 18 24 55 58 74
 18 24 55 58 72
 18 24 55 58 72 73
 18 24 55 58 70 71
 18 24 55 58 65
 18 24 55 58 63 64
 18 24 55 56 57 58 72
 18 24 55 56 57 58 70 71
 18 24 52 56 58 72
 18 24 52 56 58 70 71
 18 24 52 56 57 58 72
 18 24 52 56 57 58 70 71
 18 24 50 51 56 58 72
 18 24 50 51 56 58 70 71
 18 24 50 51 56 57 58 72
 18 24 50 51 56 57 58 70 71
 18 24 47 55 58
 18 24 45 58
 18 24 45 58 70
 18 24 45 58 68 69
 18 24 45 58 62
 18 24 45 58 62 70
 18 24 45 58 62 68 69
 18 24 45 56 58
 18 24 45 56 57 58 70
 18 24 45 56 57 58 68 69
 18 24 45 56 57 58 62
 18 24 45 56 57 58 62 70
 18 24 45 56 57 58 62 68 69
 18 24 45 55 58
 18 24 45 55 56 57 58
 18 24 45 52 56 58
 18 24 45 52 56 57 58
 18 24 45 50 51 56 58
 18 24 45 50 51 56 57 58
 18 24 43 58 72
 18 24 43 58 70 71
 18 24 43 58 62 72
 18 24 43 58 62 70 71
 18 24 43 56 57 58 72
 18 24 43 56 57 58 70 71
 18 24 43 56 57 58 62 72
 18 24 43 56 57 58 62 70 71
 18 24 43 45 58
 18 24 43 45 58 62
 18 24 43 45 56 57 58
 18 24 43 45 56 57 58 62
 18 24 38 55 58
 18 24 31 58 72
 18 24 31 58 70 72
 18 24 31 58 68 69 72
 18 24 31 58 68 69 70 71
 18 24 31 58 62 72
 18 24 31 58 62 70 72
 18 24 31 58 62 68 69 72
 18 24 31 58 62 68 69 70 71
 18 24 31 56 58 72
 18 24 31 56 58 70 71
 18 24 31 55 58 72
 18 24 31 55 58 70 71
 18 24 31 52 56 58 72
 18 24 31 52 56 58 70 71
 18 24 31 50 51 56 58 72
 18 24 31 50 51 56 58 70 71
 18 24 31 45 58
 18 24 31 45 58 70
 18 24 31 45 58 68 69
 18 24 31 45 58 62
 18 24 31 45 58 62 70
 18 24 31 45 58 62 68 69
 18 24 31 45 56 58
 18 24 31 45 55 58
 18 24 31 45 52 56 58
 18 24 31 45 50 51 56 58
 18 24 31 43 58 72
 18 24 31 43 58 70 71
 18 24 31 43 58 62 72
 18 24 31 43 58 62 70 71
 18 24 31 43 45 58
 18 24 31 43 45 58 62
 18 24 25 56 58 72
 18 24 25 56 58 70 71
 18 24 25 56 57 58 72
 18 24 25 56 57 58 70 71
 18 24 25 45 56 58
 18 24 25 45 56 57 58
 18 24 25 31 56 58 72
 18 24 25 31 56 58 70 71
 18 24 25 31 45 56 58
 17 55 58 72
 17 55 58 72 76
 17 55 58 72 74 75
 17 55 58 70 71
 17 55 58 70 71 76
 17 55 58 70 71 74 75
 17 55 58 67 72
 17 55 58 67 70 71
 17 55 58 65 72
 17 55 58 65 70 71
 17 55 58 65 66 72
 17 55 58 65 66 70 71
 17 55 56 57 58 72
 17 55 56 57 58 72 76
 17 55 56 57 58 72 74 75
 17 55 56 57 58 70 71
 17 55 56 57 58 70 71 76
 17 55 56 57 58 70 71 74 75
 17 55 56 57 58 67 72
 17 55 56 57 58 67 70 71
 17 55 56 57 58 65 72
 17 55 56 57 58 65 70 71
 17 55 56 57 58 65 66 72
 17 55 56 57 58 65 66 70 71
 17 49 55 58 72
 17 49 55 58 70 71
 17 49 55 56 57 58 72
 17 49 55 56 57 58 70 71
 17 45 55 58
 17 45 55 58 76
 17 45 55 58 74 75
 17 45 55 58 67
 17 45 55 58 65
 17 45 55 58 65 66
 17 45 55 56 57 58
 17 45 55 56 57 58 76
 17 45 55 56 57 58 74 75
 17 45 55 56 57 58 67
 17 45 55 56 57 58 65
 17 45 55 56 57 58 65 66
 17 45 49 55 58
 17 45 49 55 56 57 58
 17 40 55 58 72
 17 40 55 58 70 71
 17 40 55 56 57 58 72
 17 40 55 56 57 58 70 71
 17 40 45 55 58
 17 40 45 55 56 57 58
 17 31 55 58 72
 17 31 55 58 72 76
 17 31 55 58 72 74 75
 17 31 55 58 70 71
 17 31 55 58 70 71 76
 17 31 55 58 70 71 74 75
 17 31 55 58 67 72
 17 31 55 58 67 70 71
 17 31 55 58 65 72
 17 31 55 58 65 70 71
 17 31 55 58 65 66 72
 17 31 55 58 65 66 70 71
 17 31 49 55 58 72
 17 31 49 55 58 70 71
 17 31 45 55 58
 17 31 45 55 58 76
 17 31 45 55 58 74 75
 17 31 45 55 58 67
 17 31 45 55 58 65
 17 31 45 55 58 65 66
 17 31 45 49 55 58
 17 31 40 55 58 72
 17 31 40 55 58 70 71
 17 31 40 45 55 58
 16 40 45 57 58
 16 40 45 57 58 72
 16 40 45 57 58 70 71
 16 40 43 44 57 58 72
 16 40 43 44 57 58 70 71
 16 40 43 44 45 57 58
 16 38 39 45 57 58
 16 38 39 45 57 58 72
 16 38 39 45 57 58 70 71
 16 38 39 43 44 57 58 72
 16 38 39 43 44 57 58 70 71
 16 38 39 43 44 45 57 58
 16 18 40 57 58 72
 16 18 40 57 58 70 71
 16 18 40 45 57 58
 16 18 38 39 57 58 72
 16 18 38 39 57 58 70 71
 16 18 38 39 45 57 58
 15 40 58 72 74
 15 40 58 72 73
 15 40 58 70 71 74
 15 40 58 70 71 72 73
 15 40 58 65 72
 15 40 58 65 70 71
 15 40 58 63 64 72
 15 40 58 63 64 70 71
 15 40 56 57 58 72 74
 15 40 56 57 58 72 73
 15 40 56 57 58 70 71 74
 15 40 56 57 58 70 71 72 73
 15 40 56 57 58 65 72
 15 40 56 57 58 65 70 71
 15 40 56 57 58 63 64 72
 15 40 56 57 58 63 64 70 71
 15 40 47 58
 15 40 47 58 72
 15 40 47 58 70 71
 15 40 47 56 57 58 72
 15 40 47 56 57 58 70 71
 15 40 45 60
 15 40 45 60 72
 15 40 45 60 70 71
 15 40 45 58
 15 40 45 58 74
 15 40 45 58 72 73
 15 40 45 58 70 74
 15 40 45 58 70 72 73
 15 40 45 58 68 69 74
 15 40 45 58 68 69 72 73
 15 40 45 58 65
 15 40 45 58 65 70
 15 40 45 58 65 68 69
 15 40 45 58 63 64
 15 40 45 58 63 64 70
 15 40 45 58 63 64 68 69
 15 40 45 56 57 58 74
 15 40 45 56 57 58 72 73
 15 40 45 56 57 58 65
 15 40 45 56 57 58 63 64
 15 40 45 47 58
 15 40 45 47 58 70
 15 40 45 47 58 68 69
 15 40 45 47 56 57 58
 15 40 45 46 58
 15 40 43 45 58
 15 40 43 45 58 74
 15 40 43 45 58 72
 15 40 43 45 58 72 73
 15 40 43 45 58 70 71
 15 40 43 45 58 65
 15 40 43 45 58 63 64
 15 40 43 45 47 58
 15 40 43 44 60 72
 15 40 43 44 60 70 71
 15 40 43 44 58
 15 40 43 44 58 74
 15 40 43 44 58 72
 15 40 43 44 58 72 73
 15 40 43 44 58 70 74
 15 40 43 44 58 70 72 73
 15 40 43 44 58 70 71
 15 40 43 44 58 68 69 74
 15 40 43 44 58 68 69 72 73
 15 40 43 44 58 65
 15 40 43 44 58 65 70
 15 40 43 44 58 65 68 69
 15 40 43 44 58 63 64
 15 40 43 44 58 63 64 70
 15 40 43 44 58 63 64 68 69
 15 40 43 44 47 58
 15 40 43 44 47 58 70
 15 40 43 44 47 58 68 69
 15 40 43 44 45 60
 15 40 43 44 45 58
 15 40 41 42 45 58
 15 40 41 42 45 58 72
 15 40 41 42 45 58 70 71
 15 40 41 42 43 44 58 72
 15 40 41 42 43 44 58 70 71
 15 40 41 42 43 44 45 58
 15 38 45 55 58
 15 38 43 44 55 58
 15 38 40 58 72
 15 38 40 58 70 71
 15 38 40 56 57 58 72
 15 38 40 56 57 58 70 71
 15 38 40 45 58
 15 38 40 45 58 70
 15 38 40 45 58 68 69
 15 38 40 45 56 57 58
 15 38 40 43 45 58
 15 38 40 43 44 58
 15 38 40 43 44 58 70
 15 38 40 43 44 58 68 69
 15 38 39 58 72
 15 38 39 58 72 74
 15 38 39 58 72 73
 15 38 39 58 70 71
 15 38 39 58 70 71 74
 15 38 39 58 70 71 72 73
 15 38 39 58 65 72
 15 38 39 58 65 70 71
 15 38 39 58 63 64 72
 15 38 39 58 63 64 70 71
 15 38 39 56 57 58 72
 15 38 39 56 57 58 72 74
 15 38 39 56 57 58 72 73
 15 38 39 56 57 58 70 71
 15 38 39 56 57 58 70 71 74
 15 38 39 56 57 58 70 71 72 73
 15 38 39 56 57 58 65 72
 15 38 39 56 57 58 65 70 71
 15 38 39 56 57 58 63 64 72
 15 38 39 56 57 58 63 64 70 71
 15 38 39 47 58
 15 38 39 47 58 72
 15 38 39 47 58 70 71
 15 38 39 47 56 57 58 72
 15 38 39 47 56 57 58 70 71
 15 38 39 45 60
 15 38 39 45 60 72
 15 38 39 45 60 70 71
 15 38 39 45 58 74
 15 38 39 45 58 72 73
 15 38 39 45 58 70
 15 38 39 45 58 70 74
 15 38 39 45 58 70 72 73
 15 38 39 45 58 68 69
 15 38 39 45 58 68 69 74
 15 38 39 45 58 68 69 72 73
 15 38 39 45 58 65
 15 38 39 45 58 65 70
 15 38 39 45 58 65 68 69
 15 38 39 45 58 63 64
 15 38 39 45 58 63 64 70
 15 38 39 45 58 63 64 68 69
 15 38 39 45 56 57 58
 15 38 39 45 56 57 58 74
 15 38 39 45 56 57 58 72 73
 15 38 39 45 56 57 58 65
 15 38 39 45 56 57 58 63 64
 15 38 39 45 47 58
 15 38 39 45 47 58 70
 15 38 39 45 47 58 68 69
 15 38 39 45 47 56 57 58
 15 38 39 45 46 58
 15 38 39 43 45 58 74
 15 38 39 43 45 58 72
 15 38 39 43 45 58 72 73
 15 38 39 43 45 58 70 71
 15 38 39 43 45 58 65
 15 38 39 43 45 58 63 64
 15 38 39 43 45 47 58
 15 38 39 43 44 60 72
 15 38 39 43 44 60 70 71
 15 38 39 43 44 58 74
 15 38 39 43 44 58 72
 15 38 39 43 44 58 72 73
 15 38 39 43 44 58 70
 15 38 39 43 44 58 70 74
 15 38 39 43 44 58 70 72 73
 15 38 39 43 44 58 70 71
 15 38 39 43 44 58 68 69
 15 38 39 43 44 58 68 69 74
 15 38 39 43 44 58 68 69 72 73
 15 38 39 43 44 58 65
 15 38 39 43 44 58 65 70
 15 38 39 43 44 58 65 68 69
 15 38 39 43 44 58 63 64
 15 38 39 43 44 58 63 64 70
 15 38 39 43 44 58 63 64 68 69
 15 38 39 43 44 47 58
 15 38 39 43 44 47 58 70
 15 38 39 43 44 47 58 68 69
 15 38 39 43 44 45 60
 15 38 39 43 44 45 58
 15 38 39 41 42 45 58
 15 38 39 41 42 45 58 72
 15 38 39 41 42 45 58 70 71
 15 38 39 41 42 43 44 58 72
 15 38 39 41 42 43 44 58 70 71
 15 38 39 41 42 43 44 45 58
 15 36 37 45 55 58
 15 36 37 43 44 55 58
 15 35 40 45 58
 15 35 40 43 44 58
 15 35 38 39 45 58
 15 35 38 39 43 44 58
 15 31 40 58 72 74
 15 31 40 58 72 73
 15 31 40 58 70 71 74
 15 31 40 58 70 71 72 73
 15 31 40 58 65 72
 15 31 40 58 65 70 71
 15 31 40 58 63 64 72
 15 31 40 58 63 64 70 71
 15 31 40 47 58 72
 15 31 40 47 58 70 71
 15 31 40 45 58 74
 15 31 40 45 58 72 73
 15 31 40 45 58 65
 15 31 40 45 58 63 64
 15 31 40 45 47 58
 15 31 38 40 58 72
 15 31 38 40 58 70 71
 15 31 38 40 45 58
 15 31 38 39 58 72
 15 31 38 39 58 72 74
 15 31 38 39 58 72 73
 15 31 38 39 58 70 71
 15 31 38 39 58 70 71 74
 15 31 38 39 58 70 71 72 73
 15 31 38 39 58 65 72
 15 31 38 39 58 65 70 71
 15 31 38 39 58 63 64 72
 15 31 38 39 58 63 64 70 71
 15 31 38 39 47 58 72
 15 31 38 39 47 58 70 71
 15 31 38 39 45 58
 15 31 38 39 45 58 74
 15 31 38 39 45 58 72 73
 15 31 38 39 45 58 65
 15 31 38 39 45 58 63 64
 15 31 38 39 45 47 58
 15 28 40 45 60 70
 15 28 40 45 60 68 69
 15 28 40 43 45 60
 15 28 40 43 44 60
 15 28 40 43 44 60 70
 15 28 40 43 44 60 68 69
 15 28 38 39 45 60 70
 15 28 38 39 45 60 68 69
 15 28 38 39 43 45 60
 15 28 38 39 43 44 60
 15 28 38 39 43 44 60 70
 15 28 38 39 43 44 60 68 69
 15 26 27 40 45 60 70
 15 26 27 40 45 60 68 69
 15 26 27 40 43 45 60
 15 26 27 40 43 44 60
 15 26 27 40 43 44 60 70
 15 26 27 40 43 44 60 68 69
 15 26 27 38 39 45 60 70
 15 26 27 38 39 45 60 68 69
 15 26 27 38 39 43 45 60
 15 26 27 38 39 43 44 60
 15 26 27 38 39 43 44 60 70
 15 26 27 38 39 43 44 60 68 69
 15 20 40 58
 15 20 38 39 58
 15 18 40 60 72
 15 18 40 60 70 71
 15 18 40 58
 15 18 40 58 70 74
 15 18 40 58 70 72 73
 15 18 40 58 68 69 74
 15 18 40 58 68 69 72 73
 15 18 40 58 65 70
 15 18 40 58 65 68 69
 15 18 40 58 63 64 70
 15 18 40 58 63 64 68 69
 15 18 40 47 58 70
 15 18 40 47 58 68 69
 15 18 40 45 60
 15 18 40 43 58 74
 15 18 40 43 58 72
 15 18 40 43 58 72 73
 15 18 40 43 58 70 71
 15 18 40 43 58 65
 15 18 40 43 58 63 64
 15 18 40 43 47 58
 15 18 40 43 45 58
 15 18 40 41 42 58 72
 15 18 40 41 42 58 70 71
 15 18 40 41 42 45 58
 15 18 38 55 58
 15 18 38 40 58 70
 15 18 38 40 58 68 69
 15 18 38 40 43 58
 15 18 38 39 60 72
 15 18 38 39 60 70 71
 15 18 38 39 58
 15 18 38 39 58 70
 15 18 38 39 58 70 74
 15 18 38 39 58 70 72 73
 15 18 38 39 58 68 69
 15 18 38 39 58 68 69 74
 15 18 38 39 58 68 69 72 73
 15 18 38 39 58 65 70
 15 18 38 39 58 65 68 69
 15 18 38 39 58 63 64 70
 15 18 38 39 58 63 64 68 69
 15 18 38 39 47 58 70
 15 18 38 39 47 58 68 69
 15 18 38 39 45 60
 15 18 38 39 43 58
 15 18 38 39 43 58 74
 15 18 38 39 43 58 72
 15 18 38 39 43 58 72 73
 15 18 38 39 43 58 70 71
 15 18 38 39 43 58 65
 15 18 38 39 43 58 63 64
 15 18 38 39 43 47 58
 15 18 38 39 43 45 58
 15 18 38 39 41 42 58 72
 15 18 38 39 41 42 58 70 71
 15 18 38 39 41 42 45 58
 15 18 36 37 55 58
 15 18 35 40 58
 15 18 35 38 39 58
 15 18 28 40 60 70
 15 18 28 40 60 68 69
 15 18 28 40 43 60
 15 18 28 38 39 60 70
 15 18 28 38 39 60 68 69
 15 18 28 38 39 43 60
 15 18 26 27 40 60 70
 15 18 26 27 40 60 68 69
 15 18 26 27 40 43 60
 15 18 26 27 38 39 60 70
 15 18 26 27 38 39 60 68 69
 15 18 26 27 38 39 43 60
 15 16 55 58 72
 15 16 55 58 72 76
 15 16 55 58 72 74 75
 15 16 55 58 70 71
 15 16 55 58 70 71 76
 15 16 55 58 70 71 74 75
 15 16 55 58 67 72
 15 16 55 58 67 70 71
 15 16 55 58 65 72
 15 16 55 58 65 70 71
 15 16 55 58 65 66 72
 15 16 55 58 65 66 70 71
 15 16 55 56 57 58 72
 15 16 55 56 57 58 72 76
 15 16 55 56 57 58 72 74 75
 15 16 55 56 57 58 70 71
 15 16 55 56 57 58 70 71 76
 15 16 55 56 57 58 70 71 74 75
 15 16 55 56 57 58 67 72
 15 16 55 56 57 58 67 70 71
 15 16 55 56 57 58 65 72
 15 16 55 56 57 58 65 70 71
 15 16 55 56 57 58 65 66 72
 15 16 55 56 57 58 65 66 70 71
 15 16 49 55 58 72
 15 16 49 55 58 70 71
 15 16 49 55 56 57 58 72
 15 16 49 55 56 57 58 70 71
 15 16 45 55 58
 15 16 45 55 58 76
 15 16 45 55 58 74 75
 15 16 45 55 58 67
 15 16 45 55 58 65
 15 16 45 55 58 65 66
 15 16 45 55 56 57 58
 15 16 45 55 56 57 58 76
 15 16 45 55 56 57 58 74 75
 15 16 45 55 56 57 58 67
 15 16 45 55 56 57 58 65
 15 16 45 55 56 57 58 65 66
 15 16 45 49 55 58
 15 16 45 49 55 56 57 58
 15 16 40 55 58 72
 15 16 40 55 58 70 71
 15 16 40 55 56 57 58 72
 15 16 40 55 56 57 58 70 71
 15 16 40 45 58
 15 16 40 45 58 72
 15 16 40 45 58 70 71
 15 16 40 45 55 58
 15 16 40 45 55 56 57 58
 15 16 40 43 44 58 72
 15 16 40 43 44 58 70 71
 15 16 40 43 44 45 58
 15 16 38 39 45 58
 15 16 38 39 45 58 72
 15 16 38 39 45 58 70 71
 15 16 38 39 43 44 58 72
 15 16 38 39 43 44 58 70 71
 15 16 38 39 43 44 45 58
 15 16 31 55 58 72
 15 16 31 55 58 72 76
 15 16 31 55 58 72 74 75
 15 16 31 55 58 70 71
 15 16 31 55 58 70 71 76
 15 16 31 55 58 70 71 74 75
 15 16 31 55 58 67 72
 15 16 31 55 58 67 70 71
 15 16 31 55 58 65 72
 15 16 31 55 58 65 70 71
 15 16 31 55 58 65 66 72
 15 16 31 55 58 65 66 70 71
 15 16 31 49 55 58 72
 15 16 31 49 55 58 70 71
 15 16 31 45 55 58
 15 16 31 45 55 58 76
 15 16 31 45 55 58 74 75
 15 16 31 45 55 58 67
 15 16 31 45 55 58 65
 15 16 31 45 55 58 65 66
 15 16 31 45 49 55 58
 15 16 31 40 55 58 72
 15 16 31 40 55 58 70 71
 15 16 31 40 45 55 58
 15 16 18 40 58 72
 15 16 18 40 58 70 71
 15 16 18 40 45 58
 15 16 18 38 39 58 72
 15 16 18 38 39 58 70 71
 15 16 18 38 39 45 58
 14 47 58 72
 14 47 58 70 71
 14 45 47 58
 14 45 46 58
 14 45 46 58 72
 14 45 46 58 70 71
 14 20 58 72
 14 20 58 70 71
 14 20 45 58
 13 57 58 72 74
 13 57 58 72 73
 13 57 58 70 71 74
 13 57 58 70 71 72 73
 13 57 58 65 72
 13 57 58 65 70 71
 13 57 58 63 64 72
 13 57 58 63 64 70 71
 13 56 57 58 72 74
 13 56 57 58 72 73
 13 56 57 58 70 71 74
 13 56 57 58 70 71 72 73
 13 56 57 58 65 72
 13 56 57 58 65 70 71
 13 56 57 58 63 64 72
 13 56 57 58 63 64 70 71
 13 55 58
 13 55 58 62
 13 47 58 70 72
 13 47 58 70 71
 13 47 58 68 69 72
 13 47 58 68 69 70 71
 13 47 57 58
 13 47 57 58 72
 13 47 57 58 70 71
 13 47 56 57 58 72
 13 47 56 57 58 70 72
 13 47 56 57 58 68 69 72
 13 47 56 57 58 68 69 70 71
 13 45 57 60
 13 45 57 60 72
 13 45 57 60 70 71
 13 45 57 58
 13 45 57 58 74
 13 45 57 58 72 73
 13 45 57 58 70 74
 13 45 57 58 70 72 73
 13 45 57 58 68 69 74
 13 45 57 58 68 69 72 73
 13 45 57 58 65
 13 45 57 58 65 70
 13 45 57 58 65 68 69
 13 45 57 58 63 64
 13 45 57 58 63 64 70
 13 45 57 58 63 64 68 69
 13 45 56 57 58 74
 13 45 56 57 58 72 73
 13 45 56 57 58 65
 13 45 56 57 58 63 64
 13 45 55 58 64
 13 45 55 58 64 76
 13 45 55 58 64 74 75
 13 45 55 58 64 67
 13 45 55 58 64 65
 13 45 55 58 64 65 66
 13 45 55 58 62 64
 13 45 49 55 58 64
 13 45 47 58 70
 13 45 47 58 68 69
 13 45 47 57 58
 13 45 47 57 58 70
 13 45 47 57 58 68 69
 13 45 47 56 57 58
 13 45 47 56 57 58 70
 13 45 47 56 57 58 68 69
 13 45 46 58 70
 13 45 46 58 70 72
 13 45 46 58 70 71
 13 45 46 58 68 69
 13 45 46 58 68 69 72
 13 45 46 58 68 69 70 71
 13 45 46 57 58
 13 45 46 56 57 58 70
 13 45 46 56 57 58 70 72
 13 45 46 56 57 58 70 71
 13 45 46 56 57 58 68 69
 13 45 46 56 57 58 68 69 72
 13 45 46 56 57 58 68 69 70 71
 13 43 47 58 72
 13 43 47 58 70 71
 13 43 47 56 57 58 72
 13 43 47 56 57 58 70 71
 13 43 45 57 58
 13 43 45 57 58 74
 13 43 45 57 58 72
 13 43 45 57 58 72 73
 13 43 45 57 58 70 71
 13 43 45 57 58 65
 13 43 45 57 58 63 64
 13 43 45 47 58
 13 43 45 47 57 58
 13 43 45 47 56 57 58
 13 43 45 46 58
 13 43 45 46 58 72
 13 43 45 46 58 70 71
 13 43 45 46 56 57 58
 13 43 45 46 56 57 58 72
 13 43 45 46 56 57 58 70 71
 13 43 44 57 60 72
 13 43 44 57 60 70 71
 13 43 44 57 58
 13 43 44 57 58 74
 13 43 44 57 58 72
 13 43 44 57 58 72 73
 13 43 44 57 58 70 74
 13 43 44 57 58 70 72 73
 13 43 44 57 58 70 71
 13 43 44 57 58 68 69 74
 13 43 44 57 58 68 69 72 73
 13 43 44 57 58 65
 13 43 44 57 58 65 70
 13 43 44 57 58 65 68 69
 13 43 44 57 58 63 64
 13 43 44 57 58 63 64 70
 13 43 44 57 58 63 64 68 69
 13 43 44 55 58 64
 13 43 44 55 58 64 76
 13 43 44 55 58 64 74 75
 13 43 44 55 58 64 67
 13 43 44 55 58 64 65
 13 43 44 55 58 64 65 66
 13 43 44 55 58 62 64
 13 43 44 49 55 58 64
 13 43 44 47 57 58
 13 43 44 47 57 58 70
 13 43 44 47 57 58 68 69
 13 43 44 45 57 60
 13 43 44 45 57 58
 13 41 42 45 57 58
 13 41 42 45 57 58 72
 13 41 42 45 57 58 70 71
 13 41 42 43 44 57 58 72
 13 41 42 43 44 57 58 70 71
 13 41 42 43 44 45 57 58
 13 40 45 55 58
 13 40 45 55 58
 13 40 45 55 58 76
 13 40 45 55 58 74 75
 13 40 45 55 58 67
 13 40 45 55 58 65
 13 40 45 55 58 65 66
 13 40 45 55 58 64
 13 40 45 55 58 62
 13 40 45 49 55 58
 13 40 43 44 55 58
 13 40 43 44 55 58
 13 40 43 44 55 58 76
 13 40 43 44 55 58 74 75
 13 40 43 44 55 58 67
 13 40 43 44 55 58 65
 13 40 43 44 55 58 65 66
 13 40 43 44 55 58 64
 13 40 43 44 55 58 62
 13 40 43 44 49 55 58
 13 39 45 60
 13 39 45 60 72
 13 39 45 60 70 71
 13 39 43 44 60 72
 13 39 43 44 60 70 71
 13 39 43 44 45 60
 13 38 57 58 72
 13 38 57 58 70 71
 13 38 56 57 58 72
 13 38 56 57 58 70 71
 13 38 45 57 58
 13 38 45 57 58 70
 13 38 45 57 58 68 69
 13 38 45 56 57 58
 13 38 43 45 57 58
 13 38 43 44 57 58
 13 38 43 44 57 58 70
 13 38 43 44 57 58 68 69
 13 38 39 45 55 58
 13 38 39 45 55 58 76
 13 38 39 45 55 58 74 75
 13 38 39 45 55 58 67
 13 38 39 45 55 58 65
 13 38 39 45 55 58 65 66
 13 38 39 45 55 58 62
 13 38 39 45 49 55 58
 13 38 39 43 44 55 58
 13 38 39 43 44 55 58 76
 13 38 39 43 44 55 58 74 75
 13 38 39 43 44 55 58 67
 13 38 39 43 44 55 58 65
 13 38 39 43 44 55 58 65 66
 13 38 39 43 44 55 58 62
 13 38 39 43 44 49 55 58
 13 38 39 40 45 55 58
 13 38 39 40 43 44 55 58
 13 35 45 57 58
 13 35 43 44 57 58
 13 31 57 58 72 74
 13 31 57 58 72 73
 13 31 57 58 70 71 74
 13 31 57 58 70 71 72 73
 13 31 57 58 65 72
 13 31 57 58 65 70 71
 13 31 57 58 63 64 72
 13 31 57 58 63 64 70 71
 13 31 47 58 70 72
 13 31 47 58 70 71
 13 31 47 58 68 69 72
 13 31 47 58 68 69 70 71
 13 31 47 57 58 72
 13 31 47 57 58 70 71
 13 31 45 57 58 74
 13 31 45 57 58 72 73
 13 31 45 57 58 65
 13 31 45 57 58 63 64
 13 31 45 47 58 70
 13 31 45 47 58 68 69
 13 31 45 47 57 58
 13 31 45 46 58 70
 13 31 45 46 58 70 72
 13 31 45 46 58 70 71
 13 31 45 46 58 68 69
 13 31 45 46 58 68 69 72
 13 31 45 46 58 68 69 70 71
 13 31 43 47 58 72
 13 31 43 47 58 70 71
 13 31 43 45 47 58
 13 31 43 45 46 58
 13 31 43 45 46 58 72
 13 31 43 45 46 58 70 71
 13 31 38 57 58 72
 13 31 38 57 58 70 71
 13 31 38 45 57 58
 13 28 45 57 60 70
 13 28 45 57 60 68 69
 13 28 43 45 57 60
 13 28 43 44 57 60
 13 28 43 44 57 60 70
 13 28 43 44 57 60 68 69
 13 26 27 45 57 60 70
 13 26 27 45 57 60 68 69
 13 26 27 43 45 57 60
 13 26 27 43 44 57 60
 13 26 27 43 44 57 60 70
 13 26 27 43 44 57 60 68 69
 13 20 58 70 72
 13 20 58 70 71
 13 20 58 68 69 72
 13 20 58 68 69 70 71
 13 20 57 58
 13 20 56 57 58 70 72
 13 20 56 57 58 70 71
 13 20 56 57 58 68 69 72
 13 20 56 57 58 68 69 70 71
 13 20 45 58 70
 13 20 45 58 68 69
 13 20 45 56 57 58 70
 13 20 45 56 57 58 68 69
 13 20 43 58 72
 13 20 43 58 70 71
 13 20 43 56 57 58 72
 13 20 43 56 57 58 70 71
 13 20 43 45 58
 13 20 43 45 56 57 58
 13 20 31 58 70 72
 13 20 31 58 70 71
 13 20 31 58 68 69 72
 13 20 31 58 68 69 70 71
 13 20 31 45 58 70
 13 20 31 45 58 68 69
 13 20 31 43 58 72
 13 20 31 43 58 70 71
 13 20 31 43 45 58
 13 18 57 60 72
 13 18 57 60 70 71
 13 18 57 58
 13 18 57 58 70 74
 13 18 57 58 70 72 73
 13 18 57 58 68 69 74
 13 18 57 58 68 69 72 73
 13 18 57 58 65 70
 13 18 57 58 65 68 69
 13 18 57 58 63 64 70
 13 18 57 58 63 64 68 69
 13 18 55 58 64
 13 18 55 58 64 76
 13 18 55 58 64 74 75
 13 18 55 58 64 67
 13 18 55 58 64 65
 13 18 55 58 64 65 66
 13 18 55 58 62 64
 13 18 49 55 58 64
 13 18 47 57 58 70
 13 18 47 57 58 68 69
 13 18 45 57 60
 13 18 43 57 58 74
 13 18 43 57 58 72
 13 18 43 57 58 72 73
 13 18 43 57 58 70 71
 13 18 43 57 58 65
 13 18 43 57 58 63 64
 13 18 43 47 57 58
 13 18 43 45 57 58
 13 18 41 42 57 58 72
 13 18 41 42 57 58 70 71
 13 18 41 42 45 57 58
 13 18 40 55 58
 13 18 40 55 58
 13 18 40 55 58 76
 13 18 40 55 58 74 75
 13 18 40 55 58 67
 13 18 40 55 58 65
 13 18 40 55 58 65 66
 13 18 40 55 58 64
 13 18 40 55 58 62
 13 18 40 49 55 58
 13 18 39 60 72
 13 18 39 60 70 71
 13 18 39 45 60
 13 18 38 57 58 70
 13 18 38 57 58 68 69
 13 18 38 43 57 58
 13 18 38 39 55 58
 13 18 38 39 55 58 76
 13 18 38 39 55 58 74 75
 13 18 38 39 55 58 67
 13 18 38 39 55 58 65
 13 18 38 39 55 58 65 66
 13 18 38 39 55 58 62
 13 18 38 39 49 55 58
 13 18 38 39 40 55 58
 13 18 35 57 58
 13 18 28 57 60 70
 13 18 28 57 60 68 69
 13 18 28 43 57 60
 13 18 26 27 57 60 70
 13 18 26 27 57 60 68 69
 13 18 26 27 43 57 60
 13 16 45 57 58
 13 16 45 57 58 72
 13 16 45 57 58 70 71
 13 16 43 44 57 58 72
 13 16 43 44 57 58 70 71
 13 16 43 44 45 57 58
 13 16 18 57 58 72
 13 16 18 57 58 70 71
 13 16 18 45 57 58
 13 15 58 72 74
 13 15 58 72 73
 13 15 58 70 71 74
 13 15 58 70 71 72 73
 13 15 58 65 72
 13 15 58 65 70 71
 13 15 58 63 64 72
 13 15 58 63 64 70 71
 13 15 56 57 58 72 74
 13 15 56 57 58 72 73
 13 15 56 57 58 70 71 74
 13 15 56 57 58 70 71 72 73
 13 15 56 57 58 65 72
 13 15 56 57 58 65 70 71
 13 15 56 57 58 63 64 72
 13 15 56 57 58 63 64 70 71
 13 15 47 58
 13 15 47 58 72
 13 15 47 58 70 71
 13 15 47 56 57 58 72
 13 15 47 56 57 58 70 71
 13 15 45 60
 13 15 45 60 72
 13 15 45 60 70 71
 13 15 45 58
 13 15 45 58 74
 13 15 45 58 72 73
 13 15 45 58 70 74
 13 15 45 58 70 72 73
 13 15 45 58 68 69 74
 13 15 45 58 68 69 72 73
 13 15 45 58 65
 13 15 45 58 65 70
 13 15 45 58 65 68 69
 13 15 45 58 63 64
 13 15 45 58 63 64 70
 13 15 45 58 63 64 68 69
 13 15 45 56 57 58 74
 13 15 45 56 57 58 72 73
 13 15 45 56 57 58 65
 13 15 45 56 57 58 63 64
 13 15 45 47 58
 13 15 45 47 58 70
 13 15 45 47 58 68 69
 13 15 45 47 56 57 58
 13 15 45 46 58
 13 15 43 45 58
 13 15 43 45 58 74
 13 15 43 45 58 72
 13 15 43 45 58 72 73
 13 15 43 45 58 70 71
 13 15 43 45 58 65
 13 15 43 45 58 63 64
 13 15 43 45 47 58
 13 15 43 44 60 72
 13 15 43 44 60 70 71
 13 15 43 44 58
 13 15 43 44 58 74
 13 15 43 44 58 72
 13 15 43 44 58 72 73
 13 15 43 44 58 70 74
 13 15 43 44 58 70 72 73
 13 15 43 44 58 70 71
 13 15 43 44 58 68 69 74
 13 15 43 44 58 68 69 72 73
 13 15 43 44 58 65
 13 15 43 44 58 65 70
 13 15 43 44 58 65 68 69
 13 15 43 44 58 63 64
 13 15 43 44 58 63 64 70
 13 15 43 44 58 63 64 68 69
 13 15 43 44 47 58
 13 15 43 44 47 58 70
 13 15 43 44 47 58 68 69
 13 15 43 44 45 60
 13 15 43 44 45 58
 13 15 41 42 45 58
 13 15 41 42 45 58 72
 13 15 41 42 45 58 70 71
 13 15 41 42 43 44 58 72
 13 15 41 42 43 44 58 70 71
 13 15 41 42 43 44 45 58
 13 15 38 58 72
 13 15 38 58 70 71
 13 15 38 56 57 58 72
 13 15 38 56 57 58 70 71
 13 15 38 45 58
 13 15 38 45 58 70
 13 15 38 45 58 68 69
 13 15 38 45 56 57 58
 13 15 38 43 45 58
 13 15 38 43 44 58
 13 15 38 43 44 58 70
 13 15 38 43 44 58 68 69
 13 15 35 45 58
 13 15 35 43 44 58
 13 15 31 58 72 74
 13 15 31 58 72 73
 13 15 31 58 70 71 74
 13 15 31 58 70 71 72 73
 13 15 31 58 65 72
 13 15 31 58 65 70 71
 13 15 31 58 63 64 72
 13 15 31 58 63 64 70 71
 13 15 31 47 58 72
 13 15 31 47 58 70 71
 13 15 31 45 58 74
 13 15 31 45 58 72 73
 13 15 31 45 58 65
 13 15 31 45 58 63 64
 13 15 31 45 47 58
 13 15 31 38 58 72
 13 15 31 38 58 70 71
 13 15 31 38 45 58
 13 15 28 45 60 70
 13 15 28 45 60 68 69
 13 15 28 43 45 60
 13 15 28 43 44 60
 13 15 28 43 44 60 70
 13 15 28 43 44 60 68 69
 13 15 26 27 45 60 70
 13 15 26 27 45 60 68 69
 13 15 26 27 43 45 60
 13 15 26 27 43 44 60
 13 15 26 27 43 44 60 70
 13 15 26 27 43 44 60 68 69
 13 15 20 58
 13 15 18 60 72
 13 15 18 60 70 71
 13 15 18 58
 13 15 18 58 70 74
 13 15 18 58 70 72 73
 13 15 18 58 68 69 74
 13 15 18 58 68 69 72 73
 13 15 18 58 65 70
 13 15 18 58 65 68 69
 13 15 18 58 63 64 70
 13 15 18 58 63 64 68 69
 13 15 18 47 58 70
 13 15 18 47 58 68 69
 13 15 18 45 60
 13 15 18 43 58 74
 13 15 18 43 58 72
 13 15 18 43 58 72 73
 13 15 18 43 58 70 71
 13 15 18 43 58 65
 13 15 18 43 58 63 64
 13 15 18 43 47 58
 13 15 18 43 45 58
 13 15 18 41 42 58 72
 13 15 18 41 42 58 70 71
 13 15 18 41 42 45 58
 13 15 18 38 58 70
 13 15 18 38 58 68 69
 13 15 18 38 43 58
 13 15 18 35 58
 13 15 18 28 60 70
 13 15 18 28 60 68 69
 13 15 18 28 43 60
 13 15 18 26 27 60 70
 13 15 18 26 27 60 68 69
 13 15 18 26 27 43 60
 13 15 16 45 58
 13 15 16 45 58 72
 13 15 16 45 58 70 71
 13 15 16 43 44 58 72
 13 15 16 43 44 58 70 71
 13 15 16 43 44 45 58
 13 15 16 18 58 72
 13 15 16 18 58 70 71
 13 15 16 18 45 58
 13 14 58 72 74
 13 14 58 72 73
 13 14 58 70 71 74
 13 14 58 70 71 72 73
 13 14 58 65 72
 13 14 58 65 70 71
 13 14 58 63 64 72
 13 14 58 63 64 70 71
 13 14 56 57 58 72 74
 13 14 56 57 58 72 73
 13 14 56 57 58 70 71 74
 13 14 56 57 58 70 71 72 73
 13 14 56 57 58 65 72
 13 14 56 57 58 65 70 71
 13 14 56 57 58 63 64 72
 13 14 56 57 58 63 64 70 71
 13 14 47 58
 13 14 47 58 72
 13 14 47 58 70 71
 13 14 47 56 57 58 72
 13 14 47 56 57 58 70 71
 13 14 45 60
 13 14 45 60 72
 13 14 45 60 70 71
 13 14 45 58
 13 14 45 58 74
 13 14 45 58 72 73
 13 14 45 58 70 74
 13 14 45 58 70 72 73
 13 14 45 58 68 69 74
 13 14 45 58 68 69 72 73
 13 14 45 58 65
 13 14 45 58 65 70
 13 14 45 58 65 68 69
 13 14 45 58 63 64
 13 14 45 58 63 64 70
 13 14 45 58 63 64 68 69
 13 14 45 56 57 58 74
 13 14 45 56 57 58 72 73
 13 14 45 56 57 58 65
 13 14 45 56 57 58 63 64
 13 14 45 47 58
 13 14 45 47 58 70
 13 14 45 47 58 68 69
 13 14 45 47 56 57 58
 13 14 45 46 58
 13 14 43 45 58
 13 14 43 45 58 74
 13 14 43 45 58 72
 13 14 43 45 58 72 73
 13 14 43 45 58 70 71
 13 14 43 45 58 65
 13 14 43 45 58 63 64
 13 14 43 45 47 58
 13 14 43 44 60 72
 13 14 43 44 60 70 71
 13 14 43 44 58
 13 14 43 44 58 74
 13 14 43 44 58 72
 13 14 43 44 58 72 73
 13 14 43 44 58 70 74
 13 14 43 44 58 70 72 73
 13 14 43 44 58 70 71
 13 14 43 44 58 68 69 74
 13 14 43 44 58 68 69 72 73
 13 14 43 44 58 65
 13 14 43 44 58 65 70
 13 14 43 44 58 65 68 69
 13 14 43 44 58 63 64
 13 14 43 44 58 63 64 70
 13 14 43 44 58 63 64 68 69
 13 14 43 44 47 58
 13 14 43 44 47 58 70
 13 14 43 44 47 58 68 69
 13 14 43 44 45 60
 13 14 43 44 45 58
 13 14 41 42 45 58
 13 14 41 42 45 58 72
 13 14 41 42 45 58 70 71
 13 14 41 42 43 44 58 72
 13 14 41 42 43 44 58 70 71
 13 14 41 42 43 44 45 58
 13 14 40 58 72 74
 13 14 40 58 72 73
 13 14 40 58 70 71 74
 13 14 40 58 70 71 72 73
 13 14 40 58 65 72
 13 14 40 58 65 70 71
 13 14 40 58 63 64 72
 13 14 40 58 63 64 70 71
 13 14 40 56 57 58 72 74
 13 14 40 56 57 58 72 73
 13 14 40 56 57 58 70 71 74
 13 14 40 56 57 58 70 71 72 73
 13 14 40 56 57 58 65 72
 13 14 40 56 57 58 65 70 71
 13 14 40 56 57 58 63 64 72
 13 14 40 56 57 58 63 64 70 71
 13 14 40 47 58
 13 14 40 47 58 72
 13 14 40 47 58 70 71
 13 14 40 47 56 57 58 72
 13 14 40 47 56 57 58 70 71
 13 14 40 45 60
 13 14 40 45 60 72
 13 14 40 45 60 70 71
 13 14 40 45 58
 13 14 40 45 58 74
 13 14 40 45 58 72 73
 13 14 40 45 58 70 74
 13 14 40 45 58 70 72 73
 13 14 40 45 58 68 69 74
 13 14 40 45 58 68 69 72 73
 13 14 40 45 58 65
 13 14 40 45 58 65 70
 13 14 40 45 58 65 68 69
 13 14 40 45 58 63 64
 13 14 40 45 58 63 64 70
 13 14 40 45 58 63 64 68 69
 13 14 40 45 56 57 58 74
 13 14 40 45 56 57 58 72 73
 13 14 40 45 56 57 58 65
 13 14 40 45 56 57 58 63 64
 13 14 40 45 47 58
 13 14 40 45 47 58 70
 13 14 40 45 47 58 68 69
 13 14 40 45 47 56 57 58
 13 14 40 45 46 58
 13 14 40 43 45 58
 13 14 40 43 45 58 74
 13 14 40 43 45 58 72
 13 14 40 43 45 58 72 73
 13 14 40 43 45 58 70 71
 13 14 40 43 45 58 65
 13 14 40 43 45 58 63 64
 13 14 40 43 45 47 58
 13 14 40 43 44 60 72
 13 14 40 43 44 60 70 71
 13 14 40 43 44 58
 13 14 40 43 44 58 74
 13 14 40 43 44 58 72
 13 14 40 43 44 58 72 73
 13 14 40 43 44 58 70 74
 13 14 40 43 44 58 70 72 73
 13 14 40 43 44 58 70 71
 13 14 40 43 44 58 68 69 74
 13 14 40 43 44 58 68 69 72 73
 13 14 40 43 44 58 65
 13 14 40 43 44 58 65 70
 13 14 40 43 44 58 65 68 69
 13 14 40 43 44 58 63 64
 13 14 40 43 44 58 63 64 70
 13 14 40 43 44 58 63 64 68 69
 13 14 40 43 44 47 58
 13 14 40 43 44 47 58 70
 13 14 40 43 44 47 58 68 69
 13 14 40 43 44 45 60
 13 14 40 43 44 45 58
 13 14 40 41 42 45 58
 13 14 40 41 42 45 58 72
 13 14 40 41 42 45 58 70 71
 13 14 40 41 42 43 44 58 72
 13 14 40 41 42 43 44 58 70 71
 13 14 40 41 42 43 44 45 58
 13 14 38 58 72
 13 14 38 58 70 71
 13 14 38 56 57 58 72
 13 14 38 56 57 58 70 71
 13 14 38 45 58
 13 14 38 45 58 70
 13 14 38 45 58 68 69
 13 14 38 45 56 57 58
 13 14 38 45 55 58
 13 14 38 43 45 58
 13 14 38 43 44 58
 13 14 38 43 44 58 70
 13 14 38 43 44 58 68 69
 13 14 38 43 44 55 58
 13 14 38 40 58 72
 13 14 38 40 58 70 71
 13 14 38 40 56 57 58 72
 13 14 38 40 56 57 58 70 71
 13 14 38 40 45 58
 13 14 38 40 45 58 70
 13 14 38 40 45 58 68 69
 13 14 38 40 45 56 57 58
 13 14 38 40 43 45 58
 13 14 38 40 43 44 58
 13 14 38 40 43 44 58 70
 13 14 38 40 43 44 58 68 69
 13 14 38 39 58 72
 13 14 38 39 58 72 74
 13 14 38 39 58 72 73
 13 14 38 39 58 70 71
 13 14 38 39 58 70 71 74
 13 14 38 39 58 70 71 72 73
 13 14 38 39 58 65 72
 13 14 38 39 58 65 70 71
 13 14 38 39 58 63 64 72
 13 14 38 39 58 63 64 70 71
 13 14 38 39 56 57 58 72
 13 14 38 39 56 57 58 72 74
 13 14 38 39 56 57 58 72 73
 13 14 38 39 56 57 58 70 71
 13 14 38 39 56 57 58 70 71 74
 13 14 38 39 56 57 58 70 71 72 73
 13 14 38 39 56 57 58 65 72
 13 14 38 39 56 57 58 65 70 71
 13 14 38 39 56 57 58 63 64 72
 13 14 38 39 56 57 58 63 64 70 71
 13 14 38 39 47 58
 13 14 38 39 47 58 72
 13 14 38 39 47 58 70 71
 13 14 38 39 47 56 57 58 72
 13 14 38 39 47 56 57 58 70 71
 13 14 38 39 45 60
 13 14 38 39 45 60 72
 13 14 38 39 45 60 70 71
 13 14 38 39 45 58 74
 13 14 38 39 45 58 72 73
 13 14 38 39 45 58 70
 13 14 38 39 45 58 70 74
 13 14 38 39 45 58 70 72 73
 13 14 38 39 45 58 68 69
 13 14 38 39 45 58 68 69 74
 13 14 38 39 45 58 68 69 72 73
 13 14 38 39 45 58 65
 13 14 38 39 45 58 65 70
 13 14 38 39 45 58 65 68 69
 13 14 38 39 45 58 63 64
 13 14 38 39 45 58 63 64 70
 13 14 38 39 45 58 63 64 68 69
 13 14 38 39 45 56 57 58
 13 14 38 39 45 56 57 58 74
 13 14 38 39 45 56 57 58 72 73
 13 14 38 39 45 56 57 58 65
 13 14 38 39 45 56 57 58 63 64
 13 14 38 39 45 47 58
 13 14 38 39 45 47 58 70
 13 14 38 39 45 47 58 68 69
 13 14 38 39 45 47 56 57 58
 13 14 38 39 45 46 58
 13 14 38 39 43 45 58 74
 13 14 38 39 43 45 58 72
 13 14 38 39 43 45 58 72 73
 13 14 38 39 43 45 58 70 71
 13 14 38 39 43 45 58 65
 13 14 38 39 43 45 58 63 64
 13 14 38 39 43 45 47 58
 13 14 38 39 43 44 60 72
 13 14 38 39 43 44 60 70 71
 13 14 38 39 43 44 58 74
 13 14 38 39 43 44 58 72
 13 14 38 39 43 44 58 72 73
 13 14 38 39 43 44 58 70
 13 14 38 39 43 44 58 70 74
 13 14 38 39 43 44 58 70 72 73
 13 14 38 39 43 44 58 70 71
 13 14 38 39 43 44 58 68 69
 13 14 38 39 43 44 58 68 69 74
 13 14 38 39 43 44 58 68 69 72 73
 13 14 38 39 43 44 58 65
 13 14 38 39 43 44 58 65 70
 13 14 38 39 43 44 58 65 68 69
 13 14 38 39 43 44 58 63 64
 13 14 38 39 43 44 58 63 64 70
 13 14 38 39 43 44 58 63 64 68 69
 13 14 38 39 43 44 47 58
 13 14 38 39 43 44 47 58 70
 13 14 38 39 43 44 47 58 68 69
 13 14 38 39 43 44 45 60
 13 14 38 39 43 44 45 58
 13 14 38 39 41 42 45 58
 13 14 38 39 41 42 45 58 72
 13 14 38 39 41 42 45 58 70 71
 13 14 38 39 41 42 43 44 58 72
 13 14 38 39 41 42 43 44 58 70 71
 13 14 38 39 41 42 43 44 45 58
 13 14 36 37 45 55 58
 13 14 36 37 43 44 55 58
 13 14 35 45 58
 13 14 35 43 44 58
 13 14 35 40 45 58
 13 14 35 40 43 44 58
 13 14 35 38 39 45 58
 13 14 35 38 39 43 44 58
 13 14 31 58 72 74
 13 14 31 58 72 73
 13 14 31 58 70 71 74
 13 14 31 58 70 71 72 73
 13 14 31 58 65 72
 13 14 31 58 65 70 71
 13 14 31 58 63 64 72
 13 14 31 58 63 64 70 71
 13 14 31 47 58 72
 13 14 31 47 58 70 71
 13 14 31 45 58 74
 13 14 31 45 58 72 73
 13 14 31 45 58 65
 13 14 31 45 58 63 64
 13 14 31 45 47 58
 13 14 31 40 58 72 74
 13 14 31 40 58 72 73
 13 14 31 40 58 70 71 74
 13 14 31 40 58 70 71 72 73
 13 14 31 40 58 65 72
 13 14 31 40 58 65 70 71
 13 14 31 40 58 63 64 72
 13 14 31 40 58 63 64 70 71
 13 14 31 40 47 58 72
 13 14 31 40 47 58 70 71
 13 14 31 40 45 58 74
 13 14 31 40 45 58 72 73
 13 14 31 40 45 58 65
 13 14 31 40 45 58 63 64
 13 14 31 40 45 47 58
 13 14 31 38 58 72
 13 14 31 38 58 70 71
 13 14 31 38 45 58
 13 14 31 38 40 58 72
 13 14 31 38 40 58 70 71
 13 14 31 38 40 45 58
 13 14 31 38 39 58 72
 13 14 31 38 39 58 72 74
 13 14 31 38 39 58 72 73
 13 14 31 38 39 58 70 71
 13 14 31 38 39 58 70 71 74
 13 14 31 38 39 58 70 71 72 73
 13 14 31 38 39 58 65 72
 13 14 31 38 39 58 65 70 71
 13 14 31 38 39 58 63 64 72
 13 14 31 38 39 58 63 64 70 71
 13 14 31 38 39 47 58 72
 13 14 31 38 39 47 58 70 71
 13 14 31 38 39 45 58
 13 14 31 38 39 45 58 74
 13 14 31 38 39 45 58 72 73
 13 14 31 38 39 45 58 65
 13 14 31 38 39 45 58 63 64
 13 14 31 38 39 45 47 58
 13 14 28 45 60 70
 13 14 28 45 60 68 69
 13 14 28 43 45 60
 13 14 28 43 44 60
 13 14 28 43 44 60 70
 13 14 28 43 44 60 68 69
 13 14 28 40 45 60 70
 13 14 28 40 45 60 68 69
 13 14 28 40 43 45 60
 13 14 28 40 43 44 60
 13 14 28 40 43 44 60 70
 13 14 28 40 43 44 60 68 69
 13 14 28 38 39 45 60 70
 13 14 28 38 39 45 60 68 69
 13 14 28 38 39 43 45 60
 13 14 28 38 39 43 44 60
 13 14 28 38 39 43 44 60 70
 13 14 28 38 39 43 44 60 68 69
 13 14 26 27 45 60 70
 13 14 26 27 45 60 68 69
 13 14 26 27 43 45 60
 13 14 26 27 43 44 60
 13 14 26 27 43 44 60 70
 13 14 26 27 43 44 60 68 69
 13 14 26 27 40 45 60 70
 13 14 26 27 40 45 60 68 69
 13 14 26 27 40 43 45 60
 13 14 26 27 40 43 44 60
 13 14 26 27 40 43 44 60 70
 13 14 26 27 40 43 44 60 68 69
 13 14 26 27 38 39 45 60 70
 13 14 26 27 38 39 45 60 68 69
 13 14 26 27 38 39 43 45 60
 13 14 26 27 38 39 43 44 60
 13 14 26 27 38 39 43 44 60 70
 13 14 26 27 38 39 43 44 60 68 69
 13 14 20 58
 13 14 20 40 58
 13 14 20 38 39 58
 13 14 18 60 72
 13 14 18 60 70 71
 13 14 18 58
 13 14 18 58 70 74
 13 14 18 58 70 72 73
 13 14 18 58 68 69 74
 13 14 18 58 68 69 72 73
 13 14 18 58 65 70
 13 14 18 58 65 68 69
 13 14 18 58 63 64 70
 13 14 18 58 63 64 68 69
 13 14 18 47 58 70
 13 14 18 47 58 68 69
 13 14 18 45 60
 13 14 18 43 58 74
 13 14 18 43 58 72
 13 14 18 43 58 72 73
 13 14 18 43 58 70 71
 13 14 18 43 58 65
 13 14 18 43 58 63 64
 13 14 18 43 47 58
 13 14 18 43 45 58
 13 14 18 41 42 58 72
 13 14 18 41 42 58 70 71
 13 14 18 41 42 45 58
 13 14 18 40 60 72
 13 14 18 40 60 70 71
 13 14 18 40 58
 13 14 18 40 58 70 74
 13 14 18 40 58 70 72 73
 13 14 18 40 58 68 69 74
 13 14 18 40 58 68 69 72 73
 13 14 18 40 58 65 70
 13 14 18 40 58 65 68 69
 13 14 18 40 58 63 64 70
 13 14 18 40 58 63 64 68 69
 13 14 18 40 47 58 70
 13 14 18 40 47 58 68 69
 13 14 18 40 45 60
 13 14 18 40 43 58 74
 13 14 18 40 43 58 72
 13 14 18 40 43 58 72 73
 13 14 18 40 43 58 70 71
 13 14 18 40 43 58 65
 13 14 18 40 43 58 63 64
 13 14 18 40 43 47 58
 13 14 18 40 43 45 58
 13 14 18 40 41 42 58 72
 13 14 18 40 41 42 58 70 71
 13 14 18 40 41 42 45 58
 13 14 18 38 58 70
 13 14 18 38 58 68 69
 13 14 18 38 55 58
 13 14 18 38 43 58
 13 14 18 38 40 58 70
 13 14 18 38 40 58 68 69
 13 14 18 38 40 43 58
 13 14 18 38 39 60 72
 13 14 18 38 39 60 70 71
 13 14 18 38 39 58
 13 14 18 38 39 58 70
 13 14 18 38 39 58 70 74
 13 14 18 38 39 58 70 72 73
 13 14 18 38 39 58 68 69
 13 14 18 38 39 58 68 69 74
 13 14 18 38 39 58 68 69 72 73
 13 14 18 38 39 58 65 70
 13 14 18 38 39 58 65 68 69
 13 14 18 38 39 58 63 64 70
 13 14 18 38 39 58 63 64 68 69
 13 14 18 38 39 47 58 70
 13 14 18 38 39 47 58 68 69
 13 14 18 38 39 45 60
 13 14 18 38 39 43 58
 13 14 18 38 39 43 58 74
 13 14 18 38 39 43 58 72
 13 14 18 38 39 43 58 72 73
 13 14 18 38 39 43 58 70 71
 13 14 18 38 39 43 58 65
 13 14 18 38 39 43 58 63 64
 13 14 18 38 39 43 47 58
 13 14 18 38 39 43 45 58
 13 14 18 38 39 41 42 58 72
 13 14 18 38 39 41 42 58 70 71
 13 14 18 38 39 41 42 45 58
 13 14 18 36 37 55 58
 13 14 18 35 58
 13 14 18 35 40 58
 13 14 18 35 38 39 58
 13 14 18 28 60 70
 13 14 18 28 60 68 69
 13 14 18 28 43 60
 13 14 18 28 40 60 70
 13 14 18 28 40 60 68 69
 13 14 18 28 40 43 60
 13 14 18 28 38 39 60 70
 13 14 18 28 38 39 60 68 69
 13 14 18 28 38 39 43 60
 13 14 18 26 27 60 70
 13 14 18 26 27 60 68 69
 13 14 18 26 27 43 60
 13 14 18 26 27 40 60 70
 13 14 18 26 27 40 60 68 69
 13 14 18 26 27 40 43 60
 13 14 18 26 27 38 39 60 70
 13 14 18 26 27 38 39 60 68 69
 13 14 18 26 27 38 39 43 60
 13 14 16 45 58
 13 14 16 45 58 72
 13 14 16 45 58 70 71
 13 14 16 43 44 58 72
 13 14 16 43 44 58 70 71
 13 14 16 43 44 45 58
 13 14 16 40 45 58
 13 14 16 40 45 58 72
 13 14 16 40 45 58 70 71
 13 14 16 40 43 44 58 72
 13 14 16 40 43 44 58 70 71
 13 14 16 40 43 44 45 58
 13 14 16 38 39 45 58
 13 14 16 38 39 45 58 72
 13 14 16 38 39 45 58 70 71
 13 14 16 38 39 43 44 58 72
 13 14 16 38 39 43 44 58 70 71
 13 14 16 38 39 43 44 45 58
 13 14 16 18 58 72
 13 14 16 18 58 70 71
 13 14 16 18 45 58
 13 14 16 18 40 58 72
 13 14 16 18 40 58 70 71
 13 14 16 18 40 45 58
 13 14 16 18 38 39 58 72
 13 14 16 18 38 39 58 70 71
 13 14 16 18 38 39 45 58
 11 58 72 74
 11 58 72 73
 11 58 70 71 74
 11 58 70 71 72 73
 11 58 65 72
 11 58 65 70 71
 11 58 63 64 72
 11 58 63 64 70 71
 11 56 57 58 72 74
 11 56 57 58 72 73
 11 56 57 58 70 71 74
 11 56 57 58 70 71 72 73
 11 56 57 58 65 72
 11 56 57 58 65 70 71
 11 56 57 58 63 64 72
 11 56 57 58 63 64 70 71
 11 47 58 72
 11 47 58 70 71
 11 47 56 57 58 72
 11 47 56 57 58 70 71
 11 47 55 58 68
 11 45 58 74
 11 45 58 72 73
 11 45 58 65
 11 45 58 63 64
 11 45 56 58
 11 45 56 58 72
 11 45 56 58 70 71
 11 45 56 57 58
 11 45 56 57 58 74
 11 45 56 57 58 72
 11 45 56 57 58 72 73
 11 45 56 57 58 70 71
 11 45 56 57 58 65
 11 45 56 57 58 63 64
 11 45 55 57 58
 11 45 47 58
 11 45 47 56 57 58
 11 45 46 55 58 68
 11 43 44 56 58 72
 11 43 44 56 58 70 71
 11 43 44 56 57 58 72
 11 43 44 56 57 58 70 71
 11 43 44 55 57 58
 11 43 44 45 56 58
 11 43 44 45 56 57 58
 11 38 58 72
 11 38 58 70 71
 11 38 56 57 58 72
 11 38 56 57 58 70 71
 11 38 45 58
 11 38 45 56 57 58
 11 31 58 72 74
 11 31 58 72 73
 11 31 58 70 71 74
 11 31 58 70 71 72 73
 11 31 58 65 72
 11 31 58 65 70 71
 11 31 58 63 64 72
 11 31 58 63 64 70 71
 11 31 47 58 72
 11 31 47 58 70 71
 11 31 45 58 74
 11 31 45 58 72 73
 11 31 45 58 65
 11 31 45 58 63 64
 11 31 45 56 58
 11 31 45 56 58 72
 11 31 45 56 58 70 71
 11 31 45 47 58
 11 31 43 44 56 58 72
 11 31 43 44 56 58 70 71
 11 31 43 44 45 56 58
 11 31 38 58 72
 11 31 38 58 70 71
 11 31 38 45 58
 11 26 47 55 58
 11 26 45 46 55 58
 11 24 25 47 55 58
 11 24 25 45 46 55 58
 11 20 55 58 68
 11 20 26 55 58
 11 20 24 25 55 58
 11 18 56 58 72
 11 18 56 58 70 71
 11 18 56 57 58 72
 11 18 56 57 58 70 71
 11 18 55 57 58
 11 18 45 56 58
 11 18 45 56 57 58
 11 18 31 56 58 72
 11 18 31 56 58 70 71
 11 18 31 45 56 58
 11 15 45 55 58
 11 15 43 44 55 58
 11 15 18 55 58
 11 13 14 45 55 58
 11 13 14 43 44 55 58
 11 13 14 18 55 58
 11 12 40 45 55 58
 11 12 40 45 55 58
 11 12 40 45 55 58 76
 11 12 40 45 55 58 74 75
 11 12 40 45 55 58 67
 11 12 40 45 55 58 65
 11 12 40 45 55 58 65 66
 11 12 40 45 55 58 62
 11 12 40 45 49 55 58
 11 12 40 43 44 55 58
 11 12 40 43 44 55 58
 11 12 40 43 44 55 58 76
 11 12 40 43 44 55 58 74 75
 11 12 40 43 44 55 58 67
 11 12 40 43 44 55 58 65
 11 12 40 43 44 55 58 65 66
 11 12 40 43 44 55 58 62
 11 12 40 43 44 49 55 58
 11 12 38 39 45 55 58
 11 12 38 39 45 55 58 76
 11 12 38 39 45 55 58 74 75
 11 12 38 39 45 55 58 67
 11 12 38 39 45 55 58 65
 11 12 38 39 45 55 58 65 66
 11 12 38 39 45 55 58 62
 11 12 38 39 45 49 55 58
 11 12 38 39 43 44 55 58
 11 12 38 39 43 44 55 58 76
 11 12 38 39 43 44 55 58 74 75
 11 12 38 39 43 44 55 58 67
 11 12 38 39 43 44 55 58 65
 11 12 38 39 43 44 55 58 65 66
 11 12 38 39 43 44 55 58 62
 11 12 38 39 43 44 49 55 58
 11 12 38 39 40 45 55 58
 11 12 38 39 40 43 44 55 58
 11 12 18 40 55 58
 11 12 18 40 55 58
 11 12 18 40 55 58 76
 11 12 18 40 55 58 74 75
 11 12 18 40 55 58 67
 11 12 18 40 55 58 65
 11 12 18 40 55 58 65 66
 11 12 18 40 55 58 62
 11 12 18 40 49 55 58
 11 12 18 38 39 55 58
 11 12 18 38 39 55 58 76
 11 12 18 38 39 55 58 74 75
 11 12 18 38 39 55 58 67
 11 12 18 38 39 55 58 65
 11 12 18 38 39 55 58 65 66
 11 12 18 38 39 55 58 62
 11 12 18 38 39 49 55 58
 11 12 18 38 39 40 55 58
 11 12 13 45 55 58
 11 12 13 45 55 58 76
 11 12 13 45 55 58 74 75
 11 12 13 45 55 58 67
 11 12 13 45 55 58 65
 11 12 13 45 55 58 65 66
 11 12 13 45 55 58 62
 11 12 13 45 49 55 58
 11 12 13 43 44 55 58
 11 12 13 43 44 55 58 76
 11 12 13 43 44 55 58 74 75
 11 12 13 43 44 55 58 67
 11 12 13 43 44 55 58 65
 11 12 13 43 44 55 58 65 66
 11 12 13 43 44 55 58 62
 11 12 13 43 44 49 55 58
 11 12 13 40 45 55 58
 11 12 13 40 43 44 55 58
 11 12 13 18 55 58
 11 12 13 18 55 58 76
 11 12 13 18 55 58 74 75
 11 12 13 18 55 58 67
 11 12 13 18 55 58 65
 11 12 13 18 55 58 65 66
 11 12 13 18 55 58 62
 11 12 13 18 49 55 58
 11 12 13 18 40 55 58
 1 47 58 74
 1 47 58 72
 1 47 58 72 74
 1 47 58 70 71
 1 47 58 70 71 74
 1 47 58 70 71 72 73
 1 47 58 65
 1 47 58 63 64
 1 47 58 62
 1 47 56 58 70
 1 47 56 58 70 74
 1 47 56 58 70 72 73
 1 47 56 58 68 69
 1 47 56 58 68 69 74
 1 47 56 58 68 69 72 73
 1 47 54 55 58 70
 1 47 54 55 58 70 74
 1 47 54 55 58 70 72 73
 1 47 54 55 58 68 69
 1 47 54 55 58 68 69 74
 1 47 54 55 58 68 69 72 73
 1 45 55 58
 1 45 47 58
 1 45 47 58 74
 1 45 47 58 72 73
 1 45 46 58
 1 45 46 58 72 74
 1 45 46 58 72 73
 1 45 46 58 70 71 74
 1 45 46 58 70 71 72 73
 1 45 46 58 65
 1 45 46 58 63 64
 1 45 46 58 62
 1 45 46 56 58 70 74
 1 45 46 56 58 70 72 73
 1 45 46 56 58 68 69 74
 1 45 46 56 58 68 69 72 73
 1 45 46 54 55 58 70 74
 1 45 46 54 55 58 70 72 73
 1 45 46 54 55 58 68 69 74
 1 45 46 54 55 58 68 69 72 73
 1 45 46 47 58 72
 1 45 46 47 58 70 71
 1 45 46 47 56 58 70
 1 45 46 47 56 58 68 69
 1 45 46 47 54 55 58 70
 1 45 46 47 54 55 58 68 69
 1 43 47 56 58
 1 43 47 56 58 74
 1 43 47 56 58 72 73
 1 43 47 54 55 58
 1 43 47 54 55 58 74
 1 43 47 54 55 58 72 73
 1 43 45 46 56 58 74
 1 43 45 46 56 58 72 73
 1 43 45 46 54 55 58 74
 1 43 45 46 54 55 58 72 73
 1 43 45 46 47 56 58
 1 43 45 46 47 54 55 58
 1 43 44 55 58
 1 40 45 57 60 70
 1 40 45 57 60 68 69
 1 40 43 45 57 60
 1 40 43 44 57 60
 1 40 43 44 57 60 70
 1 40 43 44 57 60 68 69
 1 38 47 58
 1 38 45 46 58
 1 38 39 45 57 60 70
 1 38 39 45 57 60 68 69
 1 38 39 43 45 57 60
 1 38 39 43 44 57 60
 1 38 39 43 44 57 60 70
 1 38 39 43 44 57 60 68 69
 1 35 55 74
 1 35 55 72 73
 1 35 47 55
 1 29 47 58 70
 1 29 47 58 70 74
 1 29 47 58 70 72 73
 1 29 47 58 68 69
 1 29 47 58 68 69 74
 1 29 47 58 68 69 72 73
 1 29 45 46 58 70 74
 1 29 45 46 58 70 72 73
 1 29 45 46 58 68 69 74
 1 29 45 46 58 68 69 72 73
 1 29 45 46 47 58 70
 1 29 45 46 47 58 68 69
 1 29 43 47 58
 1 29 43 47 58 74
 1 29 43 47 58 72 73
 1 29 43 45 46 58 74
 1 29 43 45 46 58 72 73
 1 29 43 45 46 47 58
 1 20 58
 1 20 58 74
 1 20 58 72 74
 1 20 58 70 71 74
 1 20 58 70 71 72 73
 1 20 58 65
 1 20 58 63 64
 1 20 58 62
 1 20 56 58 70 74
 1 20 56 58 70 72 73
 1 20 56 58 68 69 74
 1 20 56 58 68 69 72 73
 1 20 54 55 58 70 74
 1 20 54 55 58 70 72 73
 1 20 54 55 58 68 69 74
 1 20 54 55 58 68 69 72 73
 1 20 47 58
 1 20 47 58 72
 1 20 47 58 70 71
 1 20 47 56 58 70
 1 20 47 56 58 68 69
 1 20 47 54 55 58 70
 1 20 47 54 55 58 68 69
 1 20 45 58 74
 1 20 45 58 72 73
 1 20 45 47 58
 1 20 43 56 58 74
 1 20 43 56 58 72 73
 1 20 43 54 55 58 74
 1 20 43 54 55 58 72 73
 1 20 43 47 56 58
 1 20 43 47 54 55 58
 1 20 38 58
 1 20 29 58 70 74
 1 20 29 58 70 72 73
 1 20 29 58 68 69 74
 1 20 29 58 68 69 72 73
 1 20 29 47 58 70
 1 20 29 47 58 68 69
 1 20 29 43 58 74
 1 20 29 43 58 72 73
 1 20 29 43 47 58
 1 18 55 58
 1 18 40 57 60 70
 1 18 40 57 60 68 69
 1 18 40 43 57 60
 1 18 38 39 57 60 70
 1 18 38 39 57 60 68 69
 1 18 38 39 43 57 60
 1 15 40 45 60 70
 1 15 40 45 60 68 69
 1 15 40 43 45 60
 1 15 40 43 44 60
 1 15 40 43 44 60 70
 1 15 40 43 44 60 68 69
 1 15 38 39 45 60 70
 1 15 38 39 45 60 68 69
 1 15 38 39 43 45 60
 1 15 38 39 43 44 60
 1 15 38 39 43 44 60 70
 1 15 38 39 43 44 60 68 69
 1 15 18 40 60 70
 1 15 18 40 60 68 69
 1 15 18 40 43 60
 1 15 18 38 39 60 70
 1 15 18 38 39 60 68 69
 1 15 18 38 39 43 60
 1 13 45 57 60 70
 1 13 45 57 60 68 69
 1 13 43 45 57 60
 1 13 43 44 57 60
 1 13 43 44 57 60 70
 1 13 43 44 57 60 68 69
 1 13 18 57 60 70
 1 13 18 57 60 68 69
 1 13 18 43 57 60
 1 13 15 45 60 70
 1 13 15 45 60 68 69
 1 13 15 43 45 60
 1 13 15 43 44 60
 1 13 15 43 44 60 70
 1 13 15 43 44 60 68 69
 1 13 15 18 60 70
 1 13 15 18 60 68 69
 1 13 15 18 43 60
 1 13 14 45 60 70
 1 13 14 45 60 68 69
 1 13 14 43 45 60
 1 13 14 43 44 60
 1 13 14 43 44 60 70
 1 13 14 43 44 60 68 69
 1 13 14 40 45 60 70
 1 13 14 40 45 60 68 69
 1 13 14 40 43 45 60
 1 13 14 40 43 44 60
 1 13 14 40 43 44 60 70
 1 13 14 40 43 44 60 68 69
 1 13 14 38 39 45 60 70
 1 13 14 38 39 45 60 68 69
 1 13 14 38 39 43 45 60
 1 13 14 38 39 43 44 60
 1 13 14 38 39 43 44 60 70
 1 13 14 38 39 43 44 60 68 69
 1 13 14 18 60 70
 1 13 14 18 60 68 69
 1 13 14 18 43 60
 1 13 14 18 40 60 70
 1 13 14 18 40 60 68 69
 1 13 14 18 40 43 60
 1 13 14 18 38 39 60 70
 1 13 14 18 38 39 60 68 69
 1 13 14 18 38 39 43 60
