 62 64 70
 62 64 68 69
 58 64
 58 64 70
 58 64 68 69
 55 62 70
 55 62 68 69
 55 58
 55 58 70
 55 58 68 69
 47 58
 47 58 74
 47 58 72
 47 58 72 73
 47 58 70 74
 47 58 70 72 73
 47 58 70 71
 47 58 68 69 74
 47 58 68 69 72 73
 47 56 58 72
 47 56 58 70 71
 45 58 62
 45 58 62 72
 45 58 62 70 71
 45 58 60
 45 58 60 72
 45 58 60 70 71
 45 57 58 64 70
 45 57 58 64 68 69
 45 55 57 58 70
 45 55 57 58 68 69
 45 47 58
 45 47 56 58
 45 46 58
 45 46 58 74
 45 46 58 72
 45 46 58 72 73
 45 46 58 70
 45 46 58 70 74
 45 46 58 70 72 73
 45 46 58 70 71
 45 46 58 68 69
 45 46 58 68 69 74
 45 46 58 68 69 72 73
 45 46 56 58
 45 46 56 58 72
 45 46 56 58 70 71
 45 46 47 58
 45 46 47 58 70
 45 46 47 58 68 69
 43 62 64
 43 58 64
 43 55 62
 43 55 58
 43 47 58 74
 43 47 58 72 73
 43 45 57 58 64
 43 45 55 57 58
 43 45 46 58
 43 45 46 58 74
 43 45 46 58 72 73
 43 45 46 47 58
 43 44 58 62 72
 43 44 58 62 70 71
 43 44 58 60 72
 43 44 58 60 70 71
 43 44 57 58 64
 43 44 57 58 64 70
 43 44 57 58 64 68 69
 43 44 55 57 58
 43 44 55 57 58 70
 43 44 55 57 58 68 69
 43 44 45 58 62
 43 44 45 58 60
 42 60 72 76
 42 60 72 74
 42 60 72 74 75
 42 60 72 73
 42 60 70 71 76
 42 60 70 71 74
 42 60 70 71 74 75
 42 60 70 71 72 73
 42 58 72
 42 58 72 76
 42 58 72 74 75
 42 58 70
 42 58 70 71
 42 58 70 71 76
 42 58 70 71 74 75
 42 58 68 69
 42 58 66 72
 42 58 66 70 71
 42 58 64 65 72
 42 58 64 65 70 71
 42 58 60 72
 42 58 60 70 71
 42 57 58 72
 42 57 58 70 71
 42 56 60
 42 56 60 70 76
 42 56 60 70 74
 42 56 60 70 74 75
 42 56 60 70 72 73
 42 56 60 68 69 76
 42 56 60 68 69 74
 42 56 60 68 69 74 75
 42 56 60 68 69 72 73
 42 56 58 70
 42 56 58 70 76
 42 56 58 70 74 75
 42 56 58 68 69
 42 56 58 68 69 76
 42 56 58 68 69 74 75
 42 56 58 60 70
 42 56 58 60 68 69
 42 54 55 60 70 76
 42 54 55 60 70 74
 42 54 55 60 70 74 75
 42 54 55 60 70 72 73
 42 54 55 60 68 69 76
 42 54 55 60 68 69 74
 42 54 55 60 68 69 74 75
 42 54 55 60 68 69 72 73
 42 54 55 58 70
 42 54 55 58 70 76
 42 54 55 58 70 74 75
 42 54 55 58 68 69
 42 54 55 58 68 69 76
 42 54 55 58 68 69 74 75
 42 54 55 58 60 70
 42 54 55 58 60 68 69
 42 49 60 72
 42 49 60 70 71
 42 49 58 72
 42 49 58 70 71
 42 49 56 60 70
 42 49 56 60 68 69
 42 49 56 58 70
 42 49 56 58 68 69
 42 49 54 55 60 70
 42 49 54 55 60 68 69
 42 49 54 55 58 70
 42 49 54 55 58 68 69
 42 47 60 72
 42 47 60 70 71
 42 47 58
 42 47 56 60 70
 42 47 56 60 68 69
 42 47 56 57 58
 42 47 54 55 60 70
 42 47 54 55 60 68 69
 42 45 70
 42 45 68 69
 42 45 60 76
 42 45 60 74
 42 45 60 74 75
 42 45 60 72 73
 42 45 58
 42 45 58 76
 42 45 58 74 75
 42 45 58 72
 42 45 58 70 71
 42 45 58 66
 42 45 58 64 65
 42 45 58 62
 42 45 58 62 72
 42 45 58 62 70 71
 42 45 58 60
 42 45 49 60
 42 45 49 58
 42 45 47 60
 42 45 46 58
 42 45 46 56 57 58
 42 43 58
 42 43 56 60 76
 42 43 56 60 74
 42 43 56 60 74 75
 42 43 56 60 72 73
 42 43 56 58
 42 43 56 58 76
 42 43 56 58 74 75
 42 43 56 58 60
 42 43 54 55 60 76
 42 43 54 55 60 74
 42 43 54 55 60 74 75
 42 43 54 55 60 72 73
 42 43 54 55 58
 42 43 54 55 58 76
 42 43 54 55 58 74 75
 42 43 54 55 58 60
 42 43 49 56 60
 42 43 49 56 58
 42 43 49 54 55 60
 42 43 49 54 55 58
 42 43 47 56 60
 42 43 47 54 55 60
 42 43 45
 42 43 44
 42 43 44 70
 42 43 44 68 69
 42 43 44 58
 42 43 44 58 72
 42 43 44 58 70 71
 42 43 44 58 62 72
 42 43 44 58 62 70 71
 42 43 44 57 58
 42 43 44 45 58
 42 43 44 45 58 62
 41 45 58
 41 45 58 72
 41 45 58 70 71
 41 43 44 58 72
 41 43 44 58 70 71
 41 43 44 45 58
 40 60
 40 60 72
 40 60 72
 40 60 70 71
 40 60 70 71
 40 60 67 72
 40 60 67 70 71
 40 60 65 72
 40 60 65 70 71
 40 60 65 66 72
 40 60 65 66 70 71
 40 58
 40 58 72
 40 58 70 71
 40 58 67 72
 40 58 67 70 71
 40 58 65 72
 40 58 65 70 71
 40 58 65 66 72
 40 58 65 66 70 71
 40 58 60 72
 40 58 60 70 71
 40 58 59
 40 56 60 70
 40 56 60 70
 40 56 60 68 69
 40 56 60 68 69
 40 56 60 67 70
 40 56 60 67 68 69
 40 56 60 65 70
 40 56 60 65 68 69
 40 56 60 65 66 70
 40 56 60 65 66 68 69
 40 56 58 70
 40 56 58 68 69
 40 56 58 67 70
 40 56 58 67 68 69
 40 56 58 65 70
 40 56 58 65 68 69
 40 56 58 65 66 70
 40 56 58 65 66 68 69
 40 56 58 60 70
 40 56 58 60 68 69
 40 54 55 60 70
 40 54 55 60 70
 40 54 55 60 68 69
 40 54 55 60 68 69
 40 54 55 60 67 70
 40 54 55 60 67 68 69
 40 54 55 60 65 70
 40 54 55 60 65 68 69
 40 54 55 60 65 66 70
 40 54 55 60 65 66 68 69
 40 54 55 58 70
 40 54 55 58 68 69
 40 54 55 58 67 70
 40 54 55 58 67 68 69
 40 54 55 58 65 70
 40 54 55 58 65 68 69
 40 54 55 58 65 66 70
 40 54 55 58 65 66 68 69
 40 54 55 58 60 70
 40 54 55 58 60 68 69
 40 45 60
 40 45 60
 40 45 60 67
 40 45 60 65
 40 45 60 65 66
 40 45 58
 40 45 58 72
 40 45 58 70 71
 40 45 58 67
 40 45 58 66
 40 45 58 66 72
 40 45 58 66 70 71
 40 45 58 65
 40 45 58 65 66
 40 45 58 64 65
 40 45 58 64 65 72
 40 45 58 64 65 70 71
 40 45 58 60
 40 43 56 60
 40 43 56 60
 40 43 56 60 67
 40 43 56 60 65
 40 43 56 60 65 66
 40 43 56 58
 40 43 56 58 67
 40 43 56 58 65
 40 43 56 58 65 66
 40 43 56 58 60
 40 43 54 55 60
 40 43 54 55 60
 40 43 54 55 60 67
 40 43 54 55 60 65
 40 43 54 55 60 65 66
 40 43 54 55 58
 40 43 54 55 58 67
 40 43 54 55 58 65
 40 43 54 55 58 65 66
 40 43 54 55 58 60
 40 43 44 58
 40 43 44 58 72
 40 43 44 58 70 71
 40 43 44 58 66 72
 40 43 44 58 66 70 71
 40 43 44 58 64 65 72
 40 43 44 58 64 65 70 71
 40 43 44 45 58
 40 43 44 45 58 66
 40 43 44 45 58 64 65
 40 41 60 72 76
 40 41 60 72 74
 40 41 60 72 74 75
 40 41 60 72 73
 40 41 60 70 71 76
 40 41 60 70 71 74
 40 41 60 70 71 74 75
 40 41 60 70 71 72 73
 40 41 58 72
 40 41 58 72 76
 40 41 58 72 74 75
 40 41 58 70
 40 41 58 70 71
 40 41 58 70 71 76
 40 41 58 70 71 74 75
 40 41 58 68 69
 40 41 58 66 72
 40 41 58 66 70 71
 40 41 58 64 65 72
 40 41 58 64 65 70 71
 40 41 58 60 72
 40 41 58 60 70 71
 40 41 57 58 72
 40 41 57 58 70 71
 40 41 56 60
 40 41 56 60 70 76
 40 41 56 60 70 74
 40 41 56 60 70 74 75
 40 41 56 60 70 72 73
 40 41 56 60 68 69 76
 40 41 56 60 68 69 74
 40 41 56 60 68 69 74 75
 40 41 56 60 68 69 72 73
 40 41 56 58 70
 40 41 56 58 70 76
 40 41 56 58 70 74 75
 40 41 56 58 68 69
 40 41 56 58 68 69 76
 40 41 56 58 68 69 74 75
 40 41 56 58 60 70
 40 41 56 58 60 68 69
 40 41 54 55 60 70 76
 40 41 54 55 60 70 74
 40 41 54 55 60 70 74 75
 40 41 54 55 60 70 72 73
 40 41 54 55 60 68 69 76
 40 41 54 55 60 68 69 74
 40 41 54 55 60 68 69 74 75
 40 41 54 55 60 68 69 72 73
 40 41 54 55 58 70
 40 41 54 55 58 70 76
 40 41 54 55 58 70 74 75
 40 41 54 55 58 68 69
 40 41 54 55 58 68 69 76
 40 41 54 55 58 68 69 74 75
 40 41 54 55 58 60 70
 40 41 54 55 58 60 68 69
 40 41 49 60 72
 40 41 49 60 70 71
 40 41 49 58 72
 40 41 49 58 70 71
 40 41 49 56 60 70
 40 41 49 56 60 68 69
 40 41 49 56 58 70
 40 41 49 56 58 68 69
 40 41 49 54 55 60 70
 40 41 49 54 55 60 68 69
 40 41 49 54 55 58 70
 40 41 49 54 55 58 68 69
 40 41 47 60 72
 40 41 47 60 70 71
 40 41 47 58
 40 41 47 56 60 70
 40 41 47 56 60 68 69
 40 41 47 56 57 58
 40 41 47 54 55 60 70
 40 41 47 54 55 60 68 69
 40 41 45 70
 40 41 45 68 69
 40 41 45 60 76
 40 41 45 60 74
 40 41 45 60 74 75
 40 41 45 60 72 73
 40 41 45 58 76
 40 41 45 58 74 75
 40 41 45 58 66
 40 41 45 58 64 65
 40 41 45 58 62
 40 41 45 58 62 72
 40 41 45 58 62 70 71
 40 41 45 58 60
 40 41 45 49 60
 40 41 45 49 58
 40 41 45 47 60
 40 41 45 46 58
 40 41 45 46 56 57 58
 40 41 43 58
 40 41 43 56 60 76
 40 41 43 56 60 74
 40 41 43 56 60 74 75
 40 41 43 56 60 72 73
 40 41 43 56 58
 40 41 43 56 58 76
 40 41 43 56 58 74 75
 40 41 43 56 58 60
 40 41 43 54 55 60 76
 40 41 43 54 55 60 74
 40 41 43 54 55 60 74 75
 40 41 43 54 55 60 72 73
 40 41 43 54 55 58
 40 41 43 54 55 58 76
 40 41 43 54 55 58 74 75
 40 41 43 54 55 58 60
 40 41 43 49 56 60
 40 41 43 49 56 58
 40 41 43 49 54 55 60
 40 41 43 49 54 55 58
 40 41 43 47 56 60
 40 41 43 47 54 55 60
 40 41 43 45
 40 41 43 44
 40 41 43 44 70
 40 41 43 44 68 69
 40 41 43 44 58
 40 41 43 44 58 62 72
 40 41 43 44 58 62 70 71
 40 41 43 44 57 58
 40 41 43 44 45 58 62
 39 42 58 72
 39 42 58 70 71
 39 42 45 58
 39 40 45 58
 39 40 45 58 72
 39 40 45 58 70 71
 39 40 43 44 58 72
 39 40 43 44 58 70 71
 39 40 43 44 45 58
 39 40 41 58 72
 39 40 41 58 70 71
 39 40 41 45 58
 38 39 60
 38 39 60 72
 38 39 60 70 71
 38 39 60 67 72
 38 39 60 67 70 71
 38 39 60 65 72
 38 39 60 65 70 71
 38 39 60 65 66 72
 38 39 60 65 66 70 71
 38 39 58
 38 39 58 72
 38 39 58 72
 38 39 58 70 71
 38 39 58 70 71
 38 39 58 67 72
 38 39 58 67 70 71
 38 39 58 65 72
 38 39 58 65 70 71
 38 39 58 65 66 72
 38 39 58 65 66 70 71
 38 39 58 60 72
 38 39 58 60 70 71
 38 39 58 59
 38 39 56 60 70
 38 39 56 60 68 69
 38 39 56 60 67 70
 38 39 56 60 67 68 69
 38 39 56 60 65 70
 38 39 56 60 65 68 69
 38 39 56 60 65 66 70
 38 39 56 60 65 66 68 69
 38 39 56 58 70
 38 39 56 58 70
 38 39 56 58 68 69
 38 39 56 58 68 69
 38 39 56 58 67 70
 38 39 56 58 67 68 69
 38 39 56 58 65 70
 38 39 56 58 65 68 69
 38 39 56 58 65 66 70
 38 39 56 58 65 66 68 69
 38 39 56 58 60 70
 38 39 56 58 60 68 69
 38 39 54 55 60 70
 38 39 54 55 60 68 69
 38 39 54 55 60 67 70
 38 39 54 55 60 67 68 69
 38 39 54 55 60 65 70
 38 39 54 55 60 65 68 69
 38 39 54 55 60 65 66 70
 38 39 54 55 60 65 66 68 69
 38 39 54 55 58 70
 38 39 54 55 58 70
 38 39 54 55 58 68 69
 38 39 54 55 58 68 69
 38 39 54 55 58 67 70
 38 39 54 55 58 67 68 69
 38 39 54 55 58 65 70
 38 39 54 55 58 65 68 69
 38 39 54 55 58 65 66 70
 38 39 54 55 58 65 66 68 69
 38 39 54 55 58 60 70
 38 39 54 55 58 60 68 69
 38 39 45 60
 38 39 45 60 67
 38 39 45 60 65
 38 39 45 60 65 66
 38 39 45 58
 38 39 45 58 67
 38 39 45 58 66
 38 39 45 58 66 72
 38 39 45 58 66 70 71
 38 39 45 58 65
 38 39 45 58 65 66
 38 39 45 58 64 65
 38 39 45 58 64 65 72
 38 39 45 58 64 65 70 71
 38 39 45 58 60
 38 39 43 56 60
 38 39 43 56 60 67
 38 39 43 56 60 65
 38 39 43 56 60 65 66
 38 39 43 56 58
 38 39 43 56 58
 38 39 43 56 58 67
 38 39 43 56 58 65
 38 39 43 56 58 65 66
 38 39 43 56 58 60
 38 39 43 54 55 60
 38 39 43 54 55 60 67
 38 39 43 54 55 60 65
 38 39 43 54 55 60 65 66
 38 39 43 54 55 58
 38 39 43 54 55 58
 38 39 43 54 55 58 67
 38 39 43 54 55 58 65
 38 39 43 54 55 58 65 66
 38 39 43 54 55 58 60
 38 39 43 44 58
 38 39 43 44 58 66 72
 38 39 43 44 58 66 70 71
 38 39 43 44 58 64 65 72
 38 39 43 44 58 64 65 70 71
 38 39 43 44 45 58 66
 38 39 43 44 45 58 64 65
 38 39 41 45 58
 38 39 41 45 58 72
 38 39 41 45 58 70 71
 38 39 41 43 44 58 72
 38 39 41 43 44 58 70 71
 38 39 41 43 44 45 58
 38 39 40 60 72
 38 39 40 60 70 71
 38 39 40 58 72
 38 39 40 58 70 71
 38 39 40 56 60 70
 38 39 40 56 60 68 69
 38 39 40 56 58 70
 38 39 40 56 58 68 69
 38 39 40 54 55 60 70
 38 39 40 54 55 60 68 69
 38 39 40 54 55 58 70
 38 39 40 54 55 58 68 69
 38 39 40 45 60
 38 39 40 45 58 72
 38 39 40 45 58 70 71
 38 39 40 43 56 60
 38 39 40 43 56 58
 38 39 40 43 54 55 60
 38 39 40 43 54 55 58
 38 39 40 43 44 58 72
 38 39 40 43 44 58 70 71
 38 39 40 43 44 45 58
 37 56 58 72
 37 56 58 70 71
 37 45 56 58
 37 42 45 58 62
 37 42 45 58 62 72
 37 42 45 58 62 70 71
 37 42 43 44 58 62 72
 37 42 43 44 58 62 70 71
 37 42 43 44 45 58 62
 37 40 41 45 58 62
 37 40 41 45 58 62 72
 37 40 41 45 58 62 70 71
 37 40 41 43 44 58 62 72
 37 40 41 43 44 58 62 70 71
 37 40 41 43 44 45 58 62
 35 59 70
 35 59 68 69
 35 58 64 70
 35 58 64 68 69
 35 58 60 64 70
 35 58 60 64 68 69
 35 58 59 70
 35 58 59 68 69
 35 58 59 67 70
 35 58 59 67 68 69
 35 58 59 65 70
 35 58 59 65 68 69
 35 58 59 65 66 70
 35 58 59 65 66 68 69
 35 56 57 70
 35 56 57 68 69
 35 55 58 70
 35 55 58 68 69
 35 55 58 60 70
 35 55 58 60 68 69
 35 43 59
 35 43 58 64
 35 43 58 60 64
 35 43 58 59
 35 43 58 59 67
 35 43 58 59 65
 35 43 58 59 65 66
 35 43 56 57
 35 43 55 58
 35 43 55 58 60
 35 42 56 66 72
 35 42 56 66 70 71
 35 42 56 64 65 72
 35 42 56 64 65 70 71
 35 42 56 58 70
 35 42 56 58 68 69
 35 42 56 57 70
 35 42 56 57 68 69
 35 42 45 56 66
 35 42 45 56 64 65
 35 42 43 56 58
 35 42 43 56 57
 35 40 60
 35 40 58 59 70
 35 40 58 59 68 69
 35 40 43 58 59
 35 40 41 56 66 72
 35 40 41 56 66 70 71
 35 40 41 56 64 65 72
 35 40 41 56 64 65 70 71
 35 40 41 56 58 70
 35 40 41 56 58 68 69
 35 40 41 56 57 70
 35 40 41 56 57 68 69
 35 40 41 45 56 66
 35 40 41 45 56 64 65
 35 40 41 43 56 58
 35 40 41 43 56 57
 35 39 42 56 72
 35 39 42 56 70 71
 35 39 42 45 56
 35 39 40 41 56 72
 35 39 40 41 56 70 71
 35 39 40 41 45 56
 35 38 39 60
 31 35 42 56 70
 31 35 42 56 68 69
 31 35 42 43 56
 31 35 40 41 56 70
 31 35 40 41 56 68 69
 31 35 40 41 43 56
 30 58
 29 42 60 70 76
 29 42 60 70 74
 29 42 60 70 74 75
 29 42 60 70 72 73
 29 42 60 68 69 76
 29 42 60 68 69 74
 29 42 60 68 69 74 75
 29 42 60 68 69 72 73
 29 42 58 70
 29 42 58 70 76
 29 42 58 70 74 75
 29 42 58 68 69
 29 42 58 68 69 76
 29 42 58 68 69 74 75
 29 42 58 60 70
 29 42 58 60 68 69
 29 42 49 60 70
 29 42 49 60 68 69
 29 42 49 58 70
 29 42 49 58 68 69
 29 42 47 60 70
 29 42 47 60 68 69
 29 42 43 60 76
 29 42 43 60 74
 29 42 43 60 74 75
 29 42 43 60 72 73
 29 42 43 58
 29 42 43 58 76
 29 42 43 58 74 75
 29 42 43 58 60
 29 42 43 49 60
 29 42 43 49 58
 29 42 43 47 60
 29 40 60 70
 29 40 60 70
 29 40 60 68 69
 29 40 60 68 69
 29 40 60 67 70
 29 40 60 67 68 69
 29 40 60 65 70
 29 40 60 65 68 69
 29 40 60 65 66 70
 29 40 60 65 66 68 69
 29 40 58 70
 29 40 58 68 69
 29 40 58 67 70
 29 40 58 67 68 69
 29 40 58 65 70
 29 40 58 65 68 69
 29 40 58 65 66 70
 29 40 58 65 66 68 69
 29 40 58 60 70
 29 40 58 60 68 69
 29 40 43 60
 29 40 43 60
 29 40 43 60 67
 29 40 43 60 65
 29 40 43 60 65 66
 29 40 43 58
 29 40 43 58 67
 29 40 43 58 65
 29 40 43 58 65 66
 29 40 43 58 60
 29 40 41 60 70 76
 29 40 41 60 70 74
 29 40 41 60 70 74 75
 29 40 41 60 70 72 73
 29 40 41 60 68 69 76
 29 40 41 60 68 69 74
 29 40 41 60 68 69 74 75
 29 40 41 60 68 69 72 73
 29 40 41 58 70
 29 40 41 58 70 76
 29 40 41 58 70 74 75
 29 40 41 58 68 69
 29 40 41 58 68 69 76
 29 40 41 58 68 69 74 75
 29 40 41 58 60 70
 29 40 41 58 60 68 69
 29 40 41 49 60 70
 29 40 41 49 60 68 69
 29 40 41 49 58 70
 29 40 41 49 58 68 69
 29 40 41 47 60 70
 29 40 41 47 60 68 69
 29 40 41 43 60 76
 29 40 41 43 60 74
 29 40 41 43 60 74 75
 29 40 41 43 60 72 73
 29 40 41 43 58
 29 40 41 43 58 76
 29 40 41 43 58 74 75
 29 40 41 43 58 60
 29 40 41 43 49 60
 29 40 41 43 49 58
 29 40 41 43 47 60
 29 38 39 60 70
 29 38 39 60 68 69
 29 38 39 60 67 70
 29 38 39 60 67 68 69
 29 38 39 60 65 70
 29 38 39 60 65 68 69
 29 38 39 60 65 66 70
 29 38 39 60 65 66 68 69
 29 38 39 58 70
 29 38 39 58 70
 29 38 39 58 68 69
 29 38 39 58 68 69
 29 38 39 58 67 70
 29 38 39 58 67 68 69
 29 38 39 58 65 70
 29 38 39 58 65 68 69
 29 38 39 58 65 66 70
 29 38 39 58 65 66 68 69
 29 38 39 58 60 70
 29 38 39 58 60 68 69
 29 38 39 43 60
 29 38 39 43 60 67
 29 38 39 43 60 65
 29 38 39 43 60 65 66
 29 38 39 43 58
 29 38 39 43 58
 29 38 39 43 58 67
 29 38 39 43 58 65
 29 38 39 43 58 65 66
 29 38 39 43 58 60
 29 38 39 40 60 70
 29 38 39 40 60 68 69
 29 38 39 40 58 70
 29 38 39 40 58 68 69
 29 38 39 40 43 60
 29 38 39 40 43 58
 28 59 70
 28 59 68 69
 28 58
 28 58 76
 28 58 74 75
 28 58 70
 28 58 68 69
 28 58 67
 28 58 65
 28 58 65 66
 28 57 58 70
 28 57 58 68 69
 28 51 57 58
 28 49 58
 28 49 50 57 58
 28 47 58 70 74
 28 47 58 70 72 73
 28 47 58 68 69 74
 28 47 58 68 69 72 73
 28 47 58 65 70
 28 47 58 65 68 69
 28 47 58 63 64 70
 28 47 58 63 64 68 69
 28 47 57 58 70
 28 47 57 58 68 69
 28 47 56 57 58 70
 28 47 56 57 58 70 74
 28 47 56 57 58 70 72 73
 28 47 56 57 58 68 69
 28 47 56 57 58 68 69 74
 28 47 56 57 58 68 69 72 73
 28 45 46 58 70
 28 45 46 58 70 74
 28 45 46 58 70 72 73
 28 45 46 58 68 69
 28 45 46 58 68 69 74
 28 45 46 58 68 69 72 73
 28 45 46 58 65 70
 28 45 46 58 65 68 69
 28 45 46 58 63 64 70
 28 45 46 58 63 64 68 69
 28 45 46 57 58 70
 28 45 46 57 58 68 69
 28 45 46 56 57 58 70 74
 28 45 46 56 57 58 70 72 73
 28 45 46 56 57 58 68 69 74
 28 45 46 56 57 58 68 69 72 73
 28 45 46 47 58 70
 28 45 46 47 58 68 69
 28 45 46 47 56 57 58 70
 28 45 46 47 56 57 58 68 69
 28 43 59
 28 43 58
 28 43 57 58
 28 43 47 58 74
 28 43 47 58 72 73
 28 43 47 58 65
 28 43 47 58 63 64
 28 43 47 57 58
 28 43 47 56 57 58
 28 43 47 56 57 58 74
 28 43 47 56 57 58 72 73
 28 43 45 46 58
 28 43 45 46 58 74
 28 43 45 46 58 72 73
 28 43 45 46 58 65
 28 43 45 46 58 63 64
 28 43 45 46 57 58
 28 43 45 46 56 57 58 74
 28 43 45 46 56 57 58 72 73
 28 43 45 46 47 58
 28 43 45 46 47 56 57 58
 28 40 62
 28 40 58
 28 38 47 58 70
 28 38 47 58 68 69
 28 38 45 46 58 70
 28 38 45 46 58 68 69
 28 38 43 47 58
 28 38 43 45 46 58
 28 38 39 62
 28 37 56 58 72
 28 37 56 58 70 71
 28 37 45 56 58
 28 31 47 58 70
 28 31 47 58 70 74
 28 31 47 58 70 72 73
 28 31 47 58 68 69
 28 31 47 58 68 69 74
 28 31 47 58 68 69 72 73
 28 31 45 46 58 70 74
 28 31 45 46 58 70 72 73
 28 31 45 46 58 68 69 74
 28 31 45 46 58 68 69 72 73
 28 31 45 46 47 58 70
 28 31 45 46 47 58 68 69
 28 31 43 47 58
 28 31 43 47 58 74
 28 31 43 47 58 72 73
 28 31 43 45 46 58 74
 28 31 43 45 46 58 72 73
 28 31 43 45 46 47 58
 28 29 58
 27 45 58
 27 45 58 72
 27 45 58 70 71
 27 43 44 58 72
 27 43 44 58 70 71
 27 43 44 45 58
 26 27 59 70
 26 27 59 68 69
 26 27 58
 26 27 58 76
 26 27 58 74 75
 26 27 58 70
 26 27 58 68 69
 26 27 58 67
 26 27 58 65
 26 27 58 65 66
 26 27 57 58 70
 26 27 57 58 68 69
 26 27 51 57 58
 26 27 49 58
 26 27 49 50 57 58
 26 27 47 58 70 74
 26 27 47 58 70 72 73
 26 27 47 58 68 69 74
 26 27 47 58 68 69 72 73
 26 27 47 58 65 70
 26 27 47 58 65 68 69
 26 27 47 58 63 64 70
 26 27 47 58 63 64 68 69
 26 27 47 57 58 70
 26 27 47 57 58 68 69
 26 27 47 56 57 58 70
 26 27 47 56 57 58 70 74
 26 27 47 56 57 58 70 72 73
 26 27 47 56 57 58 68 69
 26 27 47 56 57 58 68 69 74
 26 27 47 56 57 58 68 69 72 73
 26 27 45 46 58 70
 26 27 45 46 58 70 74
 26 27 45 46 58 70 72 73
 26 27 45 46 58 68 69
 26 27 45 46 58 68 69 74
 26 27 45 46 58 68 69 72 73
 26 27 45 46 58 65 70
 26 27 45 46 58 65 68 69
 26 27 45 46 58 63 64 70
 26 27 45 46 58 63 64 68 69
 26 27 45 46 57 58 70
 26 27 45 46 57 58 68 69
 26 27 45 46 56 57 58 70 74
 26 27 45 46 56 57 58 70 72 73
 26 27 45 46 56 57 58 68 69 74
 26 27 45 46 56 57 58 68 69 72 73
 26 27 45 46 47 58 70
 26 27 45 46 47 58 68 69
 26 27 45 46 47 56 57 58 70
 26 27 45 46 47 56 57 58 68 69
 26 27 43 59
 26 27 43 58
 26 27 43 57 58
 26 27 43 47 58 74
 26 27 43 47 58 72 73
 26 27 43 47 58 65
 26 27 43 47 58 63 64
 26 27 43 47 57 58
 26 27 43 47 56 57 58
 26 27 43 47 56 57 58 74
 26 27 43 47 56 57 58 72 73
 26 27 43 45 46 58
 26 27 43 45 46 58 74
 26 27 43 45 46 58 72 73
 26 27 43 45 46 58 65
 26 27 43 45 46 58 63 64
 26 27 43 45 46 57 58
 26 27 43 45 46 56 57 58 74
 26 27 43 45 46 56 57 58 72 73
 26 27 43 45 46 47 58
 26 27 43 45 46 47 56 57 58
 26 27 40 62
 26 27 40 58
 26 27 38 47 58 70
 26 27 38 47 58 68 69
 26 27 38 45 46 58 70
 26 27 38 45 46 58 68 69
 26 27 38 43 47 58
 26 27 38 43 45 46 58
 26 27 38 39 62
 26 27 37 56 58 72
 26 27 37 56 58 70 71
 26 27 37 45 56 58
 26 27 31 47 58 70
 26 27 31 47 58 70 74
 26 27 31 47 58 70 72 73
 26 27 31 47 58 68 69
 26 27 31 47 58 68 69 74
 26 27 31 47 58 68 69 72 73
 26 27 31 45 46 58 70 74
 26 27 31 45 46 58 70 72 73
 26 27 31 45 46 58 68 69 74
 26 27 31 45 46 58 68 69 72 73
 26 27 31 45 46 47 58 70
 26 27 31 45 46 47 58 68 69
 26 27 31 43 47 58
 26 27 31 43 47 58 74
 26 27 31 43 47 58 72 73
 26 27 31 43 45 46 58 74
 26 27 31 43 45 46 58 72 73
 26 27 31 43 45 46 47 58
 25 26 45 58
 25 26 45 58 72
 25 26 45 58 70 71
 25 26 43 44 58 72
 25 26 43 44 58 70 71
 25 26 43 44 45 58
 24 28 57 58
 24 26 27 57 58
 20 58 74
 20 58 72
 20 58 72 73
 20 58 70
 20 58 70 74
 20 58 70 72 73
 20 58 70 71
 20 58 68 69
 20 58 68 69 74
 20 58 68 69 72 73
 20 56 58 72
 20 56 58 70 71
 20 47 58
 20 47 58 70
 20 47 58 68 69
 20 45 58
 20 45 56 58
 20 43 58
 20 43 58 74
 20 43 58 72 73
 20 43 47 58
 20 42 58
 20 42 56 57 58
 20 40 41 58
 20 40 41 56 57 58
 20 28 58 70
 20 28 58 70 74
 20 28 58 70 72 73
 20 28 58 68 69
 20 28 58 68 69 74
 20 28 58 68 69 72 73
 20 28 58 65 70
 20 28 58 65 68 69
 20 28 58 63 64 70
 20 28 58 63 64 68 69
 20 28 57 58 70
 20 28 57 58 68 69
 20 28 56 57 58 70 74
 20 28 56 57 58 70 72 73
 20 28 56 57 58 68 69 74
 20 28 56 57 58 68 69 72 73
 20 28 47 58 70
 20 28 47 58 68 69
 20 28 47 56 57 58 70
 20 28 47 56 57 58 68 69
 20 28 43 58
 20 28 43 58 74
 20 28 43 58 72 73
 20 28 43 58 65
 20 28 43 58 63 64
 20 28 43 57 58
 20 28 43 56 57 58 74
 20 28 43 56 57 58 72 73
 20 28 43 47 58
 20 28 43 47 56 57 58
 20 28 38 58 70
 20 28 38 58 68 69
 20 28 38 43 58
 20 28 31 58 70 74
 20 28 31 58 70 72 73
 20 28 31 58 68 69 74
 20 28 31 58 68 69 72 73
 20 28 31 47 58 70
 20 28 31 47 58 68 69
 20 28 31 43 58 74
 20 28 31 43 58 72 73
 20 28 31 43 47 58
 20 26 27 58 70
 20 26 27 58 70 74
 20 26 27 58 70 72 73
 20 26 27 58 68 69
 20 26 27 58 68 69 74
 20 26 27 58 68 69 72 73
 20 26 27 58 65 70
 20 26 27 58 65 68 69
 20 26 27 58 63 64 70
 20 26 27 58 63 64 68 69
 20 26 27 57 58 70
 20 26 27 57 58 68 69
 20 26 27 56 57 58 70 74
 20 26 27 56 57 58 70 72 73
 20 26 27 56 57 58 68 69 74
 20 26 27 56 57 58 68 69 72 73
 20 26 27 47 58 70
 20 26 27 47 58 68 69
 20 26 27 47 56 57 58 70
 20 26 27 47 56 57 58 68 69
 20 26 27 43 58
 20 26 27 43 58 74
 20 26 27 43 58 72 73
 20 26 27 43 58 65
 20 26 27 43 58 63 64
 20 26 27 43 57 58
 20 26 27 43 56 57 58 74
 20 26 27 43 56 57 58 72 73
 20 26 27 43 47 58
 20 26 27 43 47 56 57 58
 20 26 27 38 58 70
 20 26 27 38 58 68 69
 20 26 27 38 43 58
 20 26 27 31 58 70 74
 20 26 27 31 58 70 72 73
 20 26 27 31 58 68 69 74
 20 26 27 31 58 68 69 72 73
 20 26 27 31 47 58 70
 20 26 27 31 47 58 68 69
 20 26 27 31 43 58 74
 20 26 27 31 43 58 72 73
 20 26 27 31 43 47 58
 18 58 62 72
 18 58 62 70 71
 18 58 60 72
 18 58 60 70 71
 18 57 58 64 70
 18 57 58 64 68 69
 18 55 57 58 70
 18 55 57 58 68 69
 18 45 58 62
 18 45 58 60
 18 43 57 58 64
 18 43 55 57 58
 18 42 70
 18 42 68 69
 18 42 58
 18 42 58 72
 18 42 58 70 71
 18 42 58 62 72
 18 42 58 62 70 71
 18 42 57 58
 18 42 45 58
 18 42 45 58 62
 18 42 43
 18 41 58 72
 18 41 58 70 71
 18 41 45 58
 18 40 58
 18 40 58 72
 18 40 58 70 71
 18 40 58 66 72
 18 40 58 66 70 71
 18 40 58 64 65 72
 18 40 58 64 65 70 71
 18 40 45 58
 18 40 45 58 66
 18 40 45 58 64 65
 18 40 41 70
 18 40 41 68 69
 18 40 41 58
 18 40 41 58 62 72
 18 40 41 58 62 70 71
 18 40 41 57 58
 18 40 41 45 58 62
 18 40 41 43
 18 39 40 58 72
 18 39 40 58 70 71
 18 39 40 45 58
 18 38 39 58
 18 38 39 58 66 72
 18 38 39 58 66 70 71
 18 38 39 58 64 65 72
 18 38 39 58 64 65 70 71
 18 38 39 45 58 66
 18 38 39 45 58 64 65
 18 38 39 41 58 72
 18 38 39 41 58 70 71
 18 38 39 41 45 58
 18 38 39 40 58 72
 18 38 39 40 58 70 71
 18 38 39 40 45 58
 18 37 42 58 62 72
 18 37 42 58 62 70 71
 18 37 42 45 58 62
 18 37 40 41 58 62 72
 18 37 40 41 58 62 70 71
 18 37 40 41 45 58 62
 18 27 58 72
 18 27 58 70 71
 18 27 45 58
 18 25 26 58 72
 18 25 26 58 70 71
 18 25 26 45 58
 17 40 58
 17 38 39 58
 17 35 70
 17 35 68 69
 17 35 58 70
 17 35 58 68 69
 17 35 58 67 70
 17 35 58 67 68 69
 17 35 58 65 70
 17 35 58 65 68 69
 17 35 58 65 66 70
 17 35 58 65 66 68 69
 17 35 43
 17 35 43 58
 17 35 43 58 67
 17 35 43 58 65
 17 35 43 58 65 66
 17 35 40 58 70
 17 35 40 58 68 69
 17 35 40 43 58
 17 28 70
 17 28 68 69
 17 28 43
 17 26 27 70
 17 26 27 68 69
 17 26 27 43
 15 60 72 76
 15 60 72 74
 15 60 72 74 75
 15 60 72 73
 15 60 70 71 76
 15 60 70 71 74
 15 60 70 71 74 75
 15 60 70 71 72 73
 15 58 72 76
 15 58 72 74 75
 15 58 70
 15 58 70 71 76
 15 58 70 71 74 75
 15 58 68 69
 15 58 66 72
 15 58 66 70 71
 15 58 64 65 72
 15 58 64 65 70 71
 15 58 60 72
 15 58 60 70 71
 15 57 58 72
 15 57 58 70 71
 15 56 60
 15 56 60 70 76
 15 56 60 70 74
 15 56 60 70 74 75
 15 56 60 70 72 73
 15 56 60 68 69 76
 15 56 60 68 69 74
 15 56 60 68 69 74 75
 15 56 60 68 69 72 73
 15 56 58 70
 15 56 58 70 76
 15 56 58 70 74 75
 15 56 58 68 69
 15 56 58 68 69 76
 15 56 58 68 69 74 75
 15 56 58 60 70
 15 56 58 60 68 69
 15 54 55 60 70 76
 15 54 55 60 70 74
 15 54 55 60 70 74 75
 15 54 55 60 70 72 73
 15 54 55 60 68 69 76
 15 54 55 60 68 69 74
 15 54 55 60 68 69 74 75
 15 54 55 60 68 69 72 73
 15 54 55 58 70
 15 54 55 58 70 76
 15 54 55 58 70 74 75
 15 54 55 58 68 69
 15 54 55 58 68 69 76
 15 54 55 58 68 69 74 75
 15 54 55 58 60 70
 15 54 55 58 60 68 69
 15 49 60 72
 15 49 60 70 71
 15 49 58 72
 15 49 58 70 71
 15 49 56 60 70
 15 49 56 60 68 69
 15 49 56 58 70
 15 49 56 58 68 69
 15 49 54 55 60 70
 15 49 54 55 60 68 69
 15 49 54 55 58 70
 15 49 54 55 58 68 69
 15 47 60 72
 15 47 60 70 71
 15 47 58
 15 47 56 60 70
 15 47 56 60 68 69
 15 47 56 58
 15 47 56 57 58
 15 47 54 55 60 70
 15 47 54 55 60 68 69
 15 45 70
 15 45 68 69
 15 45 60 76
 15 45 60 74
 15 45 60 74 75
 15 45 60 72 73
 15 45 58
 15 45 58 76
 15 45 58 74 75
 15 45 58 72
 15 45 58 70 71
 15 45 58 66
 15 45 58 64 70
 15 45 58 64 68 69
 15 45 58 64 65
 15 45 58 62
 15 45 58 62 72
 15 45 58 62 70 71
 15 45 58 60
 15 45 55 58 70
 15 45 55 58 68 69
 15 45 49 60
 15 45 49 58
 15 45 47 60
 15 45 46 58
 15 45 46 56 58
 15 45 46 56 57 58
 15 43 58
 15 43 56 60 76
 15 43 56 60 74
 15 43 56 60 74 75
 15 43 56 60 72 73
 15 43 56 58
 15 43 56 58 76
 15 43 56 58 74 75
 15 43 56 58 60
 15 43 54 55 60 76
 15 43 54 55 60 74
 15 43 54 55 60 74 75
 15 43 54 55 60 72 73
 15 43 54 55 58
 15 43 54 55 58 76
 15 43 54 55 58 74 75
 15 43 54 55 58 60
 15 43 49 56 60
 15 43 49 56 58
 15 43 49 54 55 60
 15 43 49 54 55 58
 15 43 47 56 60
 15 43 47 54 55 60
 15 43 45
 15 43 45 58 64
 15 43 45 55 58
 15 43 44
 15 43 44 70
 15 43 44 68 69
 15 43 44 58 72
 15 43 44 58 70 71
 15 43 44 58 64
 15 43 44 58 64 70
 15 43 44 58 64 68 69
 15 43 44 58 62 72
 15 43 44 58 62 70 71
 15 43 44 57 58
 15 43 44 55 58
 15 43 44 55 58 70
 15 43 44 55 58 68 69
 15 43 44 45 58
 15 43 44 45 58 62
 15 42 58 72
 15 42 58 70 71
 15 42 47 56 58
 15 42 45 46 56 58
 15 42 43 44 58
 15 40 41 58 72
 15 40 41 58 70 71
 15 40 41 47 56 58
 15 40 41 45 46 56 58
 15 40 41 43 44 58
 15 39 58 72
 15 39 58 70 71
 15 39 45 58
 15 37 45 58 62
 15 37 45 58 62 72
 15 37 45 58 62 70 71
 15 37 43 44 58 62 72
 15 37 43 44 58 62 70 71
 15 37 43 44 45 58 62
 15 35 56 70
 15 35 56 68 69
 15 35 56 66 72
 15 35 56 66 70 71
 15 35 56 64 65 72
 15 35 56 64 65 70 71
 15 35 56 58 70
 15 35 56 58 68 69
 15 35 56 57 70
 15 35 56 57 68 69
 15 35 45 56 66
 15 35 45 56 64 65
 15 35 43 56
 15 35 43 56 58
 15 35 43 56 57
 15 35 39 56 72
 15 35 39 56 70 71
 15 35 39 45 56
 15 31 35 56 70
 15 31 35 56 68 69
 15 31 35 43 56
 15 29 60 70 76
 15 29 60 70 74
 15 29 60 70 74 75
 15 29 60 70 72 73
 15 29 60 68 69 76
 15 29 60 68 69 74
 15 29 60 68 69 74 75
 15 29 60 68 69 72 73
 15 29 58 70
 15 29 58 70 76
 15 29 58 70 74 75
 15 29 58 68 69
 15 29 58 68 69 76
 15 29 58 68 69 74 75
 15 29 58 60 70
 15 29 58 60 68 69
 15 29 49 60 70
 15 29 49 60 68 69
 15 29 49 58 70
 15 29 49 58 68 69
 15 29 47 60 70
 15 29 47 60 68 69
 15 29 43 60 76
 15 29 43 60 74
 15 29 43 60 74 75
 15 29 43 60 72 73
 15 29 43 58
 15 29 43 58 76
 15 29 43 58 74 75
 15 29 43 58 60
 15 29 43 49 60
 15 29 43 49 58
 15 29 43 47 60
 15 28 58 70
 15 28 58 68 69
 15 28 51 58
 15 28 49 50 58
 15 28 47 58 70
 15 28 47 58 68 69
 15 28 45 46 58 70
 15 28 45 46 58 68 69
 15 28 43 58
 15 28 43 47 58
 15 28 43 45 46 58
 15 26 27 58 70
 15 26 27 58 68 69
 15 26 27 51 58
 15 26 27 49 50 58
 15 26 27 47 58 70
 15 26 27 47 58 68 69
 15 26 27 45 46 58 70
 15 26 27 45 46 58 68 69
 15 26 27 43 58
 15 26 27 43 47 58
 15 26 27 43 45 46 58
 15 24 28 58
 15 24 26 27 58
 15 20 58
 15 20 56 58
 15 20 56 57 58
 15 20 42 56 58
 15 20 40 41 56 58
 15 20 28 58 70
 15 20 28 58 68 69
 15 20 28 43 58
 15 20 26 27 58 70
 15 20 26 27 58 68 69
 15 20 26 27 43 58
 15 18 70
 15 18 68 69
 15 18 58 72
 15 18 58 70 71
 15 18 58 64 70
 15 18 58 64 68 69
 15 18 58 62 72
 15 18 58 62 70 71
 15 18 57 58
 15 18 55 58 70
 15 18 55 58 68 69
 15 18 45 58
 15 18 45 58 62
 15 18 43
 15 18 43 58 64
 15 18 43 55 58
 15 18 42 58
 15 18 40 41 58
 15 18 37 58 62 72
 15 18 37 58 62 70 71
 15 18 37 45 58 62
 15 16 40 58
 15 16 38 39 58
 15 16 35 70
 15 16 35 68 69
 15 16 35 58 70
 15 16 35 58 68 69
 15 16 35 58 67 70
 15 16 35 58 67 68 69
 15 16 35 58 65 70
 15 16 35 58 65 68 69
 15 16 35 58 65 66 70
 15 16 35 58 65 66 68 69
 15 16 35 43
 15 16 35 43 58
 15 16 35 43 58 67
 15 16 35 43 58 65
 15 16 35 43 58 65 66
 15 16 35 40 58 70
 15 16 35 40 58 68 69
 15 16 35 40 43 58
 15 16 28 70
 15 16 28 68 69
 15 16 28 43
 15 16 26 27 70
 15 16 26 27 68 69
 15 16 26 27 43
 14 45 58
 14 45 58 72
 14 45 58 70 71
 14 43 44 58 72
 14 43 44 58 70 71
 14 43 44 45 58
 14 40 45 58
 14 40 45 58 72
 14 40 45 58 70 71
 14 40 43 44 58 72
 14 40 43 44 58 70 71
 14 40 43 44 45 58
 14 38 39 45 58
 14 38 39 45 58 72
 14 38 39 45 58 70 71
 14 38 39 43 44 58 72
 14 38 39 43 44 58 70 71
 14 38 39 43 44 45 58
 14 18 58 72
 14 18 58 70 71
 14 18 45 58
 14 18 40 58 72
 14 18 40 58 70 71
 14 18 40 45 58
 14 18 38 39 58 72
 14 18 38 39 58 70 71
 14 18 38 39 45 58
 13 62 70
 13 62 68 69
 13 60
 13 60 72
 13 60 70 71
 13 60 67 72
 13 60 67 70 71
 13 60 65 72
 13 60 65 70 71
 13 60 65 66 72
 13 60 65 66 70 71
 13 58 72
 13 58 72
 13 58 70
 13 58 70 71
 13 58 70 71
 13 58 68 69
 13 58 67 72
 13 58 67 70 71
 13 58 65 72
 13 58 65 70 71
 13 58 65 66 72
 13 58 65 66 70 71
 13 58 60 72
 13 58 60 70 71
 13 58 59
 13 56 60 70
 13 56 60 68 69
 13 56 60 67 70
 13 56 60 67 68 69
 13 56 60 65 70
 13 56 60 65 68 69
 13 56 60 65 66 70
 13 56 60 65 66 68 69
 13 56 58 70
 13 56 58 70
 13 56 58 68 69
 13 56 58 68 69
 13 56 58 67 70
 13 56 58 67 68 69
 13 56 58 65 70
 13 56 58 65 68 69
 13 56 58 65 66 70
 13 56 58 65 66 68 69
 13 56 58 60 70
 13 56 58 60 68 69
 13 54 55 60 70
 13 54 55 60 68 69
 13 54 55 60 67 70
 13 54 55 60 67 68 69
 13 54 55 60 65 70
 13 54 55 60 65 68 69
 13 54 55 60 65 66 70
 13 54 55 60 65 66 68 69
 13 54 55 58 70
 13 54 55 58 70
 13 54 55 58 68 69
 13 54 55 58 68 69
 13 54 55 58 67 70
 13 54 55 58 67 68 69
 13 54 55 58 65 70
 13 54 55 58 65 68 69
 13 54 55 58 65 66 70
 13 54 55 58 65 66 68 69
 13 54 55 58 60 70
 13 54 55 58 60 68 69
 13 45 60
 13 45 60 67
 13 45 60 65
 13 45 60 65 66
 13 45 58
 13 45 58
 13 45 58 72
 13 45 58 70 71
 13 45 58 67
 13 45 58 66
 13 45 58 66 72
 13 45 58 66 70 71
 13 45 58 65
 13 45 58 65 66
 13 45 58 64 65
 13 45 58 64 65 72
 13 45 58 64 65 70 71
 13 45 58 60
 13 45 57 58 70
 13 45 57 58 68 69
 13 43 62
 13 43 58
 13 43 56 60
 13 43 56 60 67
 13 43 56 60 65
 13 43 56 60 65 66
 13 43 56 58
 13 43 56 58
 13 43 56 58 67
 13 43 56 58 65
 13 43 56 58 65 66
 13 43 56 58 60
 13 43 54 55 60
 13 43 54 55 60 67
 13 43 54 55 60 65
 13 43 54 55 60 65 66
 13 43 54 55 58
 13 43 54 55 58
 13 43 54 55 58 67
 13 43 54 55 58 65
 13 43 54 55 58 65 66
 13 43 54 55 58 60
 13 43 45 57 58
 13 43 44 58
 13 43 44 58 72
 13 43 44 58 70 71
 13 43 44 58 66 72
 13 43 44 58 66 70 71
 13 43 44 58 64 65 72
 13 43 44 58 64 65 70 71
 13 43 44 57 58
 13 43 44 57 58 70
 13 43 44 57 58 68 69
 13 43 44 45 58
 13 43 44 45 58 66
 13 43 44 45 58 64 65
 13 41 45 58
 13 41 45 58 72
 13 41 45 58 70 71
 13 41 43 44 58 72
 13 41 43 44 58 70 71
 13 41 43 44 45 58
 13 40 60 72
 13 40 60 70 71
 13 40 58 72
 13 40 58 70 71
 13 40 56 60 70
 13 40 56 60 68 69
 13 40 56 58 70
 13 40 56 58 68 69
 13 40 54 55 60 70
 13 40 54 55 60 68 69
 13 40 54 55 58 70
 13 40 54 55 58 68 69
 13 40 45 60
 13 40 45 58
 13 40 43 56 60
 13 40 43 56 58
 13 40 43 54 55 60
 13 40 43 54 55 58
 13 39 45 58
 13 39 45 58 72
 13 39 45 58 70 71
 13 39 43 44 58 72
 13 39 43 44 58 70 71
 13 39 43 44 45 58
 13 39 40 45 58
 13 39 40 45 58 72
 13 39 40 45 58 70 71
 13 39 40 43 44 58 72
 13 39 40 43 44 58 70 71
 13 39 40 43 44 45 58
 13 35 60
 13 35 58 70
 13 35 58 68 69
 13 35 58 60 70
 13 35 58 60 68 69
 13 35 43 58
 13 35 43 58 60
 13 29 60 70
 13 29 60 68 69
 13 29 60 67 70
 13 29 60 67 68 69
 13 29 60 65 70
 13 29 60 65 68 69
 13 29 60 65 66 70
 13 29 60 65 66 68 69
 13 29 58 70
 13 29 58 70
 13 29 58 68 69
 13 29 58 68 69
 13 29 58 67 70
 13 29 58 67 68 69
 13 29 58 65 70
 13 29 58 65 68 69
 13 29 58 65 66 70
 13 29 58 65 66 68 69
 13 29 58 60 70
 13 29 58 60 68 69
 13 29 43 60
 13 29 43 60 67
 13 29 43 60 65
 13 29 43 60 65 66
 13 29 43 58
 13 29 43 58
 13 29 43 58 67
 13 29 43 58 65
 13 29 43 58 65 66
 13 29 43 58 60
 13 29 40 60 70
 13 29 40 60 68 69
 13 29 40 58 70
 13 29 40 58 68 69
 13 29 40 43 60
 13 29 40 43 58
 13 28 62
 13 26 27 62
 13 18 58
 13 18 58 72
 13 18 58 70 71
 13 18 58 66 72
 13 18 58 66 70 71
 13 18 58 64 65 72
 13 18 58 64 65 70 71
 13 18 57 58 70
 13 18 57 58 68 69
 13 18 45 58
 13 18 45 58 66
 13 18 45 58 64 65
 13 18 43 57 58
 13 18 41 58 72
 13 18 41 58 70 71
 13 18 41 45 58
 13 18 39 58 72
 13 18 39 58 70 71
 13 18 39 45 58
 13 18 39 40 58 72
 13 18 39 40 58 70 71
 13 18 39 40 45 58
 13 17 58
 13 15 45 58 70
 13 15 45 58 68 69
 13 15 43 45 58
 13 15 43 44 58
 13 15 43 44 58 70
 13 15 43 44 58 68 69
 13 15 18 58 70
 13 15 18 58 68 69
 13 15 18 43 58
 13 15 16 58
 13 14 45 58
 13 14 45 58 72
 13 14 45 58 70
 13 14 45 58 70 71
 13 14 45 58 68 69
 13 14 45 58 64 70
 13 14 45 58 64 68 69
 13 14 45 55 58 70
 13 14 45 55 58 68 69
 13 14 43 45 58
 13 14 43 45 58 64
 13 14 43 45 55 58
 13 14 43 44 58
 13 14 43 44 58 72
 13 14 43 44 58 70
 13 14 43 44 58 70 71
 13 14 43 44 58 68 69
 13 14 43 44 58 64
 13 14 43 44 58 64 70
 13 14 43 44 58 64 68 69
 13 14 43 44 55 58
 13 14 43 44 55 58 70
 13 14 43 44 55 58 68 69
 13 14 43 44 45 58
 13 14 42 58 72
 13 14 42 58 70 71
 13 14 42 47 56 58
 13 14 42 45 46 56 58
 13 14 42 43 44 58
 13 14 40 41 58 72
 13 14 40 41 58 70 71
 13 14 40 41 47 56 58
 13 14 40 41 45 46 56 58
 13 14 40 41 43 44 58
 13 14 35 56 70
 13 14 35 56 68 69
 13 14 35 43 56
 13 14 28 58 70
 13 14 28 58 68 69
 13 14 28 51 58
 13 14 28 49 50 58
 13 14 28 47 58 70
 13 14 28 47 58 68 69
 13 14 28 45 46 58 70
 13 14 28 45 46 58 68 69
 13 14 28 43 58
 13 14 28 43 47 58
 13 14 28 43 45 46 58
 13 14 26 27 58 70
 13 14 26 27 58 68 69
 13 14 26 27 51 58
 13 14 26 27 49 50 58
 13 14 26 27 47 58 70
 13 14 26 27 47 58 68 69
 13 14 26 27 45 46 58 70
 13 14 26 27 45 46 58 68 69
 13 14 26 27 43 58
 13 14 26 27 43 47 58
 13 14 26 27 43 45 46 58
 13 14 24 28 58
 13 14 24 26 27 58
 13 14 20 42 56 58
 13 14 20 40 41 56 58
 13 14 20 28 58 70
 13 14 20 28 58 68 69
 13 14 20 28 43 58
 13 14 20 26 27 58 70
 13 14 20 26 27 58 68 69
 13 14 20 26 27 43 58
 13 14 18 58 72
 13 14 18 58 70
 13 14 18 58 70 71
 13 14 18 58 68 69
 13 14 18 58 64 70
 13 14 18 58 64 68 69
 13 14 18 55 58 70
 13 14 18 55 58 68 69
 13 14 18 45 58
 13 14 18 43 58
 13 14 18 43 58 64
 13 14 18 43 55 58
 13 14 18 42 58
 13 14 18 40 41 58
 13 14 15 58 72
 13 14 15 58 70 71
 13 14 15 47 56 58
 13 14 15 45 46 56 58
 13 14 15 43 44 58
 13 14 15 20 56 58
 13 14 15 18 58
 11 12 62 70
 11 12 62 68 69
 11 12 58
 11 12 58 70
 11 12 58 68 69
 11 12 45 57 58 70
 11 12 45 57 58 68 69
 11 12 43 62
 11 12 43 58
 11 12 43 45 57 58
 11 12 43 44 57 58
 11 12 43 44 57 58 70
 11 12 43 44 57 58 68 69
 11 12 35 58 70
 11 12 35 58 68 69
 11 12 35 58 60 70
 11 12 35 58 60 68 69
 11 12 35 43 58
 11 12 35 43 58 60
 11 12 18 57 58 70
 11 12 18 57 58 68 69
 11 12 18 43 57 58
 11 12 15 45 58 70
 11 12 15 45 58 68 69
 11 12 15 43 45 58
 11 12 15 43 44 58
 11 12 15 43 44 58 70
 11 12 15 43 44 58 68 69
 11 12 15 18 58 70
 11 12 15 18 58 68 69
 11 12 15 18 43 58
 11 12 13 14 45 58 70
 11 12 13 14 45 58 68 69
 11 12 13 14 43 45 58
 11 12 13 14 43 44 58
 11 12 13 14 43 44 58 70
 11 12 13 14 43 44 58 68 69
 11 12 13 14 18 58 70
 11 12 13 14 18 58 68 69
 11 12 13 14 18 43 58
 3 58
 1 59 70
 1 59 68 69
 1 58
 1 58 76
 1 58 74 75
 1 58 70
 1 58 68 69
 1 58 67
 1 58 65
 1 58 65 66
 1 57 58 70
 1 57 58 68 69
 1 51 57 58
 1 49 58
 1 49 50 57 58
 1 47 58 70 74
 1 47 58 70 72 73
 1 47 58 68 69 74
 1 47 58 68 69 72 73
 1 47 58 65 70
 1 47 58 65 68 69
 1 47 58 63 64 70
 1 47 58 63 64 68 69
 1 47 57 58 70
 1 47 57 58 68 69
 1 47 56 57 58 70
 1 47 56 57 58 70 74
 1 47 56 57 58 70 72 73
 1 47 56 57 58 68 69
 1 47 56 57 58 68 69 74
 1 47 56 57 58 68 69 72 73
 1 45 46 58 70
 1 45 46 58 70 74
 1 45 46 58 70 72 73
 1 45 46 58 68 69
 1 45 46 58 68 69 74
 1 45 46 58 68 69 72 73
 1 45 46 58 65 70
 1 45 46 58 65 68 69
 1 45 46 58 63 64 70
 1 45 46 58 63 64 68 69
 1 45 46 57 58 70
 1 45 46 57 58 68 69
 1 45 46 56 57 58 70 74
 1 45 46 56 57 58 70 72 73
 1 45 46 56 57 58 68 69 74
 1 45 46 56 57 58 68 69 72 73
 1 45 46 47 58 70
 1 45 46 47 58 68 69
 1 45 46 47 56 57 58 70
 1 45 46 47 56 57 58 68 69
 1 43 59
 1 43 58
 1 43 57 58
 1 43 47 58 74
 1 43 47 58 72 73
 1 43 47 58 65
 1 43 47 58 63 64
 1 43 47 57 58
 1 43 47 56 57 58
 1 43 47 56 57 58 74
 1 43 47 56 57 58 72 73
 1 43 45 46 58
 1 43 45 46 58 74
 1 43 45 46 58 72 73
 1 43 45 46 58 65
 1 43 45 46 58 63 64
 1 43 45 46 57 58
 1 43 45 46 56 57 58 74
 1 43 45 46 56 57 58 72 73
 1 43 45 46 47 58
 1 43 45 46 47 56 57 58
 1 40 62
 1 40 58
 1 38 47 58 70
 1 38 47 58 68 69
 1 38 45 46 58 70
 1 38 45 46 58 68 69
 1 38 43 47 58
 1 38 43 45 46 58
 1 38 39 62
 1 37 56 58 72
 1 37 56 58 70 71
 1 37 45 56 58
 1 31 47 58 70
 1 31 47 58 70 74
 1 31 47 58 70 72 73
 1 31 47 58 68 69
 1 31 47 58 68 69 74
 1 31 47 58 68 69 72 73
 1 31 45 46 58 70 74
 1 31 45 46 58 70 72 73
 1 31 45 46 58 68 69 74
 1 31 45 46 58 68 69 72 73
 1 31 45 46 47 58 70
 1 31 45 46 47 58 68 69
 1 31 43 47 58
 1 31 43 47 58 74
 1 31 43 47 58 72 73
 1 31 43 45 46 58 74
 1 31 43 45 46 58 72 73
 1 31 43 45 46 47 58
 1 24 57 58
 1 20 58 70
 1 20 58 70 74
 1 20 58 70 72 73
 1 20 58 68 69
 1 20 58 68 69 74
 1 20 58 68 69 72 73
 1 20 58 65 70
 1 20 58 65 68 69
 1 20 58 63 64 70
 1 20 58 63 64 68 69
 1 20 57 58 70
 1 20 57 58 68 69
 1 20 56 57 58 70 74
 1 20 56 57 58 70 72 73
 1 20 56 57 58 68 69 74
 1 20 56 57 58 68 69 72 73
 1 20 47 58 70
 1 20 47 58 68 69
 1 20 47 56 57 58 70
 1 20 47 56 57 58 68 69
 1 20 43 58
 1 20 43 58 74
 1 20 43 58 72 73
 1 20 43 58 65
 1 20 43 58 63 64
 1 20 43 57 58
 1 20 43 56 57 58 74
 1 20 43 56 57 58 72 73
 1 20 43 47 58
 1 20 43 47 56 57 58
 1 20 38 58 70
 1 20 38 58 68 69
 1 20 38 43 58
 1 20 31 58 70 74
 1 20 31 58 70 72 73
 1 20 31 58 68 69 74
 1 20 31 58 68 69 72 73
 1 20 31 47 58 70
 1 20 31 47 58 68 69
 1 20 31 43 58 74
 1 20 31 43 58 72 73
 1 20 31 43 47 58
 1 17 70
 1 17 68 69
 1 17 43
 1 15 58 70
 1 15 58 68 69
 1 15 51 58
 1 15 49 50 58
 1 15 47 58 70
 1 15 47 58 68 69
 1 15 45 46 58 70
 1 15 45 46 58 68 69
 1 15 43 58
 1 15 43 47 58
 1 15 43 45 46 58
 1 15 24 58
 1 15 20 58 70
 1 15 20 58 68 69
 1 15 20 43 58
 1 15 16 70
 1 15 16 68 69
 1 15 16 43
 1 13 62
 1 13 14 58 70
 1 13 14 58 68 69
 1 13 14 51 58
 1 13 14 49 50 58
 1 13 14 47 58 70
 1 13 14 47 58 68 69
 1 13 14 45 46 58 70
 1 13 14 45 46 58 68 69
 1 13 14 43 58
 1 13 14 43 47 58
 1 13 14 43 45 46 58
 1 13 14 24 58
 1 13 14 20 58 70
 1 13 14 20 58 68 69
 1 13 14 20 43 58
 0 45 58
 0 45 58 72
 0 45 58 70 71
 0 43 44 58 72
 0 43 44 58 70 71
 0 43 44 45 58
 0 18 58 72
 0 18 58 70 71
 0 18 45 58
