 60
 60 66
 60 64 65
 58 66 72
 58 66 70 71
 58 64 65 72
 58 64 65 70 71
 57 60 66
 57 60 64 65
 57 58 60 66 72
 57 58 60 66 70 71
 57 58 60 64 65 72
 57 58 60 64 65 70 71
 56 58 70
 56 58 68 69
 56 58 62 64 70
 56 58 62 64 68 69
 56 58 62 63 70
 56 58 62 63 68 69
 56 57 62 64 70
 56 57 62 64 68 69
 56 57 62 63 70
 56 57 62 63 68 69
 56 57 58 60 66 72
 56 57 58 60 66 70 71
 56 57 58 60 64 65 72
 56 57 58 60 64 65 70 71
 54 55 58 70
 54 55 58 68 69
 47 60 66
 47 60 64 65
 47 56 58
 47 56 58 72
 47 56 58 70 71
 47 56 57 58 72
 47 56 57 58 70 71
 47 54 55 58
 47 54 55 58 72
 47 54 55 58 70 71
 47 54 55 56 57 58 72
 47 54 55 56 57 58 70 71
 45 58 66
 45 58 64 65
 45 57 58 60 66
 45 57 58 60 64 65
 45 56 57 58 60 66
 45 56 57 58 60 64 65
 45 47 56 58
 45 47 56 57 58
 45 47 54 55 58
 45 47 54 55 56 57 58
 45 46 60 66
 45 46 60 64 65
 45 46 56 58 72
 45 46 56 58 70 71
 45 46 56 57 58
 45 46 56 57 58 72
 45 46 56 57 58 70 71
 45 46 54 55 58 72
 45 46 54 55 58 70 71
 45 46 54 55 56 57 58
 45 46 54 55 56 57 58 72
 45 46 54 55 56 57 58 70 71
 43 56 58
 43 56 58 62 64
 43 56 58 62 63
 43 56 57 62 64
 43 56 57 62 63
 43 54 55 58
 39 60
 39 58 72
 39 58 70 71
 39 57 60
 39 57 58 60 72
 39 57 58 60 70 71
 39 56 57 58 60 72
 39 56 57 58 60 70 71
 39 47 60
 39 45 58
 39 45 57 58 60
 39 45 56 57 58 60
 39 45 46 60
 37 56 58 62 70
 37 56 58 62 68 69
 37 56 57 62 70
 37 56 57 62 68 69
 37 43 56 58 62
 37 43 56 57 62
 35 58 60 72
 35 58 60 70 71
 35 56 58 60 70
 35 56 58 60 68 69
 35 54 55 58 60 70
 35 54 55 58 60 68 69
 35 45 58 60
 35 43 56 58 60
 35 43 54 55 58 60
 31 57 58 60 66 72
 31 57 58 60 66 70 71
 31 57 58 60 64 65 72
 31 57 58 60 64 65 70 71
 31 56 62 64 70
 31 56 62 64 68 69
 31 56 62 63 70
 31 56 62 63 68 69
 31 47 56 58 72
 31 47 56 58 70 71
 31 47 54 55 58 72
 31 47 54 55 58 70 71
 31 45 57 58 60 66
 31 45 57 58 60 64 65
 31 45 47 56 58
 31 45 47 54 55 58
 31 45 46 56 58
 31 45 46 56 58 72
 31 45 46 56 58 70 71
 31 45 46 54 55 58
 31 45 46 54 55 58 72
 31 45 46 54 55 58 70 71
 31 43 56 62 64
 31 43 56 62 63
 31 39 57 58 60 72
 31 39 57 58 60 70 71
 31 39 45 57 58 60
 31 37 56 62 70
 31 37 56 62 68 69
 31 37 43 56 62
 29 58 70
 29 58 68 69
 29 47 58
 29 47 58 72
 29 47 58 70 71
 29 47 56 57 58 72
 29 47 56 57 58 70 71
 29 45 47 58
 29 45 47 56 57 58
 29 45 46 58 72
 29 45 46 58 70 71
 29 45 46 56 57 58
 29 45 46 56 57 58 72
 29 45 46 56 57 58 70 71
 29 43 58
 29 35 58 60 70
 29 35 58 60 68 69
 29 35 43 58 60
 29 31 47 58 72
 29 31 47 58 70 71
 29 31 45 47 58
 29 31 45 46 58
 29 31 45 46 58 72
 29 31 45 46 58 70 71
 28 60 66
 28 60 64 65
 28 58 60 66
 28 58 60 64 65
 28 57 60
 28 57 58 60 66 72
 28 57 58 60 66 70
 28 57 58 60 66 70 71
 28 57 58 60 66 68 69
 28 57 58 60 64 65 72
 28 57 58 60 64 65 70
 28 57 58 60 64 65 70 71
 28 57 58 60 64 65 68 69
 28 47 60 66
 28 47 60 64 65
 28 47 58 72
 28 47 58 70 71
 28 47 58 60 66 72
 28 47 58 60 66 70 71
 28 47 58 60 64 65 72
 28 47 58 60 64 65 70 71
 28 47 57 58
 28 47 57 58 60 66
 28 47 57 58 60 64 65
 28 45 57 58 60 66
 28 45 57 58 60 64 65
 28 45 47 58
 28 45 47 58 60 66
 28 45 47 58 60 64 65
 28 45 46 60 66
 28 45 46 60 64 65
 28 45 46 58
 28 45 46 58 72
 28 45 46 58 70 71
 28 45 46 58 60 66
 28 45 46 58 60 66 72
 28 45 46 58 60 66 70 71
 28 45 46 58 60 64 65
 28 45 46 58 60 64 65 72
 28 45 46 58 60 64 65 70 71
 28 45 46 57 58
 28 45 46 57 58 60 66
 28 45 46 57 58 60 64 65
 28 43 57 58 60 66
 28 43 57 58 60 64 65
 28 41 57 58 60 66 70
 28 41 57 58 60 66 68 69
 28 41 57 58 60 64 65 70
 28 41 57 58 60 64 65 68 69
 28 41 47 58 60 66 70
 28 41 47 58 60 66 68 69
 28 41 47 58 60 64 65 70
 28 41 47 58 60 64 65 68 69
 28 41 47 57 58 60 66 70
 28 41 47 57 58 60 66 68 69
 28 41 47 57 58 60 64 65 70
 28 41 47 57 58 60 64 65 68 69
 28 41 45 46 58 60 66 70
 28 41 45 46 58 60 66 68 69
 28 41 45 46 58 60 64 65 70
 28 41 45 46 58 60 64 65 68 69
 28 41 45 46 57 58 60 66 70
 28 41 45 46 57 58 60 66 68 69
 28 41 45 46 57 58 60 64 65 70
 28 41 45 46 57 58 60 64 65 68 69
 28 41 43 57 58 60 66
 28 41 43 57 58 60 64 65
 28 41 43 47 58 60 66
 28 41 43 47 58 60 64 65
 28 41 43 47 57 58 60 66
 28 41 43 47 57 58 60 64 65
 28 41 43 45 46 58 60 66
 28 41 43 45 46 58 60 64 65
 28 41 43 45 46 57 58 60 66
 28 41 43 45 46 57 58 60 64 65
 28 39 60
 28 39 58 60
 28 39 57 58 60 72
 28 39 57 58 60 70
 28 39 57 58 60 70 71
 28 39 57 58 60 68 69
 28 39 47 60
 28 39 47 58 60 72
 28 39 47 58 60 70 71
 28 39 47 57 58 60
 28 39 45 57 58 60
 28 39 45 47 58 60
 28 39 45 46 60
 28 39 45 46 58 60
 28 39 45 46 58 60 72
 28 39 45 46 58 60 70 71
 28 39 45 46 57 58 60
 28 39 43 57 58 60
 28 39 41 57 58 60 70
 28 39 41 57 58 60 68 69
 28 39 41 47 58 60 70
 28 39 41 47 58 60 68 69
 28 39 41 47 57 58 60 70
 28 39 41 47 57 58 60 68 69
 28 39 41 45 46 58 60 70
 28 39 41 45 46 58 60 68 69
 28 39 41 45 46 57 58 60 70
 28 39 41 45 46 57 58 60 68 69
 28 39 41 43 57 58 60
 28 39 41 43 47 58 60
 28 39 41 43 47 57 58 60
 28 39 41 43 45 46 58 60
 28 39 41 43 45 46 57 58 60
 28 39 40 57 58 60 70
 28 39 40 57 58 60 68 69
 28 39 40 57 58 60 66 70
 28 39 40 57 58 60 66 68 69
 28 39 40 57 58 60 64 65 70
 28 39 40 57 58 60 64 65 68 69
 28 39 40 47 58 60 70
 28 39 40 47 58 60 68 69
 28 39 40 47 58 60 66 70
 28 39 40 47 58 60 66 68 69
 28 39 40 47 58 60 64 65 70
 28 39 40 47 58 60 64 65 68 69
 28 39 40 47 57 58 60 70
 28 39 40 47 57 58 60 68 69
 28 39 40 47 57 58 60 66 70
 28 39 40 47 57 58 60 66 68 69
 28 39 40 47 57 58 60 64 65 70
 28 39 40 47 57 58 60 64 65 68 69
 28 39 40 45 46 58 60 70
 28 39 40 45 46 58 60 68 69
 28 39 40 45 46 58 60 66 70
 28 39 40 45 46 58 60 66 68 69
 28 39 40 45 46 58 60 64 65 70
 28 39 40 45 46 58 60 64 65 68 69
 28 39 40 45 46 57 58 60 70
 28 39 40 45 46 57 58 60 68 69
 28 39 40 45 46 57 58 60 66 70
 28 39 40 45 46 57 58 60 66 68 69
 28 39 40 45 46 57 58 60 64 65 70
 28 39 40 45 46 57 58 60 64 65 68 69
 28 39 40 43 57 58 60
 28 39 40 43 57 58 60 66
 28 39 40 43 57 58 60 64 65
 28 39 40 43 47 58 60
 28 39 40 43 47 58 60 66
 28 39 40 43 47 58 60 64 65
 28 39 40 43 47 57 58 60
 28 39 40 43 47 57 58 60 66
 28 39 40 43 47 57 58 60 64 65
 28 39 40 43 45 46 58 60
 28 39 40 43 45 46 58 60 66
 28 39 40 43 45 46 58 60 64 65
 28 39 40 43 45 46 57 58 60
 28 39 40 43 45 46 57 58 60 66
 28 39 40 43 45 46 57 58 60 64 65
 26 27 60 66
 26 27 60 64 65
 26 27 58 60 66
 26 27 58 60 64 65
 26 27 57 60
 26 27 57 58 60 66 72
 26 27 57 58 60 66 70
 26 27 57 58 60 66 70 71
 26 27 57 58 60 66 68 69
 26 27 57 58 60 64 65 72
 26 27 57 58 60 64 65 70
 26 27 57 58 60 64 65 70 71
 26 27 57 58 60 64 65 68 69
 26 27 47 60 66
 26 27 47 60 64 65
 26 27 47 58 72
 26 27 47 58 70 71
 26 27 47 58 60 66 72
 26 27 47 58 60 66 70 71
 26 27 47 58 60 64 65 72
 26 27 47 58 60 64 65 70 71
 26 27 47 57 58
 26 27 47 57 58 60 66
 26 27 47 57 58 60 64 65
 26 27 45 57 58 60 66
 26 27 45 57 58 60 64 65
 26 27 45 47 58
 26 27 45 47 58 60 66
 26 27 45 47 58 60 64 65
 26 27 45 46 60 66
 26 27 45 46 60 64 65
 26 27 45 46 58
 26 27 45 46 58 72
 26 27 45 46 58 70 71
 26 27 45 46 58 60 66
 26 27 45 46 58 60 66 72
 26 27 45 46 58 60 66 70 71
 26 27 45 46 58 60 64 65
 26 27 45 46 58 60 64 65 72
 26 27 45 46 58 60 64 65 70 71
 26 27 45 46 57 58
 26 27 45 46 57 58 60 66
 26 27 45 46 57 58 60 64 65
 26 27 43 57 58 60 66
 26 27 43 57 58 60 64 65
 26 27 41 57 58 60 66 70
 26 27 41 57 58 60 66 68 69
 26 27 41 57 58 60 64 65 70
 26 27 41 57 58 60 64 65 68 69
 26 27 41 47 58 60 66 70
 26 27 41 47 58 60 66 68 69
 26 27 41 47 58 60 64 65 70
 26 27 41 47 58 60 64 65 68 69
 26 27 41 47 57 58 60 66 70
 26 27 41 47 57 58 60 66 68 69
 26 27 41 47 57 58 60 64 65 70
 26 27 41 47 57 58 60 64 65 68 69
 26 27 41 45 46 58 60 66 70
 26 27 41 45 46 58 60 66 68 69
 26 27 41 45 46 58 60 64 65 70
 26 27 41 45 46 58 60 64 65 68 69
 26 27 41 45 46 57 58 60 66 70
 26 27 41 45 46 57 58 60 66 68 69
 26 27 41 45 46 57 58 60 64 65 70
 26 27 41 45 46 57 58 60 64 65 68 69
 26 27 41 43 57 58 60 66
 26 27 41 43 57 58 60 64 65
 26 27 41 43 47 58 60 66
 26 27 41 43 47 58 60 64 65
 26 27 41 43 47 57 58 60 66
 26 27 41 43 47 57 58 60 64 65
 26 27 41 43 45 46 58 60 66
 26 27 41 43 45 46 58 60 64 65
 26 27 41 43 45 46 57 58 60 66
 26 27 41 43 45 46 57 58 60 64 65
 26 27 39 60
 26 27 39 58 60
 26 27 39 57 58 60 72
 26 27 39 57 58 60 70
 26 27 39 57 58 60 70 71
 26 27 39 57 58 60 68 69
 26 27 39 47 60
 26 27 39 47 58 60 72
 26 27 39 47 58 60 70 71
 26 27 39 47 57 58 60
 26 27 39 45 57 58 60
 26 27 39 45 47 58 60
 26 27 39 45 46 60
 26 27 39 45 46 58 60
 26 27 39 45 46 58 60 72
 26 27 39 45 46 58 60 70 71
 26 27 39 45 46 57 58 60
 26 27 39 43 57 58 60
 26 27 39 41 57 58 60 70
 26 27 39 41 57 58 60 68 69
 26 27 39 41 47 58 60 70
 26 27 39 41 47 58 60 68 69
 26 27 39 41 47 57 58 60 70
 26 27 39 41 47 57 58 60 68 69
 26 27 39 41 45 46 58 60 70
 26 27 39 41 45 46 58 60 68 69
 26 27 39 41 45 46 57 58 60 70
 26 27 39 41 45 46 57 58 60 68 69
 26 27 39 41 43 57 58 60
 26 27 39 41 43 47 58 60
 26 27 39 41 43 47 57 58 60
 26 27 39 41 43 45 46 58 60
 26 27 39 41 43 45 46 57 58 60
 26 27 39 40 57 58 60 70
 26 27 39 40 57 58 60 68 69
 26 27 39 40 57 58 60 66 70
 26 27 39 40 57 58 60 66 68 69
 26 27 39 40 57 58 60 64 65 70
 26 27 39 40 57 58 60 64 65 68 69
 26 27 39 40 47 58 60 70
 26 27 39 40 47 58 60 68 69
 26 27 39 40 47 58 60 66 70
 26 27 39 40 47 58 60 66 68 69
 26 27 39 40 47 58 60 64 65 70
 26 27 39 40 47 58 60 64 65 68 69
 26 27 39 40 47 57 58 60 70
 26 27 39 40 47 57 58 60 68 69
 26 27 39 40 47 57 58 60 66 70
 26 27 39 40 47 57 58 60 66 68 69
 26 27 39 40 47 57 58 60 64 65 70
 26 27 39 40 47 57 58 60 64 65 68 69
 26 27 39 40 45 46 58 60 70
 26 27 39 40 45 46 58 60 68 69
 26 27 39 40 45 46 58 60 66 70
 26 27 39 40 45 46 58 60 66 68 69
 26 27 39 40 45 46 58 60 64 65 70
 26 27 39 40 45 46 58 60 64 65 68 69
 26 27 39 40 45 46 57 58 60 70
 26 27 39 40 45 46 57 58 60 68 69
 26 27 39 40 45 46 57 58 60 66 70
 26 27 39 40 45 46 57 58 60 66 68 69
 26 27 39 40 45 46 57 58 60 64 65 70
 26 27 39 40 45 46 57 58 60 64 65 68 69
 26 27 39 40 43 57 58 60
 26 27 39 40 43 57 58 60 66
 26 27 39 40 43 57 58 60 64 65
 26 27 39 40 43 47 58 60
 26 27 39 40 43 47 58 60 66
 26 27 39 40 43 47 58 60 64 65
 26 27 39 40 43 47 57 58 60
 26 27 39 40 43 47 57 58 60 66
 26 27 39 40 43 47 57 58 60 64 65
 26 27 39 40 43 45 46 58 60
 26 27 39 40 43 45 46 58 60 66
 26 27 39 40 43 45 46 58 60 64 65
 26 27 39 40 43 45 46 57 58 60
 26 27 39 40 43 45 46 57 58 60 66
 26 27 39 40 43 45 46 57 58 60 64 65
 20 60 66
 20 60 64 65
 20 56 58
 20 56 58 72
 20 56 58 70 71
 20 56 57 58 72
 20 56 57 58 70 71
 20 54 55 58
 20 54 55 58 72
 20 54 55 58 70 71
 20 54 55 56 57 58 72
 20 54 55 56 57 58 70 71
 20 45 56 58
 20 45 56 57 58
 20 45 54 55 58
 20 45 54 55 56 57 58
 20 39 60
 20 31 56 58 72
 20 31 56 58 70 71
 20 31 54 55 58 72
 20 31 54 55 58 70 71
 20 31 45 56 58
 20 31 45 54 55 58
 20 29 58
 20 29 58 72
 20 29 58 70 71
 20 29 56 57 58 72
 20 29 56 57 58 70 71
 20 29 45 58
 20 29 45 56 57 58
 20 29 31 58 72
 20 29 31 58 70 71
 20 29 31 45 58
 20 28 60 66
 20 28 60 64 65
 20 28 58 72
 20 28 58 70 71
 20 28 58 60 66 72
 20 28 58 60 66 70 71
 20 28 58 60 64 65 72
 20 28 58 60 64 65 70 71
 20 28 57 58
 20 28 57 58 60 66
 20 28 57 58 60 64 65
 20 28 45 58
 20 28 45 58 60 66
 20 28 45 58 60 64 65
 20 28 41 58 60 66 70
 20 28 41 58 60 66 68 69
 20 28 41 58 60 64 65 70
 20 28 41 58 60 64 65 68 69
 20 28 41 57 58 60 66 70
 20 28 41 57 58 60 66 68 69
 20 28 41 57 58 60 64 65 70
 20 28 41 57 58 60 64 65 68 69
 20 28 41 43 58 60 66
 20 28 41 43 58 60 64 65
 20 28 41 43 57 58 60 66
 20 28 41 43 57 58 60 64 65
 20 28 39 60
 20 28 39 58 60 72
 20 28 39 58 60 70 71
 20 28 39 57 58 60
 20 28 39 45 58 60
 20 28 39 41 58 60 70
 20 28 39 41 58 60 68 69
 20 28 39 41 57 58 60 70
 20 28 39 41 57 58 60 68 69
 20 28 39 41 43 58 60
 20 28 39 41 43 57 58 60
 20 28 39 40 58 60 70
 20 28 39 40 58 60 68 69
 20 28 39 40 58 60 66 70
 20 28 39 40 58 60 66 68 69
 20 28 39 40 58 60 64 65 70
 20 28 39 40 58 60 64 65 68 69
 20 28 39 40 57 58 60 70
 20 28 39 40 57 58 60 68 69
 20 28 39 40 57 58 60 66 70
 20 28 39 40 57 58 60 66 68 69
 20 28 39 40 57 58 60 64 65 70
 20 28 39 40 57 58 60 64 65 68 69
 20 28 39 40 43 58 60
 20 28 39 40 43 58 60 66
 20 28 39 40 43 58 60 64 65
 20 28 39 40 43 57 58 60
 20 28 39 40 43 57 58 60 66
 20 28 39 40 43 57 58 60 64 65
 20 26 27 60 66
 20 26 27 60 64 65
 20 26 27 58 72
 20 26 27 58 70 71
 20 26 27 58 60 66 72
 20 26 27 58 60 66 70 71
 20 26 27 58 60 64 65 72
 20 26 27 58 60 64 65 70 71
 20 26 27 57 58
 20 26 27 57 58 60 66
 20 26 27 57 58 60 64 65
 20 26 27 45 58
 20 26 27 45 58 60 66
 20 26 27 45 58 60 64 65
 20 26 27 41 58 60 66 70
 20 26 27 41 58 60 66 68 69
 20 26 27 41 58 60 64 65 70
 20 26 27 41 58 60 64 65 68 69
 20 26 27 41 57 58 60 66 70
 20 26 27 41 57 58 60 66 68 69
 20 26 27 41 57 58 60 64 65 70
 20 26 27 41 57 58 60 64 65 68 69
 20 26 27 41 43 58 60 66
 20 26 27 41 43 58 60 64 65
 20 26 27 41 43 57 58 60 66
 20 26 27 41 43 57 58 60 64 65
 20 26 27 39 60
 20 26 27 39 58 60 72
 20 26 27 39 58 60 70 71
 20 26 27 39 57 58 60
 20 26 27 39 45 58 60
 20 26 27 39 41 58 60 70
 20 26 27 39 41 58 60 68 69
 20 26 27 39 41 57 58 60 70
 20 26 27 39 41 57 58 60 68 69
 20 26 27 39 41 43 58 60
 20 26 27 39 41 43 57 58 60
 20 26 27 39 40 58 60 70
 20 26 27 39 40 58 60 68 69
 20 26 27 39 40 58 60 66 70
 20 26 27 39 40 58 60 66 68 69
 20 26 27 39 40 58 60 64 65 70
 20 26 27 39 40 58 60 64 65 68 69
 20 26 27 39 40 57 58 60 70
 20 26 27 39 40 57 58 60 68 69
 20 26 27 39 40 57 58 60 66 70
 20 26 27 39 40 57 58 60 66 68 69
 20 26 27 39 40 57 58 60 64 65 70
 20 26 27 39 40 57 58 60 64 65 68 69
 20 26 27 39 40 43 58 60
 20 26 27 39 40 43 58 60 66
 20 26 27 39 40 43 58 60 64 65
 20 26 27 39 40 43 57 58 60
 20 26 27 39 40 43 57 58 60 66
 20 26 27 39 40 43 57 58 60 64 65
 15 60 66
 15 60 64 65
 15 58 60 66 72
 15 58 60 66 70 71
 15 58 60 64 65 72
 15 58 60 64 65 70 71
 15 56 57 58 60 66 72
 15 56 57 58 60 66 70 71
 15 56 57 58 60 64 65 72
 15 56 57 58 60 64 65 70 71
 15 45 58 60 66
 15 45 58 60 64 65
 15 45 56 57 58 60 66
 15 45 56 57 58 60 64 65
 15 39 60
 15 39 58 60 72
 15 39 58 60 70 71
 15 39 56 57 58 60 72
 15 39 56 57 58 60 70 71
 15 39 45 58 60
 15 39 45 56 57 58 60
 15 31 58 60 66 72
 15 31 58 60 66 70 71
 15 31 58 60 64 65 72
 15 31 58 60 64 65 70 71
 15 31 45 58 60 66
 15 31 45 58 60 64 65
 15 31 39 58 60 72
 15 31 39 58 60 70 71
 15 31 39 45 58 60
 15 28 60
 15 28 58 60 66 72
 15 28 58 60 66 70
 15 28 58 60 66 70 71
 15 28 58 60 66 68 69
 15 28 58 60 64 65 72
 15 28 58 60 64 65 70
 15 28 58 60 64 65 70 71
 15 28 58 60 64 65 68 69
 15 28 47 58
 15 28 47 58 60 66
 15 28 47 58 60 64 65
 15 28 45 58 60 66
 15 28 45 58 60 64 65
 15 28 45 46 58
 15 28 45 46 58 60 66
 15 28 45 46 58 60 64 65
 15 28 43 58 60 66
 15 28 43 58 60 64 65
 15 28 41 58 60 66 70
 15 28 41 58 60 66 68 69
 15 28 41 58 60 64 65 70
 15 28 41 58 60 64 65 68 69
 15 28 41 47 58 60 66 70
 15 28 41 47 58 60 66 68 69
 15 28 41 47 58 60 64 65 70
 15 28 41 47 58 60 64 65 68 69
 15 28 41 45 46 58 60 66 70
 15 28 41 45 46 58 60 66 68 69
 15 28 41 45 46 58 60 64 65 70
 15 28 41 45 46 58 60 64 65 68 69
 15 28 41 43 58 60 66
 15 28 41 43 58 60 64 65
 15 28 41 43 47 58 60 66
 15 28 41 43 47 58 60 64 65
 15 28 41 43 45 46 58 60 66
 15 28 41 43 45 46 58 60 64 65
 15 28 39 58 60 72
 15 28 39 58 60 70
 15 28 39 58 60 70 71
 15 28 39 58 60 68 69
 15 28 39 47 58 60
 15 28 39 45 58 60
 15 28 39 45 46 58 60
 15 28 39 43 58 60
 15 28 39 41 58 60 70
 15 28 39 41 58 60 68 69
 15 28 39 41 47 58 60 70
 15 28 39 41 47 58 60 68 69
 15 28 39 41 45 46 58 60 70
 15 28 39 41 45 46 58 60 68 69
 15 28 39 41 43 58 60
 15 28 39 41 43 47 58 60
 15 28 39 41 43 45 46 58 60
 15 28 39 40 58 60 70
 15 28 39 40 58 60 68 69
 15 28 39 40 58 60 66 70
 15 28 39 40 58 60 66 68 69
 15 28 39 40 58 60 64 65 70
 15 28 39 40 58 60 64 65 68 69
 15 28 39 40 47 58 60 70
 15 28 39 40 47 58 60 68 69
 15 28 39 40 47 58 60 66 70
 15 28 39 40 47 58 60 66 68 69
 15 28 39 40 47 58 60 64 65 70
 15 28 39 40 47 58 60 64 65 68 69
 15 28 39 40 45 46 58 60 70
 15 28 39 40 45 46 58 60 68 69
 15 28 39 40 45 46 58 60 66 70
 15 28 39 40 45 46 58 60 66 68 69
 15 28 39 40 45 46 58 60 64 65 70
 15 28 39 40 45 46 58 60 64 65 68 69
 15 28 39 40 43 58 60
 15 28 39 40 43 58 60 66
 15 28 39 40 43 58 60 64 65
 15 28 39 40 43 47 58 60
 15 28 39 40 43 47 58 60 66
 15 28 39 40 43 47 58 60 64 65
 15 28 39 40 43 45 46 58 60
 15 28 39 40 43 45 46 58 60 66
 15 28 39 40 43 45 46 58 60 64 65
 15 26 27 60
 15 26 27 58 60 66 72
 15 26 27 58 60 66 70
 15 26 27 58 60 66 70 71
 15 26 27 58 60 66 68 69
 15 26 27 58 60 64 65 72
 15 26 27 58 60 64 65 70
 15 26 27 58 60 64 65 70 71
 15 26 27 58 60 64 65 68 69
 15 26 27 47 58
 15 26 27 47 58 60 66
 15 26 27 47 58 60 64 65
 15 26 27 45 58 60 66
 15 26 27 45 58 60 64 65
 15 26 27 45 46 58
 15 26 27 45 46 58 60 66
 15 26 27 45 46 58 60 64 65
 15 26 27 43 58 60 66
 15 26 27 43 58 60 64 65
 15 26 27 41 58 60 66 70
 15 26 27 41 58 60 66 68 69
 15 26 27 41 58 60 64 65 70
 15 26 27 41 58 60 64 65 68 69
 15 26 27 41 47 58 60 66 70
 15 26 27 41 47 58 60 66 68 69
 15 26 27 41 47 58 60 64 65 70
 15 26 27 41 47 58 60 64 65 68 69
 15 26 27 41 45 46 58 60 66 70
 15 26 27 41 45 46 58 60 66 68 69
 15 26 27 41 45 46 58 60 64 65 70
 15 26 27 41 45 46 58 60 64 65 68 69
 15 26 27 41 43 58 60 66
 15 26 27 41 43 58 60 64 65
 15 26 27 41 43 47 58 60 66
 15 26 27 41 43 47 58 60 64 65
 15 26 27 41 43 45 46 58 60 66
 15 26 27 41 43 45 46 58 60 64 65
 15 26 27 39 58 60 72
 15 26 27 39 58 60 70
 15 26 27 39 58 60 70 71
 15 26 27 39 58 60 68 69
 15 26 27 39 47 58 60
 15 26 27 39 45 58 60
 15 26 27 39 45 46 58 60
 15 26 27 39 43 58 60
 15 26 27 39 41 58 60 70
 15 26 27 39 41 58 60 68 69
 15 26 27 39 41 47 58 60 70
 15 26 27 39 41 47 58 60 68 69
 15 26 27 39 41 45 46 58 60 70
 15 26 27 39 41 45 46 58 60 68 69
 15 26 27 39 41 43 58 60
 15 26 27 39 41 43 47 58 60
 15 26 27 39 41 43 45 46 58 60
 15 26 27 39 40 58 60 70
 15 26 27 39 40 58 60 68 69
 15 26 27 39 40 58 60 66 70
 15 26 27 39 40 58 60 66 68 69
 15 26 27 39 40 58 60 64 65 70
 15 26 27 39 40 58 60 64 65 68 69
 15 26 27 39 40 47 58 60 70
 15 26 27 39 40 47 58 60 68 69
 15 26 27 39 40 47 58 60 66 70
 15 26 27 39 40 47 58 60 66 68 69
 15 26 27 39 40 47 58 60 64 65 70
 15 26 27 39 40 47 58 60 64 65 68 69
 15 26 27 39 40 45 46 58 60 70
 15 26 27 39 40 45 46 58 60 68 69
 15 26 27 39 40 45 46 58 60 66 70
 15 26 27 39 40 45 46 58 60 66 68 69
 15 26 27 39 40 45 46 58 60 64 65 70
 15 26 27 39 40 45 46 58 60 64 65 68 69
 15 26 27 39 40 43 58 60
 15 26 27 39 40 43 58 60 66
 15 26 27 39 40 43 58 60 64 65
 15 26 27 39 40 43 47 58 60
 15 26 27 39 40 43 47 58 60 66
 15 26 27 39 40 43 47 58 60 64 65
 15 26 27 39 40 43 45 46 58 60
 15 26 27 39 40 43 45 46 58 60 66
 15 26 27 39 40 43 45 46 58 60 64 65
 15 20 28 58
 15 20 28 58 60 66
 15 20 28 58 60 64 65
 15 20 28 41 58 60 66 70
 15 20 28 41 58 60 66 68 69
 15 20 28 41 58 60 64 65 70
 15 20 28 41 58 60 64 65 68 69
 15 20 28 41 43 58 60 66
 15 20 28 41 43 58 60 64 65
 15 20 28 39 58 60
 15 20 28 39 41 58 60 70
 15 20 28 39 41 58 60 68 69
 15 20 28 39 41 43 58 60
 15 20 28 39 40 58 60 70
 15 20 28 39 40 58 60 68 69
 15 20 28 39 40 58 60 66 70
 15 20 28 39 40 58 60 66 68 69
 15 20 28 39 40 58 60 64 65 70
 15 20 28 39 40 58 60 64 65 68 69
 15 20 28 39 40 43 58 60
 15 20 28 39 40 43 58 60 66
 15 20 28 39 40 43 58 60 64 65
 15 20 26 27 58
 15 20 26 27 58 60 66
 15 20 26 27 58 60 64 65
 15 20 26 27 41 58 60 66 70
 15 20 26 27 41 58 60 66 68 69
 15 20 26 27 41 58 60 64 65 70
 15 20 26 27 41 58 60 64 65 68 69
 15 20 26 27 41 43 58 60 66
 15 20 26 27 41 43 58 60 64 65
 15 20 26 27 39 58 60
 15 20 26 27 39 41 58 60 70
 15 20 26 27 39 41 58 60 68 69
 15 20 26 27 39 41 43 58 60
 15 20 26 27 39 40 58 60 70
 15 20 26 27 39 40 58 60 68 69
 15 20 26 27 39 40 58 60 66 70
 15 20 26 27 39 40 58 60 66 68 69
 15 20 26 27 39 40 58 60 64 65 70
 15 20 26 27 39 40 58 60 64 65 68 69
 15 20 26 27 39 40 43 58 60
 15 20 26 27 39 40 43 58 60 66
 15 20 26 27 39 40 43 58 60 64 65
 14 28 57 58 60 66 70
 14 28 57 58 60 66 68 69
 14 28 57 58 60 64 65 70
 14 28 57 58 60 64 65 68 69
 14 28 47 58 60 66 70
 14 28 47 58 60 66 68 69
 14 28 47 58 60 64 65 70
 14 28 47 58 60 64 65 68 69
 14 28 47 57 58 60 66 70
 14 28 47 57 58 60 66 68 69
 14 28 47 57 58 60 64 65 70
 14 28 47 57 58 60 64 65 68 69
 14 28 45 46 58 60 66 70
 14 28 45 46 58 60 66 68 69
 14 28 45 46 58 60 64 65 70
 14 28 45 46 58 60 64 65 68 69
 14 28 45 46 57 58 60 66 70
 14 28 45 46 57 58 60 66 68 69
 14 28 45 46 57 58 60 64 65 70
 14 28 45 46 57 58 60 64 65 68 69
 14 28 43 57 58 60 66
 14 28 43 57 58 60 64 65
 14 28 43 47 58 60 66
 14 28 43 47 58 60 64 65
 14 28 43 47 57 58 60 66
 14 28 43 47 57 58 60 64 65
 14 28 43 45 46 58 60 66
 14 28 43 45 46 58 60 64 65
 14 28 43 45 46 57 58 60 66
 14 28 43 45 46 57 58 60 64 65
 14 28 39 57 58 60 70
 14 28 39 57 58 60 68 69
 14 28 39 47 58 60 70
 14 28 39 47 58 60 68 69
 14 28 39 47 57 58 60 70
 14 28 39 47 57 58 60 68 69
 14 28 39 45 46 58 60 70
 14 28 39 45 46 58 60 68 69
 14 28 39 45 46 57 58 60 70
 14 28 39 45 46 57 58 60 68 69
 14 28 39 43 57 58 60
 14 28 39 43 47 58 60
 14 28 39 43 47 57 58 60
 14 28 39 43 45 46 58 60
 14 28 39 43 45 46 57 58 60
 14 26 27 57 58 60 66 70
 14 26 27 57 58 60 66 68 69
 14 26 27 57 58 60 64 65 70
 14 26 27 57 58 60 64 65 68 69
 14 26 27 47 58 60 66 70
 14 26 27 47 58 60 66 68 69
 14 26 27 47 58 60 64 65 70
 14 26 27 47 58 60 64 65 68 69
 14 26 27 47 57 58 60 66 70
 14 26 27 47 57 58 60 66 68 69
 14 26 27 47 57 58 60 64 65 70
 14 26 27 47 57 58 60 64 65 68 69
 14 26 27 45 46 58 60 66 70
 14 26 27 45 46 58 60 66 68 69
 14 26 27 45 46 58 60 64 65 70
 14 26 27 45 46 58 60 64 65 68 69
 14 26 27 45 46 57 58 60 66 70
 14 26 27 45 46 57 58 60 66 68 69
 14 26 27 45 46 57 58 60 64 65 70
 14 26 27 45 46 57 58 60 64 65 68 69
 14 26 27 43 57 58 60 66
 14 26 27 43 57 58 60 64 65
 14 26 27 43 47 58 60 66
 14 26 27 43 47 58 60 64 65
 14 26 27 43 47 57 58 60 66
 14 26 27 43 47 57 58 60 64 65
 14 26 27 43 45 46 58 60 66
 14 26 27 43 45 46 58 60 64 65
 14 26 27 43 45 46 57 58 60 66
 14 26 27 43 45 46 57 58 60 64 65
 14 26 27 39 57 58 60 70
 14 26 27 39 57 58 60 68 69
 14 26 27 39 47 58 60 70
 14 26 27 39 47 58 60 68 69
 14 26 27 39 47 57 58 60 70
 14 26 27 39 47 57 58 60 68 69
 14 26 27 39 45 46 58 60 70
 14 26 27 39 45 46 58 60 68 69
 14 26 27 39 45 46 57 58 60 70
 14 26 27 39 45 46 57 58 60 68 69
 14 26 27 39 43 57 58 60
 14 26 27 39 43 47 58 60
 14 26 27 39 43 47 57 58 60
 14 26 27 39 43 45 46 58 60
 14 26 27 39 43 45 46 57 58 60
 14 20 28 58 60 66 70
 14 20 28 58 60 66 68 69
 14 20 28 58 60 64 65 70
 14 20 28 58 60 64 65 68 69
 14 20 28 57 58 60 66 70
 14 20 28 57 58 60 66 68 69
 14 20 28 57 58 60 64 65 70
 14 20 28 57 58 60 64 65 68 69
 14 20 28 43 58 60 66
 14 20 28 43 58 60 64 65
 14 20 28 43 57 58 60 66
 14 20 28 43 57 58 60 64 65
 14 20 28 39 58 60 70
 14 20 28 39 58 60 68 69
 14 20 28 39 57 58 60 70
 14 20 28 39 57 58 60 68 69
 14 20 28 39 43 58 60
 14 20 28 39 43 57 58 60
 14 20 26 27 58 60 66 70
 14 20 26 27 58 60 66 68 69
 14 20 26 27 58 60 64 65 70
 14 20 26 27 58 60 64 65 68 69
 14 20 26 27 57 58 60 66 70
 14 20 26 27 57 58 60 66 68 69
 14 20 26 27 57 58 60 64 65 70
 14 20 26 27 57 58 60 64 65 68 69
 14 20 26 27 43 58 60 66
 14 20 26 27 43 58 60 64 65
 14 20 26 27 43 57 58 60 66
 14 20 26 27 43 57 58 60 64 65
 14 20 26 27 39 58 60 70
 14 20 26 27 39 58 60 68 69
 14 20 26 27 39 57 58 60 70
 14 20 26 27 39 57 58 60 68 69
 14 20 26 27 39 43 58 60
 14 20 26 27 39 43 57 58 60
 14 15 28 58 60 66 70
 14 15 28 58 60 66 68 69
 14 15 28 58 60 64 65 70
 14 15 28 58 60 64 65 68 69
 14 15 28 47 58 60 66 70
 14 15 28 47 58 60 66 68 69
 14 15 28 47 58 60 64 65 70
 14 15 28 47 58 60 64 65 68 69
 14 15 28 45 46 58 60 66 70
 14 15 28 45 46 58 60 66 68 69
 14 15 28 45 46 58 60 64 65 70
 14 15 28 45 46 58 60 64 65 68 69
 14 15 28 43 58 60 66
 14 15 28 43 58 60 64 65
 14 15 28 43 47 58 60 66
 14 15 28 43 47 58 60 64 65
 14 15 28 43 45 46 58 60 66
 14 15 28 43 45 46 58 60 64 65
 14 15 28 39 58 60 70
 14 15 28 39 58 60 68 69
 14 15 28 39 47 58 60 70
 14 15 28 39 47 58 60 68 69
 14 15 28 39 45 46 58 60 70
 14 15 28 39 45 46 58 60 68 69
 14 15 28 39 43 58 60
 14 15 28 39 43 47 58 60
 14 15 28 39 43 45 46 58 60
 14 15 26 27 58 60 66 70
 14 15 26 27 58 60 66 68 69
 14 15 26 27 58 60 64 65 70
 14 15 26 27 58 60 64 65 68 69
 14 15 26 27 47 58 60 66 70
 14 15 26 27 47 58 60 66 68 69
 14 15 26 27 47 58 60 64 65 70
 14 15 26 27 47 58 60 64 65 68 69
 14 15 26 27 45 46 58 60 66 70
 14 15 26 27 45 46 58 60 66 68 69
 14 15 26 27 45 46 58 60 64 65 70
 14 15 26 27 45 46 58 60 64 65 68 69
 14 15 26 27 43 58 60 66
 14 15 26 27 43 58 60 64 65
 14 15 26 27 43 47 58 60 66
 14 15 26 27 43 47 58 60 64 65
 14 15 26 27 43 45 46 58 60 66
 14 15 26 27 43 45 46 58 60 64 65
 14 15 26 27 39 58 60 70
 14 15 26 27 39 58 60 68 69
 14 15 26 27 39 47 58 60 70
 14 15 26 27 39 47 58 60 68 69
 14 15 26 27 39 45 46 58 60 70
 14 15 26 27 39 45 46 58 60 68 69
 14 15 26 27 39 43 58 60
 14 15 26 27 39 43 47 58 60
 14 15 26 27 39 43 45 46 58 60
 14 15 20 28 58 60 66 70
 14 15 20 28 58 60 66 68 69
 14 15 20 28 58 60 64 65 70
 14 15 20 28 58 60 64 65 68 69
 14 15 20 28 43 58 60 66
 14 15 20 28 43 58 60 64 65
 14 15 20 28 39 58 60 70
 14 15 20 28 39 58 60 68 69
 14 15 20 28 39 43 58 60
 14 15 20 26 27 58 60 66 70
 14 15 20 26 27 58 60 66 68 69
 14 15 20 26 27 58 60 64 65 70
 14 15 20 26 27 58 60 64 65 68 69
 14 15 20 26 27 43 58 60 66
 14 15 20 26 27 43 58 60 64 65
 14 15 20 26 27 39 58 60 70
 14 15 20 26 27 39 58 60 68 69
 14 15 20 26 27 39 43 58 60
 13 14 60 66
 13 14 60 64 65
 13 14 58 60 66 72
 13 14 58 60 66 70 71
 13 14 58 60 64 65 72
 13 14 58 60 64 65 70 71
 13 14 56 57 58 60 66 72
 13 14 56 57 58 60 66 70 71
 13 14 56 57 58 60 64 65 72
 13 14 56 57 58 60 64 65 70 71
 13 14 45 58 60 66
 13 14 45 58 60 64 65
 13 14 45 56 57 58 60 66
 13 14 45 56 57 58 60 64 65
 13 14 39 60
 13 14 39 58 60 72
 13 14 39 58 60 70 71
 13 14 39 56 57 58 60 72
 13 14 39 56 57 58 60 70 71
 13 14 39 45 58 60
 13 14 39 45 56 57 58 60
 13 14 31 58 60 66 72
 13 14 31 58 60 66 70 71
 13 14 31 58 60 64 65 72
 13 14 31 58 60 64 65 70 71
 13 14 31 45 58 60 66
 13 14 31 45 58 60 64 65
 13 14 31 39 58 60 72
 13 14 31 39 58 60 70 71
 13 14 31 39 45 58 60
 13 14 28 60
 13 14 28 58 60 66 72
 13 14 28 58 60 66 70 71
 13 14 28 58 60 64 65 72
 13 14 28 58 60 64 65 70 71
 13 14 28 47 58
 13 14 28 47 58 60 66
 13 14 28 47 58 60 66 70
 13 14 28 47 58 60 66 68 69
 13 14 28 47 58 60 64 65
 13 14 28 47 58 60 64 65 70
 13 14 28 47 58 60 64 65 68 69
 13 14 28 45 58 60 66
 13 14 28 45 58 60 64 65
 13 14 28 45 46 58
 13 14 28 45 46 58 60 66
 13 14 28 45 46 58 60 66 70
 13 14 28 45 46 58 60 66 68 69
 13 14 28 45 46 58 60 64 65
 13 14 28 45 46 58 60 64 65 70
 13 14 28 45 46 58 60 64 65 68 69
 13 14 28 43 47 58 60 66
 13 14 28 43 47 58 60 64 65
 13 14 28 43 45 46 58 60 66
 13 14 28 43 45 46 58 60 64 65
 13 14 28 41 58 60 66 70
 13 14 28 41 58 60 66 68 69
 13 14 28 41 58 60 64 65 70
 13 14 28 41 58 60 64 65 68 69
 13 14 28 41 47 58 60 66 70
 13 14 28 41 47 58 60 66 68 69
 13 14 28 41 47 58 60 64 65 70
 13 14 28 41 47 58 60 64 65 68 69
 13 14 28 41 45 46 58 60 66 70
 13 14 28 41 45 46 58 60 66 68 69
 13 14 28 41 45 46 58 60 64 65 70
 13 14 28 41 45 46 58 60 64 65 68 69
 13 14 28 41 43 58 60 66
 13 14 28 41 43 58 60 64 65
 13 14 28 41 43 47 58 60 66
 13 14 28 41 43 47 58 60 64 65
 13 14 28 41 43 45 46 58 60 66
 13 14 28 41 43 45 46 58 60 64 65
 13 14 28 39 58 60 72
 13 14 28 39 58 60 70 71
 13 14 28 39 47 58 60
 13 14 28 39 47 58 60 70
 13 14 28 39 47 58 60 68 69
 13 14 28 39 45 58 60
 13 14 28 39 45 46 58 60
 13 14 28 39 45 46 58 60 70
 13 14 28 39 45 46 58 60 68 69
 13 14 28 39 43 47 58 60
 13 14 28 39 43 45 46 58 60
 13 14 28 39 41 58 60 70
 13 14 28 39 41 58 60 68 69
 13 14 28 39 41 47 58 60 70
 13 14 28 39 41 47 58 60 68 69
 13 14 28 39 41 45 46 58 60 70
 13 14 28 39 41 45 46 58 60 68 69
 13 14 28 39 41 43 58 60
 13 14 28 39 41 43 47 58 60
 13 14 28 39 41 43 45 46 58 60
 13 14 28 39 40 58 60 70
 13 14 28 39 40 58 60 68 69
 13 14 28 39 40 58 60 66 70
 13 14 28 39 40 58 60 66 68 69
 13 14 28 39 40 58 60 64 65 70
 13 14 28 39 40 58 60 64 65 68 69
 13 14 28 39 40 47 58 60 70
 13 14 28 39 40 47 58 60 68 69
 13 14 28 39 40 47 58 60 66 70
 13 14 28 39 40 47 58 60 66 68 69
 13 14 28 39 40 47 58 60 64 65 70
 13 14 28 39 40 47 58 60 64 65 68 69
 13 14 28 39 40 45 46 58 60 70
 13 14 28 39 40 45 46 58 60 68 69
 13 14 28 39 40 45 46 58 60 66 70
 13 14 28 39 40 45 46 58 60 66 68 69
 13 14 28 39 40 45 46 58 60 64 65 70
 13 14 28 39 40 45 46 58 60 64 65 68 69
 13 14 28 39 40 43 58 60
 13 14 28 39 40 43 58 60 66
 13 14 28 39 40 43 58 60 64 65
 13 14 28 39 40 43 47 58 60
 13 14 28 39 40 43 47 58 60 66
 13 14 28 39 40 43 47 58 60 64 65
 13 14 28 39 40 43 45 46 58 60
 13 14 28 39 40 43 45 46 58 60 66
 13 14 28 39 40 43 45 46 58 60 64 65
 13 14 26 27 60
 13 14 26 27 58 60 66 72
 13 14 26 27 58 60 66 70 71
 13 14 26 27 58 60 64 65 72
 13 14 26 27 58 60 64 65 70 71
 13 14 26 27 47 58
 13 14 26 27 47 58 60 66
 13 14 26 27 47 58 60 66 70
 13 14 26 27 47 58 60 66 68 69
 13 14 26 27 47 58 60 64 65
 13 14 26 27 47 58 60 64 65 70
 13 14 26 27 47 58 60 64 65 68 69
 13 14 26 27 45 58 60 66
 13 14 26 27 45 58 60 64 65
 13 14 26 27 45 46 58
 13 14 26 27 45 46 58 60 66
 13 14 26 27 45 46 58 60 66 70
 13 14 26 27 45 46 58 60 66 68 69
 13 14 26 27 45 46 58 60 64 65
 13 14 26 27 45 46 58 60 64 65 70
 13 14 26 27 45 46 58 60 64 65 68 69
 13 14 26 27 43 47 58 60 66
 13 14 26 27 43 47 58 60 64 65
 13 14 26 27 43 45 46 58 60 66
 13 14 26 27 43 45 46 58 60 64 65
 13 14 26 27 41 58 60 66 70
 13 14 26 27 41 58 60 66 68 69
 13 14 26 27 41 58 60 64 65 70
 13 14 26 27 41 58 60 64 65 68 69
 13 14 26 27 41 47 58 60 66 70
 13 14 26 27 41 47 58 60 66 68 69
 13 14 26 27 41 47 58 60 64 65 70
 13 14 26 27 41 47 58 60 64 65 68 69
 13 14 26 27 41 45 46 58 60 66 70
 13 14 26 27 41 45 46 58 60 66 68 69
 13 14 26 27 41 45 46 58 60 64 65 70
 13 14 26 27 41 45 46 58 60 64 65 68 69
 13 14 26 27 41 43 58 60 66
 13 14 26 27 41 43 58 60 64 65
 13 14 26 27 41 43 47 58 60 66
 13 14 26 27 41 43 47 58 60 64 65
 13 14 26 27 41 43 45 46 58 60 66
 13 14 26 27 41 43 45 46 58 60 64 65
 13 14 26 27 39 58 60 72
 13 14 26 27 39 58 60 70 71
 13 14 26 27 39 47 58 60
 13 14 26 27 39 47 58 60 70
 13 14 26 27 39 47 58 60 68 69
 13 14 26 27 39 45 58 60
 13 14 26 27 39 45 46 58 60
 13 14 26 27 39 45 46 58 60 70
 13 14 26 27 39 45 46 58 60 68 69
 13 14 26 27 39 43 47 58 60
 13 14 26 27 39 43 45 46 58 60
 13 14 26 27 39 41 58 60 70
 13 14 26 27 39 41 58 60 68 69
 13 14 26 27 39 41 47 58 60 70
 13 14 26 27 39 41 47 58 60 68 69
 13 14 26 27 39 41 45 46 58 60 70
 13 14 26 27 39 41 45 46 58 60 68 69
 13 14 26 27 39 41 43 58 60
 13 14 26 27 39 41 43 47 58 60
 13 14 26 27 39 41 43 45 46 58 60
 13 14 26 27 39 40 58 60 70
 13 14 26 27 39 40 58 60 68 69
 13 14 26 27 39 40 58 60 66 70
 13 14 26 27 39 40 58 60 66 68 69
 13 14 26 27 39 40 58 60 64 65 70
 13 14 26 27 39 40 58 60 64 65 68 69
 13 14 26 27 39 40 47 58 60 70
 13 14 26 27 39 40 47 58 60 68 69
 13 14 26 27 39 40 47 58 60 66 70
 13 14 26 27 39 40 47 58 60 66 68 69
 13 14 26 27 39 40 47 58 60 64 65 70
 13 14 26 27 39 40 47 58 60 64 65 68 69
 13 14 26 27 39 40 45 46 58 60 70
 13 14 26 27 39 40 45 46 58 60 68 69
 13 14 26 27 39 40 45 46 58 60 66 70
 13 14 26 27 39 40 45 46 58 60 66 68 69
 13 14 26 27 39 40 45 46 58 60 64 65 70
 13 14 26 27 39 40 45 46 58 60 64 65 68 69
 13 14 26 27 39 40 43 58 60
 13 14 26 27 39 40 43 58 60 66
 13 14 26 27 39 40 43 58 60 64 65
 13 14 26 27 39 40 43 47 58 60
 13 14 26 27 39 40 43 47 58 60 66
 13 14 26 27 39 40 43 47 58 60 64 65
 13 14 26 27 39 40 43 45 46 58 60
 13 14 26 27 39 40 43 45 46 58 60 66
 13 14 26 27 39 40 43 45 46 58 60 64 65
 13 14 20 28 58
 13 14 20 28 58 60 66
 13 14 20 28 58 60 66 70
 13 14 20 28 58 60 66 68 69
 13 14 20 28 58 60 64 65
 13 14 20 28 58 60 64 65 70
 13 14 20 28 58 60 64 65 68 69
 13 14 20 28 43 58 60 66
 13 14 20 28 43 58 60 64 65
 13 14 20 28 41 58 60 66 70
 13 14 20 28 41 58 60 66 68 69
 13 14 20 28 41 58 60 64 65 70
 13 14 20 28 41 58 60 64 65 68 69
 13 14 20 28 41 43 58 60 66
 13 14 20 28 41 43 58 60 64 65
 13 14 20 28 39 58 60
 13 14 20 28 39 58 60 70
 13 14 20 28 39 58 60 68 69
 13 14 20 28 39 43 58 60
 13 14 20 28 39 41 58 60 70
 13 14 20 28 39 41 58 60 68 69
 13 14 20 28 39 41 43 58 60
 13 14 20 28 39 40 58 60 70
 13 14 20 28 39 40 58 60 68 69
 13 14 20 28 39 40 58 60 66 70
 13 14 20 28 39 40 58 60 66 68 69
 13 14 20 28 39 40 58 60 64 65 70
 13 14 20 28 39 40 58 60 64 65 68 69
 13 14 20 28 39 40 43 58 60
 13 14 20 28 39 40 43 58 60 66
 13 14 20 28 39 40 43 58 60 64 65
 13 14 20 26 27 58
 13 14 20 26 27 58 60 66
 13 14 20 26 27 58 60 66 70
 13 14 20 26 27 58 60 66 68 69
 13 14 20 26 27 58 60 64 65
 13 14 20 26 27 58 60 64 65 70
 13 14 20 26 27 58 60 64 65 68 69
 13 14 20 26 27 43 58 60 66
 13 14 20 26 27 43 58 60 64 65
 13 14 20 26 27 41 58 60 66 70
 13 14 20 26 27 41 58 60 66 68 69
 13 14 20 26 27 41 58 60 64 65 70
 13 14 20 26 27 41 58 60 64 65 68 69
 13 14 20 26 27 41 43 58 60 66
 13 14 20 26 27 41 43 58 60 64 65
 13 14 20 26 27 39 58 60
 13 14 20 26 27 39 58 60 70
 13 14 20 26 27 39 58 60 68 69
 13 14 20 26 27 39 43 58 60
 13 14 20 26 27 39 41 58 60 70
 13 14 20 26 27 39 41 58 60 68 69
 13 14 20 26 27 39 41 43 58 60
 13 14 20 26 27 39 40 58 60 70
 13 14 20 26 27 39 40 58 60 68 69
 13 14 20 26 27 39 40 58 60 66 70
 13 14 20 26 27 39 40 58 60 66 68 69
 13 14 20 26 27 39 40 58 60 64 65 70
 13 14 20 26 27 39 40 58 60 64 65 68 69
 13 14 20 26 27 39 40 43 58 60
 13 14 20 26 27 39 40 43 58 60 66
 13 14 20 26 27 39 40 43 58 60 64 65
 1 60 66
 1 60 64 65
 1 58 60 66
 1 58 60 64 65
 1 57 60
 1 57 58 60 66 72
 1 57 58 60 66 70
 1 57 58 60 66 70 71
 1 57 58 60 66 68 69
 1 57 58 60 64 65 72
 1 57 58 60 64 65 70
 1 57 58 60 64 65 70 71
 1 57 58 60 64 65 68 69
 1 47 60 66
 1 47 60 64 65
 1 47 58 72
 1 47 58 70 71
 1 47 58 60 66 72
 1 47 58 60 66 70 71
 1 47 58 60 64 65 72
 1 47 58 60 64 65 70 71
 1 47 57 58
 1 47 57 58 60 66
 1 47 57 58 60 64 65
 1 45 57 58 60 66
 1 45 57 58 60 64 65
 1 45 47 58
 1 45 47 58 60 66
 1 45 47 58 60 64 65
 1 45 46 60 66
 1 45 46 60 64 65
 1 45 46 58
 1 45 46 58 72
 1 45 46 58 70 71
 1 45 46 58 60 66
 1 45 46 58 60 66 72
 1 45 46 58 60 66 70 71
 1 45 46 58 60 64 65
 1 45 46 58 60 64 65 72
 1 45 46 58 60 64 65 70 71
 1 45 46 57 58
 1 45 46 57 58 60 66
 1 45 46 57 58 60 64 65
 1 43 57 58 60 66
 1 43 57 58 60 64 65
 1 41 57 58 60 66 70
 1 41 57 58 60 66 68 69
 1 41 57 58 60 64 65 70
 1 41 57 58 60 64 65 68 69
 1 41 47 58 60 66 70
 1 41 47 58 60 66 68 69
 1 41 47 58 60 64 65 70
 1 41 47 58 60 64 65 68 69
 1 41 47 57 58 60 66 70
 1 41 47 57 58 60 66 68 69
 1 41 47 57 58 60 64 65 70
 1 41 47 57 58 60 64 65 68 69
 1 41 45 46 58 60 66 70
 1 41 45 46 58 60 66 68 69
 1 41 45 46 58 60 64 65 70
 1 41 45 46 58 60 64 65 68 69
 1 41 45 46 57 58 60 66 70
 1 41 45 46 57 58 60 66 68 69
 1 41 45 46 57 58 60 64 65 70
 1 41 45 46 57 58 60 64 65 68 69
 1 41 43 57 58 60 66
 1 41 43 57 58 60 64 65
 1 41 43 47 58 60 66
 1 41 43 47 58 60 64 65
 1 41 43 47 57 58 60 66
 1 41 43 47 57 58 60 64 65
 1 41 43 45 46 58 60 66
 1 41 43 45 46 58 60 64 65
 1 41 43 45 46 57 58 60 66
 1 41 43 45 46 57 58 60 64 65
 1 39 60
 1 39 58 60
 1 39 57 58 60 72
 1 39 57 58 60 70
 1 39 57 58 60 70 71
 1 39 57 58 60 68 69
 1 39 47 60
 1 39 47 58 60 72
 1 39 47 58 60 70 71
 1 39 47 57 58 60
 1 39 45 57 58 60
 1 39 45 47 58 60
 1 39 45 46 60
 1 39 45 46 58 60
 1 39 45 46 58 60 72
 1 39 45 46 58 60 70 71
 1 39 45 46 57 58 60
 1 39 43 57 58 60
 1 39 41 57 58 60 70
 1 39 41 57 58 60 68 69
 1 39 41 47 58 60 70
 1 39 41 47 58 60 68 69
 1 39 41 47 57 58 60 70
 1 39 41 47 57 58 60 68 69
 1 39 41 45 46 58 60 70
 1 39 41 45 46 58 60 68 69
 1 39 41 45 46 57 58 60 70
 1 39 41 45 46 57 58 60 68 69
 1 39 41 43 57 58 60
 1 39 41 43 47 58 60
 1 39 41 43 47 57 58 60
 1 39 41 43 45 46 58 60
 1 39 41 43 45 46 57 58 60
 1 39 40 57 58 60 70
 1 39 40 57 58 60 68 69
 1 39 40 57 58 60 66 70
 1 39 40 57 58 60 66 68 69
 1 39 40 57 58 60 64 65 70
 1 39 40 57 58 60 64 65 68 69
 1 39 40 47 58 60 70
 1 39 40 47 58 60 68 69
 1 39 40 47 58 60 66 70
 1 39 40 47 58 60 66 68 69
 1 39 40 47 58 60 64 65 70
 1 39 40 47 58 60 64 65 68 69
 1 39 40 47 57 58 60 70
 1 39 40 47 57 58 60 68 69
 1 39 40 47 57 58 60 66 70
 1 39 40 47 57 58 60 66 68 69
 1 39 40 47 57 58 60 64 65 70
 1 39 40 47 57 58 60 64 65 68 69
 1 39 40 45 46 58 60 70
 1 39 40 45 46 58 60 68 69
 1 39 40 45 46 58 60 66 70
 1 39 40 45 46 58 60 66 68 69
 1 39 40 45 46 58 60 64 65 70
 1 39 40 45 46 58 60 64 65 68 69
 1 39 40 45 46 57 58 60 70
 1 39 40 45 46 57 58 60 68 69
 1 39 40 45 46 57 58 60 66 70
 1 39 40 45 46 57 58 60 66 68 69
 1 39 40 45 46 57 58 60 64 65 70
 1 39 40 45 46 57 58 60 64 65 68 69
 1 39 40 43 57 58 60
 1 39 40 43 57 58 60 66
 1 39 40 43 57 58 60 64 65
 1 39 40 43 47 58 60
 1 39 40 43 47 58 60 66
 1 39 40 43 47 58 60 64 65
 1 39 40 43 47 57 58 60
 1 39 40 43 47 57 58 60 66
 1 39 40 43 47 57 58 60 64 65
 1 39 40 43 45 46 58 60
 1 39 40 43 45 46 58 60 66
 1 39 40 43 45 46 58 60 64 65
 1 39 40 43 45 46 57 58 60
 1 39 40 43 45 46 57 58 60 66
 1 39 40 43 45 46 57 58 60 64 65
 1 20 60 66
 1 20 60 64 65
 1 20 58 72
 1 20 58 70 71
 1 20 58 60 66 72
 1 20 58 60 66 70 71
 1 20 58 60 64 65 72
 1 20 58 60 64 65 70 71
 1 20 57 58
 1 20 57 58 60 66
 1 20 57 58 60 64 65
 1 20 45 58
 1 20 45 58 60 66
 1 20 45 58 60 64 65
 1 20 41 58 60 66 70
 1 20 41 58 60 66 68 69
 1 20 41 58 60 64 65 70
 1 20 41 58 60 64 65 68 69
 1 20 41 57 58 60 66 70
 1 20 41 57 58 60 66 68 69
 1 20 41 57 58 60 64 65 70
 1 20 41 57 58 60 64 65 68 69
 1 20 41 43 58 60 66
 1 20 41 43 58 60 64 65
 1 20 41 43 57 58 60 66
 1 20 41 43 57 58 60 64 65
 1 20 39 60
 1 20 39 58 60 72
 1 20 39 58 60 70 71
 1 20 39 57 58 60
 1 20 39 45 58 60
 1 20 39 41 58 60 70
 1 20 39 41 58 60 68 69
 1 20 39 41 57 58 60 70
 1 20 39 41 57 58 60 68 69
 1 20 39 41 43 58 60
 1 20 39 41 43 57 58 60
 1 20 39 40 58 60 70
 1 20 39 40 58 60 68 69
 1 20 39 40 58 60 66 70
 1 20 39 40 58 60 66 68 69
 1 20 39 40 58 60 64 65 70
 1 20 39 40 58 60 64 65 68 69
 1 20 39 40 57 58 60 70
 1 20 39 40 57 58 60 68 69
 1 20 39 40 57 58 60 66 70
 1 20 39 40 57 58 60 66 68 69
 1 20 39 40 57 58 60 64 65 70
 1 20 39 40 57 58 60 64 65 68 69
 1 20 39 40 43 58 60
 1 20 39 40 43 58 60 66
 1 20 39 40 43 58 60 64 65
 1 20 39 40 43 57 58 60
 1 20 39 40 43 57 58 60 66
 1 20 39 40 43 57 58 60 64 65
 1 15 60
 1 15 58 60 66 72
 1 15 58 60 66 70
 1 15 58 60 66 70 71
 1 15 58 60 66 68 69
 1 15 58 60 64 65 72
 1 15 58 60 64 65 70
 1 15 58 60 64 65 70 71
 1 15 58 60 64 65 68 69
 1 15 47 58
 1 15 47 58 60 66
 1 15 47 58 60 64 65
 1 15 45 58 60 66
 1 15 45 58 60 64 65
 1 15 45 46 58
 1 15 45 46 58 60 66
 1 15 45 46 58 60 64 65
 1 15 43 58 60 66
 1 15 43 58 60 64 65
 1 15 41 58 60 66 70
 1 15 41 58 60 66 68 69
 1 15 41 58 60 64 65 70
 1 15 41 58 60 64 65 68 69
 1 15 41 47 58 60 66 70
 1 15 41 47 58 60 66 68 69
 1 15 41 47 58 60 64 65 70
 1 15 41 47 58 60 64 65 68 69
 1 15 41 45 46 58 60 66 70
 1 15 41 45 46 58 60 66 68 69
 1 15 41 45 46 58 60 64 65 70
 1 15 41 45 46 58 60 64 65 68 69
 1 15 41 43 58 60 66
 1 15 41 43 58 60 64 65
 1 15 41 43 47 58 60 66
 1 15 41 43 47 58 60 64 65
 1 15 41 43 45 46 58 60 66
 1 15 41 43 45 46 58 60 64 65
 1 15 39 58 60 72
 1 15 39 58 60 70
 1 15 39 58 60 70 71
 1 15 39 58 60 68 69
 1 15 39 47 58 60
 1 15 39 45 58 60
 1 15 39 45 46 58 60
 1 15 39 43 58 60
 1 15 39 41 58 60 70
 1 15 39 41 58 60 68 69
 1 15 39 41 47 58 60 70
 1 15 39 41 47 58 60 68 69
 1 15 39 41 45 46 58 60 70
 1 15 39 41 45 46 58 60 68 69
 1 15 39 41 43 58 60
 1 15 39 41 43 47 58 60
 1 15 39 41 43 45 46 58 60
 1 15 39 40 58 60 70
 1 15 39 40 58 60 68 69
 1 15 39 40 58 60 66 70
 1 15 39 40 58 60 66 68 69
 1 15 39 40 58 60 64 65 70
 1 15 39 40 58 60 64 65 68 69
 1 15 39 40 47 58 60 70
 1 15 39 40 47 58 60 68 69
 1 15 39 40 47 58 60 66 70
 1 15 39 40 47 58 60 66 68 69
 1 15 39 40 47 58 60 64 65 70
 1 15 39 40 47 58 60 64 65 68 69
 1 15 39 40 45 46 58 60 70
 1 15 39 40 45 46 58 60 68 69
 1 15 39 40 45 46 58 60 66 70
 1 15 39 40 45 46 58 60 66 68 69
 1 15 39 40 45 46 58 60 64 65 70
 1 15 39 40 45 46 58 60 64 65 68 69
 1 15 39 40 43 58 60
 1 15 39 40 43 58 60 66
 1 15 39 40 43 58 60 64 65
 1 15 39 40 43 47 58 60
 1 15 39 40 43 47 58 60 66
 1 15 39 40 43 47 58 60 64 65
 1 15 39 40 43 45 46 58 60
 1 15 39 40 43 45 46 58 60 66
 1 15 39 40 43 45 46 58 60 64 65
 1 15 20 58
 1 15 20 58 60 66
 1 15 20 58 60 64 65
 1 15 20 41 58 60 66 70
 1 15 20 41 58 60 66 68 69
 1 15 20 41 58 60 64 65 70
 1 15 20 41 58 60 64 65 68 69
 1 15 20 41 43 58 60 66
 1 15 20 41 43 58 60 64 65
 1 15 20 39 58 60
 1 15 20 39 41 58 60 70
 1 15 20 39 41 58 60 68 69
 1 15 20 39 41 43 58 60
 1 15 20 39 40 58 60 70
 1 15 20 39 40 58 60 68 69
 1 15 20 39 40 58 60 66 70
 1 15 20 39 40 58 60 66 68 69
 1 15 20 39 40 58 60 64 65 70
 1 15 20 39 40 58 60 64 65 68 69
 1 15 20 39 40 43 58 60
 1 15 20 39 40 43 58 60 66
 1 15 20 39 40 43 58 60 64 65
 1 14 57 58 60 66 70
 1 14 57 58 60 66 68 69
 1 14 57 58 60 64 65 70
 1 14 57 58 60 64 65 68 69
 1 14 47 58 60 66 70
 1 14 47 58 60 66 68 69
 1 14 47 58 60 64 65 70
 1 14 47 58 60 64 65 68 69
 1 14 47 57 58 60 66 70
 1 14 47 57 58 60 66 68 69
 1 14 47 57 58 60 64 65 70
 1 14 47 57 58 60 64 65 68 69
 1 14 45 46 58 60 66 70
 1 14 45 46 58 60 66 68 69
 1 14 45 46 58 60 64 65 70
 1 14 45 46 58 60 64 65 68 69
 1 14 45 46 57 58 60 66 70
 1 14 45 46 57 58 60 66 68 69
 1 14 45 46 57 58 60 64 65 70
 1 14 45 46 57 58 60 64 65 68 69
 1 14 43 57 58 60 66
 1 14 43 57 58 60 64 65
 1 14 43 47 58 60 66
 1 14 43 47 58 60 64 65
 1 14 43 47 57 58 60 66
 1 14 43 47 57 58 60 64 65
 1 14 43 45 46 58 60 66
 1 14 43 45 46 58 60 64 65
 1 14 43 45 46 57 58 60 66
 1 14 43 45 46 57 58 60 64 65
 1 14 39 57 58 60 70
 1 14 39 57 58 60 68 69
 1 14 39 47 58 60 70
 1 14 39 47 58 60 68 69
 1 14 39 47 57 58 60 70
 1 14 39 47 57 58 60 68 69
 1 14 39 45 46 58 60 70
 1 14 39 45 46 58 60 68 69
 1 14 39 45 46 57 58 60 70
 1 14 39 45 46 57 58 60 68 69
 1 14 39 43 57 58 60
 1 14 39 43 47 58 60
 1 14 39 43 47 57 58 60
 1 14 39 43 45 46 58 60
 1 14 39 43 45 46 57 58 60
 1 14 20 58 60 66 70
 1 14 20 58 60 66 68 69
 1 14 20 58 60 64 65 70
 1 14 20 58 60 64 65 68 69
 1 14 20 57 58 60 66 70
 1 14 20 57 58 60 66 68 69
 1 14 20 57 58 60 64 65 70
 1 14 20 57 58 60 64 65 68 69
 1 14 20 43 58 60 66
 1 14 20 43 58 60 64 65
 1 14 20 43 57 58 60 66
 1 14 20 43 57 58 60 64 65
 1 14 20 39 58 60 70
 1 14 20 39 58 60 68 69
 1 14 20 39 57 58 60 70
 1 14 20 39 57 58 60 68 69
 1 14 20 39 43 58 60
 1 14 20 39 43 57 58 60
 1 14 15 58 60 66 70
 1 14 15 58 60 66 68 69
 1 14 15 58 60 64 65 70
 1 14 15 58 60 64 65 68 69
 1 14 15 47 58 60 66 70
 1 14 15 47 58 60 66 68 69
 1 14 15 47 58 60 64 65 70
 1 14 15 47 58 60 64 65 68 69
 1 14 15 45 46 58 60 66 70
 1 14 15 45 46 58 60 66 68 69
 1 14 15 45 46 58 60 64 65 70
 1 14 15 45 46 58 60 64 65 68 69
 1 14 15 43 58 60 66
 1 14 15 43 58 60 64 65
 1 14 15 43 47 58 60 66
 1 14 15 43 47 58 60 64 65
 1 14 15 43 45 46 58 60 66
 1 14 15 43 45 46 58 60 64 65
 1 14 15 39 58 60 70
 1 14 15 39 58 60 68 69
 1 14 15 39 47 58 60 70
 1 14 15 39 47 58 60 68 69
 1 14 15 39 45 46 58 60 70
 1 14 15 39 45 46 58 60 68 69
 1 14 15 39 43 58 60
 1 14 15 39 43 47 58 60
 1 14 15 39 43 45 46 58 60
 1 14 15 20 58 60 66 70
 1 14 15 20 58 60 66 68 69
 1 14 15 20 58 60 64 65 70
 1 14 15 20 58 60 64 65 68 69
 1 14 15 20 43 58 60 66
 1 14 15 20 43 58 60 64 65
 1 14 15 20 39 58 60 70
 1 14 15 20 39 58 60 68 69
 1 14 15 20 39 43 58 60
 1 13 14 60
 1 13 14 58 60 66 72
 1 13 14 58 60 66 70 71
 1 13 14 58 60 64 65 72
 1 13 14 58 60 64 65 70 71
 1 13 14 47 58
 1 13 14 47 58 60 66
 1 13 14 47 58 60 66 70
 1 13 14 47 58 60 66 68 69
 1 13 14 47 58 60 64 65
 1 13 14 47 58 60 64 65 70
 1 13 14 47 58 60 64 65 68 69
 1 13 14 45 58 60 66
 1 13 14 45 58 60 64 65
 1 13 14 45 46 58
 1 13 14 45 46 58 60 66
 1 13 14 45 46 58 60 66 70
 1 13 14 45 46 58 60 66 68 69
 1 13 14 45 46 58 60 64 65
 1 13 14 45 46 58 60 64 65 70
 1 13 14 45 46 58 60 64 65 68 69
 1 13 14 43 47 58 60 66
 1 13 14 43 47 58 60 64 65
 1 13 14 43 45 46 58 60 66
 1 13 14 43 45 46 58 60 64 65
 1 13 14 41 58 60 66 70
 1 13 14 41 58 60 66 68 69
 1 13 14 41 58 60 64 65 70
 1 13 14 41 58 60 64 65 68 69
 1 13 14 41 47 58 60 66 70
 1 13 14 41 47 58 60 66 68 69
 1 13 14 41 47 58 60 64 65 70
 1 13 14 41 47 58 60 64 65 68 69
 1 13 14 41 45 46 58 60 66 70
 1 13 14 41 45 46 58 60 66 68 69
 1 13 14 41 45 46 58 60 64 65 70
 1 13 14 41 45 46 58 60 64 65 68 69
 1 13 14 41 43 58 60 66
 1 13 14 41 43 58 60 64 65
 1 13 14 41 43 47 58 60 66
 1 13 14 41 43 47 58 60 64 65
 1 13 14 41 43 45 46 58 60 66
 1 13 14 41 43 45 46 58 60 64 65
 1 13 14 39 58 60 72
 1 13 14 39 58 60 70 71
 1 13 14 39 47 58 60
 1 13 14 39 47 58 60 70
 1 13 14 39 47 58 60 68 69
 1 13 14 39 45 58 60
 1 13 14 39 45 46 58 60
 1 13 14 39 45 46 58 60 70
 1 13 14 39 45 46 58 60 68 69
 1 13 14 39 43 47 58 60
 1 13 14 39 43 45 46 58 60
 1 13 14 39 41 58 60 70
 1 13 14 39 41 58 60 68 69
 1 13 14 39 41 47 58 60 70
 1 13 14 39 41 47 58 60 68 69
 1 13 14 39 41 45 46 58 60 70
 1 13 14 39 41 45 46 58 60 68 69
 1 13 14 39 41 43 58 60
 1 13 14 39 41 43 47 58 60
 1 13 14 39 41 43 45 46 58 60
 1 13 14 39 40 58 60 70
 1 13 14 39 40 58 60 68 69
 1 13 14 39 40 58 60 66 70
 1 13 14 39 40 58 60 66 68 69
 1 13 14 39 40 58 60 64 65 70
 1 13 14 39 40 58 60 64 65 68 69
 1 13 14 39 40 47 58 60 70
 1 13 14 39 40 47 58 60 68 69
 1 13 14 39 40 47 58 60 66 70
 1 13 14 39 40 47 58 60 66 68 69
 1 13 14 39 40 47 58 60 64 65 70
 1 13 14 39 40 47 58 60 64 65 68 69
 1 13 14 39 40 45 46 58 60 70
 1 13 14 39 40 45 46 58 60 68 69
 1 13 14 39 40 45 46 58 60 66 70
 1 13 14 39 40 45 46 58 60 66 68 69
 1 13 14 39 40 45 46 58 60 64 65 70
 1 13 14 39 40 45 46 58 60 64 65 68 69
 1 13 14 39 40 43 58 60
 1 13 14 39 40 43 58 60 66
 1 13 14 39 40 43 58 60 64 65
 1 13 14 39 40 43 47 58 60
 1 13 14 39 40 43 47 58 60 66
 1 13 14 39 40 43 47 58 60 64 65
 1 13 14 39 40 43 45 46 58 60
 1 13 14 39 40 43 45 46 58 60 66
 1 13 14 39 40 43 45 46 58 60 64 65
 1 13 14 20 58
 1 13 14 20 58 60 66
 1 13 14 20 58 60 66 70
 1 13 14 20 58 60 66 68 69
 1 13 14 20 58 60 64 65
 1 13 14 20 58 60 64 65 70
 1 13 14 20 58 60 64 65 68 69
 1 13 14 20 43 58 60 66
 1 13 14 20 43 58 60 64 65
 1 13 14 20 41 58 60 66 70
 1 13 14 20 41 58 60 66 68 69
 1 13 14 20 41 58 60 64 65 70
 1 13 14 20 41 58 60 64 65 68 69
 1 13 14 20 41 43 58 60 66
 1 13 14 20 41 43 58 60 64 65
 1 13 14 20 39 58 60
 1 13 14 20 39 58 60 70
 1 13 14 20 39 58 60 68 69
 1 13 14 20 39 43 58 60
 1 13 14 20 39 41 58 60 70
 1 13 14 20 39 41 58 60 68 69
 1 13 14 20 39 41 43 58 60
 1 13 14 20 39 40 58 60 70
 1 13 14 20 39 40 58 60 68 69
 1 13 14 20 39 40 58 60 66 70
 1 13 14 20 39 40 58 60 66 68 69
 1 13 14 20 39 40 58 60 64 65 70
 1 13 14 20 39 40 58 60 64 65 68 69
 1 13 14 20 39 40 43 58 60
 1 13 14 20 39 40 43 58 60 66
 1 13 14 20 39 40 43 58 60 64 65
