 60 72
 60 70 71
 56 60 70
 56 60 68 69
 54 55 60 70
 54 55 60 68 69
 47 60 72
 47 60 70 71
 47 56 60 70
 47 56 60 68 69
 47 56 58 72
 47 56 58 70
 47 56 58 70 71
 47 56 58 68 69
 47 54 55 60 70
 47 54 55 60 68 69
 47 54 55 56 58 70
 47 54 55 56 58 68 69
 45 60
 45 47 60
 45 47 56 58
 45 46 60
 45 46 60 72
 45 46 60 70 71
 45 46 56 60 70
 45 46 56 60 68 69
 45 46 56 58
 45 46 56 58 72
 45 46 56 58 70
 45 46 56 58 70 71
 45 46 56 58 68 69
 45 46 54 55 60 70
 45 46 54 55 60 68 69
 45 46 54 55 56 58 70
 45 46 54 55 56 58 68 69
 43 58 60 72
 43 58 60 70 71
 43 56 60 72
 43 56 60 70
 43 56 60 70 71
 43 56 60 68 69
 43 56 58 60
 43 56 58 60 70
 43 56 58 60 68 69
 43 54 55 60
 43 54 55 58 60
 43 54 55 58 60 70
 43 54 55 58 60 68 69
 43 54 55 56 60
 43 54 55 56 60 70
 43 54 55 56 60 68 69
 43 47 58 72
 43 47 58 70 71
 43 47 56 60
 43 47 56 58 70
 43 47 56 58 68 69
 43 47 54 55 60
 43 47 54 55 58
 43 47 54 55 58 70
 43 47 54 55 58 68 69
 43 47 54 55 56 58
 43 45 58 60
 43 45 56 60
 43 45 47 58
 43 45 46 58
 43 45 46 58 72
 43 45 46 58 70 71
 43 45 46 56 60
 43 45 46 56 58 70
 43 45 46 56 58 68 69
 43 45 46 54 55 60
 43 45 46 54 55 58
 43 45 46 54 55 58 70
 43 45 46 54 55 58 68 69
 43 45 46 54 55 56 58
 41 58 60 72
 41 58 60 70 71
 41 58 60 66 72
 41 58 60 66 70 71
 41 58 60 64 65 72
 41 58 60 64 65 70 71
 41 56 60 72
 41 56 60 70
 41 56 60 70 71
 41 56 60 68 69
 41 56 58 60 70
 41 56 58 60 68 69
 41 56 58 60 66 70
 41 56 58 60 66 68 69
 41 56 58 60 64 65 70
 41 56 58 60 64 65 68 69
 41 54 55 58 60 70
 41 54 55 58 60 68 69
 41 54 55 58 60 66 70
 41 54 55 58 60 66 68 69
 41 54 55 58 60 64 65 70
 41 54 55 58 60 64 65 68 69
 41 54 55 56 60 70
 41 54 55 56 60 68 69
 41 47 58 72
 41 47 58 70 71
 41 47 58 60 66 72
 41 47 58 60 66 70 71
 41 47 58 60 64 65 72
 41 47 58 60 64 65 70 71
 41 47 56 58 70
 41 47 56 58 68 69
 41 47 56 58 60 66 70
 41 47 56 58 60 66 68 69
 41 47 56 58 60 64 65 70
 41 47 56 58 60 64 65 68 69
 41 47 54 55 58 70
 41 47 54 55 58 68 69
 41 47 54 55 58 60 66 70
 41 47 54 55 58 60 66 68 69
 41 47 54 55 58 60 64 65 70
 41 47 54 55 58 60 64 65 68 69
 41 45 58 60
 41 45 58 60 66
 41 45 58 60 64 65
 41 45 56 60
 41 45 47 58
 41 45 47 58 60 66
 41 45 47 58 60 64 65
 41 45 46 58
 41 45 46 58 72
 41 45 46 58 70 71
 41 45 46 58 60 66
 41 45 46 58 60 66 72
 41 45 46 58 60 66 70 71
 41 45 46 58 60 64 65
 41 45 46 58 60 64 65 72
 41 45 46 58 60 64 65 70 71
 41 45 46 56 58 70
 41 45 46 56 58 68 69
 41 45 46 56 58 60 66 70
 41 45 46 56 58 60 66 68 69
 41 45 46 56 58 60 64 65 70
 41 45 46 56 58 60 64 65 68 69
 41 45 46 54 55 58 70
 41 45 46 54 55 58 68 69
 41 45 46 54 55 58 60 66 70
 41 45 46 54 55 58 60 66 68 69
 41 45 46 54 55 58 60 64 65 70
 41 45 46 54 55 58 60 64 65 68 69
 41 43 56 60
 41 43 56 58 60
 41 43 56 58 60 66
 41 43 56 58 60 64 65
 41 43 54 55 58 60
 41 43 54 55 58 60 66
 41 43 54 55 58 60 64 65
 41 43 54 55 56 60
 41 43 47 56 58
 41 43 47 56 58 60 66
 41 43 47 56 58 60 64 65
 41 43 47 54 55 58
 41 43 47 54 55 58 60 66
 41 43 47 54 55 58 60 64 65
 41 43 45 46 56 58
 41 43 45 46 56 58 60 66
 41 43 45 46 56 58 60 64 65
 41 43 45 46 54 55 58
 41 43 45 46 54 55 58 60 66
 41 43 45 46 54 55 58 60 64 65
 41 42 58 60 72
 41 42 58 60 70 71
 41 42 56 60 72
 41 42 56 60 70
 41 42 56 60 70 71
 41 42 56 60 68 69
 41 42 56 58 60 70
 41 42 56 58 60 68 69
 41 42 54 55 58 60 70
 41 42 54 55 58 60 68 69
 41 42 54 55 56 60 70
 41 42 54 55 56 60 68 69
 41 42 47 58 72
 41 42 47 58 70 71
 41 42 47 56 58 70
 41 42 47 56 58 68 69
 41 42 47 54 55 58 70
 41 42 47 54 55 58 68 69
 41 42 45 58 60
 41 42 45 56 60
 41 42 45 47 58
 41 42 45 46 58
 41 42 45 46 58 72
 41 42 45 46 58 70 71
 41 42 45 46 56 58 70
 41 42 45 46 56 58 68 69
 41 42 45 46 54 55 58 70
 41 42 45 46 54 55 58 68 69
 41 42 43 56 60
 41 42 43 56 58 60
 41 42 43 54 55 58 60
 41 42 43 54 55 56 60
 41 42 43 47 56 58
 41 42 43 47 54 55 58
 41 42 43 45 46 56 58
 41 42 43 45 46 54 55 58
 39 41 58 60 72
 39 41 58 60 70 71
 39 41 56 58 60 70
 39 41 56 58 60 68 69
 39 41 54 55 58 60 70
 39 41 54 55 58 60 68 69
 39 41 47 58 60 72
 39 41 47 58 60 70 71
 39 41 47 56 58 60 70
 39 41 47 56 58 60 68 69
 39 41 47 54 55 58 60 70
 39 41 47 54 55 58 60 68 69
 39 41 45 58 60
 39 41 45 47 58 60
 39 41 45 46 58 60
 39 41 45 46 58 60 72
 39 41 45 46 58 60 70 71
 39 41 45 46 56 58 60 70
 39 41 45 46 56 58 60 68 69
 39 41 45 46 54 55 58 60 70
 39 41 45 46 54 55 58 60 68 69
 39 41 43 56 58 60
 39 41 43 54 55 58 60
 39 41 43 47 56 58 60
 39 41 43 47 54 55 58 60
 39 41 43 45 46 56 58 60
 39 41 43 45 46 54 55 58 60
 39 40 58 60 66 72
 39 40 58 60 66 70 71
 39 40 58 60 64 65 72
 39 40 58 60 64 65 70 71
 39 40 56 60 72
 39 40 56 60 70
 39 40 56 60 70 71
 39 40 56 60 68 69
 39 40 56 58 60 66 70
 39 40 56 58 60 66 68 69
 39 40 56 58 60 64 65 70
 39 40 56 58 60 64 65 68 69
 39 40 54 55 58 60 66 70
 39 40 54 55 58 60 66 68 69
 39 40 54 55 58 60 64 65 70
 39 40 54 55 58 60 64 65 68 69
 39 40 54 55 56 60 70
 39 40 54 55 56 60 68 69
 39 40 47 58 72
 39 40 47 58 70 71
 39 40 47 58 60 72
 39 40 47 58 60 70 71
 39 40 47 58 60 66 72
 39 40 47 58 60 66 70 71
 39 40 47 58 60 64 65 72
 39 40 47 58 60 64 65 70 71
 39 40 47 56 58 70
 39 40 47 56 58 68 69
 39 40 47 56 58 60 70
 39 40 47 56 58 60 68 69
 39 40 47 56 58 60 66 70
 39 40 47 56 58 60 66 68 69
 39 40 47 56 58 60 64 65 70
 39 40 47 56 58 60 64 65 68 69
 39 40 47 54 55 58 70
 39 40 47 54 55 58 68 69
 39 40 47 54 55 58 60 70
 39 40 47 54 55 58 60 68 69
 39 40 47 54 55 58 60 66 70
 39 40 47 54 55 58 60 66 68 69
 39 40 47 54 55 58 60 64 65 70
 39 40 47 54 55 58 60 64 65 68 69
 39 40 45 58 60 66
 39 40 45 58 60 64 65
 39 40 45 56 60
 39 40 45 47 58
 39 40 45 47 58 60
 39 40 45 47 58 60 66
 39 40 45 47 58 60 64 65
 39 40 45 46 58
 39 40 45 46 58 72
 39 40 45 46 58 70 71
 39 40 45 46 58 60
 39 40 45 46 58 60 72
 39 40 45 46 58 60 70 71
 39 40 45 46 58 60 66
 39 40 45 46 58 60 66 72
 39 40 45 46 58 60 66 70 71
 39 40 45 46 58 60 64 65
 39 40 45 46 58 60 64 65 72
 39 40 45 46 58 60 64 65 70 71
 39 40 45 46 56 58 70
 39 40 45 46 56 58 68 69
 39 40 45 46 56 58 60 70
 39 40 45 46 56 58 60 68 69
 39 40 45 46 56 58 60 66 70
 39 40 45 46 56 58 60 66 68 69
 39 40 45 46 56 58 60 64 65 70
 39 40 45 46 56 58 60 64 65 68 69
 39 40 45 46 54 55 58 70
 39 40 45 46 54 55 58 68 69
 39 40 45 46 54 55 58 60 70
 39 40 45 46 54 55 58 60 68 69
 39 40 45 46 54 55 58 60 66 70
 39 40 45 46 54 55 58 60 66 68 69
 39 40 45 46 54 55 58 60 64 65 70
 39 40 45 46 54 55 58 60 64 65 68 69
 39 40 43 56 60
 39 40 43 56 58 60 66
 39 40 43 56 58 60 64 65
 39 40 43 54 55 58 60 66
 39 40 43 54 55 58 60 64 65
 39 40 43 54 55 56 60
 39 40 43 47 56 58
 39 40 43 47 56 58 60
 39 40 43 47 56 58 60 66
 39 40 43 47 56 58 60 64 65
 39 40 43 47 54 55 58
 39 40 43 47 54 55 58 60
 39 40 43 47 54 55 58 60 66
 39 40 43 47 54 55 58 60 64 65
 39 40 43 45 46 56 58
 39 40 43 45 46 56 58 60
 39 40 43 45 46 56 58 60 66
 39 40 43 45 46 56 58 60 64 65
 39 40 43 45 46 54 55 58
 39 40 43 45 46 54 55 58 60
 39 40 43 45 46 54 55 58 60 66
 39 40 43 45 46 54 55 58 60 64 65
 35 43 60 72
 35 43 60 70 71
 35 43 56 60
 35 43 56 60 70
 35 43 56 60 68 69
 35 43 54 55 60
 35 43 54 55 60 70
 35 43 54 55 60 68 69
 35 43 45 60
 35 41 60 72
 35 41 60 70 71
 35 41 56 60 70
 35 41 56 60 68 69
 35 41 54 55 60 70
 35 41 54 55 60 68 69
 35 41 45 60
 35 41 43 56 60
 35 41 43 54 55 60
 35 41 42 60 72
 35 41 42 60 70 71
 35 41 42 56 60 70
 35 41 42 56 60 68 69
 35 41 42 54 55 60 70
 35 41 42 54 55 60 68 69
 35 41 42 45 60
 35 41 42 43 56 60
 35 41 42 43 54 55 60
 35 39 40 60 72
 35 39 40 60 70 71
 35 39 40 56 60 70
 35 39 40 56 60 68 69
 35 39 40 54 55 60 70
 35 39 40 54 55 60 68 69
 35 39 40 45 60
 35 39 40 43 56 60
 35 39 40 43 54 55 60
 29 60 70
 29 60 68 69
 29 47 60 70
 29 47 60 68 69
 29 47 56 58 70
 29 47 56 58 68 69
 29 45 46 60 70
 29 45 46 60 68 69
 29 45 46 56 58 70
 29 45 46 56 58 68 69
 29 43 60
 29 43 58 60
 29 43 58 60 70
 29 43 58 60 68 69
 29 43 56 60
 29 43 56 60 70
 29 43 56 60 68 69
 29 43 47 60
 29 43 47 58
 29 43 47 58 70
 29 43 47 58 68 69
 29 43 47 56 58
 29 43 45 46 60
 29 43 45 46 58
 29 43 45 46 58 70
 29 43 45 46 58 68 69
 29 43 45 46 56 58
 29 41 58 60 70
 29 41 58 60 68 69
 29 41 58 60 66 70
 29 41 58 60 66 68 69
 29 41 58 60 64 65 70
 29 41 58 60 64 65 68 69
 29 41 56 60 70
 29 41 56 60 68 69
 29 41 47 58 70
 29 41 47 58 68 69
 29 41 47 58 60 66 70
 29 41 47 58 60 66 68 69
 29 41 47 58 60 64 65 70
 29 41 47 58 60 64 65 68 69
 29 41 45 46 58 70
 29 41 45 46 58 68 69
 29 41 45 46 58 60 66 70
 29 41 45 46 58 60 66 68 69
 29 41 45 46 58 60 64 65 70
 29 41 45 46 58 60 64 65 68 69
 29 41 43 58 60
 29 41 43 58 60 66
 29 41 43 58 60 64 65
 29 41 43 56 60
 29 41 43 47 58
 29 41 43 47 58 60 66
 29 41 43 47 58 60 64 65
 29 41 43 45 46 58
 29 41 43 45 46 58 60 66
 29 41 43 45 46 58 60 64 65
 29 41 42 58 60 70
 29 41 42 58 60 68 69
 29 41 42 56 60 70
 29 41 42 56 60 68 69
 29 41 42 47 58 70
 29 41 42 47 58 68 69
 29 41 42 45 46 58 70
 29 41 42 45 46 58 68 69
 29 41 42 43 58 60
 29 41 42 43 56 60
 29 41 42 43 47 58
 29 41 42 43 45 46 58
 29 39 41 58 60 70
 29 39 41 58 60 68 69
 29 39 41 47 58 60 70
 29 39 41 47 58 60 68 69
 29 39 41 45 46 58 60 70
 29 39 41 45 46 58 60 68 69
 29 39 41 43 58 60
 29 39 41 43 47 58 60
 29 39 41 43 45 46 58 60
 29 39 40 58 60 66 70
 29 39 40 58 60 66 68 69
 29 39 40 58 60 64 65 70
 29 39 40 58 60 64 65 68 69
 29 39 40 56 60 70
 29 39 40 56 60 68 69
 29 39 40 47 58 70
 29 39 40 47 58 68 69
 29 39 40 47 58 60 70
 29 39 40 47 58 60 68 69
 29 39 40 47 58 60 66 70
 29 39 40 47 58 60 66 68 69
 29 39 40 47 58 60 64 65 70
 29 39 40 47 58 60 64 65 68 69
 29 39 40 45 46 58 70
 29 39 40 45 46 58 68 69
 29 39 40 45 46 58 60 70
 29 39 40 45 46 58 60 68 69
 29 39 40 45 46 58 60 66 70
 29 39 40 45 46 58 60 66 68 69
 29 39 40 45 46 58 60 64 65 70
 29 39 40 45 46 58 60 64 65 68 69
 29 39 40 43 58 60 66
 29 39 40 43 58 60 64 65
 29 39 40 43 56 60
 29 39 40 43 47 58
 29 39 40 43 47 58 60
 29 39 40 43 47 58 60 66
 29 39 40 43 47 58 60 64 65
 29 39 40 43 45 46 58
 29 39 40 43 45 46 58 60
 29 39 40 43 45 46 58 60 66
 29 39 40 43 45 46 58 60 64 65
 29 35 43 60
 29 35 43 60 70
 29 35 43 60 68 69
 29 35 41 60 70
 29 35 41 60 68 69
 29 35 41 43 60
 29 35 41 42 60 70
 29 35 41 42 60 68 69
 29 35 41 42 43 60
 29 35 39 40 60 70
 29 35 39 40 60 68 69
 29 35 39 40 43 60
 20 60 72
 20 60 70 71
 20 56 60 70
 20 56 60 68 69
 20 56 58 72
 20 56 58 70
 20 56 58 70 71
 20 56 58 68 69
 20 54 55 60 70
 20 54 55 60 68 69
 20 54 55 56 58 70
 20 54 55 56 58 68 69
 20 45 60
 20 45 56 58
 20 43 58 72
 20 43 58 70 71
 20 43 56 60
 20 43 56 58 70
 20 43 56 58 68 69
 20 43 54 55 60
 20 43 54 55 58
 20 43 54 55 58 70
 20 43 54 55 58 68 69
 20 43 54 55 56 58
 20 43 45 58
 20 41 58 72
 20 41 58 70 71
 20 41 58 60 66 72
 20 41 58 60 66 70 71
 20 41 58 60 64 65 72
 20 41 58 60 64 65 70 71
 20 41 56 58 70
 20 41 56 58 68 69
 20 41 56 58 60 66 70
 20 41 56 58 60 66 68 69
 20 41 56 58 60 64 65 70
 20 41 56 58 60 64 65 68 69
 20 41 54 55 58 70
 20 41 54 55 58 68 69
 20 41 54 55 58 60 66 70
 20 41 54 55 58 60 66 68 69
 20 41 54 55 58 60 64 65 70
 20 41 54 55 58 60 64 65 68 69
 20 41 45 58
 20 41 45 58 60 66
 20 41 45 58 60 64 65
 20 41 43 56 58
 20 41 43 56 58 60 66
 20 41 43 56 58 60 64 65
 20 41 43 54 55 58
 20 41 43 54 55 58 60 66
 20 41 43 54 55 58 60 64 65
 20 41 42 58 72
 20 41 42 58 70 71
 20 41 42 56 58 70
 20 41 42 56 58 68 69
 20 41 42 54 55 58 70
 20 41 42 54 55 58 68 69
 20 41 42 45 58
 20 41 42 43 56 58
 20 41 42 43 54 55 58
 20 39 41 58 60 72
 20 39 41 58 60 70 71
 20 39 41 56 58 60 70
 20 39 41 56 58 60 68 69
 20 39 41 54 55 58 60 70
 20 39 41 54 55 58 60 68 69
 20 39 41 45 58 60
 20 39 41 43 56 58 60
 20 39 41 43 54 55 58 60
 20 39 40 58 72
 20 39 40 58 70 71
 20 39 40 58 60 72
 20 39 40 58 60 70 71
 20 39 40 58 60 66 72
 20 39 40 58 60 66 70 71
 20 39 40 58 60 64 65 72
 20 39 40 58 60 64 65 70 71
 20 39 40 56 58 70
 20 39 40 56 58 68 69
 20 39 40 56 58 60 70
 20 39 40 56 58 60 68 69
 20 39 40 56 58 60 66 70
 20 39 40 56 58 60 66 68 69
 20 39 40 56 58 60 64 65 70
 20 39 40 56 58 60 64 65 68 69
 20 39 40 54 55 58 70
 20 39 40 54 55 58 68 69
 20 39 40 54 55 58 60 70
 20 39 40 54 55 58 60 68 69
 20 39 40 54 55 58 60 66 70
 20 39 40 54 55 58 60 66 68 69
 20 39 40 54 55 58 60 64 65 70
 20 39 40 54 55 58 60 64 65 68 69
 20 39 40 45 58
 20 39 40 45 58 60
 20 39 40 45 58 60 66
 20 39 40 45 58 60 64 65
 20 39 40 43 56 58
 20 39 40 43 56 58 60
 20 39 40 43 56 58 60 66
 20 39 40 43 56 58 60 64 65
 20 39 40 43 54 55 58
 20 39 40 43 54 55 58 60
 20 39 40 43 54 55 58 60 66
 20 39 40 43 54 55 58 60 64 65
 20 29 60 70
 20 29 60 68 69
 20 29 56 58 70
 20 29 56 58 68 69
 20 29 43 60
 20 29 43 58
 20 29 43 58 70
 20 29 43 58 68 69
 20 29 43 56 58
 20 29 41 58 70
 20 29 41 58 68 69
 20 29 41 58 60 66 70
 20 29 41 58 60 66 68 69
 20 29 41 58 60 64 65 70
 20 29 41 58 60 64 65 68 69
 20 29 41 43 58
 20 29 41 43 58 60 66
 20 29 41 43 58 60 64 65
 20 29 41 42 58 70
 20 29 41 42 58 68 69
 20 29 41 42 43 58
 20 29 39 41 58 60 70
 20 29 39 41 58 60 68 69
 20 29 39 41 43 58 60
 20 29 39 40 58 70
 20 29 39 40 58 68 69
 20 29 39 40 58 60 70
 20 29 39 40 58 60 68 69
 20 29 39 40 58 60 66 70
 20 29 39 40 58 60 66 68 69
 20 29 39 40 58 60 64 65 70
 20 29 39 40 58 60 64 65 68 69
 20 29 39 40 43 58
 20 29 39 40 43 58 60
 20 29 39 40 43 58 60 66
 20 29 39 40 43 58 60 64 65
 16 58 60 72
 16 58 60 70 71
 16 56 60 72
 16 56 60 70
 16 56 60 70 71
 16 56 60 68 69
 16 56 58 60 70
 16 56 58 60 68 69
 16 54 55 58 60 70
 16 54 55 58 60 68 69
 16 54 55 56 60 70
 16 54 55 56 60 68 69
 16 47 58 72
 16 47 58 70 71
 16 47 56 58 70
 16 47 56 58 68 69
 16 47 54 55 58 70
 16 47 54 55 58 68 69
 16 45 58 60
 16 45 56 60
 16 45 47 58
 16 45 46 58
 16 45 46 58 72
 16 45 46 58 70 71
 16 45 46 56 58 70
 16 45 46 56 58 68 69
 16 45 46 54 55 58 70
 16 45 46 54 55 58 68 69
 16 43 56 60
 16 43 56 58 60
 16 43 54 55 58 60
 16 43 54 55 56 60
 16 43 47 56 58
 16 43 47 54 55 58
 16 43 45 46 56 58
 16 43 45 46 54 55 58
 16 35 60 72
 16 35 60 70 71
 16 35 56 60 70
 16 35 56 60 68 69
 16 35 54 55 60 70
 16 35 54 55 60 68 69
 16 35 45 60
 16 35 43 56 60
 16 35 43 54 55 60
 16 29 58 60 70
 16 29 58 60 68 69
 16 29 56 60 70
 16 29 56 60 68 69
 16 29 47 58 70
 16 29 47 58 68 69
 16 29 45 46 58 70
 16 29 45 46 58 68 69
 16 29 43 58 60
 16 29 43 56 60
 16 29 43 47 58
 16 29 43 45 46 58
 16 29 35 60 70
 16 29 35 60 68 69
 16 29 35 43 60
 16 20 58 72
 16 20 58 70 71
 16 20 56 58 70
 16 20 56 58 68 69
 16 20 54 55 58 70
 16 20 54 55 58 68 69
 16 20 45 58
 16 20 43 56 58
 16 20 43 54 55 58
 16 20 29 58 70
 16 20 29 58 68 69
 16 20 29 43 58
 14 58 60 72
 14 58 60 70 71
 14 58 60 66 72
 14 58 60 66 70 71
 14 58 60 64 65 72
 14 58 60 64 65 70 71
 14 56 60 72
 14 56 60 70
 14 56 60 70 71
 14 56 60 68 69
 14 56 58 60 70
 14 56 58 60 68 69
 14 56 58 60 66 70
 14 56 58 60 66 68 69
 14 56 58 60 64 65 70
 14 56 58 60 64 65 68 69
 14 54 55 58 60 70
 14 54 55 58 60 68 69
 14 54 55 58 60 66 70
 14 54 55 58 60 66 68 69
 14 54 55 58 60 64 65 70
 14 54 55 58 60 64 65 68 69
 14 54 55 56 60 70
 14 54 55 56 60 68 69
 14 47 58 72
 14 47 58 70 71
 14 47 58 60 66 72
 14 47 58 60 66 70 71
 14 47 58 60 64 65 72
 14 47 58 60 64 65 70 71
 14 47 56 58 70
 14 47 56 58 68 69
 14 47 56 58 60 66 70
 14 47 56 58 60 66 68 69
 14 47 56 58 60 64 65 70
 14 47 56 58 60 64 65 68 69
 14 47 54 55 58 70
 14 47 54 55 58 68 69
 14 47 54 55 58 60 66 70
 14 47 54 55 58 60 66 68 69
 14 47 54 55 58 60 64 65 70
 14 47 54 55 58 60 64 65 68 69
 14 45 58 60
 14 45 58 60 66
 14 45 58 60 64 65
 14 45 56 60
 14 45 47 58
 14 45 47 58 60 66
 14 45 47 58 60 64 65
 14 45 46 58
 14 45 46 58 72
 14 45 46 58 70 71
 14 45 46 58 60 66
 14 45 46 58 60 66 72
 14 45 46 58 60 66 70 71
 14 45 46 58 60 64 65
 14 45 46 58 60 64 65 72
 14 45 46 58 60 64 65 70 71
 14 45 46 56 58 70
 14 45 46 56 58 68 69
 14 45 46 56 58 60 66 70
 14 45 46 56 58 60 66 68 69
 14 45 46 56 58 60 64 65 70
 14 45 46 56 58 60 64 65 68 69
 14 45 46 54 55 58 70
 14 45 46 54 55 58 68 69
 14 45 46 54 55 58 60 66 70
 14 45 46 54 55 58 60 66 68 69
 14 45 46 54 55 58 60 64 65 70
 14 45 46 54 55 58 60 64 65 68 69
 14 43 56 60
 14 43 56 58 60
 14 43 56 58 60 66
 14 43 56 58 60 64 65
 14 43 54 55 58 60
 14 43 54 55 58 60 66
 14 43 54 55 58 60 64 65
 14 43 54 55 56 60
 14 43 47 56 58
 14 43 47 56 58 60 66
 14 43 47 56 58 60 64 65
 14 43 47 54 55 58
 14 43 47 54 55 58 60 66
 14 43 47 54 55 58 60 64 65
 14 43 45 46 56 58
 14 43 45 46 56 58 60 66
 14 43 45 46 56 58 60 64 65
 14 43 45 46 54 55 58
 14 43 45 46 54 55 58 60 66
 14 43 45 46 54 55 58 60 64 65
 14 39 58 60 72
 14 39 58 60 70 71
 14 39 56 58 60 70
 14 39 56 58 60 68 69
 14 39 54 55 58 60 70
 14 39 54 55 58 60 68 69
 14 39 47 58 60 72
 14 39 47 58 60 70 71
 14 39 47 56 58 60 70
 14 39 47 56 58 60 68 69
 14 39 47 54 55 58 60 70
 14 39 47 54 55 58 60 68 69
 14 39 45 58 60
 14 39 45 47 58 60
 14 39 45 46 58 60
 14 39 45 46 58 60 72
 14 39 45 46 58 60 70 71
 14 39 45 46 56 58 60 70
 14 39 45 46 56 58 60 68 69
 14 39 45 46 54 55 58 60 70
 14 39 45 46 54 55 58 60 68 69
 14 39 43 56 58 60
 14 39 43 54 55 58 60
 14 39 43 47 56 58 60
 14 39 43 47 54 55 58 60
 14 39 43 45 46 56 58 60
 14 39 43 45 46 54 55 58 60
 14 35 60 72
 14 35 60 70 71
 14 35 56 60 70
 14 35 56 60 68 69
 14 35 54 55 60 70
 14 35 54 55 60 68 69
 14 35 45 60
 14 35 43 56 60
 14 35 43 54 55 60
 14 29 58 60 70
 14 29 58 60 68 69
 14 29 58 60 66 70
 14 29 58 60 66 68 69
 14 29 58 60 64 65 70
 14 29 58 60 64 65 68 69
 14 29 56 60 70
 14 29 56 60 68 69
 14 29 47 58 70
 14 29 47 58 68 69
 14 29 47 58 60 66 70
 14 29 47 58 60 66 68 69
 14 29 47 58 60 64 65 70
 14 29 47 58 60 64 65 68 69
 14 29 45 46 58 70
 14 29 45 46 58 68 69
 14 29 45 46 58 60 66 70
 14 29 45 46 58 60 66 68 69
 14 29 45 46 58 60 64 65 70
 14 29 45 46 58 60 64 65 68 69
 14 29 43 58 60
 14 29 43 58 60 66
 14 29 43 58 60 64 65
 14 29 43 56 60
 14 29 43 47 58
 14 29 43 47 58 60 66
 14 29 43 47 58 60 64 65
 14 29 43 45 46 58
 14 29 43 45 46 58 60 66
 14 29 43 45 46 58 60 64 65
 14 29 39 58 60 70
 14 29 39 58 60 68 69
 14 29 39 47 58 60 70
 14 29 39 47 58 60 68 69
 14 29 39 45 46 58 60 70
 14 29 39 45 46 58 60 68 69
 14 29 39 43 58 60
 14 29 39 43 47 58 60
 14 29 39 43 45 46 58 60
 14 29 35 60 70
 14 29 35 60 68 69
 14 29 35 43 60
 14 20 58 72
 14 20 58 70 71
 14 20 58 60 66 72
 14 20 58 60 66 70 71
 14 20 58 60 64 65 72
 14 20 58 60 64 65 70 71
 14 20 56 58 70
 14 20 56 58 68 69
 14 20 56 58 60 66 70
 14 20 56 58 60 66 68 69
 14 20 56 58 60 64 65 70
 14 20 56 58 60 64 65 68 69
 14 20 54 55 58 70
 14 20 54 55 58 68 69
 14 20 54 55 58 60 66 70
 14 20 54 55 58 60 66 68 69
 14 20 54 55 58 60 64 65 70
 14 20 54 55 58 60 64 65 68 69
 14 20 45 58
 14 20 45 58 60 66
 14 20 45 58 60 64 65
 14 20 43 56 58
 14 20 43 56 58 60 66
 14 20 43 56 58 60 64 65
 14 20 43 54 55 58
 14 20 43 54 55 58 60 66
 14 20 43 54 55 58 60 64 65
 14 20 39 58 60 72
 14 20 39 58 60 70 71
 14 20 39 56 58 60 70
 14 20 39 56 58 60 68 69
 14 20 39 54 55 58 60 70
 14 20 39 54 55 58 60 68 69
 14 20 39 45 58 60
 14 20 39 43 56 58 60
 14 20 39 43 54 55 58 60
 14 20 29 58 70
 14 20 29 58 68 69
 14 20 29 58 60 66 70
 14 20 29 58 60 66 68 69
 14 20 29 58 60 64 65 70
 14 20 29 58 60 64 65 68 69
 14 20 29 43 58
 14 20 29 43 58 60 66
 14 20 29 43 58 60 64 65
 14 20 29 39 58 60 70
 14 20 29 39 58 60 68 69
 14 20 29 39 43 58 60
