 43 58 72
 43 58 70 71
 43 56 57 72
 43 56 57 70 71
 43 45 58
 43 45 56 57
 41 58 72
 41 58 70 71
 41 56 57 72
 41 56 57 70 71
 41 45 58
 41 45 56 57
 41 45 53 58
 41 45 53 56 57 58
 41 45 51 52 58
 41 45 51 52 56 57 58
 41 43 44 53 58
 41 43 44 53 56 57 58
 41 43 44 51 52 58
 41 43 44 51 52 56 57 58
 41 42 58 72
 41 42 58 70 71
 41 42 56 57 72
 41 42 56 57 70 71
 41 42 45 58
 41 42 45 56 57
 39 40 58 72
 39 40 58 70 71
 39 40 56 57 72
 39 40 56 57 70 71
 39 40 45 58
 39 40 45 56 57
 39 40 45 53 58
 39 40 45 53 56 57 58
 39 40 45 51 52 58
 39 40 45 51 52 56 57 58
 39 40 43 44 53 58
 39 40 43 44 53 56 57 58
 39 40 43 44 51 52 58
 39 40 43 44 51 52 56 57 58
 31 43 72
 31 43 70 71
 31 43 45
 31 41 72
 31 41 70 71
 31 41 45
 31 41 45 53 58
 31 41 45 51 52 58
 31 41 43 44 53 58
 31 41 43 44 51 52 58
 31 41 42 72
 31 41 42 70 71
 31 41 42 45
 31 39 40 72
 31 39 40 70 71
 31 39 40 45
 31 39 40 45 53 58
 31 39 40 45 51 52 58
 31 39 40 43 44 53 58
 31 39 40 43 44 51 52 58
 28 43 60
 28 43 58 70
 28 43 58 68 69
 28 41 60
 28 41 58
 28 41 58 70
 28 41 58 68 69
 28 41 43 58
 28 41 42 60
 28 41 42 58
 28 41 42 58 70
 28 41 42 58 68 69
 28 41 42 43 58
 28 39 40 60
 28 39 40 58
 28 39 40 58 70
 28 39 40 58 68 69
 28 39 40 43 58
 26 41 45 58
 26 41 45 56 57 58
 26 41 43 44 58
 26 41 43 44 56 57 58
 26 39 40 45 58
 26 39 40 45 56 57 58
 26 39 40 43 44 58
 26 39 40 43 44 56 57 58
 26 31 41 45 58
 26 31 41 43 44 58
 26 31 39 40 45 58
 26 31 39 40 43 44 58
 26 27 43 60
 26 27 43 58 70
 26 27 43 58 68 69
 26 27 41 60
 26 27 41 58
 26 27 41 58 70
 26 27 41 58 68 69
 26 27 41 43 58
 26 27 41 42 60
 26 27 41 42 58
 26 27 41 42 58 70
 26 27 41 42 58 68 69
 26 27 41 42 43 58
 26 27 39 40 60
 26 27 39 40 58
 26 27 39 40 58 70
 26 27 39 40 58 68 69
 26 27 39 40 43 58
 18 41 53 58
 18 41 53 56 57 58
 18 41 51 52 58
 18 41 51 52 56 57 58
 18 39 40 53 58
 18 39 40 53 56 57 58
 18 39 40 51 52 58
 18 39 40 51 52 56 57 58
 18 31 41 53 58
 18 31 41 51 52 58
 18 31 39 40 53 58
 18 31 39 40 51 52 58
 18 26 41 58
 18 26 41 56 57 58
 18 26 39 40 58
 18 26 39 40 56 57 58
 18 26 31 41 58
 18 26 31 39 40 58
 16 58 72
 16 58 70 71
 16 56 57 72
 16 56 57 70 71
 16 45 58
 16 45 56 57
 16 31 72
 16 31 70 71
 16 31 45
 16 28 60
 16 28 58
 16 28 58 70
 16 28 58 68 69
 16 28 43 58
 16 26 27 60
 16 26 27 58
 16 26 27 58 70
 16 26 27 58 68 69
 16 26 27 43 58
 14 58 72
 14 58 70 71
 14 56 57 72
 14 56 57 70 71
 14 45 58
 14 45 56 57
 14 45 53 58
 14 45 53 56 57 58
 14 45 51 52 58
 14 45 51 52 56 57 58
 14 43 44 53 58
 14 43 44 53 56 57 58
 14 43 44 51 52 58
 14 43 44 51 52 56 57 58
 14 31 72
 14 31 70 71
 14 31 45
 14 31 45 53 58
 14 31 45 51 52 58
 14 31 43 44 53 58
 14 31 43 44 51 52 58
 14 28 60
 14 28 58
 14 28 58 70
 14 28 58 68 69
 14 28 43 58
 14 26 45 58
 14 26 45 56 57 58
 14 26 43 44 58
 14 26 43 44 56 57 58
 14 26 31 45 58
 14 26 31 43 44 58
 14 26 27 60
 14 26 27 58
 14 26 27 58 70
 14 26 27 58 68 69
 14 26 27 43 58
 14 18 53 58
 14 18 53 56 57 58
 14 18 51 52 58
 14 18 51 52 56 57 58
 14 18 31 53 58
 14 18 31 51 52 58
 14 18 26 58
 14 18 26 56 57 58
 14 18 26 31 58
 1 43 60
 1 43 58 70
 1 43 58 68 69
 1 41 60
 1 41 58
 1 41 58 70
 1 41 58 68 69
 1 41 43 58
 1 41 42 60
 1 41 42 58
 1 41 42 58 70
 1 41 42 58 68 69
 1 41 42 43 58
 1 39 40 60
 1 39 40 58
 1 39 40 58 70
 1 39 40 58 68 69
 1 39 40 43 58
 1 16 60
 1 16 58
 1 16 58 70
 1 16 58 68 69
 1 16 43 58
 1 14 60
 1 14 58
 1 14 58 70
 1 14 58 68 69
 1 14 43 58
