 57 62 72
 57 62 70 71
 53 57 72
 53 57 70 71
 47 58
 47 58 59
 45 57 62
 45 53 57
 45 46 58
 45 46 58 59
 43 60
 43 47
 43 47 72
 43 47 70
 43 47 70 71
 43 47 68 69
 43 47 60
 43 47 58
 43 45 47
 43 45 46 72
 43 45 46 70
 43 45 46 70 71
 43 45 46 68 69
 43 45 46 60
 43 45 46 58
 41
 41 47 60
 41 47 58 68
 41 47 56 66
 41 47 56 64 65
 41 45 46 60
 41 45 46 58 68
 41 45 46 56 66
 41 45 46 56 64 65
 41 42 60
 41 42 47 72
 41 42 47 70
 41 42 47 70 71
 41 42 47 68 69
 41 42 47 60
 41 42 47 58
 41 42 45 47
 41 42 45 46
 41 42 45 46 72
 41 42 45 46 70
 41 42 45 46 70 71
 41 42 45 46 68 69
 41 42 45 46 60
 41 42 45 46 58
 41 42 43 47
 41 42 43 45 46
 39 41 47 56
 39 41 45 46 56
 39 40
 39 40 47 60
 39 40 47 58 68
 39 40 47 56
 39 40 47 56 66
 39 40 47 56 64 65
 39 40 45 46 60
 39 40 45 46 58 68
 39 40 45 46 56
 39 40 45 46 56 66
 39 40 45 46 56 64 65
 28 58
 28 57 60 72
 28 57 60 70 71
 28 45 57 60
 28 43 47 66 72
 28 43 47 66 70 71
 28 43 47 64 65 72
 28 43 47 64 65 70 71
 28 43 47 62 66 72
 28 43 47 62 66 70 71
 28 43 47 62 64 65 72
 28 43 47 62 64 65 70 71
 28 43 45 47 66
 28 43 45 47 64 65
 28 43 45 47 62 66
 28 43 45 47 62 64 65
 28 43 45 46 66
 28 43 45 46 66 72
 28 43 45 46 66 70 71
 28 43 45 46 64 65
 28 43 45 46 64 65 72
 28 43 45 46 64 65 70 71
 28 43 45 46 62 66
 28 43 45 46 62 66 72
 28 43 45 46 62 66 70 71
 28 43 45 46 62 64 65
 28 43 45 46 62 64 65 72
 28 43 45 46 62 64 65 70 71
 28 41 42 47 66 72
 28 41 42 47 66 70 71
 28 41 42 47 64 65 72
 28 41 42 47 64 65 70 71
 28 41 42 47 62 66 72
 28 41 42 47 62 66 70 71
 28 41 42 47 62 64 65 72
 28 41 42 47 62 64 65 70 71
 28 41 42 45 47 66
 28 41 42 45 47 64 65
 28 41 42 45 47 62 66
 28 41 42 45 47 62 64 65
 28 41 42 45 46 66
 28 41 42 45 46 66 72
 28 41 42 45 46 66 70 71
 28 41 42 45 46 64 65
 28 41 42 45 46 64 65 72
 28 41 42 45 46 64 65 70 71
 28 41 42 45 46 62 66
 28 41 42 45 46 62 66 72
 28 41 42 45 46 62 66 70 71
 28 41 42 45 46 62 64 65
 28 41 42 45 46 62 64 65 72
 28 41 42 45 46 62 64 65 70 71
 28 39 43 47 72
 28 39 43 47 70 71
 28 39 43 47 62 72
 28 39 43 47 62 70 71
 28 39 43 45 47
 28 39 43 45 47 62
 28 39 43 45 46
 28 39 43 45 46 72
 28 39 43 45 46 70 71
 28 39 43 45 46 62
 28 39 43 45 46 62 72
 28 39 43 45 46 62 70 71
 28 39 41 42 47 72
 28 39 41 42 47 70 71
 28 39 41 42 47 62 72
 28 39 41 42 47 62 70 71
 28 39 41 42 45 47
 28 39 41 42 45 47 62
 28 39 41 42 45 46
 28 39 41 42 45 46 72
 28 39 41 42 45 46 70 71
 28 39 41 42 45 46 62
 28 39 41 42 45 46 62 72
 28 39 41 42 45 46 62 70 71
 26 41 47 58
 26 41 45 46 58
 26 39 40 47 58
 26 39 40 45 46 58
 26 27 58
 26 27 57 60 72
 26 27 57 60 70 71
 26 27 45 57 60
 26 27 43 47 66 72
 26 27 43 47 66 70 71
 26 27 43 47 64 65 72
 26 27 43 47 64 65 70 71
 26 27 43 47 62 66 72
 26 27 43 47 62 66 70 71
 26 27 43 47 62 64 65 72
 26 27 43 47 62 64 65 70 71
 26 27 43 45 47 66
 26 27 43 45 47 64 65
 26 27 43 45 47 62 66
 26 27 43 45 47 62 64 65
 26 27 43 45 46 66
 26 27 43 45 46 66 72
 26 27 43 45 46 66 70 71
 26 27 43 45 46 64 65
 26 27 43 45 46 64 65 72
 26 27 43 45 46 64 65 70 71
 26 27 43 45 46 62 66
 26 27 43 45 46 62 66 72
 26 27 43 45 46 62 66 70 71
 26 27 43 45 46 62 64 65
 26 27 43 45 46 62 64 65 72
 26 27 43 45 46 62 64 65 70 71
 26 27 41 42 47 66 72
 26 27 41 42 47 66 70 71
 26 27 41 42 47 64 65 72
 26 27 41 42 47 64 65 70 71
 26 27 41 42 47 62 66 72
 26 27 41 42 47 62 66 70 71
 26 27 41 42 47 62 64 65 72
 26 27 41 42 47 62 64 65 70 71
 26 27 41 42 45 47 66
 26 27 41 42 45 47 64 65
 26 27 41 42 45 47 62 66
 26 27 41 42 45 47 62 64 65
 26 27 41 42 45 46 66
 26 27 41 42 45 46 66 72
 26 27 41 42 45 46 66 70 71
 26 27 41 42 45 46 64 65
 26 27 41 42 45 46 64 65 72
 26 27 41 42 45 46 64 65 70 71
 26 27 41 42 45 46 62 66
 26 27 41 42 45 46 62 66 72
 26 27 41 42 45 46 62 66 70 71
 26 27 41 42 45 46 62 64 65
 26 27 41 42 45 46 62 64 65 72
 26 27 41 42 45 46 62 64 65 70 71
 26 27 39 43 47 72
 26 27 39 43 47 70 71
 26 27 39 43 47 62 72
 26 27 39 43 47 62 70 71
 26 27 39 43 45 47
 26 27 39 43 45 47 62
 26 27 39 43 45 46
 26 27 39 43 45 46 72
 26 27 39 43 45 46 70 71
 26 27 39 43 45 46 62
 26 27 39 43 45 46 62 72
 26 27 39 43 45 46 62 70 71
 26 27 39 41 42 47 72
 26 27 39 41 42 47 70 71
 26 27 39 41 42 47 62 72
 26 27 39 41 42 47 62 70 71
 26 27 39 41 42 45 47
 26 27 39 41 42 45 47 62
 26 27 39 41 42 45 46
 26 27 39 41 42 45 46 72
 26 27 39 41 42 45 46 70 71
 26 27 39 41 42 45 46 62
 26 27 39 41 42 45 46 62 72
 26 27 39 41 42 45 46 62 70 71
 24 25 41 47 58
 24 25 41 45 46 58
 24 25 39 40 47 58
 24 25 39 40 45 46 58
 20 58
 20 58 59
 20 43
 20 43 72
 20 43 70
 20 43 70 71
 20 43 68 69
 20 43 60
 20 43 58
 20 43 45
 20 41 60
 20 41 58 68
 20 41 56 66
 20 41 56 64 65
 20 41 42 72
 20 41 42 70
 20 41 42 70 71
 20 41 42 68 69
 20 41 42 60
 20 41 42 58
 20 41 42 45
 20 41 42 43
 20 39 41 56
 20 39 40 60
 20 39 40 58 68
 20 39 40 56
 20 39 40 56 66
 20 39 40 56 64 65
 20 28 43 66 72
 20 28 43 66 70 71
 20 28 43 64 65 72
 20 28 43 64 65 70 71
 20 28 43 62 66 72
 20 28 43 62 66 70 71
 20 28 43 62 64 65 72
 20 28 43 62 64 65 70 71
 20 28 43 45 66
 20 28 43 45 64 65
 20 28 43 45 62 66
 20 28 43 45 62 64 65
 20 28 41 42 66 72
 20 28 41 42 66 70 71
 20 28 41 42 64 65 72
 20 28 41 42 64 65 70 71
 20 28 41 42 62 66 72
 20 28 41 42 62 66 70 71
 20 28 41 42 62 64 65 72
 20 28 41 42 62 64 65 70 71
 20 28 41 42 45 66
 20 28 41 42 45 64 65
 20 28 41 42 45 62 66
 20 28 41 42 45 62 64 65
 20 28 39 43 72
 20 28 39 43 70 71
 20 28 39 43 62 72
 20 28 39 43 62 70 71
 20 28 39 43 45
 20 28 39 43 45 62
 20 28 39 41 42 72
 20 28 39 41 42 70 71
 20 28 39 41 42 62 72
 20 28 39 41 42 62 70 71
 20 28 39 41 42 45
 20 28 39 41 42 45 62
 20 26 41 58
 20 26 39 40 58
 20 26 27 43 66 72
 20 26 27 43 66 70 71
 20 26 27 43 64 65 72
 20 26 27 43 64 65 70 71
 20 26 27 43 62 66 72
 20 26 27 43 62 66 70 71
 20 26 27 43 62 64 65 72
 20 26 27 43 62 64 65 70 71
 20 26 27 43 45 66
 20 26 27 43 45 64 65
 20 26 27 43 45 62 66
 20 26 27 43 45 62 64 65
 20 26 27 41 42 66 72
 20 26 27 41 42 66 70 71
 20 26 27 41 42 64 65 72
 20 26 27 41 42 64 65 70 71
 20 26 27 41 42 62 66 72
 20 26 27 41 42 62 66 70 71
 20 26 27 41 42 62 64 65 72
 20 26 27 41 42 62 64 65 70 71
 20 26 27 41 42 45 66
 20 26 27 41 42 45 64 65
 20 26 27 41 42 45 62 66
 20 26 27 41 42 45 62 64 65
 20 26 27 39 43 72
 20 26 27 39 43 70 71
 20 26 27 39 43 62 72
 20 26 27 39 43 62 70 71
 20 26 27 39 43 45
 20 26 27 39 43 45 62
 20 26 27 39 41 42 72
 20 26 27 39 41 42 70 71
 20 26 27 39 41 42 62 72
 20 26 27 39 41 42 62 70 71
 20 26 27 39 41 42 45
 20 26 27 39 41 42 45 62
 20 24 25 41 58
 20 24 25 39 40 58
 17 47 58
 17 45 46 58
 17 20 58
 16 60
 16 47 72
 16 47 70
 16 47 70 71
 16 47 68 69
 16 47 60
 16 47 58
 16 45 47
 16 45 46
 16 45 46 72
 16 45 46 70
 16 45 46 70 71
 16 45 46 68 69
 16 45 46 60
 16 45 46 58
 16 43 47
 16 43 45 46
 16 28 47 66 72
 16 28 47 66 70 71
 16 28 47 64 65 72
 16 28 47 64 65 70 71
 16 28 47 62 66 72
 16 28 47 62 66 70 71
 16 28 47 62 64 65 72
 16 28 47 62 64 65 70 71
 16 28 45 47 66
 16 28 45 47 64 65
 16 28 45 47 62 66
 16 28 45 47 62 64 65
 16 28 45 46 66
 16 28 45 46 66 72
 16 28 45 46 66 70 71
 16 28 45 46 64 65
 16 28 45 46 64 65 72
 16 28 45 46 64 65 70 71
 16 28 45 46 62 66
 16 28 45 46 62 66 72
 16 28 45 46 62 66 70 71
 16 28 45 46 62 64 65
 16 28 45 46 62 64 65 72
 16 28 45 46 62 64 65 70 71
 16 28 39 47 72
 16 28 39 47 70 71
 16 28 39 47 62 72
 16 28 39 47 62 70 71
 16 28 39 45 47
 16 28 39 45 47 62
 16 28 39 45 46
 16 28 39 45 46 72
 16 28 39 45 46 70 71
 16 28 39 45 46 62
 16 28 39 45 46 62 72
 16 28 39 45 46 62 70 71
 16 26 27 47 66 72
 16 26 27 47 66 70 71
 16 26 27 47 64 65 72
 16 26 27 47 64 65 70 71
 16 26 27 47 62 66 72
 16 26 27 47 62 66 70 71
 16 26 27 47 62 64 65 72
 16 26 27 47 62 64 65 70 71
 16 26 27 45 47 66
 16 26 27 45 47 64 65
 16 26 27 45 47 62 66
 16 26 27 45 47 62 64 65
 16 26 27 45 46 66
 16 26 27 45 46 66 72
 16 26 27 45 46 66 70 71
 16 26 27 45 46 64 65
 16 26 27 45 46 64 65 72
 16 26 27 45 46 64 65 70 71
 16 26 27 45 46 62 66
 16 26 27 45 46 62 66 72
 16 26 27 45 46 62 66 70 71
 16 26 27 45 46 62 64 65
 16 26 27 45 46 62 64 65 72
 16 26 27 45 46 62 64 65 70 71
 16 26 27 39 47 72
 16 26 27 39 47 70 71
 16 26 27 39 47 62 72
 16 26 27 39 47 62 70 71
 16 26 27 39 45 47
 16 26 27 39 45 47 62
 16 26 27 39 45 46
 16 26 27 39 45 46 72
 16 26 27 39 45 46 70 71
 16 26 27 39 45 46 62
 16 26 27 39 45 46 62 72
 16 26 27 39 45 46 62 70 71
 16 20 72
 16 20 70
 16 20 70 71
 16 20 68 69
 16 20 60
 16 20 58
 16 20 45
 16 20 43
 16 20 28 66 72
 16 20 28 66 70 71
 16 20 28 64 65 72
 16 20 28 64 65 70 71
 16 20 28 62 66 72
 16 20 28 62 66 70 71
 16 20 28 62 64 65 72
 16 20 28 62 64 65 70 71
 16 20 28 45 66
 16 20 28 45 64 65
 16 20 28 45 62 66
 16 20 28 45 62 64 65
 16 20 28 39 72
 16 20 28 39 70 71
 16 20 28 39 62 72
 16 20 28 39 62 70 71
 16 20 28 39 45
 16 20 28 39 45 62
 16 20 26 27 66 72
 16 20 26 27 66 70 71
 16 20 26 27 64 65 72
 16 20 26 27 64 65 70 71
 16 20 26 27 62 66 72
 16 20 26 27 62 66 70 71
 16 20 26 27 62 64 65 72
 16 20 26 27 62 64 65 70 71
 16 20 26 27 45 66
 16 20 26 27 45 64 65
 16 20 26 27 45 62 66
 16 20 26 27 45 62 64 65
 16 20 26 27 39 72
 16 20 26 27 39 70 71
 16 20 26 27 39 62 72
 16 20 26 27 39 62 70 71
 16 20 26 27 39 45
 16 20 26 27 39 45 62
 15 62 72
 15 62 70 71
 15 53 72
 15 53 70 71
 15 45 62
 15 45 53
 15 28 60 72
 15 28 60 70 71
 15 28 45 60
 15 26 27 60 72
 15 26 27 60 70 71
 15 26 27 45 60
 15 16 47 58
 15 16 45 46 58
 15 16 20 58
 14
 14 47 60
 14 47 58 68
 14 47 56 66
 14 47 56 64 65
 14 45 46 60
 14 45 46 58 68
 14 45 46 56 66
 14 45 46 56 64 65
 14 39 47 56
 14 39 45 46 56
 14 26 47 58
 14 26 45 46 58
 14 24 25 47 58
 14 24 25 45 46 58
 14 20 60
 14 20 58 68
 14 20 56 66
 14 20 56 64 65
 14 20 39 56
 14 20 26 58
 14 20 24 25 58
 13 14 62 72
 13 14 62 70 71
 13 14 53 72
 13 14 53 70 71
 13 14 45 62
 13 14 45 53
 13 14 28 60 72
 13 14 28 60 70 71
 13 14 28 45 60
 13 14 26 27 60 72
 13 14 26 27 60 70 71
 13 14 26 27 45 60
 11 57 72
 11 57 70 71
 11 45 57
 11 15 72
 11 15 70 71
 11 15 45
 11 13 14 72
 11 13 14 70 71
 11 13 14 45
 9 10 57 72
 9 10 57 70 71
 9 10 45 57
 9 10 15 72
 9 10 15 70 71
 9 10 15 45
 9 10 13 14 72
 9 10 13 14 70 71
 9 10 13 14 45
 1 58
 1 57 60 72
 1 57 60 70 71
 1 45 57 60
 1 43 47 66 72
 1 43 47 66 70 71
 1 43 47 64 65 72
 1 43 47 64 65 70 71
 1 43 47 62 66 72
 1 43 47 62 66 70 71
 1 43 47 62 64 65 72
 1 43 47 62 64 65 70 71
 1 43 45 47 66
 1 43 45 47 64 65
 1 43 45 47 62 66
 1 43 45 47 62 64 65
 1 43 45 46 66
 1 43 45 46 66 72
 1 43 45 46 66 70 71
 1 43 45 46 64 65
 1 43 45 46 64 65 72
 1 43 45 46 64 65 70 71
 1 43 45 46 62 66
 1 43 45 46 62 66 72
 1 43 45 46 62 66 70 71
 1 43 45 46 62 64 65
 1 43 45 46 62 64 65 72
 1 43 45 46 62 64 65 70 71
 1 41 42 47 66 72
 1 41 42 47 66 70 71
 1 41 42 47 64 65 72
 1 41 42 47 64 65 70 71
 1 41 42 47 62 66 72
 1 41 42 47 62 66 70 71
 1 41 42 47 62 64 65 72
 1 41 42 47 62 64 65 70 71
 1 41 42 45 47 66
 1 41 42 45 47 64 65
 1 41 42 45 47 62 66
 1 41 42 45 47 62 64 65
 1 41 42 45 46 66
 1 41 42 45 46 66 72
 1 41 42 45 46 66 70 71
 1 41 42 45 46 64 65
 1 41 42 45 46 64 65 72
 1 41 42 45 46 64 65 70 71
 1 41 42 45 46 62 66
 1 41 42 45 46 62 66 72
 1 41 42 45 46 62 66 70 71
 1 41 42 45 46 62 64 65
 1 41 42 45 46 62 64 65 72
 1 41 42 45 46 62 64 65 70 71
 1 39 43 47 72
 1 39 43 47 70 71
 1 39 43 47 62 72
 1 39 43 47 62 70 71
 1 39 43 45 47
 1 39 43 45 47 62
 1 39 43 45 46
 1 39 43 45 46 72
 1 39 43 45 46 70 71
 1 39 43 45 46 62
 1 39 43 45 46 62 72
 1 39 43 45 46 62 70 71
 1 39 41 42 47 72
 1 39 41 42 47 70 71
 1 39 41 42 47 62 72
 1 39 41 42 47 62 70 71
 1 39 41 42 45 47
 1 39 41 42 45 47 62
 1 39 41 42 45 46
 1 39 41 42 45 46 72
 1 39 41 42 45 46 70 71
 1 39 41 42 45 46 62
 1 39 41 42 45 46 62 72
 1 39 41 42 45 46 62 70 71
 1 20 43 66 72
 1 20 43 66 70 71
 1 20 43 64 65 72
 1 20 43 64 65 70 71
 1 20 43 62 66 72
 1 20 43 62 66 70 71
 1 20 43 62 64 65 72
 1 20 43 62 64 65 70 71
 1 20 43 45 66
 1 20 43 45 64 65
 1 20 43 45 62 66
 1 20 43 45 62 64 65
 1 20 41 42 66 72
 1 20 41 42 66 70 71
 1 20 41 42 64 65 72
 1 20 41 42 64 65 70 71
 1 20 41 42 62 66 72
 1 20 41 42 62 66 70 71
 1 20 41 42 62 64 65 72
 1 20 41 42 62 64 65 70 71
 1 20 41 42 45 66
 1 20 41 42 45 64 65
 1 20 41 42 45 62 66
 1 20 41 42 45 62 64 65
 1 20 39 43 72
 1 20 39 43 70 71
 1 20 39 43 62 72
 1 20 39 43 62 70 71
 1 20 39 43 45
 1 20 39 43 45 62
 1 20 39 41 42 72
 1 20 39 41 42 70 71
 1 20 39 41 42 62 72
 1 20 39 41 42 62 70 71
 1 20 39 41 42 45
 1 20 39 41 42 45 62
 1 16 47 66 72
 1 16 47 66 70 71
 1 16 47 64 65 72
 1 16 47 64 65 70 71
 1 16 47 62 66 72
 1 16 47 62 66 70 71
 1 16 47 62 64 65 72
 1 16 47 62 64 65 70 71
 1 16 45 47 66
 1 16 45 47 64 65
 1 16 45 47 62 66
 1 16 45 47 62 64 65
 1 16 45 46 66
 1 16 45 46 66 72
 1 16 45 46 66 70 71
 1 16 45 46 64 65
 1 16 45 46 64 65 72
 1 16 45 46 64 65 70 71
 1 16 45 46 62 66
 1 16 45 46 62 66 72
 1 16 45 46 62 66 70 71
 1 16 45 46 62 64 65
 1 16 45 46 62 64 65 72
 1 16 45 46 62 64 65 70 71
 1 16 39 47 72
 1 16 39 47 70 71
 1 16 39 47 62 72
 1 16 39 47 62 70 71
 1 16 39 45 47
 1 16 39 45 47 62
 1 16 39 45 46
 1 16 39 45 46 72
 1 16 39 45 46 70 71
 1 16 39 45 46 62
 1 16 39 45 46 62 72
 1 16 39 45 46 62 70 71
 1 16 20 66 72
 1 16 20 66 70 71
 1 16 20 64 65 72
 1 16 20 64 65 70 71
 1 16 20 62 66 72
 1 16 20 62 66 70 71
 1 16 20 62 64 65 72
 1 16 20 62 64 65 70 71
 1 16 20 45 66
 1 16 20 45 64 65
 1 16 20 45 62 66
 1 16 20 45 62 64 65
 1 16 20 39 72
 1 16 20 39 70 71
 1 16 20 39 62 72
 1 16 20 39 62 70 71
 1 16 20 39 45
 1 16 20 39 45 62
 1 15 60 72
 1 15 60 70 71
 1 15 45 60
 1 13 14 60 72
 1 13 14 60 70 71
 1 13 14 45 60
