 55 57 58
 47 58
 47 56 58
 47 55 57 58
 45 58
 45 51 58 62 74
 45 51 58 62 72 73
 45 51 57 58 74
 45 51 57 58 72 73
 45 51 57 58 62
 45 51 56 58 74
 45 51 56 58 72 73
 45 49 50 58 62 74
 45 49 50 58 62 72 73
 45 49 50 57 58 74
 45 49 50 57 58 72 73
 45 49 50 57 58 62
 45 49 50 56 58 74
 45 49 50 56 58 72 73
 45 47 51 58 62
 45 47 51 57 58
 45 47 51 56 58
 45 47 49 50 58 62
 45 47 49 50 57 58
 45 47 49 50 56 58
 45 46 58
 45 46 56 58
 45 46 55 57 58
 43 44 58
 43 44 51 58 62 74
 43 44 51 58 62 72 73
 43 44 51 57 58 74
 43 44 51 57 58 72 73
 43 44 51 57 58 62
 43 44 51 56 58 74
 43 44 51 56 58 72 73
 43 44 49 50 58 62 74
 43 44 49 50 58 62 72 73
 43 44 49 50 57 58 74
 43 44 49 50 57 58 72 73
 43 44 49 50 57 58 62
 43 44 49 50 56 58 74
 43 44 49 50 56 58 72 73
 43 44 47 51 58 62
 43 44 47 51 57 58
 43 44 47 51 56 58
 43 44 47 49 50 58 62
 43 44 47 49 50 57 58
 43 44 47 49 50 56 58
 40 47 58
 40 45 46 58
 38 58
 38 55 58
 38 40 58 72
 38 40 58 70 71
 38 40 56 57 58 72
 38 40 56 57 58 70 71
 38 40 45 58
 38 40 45 56 57 58
 38 39 58 72
 38 39 58 70 71
 38 39 56 57 58 72
 38 39 56 57 58 70 71
 38 39 47 58
 38 39 45 58
 38 39 45 56 57 58
 38 39 45 46 58
 36 37 58
 36 37 55 58
 36 37 40 58 72
 36 37 40 58 70 71
 36 37 40 56 57 58 72
 36 37 40 56 57 58 70 71
 36 37 40 45 58
 36 37 40 45 56 57 58
 36 37 38 39 58 72
 36 37 38 39 58 70 71
 36 37 38 39 56 57 58 72
 36 37 38 39 56 57 58 70 71
 36 37 38 39 45 58
 36 37 38 39 45 56 57 58
 31 45 56 57 58 70
 31 45 56 57 58 70 72
 31 45 56 57 58 70 71
 31 45 56 57 58 68 69
 31 45 56 57 58 68 69 72
 31 45 56 57 58 68 69 70 71
 31 43 45 56 57 58
 31 43 45 56 57 58 72
 31 43 45 56 57 58 70 71
 31 43 44 56 57 58 72
 31 43 44 56 57 58 70 72
 31 43 44 56 57 58 68 69 72
 31 43 44 56 57 58 68 69 70 71
 31 43 44 45 56 57 58
 31 43 44 45 56 57 58 70
 31 43 44 45 56 57 58 68 69
 31 38 40 58 72
 31 38 40 58 70 71
 31 38 40 45 58
 31 38 39 58 72
 31 38 39 58 70 71
 31 38 39 45 58
 31 36 37 40 58 72
 31 36 37 40 58 70 71
 31 36 37 40 45 58
 31 36 37 38 39 58 72
 31 36 37 38 39 58 70 71
 31 36 37 38 39 45 58
 28 55 57 58
 28 47 55 58
 28 45 46 55 58
 28 40 47 56 58
 28 40 47 55 57 58
 28 40 45 46 56 58
 28 40 45 46 55 57 58
 28 38 55 58
 28 38 55 57 58
 28 38 47 58
 28 38 47 55 58
 28 38 47 55 57 58
 28 38 45 46 58
 28 38 45 46 55 58
 28 38 45 46 55 57 58
 28 38 39 47 56 58
 28 38 39 47 55 57 58
 28 38 39 45 46 56 58
 28 38 39 45 46 55 57 58
 28 36 37 55 58
 28 36 37 55 57 58
 28 36 37 47 58
 28 36 37 47 55 58
 28 36 37 47 55 57 58
 28 36 37 45 46 58
 28 36 37 45 46 55 58
 28 36 37 45 46 55 57 58
 26 27 55 57 58
 26 27 47 55 58
 26 27 45 46 55 58
 26 27 40 47 56 58
 26 27 40 47 55 57 58
 26 27 40 45 46 56 58
 26 27 40 45 46 55 57 58
 26 27 38 55 58
 26 27 38 55 57 58
 26 27 38 47 58
 26 27 38 47 55 58
 26 27 38 47 55 57 58
 26 27 38 45 46 58
 26 27 38 45 46 55 58
 26 27 38 45 46 55 57 58
 26 27 38 39 47 56 58
 26 27 38 39 47 55 57 58
 26 27 38 39 45 46 56 58
 26 27 38 39 45 46 55 57 58
 26 27 36 37 55 58
 26 27 36 37 55 57 58
 26 27 36 37 47 58
 26 27 36 37 47 55 58
 26 27 36 37 47 55 57 58
 26 27 36 37 45 46 58
 26 27 36 37 45 46 55 58
 26 27 36 37 45 46 55 57 58
 24 45 58 62 74
 24 45 58 62 72 73
 24 45 57 58 74
 24 45 57 58 72 73
 24 45 57 58 62
 24 45 56 58 74
 24 45 56 58 72 73
 24 45 47 58 62
 24 45 47 57 58
 24 45 47 56 58
 24 43 44 58 62 74
 24 43 44 58 62 72 73
 24 43 44 57 58 74
 24 43 44 57 58 72 73
 24 43 44 57 58 62
 24 43 44 56 58 74
 24 43 44 56 58 72 73
 24 43 44 47 58 62
 24 43 44 47 57 58
 24 43 44 47 56 58
 20 58
 20 56 58
 20 55 57 58
 20 40 58
 20 38 39 58
 20 28 55 58
 20 28 40 56 58
 20 28 40 55 57 58
 20 28 38 58
 20 28 38 55 58
 20 28 38 55 57 58
 20 28 38 39 56 58
 20 28 38 39 55 57 58
 20 28 36 37 58
 20 28 36 37 55 58
 20 28 36 37 55 57 58
 20 26 27 55 58
 20 26 27 40 56 58
 20 26 27 40 55 57 58
 20 26 27 38 58
 20 26 27 38 55 58
 20 26 27 38 55 57 58
 20 26 27 38 39 56 58
 20 26 27 38 39 55 57 58
 20 26 27 36 37 58
 20 26 27 36 37 55 58
 20 26 27 36 37 55 57 58
 18 58
 18 51 58 62 74
 18 51 58 62 72 73
 18 51 57 58 74
 18 51 57 58 72 73
 18 51 57 58 62
 18 51 56 58 74
 18 51 56 58 72 73
 18 49 50 58 62 74
 18 49 50 58 62 72 73
 18 49 50 57 58 74
 18 49 50 57 58 72 73
 18 49 50 57 58 62
 18 49 50 56 58 74
 18 49 50 56 58 72 73
 18 47 51 58 62
 18 47 51 57 58
 18 47 51 56 58
 18 47 49 50 58 62
 18 47 49 50 57 58
 18 47 49 50 56 58
 18 31 56 57 58 70 72
 18 31 56 57 58 70 71
 18 31 56 57 58 68 69 72
 18 31 56 57 58 68 69 70 71
 18 31 45 56 57 58 70
 18 31 45 56 57 58 68 69
 18 31 43 56 57 58 72
 18 31 43 56 57 58 70 71
 18 31 43 45 56 57 58
 18 24 58 62 74
 18 24 58 62 72 73
 18 24 57 58 74
 18 24 57 58 72 73
 18 24 57 58 62
 18 24 56 58 74
 18 24 56 58 72 73
 18 24 47 58 62
 18 24 47 57 58
 18 24 47 56 58
 15 55 58
 15 47 55 58
 15 45 56 58 70
 15 45 56 58 70 72
 15 45 56 58 70 71
 15 45 56 58 68 69
 15 45 56 58 68 69 72
 15 45 56 58 68 69 70 71
 15 45 56 57 58 70
 15 45 56 57 58 70 72
 15 45 56 57 58 70 71
 15 45 56 57 58 68 69
 15 45 56 57 58 68 69 72
 15 45 56 57 58 68 69 70 71
 15 45 51 58 74
 15 45 51 58 72 73
 15 45 51 58 62
 15 45 49 50 58 74
 15 45 49 50 58 72 73
 15 45 49 50 58 62
 15 45 47 51 58
 15 45 47 49 50 58
 15 45 46 55 58
 15 43 45 56 58
 15 43 45 56 58 72
 15 43 45 56 58 70 71
 15 43 45 56 57 58
 15 43 45 56 57 58 72
 15 43 45 56 57 58 70 71
 15 43 44 56 58 72
 15 43 44 56 58 70 72
 15 43 44 56 58 68 69 72
 15 43 44 56 58 68 69 70 71
 15 43 44 56 57 58 72
 15 43 44 56 57 58 70 72
 15 43 44 56 57 58 68 69 72
 15 43 44 56 57 58 68 69 70 71
 15 43 44 51 58 74
 15 43 44 51 58 72 73
 15 43 44 51 58 62
 15 43 44 49 50 58 74
 15 43 44 49 50 58 72 73
 15 43 44 49 50 58 62
 15 43 44 47 51 58
 15 43 44 47 49 50 58
 15 43 44 45 56 58
 15 43 44 45 56 58 70
 15 43 44 45 56 58 68 69
 15 43 44 45 56 57 58
 15 43 44 45 56 57 58 70
 15 43 44 45 56 57 58 68 69
 15 31 45 56 58 70
 15 31 45 56 58 70 72
 15 31 45 56 58 70 71
 15 31 45 56 58 68 69
 15 31 45 56 58 68 69 72
 15 31 45 56 58 68 69 70 71
 15 31 43 45 56 58
 15 31 43 45 56 58 72
 15 31 43 45 56 58 70 71
 15 31 43 44 56 58 72
 15 31 43 44 56 58 70 72
 15 31 43 44 56 58 68 69 72
 15 31 43 44 56 58 68 69 70 71
 15 31 43 44 45 56 58
 15 31 43 44 45 56 58 70
 15 31 43 44 45 56 58 68 69
 15 28 55 58
 15 28 40 47 55 58
 15 28 40 45 46 55 58
 15 28 38 55 58
 15 28 38 47 55 58
 15 28 38 45 46 55 58
 15 28 38 39 47 55 58
 15 28 38 39 45 46 55 58
 15 28 36 37 55 58
 15 28 36 37 47 55 58
 15 28 36 37 45 46 55 58
 15 26 27 55 58
 15 26 27 40 47 55 58
 15 26 27 40 45 46 55 58
 15 26 27 38 55 58
 15 26 27 38 47 55 58
 15 26 27 38 45 46 55 58
 15 26 27 38 39 47 55 58
 15 26 27 38 39 45 46 55 58
 15 26 27 36 37 55 58
 15 26 27 36 37 47 55 58
 15 26 27 36 37 45 46 55 58
 15 24 45 58 74
 15 24 45 58 72 73
 15 24 45 58 62
 15 24 45 47 58
 15 24 43 44 58 74
 15 24 43 44 58 72 73
 15 24 43 44 58 62
 15 24 43 44 47 58
 15 20 55 58
 15 20 28 40 55 58
 15 20 28 38 55 58
 15 20 28 38 39 55 58
 15 20 28 36 37 55 58
 15 20 26 27 40 55 58
 15 20 26 27 38 55 58
 15 20 26 27 38 39 55 58
 15 20 26 27 36 37 55 58
 15 18 56 58 70 72
 15 18 56 58 70 71
 15 18 56 58 68 69 72
 15 18 56 58 68 69 70 71
 15 18 56 57 58 70 72
 15 18 56 57 58 70 71
 15 18 56 57 58 68 69 72
 15 18 56 57 58 68 69 70 71
 15 18 51 58 74
 15 18 51 58 72 73
 15 18 51 58 62
 15 18 49 50 58 74
 15 18 49 50 58 72 73
 15 18 49 50 58 62
 15 18 47 51 58
 15 18 47 49 50 58
 15 18 45 56 58 70
 15 18 45 56 58 68 69
 15 18 45 56 57 58 70
 15 18 45 56 57 58 68 69
 15 18 43 56 58 72
 15 18 43 56 58 70 71
 15 18 43 56 57 58 72
 15 18 43 56 57 58 70 71
 15 18 43 45 56 58
 15 18 43 45 56 57 58
 15 18 31 56 58 70 72
 15 18 31 56 58 70 71
 15 18 31 56 58 68 69 72
 15 18 31 56 58 68 69 70 71
 15 18 31 45 56 58 70
 15 18 31 45 56 58 68 69
 15 18 31 43 56 58 72
 15 18 31 43 56 58 70 71
 15 18 31 43 45 56 58
 15 18 24 58 74
 15 18 24 58 72 73
 15 18 24 58 62
 15 18 24 47 58
 13 47 58
 13 45 46 58
 13 38 58 72
 13 38 58 70 71
 13 38 56 57 58 72
 13 38 56 57 58 70 71
 13 38 45 58
 13 38 45 56 57 58
 13 36 37 58 72
 13 36 37 58 70 71
 13 36 37 56 57 58 72
 13 36 37 56 57 58 70 71
 13 36 37 45 58
 13 36 37 45 56 57 58
 13 31 38 58 72
 13 31 38 58 70 71
 13 31 38 45 58
 13 31 36 37 58 72
 13 31 36 37 58 70 71
 13 31 36 37 45 58
 13 28 47 56 58
 13 28 47 55 57 58
 13 28 45 46 56 58
 13 28 45 46 55 57 58
 13 26 27 47 56 58
 13 26 27 47 55 57 58
 13 26 27 45 46 56 58
 13 26 27 45 46 55 57 58
 13 20 58
 13 20 28 56 58
 13 20 28 55 57 58
 13 20 26 27 56 58
 13 20 26 27 55 57 58
 13 15 28 47 55 58
 13 15 28 45 46 55 58
 13 15 26 27 47 55 58
 13 15 26 27 45 46 55 58
 13 15 20 28 55 58
 13 15 20 26 27 55 58
 13 14 55 58
 13 14 47 55 58
 13 14 45 56 58 70
 13 14 45 56 58 70 72
 13 14 45 56 58 70 71
 13 14 45 56 58 68 69
 13 14 45 56 58 68 69 72
 13 14 45 56 58 68 69 70 71
 13 14 45 56 57 58 70
 13 14 45 56 57 58 70 72
 13 14 45 56 57 58 70 71
 13 14 45 56 57 58 68 69
 13 14 45 56 57 58 68 69 72
 13 14 45 56 57 58 68 69 70 71
 13 14 45 51 58 74
 13 14 45 51 58 72 73
 13 14 45 51 58 62
 13 14 45 49 50 58 74
 13 14 45 49 50 58 72 73
 13 14 45 49 50 58 62
 13 14 45 47 51 58
 13 14 45 47 49 50 58
 13 14 45 46 55 58
 13 14 43 45 56 58
 13 14 43 45 56 58 72
 13 14 43 45 56 58 70 71
 13 14 43 45 56 57 58
 13 14 43 45 56 57 58 72
 13 14 43 45 56 57 58 70 71
 13 14 43 44 56 58 72
 13 14 43 44 56 58 70 72
 13 14 43 44 56 58 68 69 72
 13 14 43 44 56 58 68 69 70 71
 13 14 43 44 56 57 58 72
 13 14 43 44 56 57 58 70 72
 13 14 43 44 56 57 58 68 69 72
 13 14 43 44 56 57 58 68 69 70 71
 13 14 43 44 51 58 74
 13 14 43 44 51 58 72 73
 13 14 43 44 51 58 62
 13 14 43 44 49 50 58 74
 13 14 43 44 49 50 58 72 73
 13 14 43 44 49 50 58 62
 13 14 43 44 47 51 58
 13 14 43 44 47 49 50 58
 13 14 43 44 45 56 58
 13 14 43 44 45 56 58 70
 13 14 43 44 45 56 58 68 69
 13 14 43 44 45 56 57 58
 13 14 43 44 45 56 57 58 70
 13 14 43 44 45 56 57 58 68 69
 13 14 31 45 56 58 70
 13 14 31 45 56 58 70 72
 13 14 31 45 56 58 70 71
 13 14 31 45 56 58 68 69
 13 14 31 45 56 58 68 69 72
 13 14 31 45 56 58 68 69 70 71
 13 14 31 43 45 56 58
 13 14 31 43 45 56 58 72
 13 14 31 43 45 56 58 70 71
 13 14 31 43 44 56 58 72
 13 14 31 43 44 56 58 70 72
 13 14 31 43 44 56 58 68 69 72
 13 14 31 43 44 56 58 68 69 70 71
 13 14 31 43 44 45 56 58
 13 14 31 43 44 45 56 58 70
 13 14 31 43 44 45 56 58 68 69
 13 14 28 55 58
 13 14 28 47 55 58
 13 14 28 45 46 55 58
 13 14 28 40 47 55 58
 13 14 28 40 45 46 55 58
 13 14 28 38 55 58
 13 14 28 38 47 55 58
 13 14 28 38 45 46 55 58
 13 14 28 38 39 47 55 58
 13 14 28 38 39 45 46 55 58
 13 14 28 36 37 55 58
 13 14 28 36 37 47 55 58
 13 14 28 36 37 45 46 55 58
 13 14 26 27 55 58
 13 14 26 27 47 55 58
 13 14 26 27 45 46 55 58
 13 14 26 27 40 47 55 58
 13 14 26 27 40 45 46 55 58
 13 14 26 27 38 55 58
 13 14 26 27 38 47 55 58
 13 14 26 27 38 45 46 55 58
 13 14 26 27 38 39 47 55 58
 13 14 26 27 38 39 45 46 55 58
 13 14 26 27 36 37 55 58
 13 14 26 27 36 37 47 55 58
 13 14 26 27 36 37 45 46 55 58
 13 14 24 45 58 74
 13 14 24 45 58 72 73
 13 14 24 45 58 62
 13 14 24 45 47 58
 13 14 24 43 44 58 74
 13 14 24 43 44 58 72 73
 13 14 24 43 44 58 62
 13 14 24 43 44 47 58
 13 14 20 55 58
 13 14 20 28 55 58
 13 14 20 28 40 55 58
 13 14 20 28 38 55 58
 13 14 20 28 38 39 55 58
 13 14 20 28 36 37 55 58
 13 14 20 26 27 55 58
 13 14 20 26 27 40 55 58
 13 14 20 26 27 38 55 58
 13 14 20 26 27 38 39 55 58
 13 14 20 26 27 36 37 55 58
 13 14 18 56 58 70 72
 13 14 18 56 58 70 71
 13 14 18 56 58 68 69 72
 13 14 18 56 58 68 69 70 71
 13 14 18 56 57 58 70 72
 13 14 18 56 57 58 70 71
 13 14 18 56 57 58 68 69 72
 13 14 18 56 57 58 68 69 70 71
 13 14 18 51 58 74
 13 14 18 51 58 72 73
 13 14 18 51 58 62
 13 14 18 49 50 58 74
 13 14 18 49 50 58 72 73
 13 14 18 49 50 58 62
 13 14 18 47 51 58
 13 14 18 47 49 50 58
 13 14 18 45 56 58 70
 13 14 18 45 56 58 68 69
 13 14 18 45 56 57 58 70
 13 14 18 45 56 57 58 68 69
 13 14 18 43 56 58 72
 13 14 18 43 56 58 70 71
 13 14 18 43 56 57 58 72
 13 14 18 43 56 57 58 70 71
 13 14 18 43 45 56 58
 13 14 18 43 45 56 57 58
 13 14 18 31 56 58 70 72
 13 14 18 31 56 58 70 71
 13 14 18 31 56 58 68 69 72
 13 14 18 31 56 58 68 69 70 71
 13 14 18 31 45 56 58 70
 13 14 18 31 45 56 58 68 69
 13 14 18 31 43 56 58 72
 13 14 18 31 43 56 58 70 71
 13 14 18 31 43 45 56 58
 13 14 18 24 58 74
 13 14 18 24 58 72 73
 13 14 18 24 58 62
 13 14 18 24 47 58
 11 58
 11 55 58
 11 40 58 72
 11 40 58 70 71
 11 40 56 57 58 72
 11 40 56 57 58 70 71
 11 40 45 58
 11 40 45 56 57 58
 11 38 39 58 72
 11 38 39 58 70 71
 11 38 39 56 57 58 72
 11 38 39 56 57 58 70 71
 11 38 39 45 58
 11 38 39 45 56 57 58
 11 31 40 58 72
 11 31 40 58 70 71
 11 31 40 45 58
 11 31 38 39 58 72
 11 31 38 39 58 70 71
 11 31 38 39 45 58
 11 28 55 58
 11 28 55 57 58
 11 28 47 58
 11 28 47 55 58
 11 28 47 55 57 58
 11 28 45 46 58
 11 28 45 46 55 58
 11 28 45 46 55 57 58
 11 26 27 55 58
 11 26 27 55 57 58
 11 26 27 47 58
 11 26 27 47 55 58
 11 26 27 47 55 57 58
 11 26 27 45 46 58
 11 26 27 45 46 55 58
 11 26 27 45 46 55 57 58
 11 20 28 58
 11 20 28 55 58
 11 20 28 55 57 58
 11 20 26 27 58
 11 20 26 27 55 58
 11 20 26 27 55 57 58
 11 15 28 55 58
 11 15 28 47 55 58
 11 15 28 45 46 55 58
 11 15 26 27 55 58
 11 15 26 27 47 55 58
 11 15 26 27 45 46 55 58
 11 15 20 28 55 58
 11 15 20 26 27 55 58
 11 13 58 72
 11 13 58 70 71
 11 13 56 57 58 72
 11 13 56 57 58 70 71
 11 13 45 58
 11 13 45 56 57 58
 11 13 31 58 72
 11 13 31 58 70 71
 11 13 31 45 58
 11 13 14 28 55 58
 11 13 14 28 47 55 58
 11 13 14 28 45 46 55 58
 11 13 14 26 27 55 58
 11 13 14 26 27 47 55 58
 11 13 14 26 27 45 46 55 58
 11 13 14 20 28 55 58
 11 13 14 20 26 27 55 58
 1 55 57 58
 1 47 55 58
 1 45 46 55 58
 1 40 47 56 58
 1 40 47 55 57 58
 1 40 45 46 56 58
 1 40 45 46 55 57 58
 1 38 55 58
 1 38 55 57 58
 1 38 47 58
 1 38 47 55 58
 1 38 47 55 57 58
 1 38 45 46 58
 1 38 45 46 55 58
 1 38 45 46 55 57 58
 1 38 39 47 56 58
 1 38 39 47 55 57 58
 1 38 39 45 46 56 58
 1 38 39 45 46 55 57 58
 1 36 37 55 58
 1 36 37 55 57 58
 1 36 37 47 58
 1 36 37 47 55 58
 1 36 37 47 55 57 58
 1 36 37 45 46 58
 1 36 37 45 46 55 58
 1 36 37 45 46 55 57 58
 1 20 55 58
 1 20 40 56 58
 1 20 40 55 57 58
 1 20 38 58
 1 20 38 55 58
 1 20 38 55 57 58
 1 20 38 39 56 58
 1 20 38 39 55 57 58
 1 20 36 37 58
 1 20 36 37 55 58
 1 20 36 37 55 57 58
 1 15 55 58
 1 15 40 47 55 58
 1 15 40 45 46 55 58
 1 15 38 55 58
 1 15 38 47 55 58
 1 15 38 45 46 55 58
 1 15 38 39 47 55 58
 1 15 38 39 45 46 55 58
 1 15 36 37 55 58
 1 15 36 37 47 55 58
 1 15 36 37 45 46 55 58
 1 15 20 40 55 58
 1 15 20 38 55 58
 1 15 20 38 39 55 58
 1 15 20 36 37 55 58
 1 13 47 56 58
 1 13 47 55 57 58
 1 13 45 46 56 58
 1 13 45 46 55 57 58
 1 13 20 56 58
 1 13 20 55 57 58
 1 13 15 47 55 58
 1 13 15 45 46 55 58
 1 13 15 20 55 58
 1 13 14 55 58
 1 13 14 47 55 58
 1 13 14 45 46 55 58
 1 13 14 40 47 55 58
 1 13 14 40 45 46 55 58
 1 13 14 38 55 58
 1 13 14 38 47 55 58
 1 13 14 38 45 46 55 58
 1 13 14 38 39 47 55 58
 1 13 14 38 39 45 46 55 58
 1 13 14 36 37 55 58
 1 13 14 36 37 47 55 58
 1 13 14 36 37 45 46 55 58
 1 13 14 20 55 58
 1 13 14 20 40 55 58
 1 13 14 20 38 55 58
 1 13 14 20 38 39 55 58
 1 13 14 20 36 37 55 58
 1 11 55 58
 1 11 55 57 58
 1 11 47 58
 1 11 47 55 58
 1 11 47 55 57 58
 1 11 45 46 58
 1 11 45 46 55 58
 1 11 45 46 55 57 58
 1 11 20 58
 1 11 20 55 58
 1 11 20 55 57 58
 1 11 15 55 58
 1 11 15 47 55 58
 1 11 15 45 46 55 58
 1 11 15 20 55 58
 1 11 13 14 55 58
 1 11 13 14 47 55 58
 1 11 13 14 45 46 55 58
 1 11 13 14 20 55 58
