 60 68
 58 68
 57 58 62
 56 68 70
 56 68 69
 56 62 64 70
 56 62 64 68 69
 56 58 64 70
 56 58 64 68 69
 56 58 62 70
 56 58 62 68 69
 56 57 64 70
 56 57 64 68 69
 56 57 62 70
 56 57 62 68 69
 56 57 58 62
 45 56 60 74
 45 56 60 73
 45 56 60 72
 45 56 60 70 71
 45 56 60 70 71 73
 45 56 60 70 71 72
 45 56 59 60
 45 56 58 74
 45 56 58 73
 45 56 58 72
 45 56 58 70 71
 45 56 58 70 71 73
 45 56 58 70 71 72
 45 56 58 59
 45 56 57 58
 45 56 57 58 60
 45 47 56 60
 45 47 56 58
 45 46 56 60
 45 46 56 60 72
 45 46 56 60 70 71
 45 46 56 58
 45 46 56 58 72
 45 46 56 58 70 71
 43 58 68
 43 56 68
 43 56 62 64
 43 56 58 64
 43 56 58 62
 43 56 57 64
 43 56 57 62
 43 44 56 60
 43 44 56 60 74
 43 44 56 60 72
 43 44 56 60 71 72
 43 44 56 60 70 71
 43 44 56 60 70 71 73
 43 44 56 60 70 71 72
 43 44 56 59 60
 43 44 56 58
 43 44 56 58 74
 43 44 56 58 72
 43 44 56 58 71 72
 43 44 56 58 70 71
 43 44 56 58 70 71 73
 43 44 56 58 70 71 72
 43 44 56 58 59
 43 44 56 57 58
 43 44 56 57 58 60
 43 44 47 56 60
 43 44 47 56 58
 43 44 46 56 60 72
 43 44 46 56 60 70 71
 43 44 46 56 58 72
 43 44 46 56 58 70 71
 43 44 45 56 60
 43 44 45 56 60 73
 43 44 45 56 60 71 72
 43 44 45 56 58
 43 44 45 56 58 73
 43 44 45 56 58 71 72
 43 44 45 46 56 60
 43 44 45 46 56 58
 42 57 58 72
 42 57 58 70 71
 42 56 57 58 70
 42 56 57 58 68 69
 42 54 55 57 58 70
 42 54 55 57 58 68 69
 42 45 57 58
 42 43 56 57 58
 42 43 54 55 57 58
 41 42 58 68
 40 60
 40 58
 40 58 72
 40 58 70 71
 40 57 58
 40 57 58 74
 40 57 58 72
 40 57 58 72 73
 40 57 58 70 71
 40 57 58 65
 40 57 58 63 64
 40 56 57 58 72
 40 56 57 58 70
 40 56 57 58 70 71
 40 56 57 58 68 69
 40 54 55 57 58 70
 40 54 55 57 58 68 69
 40 47 58 72
 40 47 58 70 71
 40 47 57 58
 40 47 56 58
 40 47 56 58 70
 40 47 56 58 68 69
 40 47 54 55 58
 40 47 54 55 58 70
 40 47 54 55 58 68 69
 40 45 57 58
 40 45 56 58
 40 45 56 57 58
 40 45 54 55 58
 40 45 47 58
 40 45 46 58
 40 45 46 58 72
 40 45 46 58 70 71
 40 45 46 56 58
 40 45 46 56 58 70
 40 45 46 56 58 68 69
 40 45 46 54 55 58
 40 45 46 54 55 58 70
 40 45 46 54 55 58 68 69
 40 43 56 57 58
 40 43 54 55 57 58
 40 43 47 56 58
 40 43 47 54 55 58
 40 43 45 46 56 58
 40 43 45 46 54 55 58
 40 43 44 58
 40 43 44 56 58
 40 43 44 54 55 58
 40 41 57 58 72
 40 41 57 58 70 71
 40 41 56 57 58 70
 40 41 56 57 58 68 69
 40 41 54 55 57 58 70
 40 41 54 55 57 58 68 69
 40 41 45 57 58
 40 41 43 56 57 58
 40 41 43 54 55 57 58
 38 58 68 72
 38 58 68 70 71
 38 45 58 68
 38 45 57 58 68
 38 43 44 57 58 68
 38 40 57 58
 38 39 60
 38 39 58
 38 39 58 72
 38 39 58 70 71
 38 39 57 58 74
 38 39 57 58 72
 38 39 57 58 72 73
 38 39 57 58 70 71
 38 39 57 58 65
 38 39 57 58 63 64
 38 39 56 57 58 72
 38 39 56 57 58 70
 38 39 56 57 58 70 71
 38 39 56 57 58 68 69
 38 39 54 55 57 58 70
 38 39 54 55 57 58 68 69
 38 39 47 58 72
 38 39 47 58 70 71
 38 39 47 57 58
 38 39 47 56 58
 38 39 47 56 58 70
 38 39 47 56 58 68 69
 38 39 47 54 55 58
 38 39 47 54 55 58 70
 38 39 47 54 55 58 68 69
 38 39 45 57 58
 38 39 45 56 58
 38 39 45 56 57 58
 38 39 45 54 55 58
 38 39 45 47 58
 38 39 45 46 58
 38 39 45 46 58 72
 38 39 45 46 58 70 71
 38 39 45 46 56 58
 38 39 45 46 56 58 70
 38 39 45 46 56 58 68 69
 38 39 45 46 54 55 58
 38 39 45 46 54 55 58 70
 38 39 45 46 54 55 58 68 69
 38 39 43 56 57 58
 38 39 43 54 55 57 58
 38 39 43 47 56 58
 38 39 43 47 54 55 58
 38 39 43 45 46 56 58
 38 39 43 45 46 54 55 58
 38 39 43 44 58
 38 39 43 44 56 58
 38 39 43 44 54 55 58
 36 37 58 68 72
 36 37 58 68 70 71
 36 37 45 58 68
 36 37 45 57 58 68
 36 37 43 44 57 58 68
 35 57 62 70
 35 57 62 68 69
 35 56 57 70
 35 56 57 68 69
 35 43 57 62
 35 43 56 57
 35 40 74
 35 40 72 73
 35 40 62
 35 40 60
 35 40 58 72
 35 40 58 70 71
 35 40 56 58 70
 35 40 56 58 68 69
 35 40 54 55 58 70
 35 40 54 55 58 68 69
 35 40 47
 35 40 45 58
 35 40 43 56 58
 35 40 43 54 55 58
 35 38 39 74
 35 38 39 72 73
 35 38 39 62
 35 38 39 60
 35 38 39 58 72
 35 38 39 58 70 71
 35 38 39 56 58 70
 35 38 39 56 58 68 69
 35 38 39 54 55 58 70
 35 38 39 54 55 58 68 69
 35 38 39 47
 35 38 39 45 58
 35 38 39 43 56 58
 35 38 39 43 54 55 58
 32 45 56 60
 32 45 56 58
 32 43 44 56 60
 32 43 44 56 58
 31 57 58 62
 31 56 64 70
 31 56 64 68 69
 31 56 62 70
 31 56 62 68 69
 31 43 56 64
 31 43 56 62
 31 40 58 72
 31 40 58 70 71
 31 40 45 58
 31 38 39 58 72
 31 38 39 58 70 71
 31 38 39 45 58
 29 42 57 58 70
 29 42 57 58 68 69
 29 42 43 57 58
 29 40 57 58 70
 29 40 57 58 68 69
 29 40 47 58
 29 40 47 58 70
 29 40 47 58 68 69
 29 40 45 58
 29 40 45 46 58
 29 40 45 46 58 70
 29 40 45 46 58 68 69
 29 40 43 57 58
 29 40 43 47 58
 29 40 43 45 46 58
 29 40 43 44 58
 29 40 41 57 58 70
 29 40 41 57 58 68 69
 29 40 41 43 57 58
 29 38 39 57 58 70
 29 38 39 57 58 68 69
 29 38 39 47 58
 29 38 39 47 58 70
 29 38 39 47 58 68 69
 29 38 39 45 58
 29 38 39 45 46 58
 29 38 39 45 46 58 70
 29 38 39 45 46 58 68 69
 29 38 39 43 57 58
 29 38 39 43 47 58
 29 38 39 43 45 46 58
 29 38 39 43 44 58
 29 35 40 58 70
 29 35 40 58 68 69
 29 35 40 43 58
 29 35 38 39 58 70
 29 35 38 39 58 68 69
 29 35 38 39 43 58
 28 60
 28 58 72
 28 58 70 71
 28 56 57 58 72
 28 56 57 58 70 71
 28 45 58
 28 45 58 70
 28 45 58 68 69
 28 45 58 60 70
 28 45 58 60 68 69
 28 45 56 70
 28 45 56 70 73
 28 45 56 70 72
 28 45 56 70 71
 28 45 56 70 71 72
 28 45 56 68 69
 28 45 56 68 69 73
 28 45 56 68 69 72
 28 45 56 68 69 71 72
 28 45 56 68 69 70 71
 28 45 56 61 70
 28 45 56 61 68 69
 28 45 56 60
 28 45 56 60 72
 28 45 56 60 70
 28 45 56 60 70 71
 28 45 56 60 68 69
 28 45 56 58
 28 45 56 58 72
 28 45 56 58 70
 28 45 56 58 70 71
 28 45 56 58 68 69
 28 45 56 58 60 70
 28 45 56 58 60 68 69
 28 45 56 57 60
 28 45 55 56 70
 28 45 55 56 68 69
 28 45 55 56 60
 28 45 55 56 58
 28 45 46 56 70
 28 45 46 56 68 69
 28 43 45 58
 28 43 45 58 60
 28 43 45 56 73
 28 43 45 56 72
 28 43 45 56 71 72
 28 43 45 56 70
 28 43 45 56 70 71
 28 43 45 56 68 69
 28 43 45 56 61
 28 43 45 56 60
 28 43 45 56 58
 28 43 45 56 58 60
 28 43 45 55 56
 28 43 45 46 56
 28 43 44 58
 28 43 44 58 70
 28 43 44 58 68 69
 28 43 44 58 60
 28 43 44 58 60 70
 28 43 44 58 60 68 69
 28 43 44 56
 28 43 44 56 73
 28 43 44 56 72
 28 43 44 56 71 72
 28 43 44 56 70
 28 43 44 56 70 73
 28 43 44 56 70 72
 28 43 44 56 70 71 72
 28 43 44 56 68 69
 28 43 44 56 68 69 73
 28 43 44 56 68 69 72
 28 43 44 56 68 69 71 72
 28 43 44 56 68 69 70 71
 28 43 44 56 61
 28 43 44 56 61 70
 28 43 44 56 61 68 69
 28 43 44 56 60
 28 43 44 56 60 72
 28 43 44 56 60 70
 28 43 44 56 60 70 71
 28 43 44 56 60 68 69
 28 43 44 56 58
 28 43 44 56 58 72
 28 43 44 56 58 70
 28 43 44 56 58 70 71
 28 43 44 56 58 68 69
 28 43 44 56 58 60
 28 43 44 56 58 60 70
 28 43 44 56 58 60 68 69
 28 43 44 56 57 60
 28 43 44 56 57 58
 28 43 44 55 56
 28 43 44 55 56 70
 28 43 44 55 56 68 69
 28 43 44 55 56 60
 28 43 44 55 56 58
 28 43 44 46 56
 28 43 44 46 56 70
 28 43 44 46 56 68 69
 28 43 44 45 56
 28 43 44 45 56 70
 28 43 44 45 56 68 69
 28 43 44 45 56 60
 28 43 44 45 56 58
 28 42 45 58 70
 28 42 45 58 68 69
 28 42 45 56
 28 42 45 56 72
 28 42 45 56 70
 28 42 45 56 70 71
 28 42 45 56 68 69
 28 42 43 45 58
 28 42 43 45 56
 28 42 43 44 58
 28 42 43 44 58 70
 28 42 43 44 58 68 69
 28 42 43 44 56
 28 42 43 44 56 72
 28 42 43 44 56 70
 28 42 43 44 56 70 71
 28 42 43 44 56 68 69
 28 42 43 44 45 56
 28 41 45 58 70
 28 41 45 58 68 69
 28 41 43 45 58
 28 41 43 44 58
 28 41 43 44 58 70
 28 41 43 44 58 68 69
 28 40 56 58 72
 28 40 56 58 70 71
 28 40 56 57 58 72
 28 40 56 57 58 70 71
 28 40 47 58 62
 28 40 45 58
 28 40 45 58 72
 28 40 45 58 70
 28 40 45 58 70 71
 28 40 45 58 68 69
 28 40 45 56 70
 28 40 45 56 68 69
 28 40 45 56 58
 28 40 45 56 57 58
 28 40 45 46 58 62
 28 40 43 45 58
 28 40 43 45 56
 28 40 43 44 58
 28 40 43 44 58 72
 28 40 43 44 58 70
 28 40 43 44 58 70 71
 28 40 43 44 58 68 69
 28 40 43 44 56
 28 40 43 44 56 70
 28 40 43 44 56 68 69
 28 40 43 44 45 58
 28 40 41 45 56
 28 40 41 45 56 72
 28 40 41 45 56 70 71
 28 40 41 43 44 56 72
 28 40 41 43 44 56 70 71
 28 40 41 43 44 45 56
 28 39 45 56 70
 28 39 45 56 68 69
 28 39 43 45 56
 28 39 43 44 56
 28 39 43 44 56 70
 28 39 43 44 56 68 69
 28 39 40 42 45 56 70
 28 39 40 42 45 56 68 69
 28 39 40 42 43 45 56
 28 39 40 42 43 44 56
 28 39 40 42 43 44 56 70
 28 39 40 42 43 44 56 68 69
 28 39 40 41 45 56 70
 28 39 40 41 45 56 68 69
 28 39 40 41 43 45 56
 28 39 40 41 43 44 56
 28 39 40 41 43 44 56 70
 28 39 40 41 43 44 56 68 69
 28 38 39 56 58 72
 28 38 39 56 58 70 71
 28 38 39 56 57 58 72
 28 38 39 56 57 58 70 71
 28 38 39 47 58 62
 28 38 39 45 58
 28 38 39 45 58 72
 28 38 39 45 58 70
 28 38 39 45 58 70 71
 28 38 39 45 58 68 69
 28 38 39 45 56 70
 28 38 39 45 56 68 69
 28 38 39 45 56 58
 28 38 39 45 56 57 58
 28 38 39 45 46 58 62
 28 38 39 43 45 58
 28 38 39 43 45 56
 28 38 39 43 44 58
 28 38 39 43 44 58 72
 28 38 39 43 44 58 70
 28 38 39 43 44 58 70 71
 28 38 39 43 44 58 68 69
 28 38 39 43 44 56
 28 38 39 43 44 56 70
 28 38 39 43 44 56 68 69
 28 38 39 43 44 45 58
 28 38 39 41 45 58 70
 28 38 39 41 45 58 68 69
 28 38 39 41 43 45 58
 28 38 39 41 43 44 58
 28 38 39 41 43 44 58 70
 28 38 39 41 43 44 58 68 69
 28 38 39 40 45 58 70
 28 38 39 40 45 58 68 69
 28 38 39 40 43 45 58
 28 38 39 40 43 44 58
 28 38 39 40 43 44 58 70
 28 38 39 40 43 44 58 68 69
 28 37 38 45 56 70
 28 37 38 45 56 68 69
 28 37 38 43 45 56
 28 37 38 43 44 56
 28 37 38 43 44 56 70
 28 37 38 43 44 56 68 69
 28 31 58 72
 28 31 58 70 71
 28 31 45 58
 28 31 40 56 72
 28 31 40 56 70 71
 28 31 40 56 57 72
 28 31 40 56 57 70 71
 28 31 40 45 56
 28 31 40 45 56 57
 28 31 38 39 56 72
 28 31 38 39 56 70 71
 28 31 38 39 56 57 72
 28 31 38 39 56 57 70 71
 28 31 38 39 45 56
 28 31 38 39 45 56 57
 28 30 45 56 60
 28 30 45 56 58
 28 30 43 44 56 60
 28 30 43 44 56 58
 27 28 45 58 70
 27 28 45 58 68 69
 27 28 43 45 58
 27 28 43 44 58
 27 28 43 44 58 70
 27 28 43 44 58 68 69
 26 60
 26 58
 26 56 70
 26 56 68 69
 26 43 58
 26 43 56
 26 41 42 58
 26 38 58 72
 26 38 58 70 71
 26 38 45 58
 26 38 45 57 58
 26 38 43 44 57 58
 26 36 37 58 72
 26 36 37 58 70 71
 26 36 37 45 58
 26 36 37 45 57 58
 26 36 37 43 44 57 58
 26 27 60
 26 27 58 72
 26 27 58 70 71
 26 27 56 57 58 72
 26 27 56 57 58 70 71
 26 27 45 58
 26 27 45 58 60 70
 26 27 45 58 60 68 69
 26 27 45 56 70
 26 27 45 56 70 73
 26 27 45 56 70 72
 26 27 45 56 70 71
 26 27 45 56 70 71 72
 26 27 45 56 68 69
 26 27 45 56 68 69 73
 26 27 45 56 68 69 72
 26 27 45 56 68 69 71 72
 26 27 45 56 68 69 70 71
 26 27 45 56 61 70
 26 27 45 56 61 68 69
 26 27 45 56 60
 26 27 45 56 60 72
 26 27 45 56 60 70
 26 27 45 56 60 70 71
 26 27 45 56 60 68 69
 26 27 45 56 58
 26 27 45 56 58 72
 26 27 45 56 58 70
 26 27 45 56 58 70 71
 26 27 45 56 58 68 69
 26 27 45 56 58 60 70
 26 27 45 56 58 60 68 69
 26 27 45 56 57 60
 26 27 45 55 56 70
 26 27 45 55 56 68 69
 26 27 45 55 56 60
 26 27 45 55 56 58
 26 27 45 46 56 70
 26 27 45 46 56 68 69
 26 27 43 45 58 60
 26 27 43 45 56 73
 26 27 43 45 56 72
 26 27 43 45 56 71 72
 26 27 43 45 56 70
 26 27 43 45 56 70 71
 26 27 43 45 56 68 69
 26 27 43 45 56 61
 26 27 43 45 56 60
 26 27 43 45 56 58
 26 27 43 45 56 58 60
 26 27 43 45 55 56
 26 27 43 45 46 56
 26 27 43 44 58 60
 26 27 43 44 58 60 70
 26 27 43 44 58 60 68 69
 26 27 43 44 56
 26 27 43 44 56 73
 26 27 43 44 56 72
 26 27 43 44 56 71 72
 26 27 43 44 56 70
 26 27 43 44 56 70 73
 26 27 43 44 56 70 72
 26 27 43 44 56 70 71 72
 26 27 43 44 56 68 69
 26 27 43 44 56 68 69 73
 26 27 43 44 56 68 69 72
 26 27 43 44 56 68 69 71 72
 26 27 43 44 56 68 69 70 71
 26 27 43 44 56 61
 26 27 43 44 56 61 70
 26 27 43 44 56 61 68 69
 26 27 43 44 56 60
 26 27 43 44 56 60 72
 26 27 43 44 56 60 70
 26 27 43 44 56 60 70 71
 26 27 43 44 56 60 68 69
 26 27 43 44 56 58
 26 27 43 44 56 58 72
 26 27 43 44 56 58 70
 26 27 43 44 56 58 70 71
 26 27 43 44 56 58 68 69
 26 27 43 44 56 58 60
 26 27 43 44 56 58 60 70
 26 27 43 44 56 58 60 68 69
 26 27 43 44 56 57 60
 26 27 43 44 56 57 58
 26 27 43 44 55 56
 26 27 43 44 55 56 70
 26 27 43 44 55 56 68 69
 26 27 43 44 55 56 60
 26 27 43 44 55 56 58
 26 27 43 44 46 56
 26 27 43 44 46 56 70
 26 27 43 44 46 56 68 69
 26 27 43 44 45 56
 26 27 43 44 45 56 70
 26 27 43 44 45 56 68 69
 26 27 43 44 45 56 60
 26 27 43 44 45 56 58
 26 27 42 45 58 70
 26 27 42 45 58 68 69
 26 27 42 45 56
 26 27 42 45 56 72
 26 27 42 45 56 70
 26 27 42 45 56 70 71
 26 27 42 45 56 68 69
 26 27 42 43 45 58
 26 27 42 43 45 56
 26 27 42 43 44 58
 26 27 42 43 44 58 70
 26 27 42 43 44 58 68 69
 26 27 42 43 44 56
 26 27 42 43 44 56 72
 26 27 42 43 44 56 70
 26 27 42 43 44 56 70 71
 26 27 42 43 44 56 68 69
 26 27 42 43 44 45 56
 26 27 41 45 58 70
 26 27 41 45 58 68 69
 26 27 41 43 45 58
 26 27 41 43 44 58
 26 27 41 43 44 58 70
 26 27 41 43 44 58 68 69
 26 27 40 56 58 72
 26 27 40 56 58 70 71
 26 27 40 56 57 58 72
 26 27 40 56 57 58 70 71
 26 27 40 47 58 62
 26 27 40 45 58
 26 27 40 45 58 72
 26 27 40 45 58 70
 26 27 40 45 58 70 71
 26 27 40 45 58 68 69
 26 27 40 45 56 70
 26 27 40 45 56 68 69
 26 27 40 45 56 58
 26 27 40 45 56 57 58
 26 27 40 45 46 58 62
 26 27 40 43 45 58
 26 27 40 43 45 56
 26 27 40 43 44 58
 26 27 40 43 44 58 72
 26 27 40 43 44 58 70
 26 27 40 43 44 58 70 71
 26 27 40 43 44 58 68 69
 26 27 40 43 44 56
 26 27 40 43 44 56 70
 26 27 40 43 44 56 68 69
 26 27 40 43 44 45 58
 26 27 40 41 45 56
 26 27 40 41 45 56 72
 26 27 40 41 45 56 70 71
 26 27 40 41 43 44 56 72
 26 27 40 41 43 44 56 70 71
 26 27 40 41 43 44 45 56
 26 27 39 45 56 70
 26 27 39 45 56 68 69
 26 27 39 43 45 56
 26 27 39 43 44 56
 26 27 39 43 44 56 70
 26 27 39 43 44 56 68 69
 26 27 39 40 42 45 56 70
 26 27 39 40 42 45 56 68 69
 26 27 39 40 42 43 45 56
 26 27 39 40 42 43 44 56
 26 27 39 40 42 43 44 56 70
 26 27 39 40 42 43 44 56 68 69
 26 27 39 40 41 45 56 70
 26 27 39 40 41 45 56 68 69
 26 27 39 40 41 43 45 56
 26 27 39 40 41 43 44 56
 26 27 39 40 41 43 44 56 70
 26 27 39 40 41 43 44 56 68 69
 26 27 38 39 56 58 72
 26 27 38 39 56 58 70 71
 26 27 38 39 56 57 58 72
 26 27 38 39 56 57 58 70 71
 26 27 38 39 47 58 62
 26 27 38 39 45 58
 26 27 38 39 45 58 72
 26 27 38 39 45 58 70
 26 27 38 39 45 58 70 71
 26 27 38 39 45 58 68 69
 26 27 38 39 45 56 70
 26 27 38 39 45 56 68 69
 26 27 38 39 45 56 58
 26 27 38 39 45 56 57 58
 26 27 38 39 45 46 58 62
 26 27 38 39 43 45 58
 26 27 38 39 43 45 56
 26 27 38 39 43 44 58
 26 27 38 39 43 44 58 72
 26 27 38 39 43 44 58 70
 26 27 38 39 43 44 58 70 71
 26 27 38 39 43 44 58 68 69
 26 27 38 39 43 44 56
 26 27 38 39 43 44 56 70
 26 27 38 39 43 44 56 68 69
 26 27 38 39 43 44 45 58
 26 27 38 39 41 45 58 70
 26 27 38 39 41 45 58 68 69
 26 27 38 39 41 43 45 58
 26 27 38 39 41 43 44 58
 26 27 38 39 41 43 44 58 70
 26 27 38 39 41 43 44 58 68 69
 26 27 38 39 40 45 58 70
 26 27 38 39 40 45 58 68 69
 26 27 38 39 40 43 45 58
 26 27 38 39 40 43 44 58
 26 27 38 39 40 43 44 58 70
 26 27 38 39 40 43 44 58 68 69
 26 27 37 38 45 56 70
 26 27 37 38 45 56 68 69
 26 27 37 38 43 45 56
 26 27 37 38 43 44 56
 26 27 37 38 43 44 56 70
 26 27 37 38 43 44 56 68 69
 26 27 31 58 72
 26 27 31 58 70 71
 26 27 31 45 58
 26 27 31 40 56 72
 26 27 31 40 56 70 71
 26 27 31 40 56 57 72
 26 27 31 40 56 57 70 71
 26 27 31 40 45 56
 26 27 31 40 45 56 57
 26 27 31 38 39 56 72
 26 27 31 38 39 56 70 71
 26 27 31 38 39 56 57 72
 26 27 31 38 39 56 57 70 71
 26 27 31 38 39 45 56
 26 27 31 38 39 45 56 57
 26 27 30 45 56 60
 26 27 30 45 56 58
 26 27 30 43 44 56 60
 26 27 30 43 44 56 58
 25 26 28 45 58 70
 25 26 28 45 58 68 69
 25 26 28 43 45 58
 25 26 28 43 44 58
 25 26 28 43 44 58 70
 25 26 28 43 44 58 68 69
 25 26 27 45 58 70
 25 26 27 45 58 68 69
 25 26 27 43 45 58
 25 26 27 43 44 58
 25 26 27 43 44 58 70
 25 26 27 43 44 58 68 69
 24 25 60
 24 25 58
 24 25 56 70
 24 25 56 68 69
 24 25 43 58
 24 25 43 56
 24 25 41 42 58
 24 25 38 58 72
 24 25 38 58 70 71
 24 25 38 45 58
 24 25 38 45 57 58
 24 25 38 43 44 57 58
 24 25 36 37 58 72
 24 25 36 37 58 70 71
 24 25 36 37 45 58
 24 25 36 37 45 57 58
 24 25 36 37 43 44 57 58
 22 28 45 58 70
 22 28 45 58 68 69
 22 28 45 58 60 70
 22 28 45 58 60 68 69
 22 28 43 45 58
 22 28 43 45 58 60
 22 28 43 44 58
 22 28 43 44 58 70
 22 28 43 44 58 68 69
 22 28 43 44 58 60
 22 28 43 44 58 60 70
 22 28 43 44 58 60 68 69
 22 26 27 45 58 70
 22 26 27 45 58 68 69
 22 26 27 45 58 60 70
 22 26 27 45 58 60 68 69
 22 26 27 43 45 58
 22 26 27 43 45 58 60
 22 26 27 43 44 58
 22 26 27 43 44 58 70
 22 26 27 43 44 58 68 69
 22 26 27 43 44 58 60
 22 26 27 43 44 58 60 70
 22 26 27 43 44 58 60 68 69
 20 40 58 72
 20 40 58 70 71
 20 40 56 58
 20 40 56 58 70
 20 40 56 58 68 69
 20 40 54 55 58
 20 40 54 55 58 70
 20 40 54 55 58 68 69
 20 40 45 58
 20 40 43 56 58
 20 40 43 54 55 58
 20 38 39 58 72
 20 38 39 58 70 71
 20 38 39 56 58
 20 38 39 56 58 70
 20 38 39 56 58 68 69
 20 38 39 54 55 58
 20 38 39 54 55 58 70
 20 38 39 54 55 58 68 69
 20 38 39 45 58
 20 38 39 43 56 58
 20 38 39 43 54 55 58
 20 29 40 58
 20 29 40 58 70
 20 29 40 58 68 69
 20 29 40 43 58
 20 29 38 39 58
 20 29 38 39 58 70
 20 29 38 39 58 68 69
 20 29 38 39 43 58
 20 28 40 58 62
 20 28 38 39 58 62
 20 26 27 40 58 62
 20 26 27 38 39 58 62
 18 56 60
 18 56 60 74
 18 56 60 72
 18 56 60 71 72
 18 56 60 70 71
 18 56 60 70 71 73
 18 56 60 70 71 72
 18 56 59 60
 18 56 58
 18 56 58 74
 18 56 58 72
 18 56 58 71 72
 18 56 58 70 71
 18 56 58 70 71 73
 18 56 58 70 71 72
 18 56 58 59
 18 56 57 58
 18 56 57 58 60
 18 47 56 60
 18 47 56 58
 18 46 56 60 72
 18 46 56 60 70 71
 18 46 56 58 72
 18 46 56 58 70 71
 18 45 56 60
 18 45 56 60 73
 18 45 56 60 71 72
 18 45 56 58
 18 45 56 58 73
 18 45 56 58 71 72
 18 45 46 56 60
 18 45 46 56 58
 18 40 58
 18 40 56 58
 18 40 54 55 58
 18 38 57 58 68
 18 38 39 58
 18 38 39 56 58
 18 38 39 54 55 58
 18 36 37 57 58 68
 18 32 56 60
 18 32 56 58
 18 29 40 58
 18 29 38 39 58
 18 28 58 70
 18 28 58 68 69
 18 28 58 60 70
 18 28 58 60 68 69
 18 28 56 70 73
 18 28 56 70 72
 18 28 56 70 71
 18 28 56 70 71 72
 18 28 56 68 69 73
 18 28 56 68 69 72
 18 28 56 68 69 71 72
 18 28 56 68 69 70 71
 18 28 56 61 70
 18 28 56 61 68 69
 18 28 56 60 72
 18 28 56 60 70
 18 28 56 60 70 71
 18 28 56 60 68 69
 18 28 56 58 72
 18 28 56 58 70
 18 28 56 58 70 71
 18 28 56 58 68 69
 18 28 56 58 60 70
 18 28 56 58 60 68 69
 18 28 56 57 60
 18 28 56 57 58
 18 28 55 56 70
 18 28 55 56 68 69
 18 28 55 56 60
 18 28 55 56 58
 18 28 46 56 70
 18 28 46 56 68 69
 18 28 45 56 70
 18 28 45 56 68 69
 18 28 45 56 60
 18 28 45 56 58
 18 28 43 58
 18 28 43 58 60
 18 28 43 56
 18 28 43 56 73
 18 28 43 56 72
 18 28 43 56 71 72
 18 28 43 56 70
 18 28 43 56 70 71
 18 28 43 56 68 69
 18 28 43 56 61
 18 28 43 56 60
 18 28 43 56 58
 18 28 43 56 58 60
 18 28 43 55 56
 18 28 43 46 56
 18 28 43 45 56
 18 28 42 58 70
 18 28 42 58 68 69
 18 28 42 56 72
 18 28 42 56 70
 18 28 42 56 70 71
 18 28 42 56 68 69
 18 28 42 45 56
 18 28 42 43 58
 18 28 42 43 56
 18 28 41 58 70
 18 28 41 58 68 69
 18 28 41 43 58
 18 28 40 58 72
 18 28 40 58 70
 18 28 40 58 70 71
 18 28 40 58 68 69
 18 28 40 56 70
 18 28 40 56 68 69
 18 28 40 45 58
 18 28 40 43 58
 18 28 40 43 56
 18 28 40 41 56 72
 18 28 40 41 56 70 71
 18 28 40 41 45 56
 18 28 39 56 70
 18 28 39 56 68 69
 18 28 39 43 56
 18 28 39 40 42 56 70
 18 28 39 40 42 56 68 69
 18 28 39 40 42 43 56
 18 28 39 40 41 56 70
 18 28 39 40 41 56 68 69
 18 28 39 40 41 43 56
 18 28 38 39 58 72
 18 28 38 39 58 70
 18 28 38 39 58 70 71
 18 28 38 39 58 68 69
 18 28 38 39 56 70
 18 28 38 39 56 68 69
 18 28 38 39 45 58
 18 28 38 39 43 58
 18 28 38 39 43 56
 18 28 38 39 41 58 70
 18 28 38 39 41 58 68 69
 18 28 38 39 41 43 58
 18 28 38 39 40 58 70
 18 28 38 39 40 58 68 69
 18 28 38 39 40 43 58
 18 28 37 38 56 70
 18 28 37 38 56 68 69
 18 28 37 38 43 56
 18 28 30 56 60
 18 28 30 56 58
 18 27 28 58 70
 18 27 28 58 68 69
 18 27 28 43 58
 18 26 38 57 58
 18 26 36 37 57 58
 18 26 27 58 60 70
 18 26 27 58 60 68 69
 18 26 27 56 70 73
 18 26 27 56 70 72
 18 26 27 56 70 71
 18 26 27 56 70 71 72
 18 26 27 56 68 69 73
 18 26 27 56 68 69 72
 18 26 27 56 68 69 71 72
 18 26 27 56 68 69 70 71
 18 26 27 56 61 70
 18 26 27 56 61 68 69
 18 26 27 56 60 72
 18 26 27 56 60 70
 18 26 27 56 60 70 71
 18 26 27 56 60 68 69
 18 26 27 56 58 72
 18 26 27 56 58 70
 18 26 27 56 58 70 71
 18 26 27 56 58 68 69
 18 26 27 56 58 60 70
 18 26 27 56 58 60 68 69
 18 26 27 56 57 60
 18 26 27 56 57 58
 18 26 27 55 56 70
 18 26 27 55 56 68 69
 18 26 27 55 56 60
 18 26 27 55 56 58
 18 26 27 46 56 70
 18 26 27 46 56 68 69
 18 26 27 45 56 70
 18 26 27 45 56 68 69
 18 26 27 45 56 60
 18 26 27 45 56 58
 18 26 27 43 58 60
 18 26 27 43 56
 18 26 27 43 56 73
 18 26 27 43 56 72
 18 26 27 43 56 71 72
 18 26 27 43 56 70
 18 26 27 43 56 70 71
 18 26 27 43 56 68 69
 18 26 27 43 56 61
 18 26 27 43 56 60
 18 26 27 43 56 58
 18 26 27 43 56 58 60
 18 26 27 43 55 56
 18 26 27 43 46 56
 18 26 27 43 45 56
 18 26 27 42 58 70
 18 26 27 42 58 68 69
 18 26 27 42 56 72
 18 26 27 42 56 70
 18 26 27 42 56 70 71
 18 26 27 42 56 68 69
 18 26 27 42 45 56
 18 26 27 42 43 58
 18 26 27 42 43 56
 18 26 27 41 58 70
 18 26 27 41 58 68 69
 18 26 27 41 43 58
 18 26 27 40 58 72
 18 26 27 40 58 70
 18 26 27 40 58 70 71
 18 26 27 40 58 68 69
 18 26 27 40 56 70
 18 26 27 40 56 68 69
 18 26 27 40 45 58
 18 26 27 40 43 58
 18 26 27 40 43 56
 18 26 27 40 41 56 72
 18 26 27 40 41 56 70 71
 18 26 27 40 41 45 56
 18 26 27 39 56 70
 18 26 27 39 56 68 69
 18 26 27 39 43 56
 18 26 27 39 40 42 56 70
 18 26 27 39 40 42 56 68 69
 18 26 27 39 40 42 43 56
 18 26 27 39 40 41 56 70
 18 26 27 39 40 41 56 68 69
 18 26 27 39 40 41 43 56
 18 26 27 38 39 58 72
 18 26 27 38 39 58 70
 18 26 27 38 39 58 70 71
 18 26 27 38 39 58 68 69
 18 26 27 38 39 56 70
 18 26 27 38 39 56 68 69
 18 26 27 38 39 45 58
 18 26 27 38 39 43 58
 18 26 27 38 39 43 56
 18 26 27 38 39 41 58 70
 18 26 27 38 39 41 58 68 69
 18 26 27 38 39 41 43 58
 18 26 27 38 39 40 58 70
 18 26 27 38 39 40 58 68 69
 18 26 27 38 39 40 43 58
 18 26 27 37 38 56 70
 18 26 27 37 38 56 68 69
 18 26 27 37 38 43 56
 18 26 27 30 56 60
 18 26 27 30 56 58
 18 25 26 28 58 70
 18 25 26 28 58 68 69
 18 25 26 28 43 58
 18 25 26 27 58 70
 18 25 26 27 58 68 69
 18 25 26 27 43 58
 18 24 25 38 57 58
 18 24 25 36 37 57 58
 18 22 28 58 70
 18 22 28 58 68 69
 18 22 28 58 60 70
 18 22 28 58 60 68 69
 18 22 28 43 58
 18 22 28 43 58 60
 18 22 26 27 58 70
 18 22 26 27 58 68 69
 18 22 26 27 58 60 70
 18 22 26 27 58 60 68 69
 18 22 26 27 43 58
 18 22 26 27 43 58 60
 16 58 68
 16 26 58
 16 24 25 58
 15 58 72
 15 58 70 71
 15 58 62
 15 57 58 72
 15 57 58 70 71
 15 56 58 70
 15 56 58 68 69
 15 56 57 58 70
 15 56 57 58 68 69
 15 56 57 58 62
 15 54 55 58 70
 15 54 55 58 68 69
 15 54 55 57 58 70
 15 54 55 57 58 68 69
 15 45 58
 15 45 57 58
 15 43 56 58
 15 43 56 57 58
 15 43 54 55 58
 15 43 54 55 57 58
 15 42 58 72
 15 42 58 70 71
 15 42 56 58 70
 15 42 56 58 68 69
 15 42 54 55 58 70
 15 42 54 55 58 68 69
 15 42 45 58
 15 42 43 56 58
 15 42 43 54 55 58
 15 40 58
 15 40 58 74
 15 40 58 72
 15 40 58 72 73
 15 40 58 70 71
 15 40 58 65
 15 40 58 63 64
 15 40 56 58 70
 15 40 56 58 68 69
 15 40 54 55 58 70
 15 40 54 55 58 68 69
 15 40 47 58
 15 40 45 58
 15 40 43 56 58
 15 40 43 54 55 58
 15 40 41 58 72
 15 40 41 58 70 71
 15 40 41 56 58 70
 15 40 41 56 58 68 69
 15 40 41 54 55 58 70
 15 40 41 54 55 58 68 69
 15 40 41 45 58
 15 40 41 43 56 58
 15 40 41 43 54 55 58
 15 38 45 58 68
 15 38 43 44 58 68
 15 38 40 58
 15 38 39 58 74
 15 38 39 58 72
 15 38 39 58 72 73
 15 38 39 58 70 71
 15 38 39 58 65
 15 38 39 58 63 64
 15 38 39 56 58 70
 15 38 39 56 58 68 69
 15 38 39 54 55 58 70
 15 38 39 54 55 58 68 69
 15 38 39 47 58
 15 38 39 45 58
 15 38 39 43 56 58
 15 38 39 43 54 55 58
 15 36 37 45 58 68
 15 36 37 43 44 58 68
 15 35 62 70
 15 35 62 68 69
 15 35 56 70
 15 35 56 68 69
 15 35 43 62
 15 35 43 56
 15 31 58 62
 15 29 58 70
 15 29 58 68 69
 15 29 57 58 70
 15 29 57 58 68 69
 15 29 43 58
 15 29 43 57 58
 15 29 42 58 70
 15 29 42 58 68 69
 15 29 42 43 58
 15 29 40 58 70
 15 29 40 58 68 69
 15 29 40 43 58
 15 29 40 41 58 70
 15 29 40 41 58 68 69
 15 29 40 41 43 58
 15 29 38 39 58 70
 15 29 38 39 58 68 69
 15 29 38 39 43 58
 15 28 45 56
 15 28 45 56 72
 15 28 45 56 70
 15 28 45 56 70 71
 15 28 45 56 68 69
 15 28 43 45 56
 15 28 43 44 56
 15 28 43 44 56 72
 15 28 43 44 56 70
 15 28 43 44 56 70 71
 15 28 43 44 56 68 69
 15 28 43 44 45 56
 15 28 41 45 56 70
 15 28 41 45 56 68 69
 15 28 41 43 45 56
 15 28 41 43 44 56
 15 28 41 43 44 56 70
 15 28 41 43 44 56 68 69
 15 28 40 56 58 72
 15 28 40 56 58 70 71
 15 28 40 56 57 72
 15 28 40 56 57 70 71
 15 28 40 45 56 58
 15 28 40 45 56 57
 15 28 39 40 45 56 70
 15 28 39 40 45 56 68 69
 15 28 39 40 43 45 56
 15 28 39 40 43 44 56
 15 28 39 40 43 44 56 70
 15 28 39 40 43 44 56 68 69
 15 28 38 39 56 58 72
 15 28 38 39 56 58 70 71
 15 28 38 39 56 57 72
 15 28 38 39 56 57 70 71
 15 28 38 39 45 56 58
 15 28 38 39 45 56 57
 15 28 31 40 56 72
 15 28 31 40 56 70 71
 15 28 31 40 45 56
 15 28 31 38 39 56 72
 15 28 31 38 39 56 70 71
 15 28 31 38 39 45 56
 15 26 38 45 58
 15 26 38 43 44 58
 15 26 36 37 45 58
 15 26 36 37 43 44 58
 15 26 27 45 56
 15 26 27 45 56 72
 15 26 27 45 56 70
 15 26 27 45 56 70 71
 15 26 27 45 56 68 69
 15 26 27 43 45 56
 15 26 27 43 44 56
 15 26 27 43 44 56 72
 15 26 27 43 44 56 70
 15 26 27 43 44 56 70 71
 15 26 27 43 44 56 68 69
 15 26 27 43 44 45 56
 15 26 27 41 45 56 70
 15 26 27 41 45 56 68 69
 15 26 27 41 43 45 56
 15 26 27 41 43 44 56
 15 26 27 41 43 44 56 70
 15 26 27 41 43 44 56 68 69
 15 26 27 40 56 58 72
 15 26 27 40 56 58 70 71
 15 26 27 40 56 57 72
 15 26 27 40 56 57 70 71
 15 26 27 40 45 56 58
 15 26 27 40 45 56 57
 15 26 27 39 40 45 56 70
 15 26 27 39 40 45 56 68 69
 15 26 27 39 40 43 45 56
 15 26 27 39 40 43 44 56
 15 26 27 39 40 43 44 56 70
 15 26 27 39 40 43 44 56 68 69
 15 26 27 38 39 56 58 72
 15 26 27 38 39 56 58 70 71
 15 26 27 38 39 56 57 72
 15 26 27 38 39 56 57 70 71
 15 26 27 38 39 45 56 58
 15 26 27 38 39 45 56 57
 15 26 27 31 40 56 72
 15 26 27 31 40 56 70 71
 15 26 27 31 40 45 56
 15 26 27 31 38 39 56 72
 15 26 27 31 38 39 56 70 71
 15 26 27 31 38 39 45 56
 15 24 25 38 45 58
 15 24 25 38 43 44 58
 15 24 25 36 37 45 58
 15 24 25 36 37 43 44 58
 15 18 38 58 68
 15 18 36 37 58 68
 15 18 28 56 72
 15 18 28 56 70
 15 18 28 56 70 71
 15 18 28 56 68 69
 15 18 28 45 56
 15 18 28 43 56
 15 18 28 41 56 70
 15 18 28 41 56 68 69
 15 18 28 41 43 56
 15 18 28 39 40 56 70
 15 18 28 39 40 56 68 69
 15 18 28 39 40 43 56
 15 18 26 38 58
 15 18 26 36 37 58
 15 18 26 27 56 72
 15 18 26 27 56 70
 15 18 26 27 56 70 71
 15 18 26 27 56 68 69
 15 18 26 27 45 56
 15 18 26 27 43 56
 15 18 26 27 41 56 70
 15 18 26 27 41 56 68 69
 15 18 26 27 41 43 56
 15 18 26 27 39 40 56 70
 15 18 26 27 39 40 56 68 69
 15 18 26 27 39 40 43 56
 15 18 24 25 38 58
 15 18 24 25 36 37 58
 14 28 45 58 70
 14 28 45 58 68 69
 14 28 43 45 58
 14 28 43 44 58
 14 28 43 44 58 70
 14 28 43 44 58 68 69
 14 28 42 45 56 70
 14 28 42 45 56 68 69
 14 28 42 43 45 56
 14 28 42 43 44 56
 14 28 42 43 44 56 70
 14 28 42 43 44 56 68 69
 14 28 40 45 58 70
 14 28 40 45 58 68 69
 14 28 40 43 45 58
 14 28 40 43 44 58
 14 28 40 43 44 58 70
 14 28 40 43 44 58 68 69
 14 28 40 41 45 56 70
 14 28 40 41 45 56 68 69
 14 28 40 41 43 45 56
 14 28 40 41 43 44 56
 14 28 40 41 43 44 56 70
 14 28 40 41 43 44 56 68 69
 14 28 38 39 45 58 70
 14 28 38 39 45 58 68 69
 14 28 38 39 43 45 58
 14 28 38 39 43 44 58
 14 28 38 39 43 44 58 70
 14 28 38 39 43 44 58 68 69
 14 26 27 45 58 70
 14 26 27 45 58 68 69
 14 26 27 43 45 58
 14 26 27 43 44 58
 14 26 27 43 44 58 70
 14 26 27 43 44 58 68 69
 14 26 27 42 45 56 70
 14 26 27 42 45 56 68 69
 14 26 27 42 43 45 56
 14 26 27 42 43 44 56
 14 26 27 42 43 44 56 70
 14 26 27 42 43 44 56 68 69
 14 26 27 40 45 58 70
 14 26 27 40 45 58 68 69
 14 26 27 40 43 45 58
 14 26 27 40 43 44 58
 14 26 27 40 43 44 58 70
 14 26 27 40 43 44 58 68 69
 14 26 27 40 41 45 56 70
 14 26 27 40 41 45 56 68 69
 14 26 27 40 41 43 45 56
 14 26 27 40 41 43 44 56
 14 26 27 40 41 43 44 56 70
 14 26 27 40 41 43 44 56 68 69
 14 26 27 38 39 45 58 70
 14 26 27 38 39 45 58 68 69
 14 26 27 38 39 43 45 58
 14 26 27 38 39 43 44 58
 14 26 27 38 39 43 44 58 70
 14 26 27 38 39 43 44 58 68 69
 14 18 28 58 70
 14 18 28 58 68 69
 14 18 28 43 58
 14 18 28 42 56 70
 14 18 28 42 56 68 69
 14 18 28 42 43 56
 14 18 28 40 58 70
 14 18 28 40 58 68 69
 14 18 28 40 43 58
 14 18 28 40 41 56 70
 14 18 28 40 41 56 68 69
 14 18 28 40 41 43 56
 14 18 28 38 39 58 70
 14 18 28 38 39 58 68 69
 14 18 28 38 39 43 58
 14 18 26 27 58 70
 14 18 26 27 58 68 69
 14 18 26 27 43 58
 14 18 26 27 42 56 70
 14 18 26 27 42 56 68 69
 14 18 26 27 42 43 56
 14 18 26 27 40 58 70
 14 18 26 27 40 58 68 69
 14 18 26 27 40 43 58
 14 18 26 27 40 41 56 70
 14 18 26 27 40 41 56 68 69
 14 18 26 27 40 41 43 56
 14 18 26 27 38 39 58 70
 14 18 26 27 38 39 58 68 69
 14 18 26 27 38 39 43 58
 14 15 28 45 56 70
 14 15 28 45 56 68 69
 14 15 28 43 45 56
 14 15 28 43 44 56
 14 15 28 43 44 56 70
 14 15 28 43 44 56 68 69
 14 15 26 27 45 56 70
 14 15 26 27 45 56 68 69
 14 15 26 27 43 45 56
 14 15 26 27 43 44 56
 14 15 26 27 43 44 56 70
 14 15 26 27 43 44 56 68 69
 14 15 18 28 56 70
 14 15 18 28 56 68 69
 14 15 18 28 43 56
 14 15 18 26 27 56 70
 14 15 18 26 27 56 68 69
 14 15 18 26 27 43 56
 13 60
 13 58
 13 58 72
 13 58 70 71
 13 57 58
 13 57 58 74
 13 57 58 72
 13 57 58 72 73
 13 57 58 70 71
 13 57 58 65
 13 57 58 63 64
 13 56 57 58 72
 13 56 57 58 70
 13 56 57 58 70 71
 13 56 57 58 68 69
 13 54 55 57 58 70
 13 54 55 57 58 68 69
 13 47 58 72
 13 47 58 70 71
 13 47 57 58
 13 47 56 58
 13 47 56 58 70
 13 47 56 58 68 69
 13 47 54 55 58
 13 47 54 55 58 70
 13 47 54 55 58 68 69
 13 45 57 58
 13 45 56 58
 13 45 56 57 58
 13 45 54 55 58
 13 45 47 58
 13 45 46 58
 13 45 46 58 72
 13 45 46 58 70 71
 13 45 46 56 58
 13 45 46 56 58 70
 13 45 46 56 58 68 69
 13 45 46 54 55 58
 13 45 46 54 55 58 70
 13 45 46 54 55 58 68 69
 13 43 56 57 58
 13 43 54 55 57 58
 13 43 47 56 58
 13 43 47 54 55 58
 13 43 45 46 56 58
 13 43 45 46 54 55 58
 13 43 44 58
 13 43 44 56 58
 13 43 44 54 55 58
 13 38 57 58
 13 35 74
 13 35 72 73
 13 35 62
 13 35 60
 13 35 58 72
 13 35 58 70 71
 13 35 56 58 70
 13 35 56 58 68 69
 13 35 54 55 58 70
 13 35 54 55 58 68 69
 13 35 47
 13 35 45 58
 13 35 43 56 58
 13 35 43 54 55 58
 13 31 58 72
 13 31 58 70 71
 13 31 45 58
 13 29 57 58 70
 13 29 57 58 68 69
 13 29 47 58
 13 29 47 58 70
 13 29 47 58 68 69
 13 29 45 58
 13 29 45 46 58
 13 29 45 46 58 70
 13 29 45 46 58 68 69
 13 29 43 57 58
 13 29 43 47 58
 13 29 43 45 46 58
 13 29 43 44 58
 13 29 35 58 70
 13 29 35 58 68 69
 13 29 35 43 58
 13 28 56 58 72
 13 28 56 58 70 71
 13 28 56 57 58 72
 13 28 56 57 58 70 71
 13 28 47 58 62
 13 28 45 58
 13 28 45 58 72
 13 28 45 58 70
 13 28 45 58 70 71
 13 28 45 58 68 69
 13 28 45 56 70
 13 28 45 56 68 69
 13 28 45 56 58
 13 28 45 56 57 58
 13 28 45 46 58 62
 13 28 43 45 58
 13 28 43 45 56
 13 28 43 44 58
 13 28 43 44 58 72
 13 28 43 44 58 70
 13 28 43 44 58 70 71
 13 28 43 44 58 68 69
 13 28 43 44 56
 13 28 43 44 56 70
 13 28 43 44 56 68 69
 13 28 43 44 45 58
 13 28 41 45 58 70
 13 28 41 45 58 68 69
 13 28 41 43 45 58
 13 28 41 43 44 58
 13 28 41 43 44 58 70
 13 28 41 43 44 58 68 69
 13 28 39 40 45 58 70
 13 28 39 40 45 58 68 69
 13 28 39 40 43 45 58
 13 28 39 40 43 44 58
 13 28 39 40 43 44 58 70
 13 28 39 40 43 44 58 68 69
 13 28 31 56 72
 13 28 31 56 70 71
 13 28 31 56 57 72
 13 28 31 56 57 70 71
 13 28 31 45 56
 13 28 31 45 56 57
 13 26 27 56 58 72
 13 26 27 56 58 70 71
 13 26 27 56 57 58 72
 13 26 27 56 57 58 70 71
 13 26 27 47 58 62
 13 26 27 45 58
 13 26 27 45 58 72
 13 26 27 45 58 70
 13 26 27 45 58 70 71
 13 26 27 45 58 68 69
 13 26 27 45 56 70
 13 26 27 45 56 68 69
 13 26 27 45 56 58
 13 26 27 45 56 57 58
 13 26 27 45 46 58 62
 13 26 27 43 45 58
 13 26 27 43 45 56
 13 26 27 43 44 58
 13 26 27 43 44 58 72
 13 26 27 43 44 58 70
 13 26 27 43 44 58 70 71
 13 26 27 43 44 58 68 69
 13 26 27 43 44 56
 13 26 27 43 44 56 70
 13 26 27 43 44 56 68 69
 13 26 27 43 44 45 58
 13 26 27 41 45 58 70
 13 26 27 41 45 58 68 69
 13 26 27 41 43 45 58
 13 26 27 41 43 44 58
 13 26 27 41 43 44 58 70
 13 26 27 41 43 44 58 68 69
 13 26 27 39 40 45 58 70
 13 26 27 39 40 45 58 68 69
 13 26 27 39 40 43 45 58
 13 26 27 39 40 43 44 58
 13 26 27 39 40 43 44 58 70
 13 26 27 39 40 43 44 58 68 69
 13 26 27 31 56 72
 13 26 27 31 56 70 71
 13 26 27 31 56 57 72
 13 26 27 31 56 57 70 71
 13 26 27 31 45 56
 13 26 27 31 45 56 57
 13 20 58 72
 13 20 58 70 71
 13 20 56 58
 13 20 56 58 70
 13 20 56 58 68 69
 13 20 54 55 58
 13 20 54 55 58 70
 13 20 54 55 58 68 69
 13 20 45 58
 13 20 43 56 58
 13 20 43 54 55 58
 13 20 29 58
 13 20 29 58 70
 13 20 29 58 68 69
 13 20 29 43 58
 13 20 28 58 62
 13 20 26 27 58 62
 13 18 58
 13 18 56 58
 13 18 54 55 58
 13 18 29 58
 13 18 28 58 72
 13 18 28 58 70
 13 18 28 58 70 71
 13 18 28 58 68 69
 13 18 28 56 70
 13 18 28 56 68 69
 13 18 28 45 58
 13 18 28 43 58
 13 18 28 43 56
 13 18 28 41 58 70
 13 18 28 41 58 68 69
 13 18 28 41 43 58
 13 18 28 39 40 58 70
 13 18 28 39 40 58 68 69
 13 18 28 39 40 43 58
 13 18 26 27 58 72
 13 18 26 27 58 70
 13 18 26 27 58 70 71
 13 18 26 27 58 68 69
 13 18 26 27 56 70
 13 18 26 27 56 68 69
 13 18 26 27 45 58
 13 18 26 27 43 58
 13 18 26 27 43 56
 13 18 26 27 41 58 70
 13 18 26 27 41 58 68 69
 13 18 26 27 41 43 58
 13 18 26 27 39 40 58 70
 13 18 26 27 39 40 58 68 69
 13 18 26 27 39 40 43 58
 13 15 58
 13 15 58 74
 13 15 58 72
 13 15 58 72 73
 13 15 58 70 71
 13 15 58 65
 13 15 58 63 64
 13 15 56 58 70
 13 15 56 58 68 69
 13 15 54 55 58 70
 13 15 54 55 58 68 69
 13 15 47 58
 13 15 45 58
 13 15 43 56 58
 13 15 43 54 55 58
 13 15 38 58
 13 15 29 58 70
 13 15 29 58 68 69
 13 15 29 43 58
 13 15 28 56 58 72
 13 15 28 56 58 70 71
 13 15 28 56 57 72
 13 15 28 56 57 70 71
 13 15 28 45 56 58
 13 15 28 45 56 57
 13 15 28 31 56 72
 13 15 28 31 56 70 71
 13 15 28 31 45 56
 13 15 26 27 56 58 72
 13 15 26 27 56 58 70 71
 13 15 26 27 56 57 72
 13 15 26 27 56 57 70 71
 13 15 26 27 45 56 58
 13 15 26 27 45 56 57
 13 15 26 27 31 56 72
 13 15 26 27 31 56 70 71
 13 15 26 27 31 45 56
 13 14 58
 13 14 58 74
 13 14 58 72
 13 14 58 72 73
 13 14 58 70 71
 13 14 58 65
 13 14 58 63 64
 13 14 58 62
 13 14 56 58 70
 13 14 56 58 68 69
 13 14 56 57 58 62
 13 14 54 55 58 70
 13 14 54 55 58 68 69
 13 14 47 58
 13 14 45 58
 13 14 43 56 58
 13 14 43 54 55 58
 13 14 42 58 72
 13 14 42 58 70 71
 13 14 42 56 58 70
 13 14 42 56 58 68 69
 13 14 42 54 55 58 70
 13 14 42 54 55 58 68 69
 13 14 42 45 58
 13 14 42 43 56 58
 13 14 42 43 54 55 58
 13 14 40 58
 13 14 40 58 74
 13 14 40 58 72
 13 14 40 58 72 73
 13 14 40 58 70 71
 13 14 40 58 65
 13 14 40 58 63 64
 13 14 40 56 58 70
 13 14 40 56 58 68 69
 13 14 40 54 55 58 70
 13 14 40 54 55 58 68 69
 13 14 40 47 58
 13 14 40 45 58
 13 14 40 43 56 58
 13 14 40 43 54 55 58
 13 14 40 41 58 72
 13 14 40 41 58 70 71
 13 14 40 41 56 58 70
 13 14 40 41 56 58 68 69
 13 14 40 41 54 55 58 70
 13 14 40 41 54 55 58 68 69
 13 14 40 41 45 58
 13 14 40 41 43 56 58
 13 14 40 41 43 54 55 58
 13 14 38 58
 13 14 38 45 58 68
 13 14 38 43 44 58 68
 13 14 38 40 58
 13 14 38 39 58 74
 13 14 38 39 58 72
 13 14 38 39 58 72 73
 13 14 38 39 58 70 71
 13 14 38 39 58 65
 13 14 38 39 58 63 64
 13 14 38 39 56 58 70
 13 14 38 39 56 58 68 69
 13 14 38 39 54 55 58 70
 13 14 38 39 54 55 58 68 69
 13 14 38 39 47 58
 13 14 38 39 45 58
 13 14 38 39 43 56 58
 13 14 38 39 43 54 55 58
 13 14 36 37 45 58 68
 13 14 36 37 43 44 58 68
 13 14 35 62 70
 13 14 35 62 68 69
 13 14 35 56 70
 13 14 35 56 68 69
 13 14 35 43 62
 13 14 35 43 56
 13 14 31 58 62
 13 14 29 58 70
 13 14 29 58 68 69
 13 14 29 43 58
 13 14 29 42 58 70
 13 14 29 42 58 68 69
 13 14 29 42 43 58
 13 14 29 40 58 70
 13 14 29 40 58 68 69
 13 14 29 40 43 58
 13 14 29 40 41 58 70
 13 14 29 40 41 58 68 69
 13 14 29 40 41 43 58
 13 14 29 38 39 58 70
 13 14 29 38 39 58 68 69
 13 14 29 38 39 43 58
 13 14 28 56 58 72
 13 14 28 56 58 70 71
 13 14 28 56 57 72
 13 14 28 56 57 70 71
 13 14 28 45 58 70
 13 14 28 45 58 68 69
 13 14 28 45 56 58
 13 14 28 45 56 57
 13 14 28 43 45 58
 13 14 28 43 44 58
 13 14 28 43 44 58 70
 13 14 28 43 44 58 68 69
 13 14 28 40 56 58 72
 13 14 28 40 56 58 70 71
 13 14 28 40 56 57 72
 13 14 28 40 56 57 70 71
 13 14 28 40 45 56 58
 13 14 28 40 45 56 57
 13 14 28 38 39 56 58 72
 13 14 28 38 39 56 58 70 71
 13 14 28 38 39 56 57 72
 13 14 28 38 39 56 57 70 71
 13 14 28 38 39 45 56 58
 13 14 28 38 39 45 56 57
 13 14 28 31 56 72
 13 14 28 31 56 70 71
 13 14 28 31 45 56
 13 14 28 31 40 56 72
 13 14 28 31 40 56 70 71
 13 14 28 31 40 45 56
 13 14 28 31 38 39 56 72
 13 14 28 31 38 39 56 70 71
 13 14 28 31 38 39 45 56
 13 14 26 38 45 58
 13 14 26 38 43 44 58
 13 14 26 36 37 45 58
 13 14 26 36 37 43 44 58
 13 14 26 27 56 58 72
 13 14 26 27 56 58 70 71
 13 14 26 27 56 57 72
 13 14 26 27 56 57 70 71
 13 14 26 27 45 58 70
 13 14 26 27 45 58 68 69
 13 14 26 27 45 56 58
 13 14 26 27 45 56 57
 13 14 26 27 43 45 58
 13 14 26 27 43 44 58
 13 14 26 27 43 44 58 70
 13 14 26 27 43 44 58 68 69
 13 14 26 27 40 56 58 72
 13 14 26 27 40 56 58 70 71
 13 14 26 27 40 56 57 72
 13 14 26 27 40 56 57 70 71
 13 14 26 27 40 45 56 58
 13 14 26 27 40 45 56 57
 13 14 26 27 38 39 56 58 72
 13 14 26 27 38 39 56 58 70 71
 13 14 26 27 38 39 56 57 72
 13 14 26 27 38 39 56 57 70 71
 13 14 26 27 38 39 45 56 58
 13 14 26 27 38 39 45 56 57
 13 14 26 27 31 56 72
 13 14 26 27 31 56 70 71
 13 14 26 27 31 45 56
 13 14 26 27 31 40 56 72
 13 14 26 27 31 40 56 70 71
 13 14 26 27 31 40 45 56
 13 14 26 27 31 38 39 56 72
 13 14 26 27 31 38 39 56 70 71
 13 14 26 27 31 38 39 45 56
 13 14 24 25 38 45 58
 13 14 24 25 38 43 44 58
 13 14 24 25 36 37 45 58
 13 14 24 25 36 37 43 44 58
 13 14 18 38 58 68
 13 14 18 36 37 58 68
 13 14 18 28 58 70
 13 14 18 28 58 68 69
 13 14 18 28 43 58
 13 14 18 26 38 58
 13 14 18 26 36 37 58
 13 14 18 26 27 58 70
 13 14 18 26 27 58 68 69
 13 14 18 26 27 43 58
 13 14 18 24 25 38 58
 13 14 18 24 25 36 37 58
 13 14 15 58 72
 13 14 15 58 70 71
 13 14 15 56 58 70
 13 14 15 56 58 68 69
 13 14 15 54 55 58 70
 13 14 15 54 55 58 68 69
 13 14 15 45 58
 13 14 15 43 56 58
 13 14 15 43 54 55 58
 13 14 15 29 58 70
 13 14 15 29 58 68 69
 13 14 15 29 43 58
 12 28 45 56 70
 12 28 45 56 68 69
 12 28 43 45 56
 12 28 43 44 56
 12 28 43 44 56 70
 12 28 43 44 56 68 69
 12 26 27 45 56 70
 12 26 27 45 56 68 69
 12 26 27 43 45 56
 12 26 27 43 44 56
 12 26 27 43 44 56 70
 12 26 27 43 44 56 68 69
 12 18 28 56 70
 12 18 28 56 68 69
 12 18 28 43 56
 12 18 26 27 56 70
 12 18 26 27 56 68 69
 12 18 26 27 43 56
 11 58 68 72
 11 58 68 70 71
 11 45 58 68
 11 45 57 58 68
 11 43 44 57 58 68
 11 26 58 72
 11 26 58 70 71
 11 26 45 58
 11 26 45 57 58
 11 26 43 44 57 58
 11 24 25 58 72
 11 24 25 58 70 71
 11 24 25 45 58
 11 24 25 45 57 58
 11 24 25 43 44 57 58
 11 18 57 58 68
 11 18 26 57 58
 11 18 24 25 57 58
 11 15 45 58 68
 11 15 43 44 58 68
 11 15 26 45 58
 11 15 26 43 44 58
 11 15 24 25 45 58
 11 15 24 25 43 44 58
 11 15 18 58 68
 11 15 18 26 58
 11 15 18 24 25 58
 11 13 14 45 58 68
 11 13 14 43 44 58 68
 11 13 14 26 45 58
 11 13 14 26 43 44 58
 11 13 14 24 25 45 58
 11 13 14 24 25 43 44 58
 11 13 14 18 58 68
 11 13 14 18 26 58
 11 13 14 18 24 25 58
 1 60
 1 58 72
 1 58 70 71
 1 56 57 58 72
 1 56 57 58 70 71
 1 45 58
 1 45 58 70
 1 45 58 68 69
 1 45 58 60 70
 1 45 58 60 68 69
 1 45 56 70
 1 45 56 70 73
 1 45 56 70 72
 1 45 56 70 71
 1 45 56 70 71 72
 1 45 56 68 69
 1 45 56 68 69 73
 1 45 56 68 69 72
 1 45 56 68 69 71 72
 1 45 56 68 69 70 71
 1 45 56 61 70
 1 45 56 61 68 69
 1 45 56 60
 1 45 56 60 72
 1 45 56 60 70
 1 45 56 60 70 71
 1 45 56 60 68 69
 1 45 56 58
 1 45 56 58 72
 1 45 56 58 70
 1 45 56 58 70 71
 1 45 56 58 68 69
 1 45 56 58 60 70
 1 45 56 58 60 68 69
 1 45 56 57 60
 1 45 55 56 70
 1 45 55 56 68 69
 1 45 55 56 60
 1 45 55 56 58
 1 45 46 56 70
 1 45 46 56 68 69
 1 43 45 58
 1 43 45 58 60
 1 43 45 56 73
 1 43 45 56 72
 1 43 45 56 71 72
 1 43 45 56 70
 1 43 45 56 70 71
 1 43 45 56 68 69
 1 43 45 56 61
 1 43 45 56 60
 1 43 45 56 58
 1 43 45 56 58 60
 1 43 45 55 56
 1 43 45 46 56
 1 43 44 58
 1 43 44 58 70
 1 43 44 58 68 69
 1 43 44 58 60
 1 43 44 58 60 70
 1 43 44 58 60 68 69
 1 43 44 56
 1 43 44 56 73
 1 43 44 56 72
 1 43 44 56 71 72
 1 43 44 56 70
 1 43 44 56 70 73
 1 43 44 56 70 72
 1 43 44 56 70 71 72
 1 43 44 56 68 69
 1 43 44 56 68 69 73
 1 43 44 56 68 69 72
 1 43 44 56 68 69 71 72
 1 43 44 56 68 69 70 71
 1 43 44 56 61
 1 43 44 56 61 70
 1 43 44 56 61 68 69
 1 43 44 56 60
 1 43 44 56 60 72
 1 43 44 56 60 70
 1 43 44 56 60 70 71
 1 43 44 56 60 68 69
 1 43 44 56 58
 1 43 44 56 58 72
 1 43 44 56 58 70
 1 43 44 56 58 70 71
 1 43 44 56 58 68 69
 1 43 44 56 58 60
 1 43 44 56 58 60 70
 1 43 44 56 58 60 68 69
 1 43 44 56 57 60
 1 43 44 56 57 58
 1 43 44 55 56
 1 43 44 55 56 70
 1 43 44 55 56 68 69
 1 43 44 55 56 60
 1 43 44 55 56 58
 1 43 44 46 56
 1 43 44 46 56 70
 1 43 44 46 56 68 69
 1 43 44 45 56
 1 43 44 45 56 70
 1 43 44 45 56 68 69
 1 43 44 45 56 60
 1 43 44 45 56 58
 1 42 45 58 70
 1 42 45 58 68 69
 1 42 45 56
 1 42 45 56 72
 1 42 45 56 70
 1 42 45 56 70 71
 1 42 45 56 68 69
 1 42 43 45 58
 1 42 43 45 56
 1 42 43 44 58
 1 42 43 44 58 70
 1 42 43 44 58 68 69
 1 42 43 44 56
 1 42 43 44 56 72
 1 42 43 44 56 70
 1 42 43 44 56 70 71
 1 42 43 44 56 68 69
 1 42 43 44 45 56
 1 41 45 58 70
 1 41 45 58 68 69
 1 41 43 45 58
 1 41 43 44 58
 1 41 43 44 58 70
 1 41 43 44 58 68 69
 1 40 56 58 72
 1 40 56 58 70 71
 1 40 56 57 58 72
 1 40 56 57 58 70 71
 1 40 47 58 62
 1 40 45 58
 1 40 45 58 72
 1 40 45 58 70
 1 40 45 58 70 71
 1 40 45 58 68 69
 1 40 45 56 70
 1 40 45 56 68 69
 1 40 45 56 58
 1 40 45 56 57 58
 1 40 45 46 58 62
 1 40 43 45 58
 1 40 43 45 56
 1 40 43 44 58
 1 40 43 44 58 72
 1 40 43 44 58 70
 1 40 43 44 58 70 71
 1 40 43 44 58 68 69
 1 40 43 44 56
 1 40 43 44 56 70
 1 40 43 44 56 68 69
 1 40 43 44 45 58
 1 40 41 45 56
 1 40 41 45 56 72
 1 40 41 45 56 70 71
 1 40 41 43 44 56 72
 1 40 41 43 44 56 70 71
 1 40 41 43 44 45 56
 1 39 45 56 70
 1 39 45 56 68 69
 1 39 43 45 56
 1 39 43 44 56
 1 39 43 44 56 70
 1 39 43 44 56 68 69
 1 39 40 42 45 56 70
 1 39 40 42 45 56 68 69
 1 39 40 42 43 45 56
 1 39 40 42 43 44 56
 1 39 40 42 43 44 56 70
 1 39 40 42 43 44 56 68 69
 1 39 40 41 45 56 70
 1 39 40 41 45 56 68 69
 1 39 40 41 43 45 56
 1 39 40 41 43 44 56
 1 39 40 41 43 44 56 70
 1 39 40 41 43 44 56 68 69
 1 38 39 56 58 72
 1 38 39 56 58 70 71
 1 38 39 56 57 58 72
 1 38 39 56 57 58 70 71
 1 38 39 47 58 62
 1 38 39 45 58
 1 38 39 45 58 72
 1 38 39 45 58 70
 1 38 39 45 58 70 71
 1 38 39 45 58 68 69
 1 38 39 45 56 70
 1 38 39 45 56 68 69
 1 38 39 45 56 58
 1 38 39 45 56 57 58
 1 38 39 45 46 58 62
 1 38 39 43 45 58
 1 38 39 43 45 56
 1 38 39 43 44 58
 1 38 39 43 44 58 72
 1 38 39 43 44 58 70
 1 38 39 43 44 58 70 71
 1 38 39 43 44 58 68 69
 1 38 39 43 44 56
 1 38 39 43 44 56 70
 1 38 39 43 44 56 68 69
 1 38 39 43 44 45 58
 1 38 39 41 45 58 70
 1 38 39 41 45 58 68 69
 1 38 39 41 43 45 58
 1 38 39 41 43 44 58
 1 38 39 41 43 44 58 70
 1 38 39 41 43 44 58 68 69
 1 38 39 40 45 58 70
 1 38 39 40 45 58 68 69
 1 38 39 40 43 45 58
 1 38 39 40 43 44 58
 1 38 39 40 43 44 58 70
 1 38 39 40 43 44 58 68 69
 1 37 38 45 56 70
 1 37 38 45 56 68 69
 1 37 38 43 45 56
 1 37 38 43 44 56
 1 37 38 43 44 56 70
 1 37 38 43 44 56 68 69
 1 31 58 72
 1 31 58 70 71
 1 31 45 58
 1 31 40 56 72
 1 31 40 56 70 71
 1 31 40 56 57 72
 1 31 40 56 57 70 71
 1 31 40 45 56
 1 31 40 45 56 57
 1 31 38 39 56 72
 1 31 38 39 56 70 71
 1 31 38 39 56 57 72
 1 31 38 39 56 57 70 71
 1 31 38 39 45 56
 1 31 38 39 45 56 57
 1 30 45 56 60
 1 30 45 56 58
 1 30 43 44 56 60
 1 30 43 44 56 58
 1 27 45 58 70
 1 27 45 58 68 69
 1 27 43 45 58
 1 27 43 44 58
 1 27 43 44 58 70
 1 27 43 44 58 68 69
 1 25 26 45 58 70
 1 25 26 45 58 68 69
 1 25 26 43 45 58
 1 25 26 43 44 58
 1 25 26 43 44 58 70
 1 25 26 43 44 58 68 69
 1 22 45 58 70
 1 22 45 58 68 69
 1 22 45 58 60 70
 1 22 45 58 60 68 69
 1 22 43 45 58
 1 22 43 45 58 60
 1 22 43 44 58
 1 22 43 44 58 70
 1 22 43 44 58 68 69
 1 22 43 44 58 60
 1 22 43 44 58 60 70
 1 22 43 44 58 60 68 69
 1 20 40 58 62
 1 20 38 39 58 62
 1 18 58 70
 1 18 58 68 69
 1 18 58 60 70
 1 18 58 60 68 69
 1 18 56 70 73
 1 18 56 70 72
 1 18 56 70 71
 1 18 56 70 71 72
 1 18 56 68 69 73
 1 18 56 68 69 72
 1 18 56 68 69 71 72
 1 18 56 68 69 70 71
 1 18 56 61 70
 1 18 56 61 68 69
 1 18 56 60 72
 1 18 56 60 70
 1 18 56 60 70 71
 1 18 56 60 68 69
 1 18 56 58 72
 1 18 56 58 70
 1 18 56 58 70 71
 1 18 56 58 68 69
 1 18 56 58 60 70
 1 18 56 58 60 68 69
 1 18 56 57 60
 1 18 56 57 58
 1 18 55 56 70
 1 18 55 56 68 69
 1 18 55 56 60
 1 18 55 56 58
 1 18 46 56 70
 1 18 46 56 68 69
 1 18 45 56 70
 1 18 45 56 68 69
 1 18 45 56 60
 1 18 45 56 58
 1 18 43 58
 1 18 43 58 60
 1 18 43 56
 1 18 43 56 73
 1 18 43 56 72
 1 18 43 56 71 72
 1 18 43 56 70
 1 18 43 56 70 71
 1 18 43 56 68 69
 1 18 43 56 61
 1 18 43 56 60
 1 18 43 56 58
 1 18 43 56 58 60
 1 18 43 55 56
 1 18 43 46 56
 1 18 43 45 56
 1 18 42 58 70
 1 18 42 58 68 69
 1 18 42 56 72
 1 18 42 56 70
 1 18 42 56 70 71
 1 18 42 56 68 69
 1 18 42 45 56
 1 18 42 43 58
 1 18 42 43 56
 1 18 41 58 70
 1 18 41 58 68 69
 1 18 41 43 58
 1 18 40 58 72
 1 18 40 58 70
 1 18 40 58 70 71
 1 18 40 58 68 69
 1 18 40 56 70
 1 18 40 56 68 69
 1 18 40 45 58
 1 18 40 43 58
 1 18 40 43 56
 1 18 40 41 56 72
 1 18 40 41 56 70 71
 1 18 40 41 45 56
 1 18 39 56 70
 1 18 39 56 68 69
 1 18 39 43 56
 1 18 39 40 42 56 70
 1 18 39 40 42 56 68 69
 1 18 39 40 42 43 56
 1 18 39 40 41 56 70
 1 18 39 40 41 56 68 69
 1 18 39 40 41 43 56
 1 18 38 39 58 72
 1 18 38 39 58 70
 1 18 38 39 58 70 71
 1 18 38 39 58 68 69
 1 18 38 39 56 70
 1 18 38 39 56 68 69
 1 18 38 39 45 58
 1 18 38 39 43 58
 1 18 38 39 43 56
 1 18 38 39 41 58 70
 1 18 38 39 41 58 68 69
 1 18 38 39 41 43 58
 1 18 38 39 40 58 70
 1 18 38 39 40 58 68 69
 1 18 38 39 40 43 58
 1 18 37 38 56 70
 1 18 37 38 56 68 69
 1 18 37 38 43 56
 1 18 30 56 60
 1 18 30 56 58
 1 18 27 58 70
 1 18 27 58 68 69
 1 18 27 43 58
 1 18 25 26 58 70
 1 18 25 26 58 68 69
 1 18 25 26 43 58
 1 18 22 58 70
 1 18 22 58 68 69
 1 18 22 58 60 70
 1 18 22 58 60 68 69
 1 18 22 43 58
 1 18 22 43 58 60
 1 15 45 56
 1 15 45 56 72
 1 15 45 56 70
 1 15 45 56 70 71
 1 15 45 56 68 69
 1 15 43 45 56
 1 15 43 44 56
 1 15 43 44 56 72
 1 15 43 44 56 70
 1 15 43 44 56 70 71
 1 15 43 44 56 68 69
 1 15 43 44 45 56
 1 15 41 45 56 70
 1 15 41 45 56 68 69
 1 15 41 43 45 56
 1 15 41 43 44 56
 1 15 41 43 44 56 70
 1 15 41 43 44 56 68 69
 1 15 40 56 58 72
 1 15 40 56 58 70 71
 1 15 40 56 57 72
 1 15 40 56 57 70 71
 1 15 40 45 56 58
 1 15 40 45 56 57
 1 15 39 40 45 56 70
 1 15 39 40 45 56 68 69
 1 15 39 40 43 45 56
 1 15 39 40 43 44 56
 1 15 39 40 43 44 56 70
 1 15 39 40 43 44 56 68 69
 1 15 38 39 56 58 72
 1 15 38 39 56 58 70 71
 1 15 38 39 56 57 72
 1 15 38 39 56 57 70 71
 1 15 38 39 45 56 58
 1 15 38 39 45 56 57
 1 15 31 40 56 72
 1 15 31 40 56 70 71
 1 15 31 40 45 56
 1 15 31 38 39 56 72
 1 15 31 38 39 56 70 71
 1 15 31 38 39 45 56
 1 15 18 56 72
 1 15 18 56 70
 1 15 18 56 70 71
 1 15 18 56 68 69
 1 15 18 45 56
 1 15 18 43 56
 1 15 18 41 56 70
 1 15 18 41 56 68 69
 1 15 18 41 43 56
 1 15 18 39 40 56 70
 1 15 18 39 40 56 68 69
 1 15 18 39 40 43 56
 1 14 45 58 70
 1 14 45 58 68 69
 1 14 43 45 58
 1 14 43 44 58
 1 14 43 44 58 70
 1 14 43 44 58 68 69
 1 14 42 45 56 70
 1 14 42 45 56 68 69
 1 14 42 43 45 56
 1 14 42 43 44 56
 1 14 42 43 44 56 70
 1 14 42 43 44 56 68 69
 1 14 40 45 58 70
 1 14 40 45 58 68 69
 1 14 40 43 45 58
 1 14 40 43 44 58
 1 14 40 43 44 58 70
 1 14 40 43 44 58 68 69
 1 14 40 41 45 56 70
 1 14 40 41 45 56 68 69
 1 14 40 41 43 45 56
 1 14 40 41 43 44 56
 1 14 40 41 43 44 56 70
 1 14 40 41 43 44 56 68 69
 1 14 38 39 45 58 70
 1 14 38 39 45 58 68 69
 1 14 38 39 43 45 58
 1 14 38 39 43 44 58
 1 14 38 39 43 44 58 70
 1 14 38 39 43 44 58 68 69
 1 14 18 58 70
 1 14 18 58 68 69
 1 14 18 43 58
 1 14 18 42 56 70
 1 14 18 42 56 68 69
 1 14 18 42 43 56
 1 14 18 40 58 70
 1 14 18 40 58 68 69
 1 14 18 40 43 58
 1 14 18 40 41 56 70
 1 14 18 40 41 56 68 69
 1 14 18 40 41 43 56
 1 14 18 38 39 58 70
 1 14 18 38 39 58 68 69
 1 14 18 38 39 43 58
 1 14 15 45 56 70
 1 14 15 45 56 68 69
 1 14 15 43 45 56
 1 14 15 43 44 56
 1 14 15 43 44 56 70
 1 14 15 43 44 56 68 69
 1 14 15 18 56 70
 1 14 15 18 56 68 69
 1 14 15 18 43 56
 1 13 56 58 72
 1 13 56 58 70 71
 1 13 56 57 58 72
 1 13 56 57 58 70 71
 1 13 47 58 62
 1 13 45 58
 1 13 45 58 72
 1 13 45 58 70
 1 13 45 58 70 71
 1 13 45 58 68 69
 1 13 45 56 70
 1 13 45 56 68 69
 1 13 45 56 58
 1 13 45 56 57 58
 1 13 45 46 58 62
 1 13 43 45 58
 1 13 43 45 56
 1 13 43 44 58
 1 13 43 44 58 72
 1 13 43 44 58 70
 1 13 43 44 58 70 71
 1 13 43 44 58 68 69
 1 13 43 44 56
 1 13 43 44 56 70
 1 13 43 44 56 68 69
 1 13 43 44 45 58
 1 13 41 45 58 70
 1 13 41 45 58 68 69
 1 13 41 43 45 58
 1 13 41 43 44 58
 1 13 41 43 44 58 70
 1 13 41 43 44 58 68 69
 1 13 39 40 45 58 70
 1 13 39 40 45 58 68 69
 1 13 39 40 43 45 58
 1 13 39 40 43 44 58
 1 13 39 40 43 44 58 70
 1 13 39 40 43 44 58 68 69
 1 13 31 56 72
 1 13 31 56 70 71
 1 13 31 56 57 72
 1 13 31 56 57 70 71
 1 13 31 45 56
 1 13 31 45 56 57
 1 13 20 58 62
 1 13 18 58 72
 1 13 18 58 70
 1 13 18 58 70 71
 1 13 18 58 68 69
 1 13 18 56 70
 1 13 18 56 68 69
 1 13 18 45 58
 1 13 18 43 58
 1 13 18 43 56
 1 13 18 41 58 70
 1 13 18 41 58 68 69
 1 13 18 41 43 58
 1 13 18 39 40 58 70
 1 13 18 39 40 58 68 69
 1 13 18 39 40 43 58
 1 13 15 56 58 72
 1 13 15 56 58 70 71
 1 13 15 56 57 72
 1 13 15 56 57 70 71
 1 13 15 45 56 58
 1 13 15 45 56 57
 1 13 15 31 56 72
 1 13 15 31 56 70 71
 1 13 15 31 45 56
 1 13 14 56 58 72
 1 13 14 56 58 70 71
 1 13 14 56 57 72
 1 13 14 56 57 70 71
 1 13 14 45 58 70
 1 13 14 45 58 68 69
 1 13 14 45 56 58
 1 13 14 45 56 57
 1 13 14 43 45 58
 1 13 14 43 44 58
 1 13 14 43 44 58 70
 1 13 14 43 44 58 68 69
 1 13 14 40 56 58 72
 1 13 14 40 56 58 70 71
 1 13 14 40 56 57 72
 1 13 14 40 56 57 70 71
 1 13 14 40 45 56 58
 1 13 14 40 45 56 57
 1 13 14 38 39 56 58 72
 1 13 14 38 39 56 58 70 71
 1 13 14 38 39 56 57 72
 1 13 14 38 39 56 57 70 71
 1 13 14 38 39 45 56 58
 1 13 14 38 39 45 56 57
 1 13 14 31 56 72
 1 13 14 31 56 70 71
 1 13 14 31 45 56
 1 13 14 31 40 56 72
 1 13 14 31 40 56 70 71
 1 13 14 31 40 45 56
 1 13 14 31 38 39 56 72
 1 13 14 31 38 39 56 70 71
 1 13 14 31 38 39 45 56
 1 13 14 18 58 70
 1 13 14 18 58 68 69
 1 13 14 18 43 58
 1 12 45 56 70
 1 12 45 56 68 69
 1 12 43 45 56
 1 12 43 44 56
 1 12 43 44 56 70
 1 12 43 44 56 68 69
 1 12 18 56 70
 1 12 18 56 68 69
 1 12 18 43 56
 0 28 45 58 70
 0 28 45 58 68 69
 0 28 43 45 58
 0 28 43 44 58
 0 28 43 44 58 70
 0 28 43 44 58 68 69
 0 26 27 45 58 70
 0 26 27 45 58 68 69
 0 26 27 43 45 58
 0 26 27 43 44 58
 0 26 27 43 44 58 70
 0 26 27 43 44 58 68 69
 0 18 28 58 70
 0 18 28 58 68 69
 0 18 28 43 58
 0 18 26 27 58 70
 0 18 26 27 58 68 69
 0 18 26 27 43 58
 0 1 45 58 70
 0 1 45 58 68 69
 0 1 43 45 58
 0 1 43 44 58
 0 1 43 44 58 70
 0 1 43 44 58 68 69
 0 1 18 58 70
 0 1 18 58 68 69
 0 1 18 43 58
