 58 70
 58 68 69
 57 60 68
 56 68 70
 56 68 69
 56 66 68 72
 56 66 68 70 71
 56 64 65 68 72
 56 64 65 68 70 71
 56 57 58 68 70
 56 57 58 68 69
 51 58 72
 51 58 70 71
 51 56
 51 56 57 72
 51 56 57 70 71
 49 50 58 72
 49 50 58 70 71
 49 50 56
 49 50 56 57 72
 49 50 56 57 70 71
 47 56 58
 45 56 66 68
 45 56 64 65 68
 45 51 58
 45 51 56 57
 45 49 50 58
 45 49 50 56 57
 45 46 56 58
 43 58
 43 57 58 68
 43 56
 43 56 72
 43 56 70 71
 43 56 68
 43 56 58 72
 43 56 58 70 71
 43 56 58 62 72
 43 56 58 62 70 71
 43 56 57 72
 43 56 57 70 71
 43 56 57 62 72
 43 56 57 62 70 71
 43 56 57 58 68
 43 53 56 58 62 72
 43 53 56 58 62 70 71
 43 53 56 57 62 72
 43 53 56 57 62 70 71
 43 51 52 56 58 62 72
 43 51 52 56 58 62 70 71
 43 51 52 56 57 62 72
 43 51 52 56 57 62 70 71
 43 45 56
 43 45 56 58
 43 45 56 58 62
 43 45 56 57
 43 45 56 57 62
 43 45 53 56 58 62
 43 45 53 56 57 62
 43 45 51 52 56 58 62
 43 45 51 52 56 57 62
 41 42 57 58 68
 41 42 56
 41 42 56 72
 41 42 56 70 71
 41 42 56 58 72
 41 42 56 58 70 71
 41 42 56 58 62 72
 41 42 56 58 62 70 71
 41 42 56 57 72
 41 42 56 57 70 71
 41 42 56 57 62 72
 41 42 56 57 62 70 71
 41 42 53 56 58 62 72
 41 42 53 56 58 62 70 71
 41 42 53 56 57 62 72
 41 42 53 56 57 62 70 71
 41 42 51 52 56 58 62 72
 41 42 51 52 56 58 62 70 71
 41 42 51 52 56 57 62 72
 41 42 51 52 56 57 62 70 71
 41 42 45 56
 41 42 45 56 58
 41 42 45 56 58 62
 41 42 45 56 57
 41 42 45 56 57 62
 41 42 45 53 56 58 62
 41 42 45 53 56 57 62
 41 42 45 51 52 56 58 62
 41 42 45 51 52 56 57 62
 39 56 68 72
 39 56 68 70 71
 39 45 56 68
 38 58 60 68 70
 38 58 60 68 69
 38 45 58
 38 43 58 68
 38 43 58 68 70
 38 43 58 68 69
 38 43 58 60 68
 38 43 44 58
 38 41 42 58 68 70
 38 41 42 58 68 69
 38 41 42 43 58 68
 36 37 58 60 68 70
 36 37 58 60 68 69
 36 37 45 58
 36 37 43 58 68
 36 37 43 58 68 70
 36 37 43 58 68 69
 36 37 43 58 60 68
 36 37 43 44 58
 36 37 41 42 58 68 70
 36 37 41 42 58 68 69
 36 37 41 42 43 58 68
 31 58 68 70
 31 58 68 69
 31 51 72
 31 51 70 71
 31 49 50 72
 31 49 50 70 71
 31 45 51
 31 45 49 50
 31 43 58 68
 31 43 56 72
 31 43 56 70 71
 31 43 56 62 72
 31 43 56 62 70 71
 31 43 53 56 62 72
 31 43 53 56 62 70 71
 31 43 51 52 56 62 72
 31 43 51 52 56 62 70 71
 31 43 45 56
 31 43 45 56 62
 31 43 45 53 56 62
 31 43 45 51 52 56 62
 31 41 42 56 72
 31 41 42 56 70 71
 31 41 42 56 62 72
 31 41 42 56 62 70 71
 31 41 42 53 56 62 72
 31 41 42 53 56 62 70 71
 31 41 42 51 52 56 62 72
 31 41 42 51 52 56 62 70 71
 31 41 42 45 56
 31 41 42 45 56 62
 31 41 42 45 53 56 62
 31 41 42 45 51 52 56 62
 28 58
 28 57 60
 28 57 58 60
 28 56
 28 51
 28 51 58 72
 28 51 58 70 71
 28 51 56 57 72
 28 51 56 57 70 71
 28 49 50
 28 49 50 58 72
 28 49 50 58 70 71
 28 49 50 56 57 72
 28 49 50 56 57 70 71
 28 45 56
 28 45 51 58
 28 45 51 56 57
 28 45 49 50 58
 28 45 49 50 56 57
 28 43 44 56
 28 40 45 56
 28 40 43 44 56
 28 38 58 60
 28 38 58 60 72
 28 38 58 60 70 71
 28 38 56 57 58 60 72
 28 38 56 57 58 60 70 71
 28 38 45 58 60
 28 38 45 56 57 58 60
 28 38 43 58 72
 28 38 43 58 70 71
 28 38 43 58 62
 28 38 43 56 57 58 72
 28 38 43 56 57 58 70 71
 28 38 43 45 58
 28 38 43 45 56 57 58
 28 38 41 42 58 72
 28 38 41 42 58 70 71
 28 38 41 42 58 62
 28 38 41 42 56 57 58 72
 28 38 41 42 56 57 58 70 71
 28 38 41 42 45 58
 28 38 41 42 45 56 57 58
 28 38 39 45 56
 28 38 39 43 44 56
 28 36 37 58 60
 28 36 37 58 60 72
 28 36 37 58 60 70 71
 28 36 37 56 57 58 60 72
 28 36 37 56 57 58 60 70 71
 28 36 37 45 58 60
 28 36 37 45 56 57 58 60
 28 36 37 43 58 72
 28 36 37 43 58 70 71
 28 36 37 43 58 62
 28 36 37 43 56 57 58 72
 28 36 37 43 56 57 58 70 71
 28 36 37 43 45 58
 28 36 37 43 45 56 57 58
 28 36 37 41 42 58 72
 28 36 37 41 42 58 70 71
 28 36 37 41 42 58 62
 28 36 37 41 42 56 57 58 72
 28 36 37 41 42 56 57 58 70 71
 28 36 37 41 42 45 58
 28 36 37 41 42 45 56 57 58
 28 31 51 72
 28 31 51 70 71
 28 31 49 50 72
 28 31 49 50 70 71
 28 31 45 51
 28 31 45 49 50
 28 31 38 58 60 72
 28 31 38 58 60 70 71
 28 31 38 45 58 60
 28 31 38 43 58 72
 28 31 38 43 58 70 71
 28 31 38 43 45 58
 28 31 38 41 42 58 72
 28 31 38 41 42 58 70 71
 28 31 38 41 42 45 58
 28 31 36 37 58 60 72
 28 31 36 37 58 60 70 71
 28 31 36 37 45 58 60
 28 31 36 37 43 58 72
 28 31 36 37 43 58 70 71
 28 31 36 37 43 45 58
 28 31 36 37 41 42 58 72
 28 31 36 37 41 42 58 70 71
 28 31 36 37 41 42 45 58
 26 57 60
 26 56 70
 26 56 68 69
 26 56 66 72
 26 56 66 70 71
 26 56 64 65 72
 26 56 64 65 70 71
 26 56 57 58 70
 26 56 57 58 68 69
 26 45 56 66
 26 45 56 64 65
 26 43 57 58
 26 43 56
 26 43 56 58 62 72
 26 43 56 58 62 70 71
 26 43 56 57 62 72
 26 43 56 57 62 70 71
 26 43 56 57 58
 26 43 45 56 58 62
 26 43 45 56 57 62
 26 41 42 57 58
 26 41 42 56 58 62 72
 26 41 42 56 58 62 70 71
 26 41 42 56 57 62 72
 26 41 42 56 57 62 70 71
 26 41 42 45 56 58 62
 26 41 42 45 56 57 62
 26 39 56 72
 26 39 56 70 71
 26 39 45 56
 26 38 58 60 70
 26 38 58 60 68 69
 26 38 43 58
 26 38 43 58 70
 26 38 43 58 68 69
 26 38 43 58 60
 26 38 41 42 58 70
 26 38 41 42 58 68 69
 26 38 41 42 43 58
 26 36 37 58 60 70
 26 36 37 58 60 68 69
 26 36 37 43 58
 26 36 37 43 58 70
 26 36 37 43 58 68 69
 26 36 37 43 58 60
 26 36 37 41 42 58 70
 26 36 37 41 42 58 68 69
 26 36 37 41 42 43 58
 26 31 58 70
 26 31 58 68 69
 26 31 43 58
 26 31 43 56 62 72
 26 31 43 56 62 70 71
 26 31 43 45 56 62
 26 31 41 42 56 62 72
 26 31 41 42 56 62 70 71
 26 31 41 42 45 56 62
 26 27 58
 26 27 57 60
 26 27 57 58 60
 26 27 56
 26 27 51
 26 27 51 58 72
 26 27 51 58 70 71
 26 27 51 56 57 72
 26 27 51 56 57 70 71
 26 27 49 50
 26 27 49 50 58 72
 26 27 49 50 58 70 71
 26 27 49 50 56 57 72
 26 27 49 50 56 57 70 71
 26 27 45 56
 26 27 45 51 58
 26 27 45 51 56 57
 26 27 45 49 50 58
 26 27 45 49 50 56 57
 26 27 43 44 56
 26 27 40 45 56
 26 27 40 43 44 56
 26 27 38 58 60
 26 27 38 58 60 72
 26 27 38 58 60 70 71
 26 27 38 56 57 58 60 72
 26 27 38 56 57 58 60 70 71
 26 27 38 45 58 60
 26 27 38 45 56 57 58 60
 26 27 38 43 58 72
 26 27 38 43 58 70 71
 26 27 38 43 58 62
 26 27 38 43 56 57 58 72
 26 27 38 43 56 57 58 70 71
 26 27 38 43 45 58
 26 27 38 43 45 56 57 58
 26 27 38 41 42 58 72
 26 27 38 41 42 58 70 71
 26 27 38 41 42 58 62
 26 27 38 41 42 56 57 58 72
 26 27 38 41 42 56 57 58 70 71
 26 27 38 41 42 45 58
 26 27 38 41 42 45 56 57 58
 26 27 38 39 45 56
 26 27 38 39 43 44 56
 26 27 36 37 58 60
 26 27 36 37 58 60 72
 26 27 36 37 58 60 70 71
 26 27 36 37 56 57 58 60 72
 26 27 36 37 56 57 58 60 70 71
 26 27 36 37 45 58 60
 26 27 36 37 45 56 57 58 60
 26 27 36 37 43 58 72
 26 27 36 37 43 58 70 71
 26 27 36 37 43 58 62
 26 27 36 37 43 56 57 58 72
 26 27 36 37 43 56 57 58 70 71
 26 27 36 37 43 45 58
 26 27 36 37 43 45 56 57 58
 26 27 36 37 41 42 58 72
 26 27 36 37 41 42 58 70 71
 26 27 36 37 41 42 58 62
 26 27 36 37 41 42 56 57 58 72
 26 27 36 37 41 42 56 57 58 70 71
 26 27 36 37 41 42 45 58
 26 27 36 37 41 42 45 56 57 58
 26 27 31 51 72
 26 27 31 51 70 71
 26 27 31 49 50 72
 26 27 31 49 50 70 71
 26 27 31 45 51
 26 27 31 45 49 50
 26 27 31 38 58 60 72
 26 27 31 38 58 60 70 71
 26 27 31 38 45 58 60
 26 27 31 38 43 58 72
 26 27 31 38 43 58 70 71
 26 27 31 38 43 45 58
 26 27 31 38 41 42 58 72
 26 27 31 38 41 42 58 70 71
 26 27 31 38 41 42 45 58
 26 27 31 36 37 58 60 72
 26 27 31 36 37 58 60 70 71
 26 27 31 36 37 45 58 60
 26 27 31 36 37 43 58 72
 26 27 31 36 37 43 58 70 71
 26 27 31 36 37 43 45 58
 26 27 31 36 37 41 42 58 72
 26 27 31 36 37 41 42 58 70 71
 26 27 31 36 37 41 42 45 58
 24 58 72
 24 58 70 71
 24 56
 24 56 57 72
 24 56 57 70 71
 24 45 58
 24 45 56 57
 24 31 72
 24 31 70 71
 24 31 45
 24 28
 24 28 58 72
 24 28 58 70 71
 24 28 56 57 72
 24 28 56 57 70 71
 24 28 45 58
 24 28 45 56 57
 24 28 31 72
 24 28 31 70 71
 24 28 31 45
 24 26 27
 24 26 27 58 72
 24 26 27 58 70 71
 24 26 27 56 57 72
 24 26 27 56 57 70 71
 24 26 27 45 58
 24 26 27 45 56 57
 24 26 27 31 72
 24 26 27 31 70 71
 24 26 27 31 45
 24 25 57 60
 24 25 56 70
 24 25 56 68 69
 24 25 56 66 72
 24 25 56 66 70 71
 24 25 56 64 65 72
 24 25 56 64 65 70 71
 24 25 56 57 58 70
 24 25 56 57 58 68 69
 24 25 45 56 66
 24 25 45 56 64 65
 24 25 43 57 58
 24 25 43 56
 24 25 43 56 57 58
 24 25 41 42 57 58
 24 25 39 56 72
 24 25 39 56 70 71
 24 25 39 45 56
 24 25 38 58 60 70
 24 25 38 58 60 68 69
 24 25 38 43 58
 24 25 38 43 58 70
 24 25 38 43 58 68 69
 24 25 38 43 58 60
 24 25 38 41 42 58 70
 24 25 38 41 42 58 68 69
 24 25 38 41 42 43 58
 24 25 36 37 58 60 70
 24 25 36 37 58 60 68 69
 24 25 36 37 43 58
 24 25 36 37 43 58 70
 24 25 36 37 43 58 68 69
 24 25 36 37 43 58 60
 24 25 36 37 41 42 58 70
 24 25 36 37 41 42 58 68 69
 24 25 36 37 41 42 43 58
 24 25 31 58 70
 24 25 31 58 68 69
 24 25 31 43 58
 20 56 58
 18 38 58
 18 36 37 58
 18 28 56
 18 28 40 56
 18 28 38 39 56
 18 26 27 56
 18 26 27 40 56
 18 26 27 38 39 56
 16 57 58 68
 16 56
 16 56 72
 16 56 70 71
 16 56 58 72
 16 56 58 70 71
 16 56 58 62 72
 16 56 58 62 70 71
 16 56 57 72
 16 56 57 70 71
 16 56 57 62 72
 16 56 57 62 70 71
 16 53 56 58 62 72
 16 53 56 58 62 70 71
 16 53 56 57 62 72
 16 53 56 57 62 70 71
 16 51 52 56 58 62 72
 16 51 52 56 58 62 70 71
 16 51 52 56 57 62 72
 16 51 52 56 57 62 70 71
 16 45 56
 16 45 56 58
 16 45 56 58 62
 16 45 56 57
 16 45 56 57 62
 16 45 53 56 58 62
 16 45 53 56 57 62
 16 45 51 52 56 58 62
 16 45 51 52 56 57 62
 16 38 58 68 70
 16 38 58 68 69
 16 38 43 58 68
 16 36 37 58 68 70
 16 36 37 58 68 69
 16 36 37 43 58 68
 16 31 56 72
 16 31 56 70 71
 16 31 56 62 72
 16 31 56 62 70 71
 16 31 53 56 62 72
 16 31 53 56 62 70 71
 16 31 51 52 56 62 72
 16 31 51 52 56 62 70 71
 16 31 45 56
 16 31 45 56 62
 16 31 45 53 56 62
 16 31 45 51 52 56 62
 16 28 38 58 72
 16 28 38 58 70 71
 16 28 38 58 62
 16 28 38 56 57 58 72
 16 28 38 56 57 58 70 71
 16 28 38 45 58
 16 28 38 45 56 57 58
 16 28 36 37 58 72
 16 28 36 37 58 70 71
 16 28 36 37 58 62
 16 28 36 37 56 57 58 72
 16 28 36 37 56 57 58 70 71
 16 28 36 37 45 58
 16 28 36 37 45 56 57 58
 16 28 31 38 58 72
 16 28 31 38 58 70 71
 16 28 31 38 45 58
 16 28 31 36 37 58 72
 16 28 31 36 37 58 70 71
 16 28 31 36 37 45 58
 16 26 57 58
 16 26 56 58 62 72
 16 26 56 58 62 70 71
 16 26 56 57 62 72
 16 26 56 57 62 70 71
 16 26 45 56 58 62
 16 26 45 56 57 62
 16 26 38 58 70
 16 26 38 58 68 69
 16 26 38 43 58
 16 26 36 37 58 70
 16 26 36 37 58 68 69
 16 26 36 37 43 58
 16 26 31 56 62 72
 16 26 31 56 62 70 71
 16 26 31 45 56 62
 16 26 27 38 58 72
 16 26 27 38 58 70 71
 16 26 27 38 58 62
 16 26 27 38 56 57 58 72
 16 26 27 38 56 57 58 70 71
 16 26 27 38 45 58
 16 26 27 38 45 56 57 58
 16 26 27 36 37 58 72
 16 26 27 36 37 58 70 71
 16 26 27 36 37 58 62
 16 26 27 36 37 56 57 58 72
 16 26 27 36 37 56 57 58 70 71
 16 26 27 36 37 45 58
 16 26 27 36 37 45 56 57 58
 16 26 27 31 38 58 72
 16 26 27 31 38 58 70 71
 16 26 27 31 38 45 58
 16 26 27 31 36 37 58 72
 16 26 27 31 36 37 58 70 71
 16 26 27 31 36 37 45 58
 16 24 25 57 58
 16 24 25 38 58 70
 16 24 25 38 58 68 69
 16 24 25 38 43 58
 16 24 25 36 37 58 70
 16 24 25 36 37 58 68 69
 16 24 25 36 37 43 58
 15 60 68
 15 43 58 68
 15 41 42 58 68
 15 28 60
 15 28 58 60
 15 26 60
 15 26 43 58
 15 26 41 42 58
 15 26 27 60
 15 26 27 58 60
 15 24 25 60
 15 24 25 43 58
 15 24 25 41 42 58
 15 16 58 68
 15 16 26 58
 15 16 24 25 58
 13 28 45 56
 13 28 43 44 56
 13 26 27 45 56
 13 26 27 43 44 56
 13 18 28 56
 13 18 26 27 56
 13 14 60 68
 13 14 43 58 68
 13 14 41 42 58 68
 13 14 28 60
 13 14 28 58 60
 13 14 26 60
 13 14 26 43 58
 13 14 26 41 42 58
 13 14 26 27 60
 13 14 26 27 58 60
 13 14 24 25 60
 13 14 24 25 43 58
 13 14 24 25 41 42 58
 13 14 16 58 68
 13 14 16 26 58
 13 14 16 24 25 58
 11 58 60 68 70
 11 58 60 68 69
 11 45 58
 11 43 58 68
 11 43 58 68 70
 11 43 58 68 69
 11 43 58 60 68
 11 43 44 58
 11 41 42 58 68 70
 11 41 42 58 68 69
 11 41 42 43 58 68
 11 28 58 60
 11 28 58 60 72
 11 28 58 60 70 71
 11 28 56 57 58 60 72
 11 28 56 57 58 60 70 71
 11 28 45 58 60
 11 28 45 56 57 58 60
 11 28 43 58 72
 11 28 43 58 70 71
 11 28 43 58 62
 11 28 43 56 57 58 72
 11 28 43 56 57 58 70 71
 11 28 43 45 58
 11 28 43 45 56 57 58
 11 28 41 42 58 72
 11 28 41 42 58 70 71
 11 28 41 42 58 62
 11 28 41 42 56 57 58 72
 11 28 41 42 56 57 58 70 71
 11 28 41 42 45 58
 11 28 41 42 45 56 57 58
 11 28 31 58 60 72
 11 28 31 58 60 70 71
 11 28 31 45 58 60
 11 28 31 43 58 72
 11 28 31 43 58 70 71
 11 28 31 43 45 58
 11 28 31 41 42 58 72
 11 28 31 41 42 58 70 71
 11 28 31 41 42 45 58
 11 26 58 60 70
 11 26 58 60 68 69
 11 26 43 58
 11 26 43 58 70
 11 26 43 58 68 69
 11 26 43 58 60
 11 26 41 42 58 70
 11 26 41 42 58 68 69
 11 26 41 42 43 58
 11 26 27 58 60
 11 26 27 58 60 72
 11 26 27 58 60 70 71
 11 26 27 56 57 58 60 72
 11 26 27 56 57 58 60 70 71
 11 26 27 45 58 60
 11 26 27 45 56 57 58 60
 11 26 27 43 58 72
 11 26 27 43 58 70 71
 11 26 27 43 58 62
 11 26 27 43 56 57 58 72
 11 26 27 43 56 57 58 70 71
 11 26 27 43 45 58
 11 26 27 43 45 56 57 58
 11 26 27 41 42 58 72
 11 26 27 41 42 58 70 71
 11 26 27 41 42 58 62
 11 26 27 41 42 56 57 58 72
 11 26 27 41 42 56 57 58 70 71
 11 26 27 41 42 45 58
 11 26 27 41 42 45 56 57 58
 11 26 27 31 58 60 72
 11 26 27 31 58 60 70 71
 11 26 27 31 45 58 60
 11 26 27 31 43 58 72
 11 26 27 31 43 58 70 71
 11 26 27 31 43 45 58
 11 26 27 31 41 42 58 72
 11 26 27 31 41 42 58 70 71
 11 26 27 31 41 42 45 58
 11 24 25 58 60 70
 11 24 25 58 60 68 69
 11 24 25 43 58
 11 24 25 43 58 70
 11 24 25 43 58 68 69
 11 24 25 43 58 60
 11 24 25 41 42 58 70
 11 24 25 41 42 58 68 69
 11 24 25 41 42 43 58
 11 18 58
 11 16 58 68 70
 11 16 58 68 69
 11 16 43 58 68
 11 16 28 58 72
 11 16 28 58 70 71
 11 16 28 58 62
 11 16 28 56 57 58 72
 11 16 28 56 57 58 70 71
 11 16 28 45 58
 11 16 28 45 56 57 58
 11 16 28 31 58 72
 11 16 28 31 58 70 71
 11 16 28 31 45 58
 11 16 26 58 70
 11 16 26 58 68 69
 11 16 26 43 58
 11 16 26 27 58 72
 11 16 26 27 58 70 71
 11 16 26 27 58 62
 11 16 26 27 56 57 58 72
 11 16 26 27 56 57 58 70 71
 11 16 26 27 45 58
 11 16 26 27 45 56 57 58
 11 16 26 27 31 58 72
 11 16 26 27 31 58 70 71
 11 16 26 27 31 45 58
 11 16 24 25 58 70
 11 16 24 25 58 68 69
 11 16 24 25 43 58
 1 58
 1 57 60
 1 57 58 60
 1 56
 1 51
 1 51 58 72
 1 51 58 70 71
 1 51 56 57 72
 1 51 56 57 70 71
 1 49 50
 1 49 50 58 72
 1 49 50 58 70 71
 1 49 50 56 57 72
 1 49 50 56 57 70 71
 1 45 56
 1 45 51 58
 1 45 51 56 57
 1 45 49 50 58
 1 45 49 50 56 57
 1 43 44 56
 1 40 45 56
 1 40 43 44 56
 1 38 58 60
 1 38 58 60 72
 1 38 58 60 70 71
 1 38 56 57 58 60 72
 1 38 56 57 58 60 70 71
 1 38 45 58 60
 1 38 45 56 57 58 60
 1 38 43 58 72
 1 38 43 58 70 71
 1 38 43 58 62
 1 38 43 56 57 58 72
 1 38 43 56 57 58 70 71
 1 38 43 45 58
 1 38 43 45 56 57 58
 1 38 41 42 58 72
 1 38 41 42 58 70 71
 1 38 41 42 58 62
 1 38 41 42 56 57 58 72
 1 38 41 42 56 57 58 70 71
 1 38 41 42 45 58
 1 38 41 42 45 56 57 58
 1 38 39 45 56
 1 38 39 43 44 56
 1 36 37 58 60
 1 36 37 58 60 72
 1 36 37 58 60 70 71
 1 36 37 56 57 58 60 72
 1 36 37 56 57 58 60 70 71
 1 36 37 45 58 60
 1 36 37 45 56 57 58 60
 1 36 37 43 58 72
 1 36 37 43 58 70 71
 1 36 37 43 58 62
 1 36 37 43 56 57 58 72
 1 36 37 43 56 57 58 70 71
 1 36 37 43 45 58
 1 36 37 43 45 56 57 58
 1 36 37 41 42 58 72
 1 36 37 41 42 58 70 71
 1 36 37 41 42 58 62
 1 36 37 41 42 56 57 58 72
 1 36 37 41 42 56 57 58 70 71
 1 36 37 41 42 45 58
 1 36 37 41 42 45 56 57 58
 1 31 51 72
 1 31 51 70 71
 1 31 49 50 72
 1 31 49 50 70 71
 1 31 45 51
 1 31 45 49 50
 1 31 38 58 60 72
 1 31 38 58 60 70 71
 1 31 38 45 58 60
 1 31 38 43 58 72
 1 31 38 43 58 70 71
 1 31 38 43 45 58
 1 31 38 41 42 58 72
 1 31 38 41 42 58 70 71
 1 31 38 41 42 45 58
 1 31 36 37 58 60 72
 1 31 36 37 58 60 70 71
 1 31 36 37 45 58 60
 1 31 36 37 43 58 72
 1 31 36 37 43 58 70 71
 1 31 36 37 43 45 58
 1 31 36 37 41 42 58 72
 1 31 36 37 41 42 58 70 71
 1 31 36 37 41 42 45 58
 1 24
 1 24 58 72
 1 24 58 70 71
 1 24 56 57 72
 1 24 56 57 70 71
 1 24 45 58
 1 24 45 56 57
 1 24 31 72
 1 24 31 70 71
 1 24 31 45
 1 18 56
 1 18 40 56
 1 18 38 39 56
 1 16 38 58 72
 1 16 38 58 70 71
 1 16 38 58 62
 1 16 38 56 57 58 72
 1 16 38 56 57 58 70 71
 1 16 38 45 58
 1 16 38 45 56 57 58
 1 16 36 37 58 72
 1 16 36 37 58 70 71
 1 16 36 37 58 62
 1 16 36 37 56 57 58 72
 1 16 36 37 56 57 58 70 71
 1 16 36 37 45 58
 1 16 36 37 45 56 57 58
 1 16 31 38 58 72
 1 16 31 38 58 70 71
 1 16 31 38 45 58
 1 16 31 36 37 58 72
 1 16 31 36 37 58 70 71
 1 16 31 36 37 45 58
 1 15 60
 1 15 58 60
 1 13 45 56
 1 13 43 44 56
 1 13 18 56
 1 13 14 60
 1 13 14 58 60
 1 11 58 60
 1 11 58 60 72
 1 11 58 60 70 71
 1 11 56 57 58 60 72
 1 11 56 57 58 60 70 71
 1 11 45 58 60
 1 11 45 56 57 58 60
 1 11 43 58 72
 1 11 43 58 70 71
 1 11 43 58 62
 1 11 43 56 57 58 72
 1 11 43 56 57 58 70 71
 1 11 43 45 58
 1 11 43 45 56 57 58
 1 11 41 42 58 72
 1 11 41 42 58 70 71
 1 11 41 42 58 62
 1 11 41 42 56 57 58 72
 1 11 41 42 56 57 58 70 71
 1 11 41 42 45 58
 1 11 41 42 45 56 57 58
 1 11 31 58 60 72
 1 11 31 58 60 70 71
 1 11 31 45 58 60
 1 11 31 43 58 72
 1 11 31 43 58 70 71
 1 11 31 43 45 58
 1 11 31 41 42 58 72
 1 11 31 41 42 58 70 71
 1 11 31 41 42 45 58
 1 11 16 58 72
 1 11 16 58 70 71
 1 11 16 58 62
 1 11 16 56 57 58 72
 1 11 16 56 57 58 70 71
 1 11 16 45 58
 1 11 16 45 56 57 58
 1 11 16 31 58 72
 1 11 16 31 58 70 71
 1 11 16 31 45 58
