 41 55 60 64
 41 55 60 62 63
 41 55 58
 41 47 55 60 64
 41 47 55 60 62 63
 41 47 55 58
 41 45 55 60 64
 41 45 55 60 62 63
 41 45 55 58
 41 45 55 57 60 64
 41 45 55 57 60 62 63
 41 45 55 57 58
 41 45 46 55 60 64
 41 45 46 55 60 62 63
 41 45 46 55 58
 41 43 44 55 60 64
 41 43 44 55 60 62 63
 41 43 44 55 58
 41 43 44 55 57 60 64
 41 43 44 55 57 60 62 63
 41 43 44 55 57 58
 39 40 55 60 64
 39 40 55 60 62 63
 39 40 55 58
 39 40 47 55 60 64
 39 40 47 55 60 62 63
 39 40 47 55 58
 39 40 45 55 60 64
 39 40 45 55 60 62 63
 39 40 45 55 58
 39 40 45 55 57 60 64
 39 40 45 55 57 60 62 63
 39 40 45 55 57 58
 39 40 45 46 55 60 64
 39 40 45 46 55 60 62 63
 39 40 45 46 55 58
 39 40 43 44 55 60 64
 39 40 43 44 55 60 62 63
 39 40 43 44 55 58
 39 40 43 44 55 57 60 64
 39 40 43 44 55 57 60 62 63
 39 40 43 44 55 57 58
 37 41 56 60
 37 41 55 60
 37 41 47 55 60
 37 41 45 55 60
 37 41 45 55 57 60
 37 41 45 46 55 60
 37 41 43 44 55 60
 37 41 43 44 55 57 60
 37 39 40 56 60
 37 39 40 55 60
 37 39 40 47 55 60
 37 39 40 45 55 60
 37 39 40 45 55 57 60
 37 39 40 45 46 55 60
 37 39 40 43 44 55 60
 37 39 40 43 44 55 57 60
 30 45 56 62 70
 30 45 56 62 68 69
 30 45 54 55 56 62 70
 30 45 54 55 56 62 68 69
 30 45 53 56 70
 30 45 53 56 68 69
 30 45 53 54 55 56 70
 30 45 53 54 55 56 68 69
 30 43 45 56 62
 30 43 45 54 55 56 62
 30 43 45 53 56
 30 43 45 53 54 55 56
 30 43 44 56 62
 30 43 44 56 62 70
 30 43 44 56 62 68 69
 30 43 44 54 55 56 62
 30 43 44 54 55 56 62 70
 30 43 44 54 55 56 62 68 69
 30 43 44 53 56
 30 43 44 53 56 70
 30 43 44 53 56 68 69
 30 43 44 53 54 55 56
 30 43 44 53 54 55 56 70
 30 43 44 53 54 55 56 68 69
 29 30 45 56 62 70
 29 30 45 56 62 68 69
 29 30 45 53 56 70
 29 30 45 53 56 68 69
 29 30 43 45 56 62
 29 30 43 45 53 56
 29 30 43 44 56 62
 29 30 43 44 56 62 70
 29 30 43 44 56 62 68 69
 29 30 43 44 53 56
 29 30 43 44 53 56 70
 29 30 43 44 53 56 68 69
 28 56 62 72
 28 56 62 70
 28 56 62 70 71
 28 56 62 68 69
 28 54 55 56 62 70
 28 54 55 56 62 68 69
 28 53 56 72
 28 53 56 70
 28 53 56 70 71
 28 53 56 68 69
 28 53 54 55 56 70
 28 53 54 55 56 68 69
 28 47 58 68
 28 47 58 68 74
 28 47 58 68 72 73
 28 47 58 66 67
 28 47 58 66 67 74
 28 47 58 66 67 72 73
 28 47 58 62
 28 47 58 62 74
 28 47 58 62 72 73
 28 47 58 62 68
 28 47 58 62 68 74
 28 47 58 62 68 72 73
 28 47 58 62 66 67
 28 47 58 62 66 67 74
 28 47 58 62 66 67 72 73
 28 47 53 58
 28 47 53 58 74
 28 47 53 58 72 73
 28 45 56 62
 28 45 56 62 70 74
 28 45 56 62 70 72 73
 28 45 56 62 68 69 74
 28 45 56 62 68 69 72 73
 28 45 54 55 56 62 70 74
 28 45 54 55 56 62 70 72 73
 28 45 54 55 56 62 68 69 74
 28 45 54 55 56 62 68 69 72 73
 28 45 53 56
 28 45 53 56 70 74
 28 45 53 56 70 72 73
 28 45 53 56 68 69 74
 28 45 53 56 68 69 72 73
 28 45 53 54 55 56 70 74
 28 45 53 54 55 56 70 72 73
 28 45 53 54 55 56 68 69 74
 28 45 53 54 55 56 68 69 72 73
 28 45 47 56 62 70
 28 45 47 56 62 68 69
 28 45 47 54 55 56 62 70
 28 45 47 54 55 56 62 68 69
 28 45 47 53 56 70
 28 45 47 53 56 68 69
 28 45 47 53 54 55 56 70
 28 45 47 53 54 55 56 68 69
 28 45 46 58 68 74
 28 45 46 58 68 72 73
 28 45 46 58 66 67 74
 28 45 46 58 66 67 72 73
 28 45 46 58 62 74
 28 45 46 58 62 72 73
 28 45 46 58 62 68 74
 28 45 46 58 62 68 72 73
 28 45 46 58 62 66 67 74
 28 45 46 58 62 66 67 72 73
 28 45 46 53 58 74
 28 45 46 53 58 72 73
 28 45 46 47 58 68
 28 45 46 47 58 66 67
 28 45 46 47 58 62
 28 45 46 47 58 62 68
 28 45 46 47 58 62 66 67
 28 45 46 47 53 58
 28 43 56 62
 28 43 54 55 56 62
 28 43 53 56
 28 43 53 54 55 56
 28 43 45 56 62 74
 28 43 45 56 62 72 73
 28 43 45 54 55 56 62 74
 28 43 45 54 55 56 62 72 73
 28 43 45 53 56 74
 28 43 45 53 56 72 73
 28 43 45 53 54 55 56 74
 28 43 45 53 54 55 56 72 73
 28 43 45 47 56 62
 28 43 45 47 54 55 56 62
 28 43 45 47 53 56
 28 43 45 47 53 54 55 56
 28 43 44 56 62 74
 28 43 44 56 62 72 73
 28 43 44 56 62 70 74
 28 43 44 56 62 70 72 73
 28 43 44 56 62 68 69 74
 28 43 44 56 62 68 69 72 73
 28 43 44 54 55 56 62 74
 28 43 44 54 55 56 62 72 73
 28 43 44 54 55 56 62 70 74
 28 43 44 54 55 56 62 70 72 73
 28 43 44 54 55 56 62 68 69 74
 28 43 44 54 55 56 62 68 69 72 73
 28 43 44 53 56 74
 28 43 44 53 56 72 73
 28 43 44 53 56 70 74
 28 43 44 53 56 70 72 73
 28 43 44 53 56 68 69 74
 28 43 44 53 56 68 69 72 73
 28 43 44 53 54 55 56 74
 28 43 44 53 54 55 56 72 73
 28 43 44 53 54 55 56 70 74
 28 43 44 53 54 55 56 70 72 73
 28 43 44 53 54 55 56 68 69 74
 28 43 44 53 54 55 56 68 69 72 73
 28 43 44 47 56 62
 28 43 44 47 56 62 70
 28 43 44 47 56 62 68 69
 28 43 44 47 54 55 56 62
 28 43 44 47 54 55 56 62 70
 28 43 44 47 54 55 56 62 68 69
 28 43 44 47 53 56
 28 43 44 47 53 56 70
 28 43 44 47 53 56 68 69
 28 43 44 47 53 54 55 56
 28 43 44 47 53 54 55 56 70
 28 43 44 47 53 54 55 56 68 69
 28 41 47 58
 28 41 47 58 74
 28 41 47 58 72 73
 28 41 47 58 62
 28 41 47 58 62 74
 28 41 47 58 62 72 73
 28 41 45 46 58 74
 28 41 45 46 58 72 73
 28 41 45 46 58 62 74
 28 41 45 46 58 62 72 73
 28 41 45 46 47 58
 28 41 45 46 47 58 62
 28 37 56 60 66
 28 37 56 60 64 65
 28 37 39 56 60
 28 29 56 62 70
 28 29 56 62 68 69
 28 29 53 56 70
 28 29 53 56 68 69
 28 29 45 56 62 70 74
 28 29 45 56 62 70 72 73
 28 29 45 56 62 68 69 74
 28 29 45 56 62 68 69 72 73
 28 29 45 54 55 56 62 70
 28 29 45 54 55 56 62 68 69
 28 29 45 53 56 70 74
 28 29 45 53 56 70 72 73
 28 29 45 53 56 68 69 74
 28 29 45 53 56 68 69 72 73
 28 29 45 53 54 55 56 70
 28 29 45 53 54 55 56 68 69
 28 29 45 47 56 62 70
 28 29 45 47 56 62 68 69
 28 29 45 47 53 56 70
 28 29 45 47 53 56 68 69
 28 29 43 56 62
 28 29 43 53 56
 28 29 43 45 56 62 74
 28 29 43 45 56 62 72 73
 28 29 43 45 54 55 56 62
 28 29 43 45 53 56 74
 28 29 43 45 53 56 72 73
 28 29 43 45 53 54 55 56
 28 29 43 45 47 56 62
 28 29 43 45 47 53 56
 28 29 43 44 56 62 74
 28 29 43 44 56 62 72 73
 28 29 43 44 56 62 70 74
 28 29 43 44 56 62 70 72 73
 28 29 43 44 56 62 68 69 74
 28 29 43 44 56 62 68 69 72 73
 28 29 43 44 54 55 56 62
 28 29 43 44 54 55 56 62 70
 28 29 43 44 54 55 56 62 68 69
 28 29 43 44 53 56 74
 28 29 43 44 53 56 72 73
 28 29 43 44 53 56 70 74
 28 29 43 44 53 56 70 72 73
 28 29 43 44 53 56 68 69 74
 28 29 43 44 53 56 68 69 72 73
 28 29 43 44 53 54 55 56
 28 29 43 44 53 54 55 56 70
 28 29 43 44 53 54 55 56 68 69
 28 29 43 44 47 56 62
 28 29 43 44 47 56 62 70
 28 29 43 44 47 56 62 68 69
 28 29 43 44 47 53 56
 28 29 43 44 47 53 56 70
 28 29 43 44 47 53 56 68 69
 26 27 56 62 72
 26 27 56 62 70
 26 27 56 62 70 71
 26 27 56 62 68 69
 26 27 54 55 56 62 70
 26 27 54 55 56 62 68 69
 26 27 53 56 72
 26 27 53 56 70
 26 27 53 56 70 71
 26 27 53 56 68 69
 26 27 53 54 55 56 70
 26 27 53 54 55 56 68 69
 26 27 47 58 68
 26 27 47 58 68 74
 26 27 47 58 68 72 73
 26 27 47 58 66 67
 26 27 47 58 66 67 74
 26 27 47 58 66 67 72 73
 26 27 47 58 62
 26 27 47 58 62 74
 26 27 47 58 62 72 73
 26 27 47 58 62 68
 26 27 47 58 62 68 74
 26 27 47 58 62 68 72 73
 26 27 47 58 62 66 67
 26 27 47 58 62 66 67 74
 26 27 47 58 62 66 67 72 73
 26 27 47 53 58
 26 27 47 53 58 74
 26 27 47 53 58 72 73
 26 27 45 56 62
 26 27 45 56 62 70 74
 26 27 45 56 62 70 72 73
 26 27 45 56 62 68 69 74
 26 27 45 56 62 68 69 72 73
 26 27 45 54 55 56 62 70 74
 26 27 45 54 55 56 62 70 72 73
 26 27 45 54 55 56 62 68 69 74
 26 27 45 54 55 56 62 68 69 72 73
 26 27 45 53 56
 26 27 45 53 56 70 74
 26 27 45 53 56 70 72 73
 26 27 45 53 56 68 69 74
 26 27 45 53 56 68 69 72 73
 26 27 45 53 54 55 56 70 74
 26 27 45 53 54 55 56 70 72 73
 26 27 45 53 54 55 56 68 69 74
 26 27 45 53 54 55 56 68 69 72 73
 26 27 45 47 56 62 70
 26 27 45 47 56 62 68 69
 26 27 45 47 54 55 56 62 70
 26 27 45 47 54 55 56 62 68 69
 26 27 45 47 53 56 70
 26 27 45 47 53 56 68 69
 26 27 45 47 53 54 55 56 70
 26 27 45 47 53 54 55 56 68 69
 26 27 45 46 58 68 74
 26 27 45 46 58 68 72 73
 26 27 45 46 58 66 67 74
 26 27 45 46 58 66 67 72 73
 26 27 45 46 58 62 74
 26 27 45 46 58 62 72 73
 26 27 45 46 58 62 68 74
 26 27 45 46 58 62 68 72 73
 26 27 45 46 58 62 66 67 74
 26 27 45 46 58 62 66 67 72 73
 26 27 45 46 53 58 74
 26 27 45 46 53 58 72 73
 26 27 45 46 47 58 68
 26 27 45 46 47 58 66 67
 26 27 45 46 47 58 62
 26 27 45 46 47 58 62 68
 26 27 45 46 47 58 62 66 67
 26 27 45 46 47 53 58
 26 27 43 56 62
 26 27 43 54 55 56 62
 26 27 43 53 56
 26 27 43 53 54 55 56
 26 27 43 45 56 62 74
 26 27 43 45 56 62 72 73
 26 27 43 45 54 55 56 62 74
 26 27 43 45 54 55 56 62 72 73
 26 27 43 45 53 56 74
 26 27 43 45 53 56 72 73
 26 27 43 45 53 54 55 56 74
 26 27 43 45 53 54 55 56 72 73
 26 27 43 45 47 56 62
 26 27 43 45 47 54 55 56 62
 26 27 43 45 47 53 56
 26 27 43 45 47 53 54 55 56
 26 27 43 44 56 62 74
 26 27 43 44 56 62 72 73
 26 27 43 44 56 62 70 74
 26 27 43 44 56 62 70 72 73
 26 27 43 44 56 62 68 69 74
 26 27 43 44 56 62 68 69 72 73
 26 27 43 44 54 55 56 62 74
 26 27 43 44 54 55 56 62 72 73
 26 27 43 44 54 55 56 62 70 74
 26 27 43 44 54 55 56 62 70 72 73
 26 27 43 44 54 55 56 62 68 69 74
 26 27 43 44 54 55 56 62 68 69 72 73
 26 27 43 44 53 56 74
 26 27 43 44 53 56 72 73
 26 27 43 44 53 56 70 74
 26 27 43 44 53 56 70 72 73
 26 27 43 44 53 56 68 69 74
 26 27 43 44 53 56 68 69 72 73
 26 27 43 44 53 54 55 56 74
 26 27 43 44 53 54 55 56 72 73
 26 27 43 44 53 54 55 56 70 74
 26 27 43 44 53 54 55 56 70 72 73
 26 27 43 44 53 54 55 56 68 69 74
 26 27 43 44 53 54 55 56 68 69 72 73
 26 27 43 44 47 56 62
 26 27 43 44 47 56 62 70
 26 27 43 44 47 56 62 68 69
 26 27 43 44 47 54 55 56 62
 26 27 43 44 47 54 55 56 62 70
 26 27 43 44 47 54 55 56 62 68 69
 26 27 43 44 47 53 56
 26 27 43 44 47 53 56 70
 26 27 43 44 47 53 56 68 69
 26 27 43 44 47 53 54 55 56
 26 27 43 44 47 53 54 55 56 70
 26 27 43 44 47 53 54 55 56 68 69
 26 27 41 47 58
 26 27 41 47 58 74
 26 27 41 47 58 72 73
 26 27 41 47 58 62
 26 27 41 47 58 62 74
 26 27 41 47 58 62 72 73
 26 27 41 45 46 58 74
 26 27 41 45 46 58 72 73
 26 27 41 45 46 58 62 74
 26 27 41 45 46 58 62 72 73
 26 27 41 45 46 47 58
 26 27 41 45 46 47 58 62
 26 27 37 56 60 66
 26 27 37 56 60 64 65
 26 27 37 39 56 60
 26 27 29 56 62 70
 26 27 29 56 62 68 69
 26 27 29 53 56 70
 26 27 29 53 56 68 69
 26 27 29 45 56 62 70 74
 26 27 29 45 56 62 70 72 73
 26 27 29 45 56 62 68 69 74
 26 27 29 45 56 62 68 69 72 73
 26 27 29 45 53 56 70 74
 26 27 29 45 53 56 70 72 73
 26 27 29 45 53 56 68 69 74
 26 27 29 45 53 56 68 69 72 73
 26 27 29 45 47 56 62 70
 26 27 29 45 47 56 62 68 69
 26 27 29 45 47 53 56 70
 26 27 29 45 47 53 56 68 69
 26 27 29 43 56 62
 26 27 29 43 53 56
 26 27 29 43 45 56 62 74
 26 27 29 43 45 56 62 72 73
 26 27 29 43 45 53 56 74
 26 27 29 43 45 53 56 72 73
 26 27 29 43 45 47 56 62
 26 27 29 43 45 47 53 56
 26 27 29 43 44 56 62 74
 26 27 29 43 44 56 62 72 73
 26 27 29 43 44 56 62 70 74
 26 27 29 43 44 56 62 70 72 73
 26 27 29 43 44 56 62 68 69 74
 26 27 29 43 44 56 62 68 69 72 73
 26 27 29 43 44 53 56 74
 26 27 29 43 44 53 56 72 73
 26 27 29 43 44 53 56 70 74
 26 27 29 43 44 53 56 70 72 73
 26 27 29 43 44 53 56 68 69 74
 26 27 29 43 44 53 56 68 69 72 73
 26 27 29 43 44 47 56 62
 26 27 29 43 44 47 56 62 70
 26 27 29 43 44 47 56 62 68 69
 26 27 29 43 44 47 53 56
 26 27 29 43 44 47 53 56 70
 26 27 29 43 44 47 53 56 68 69
 20 41 55 60 64
 20 41 55 60 62 63
 20 41 55 58
 20 39 40 55 60 64
 20 39 40 55 60 62 63
 20 39 40 55 58
 20 37 41 55 60
 20 37 39 40 55 60
 20 28 58 68 74
 20 28 58 68 72 73
 20 28 58 66 67 74
 20 28 58 66 67 72 73
 20 28 58 62 74
 20 28 58 62 72 73
 20 28 58 62 68 74
 20 28 58 62 68 72 73
 20 28 58 62 66 67 74
 20 28 58 62 66 67 72 73
 20 28 53 58 74
 20 28 53 58 72 73
 20 28 47 58 68
 20 28 47 58 66 67
 20 28 47 58 62
 20 28 47 58 62 68
 20 28 47 58 62 66 67
 20 28 47 53 58
 20 28 41 58 74
 20 28 41 58 72 73
 20 28 41 58 62 74
 20 28 41 58 62 72 73
 20 28 41 47 58
 20 28 41 47 58 62
 20 26 27 58 68 74
 20 26 27 58 68 72 73
 20 26 27 58 66 67 74
 20 26 27 58 66 67 72 73
 20 26 27 58 62 74
 20 26 27 58 62 72 73
 20 26 27 58 62 68 74
 20 26 27 58 62 68 72 73
 20 26 27 58 62 66 67 74
 20 26 27 58 62 66 67 72 73
 20 26 27 53 58 74
 20 26 27 53 58 72 73
 20 26 27 47 58 68
 20 26 27 47 58 66 67
 20 26 27 47 58 62
 20 26 27 47 58 62 68
 20 26 27 47 58 62 66 67
 20 26 27 47 53 58
 20 26 27 41 58 74
 20 26 27 41 58 72 73
 20 26 27 41 58 62 74
 20 26 27 41 58 62 72 73
 20 26 27 41 47 58
 20 26 27 41 47 58 62
 18 41 55 60 64
 18 41 55 60 62 63
 18 41 55 58
 18 41 55 57 60 64
 18 41 55 57 60 62 63
 18 41 55 57 58
 18 39 40 55 60 64
 18 39 40 55 60 62 63
 18 39 40 55 58
 18 39 40 55 57 60 64
 18 39 40 55 57 60 62 63
 18 39 40 55 57 58
 18 37 41 55 60
 18 37 41 55 57 60
 18 37 39 40 55 60
 18 37 39 40 55 57 60
 18 30 56 62 70
 18 30 56 62 68 69
 18 30 54 55 56 62 70
 18 30 54 55 56 62 68 69
 18 30 53 56 70
 18 30 53 56 68 69
 18 30 53 54 55 56 70
 18 30 53 54 55 56 68 69
 18 30 43 56 62
 18 30 43 54 55 56 62
 18 30 43 53 56
 18 30 43 53 54 55 56
 18 29 30 56 62 70
 18 29 30 56 62 68 69
 18 29 30 53 56 70
 18 29 30 53 56 68 69
 18 29 30 43 56 62
 18 29 30 43 53 56
 18 28 56 62 70 74
 18 28 56 62 70 72 73
 18 28 56 62 68 69 74
 18 28 56 62 68 69 72 73
 18 28 54 55 56 62 70 74
 18 28 54 55 56 62 70 72 73
 18 28 54 55 56 62 68 69 74
 18 28 54 55 56 62 68 69 72 73
 18 28 53 56 70 74
 18 28 53 56 70 72 73
 18 28 53 56 68 69 74
 18 28 53 56 68 69 72 73
 18 28 53 54 55 56 70 74
 18 28 53 54 55 56 70 72 73
 18 28 53 54 55 56 68 69 74
 18 28 53 54 55 56 68 69 72 73
 18 28 47 56 62 70
 18 28 47 56 62 68 69
 18 28 47 54 55 56 62 70
 18 28 47 54 55 56 62 68 69
 18 28 47 53 56 70
 18 28 47 53 56 68 69
 18 28 47 53 54 55 56 70
 18 28 47 53 54 55 56 68 69
 18 28 43 56 62 74
 18 28 43 56 62 72 73
 18 28 43 54 55 56 62 74
 18 28 43 54 55 56 62 72 73
 18 28 43 53 56 74
 18 28 43 53 56 72 73
 18 28 43 53 54 55 56 74
 18 28 43 53 54 55 56 72 73
 18 28 43 47 56 62
 18 28 43 47 54 55 56 62
 18 28 43 47 53 56
 18 28 43 47 53 54 55 56
 18 28 29 56 62 70 74
 18 28 29 56 62 70 72 73
 18 28 29 56 62 68 69 74
 18 28 29 56 62 68 69 72 73
 18 28 29 54 55 56 62 70
 18 28 29 54 55 56 62 68 69
 18 28 29 53 56 70 74
 18 28 29 53 56 70 72 73
 18 28 29 53 56 68 69 74
 18 28 29 53 56 68 69 72 73
 18 28 29 53 54 55 56 70
 18 28 29 53 54 55 56 68 69
 18 28 29 47 56 62 70
 18 28 29 47 56 62 68 69
 18 28 29 47 53 56 70
 18 28 29 47 53 56 68 69
 18 28 29 43 56 62 74
 18 28 29 43 56 62 72 73
 18 28 29 43 54 55 56 62
 18 28 29 43 53 56 74
 18 28 29 43 53 56 72 73
 18 28 29 43 53 54 55 56
 18 28 29 43 47 56 62
 18 28 29 43 47 53 56
 18 26 27 56 62 70 74
 18 26 27 56 62 70 72 73
 18 26 27 56 62 68 69 74
 18 26 27 56 62 68 69 72 73
 18 26 27 54 55 56 62 70 74
 18 26 27 54 55 56 62 70 72 73
 18 26 27 54 55 56 62 68 69 74
 18 26 27 54 55 56 62 68 69 72 73
 18 26 27 53 56 70 74
 18 26 27 53 56 70 72 73
 18 26 27 53 56 68 69 74
 18 26 27 53 56 68 69 72 73
 18 26 27 53 54 55 56 70 74
 18 26 27 53 54 55 56 70 72 73
 18 26 27 53 54 55 56 68 69 74
 18 26 27 53 54 55 56 68 69 72 73
 18 26 27 47 56 62 70
 18 26 27 47 56 62 68 69
 18 26 27 47 54 55 56 62 70
 18 26 27 47 54 55 56 62 68 69
 18 26 27 47 53 56 70
 18 26 27 47 53 56 68 69
 18 26 27 47 53 54 55 56 70
 18 26 27 47 53 54 55 56 68 69
 18 26 27 43 56 62 74
 18 26 27 43 56 62 72 73
 18 26 27 43 54 55 56 62 74
 18 26 27 43 54 55 56 62 72 73
 18 26 27 43 53 56 74
 18 26 27 43 53 56 72 73
 18 26 27 43 53 54 55 56 74
 18 26 27 43 53 54 55 56 72 73
 18 26 27 43 47 56 62
 18 26 27 43 47 54 55 56 62
 18 26 27 43 47 53 56
 18 26 27 43 47 53 54 55 56
 18 26 27 29 56 62 70 74
 18 26 27 29 56 62 70 72 73
 18 26 27 29 56 62 68 69 74
 18 26 27 29 56 62 68 69 72 73
 18 26 27 29 53 56 70 74
 18 26 27 29 53 56 70 72 73
 18 26 27 29 53 56 68 69 74
 18 26 27 29 53 56 68 69 72 73
 18 26 27 29 47 56 62 70
 18 26 27 29 47 56 62 68 69
 18 26 27 29 47 53 56 70
 18 26 27 29 47 53 56 68 69
 18 26 27 29 43 56 62 74
 18 26 27 29 43 56 62 72 73
 18 26 27 29 43 53 56 74
 18 26 27 29 43 53 56 72 73
 18 26 27 29 43 47 56 62
 18 26 27 29 43 47 53 56
 15 41 45 55 60 64
 15 41 45 55 60 62 63
 15 41 45 55 58
 15 41 43 44 55 60 64
 15 41 43 44 55 60 62 63
 15 41 43 44 55 58
 15 39 40 45 55 60 64
 15 39 40 45 55 60 62 63
 15 39 40 45 55 58
 15 39 40 43 44 55 60 64
 15 39 40 43 44 55 60 62 63
 15 39 40 43 44 55 58
 15 37 41 45 55 60
 15 37 41 43 44 55 60
 15 37 39 40 45 55 60
 15 37 39 40 43 44 55 60
 15 18 41 55 60 64
 15 18 41 55 60 62 63
 15 18 41 55 58
 15 18 39 40 55 60 64
 15 18 39 40 55 60 62 63
 15 18 39 40 55 58
 15 18 37 41 55 60
 15 18 37 39 40 55 60
 14 55 60 64
 14 55 60 62 63
 14 55 58
 14 47 55 60 64
 14 47 55 60 62 63
 14 47 55 58
 14 45 55 60 64
 14 45 55 60 62 63
 14 45 55 58
 14 45 55 57 60 64
 14 45 55 57 60 62 63
 14 45 55 57 58
 14 45 46 55 60 64
 14 45 46 55 60 62 63
 14 45 46 55 58
 14 43 44 55 60 64
 14 43 44 55 60 62 63
 14 43 44 55 58
 14 43 44 55 57 60 64
 14 43 44 55 57 60 62 63
 14 43 44 55 57 58
 14 37 56 60
 14 37 55 60
 14 37 47 55 60
 14 37 45 55 60
 14 37 45 55 57 60
 14 37 45 46 55 60
 14 37 43 44 55 60
 14 37 43 44 55 57 60
 14 20 55 60 64
 14 20 55 60 62 63
 14 20 55 58
 14 20 37 55 60
 14 18 55 60 64
 14 18 55 60 62 63
 14 18 55 58
 14 18 55 57 60 64
 14 18 55 57 60 62 63
 14 18 55 57 58
 14 18 37 55 60
 14 18 37 55 57 60
 14 15 45 55 60 64
 14 15 45 55 60 62 63
 14 15 45 55 58
 14 15 43 44 55 60 64
 14 15 43 44 55 60 62 63
 14 15 43 44 55 58
 14 15 37 45 55 60
 14 15 37 43 44 55 60
 14 15 18 55 60 64
 14 15 18 55 60 62 63
 14 15 18 55 58
 14 15 18 37 55 60
 13 14 45 55 60 64
 13 14 45 55 60 62 63
 13 14 45 55 58
 13 14 43 44 55 60 64
 13 14 43 44 55 60 62 63
 13 14 43 44 55 58
 13 14 41 45 55 60 64
 13 14 41 45 55 60 62 63
 13 14 41 45 55 58
 13 14 41 43 44 55 60 64
 13 14 41 43 44 55 60 62 63
 13 14 41 43 44 55 58
 13 14 39 40 45 55 60 64
 13 14 39 40 45 55 60 62 63
 13 14 39 40 45 55 58
 13 14 39 40 43 44 55 60 64
 13 14 39 40 43 44 55 60 62 63
 13 14 39 40 43 44 55 58
 13 14 37 45 55 60
 13 14 37 43 44 55 60
 13 14 37 41 45 55 60
 13 14 37 41 43 44 55 60
 13 14 37 39 40 45 55 60
 13 14 37 39 40 43 44 55 60
 13 14 18 55 60 64
 13 14 18 55 60 62 63
 13 14 18 55 58
 13 14 18 41 55 60 64
 13 14 18 41 55 60 62 63
 13 14 18 41 55 58
 13 14 18 39 40 55 60 64
 13 14 18 39 40 55 60 62 63
 13 14 18 39 40 55 58
 13 14 18 37 55 60
 13 14 18 37 41 55 60
 13 14 18 37 39 40 55 60
 11 30 45 56 70
 11 30 45 56 68 69
 11 30 45 54 55 56 70
 11 30 45 54 55 56 68 69
 11 30 43 45 56
 11 30 43 45 54 55 56
 11 30 43 44 56
 11 30 43 44 56 70
 11 30 43 44 56 68 69
 11 30 43 44 54 55 56
 11 30 43 44 54 55 56 70
 11 30 43 44 54 55 56 68 69
 11 29 30 45 56 70
 11 29 30 45 56 68 69
 11 29 30 43 45 56
 11 29 30 43 44 56
 11 29 30 43 44 56 70
 11 29 30 43 44 56 68 69
 11 28 56 72
 11 28 56 70
 11 28 56 70 71
 11 28 56 68 69
 11 28 54 55 56 70
 11 28 54 55 56 68 69
 11 28 47 58
 11 28 47 58 74
 11 28 47 58 72 73
 11 28 45 56
 11 28 45 56 70 74
 11 28 45 56 70 72 73
 11 28 45 56 68 69 74
 11 28 45 56 68 69 72 73
 11 28 45 54 55 56 70 74
 11 28 45 54 55 56 70 72 73
 11 28 45 54 55 56 68 69 74
 11 28 45 54 55 56 68 69 72 73
 11 28 45 47 56 70
 11 28 45 47 56 68 69
 11 28 45 47 54 55 56 70
 11 28 45 47 54 55 56 68 69
 11 28 45 46 58 74
 11 28 45 46 58 72 73
 11 28 45 46 47 58
 11 28 43 56
 11 28 43 54 55 56
 11 28 43 45 56 74
 11 28 43 45 56 72 73
 11 28 43 45 54 55 56 74
 11 28 43 45 54 55 56 72 73
 11 28 43 45 47 56
 11 28 43 45 47 54 55 56
 11 28 43 44 56 74
 11 28 43 44 56 72 73
 11 28 43 44 56 70 74
 11 28 43 44 56 70 72 73
 11 28 43 44 56 68 69 74
 11 28 43 44 56 68 69 72 73
 11 28 43 44 54 55 56 74
 11 28 43 44 54 55 56 72 73
 11 28 43 44 54 55 56 70 74
 11 28 43 44 54 55 56 70 72 73
 11 28 43 44 54 55 56 68 69 74
 11 28 43 44 54 55 56 68 69 72 73
 11 28 43 44 47 56
 11 28 43 44 47 56 70
 11 28 43 44 47 56 68 69
 11 28 43 44 47 54 55 56
 11 28 43 44 47 54 55 56 70
 11 28 43 44 47 54 55 56 68 69
 11 28 29 56 70
 11 28 29 56 68 69
 11 28 29 45 56 70 74
 11 28 29 45 56 70 72 73
 11 28 29 45 56 68 69 74
 11 28 29 45 56 68 69 72 73
 11 28 29 45 54 55 56 70
 11 28 29 45 54 55 56 68 69
 11 28 29 45 47 56 70
 11 28 29 45 47 56 68 69
 11 28 29 43 56
 11 28 29 43 45 56 74
 11 28 29 43 45 56 72 73
 11 28 29 43 45 54 55 56
 11 28 29 43 45 47 56
 11 28 29 43 44 56 74
 11 28 29 43 44 56 72 73
 11 28 29 43 44 56 70 74
 11 28 29 43 44 56 70 72 73
 11 28 29 43 44 56 68 69 74
 11 28 29 43 44 56 68 69 72 73
 11 28 29 43 44 54 55 56
 11 28 29 43 44 54 55 56 70
 11 28 29 43 44 54 55 56 68 69
 11 28 29 43 44 47 56
 11 28 29 43 44 47 56 70
 11 28 29 43 44 47 56 68 69
 11 26 27 56 72
 11 26 27 56 70
 11 26 27 56 70 71
 11 26 27 56 68 69
 11 26 27 54 55 56 70
 11 26 27 54 55 56 68 69
 11 26 27 47 58
 11 26 27 47 58 74
 11 26 27 47 58 72 73
 11 26 27 45 56
 11 26 27 45 56 70 74
 11 26 27 45 56 70 72 73
 11 26 27 45 56 68 69 74
 11 26 27 45 56 68 69 72 73
 11 26 27 45 54 55 56 70 74
 11 26 27 45 54 55 56 70 72 73
 11 26 27 45 54 55 56 68 69 74
 11 26 27 45 54 55 56 68 69 72 73
 11 26 27 45 47 56 70
 11 26 27 45 47 56 68 69
 11 26 27 45 47 54 55 56 70
 11 26 27 45 47 54 55 56 68 69
 11 26 27 45 46 58 74
 11 26 27 45 46 58 72 73
 11 26 27 45 46 47 58
 11 26 27 43 56
 11 26 27 43 54 55 56
 11 26 27 43 45 56 74
 11 26 27 43 45 56 72 73
 11 26 27 43 45 54 55 56 74
 11 26 27 43 45 54 55 56 72 73
 11 26 27 43 45 47 56
 11 26 27 43 45 47 54 55 56
 11 26 27 43 44 56 74
 11 26 27 43 44 56 72 73
 11 26 27 43 44 56 70 74
 11 26 27 43 44 56 70 72 73
 11 26 27 43 44 56 68 69 74
 11 26 27 43 44 56 68 69 72 73
 11 26 27 43 44 54 55 56 74
 11 26 27 43 44 54 55 56 72 73
 11 26 27 43 44 54 55 56 70 74
 11 26 27 43 44 54 55 56 70 72 73
 11 26 27 43 44 54 55 56 68 69 74
 11 26 27 43 44 54 55 56 68 69 72 73
 11 26 27 43 44 47 56
 11 26 27 43 44 47 56 70
 11 26 27 43 44 47 56 68 69
 11 26 27 43 44 47 54 55 56
 11 26 27 43 44 47 54 55 56 70
 11 26 27 43 44 47 54 55 56 68 69
 11 26 27 29 56 70
 11 26 27 29 56 68 69
 11 26 27 29 45 56 70 74
 11 26 27 29 45 56 70 72 73
 11 26 27 29 45 56 68 69 74
 11 26 27 29 45 56 68 69 72 73
 11 26 27 29 45 47 56 70
 11 26 27 29 45 47 56 68 69
 11 26 27 29 43 56
 11 26 27 29 43 45 56 74
 11 26 27 29 43 45 56 72 73
 11 26 27 29 43 45 47 56
 11 26 27 29 43 44 56 74
 11 26 27 29 43 44 56 72 73
 11 26 27 29 43 44 56 70 74
 11 26 27 29 43 44 56 70 72 73
 11 26 27 29 43 44 56 68 69 74
 11 26 27 29 43 44 56 68 69 72 73
 11 26 27 29 43 44 47 56
 11 26 27 29 43 44 47 56 70
 11 26 27 29 43 44 47 56 68 69
 11 20 28 58 74
 11 20 28 58 72 73
 11 20 28 47 58
 11 20 26 27 58 74
 11 20 26 27 58 72 73
 11 20 26 27 47 58
 11 18 30 56 70
 11 18 30 56 68 69
 11 18 30 54 55 56 70
 11 18 30 54 55 56 68 69
 11 18 30 43 56
 11 18 30 43 54 55 56
 11 18 29 30 56 70
 11 18 29 30 56 68 69
 11 18 29 30 43 56
 11 18 28 56 70 74
 11 18 28 56 70 72 73
 11 18 28 56 68 69 74
 11 18 28 56 68 69 72 73
 11 18 28 54 55 56 70 74
 11 18 28 54 55 56 70 72 73
 11 18 28 54 55 56 68 69 74
 11 18 28 54 55 56 68 69 72 73
 11 18 28 47 56 70
 11 18 28 47 56 68 69
 11 18 28 47 54 55 56 70
 11 18 28 47 54 55 56 68 69
 11 18 28 43 56 74
 11 18 28 43 56 72 73
 11 18 28 43 54 55 56 74
 11 18 28 43 54 55 56 72 73
 11 18 28 43 47 56
 11 18 28 43 47 54 55 56
 11 18 28 29 56 70 74
 11 18 28 29 56 70 72 73
 11 18 28 29 56 68 69 74
 11 18 28 29 56 68 69 72 73
 11 18 28 29 54 55 56 70
 11 18 28 29 54 55 56 68 69
 11 18 28 29 47 56 70
 11 18 28 29 47 56 68 69
 11 18 28 29 43 56 74
 11 18 28 29 43 56 72 73
 11 18 28 29 43 54 55 56
 11 18 28 29 43 47 56
 11 18 26 27 56 70 74
 11 18 26 27 56 70 72 73
 11 18 26 27 56 68 69 74
 11 18 26 27 56 68 69 72 73
 11 18 26 27 54 55 56 70 74
 11 18 26 27 54 55 56 70 72 73
 11 18 26 27 54 55 56 68 69 74
 11 18 26 27 54 55 56 68 69 72 73
 11 18 26 27 47 56 70
 11 18 26 27 47 56 68 69
 11 18 26 27 47 54 55 56 70
 11 18 26 27 47 54 55 56 68 69
 11 18 26 27 43 56 74
 11 18 26 27 43 56 72 73
 11 18 26 27 43 54 55 56 74
 11 18 26 27 43 54 55 56 72 73
 11 18 26 27 43 47 56
 11 18 26 27 43 47 54 55 56
 11 18 26 27 29 56 70 74
 11 18 26 27 29 56 70 72 73
 11 18 26 27 29 56 68 69 74
 11 18 26 27 29 56 68 69 72 73
 11 18 26 27 29 47 56 70
 11 18 26 27 29 47 56 68 69
 11 18 26 27 29 43 56 74
 11 18 26 27 29 43 56 72 73
 11 18 26 27 29 43 47 56
 9 10 30 45 56 70
 9 10 30 45 56 68 69
 9 10 30 45 54 55 56 70
 9 10 30 45 54 55 56 68 69
 9 10 30 43 45 56
 9 10 30 43 45 54 55 56
 9 10 30 43 44 56
 9 10 30 43 44 56 70
 9 10 30 43 44 56 68 69
 9 10 30 43 44 54 55 56
 9 10 30 43 44 54 55 56 70
 9 10 30 43 44 54 55 56 68 69
 9 10 29 30 45 56 70
 9 10 29 30 45 56 68 69
 9 10 29 30 43 45 56
 9 10 29 30 43 44 56
 9 10 29 30 43 44 56 70
 9 10 29 30 43 44 56 68 69
 9 10 28 56 72
 9 10 28 56 70
 9 10 28 56 70 71
 9 10 28 56 68 69
 9 10 28 54 55 56 70
 9 10 28 54 55 56 68 69
 9 10 28 47 58
 9 10 28 47 58 74
 9 10 28 47 58 72 73
 9 10 28 45 56
 9 10 28 45 56 70 74
 9 10 28 45 56 70 72 73
 9 10 28 45 56 68 69 74
 9 10 28 45 56 68 69 72 73
 9 10 28 45 54 55 56 70 74
 9 10 28 45 54 55 56 70 72 73
 9 10 28 45 54 55 56 68 69 74
 9 10 28 45 54 55 56 68 69 72 73
 9 10 28 45 47 56 70
 9 10 28 45 47 56 68 69
 9 10 28 45 47 54 55 56 70
 9 10 28 45 47 54 55 56 68 69
 9 10 28 45 46 58 74
 9 10 28 45 46 58 72 73
 9 10 28 45 46 47 58
 9 10 28 43 56
 9 10 28 43 54 55 56
 9 10 28 43 45 56 74
 9 10 28 43 45 56 72 73
 9 10 28 43 45 54 55 56 74
 9 10 28 43 45 54 55 56 72 73
 9 10 28 43 45 47 56
 9 10 28 43 45 47 54 55 56
 9 10 28 43 44 56 74
 9 10 28 43 44 56 72 73
 9 10 28 43 44 56 70 74
 9 10 28 43 44 56 70 72 73
 9 10 28 43 44 56 68 69 74
 9 10 28 43 44 56 68 69 72 73
 9 10 28 43 44 54 55 56 74
 9 10 28 43 44 54 55 56 72 73
 9 10 28 43 44 54 55 56 70 74
 9 10 28 43 44 54 55 56 70 72 73
 9 10 28 43 44 54 55 56 68 69 74
 9 10 28 43 44 54 55 56 68 69 72 73
 9 10 28 43 44 47 56
 9 10 28 43 44 47 56 70
 9 10 28 43 44 47 56 68 69
 9 10 28 43 44 47 54 55 56
 9 10 28 43 44 47 54 55 56 70
 9 10 28 43 44 47 54 55 56 68 69
 9 10 28 29 56 70
 9 10 28 29 56 68 69
 9 10 28 29 45 56 70 74
 9 10 28 29 45 56 70 72 73
 9 10 28 29 45 56 68 69 74
 9 10 28 29 45 56 68 69 72 73
 9 10 28 29 45 54 55 56 70
 9 10 28 29 45 54 55 56 68 69
 9 10 28 29 45 47 56 70
 9 10 28 29 45 47 56 68 69
 9 10 28 29 43 56
 9 10 28 29 43 45 56 74
 9 10 28 29 43 45 56 72 73
 9 10 28 29 43 45 54 55 56
 9 10 28 29 43 45 47 56
 9 10 28 29 43 44 56 74
 9 10 28 29 43 44 56 72 73
 9 10 28 29 43 44 56 70 74
 9 10 28 29 43 44 56 70 72 73
 9 10 28 29 43 44 56 68 69 74
 9 10 28 29 43 44 56 68 69 72 73
 9 10 28 29 43 44 54 55 56
 9 10 28 29 43 44 54 55 56 70
 9 10 28 29 43 44 54 55 56 68 69
 9 10 28 29 43 44 47 56
 9 10 28 29 43 44 47 56 70
 9 10 28 29 43 44 47 56 68 69
 9 10 26 27 56 72
 9 10 26 27 56 70
 9 10 26 27 56 70 71
 9 10 26 27 56 68 69
 9 10 26 27 54 55 56 70
 9 10 26 27 54 55 56 68 69
 9 10 26 27 47 58
 9 10 26 27 47 58 74
 9 10 26 27 47 58 72 73
 9 10 26 27 45 56
 9 10 26 27 45 56 70 74
 9 10 26 27 45 56 70 72 73
 9 10 26 27 45 56 68 69 74
 9 10 26 27 45 56 68 69 72 73
 9 10 26 27 45 54 55 56 70 74
 9 10 26 27 45 54 55 56 70 72 73
 9 10 26 27 45 54 55 56 68 69 74
 9 10 26 27 45 54 55 56 68 69 72 73
 9 10 26 27 45 47 56 70
 9 10 26 27 45 47 56 68 69
 9 10 26 27 45 47 54 55 56 70
 9 10 26 27 45 47 54 55 56 68 69
 9 10 26 27 45 46 58 74
 9 10 26 27 45 46 58 72 73
 9 10 26 27 45 46 47 58
 9 10 26 27 43 56
 9 10 26 27 43 54 55 56
 9 10 26 27 43 45 56 74
 9 10 26 27 43 45 56 72 73
 9 10 26 27 43 45 54 55 56 74
 9 10 26 27 43 45 54 55 56 72 73
 9 10 26 27 43 45 47 56
 9 10 26 27 43 45 47 54 55 56
 9 10 26 27 43 44 56 74
 9 10 26 27 43 44 56 72 73
 9 10 26 27 43 44 56 70 74
 9 10 26 27 43 44 56 70 72 73
 9 10 26 27 43 44 56 68 69 74
 9 10 26 27 43 44 56 68 69 72 73
 9 10 26 27 43 44 54 55 56 74
 9 10 26 27 43 44 54 55 56 72 73
 9 10 26 27 43 44 54 55 56 70 74
 9 10 26 27 43 44 54 55 56 70 72 73
 9 10 26 27 43 44 54 55 56 68 69 74
 9 10 26 27 43 44 54 55 56 68 69 72 73
 9 10 26 27 43 44 47 56
 9 10 26 27 43 44 47 56 70
 9 10 26 27 43 44 47 56 68 69
 9 10 26 27 43 44 47 54 55 56
 9 10 26 27 43 44 47 54 55 56 70
 9 10 26 27 43 44 47 54 55 56 68 69
 9 10 26 27 29 56 70
 9 10 26 27 29 56 68 69
 9 10 26 27 29 45 56 70 74
 9 10 26 27 29 45 56 70 72 73
 9 10 26 27 29 45 56 68 69 74
 9 10 26 27 29 45 56 68 69 72 73
 9 10 26 27 29 45 47 56 70
 9 10 26 27 29 45 47 56 68 69
 9 10 26 27 29 43 56
 9 10 26 27 29 43 45 56 74
 9 10 26 27 29 43 45 56 72 73
 9 10 26 27 29 43 45 47 56
 9 10 26 27 29 43 44 56 74
 9 10 26 27 29 43 44 56 72 73
 9 10 26 27 29 43 44 56 70 74
 9 10 26 27 29 43 44 56 70 72 73
 9 10 26 27 29 43 44 56 68 69 74
 9 10 26 27 29 43 44 56 68 69 72 73
 9 10 26 27 29 43 44 47 56
 9 10 26 27 29 43 44 47 56 70
 9 10 26 27 29 43 44 47 56 68 69
 9 10 20 28 58 74
 9 10 20 28 58 72 73
 9 10 20 28 47 58
 9 10 20 26 27 58 74
 9 10 20 26 27 58 72 73
 9 10 20 26 27 47 58
 9 10 18 30 56 70
 9 10 18 30 56 68 69
 9 10 18 30 54 55 56 70
 9 10 18 30 54 55 56 68 69
 9 10 18 30 43 56
 9 10 18 30 43 54 55 56
 9 10 18 29 30 56 70
 9 10 18 29 30 56 68 69
 9 10 18 29 30 43 56
 9 10 18 28 56 70 74
 9 10 18 28 56 70 72 73
 9 10 18 28 56 68 69 74
 9 10 18 28 56 68 69 72 73
 9 10 18 28 54 55 56 70 74
 9 10 18 28 54 55 56 70 72 73
 9 10 18 28 54 55 56 68 69 74
 9 10 18 28 54 55 56 68 69 72 73
 9 10 18 28 47 56 70
 9 10 18 28 47 56 68 69
 9 10 18 28 47 54 55 56 70
 9 10 18 28 47 54 55 56 68 69
 9 10 18 28 43 56 74
 9 10 18 28 43 56 72 73
 9 10 18 28 43 54 55 56 74
 9 10 18 28 43 54 55 56 72 73
 9 10 18 28 43 47 56
 9 10 18 28 43 47 54 55 56
 9 10 18 28 29 56 70 74
 9 10 18 28 29 56 70 72 73
 9 10 18 28 29 56 68 69 74
 9 10 18 28 29 56 68 69 72 73
 9 10 18 28 29 54 55 56 70
 9 10 18 28 29 54 55 56 68 69
 9 10 18 28 29 47 56 70
 9 10 18 28 29 47 56 68 69
 9 10 18 28 29 43 56 74
 9 10 18 28 29 43 56 72 73
 9 10 18 28 29 43 54 55 56
 9 10 18 28 29 43 47 56
 9 10 18 26 27 56 70 74
 9 10 18 26 27 56 70 72 73
 9 10 18 26 27 56 68 69 74
 9 10 18 26 27 56 68 69 72 73
 9 10 18 26 27 54 55 56 70 74
 9 10 18 26 27 54 55 56 70 72 73
 9 10 18 26 27 54 55 56 68 69 74
 9 10 18 26 27 54 55 56 68 69 72 73
 9 10 18 26 27 47 56 70
 9 10 18 26 27 47 56 68 69
 9 10 18 26 27 47 54 55 56 70
 9 10 18 26 27 47 54 55 56 68 69
 9 10 18 26 27 43 56 74
 9 10 18 26 27 43 56 72 73
 9 10 18 26 27 43 54 55 56 74
 9 10 18 26 27 43 54 55 56 72 73
 9 10 18 26 27 43 47 56
 9 10 18 26 27 43 47 54 55 56
 9 10 18 26 27 29 56 70 74
 9 10 18 26 27 29 56 70 72 73
 9 10 18 26 27 29 56 68 69 74
 9 10 18 26 27 29 56 68 69 72 73
 9 10 18 26 27 29 47 56 70
 9 10 18 26 27 29 47 56 68 69
 9 10 18 26 27 29 43 56 74
 9 10 18 26 27 29 43 56 72 73
 9 10 18 26 27 29 43 47 56
 3 45 56 62 70
 3 45 56 62 68 69
 3 45 54 55 56 62 70
 3 45 54 55 56 62 68 69
 3 45 53 56 70
 3 45 53 56 68 69
 3 45 53 54 55 56 70
 3 45 53 54 55 56 68 69
 3 43 45 56 62
 3 43 45 54 55 56 62
 3 43 45 53 56
 3 43 45 53 54 55 56
 3 43 44 56 62
 3 43 44 56 62 70
 3 43 44 56 62 68 69
 3 43 44 54 55 56 62
 3 43 44 54 55 56 62 70
 3 43 44 54 55 56 62 68 69
 3 43 44 53 56
 3 43 44 53 56 70
 3 43 44 53 56 68 69
 3 43 44 53 54 55 56
 3 43 44 53 54 55 56 70
 3 43 44 53 54 55 56 68 69
 3 29 45 56 62 70
 3 29 45 56 62 68 69
 3 29 45 53 56 70
 3 29 45 53 56 68 69
 3 29 43 45 56 62
 3 29 43 45 53 56
 3 29 43 44 56 62
 3 29 43 44 56 62 70
 3 29 43 44 56 62 68 69
 3 29 43 44 53 56
 3 29 43 44 53 56 70
 3 29 43 44 53 56 68 69
 3 18 56 62 70
 3 18 56 62 68 69
 3 18 54 55 56 62 70
 3 18 54 55 56 62 68 69
 3 18 53 56 70
 3 18 53 56 68 69
 3 18 53 54 55 56 70
 3 18 53 54 55 56 68 69
 3 18 43 56 62
 3 18 43 54 55 56 62
 3 18 43 53 56
 3 18 43 53 54 55 56
 3 18 29 56 62 70
 3 18 29 56 62 68 69
 3 18 29 53 56 70
 3 18 29 53 56 68 69
 3 18 29 43 56 62
 3 18 29 43 53 56
 3 11 45 56 70
 3 11 45 56 68 69
 3 11 45 54 55 56 70
 3 11 45 54 55 56 68 69
 3 11 43 45 56
 3 11 43 45 54 55 56
 3 11 43 44 56
 3 11 43 44 56 70
 3 11 43 44 56 68 69
 3 11 43 44 54 55 56
 3 11 43 44 54 55 56 70
 3 11 43 44 54 55 56 68 69
 3 11 29 45 56 70
 3 11 29 45 56 68 69
 3 11 29 43 45 56
 3 11 29 43 44 56
 3 11 29 43 44 56 70
 3 11 29 43 44 56 68 69
 3 11 18 56 70
 3 11 18 56 68 69
 3 11 18 54 55 56 70
 3 11 18 54 55 56 68 69
 3 11 18 43 56
 3 11 18 43 54 55 56
 3 11 18 29 56 70
 3 11 18 29 56 68 69
 3 11 18 29 43 56
 3 9 10 45 56 70
 3 9 10 45 56 68 69
 3 9 10 45 54 55 56 70
 3 9 10 45 54 55 56 68 69
 3 9 10 43 45 56
 3 9 10 43 45 54 55 56
 3 9 10 43 44 56
 3 9 10 43 44 56 70
 3 9 10 43 44 56 68 69
 3 9 10 43 44 54 55 56
 3 9 10 43 44 54 55 56 70
 3 9 10 43 44 54 55 56 68 69
 3 9 10 29 45 56 70
 3 9 10 29 45 56 68 69
 3 9 10 29 43 45 56
 3 9 10 29 43 44 56
 3 9 10 29 43 44 56 70
 3 9 10 29 43 44 56 68 69
 3 9 10 18 56 70
 3 9 10 18 56 68 69
 3 9 10 18 54 55 56 70
 3 9 10 18 54 55 56 68 69
 3 9 10 18 43 56
 3 9 10 18 43 54 55 56
 3 9 10 18 29 56 70
 3 9 10 18 29 56 68 69
 3 9 10 18 29 43 56
 1 56 62 72
 1 56 62 70
 1 56 62 70 71
 1 56 62 68 69
 1 54 55 56 62 70
 1 54 55 56 62 68 69
 1 53 56 72
 1 53 56 70
 1 53 56 70 71
 1 53 56 68 69
 1 53 54 55 56 70
 1 53 54 55 56 68 69
 1 47 58 68
 1 47 58 68 74
 1 47 58 68 72 73
 1 47 58 66 67
 1 47 58 66 67 74
 1 47 58 66 67 72 73
 1 47 58 62
 1 47 58 62 74
 1 47 58 62 72 73
 1 47 58 62 68
 1 47 58 62 68 74
 1 47 58 62 68 72 73
 1 47 58 62 66 67
 1 47 58 62 66 67 74
 1 47 58 62 66 67 72 73
 1 47 53 58
 1 47 53 58 74
 1 47 53 58 72 73
 1 45 56 62
 1 45 56 62 70 74
 1 45 56 62 70 72 73
 1 45 56 62 68 69 74
 1 45 56 62 68 69 72 73
 1 45 54 55 56 62 70 74
 1 45 54 55 56 62 70 72 73
 1 45 54 55 56 62 68 69 74
 1 45 54 55 56 62 68 69 72 73
 1 45 53 56
 1 45 53 56 70 74
 1 45 53 56 70 72 73
 1 45 53 56 68 69 74
 1 45 53 56 68 69 72 73
 1 45 53 54 55 56 70 74
 1 45 53 54 55 56 70 72 73
 1 45 53 54 55 56 68 69 74
 1 45 53 54 55 56 68 69 72 73
 1 45 47 56 62 70
 1 45 47 56 62 68 69
 1 45 47 54 55 56 62 70
 1 45 47 54 55 56 62 68 69
 1 45 47 53 56 70
 1 45 47 53 56 68 69
 1 45 47 53 54 55 56 70
 1 45 47 53 54 55 56 68 69
 1 45 46 58 68 74
 1 45 46 58 68 72 73
 1 45 46 58 66 67 74
 1 45 46 58 66 67 72 73
 1 45 46 58 62 74
 1 45 46 58 62 72 73
 1 45 46 58 62 68 74
 1 45 46 58 62 68 72 73
 1 45 46 58 62 66 67 74
 1 45 46 58 62 66 67 72 73
 1 45 46 53 58 74
 1 45 46 53 58 72 73
 1 45 46 47 58 68
 1 45 46 47 58 66 67
 1 45 46 47 58 62
 1 45 46 47 58 62 68
 1 45 46 47 58 62 66 67
 1 45 46 47 53 58
 1 43 56 62
 1 43 54 55 56 62
 1 43 53 56
 1 43 53 54 55 56
 1 43 45 56 62 74
 1 43 45 56 62 72 73
 1 43 45 54 55 56 62 74
 1 43 45 54 55 56 62 72 73
 1 43 45 53 56 74
 1 43 45 53 56 72 73
 1 43 45 53 54 55 56 74
 1 43 45 53 54 55 56 72 73
 1 43 45 47 56 62
 1 43 45 47 54 55 56 62
 1 43 45 47 53 56
 1 43 45 47 53 54 55 56
 1 43 44 56 62 74
 1 43 44 56 62 72 73
 1 43 44 56 62 70 74
 1 43 44 56 62 70 72 73
 1 43 44 56 62 68 69 74
 1 43 44 56 62 68 69 72 73
 1 43 44 54 55 56 62 74
 1 43 44 54 55 56 62 72 73
 1 43 44 54 55 56 62 70 74
 1 43 44 54 55 56 62 70 72 73
 1 43 44 54 55 56 62 68 69 74
 1 43 44 54 55 56 62 68 69 72 73
 1 43 44 53 56 74
 1 43 44 53 56 72 73
 1 43 44 53 56 70 74
 1 43 44 53 56 70 72 73
 1 43 44 53 56 68 69 74
 1 43 44 53 56 68 69 72 73
 1 43 44 53 54 55 56 74
 1 43 44 53 54 55 56 72 73
 1 43 44 53 54 55 56 70 74
 1 43 44 53 54 55 56 70 72 73
 1 43 44 53 54 55 56 68 69 74
 1 43 44 53 54 55 56 68 69 72 73
 1 43 44 47 56 62
 1 43 44 47 56 62 70
 1 43 44 47 56 62 68 69
 1 43 44 47 54 55 56 62
 1 43 44 47 54 55 56 62 70
 1 43 44 47 54 55 56 62 68 69
 1 43 44 47 53 56
 1 43 44 47 53 56 70
 1 43 44 47 53 56 68 69
 1 43 44 47 53 54 55 56
 1 43 44 47 53 54 55 56 70
 1 43 44 47 53 54 55 56 68 69
 1 41 47 58
 1 41 47 58 74
 1 41 47 58 72 73
 1 41 47 58 62
 1 41 47 58 62 74
 1 41 47 58 62 72 73
 1 41 45 46 58 74
 1 41 45 46 58 72 73
 1 41 45 46 58 62 74
 1 41 45 46 58 62 72 73
 1 41 45 46 47 58
 1 41 45 46 47 58 62
 1 37 56 60 66
 1 37 56 60 64 65
 1 37 39 56 60
 1 29 56 62 70
 1 29 56 62 68 69
 1 29 53 56 70
 1 29 53 56 68 69
 1 29 45 56 62 70 74
 1 29 45 56 62 70 72 73
 1 29 45 56 62 68 69 74
 1 29 45 56 62 68 69 72 73
 1 29 45 53 56 70 74
 1 29 45 53 56 70 72 73
 1 29 45 53 56 68 69 74
 1 29 45 53 56 68 69 72 73
 1 29 45 47 56 62 70
 1 29 45 47 56 62 68 69
 1 29 45 47 53 56 70
 1 29 45 47 53 56 68 69
 1 29 43 56 62
 1 29 43 53 56
 1 29 43 45 56 62 74
 1 29 43 45 56 62 72 73
 1 29 43 45 53 56 74
 1 29 43 45 53 56 72 73
 1 29 43 45 47 56 62
 1 29 43 45 47 53 56
 1 29 43 44 56 62 74
 1 29 43 44 56 62 72 73
 1 29 43 44 56 62 70 74
 1 29 43 44 56 62 70 72 73
 1 29 43 44 56 62 68 69 74
 1 29 43 44 56 62 68 69 72 73
 1 29 43 44 53 56 74
 1 29 43 44 53 56 72 73
 1 29 43 44 53 56 70 74
 1 29 43 44 53 56 70 72 73
 1 29 43 44 53 56 68 69 74
 1 29 43 44 53 56 68 69 72 73
 1 29 43 44 47 56 62
 1 29 43 44 47 56 62 70
 1 29 43 44 47 56 62 68 69
 1 29 43 44 47 53 56
 1 29 43 44 47 53 56 70
 1 29 43 44 47 53 56 68 69
 1 20 58 68 74
 1 20 58 68 72 73
 1 20 58 66 67 74
 1 20 58 66 67 72 73
 1 20 58 62 74
 1 20 58 62 72 73
 1 20 58 62 68 74
 1 20 58 62 68 72 73
 1 20 58 62 66 67 74
 1 20 58 62 66 67 72 73
 1 20 53 58 74
 1 20 53 58 72 73
 1 20 47 58 68
 1 20 47 58 66 67
 1 20 47 58 62
 1 20 47 58 62 68
 1 20 47 58 62 66 67
 1 20 47 53 58
 1 20 41 58 74
 1 20 41 58 72 73
 1 20 41 58 62 74
 1 20 41 58 62 72 73
 1 20 41 47 58
 1 20 41 47 58 62
 1 18 56 62 70 74
 1 18 56 62 70 72 73
 1 18 56 62 68 69 74
 1 18 56 62 68 69 72 73
 1 18 54 55 56 62 70 74
 1 18 54 55 56 62 70 72 73
 1 18 54 55 56 62 68 69 74
 1 18 54 55 56 62 68 69 72 73
 1 18 53 56 70 74
 1 18 53 56 70 72 73
 1 18 53 56 68 69 74
 1 18 53 56 68 69 72 73
 1 18 53 54 55 56 70 74
 1 18 53 54 55 56 70 72 73
 1 18 53 54 55 56 68 69 74
 1 18 53 54 55 56 68 69 72 73
 1 18 47 56 62 70
 1 18 47 56 62 68 69
 1 18 47 54 55 56 62 70
 1 18 47 54 55 56 62 68 69
 1 18 47 53 56 70
 1 18 47 53 56 68 69
 1 18 47 53 54 55 56 70
 1 18 47 53 54 55 56 68 69
 1 18 43 56 62 74
 1 18 43 56 62 72 73
 1 18 43 54 55 56 62 74
 1 18 43 54 55 56 62 72 73
 1 18 43 53 56 74
 1 18 43 53 56 72 73
 1 18 43 53 54 55 56 74
 1 18 43 53 54 55 56 72 73
 1 18 43 47 56 62
 1 18 43 47 54 55 56 62
 1 18 43 47 53 56
 1 18 43 47 53 54 55 56
 1 18 29 56 62 70 74
 1 18 29 56 62 70 72 73
 1 18 29 56 62 68 69 74
 1 18 29 56 62 68 69 72 73
 1 18 29 53 56 70 74
 1 18 29 53 56 70 72 73
 1 18 29 53 56 68 69 74
 1 18 29 53 56 68 69 72 73
 1 18 29 47 56 62 70
 1 18 29 47 56 62 68 69
 1 18 29 47 53 56 70
 1 18 29 47 53 56 68 69
 1 18 29 43 56 62 74
 1 18 29 43 56 62 72 73
 1 18 29 43 53 56 74
 1 18 29 43 53 56 72 73
 1 18 29 43 47 56 62
 1 18 29 43 47 53 56
 1 11 56 72
 1 11 56 70
 1 11 56 70 71
 1 11 56 68 69
 1 11 54 55 56 70
 1 11 54 55 56 68 69
 1 11 47 58
 1 11 47 58 74
 1 11 47 58 72 73
 1 11 45 56
 1 11 45 56 70 74
 1 11 45 56 70 72 73
 1 11 45 56 68 69 74
 1 11 45 56 68 69 72 73
 1 11 45 54 55 56 70 74
 1 11 45 54 55 56 70 72 73
 1 11 45 54 55 56 68 69 74
 1 11 45 54 55 56 68 69 72 73
 1 11 45 47 56 70
 1 11 45 47 56 68 69
 1 11 45 47 54 55 56 70
 1 11 45 47 54 55 56 68 69
 1 11 45 46 58 74
 1 11 45 46 58 72 73
 1 11 45 46 47 58
 1 11 43 56
 1 11 43 54 55 56
 1 11 43 45 56 74
 1 11 43 45 56 72 73
 1 11 43 45 54 55 56 74
 1 11 43 45 54 55 56 72 73
 1 11 43 45 47 56
 1 11 43 45 47 54 55 56
 1 11 43 44 56 74
 1 11 43 44 56 72 73
 1 11 43 44 56 70 74
 1 11 43 44 56 70 72 73
 1 11 43 44 56 68 69 74
 1 11 43 44 56 68 69 72 73
 1 11 43 44 54 55 56 74
 1 11 43 44 54 55 56 72 73
 1 11 43 44 54 55 56 70 74
 1 11 43 44 54 55 56 70 72 73
 1 11 43 44 54 55 56 68 69 74
 1 11 43 44 54 55 56 68 69 72 73
 1 11 43 44 47 56
 1 11 43 44 47 56 70
 1 11 43 44 47 56 68 69
 1 11 43 44 47 54 55 56
 1 11 43 44 47 54 55 56 70
 1 11 43 44 47 54 55 56 68 69
 1 11 29 56 70
 1 11 29 56 68 69
 1 11 29 45 56 70 74
 1 11 29 45 56 70 72 73
 1 11 29 45 56 68 69 74
 1 11 29 45 56 68 69 72 73
 1 11 29 45 47 56 70
 1 11 29 45 47 56 68 69
 1 11 29 43 56
 1 11 29 43 45 56 74
 1 11 29 43 45 56 72 73
 1 11 29 43 45 47 56
 1 11 29 43 44 56 74
 1 11 29 43 44 56 72 73
 1 11 29 43 44 56 70 74
 1 11 29 43 44 56 70 72 73
 1 11 29 43 44 56 68 69 74
 1 11 29 43 44 56 68 69 72 73
 1 11 29 43 44 47 56
 1 11 29 43 44 47 56 70
 1 11 29 43 44 47 56 68 69
 1 11 20 58 74
 1 11 20 58 72 73
 1 11 20 47 58
 1 11 18 56 70 74
 1 11 18 56 70 72 73
 1 11 18 56 68 69 74
 1 11 18 56 68 69 72 73
 1 11 18 54 55 56 70 74
 1 11 18 54 55 56 70 72 73
 1 11 18 54 55 56 68 69 74
 1 11 18 54 55 56 68 69 72 73
 1 11 18 47 56 70
 1 11 18 47 56 68 69
 1 11 18 47 54 55 56 70
 1 11 18 47 54 55 56 68 69
 1 11 18 43 56 74
 1 11 18 43 56 72 73
 1 11 18 43 54 55 56 74
 1 11 18 43 54 55 56 72 73
 1 11 18 43 47 56
 1 11 18 43 47 54 55 56
 1 11 18 29 56 70 74
 1 11 18 29 56 70 72 73
 1 11 18 29 56 68 69 74
 1 11 18 29 56 68 69 72 73
 1 11 18 29 47 56 70
 1 11 18 29 47 56 68 69
 1 11 18 29 43 56 74
 1 11 18 29 43 56 72 73
 1 11 18 29 43 47 56
 1 9 10 56 72
 1 9 10 56 70
 1 9 10 56 70 71
 1 9 10 56 68 69
 1 9 10 54 55 56 70
 1 9 10 54 55 56 68 69
 1 9 10 47 58
 1 9 10 47 58 74
 1 9 10 47 58 72 73
 1 9 10 45 56
 1 9 10 45 56 70 74
 1 9 10 45 56 70 72 73
 1 9 10 45 56 68 69 74
 1 9 10 45 56 68 69 72 73
 1 9 10 45 54 55 56 70 74
 1 9 10 45 54 55 56 70 72 73
 1 9 10 45 54 55 56 68 69 74
 1 9 10 45 54 55 56 68 69 72 73
 1 9 10 45 47 56 70
 1 9 10 45 47 56 68 69
 1 9 10 45 47 54 55 56 70
 1 9 10 45 47 54 55 56 68 69
 1 9 10 45 46 58 74
 1 9 10 45 46 58 72 73
 1 9 10 45 46 47 58
 1 9 10 43 56
 1 9 10 43 54 55 56
 1 9 10 43 45 56 74
 1 9 10 43 45 56 72 73
 1 9 10 43 45 54 55 56 74
 1 9 10 43 45 54 55 56 72 73
 1 9 10 43 45 47 56
 1 9 10 43 45 47 54 55 56
 1 9 10 43 44 56 74
 1 9 10 43 44 56 72 73
 1 9 10 43 44 56 70 74
 1 9 10 43 44 56 70 72 73
 1 9 10 43 44 56 68 69 74
 1 9 10 43 44 56 68 69 72 73
 1 9 10 43 44 54 55 56 74
 1 9 10 43 44 54 55 56 72 73
 1 9 10 43 44 54 55 56 70 74
 1 9 10 43 44 54 55 56 70 72 73
 1 9 10 43 44 54 55 56 68 69 74
 1 9 10 43 44 54 55 56 68 69 72 73
 1 9 10 43 44 47 56
 1 9 10 43 44 47 56 70
 1 9 10 43 44 47 56 68 69
 1 9 10 43 44 47 54 55 56
 1 9 10 43 44 47 54 55 56 70
 1 9 10 43 44 47 54 55 56 68 69
 1 9 10 29 56 70
 1 9 10 29 56 68 69
 1 9 10 29 45 56 70 74
 1 9 10 29 45 56 70 72 73
 1 9 10 29 45 56 68 69 74
 1 9 10 29 45 56 68 69 72 73
 1 9 10 29 45 47 56 70
 1 9 10 29 45 47 56 68 69
 1 9 10 29 43 56
 1 9 10 29 43 45 56 74
 1 9 10 29 43 45 56 72 73
 1 9 10 29 43 45 47 56
 1 9 10 29 43 44 56 74
 1 9 10 29 43 44 56 72 73
 1 9 10 29 43 44 56 70 74
 1 9 10 29 43 44 56 70 72 73
 1 9 10 29 43 44 56 68 69 74
 1 9 10 29 43 44 56 68 69 72 73
 1 9 10 29 43 44 47 56
 1 9 10 29 43 44 47 56 70
 1 9 10 29 43 44 47 56 68 69
 1 9 10 20 58 74
 1 9 10 20 58 72 73
 1 9 10 20 47 58
 1 9 10 18 56 70 74
 1 9 10 18 56 70 72 73
 1 9 10 18 56 68 69 74
 1 9 10 18 56 68 69 72 73
 1 9 10 18 54 55 56 70 74
 1 9 10 18 54 55 56 70 72 73
 1 9 10 18 54 55 56 68 69 74
 1 9 10 18 54 55 56 68 69 72 73
 1 9 10 18 47 56 70
 1 9 10 18 47 56 68 69
 1 9 10 18 47 54 55 56 70
 1 9 10 18 47 54 55 56 68 69
 1 9 10 18 43 56 74
 1 9 10 18 43 56 72 73
 1 9 10 18 43 54 55 56 74
 1 9 10 18 43 54 55 56 72 73
 1 9 10 18 43 47 56
 1 9 10 18 43 47 54 55 56
 1 9 10 18 29 56 70 74
 1 9 10 18 29 56 70 72 73
 1 9 10 18 29 56 68 69 74
 1 9 10 18 29 56 68 69 72 73
 1 9 10 18 29 47 56 70
 1 9 10 18 29 47 56 68 69
 1 9 10 18 29 43 56 74
 1 9 10 18 29 43 56 72 73
 1 9 10 18 29 43 47 56
