 70 72
 70 71
 68 69 72
 68 69 70 71
 47 58 70
 47 58 68 69
 47 56 57 58 70
 47 56 57 58 68 69
 45 70
 45 68 69
 45 58
 45 58 74
 45 58 72 74
 45 58 70 71 74
 45 58 70 71 72 73
 45 58 64
 45 58 64 72
 45 58 64 70 71
 45 58 62
 45 58 62 72
 45 58 62 70 71
 45 58 60 62
 45 58 60 62 72
 45 58 60 62 70
 45 58 60 62 70 72
 45 58 60 62 68 69
 45 58 60 62 68 69 72
 45 58 60 62 68 69 70 71
 45 57 58
 45 57 58 62
 45 57 58 62 72
 45 57 58 62 70 71
 45 56 58 70
 45 56 58 70 74
 45 56 58 70 72
 45 56 58 70 72 73
 45 56 58 70 71
 45 56 58 68 69
 45 56 58 68 69 74
 45 56 58 68 69 72
 45 56 58 68 69 72 73
 45 56 58 68 69 70 71
 45 56 57 64
 45 56 57 64 72
 45 56 57 64 70 71
 45 56 57 60 62
 45 56 57 60 62 72
 45 56 57 60 62 70 71
 45 56 57 58 70
 45 56 57 58 70 72
 45 56 57 58 70 71
 45 56 57 58 68 69
 45 56 57 58 68 69 72
 45 56 57 58 68 69 70 71
 45 56 57 58 60 62 70
 45 56 57 58 60 62 70 72
 45 56 57 58 60 62 70 71
 45 56 57 58 60 62 68 69
 45 56 57 58 60 62 68 69 72
 45 56 57 58 60 62 68 69 70 71
 45 54 55 58 70 74
 45 54 55 58 70 72 73
 45 54 55 58 68 69 74
 45 54 55 58 68 69 72 73
 45 47 58
 45 47 58 72
 45 47 58 70 71
 45 47 56 58 70
 45 47 56 58 68 69
 45 47 54 55 58 70
 45 47 54 55 58 68 69
 45 46 58 70
 45 46 58 68 69
 45 46 56 57 58 70
 45 46 56 57 58 68 69
 43 72
 43 70 71
 43 47 58
 43 47 56 57 58
 43 45
 43 45 58 60 62
 43 45 58 60 62 72
 43 45 58 60 62 70 71
 43 45 56 58
 43 45 56 58 74
 43 45 56 58 72
 43 45 56 58 72 73
 43 45 56 58 70 71
 43 45 56 57 58
 43 45 56 57 58 72
 43 45 56 57 58 70 71
 43 45 56 57 58 60 62
 43 45 56 57 58 60 62 72
 43 45 56 57 58 60 62 70 71
 43 45 54 55 58 74
 43 45 54 55 58 72 73
 43 45 47 56 58
 43 45 47 54 55 58
 43 45 46 58
 43 45 46 56 57 58
 43 44 58
 43 44 58 72 74
 43 44 58 72 73
 43 44 58 70 71 74
 43 44 58 70 71 72 73
 43 44 58 64 72
 43 44 58 64 70 71
 43 44 58 62 72
 43 44 58 62 70 71
 43 44 58 60 62 70 72
 43 44 58 60 62 70 71
 43 44 58 60 62 68 69 72
 43 44 58 60 62 68 69 70 71
 43 44 57 58
 43 44 57 58 62 72
 43 44 57 58 62 70 71
 43 44 56 58 74
 43 44 56 58 72
 43 44 56 58 72 73
 43 44 56 58 70 74
 43 44 56 58 70 72
 43 44 56 58 70 72 73
 43 44 56 58 68 69 74
 43 44 56 58 68 69 72
 43 44 56 58 68 69 72 73
 43 44 56 58 68 69 70 71
 43 44 56 57 64 72
 43 44 56 57 64 70 71
 43 44 56 57 60 62 72
 43 44 56 57 60 62 70 71
 43 44 56 57 58 72
 43 44 56 57 58 70 72
 43 44 56 57 58 68 69 72
 43 44 56 57 58 68 69 70 71
 43 44 56 57 58 60 62 72
 43 44 56 57 58 60 62 70 72
 43 44 56 57 58 60 62 68 69 72
 43 44 56 57 58 60 62 68 69 70 71
 43 44 54 55 58 74
 43 44 54 55 58 72 73
 43 44 54 55 58 70 74
 43 44 54 55 58 70 72 73
 43 44 54 55 58 68 69 74
 43 44 54 55 58 68 69 72 73
 43 44 47 58 72
 43 44 47 58 70 71
 43 44 47 56 58
 43 44 47 56 58 70
 43 44 47 56 58 68 69
 43 44 47 54 55 58
 43 44 47 54 55 58 70
 43 44 47 54 55 58 68 69
 43 44 45 58 74
 43 44 45 58 72 73
 43 44 45 58 64
 43 44 45 58 62
 43 44 45 58 60 62 70
 43 44 45 58 60 62 68 69
 43 44 45 57 58 62
 43 44 45 56 58
 43 44 45 56 58 70
 43 44 45 56 58 68 69
 43 44 45 56 57 64
 43 44 45 56 57 60 62
 43 44 45 56 57 58
 43 44 45 56 57 58 70
 43 44 45 56 57 58 68 69
 43 44 45 56 57 58 60 62
 43 44 45 56 57 58 60 62 70
 43 44 45 56 57 58 60 62 68 69
 43 44 45 47 58
 41 45 57 60 70
 41 45 57 60 68 69
 41 45 54 60 70
 41 45 54 60 68 69
 41 45 52 53 60 70
 41 45 52 53 60 68 69
 41 43 45 57 60
 41 43 45 54 60
 41 43 45 52 53 60
 41 43 44 57 60
 41 43 44 57 60 70
 41 43 44 57 60 68 69
 41 43 44 54 60
 41 43 44 54 60 70
 41 43 44 54 60 68 69
 41 43 44 52 53 60
 41 43 44 52 53 60 70
 41 43 44 52 53 60 68 69
 39 45 58 64
 39 45 58 64 72
 39 45 58 64 70 71
 39 45 58 62 70
 39 45 58 62 70 72
 39 45 58 62 70 71
 39 45 58 62 68 69
 39 45 58 62 68 69 72
 39 45 58 62 68 69 70 71
 39 45 58 60 64
 39 45 58 60 64 72
 39 45 58 60 64 70 71
 39 45 57 58 62
 39 45 57 58 62 72
 39 45 57 58 62 70 71
 39 45 57 58 60 62
 39 45 57 58 60 62 72
 39 45 57 58 60 62 70 71
 39 45 56 57 64
 39 45 56 57 64 72
 39 45 56 57 64 70 71
 39 45 56 57 62
 39 45 56 57 62 72
 39 45 56 57 62 70 71
 39 45 56 57 60 64
 39 45 56 57 60 64 72
 39 45 56 57 60 64 70 71
 39 45 56 57 60 62
 39 45 56 57 60 62 72
 39 45 56 57 60 62 70 71
 39 45 56 57 58 62 70
 39 45 56 57 58 62 70 72
 39 45 56 57 58 62 70 71
 39 45 56 57 58 62 68 69
 39 45 56 57 58 62 68 69 72
 39 45 56 57 58 62 68 69 70 71
 39 43 45 58 62
 39 43 45 58 62 72
 39 43 45 58 62 70 71
 39 43 45 56 57 58 62
 39 43 45 56 57 58 62 72
 39 43 45 56 57 58 62 70 71
 39 43 44 58 64 72
 39 43 44 58 64 70 71
 39 43 44 58 62 72
 39 43 44 58 62 70 72
 39 43 44 58 62 68 69 72
 39 43 44 58 62 68 69 70 71
 39 43 44 58 60 64 72
 39 43 44 58 60 64 70 71
 39 43 44 57 58 62 72
 39 43 44 57 58 62 70 71
 39 43 44 57 58 60 62 72
 39 43 44 57 58 60 62 70 71
 39 43 44 56 57 64 72
 39 43 44 56 57 64 70 71
 39 43 44 56 57 62 72
 39 43 44 56 57 62 70 71
 39 43 44 56 57 60 64 72
 39 43 44 56 57 60 64 70 71
 39 43 44 56 57 60 62 72
 39 43 44 56 57 60 62 70 71
 39 43 44 56 57 58 62 72
 39 43 44 56 57 58 62 70 72
 39 43 44 56 57 58 62 68 69 72
 39 43 44 56 57 58 62 68 69 70 71
 39 43 44 45 58 64
 39 43 44 45 58 62
 39 43 44 45 58 62 70
 39 43 44 45 58 62 68 69
 39 43 44 45 58 60 64
 39 43 44 45 57 58 62
 39 43 44 45 57 58 60 62
 39 43 44 45 56 57 64
 39 43 44 45 56 57 62
 39 43 44 45 56 57 60 64
 39 43 44 45 56 57 60 62
 39 43 44 45 56 57 58 62
 39 43 44 45 56 57 58 62 70
 39 43 44 45 56 57 58 62 68 69
 39 40 45 57 60 70
 39 40 45 57 60 68 69
 39 40 45 54 60 70
 39 40 45 54 60 68 69
 39 40 45 52 53 60 70
 39 40 45 52 53 60 68 69
 39 40 43 45 57 60
 39 40 43 45 54 60
 39 40 43 45 52 53 60
 39 40 43 44 57 60
 39 40 43 44 57 60 70
 39 40 43 44 57 60 68 69
 39 40 43 44 54 60
 39 40 43 44 54 60 70
 39 40 43 44 54 60 68 69
 39 40 43 44 52 53 60
 39 40 43 44 52 53 60 70
 39 40 43 44 52 53 60 68 69
 37 38 45 58 64
 37 38 45 58 64 72
 37 38 45 58 64 70 71
 37 38 45 58 62 70
 37 38 45 58 62 70 72
 37 38 45 58 62 70 71
 37 38 45 58 62 68 69
 37 38 45 58 62 68 69 72
 37 38 45 58 62 68 69 70 71
 37 38 45 58 60 64
 37 38 45 58 60 64 72
 37 38 45 58 60 64 70 71
 37 38 45 57 58 62
 37 38 45 57 58 62 72
 37 38 45 57 58 62 70 71
 37 38 45 57 58 60 62
 37 38 45 57 58 60 62 72
 37 38 45 57 58 60 62 70 71
 37 38 45 56 57 64
 37 38 45 56 57 64 72
 37 38 45 56 57 64 70 71
 37 38 45 56 57 62
 37 38 45 56 57 62 72
 37 38 45 56 57 62 70 71
 37 38 45 56 57 60 64
 37 38 45 56 57 60 64 72
 37 38 45 56 57 60 64 70 71
 37 38 45 56 57 60 62
 37 38 45 56 57 60 62 72
 37 38 45 56 57 60 62 70 71
 37 38 45 56 57 58 62 70
 37 38 45 56 57 58 62 70 72
 37 38 45 56 57 58 62 70 71
 37 38 45 56 57 58 62 68 69
 37 38 45 56 57 58 62 68 69 72
 37 38 45 56 57 58 62 68 69 70 71
 37 38 43 45 58 62
 37 38 43 45 58 62 72
 37 38 43 45 58 62 70 71
 37 38 43 45 56 57 58 62
 37 38 43 45 56 57 58 62 72
 37 38 43 45 56 57 58 62 70 71
 37 38 43 44 58 64 72
 37 38 43 44 58 64 70 71
 37 38 43 44 58 62 72
 37 38 43 44 58 62 70 72
 37 38 43 44 58 62 68 69 72
 37 38 43 44 58 62 68 69 70 71
 37 38 43 44 58 60 64 72
 37 38 43 44 58 60 64 70 71
 37 38 43 44 57 58 62 72
 37 38 43 44 57 58 62 70 71
 37 38 43 44 57 58 60 62 72
 37 38 43 44 57 58 60 62 70 71
 37 38 43 44 56 57 64 72
 37 38 43 44 56 57 64 70 71
 37 38 43 44 56 57 62 72
 37 38 43 44 56 57 62 70 71
 37 38 43 44 56 57 60 64 72
 37 38 43 44 56 57 60 64 70 71
 37 38 43 44 56 57 60 62 72
 37 38 43 44 56 57 60 62 70 71
 37 38 43 44 56 57 58 62 72
 37 38 43 44 56 57 58 62 70 72
 37 38 43 44 56 57 58 62 68 69 72
 37 38 43 44 56 57 58 62 68 69 70 71
 37 38 43 44 45 58 64
 37 38 43 44 45 58 62
 37 38 43 44 45 58 62 70
 37 38 43 44 45 58 62 68 69
 37 38 43 44 45 58 60 64
 37 38 43 44 45 57 58 62
 37 38 43 44 45 57 58 60 62
 37 38 43 44 45 56 57 64
 37 38 43 44 45 56 57 62
 37 38 43 44 45 56 57 60 64
 37 38 43 44 45 56 57 60 62
 37 38 43 44 45 56 57 58 62
 37 38 43 44 45 56 57 58 62 70
 37 38 43 44 45 56 57 58 62 68 69
 35 45 74
 35 45 72 74
 35 45 70 71 74
 35 45 70 71 72 73
 35 45 58 70
 35 45 58 68 69
 35 45 56 70 74
 35 45 56 70 72 73
 35 45 56 68 69 74
 35 45 56 68 69 72 73
 35 45 56 57 58 70
 35 45 56 57 58 68 69
 35 45 54 55 70 74
 35 45 54 55 70 72 73
 35 45 54 55 68 69 74
 35 45 54 55 68 69 72 73
 35 45 47
 35 45 47 72
 35 45 47 70 71
 35 45 47 56 70
 35 45 47 56 68 69
 35 45 47 54 55 70
 35 45 47 54 55 68 69
 35 43 45 58
 35 43 45 56 74
 35 43 45 56 72 73
 35 43 45 56 57 58
 35 43 45 54 55 74
 35 43 45 54 55 72 73
 35 43 45 47 56
 35 43 45 47 54 55
 35 43 44 72 74
 35 43 44 72 73
 35 43 44 70 71 74
 35 43 44 70 71 72 73
 35 43 44 58
 35 43 44 58 70
 35 43 44 58 68 69
 35 43 44 56 74
 35 43 44 56 72 73
 35 43 44 56 70 74
 35 43 44 56 70 72 73
 35 43 44 56 68 69 74
 35 43 44 56 68 69 72 73
 35 43 44 56 57 58
 35 43 44 56 57 58 70
 35 43 44 56 57 58 68 69
 35 43 44 54 55 74
 35 43 44 54 55 72 73
 35 43 44 54 55 70 74
 35 43 44 54 55 70 72 73
 35 43 44 54 55 68 69 74
 35 43 44 54 55 68 69 72 73
 35 43 44 47 72
 35 43 44 47 70 71
 35 43 44 47 56
 35 43 44 47 56 70
 35 43 44 47 56 68 69
 35 43 44 47 54 55
 35 43 44 47 54 55 70
 35 43 44 47 54 55 68 69
 35 43 44 45 74
 35 43 44 45 72 73
 35 43 44 45 47
 35 41 72
 35 41 70 71
 35 41 45
 35 39 40 72
 35 39 40 70 71
 35 39 40 45
 31 47 58 70
 31 47 58 68 69
 31 45 64
 31 45 64 72
 31 45 64 70 71
 31 45 62
 31 45 62 72
 31 45 62 70 71
 31 45 60 62
 31 45 60 62 72
 31 45 60 62 70 71
 31 45 58
 31 45 58 60 62 70
 31 45 58 60 62 70 72
 31 45 58 60 62 70 71
 31 45 58 60 62 68 69
 31 45 58 60 62 68 69 72
 31 45 58 60 62 68 69 70 71
 31 45 57 62
 31 45 57 62 72
 31 45 57 62 70 71
 31 45 57 58
 31 45 56 58 70
 31 45 56 58 70 72
 31 45 56 58 70 71
 31 45 56 58 68 69
 31 45 56 58 68 69 72
 31 45 56 58 68 69 70 71
 31 45 46 58 70
 31 45 46 58 68 69
 31 43 47 58
 31 43 45 58 60 62
 31 43 45 58 60 62 72
 31 43 45 58 60 62 70 71
 31 43 45 56 58
 31 43 45 56 58 72
 31 43 45 56 58 70 71
 31 43 45 46 58
 31 43 44 64 72
 31 43 44 64 70 71
 31 43 44 62 72
 31 43 44 62 70 71
 31 43 44 60 62 72
 31 43 44 60 62 70 71
 31 43 44 58
 31 43 44 58 60 62 72
 31 43 44 58 60 62 70 72
 31 43 44 58 60 62 68 69 72
 31 43 44 58 60 62 68 69 70 71
 31 43 44 57 62 72
 31 43 44 57 62 70 71
 31 43 44 57 58
 31 43 44 56 58 72
 31 43 44 56 58 70 72
 31 43 44 56 58 68 69 72
 31 43 44 56 58 68 69 70 71
 31 43 44 45 64
 31 43 44 45 62
 31 43 44 45 60 62
 31 43 44 45 58 60 62
 31 43 44 45 58 60 62 70
 31 43 44 45 58 60 62 68 69
 31 43 44 45 57 62
 31 43 44 45 56 58
 31 43 44 45 56 58 70
 31 43 44 45 56 58 68 69
 31 39 45 64
 31 39 45 64 72
 31 39 45 64 70 71
 31 39 45 60 64
 31 39 45 60 64 72
 31 39 45 60 64 70 71
 31 39 45 58 62 70
 31 39 45 58 62 70 72
 31 39 45 58 62 70 71
 31 39 45 58 62 68 69
 31 39 45 58 62 68 69 72
 31 39 45 58 62 68 69 70 71
 31 39 45 57 62
 31 39 45 57 62 72
 31 39 45 57 62 70 71
 31 39 45 57 60 62
 31 39 45 57 60 62 72
 31 39 45 57 60 62 70 71
 31 39 43 45 58 62
 31 39 43 45 58 62 72
 31 39 43 45 58 62 70 71
 31 39 43 44 64 72
 31 39 43 44 64 70 71
 31 39 43 44 60 64 72
 31 39 43 44 60 64 70 71
 31 39 43 44 58 62 72
 31 39 43 44 58 62 70 72
 31 39 43 44 58 62 68 69 72
 31 39 43 44 58 62 68 69 70 71
 31 39 43 44 57 62 72
 31 39 43 44 57 62 70 71
 31 39 43 44 57 60 62 72
 31 39 43 44 57 60 62 70 71
 31 39 43 44 45 64
 31 39 43 44 45 60 64
 31 39 43 44 45 58 62
 31 39 43 44 45 58 62 70
 31 39 43 44 45 58 62 68 69
 31 39 43 44 45 57 62
 31 39 43 44 45 57 60 62
 31 37 38 45 64
 31 37 38 45 64 72
 31 37 38 45 64 70 71
 31 37 38 45 60 64
 31 37 38 45 60 64 72
 31 37 38 45 60 64 70 71
 31 37 38 45 58 62 70
 31 37 38 45 58 62 70 72
 31 37 38 45 58 62 70 71
 31 37 38 45 58 62 68 69
 31 37 38 45 58 62 68 69 72
 31 37 38 45 58 62 68 69 70 71
 31 37 38 45 57 62
 31 37 38 45 57 62 72
 31 37 38 45 57 62 70 71
 31 37 38 45 57 60 62
 31 37 38 45 57 60 62 72
 31 37 38 45 57 60 62 70 71
 31 37 38 43 45 58 62
 31 37 38 43 45 58 62 72
 31 37 38 43 45 58 62 70 71
 31 37 38 43 44 64 72
 31 37 38 43 44 64 70 71
 31 37 38 43 44 60 64 72
 31 37 38 43 44 60 64 70 71
 31 37 38 43 44 58 62 72
 31 37 38 43 44 58 62 70 72
 31 37 38 43 44 58 62 68 69 72
 31 37 38 43 44 58 62 68 69 70 71
 31 37 38 43 44 57 62 72
 31 37 38 43 44 57 62 70 71
 31 37 38 43 44 57 60 62 72
 31 37 38 43 44 57 60 62 70 71
 31 37 38 43 44 45 64
 31 37 38 43 44 45 60 64
 31 37 38 43 44 45 58 62
 31 37 38 43 44 45 58 62 70
 31 37 38 43 44 45 58 62 68 69
 31 37 38 43 44 45 57 62
 31 37 38 43 44 45 57 60 62
 31 35 45 58 70
 31 35 45 58 68 69
 31 35 43 45 58
 31 35 43 44 58
 31 35 43 44 58 70
 31 35 43 44 58 68 69
 29 45 58 70 74
 29 45 58 70 72 73
 29 45 58 68 69 74
 29 45 58 68 69 72 73
 29 45 47 58 70
 29 45 47 58 68 69
 29 43 45 58 74
 29 43 45 58 72 73
 29 43 45 47 58
 29 43 44 58 74
 29 43 44 58 72 73
 29 43 44 58 70 74
 29 43 44 58 70 72 73
 29 43 44 58 68 69 74
 29 43 44 58 68 69 72 73
 29 43 44 47 58
 29 43 44 47 58 70
 29 43 44 47 58 68 69
 29 35 45 70 74
 29 35 45 70 72 73
 29 35 45 68 69 74
 29 35 45 68 69 72 73
 29 35 45 47 70
 29 35 45 47 68 69
 29 35 43 45 74
 29 35 43 45 72 73
 29 35 43 45 47
 29 35 43 44 74
 29 35 43 44 72 73
 29 35 43 44 70 74
 29 35 43 44 70 72 73
 29 35 43 44 68 69 74
 29 35 43 44 68 69 72 73
 29 35 43 44 47
 29 35 43 44 47 70
 29 35 43 44 47 68 69
 28 47 54 58
 28 47 54 56 57 58
 28 47 52 53 58
 28 47 52 53 56 57 58
 28 45
 28 45 72
 28 45 70 71
 28 45 58 64
 28 45 58 64 72
 28 45 58 64 70 71
 28 45 58 60 64
 28 45 58 60 64 72
 28 45 58 60 64 70 71
 28 45 57 58 62
 28 45 57 58 62 72
 28 45 57 58 62 70 71
 28 45 57 58 60 62
 28 45 57 58 60 62 72
 28 45 57 58 60 62 70 71
 28 45 56 57 64
 28 45 56 57 64 72
 28 45 56 57 64 70 71
 28 45 56 57 62
 28 45 56 57 62 72
 28 45 56 57 62 70 71
 28 45 56 57 60 64
 28 45 56 57 60 64 72
 28 45 56 57 60 64 70 71
 28 45 56 57 60 62
 28 45 56 57 60 62 72
 28 45 56 57 60 62 70 71
 28 45 46 54 58
 28 45 46 54 56 57 58
 28 45 46 52 53 58
 28 45 46 52 53 56 57 58
 28 43 44 72
 28 43 44 70 71
 28 43 44 58 64 72
 28 43 44 58 64 70 71
 28 43 44 58 60 64 72
 28 43 44 58 60 64 70 71
 28 43 44 57 58 62 72
 28 43 44 57 58 62 70 71
 28 43 44 57 58 60 62 72
 28 43 44 57 58 60 62 70 71
 28 43 44 56 57 64 72
 28 43 44 56 57 64 70 71
 28 43 44 56 57 62 72
 28 43 44 56 57 62 70 71
 28 43 44 56 57 60 64 72
 28 43 44 56 57 60 64 70 71
 28 43 44 56 57 60 62 72
 28 43 44 56 57 60 62 70 71
 28 43 44 45
 28 43 44 45 58 64
 28 43 44 45 58 60 64
 28 43 44 45 57 58 62
 28 43 44 45 57 58 60 62
 28 43 44 45 56 57 64
 28 43 44 45 56 57 62
 28 43 44 45 56 57 60 64
 28 43 44 45 56 57 60 62
 28 41 45 58 64
 28 41 45 58 64 72
 28 41 45 58 64 70 71
 28 41 45 58 60 64
 28 41 45 58 60 64 72
 28 41 45 58 60 64 70 71
 28 41 45 57 58 62
 28 41 45 57 58 62 72
 28 41 45 57 58 62 70 71
 28 41 45 57 58 60 62
 28 41 45 57 58 60 62 72
 28 41 45 57 58 60 62 70 71
 28 41 45 56 57 64
 28 41 45 56 57 64 72
 28 41 45 56 57 64 70 71
 28 41 45 56 57 62
 28 41 45 56 57 62 72
 28 41 45 56 57 62 70 71
 28 41 45 56 57 60 64
 28 41 45 56 57 60 64 72
 28 41 45 56 57 60 64 70 71
 28 41 45 56 57 60 62
 28 41 45 56 57 60 62 72
 28 41 45 56 57 60 62 70 71
 28 41 43 44 58 64 72
 28 41 43 44 58 64 70 71
 28 41 43 44 58 60 64 72
 28 41 43 44 58 60 64 70 71
 28 41 43 44 57 58 62 72
 28 41 43 44 57 58 62 70 71
 28 41 43 44 57 58 60 62 72
 28 41 43 44 57 58 60 62 70 71
 28 41 43 44 56 57 64 72
 28 41 43 44 56 57 64 70 71
 28 41 43 44 56 57 62 72
 28 41 43 44 56 57 62 70 71
 28 41 43 44 56 57 60 64 72
 28 41 43 44 56 57 60 64 70 71
 28 41 43 44 56 57 60 62 72
 28 41 43 44 56 57 60 62 70 71
 28 41 43 44 45 58 64
 28 41 43 44 45 58 60 64
 28 41 43 44 45 57 58 62
 28 41 43 44 45 57 58 60 62
 28 41 43 44 45 56 57 64
 28 41 43 44 45 56 57 62
 28 41 43 44 45 56 57 60 64
 28 41 43 44 45 56 57 60 62
 28 39 40 45 58 64
 28 39 40 45 58 64 72
 28 39 40 45 58 64 70 71
 28 39 40 45 58 60 64
 28 39 40 45 58 60 64 72
 28 39 40 45 58 60 64 70 71
 28 39 40 45 57 58 62
 28 39 40 45 57 58 62 72
 28 39 40 45 57 58 62 70 71
 28 39 40 45 57 58 60 62
 28 39 40 45 57 58 60 62 72
 28 39 40 45 57 58 60 62 70 71
 28 39 40 45 56 57 64
 28 39 40 45 56 57 64 72
 28 39 40 45 56 57 64 70 71
 28 39 40 45 56 57 62
 28 39 40 45 56 57 62 72
 28 39 40 45 56 57 62 70 71
 28 39 40 45 56 57 60 64
 28 39 40 45 56 57 60 64 72
 28 39 40 45 56 57 60 64 70 71
 28 39 40 45 56 57 60 62
 28 39 40 45 56 57 60 62 72
 28 39 40 45 56 57 60 62 70 71
 28 39 40 43 44 58 64 72
 28 39 40 43 44 58 64 70 71
 28 39 40 43 44 58 60 64 72
 28 39 40 43 44 58 60 64 70 71
 28 39 40 43 44 57 58 62 72
 28 39 40 43 44 57 58 62 70 71
 28 39 40 43 44 57 58 60 62 72
 28 39 40 43 44 57 58 60 62 70 71
 28 39 40 43 44 56 57 64 72
 28 39 40 43 44 56 57 64 70 71
 28 39 40 43 44 56 57 62 72
 28 39 40 43 44 56 57 62 70 71
 28 39 40 43 44 56 57 60 64 72
 28 39 40 43 44 56 57 60 64 70 71
 28 39 40 43 44 56 57 60 62 72
 28 39 40 43 44 56 57 60 62 70 71
 28 39 40 43 44 45 58 64
 28 39 40 43 44 45 58 60 64
 28 39 40 43 44 45 57 58 62
 28 39 40 43 44 45 57 58 60 62
 28 39 40 43 44 45 56 57 64
 28 39 40 43 44 45 56 57 62
 28 39 40 43 44 45 56 57 60 64
 28 39 40 43 44 45 56 57 60 62
 28 31 47 54 58
 28 31 47 52 53 58
 28 31 45 64
 28 31 45 64 72
 28 31 45 64 70 71
 28 31 45 60 64
 28 31 45 60 64 72
 28 31 45 60 64 70 71
 28 31 45 57 62
 28 31 45 57 62 72
 28 31 45 57 62 70 71
 28 31 45 57 60 62
 28 31 45 57 60 62 72
 28 31 45 57 60 62 70 71
 28 31 45 46 54 58
 28 31 45 46 52 53 58
 28 31 43 44 64 72
 28 31 43 44 64 70 71
 28 31 43 44 60 64 72
 28 31 43 44 60 64 70 71
 28 31 43 44 57 62 72
 28 31 43 44 57 62 70 71
 28 31 43 44 57 60 62 72
 28 31 43 44 57 60 62 70 71
 28 31 43 44 45 64
 28 31 43 44 45 60 64
 28 31 43 44 45 57 62
 28 31 43 44 45 57 60 62
 28 31 41 45 64
 28 31 41 45 64 72
 28 31 41 45 64 70 71
 28 31 41 45 60 64
 28 31 41 45 60 64 72
 28 31 41 45 60 64 70 71
 28 31 41 45 57 62
 28 31 41 45 57 62 72
 28 31 41 45 57 62 70 71
 28 31 41 45 57 60 62
 28 31 41 45 57 60 62 72
 28 31 41 45 57 60 62 70 71
 28 31 41 43 44 64 72
 28 31 41 43 44 64 70 71
 28 31 41 43 44 60 64 72
 28 31 41 43 44 60 64 70 71
 28 31 41 43 44 57 62 72
 28 31 41 43 44 57 62 70 71
 28 31 41 43 44 57 60 62 72
 28 31 41 43 44 57 60 62 70 71
 28 31 41 43 44 45 64
 28 31 41 43 44 45 60 64
 28 31 41 43 44 45 57 62
 28 31 41 43 44 45 57 60 62
 28 31 39 40 45 64
 28 31 39 40 45 64 72
 28 31 39 40 45 64 70 71
 28 31 39 40 45 60 64
 28 31 39 40 45 60 64 72
 28 31 39 40 45 60 64 70 71
 28 31 39 40 45 57 62
 28 31 39 40 45 57 62 72
 28 31 39 40 45 57 62 70 71
 28 31 39 40 45 57 60 62
 28 31 39 40 45 57 60 62 72
 28 31 39 40 45 57 60 62 70 71
 28 31 39 40 43 44 64 72
 28 31 39 40 43 44 64 70 71
 28 31 39 40 43 44 60 64 72
 28 31 39 40 43 44 60 64 70 71
 28 31 39 40 43 44 57 62 72
 28 31 39 40 43 44 57 62 70 71
 28 31 39 40 43 44 57 60 62 72
 28 31 39 40 43 44 57 60 62 70 71
 28 31 39 40 43 44 45 64
 28 31 39 40 43 44 45 60 64
 28 31 39 40 43 44 45 57 62
 28 31 39 40 43 44 45 57 60 62
 27 41 45 60 70
 27 41 45 60 68 69
 27 41 43 45 60
 27 41 43 44 60
 27 41 43 44 60 70
 27 41 43 44 60 68 69
 27 39 40 45 60 70
 27 39 40 45 60 68 69
 27 39 40 43 45 60
 27 39 40 43 44 60
 27 39 40 43 44 60 70
 27 39 40 43 44 60 68 69
 26 27 47 54 58
 26 27 47 54 56 57 58
 26 27 47 52 53 58
 26 27 47 52 53 56 57 58
 26 27 45
 26 27 45 72
 26 27 45 70 71
 26 27 45 58 64
 26 27 45 58 64 72
 26 27 45 58 64 70 71
 26 27 45 58 60 64
 26 27 45 58 60 64 72
 26 27 45 58 60 64 70 71
 26 27 45 57 58 62
 26 27 45 57 58 62 72
 26 27 45 57 58 62 70 71
 26 27 45 57 58 60 62
 26 27 45 57 58 60 62 72
 26 27 45 57 58 60 62 70 71
 26 27 45 56 57 64
 26 27 45 56 57 64 72
 26 27 45 56 57 64 70 71
 26 27 45 56 57 62
 26 27 45 56 57 62 72
 26 27 45 56 57 62 70 71
 26 27 45 56 57 60 64
 26 27 45 56 57 60 64 72
 26 27 45 56 57 60 64 70 71
 26 27 45 56 57 60 62
 26 27 45 56 57 60 62 72
 26 27 45 56 57 60 62 70 71
 26 27 45 46 54 58
 26 27 45 46 54 56 57 58
 26 27 45 46 52 53 58
 26 27 45 46 52 53 56 57 58
 26 27 43 44 72
 26 27 43 44 70 71
 26 27 43 44 58 64 72
 26 27 43 44 58 64 70 71
 26 27 43 44 58 60 64 72
 26 27 43 44 58 60 64 70 71
 26 27 43 44 57 58 62 72
 26 27 43 44 57 58 62 70 71
 26 27 43 44 57 58 60 62 72
 26 27 43 44 57 58 60 62 70 71
 26 27 43 44 56 57 64 72
 26 27 43 44 56 57 64 70 71
 26 27 43 44 56 57 62 72
 26 27 43 44 56 57 62 70 71
 26 27 43 44 56 57 60 64 72
 26 27 43 44 56 57 60 64 70 71
 26 27 43 44 56 57 60 62 72
 26 27 43 44 56 57 60 62 70 71
 26 27 43 44 45
 26 27 43 44 45 58 64
 26 27 43 44 45 58 60 64
 26 27 43 44 45 57 58 62
 26 27 43 44 45 57 58 60 62
 26 27 43 44 45 56 57 64
 26 27 43 44 45 56 57 62
 26 27 43 44 45 56 57 60 64
 26 27 43 44 45 56 57 60 62
 26 27 41 45 58 64
 26 27 41 45 58 64 72
 26 27 41 45 58 64 70 71
 26 27 41 45 58 60 64
 26 27 41 45 58 60 64 72
 26 27 41 45 58 60 64 70 71
 26 27 41 45 57 58 62
 26 27 41 45 57 58 62 72
 26 27 41 45 57 58 62 70 71
 26 27 41 45 57 58 60 62
 26 27 41 45 57 58 60 62 72
 26 27 41 45 57 58 60 62 70 71
 26 27 41 45 56 57 64
 26 27 41 45 56 57 64 72
 26 27 41 45 56 57 64 70 71
 26 27 41 45 56 57 62
 26 27 41 45 56 57 62 72
 26 27 41 45 56 57 62 70 71
 26 27 41 45 56 57 60 64
 26 27 41 45 56 57 60 64 72
 26 27 41 45 56 57 60 64 70 71
 26 27 41 45 56 57 60 62
 26 27 41 45 56 57 60 62 72
 26 27 41 45 56 57 60 62 70 71
 26 27 41 43 44 58 64 72
 26 27 41 43 44 58 64 70 71
 26 27 41 43 44 58 60 64 72
 26 27 41 43 44 58 60 64 70 71
 26 27 41 43 44 57 58 62 72
 26 27 41 43 44 57 58 62 70 71
 26 27 41 43 44 57 58 60 62 72
 26 27 41 43 44 57 58 60 62 70 71
 26 27 41 43 44 56 57 64 72
 26 27 41 43 44 56 57 64 70 71
 26 27 41 43 44 56 57 62 72
 26 27 41 43 44 56 57 62 70 71
 26 27 41 43 44 56 57 60 64 72
 26 27 41 43 44 56 57 60 64 70 71
 26 27 41 43 44 56 57 60 62 72
 26 27 41 43 44 56 57 60 62 70 71
 26 27 41 43 44 45 58 64
 26 27 41 43 44 45 58 60 64
 26 27 41 43 44 45 57 58 62
 26 27 41 43 44 45 57 58 60 62
 26 27 41 43 44 45 56 57 64
 26 27 41 43 44 45 56 57 62
 26 27 41 43 44 45 56 57 60 64
 26 27 41 43 44 45 56 57 60 62
 26 27 39 40 45 58 64
 26 27 39 40 45 58 64 72
 26 27 39 40 45 58 64 70 71
 26 27 39 40 45 58 60 64
 26 27 39 40 45 58 60 64 72
 26 27 39 40 45 58 60 64 70 71
 26 27 39 40 45 57 58 62
 26 27 39 40 45 57 58 62 72
 26 27 39 40 45 57 58 62 70 71
 26 27 39 40 45 57 58 60 62
 26 27 39 40 45 57 58 60 62 72
 26 27 39 40 45 57 58 60 62 70 71
 26 27 39 40 45 56 57 64
 26 27 39 40 45 56 57 64 72
 26 27 39 40 45 56 57 64 70 71
 26 27 39 40 45 56 57 62
 26 27 39 40 45 56 57 62 72
 26 27 39 40 45 56 57 62 70 71
 26 27 39 40 45 56 57 60 64
 26 27 39 40 45 56 57 60 64 72
 26 27 39 40 45 56 57 60 64 70 71
 26 27 39 40 45 56 57 60 62
 26 27 39 40 45 56 57 60 62 72
 26 27 39 40 45 56 57 60 62 70 71
 26 27 39 40 43 44 58 64 72
 26 27 39 40 43 44 58 64 70 71
 26 27 39 40 43 44 58 60 64 72
 26 27 39 40 43 44 58 60 64 70 71
 26 27 39 40 43 44 57 58 62 72
 26 27 39 40 43 44 57 58 62 70 71
 26 27 39 40 43 44 57 58 60 62 72
 26 27 39 40 43 44 57 58 60 62 70 71
 26 27 39 40 43 44 56 57 64 72
 26 27 39 40 43 44 56 57 64 70 71
 26 27 39 40 43 44 56 57 62 72
 26 27 39 40 43 44 56 57 62 70 71
 26 27 39 40 43 44 56 57 60 64 72
 26 27 39 40 43 44 56 57 60 64 70 71
 26 27 39 40 43 44 56 57 60 62 72
 26 27 39 40 43 44 56 57 60 62 70 71
 26 27 39 40 43 44 45 58 64
 26 27 39 40 43 44 45 58 60 64
 26 27 39 40 43 44 45 57 58 62
 26 27 39 40 43 44 45 57 58 60 62
 26 27 39 40 43 44 45 56 57 64
 26 27 39 40 43 44 45 56 57 62
 26 27 39 40 43 44 45 56 57 60 64
 26 27 39 40 43 44 45 56 57 60 62
 26 27 31 47 54 58
 26 27 31 47 52 53 58
 26 27 31 45 64
 26 27 31 45 64 72
 26 27 31 45 64 70 71
 26 27 31 45 60 64
 26 27 31 45 60 64 72
 26 27 31 45 60 64 70 71
 26 27 31 45 57 62
 26 27 31 45 57 62 72
 26 27 31 45 57 62 70 71
 26 27 31 45 57 60 62
 26 27 31 45 57 60 62 72
 26 27 31 45 57 60 62 70 71
 26 27 31 45 46 54 58
 26 27 31 45 46 52 53 58
 26 27 31 43 44 64 72
 26 27 31 43 44 64 70 71
 26 27 31 43 44 60 64 72
 26 27 31 43 44 60 64 70 71
 26 27 31 43 44 57 62 72
 26 27 31 43 44 57 62 70 71
 26 27 31 43 44 57 60 62 72
 26 27 31 43 44 57 60 62 70 71
 26 27 31 43 44 45 64
 26 27 31 43 44 45 60 64
 26 27 31 43 44 45 57 62
 26 27 31 43 44 45 57 60 62
 26 27 31 41 45 64
 26 27 31 41 45 64 72
 26 27 31 41 45 64 70 71
 26 27 31 41 45 60 64
 26 27 31 41 45 60 64 72
 26 27 31 41 45 60 64 70 71
 26 27 31 41 45 57 62
 26 27 31 41 45 57 62 72
 26 27 31 41 45 57 62 70 71
 26 27 31 41 45 57 60 62
 26 27 31 41 45 57 60 62 72
 26 27 31 41 45 57 60 62 70 71
 26 27 31 41 43 44 64 72
 26 27 31 41 43 44 64 70 71
 26 27 31 41 43 44 60 64 72
 26 27 31 41 43 44 60 64 70 71
 26 27 31 41 43 44 57 62 72
 26 27 31 41 43 44 57 62 70 71
 26 27 31 41 43 44 57 60 62 72
 26 27 31 41 43 44 57 60 62 70 71
 26 27 31 41 43 44 45 64
 26 27 31 41 43 44 45 60 64
 26 27 31 41 43 44 45 57 62
 26 27 31 41 43 44 45 57 60 62
 26 27 31 39 40 45 64
 26 27 31 39 40 45 64 72
 26 27 31 39 40 45 64 70 71
 26 27 31 39 40 45 60 64
 26 27 31 39 40 45 60 64 72
 26 27 31 39 40 45 60 64 70 71
 26 27 31 39 40 45 57 62
 26 27 31 39 40 45 57 62 72
 26 27 31 39 40 45 57 62 70 71
 26 27 31 39 40 45 57 60 62
 26 27 31 39 40 45 57 60 62 72
 26 27 31 39 40 45 57 60 62 70 71
 26 27 31 39 40 43 44 64 72
 26 27 31 39 40 43 44 64 70 71
 26 27 31 39 40 43 44 60 64 72
 26 27 31 39 40 43 44 60 64 70 71
 26 27 31 39 40 43 44 57 62 72
 26 27 31 39 40 43 44 57 62 70 71
 26 27 31 39 40 43 44 57 60 62 72
 26 27 31 39 40 43 44 57 60 62 70 71
 26 27 31 39 40 43 44 45 64
 26 27 31 39 40 43 44 45 60 64
 26 27 31 39 40 43 44 45 57 62
 26 27 31 39 40 43 44 45 57 60 62
 20 58 70
 20 58 68 69
 20 56 57 58 70
 20 56 57 58 68 69
 20 43 58
 20 43 56 57 58
 20 31 58 70
 20 31 58 68 69
 20 31 43 58
 20 28 54 58
 20 28 54 56 57 58
 20 28 52 53 58
 20 28 52 53 56 57 58
 20 28 31 54 58
 20 28 31 52 53 58
 20 26 27 54 58
 20 26 27 54 56 57 58
 20 26 27 52 53 58
 20 26 27 52 53 56 57 58
 20 26 27 31 54 58
 20 26 27 31 52 53 58
 18 58
 18 58 72 74
 18 58 72 73
 18 58 70 71 74
 18 58 70 71 72 73
 18 58 64 72
 18 58 64 70 71
 18 58 62 72
 18 58 62 70 71
 18 58 60 62 72
 18 58 60 62 70 72
 18 58 60 62 68 69 72
 18 58 60 62 68 69 70 71
 18 57 58
 18 57 58 62 72
 18 57 58 62 70 71
 18 56 58 70 74
 18 56 58 70 72
 18 56 58 70 72 73
 18 56 58 70 71
 18 56 58 68 69 74
 18 56 58 68 69 72
 18 56 58 68 69 72 73
 18 56 58 68 69 70 71
 18 56 57 64 72
 18 56 57 64 70 71
 18 56 57 60 62 72
 18 56 57 60 62 70 71
 18 56 57 58 70 72
 18 56 57 58 70 71
 18 56 57 58 68 69 72
 18 56 57 58 68 69 70 71
 18 56 57 58 60 62 70 72
 18 56 57 58 60 62 70 71
 18 56 57 58 60 62 68 69 72
 18 56 57 58 60 62 68 69 70 71
 18 54 55 58 70 74
 18 54 55 58 70 72 73
 18 54 55 58 68 69 74
 18 54 55 58 68 69 72 73
 18 47 58 72
 18 47 58 70 71
 18 47 56 58 70
 18 47 56 58 68 69
 18 47 54 55 58 70
 18 47 54 55 58 68 69
 18 45 58 74
 18 45 58 72 73
 18 45 58 64
 18 45 58 62
 18 45 58 60 62
 18 45 58 60 62 70
 18 45 58 60 62 68 69
 18 45 57 58 62
 18 45 56 58 70
 18 45 56 58 68 69
 18 45 56 57 64
 18 45 56 57 60 62
 18 45 56 57 58 70
 18 45 56 57 58 68 69
 18 45 56 57 58 60 62 70
 18 45 56 57 58 60 62 68 69
 18 45 47 58
 18 43 58 60 62 72
 18 43 58 60 62 70 71
 18 43 56 58 74
 18 43 56 58 72
 18 43 56 58 72 73
 18 43 56 58 70 71
 18 43 56 57 58 72
 18 43 56 57 58 70 71
 18 43 56 57 58 60 62 72
 18 43 56 57 58 60 62 70 71
 18 43 54 55 58 74
 18 43 54 55 58 72 73
 18 43 47 56 58
 18 43 47 54 55 58
 18 43 45 58 60 62
 18 43 45 56 58
 18 43 45 56 57 58
 18 43 45 56 57 58 60 62
 18 41 57 60 70
 18 41 57 60 68 69
 18 41 54 60 70
 18 41 54 60 68 69
 18 41 52 53 60 70
 18 41 52 53 60 68 69
 18 41 43 57 60
 18 41 43 54 60
 18 41 43 52 53 60
 18 39 58 64 72
 18 39 58 64 70 71
 18 39 58 62 70 72
 18 39 58 62 70 71
 18 39 58 62 68 69 72
 18 39 58 62 68 69 70 71
 18 39 58 60 64 72
 18 39 58 60 64 70 71
 18 39 57 58 62 72
 18 39 57 58 62 70 71
 18 39 57 58 60 62 72
 18 39 57 58 60 62 70 71
 18 39 56 57 64 72
 18 39 56 57 64 70 71
 18 39 56 57 62 72
 18 39 56 57 62 70 71
 18 39 56 57 60 64 72
 18 39 56 57 60 64 70 71
 18 39 56 57 60 62 72
 18 39 56 57 60 62 70 71
 18 39 56 57 58 62 70 72
 18 39 56 57 58 62 70 71
 18 39 56 57 58 62 68 69 72
 18 39 56 57 58 62 68 69 70 71
 18 39 45 58 64
 18 39 45 58 62 70
 18 39 45 58 62 68 69
 18 39 45 58 60 64
 18 39 45 57 58 62
 18 39 45 57 58 60 62
 18 39 45 56 57 64
 18 39 45 56 57 62
 18 39 45 56 57 60 64
 18 39 45 56 57 60 62
 18 39 45 56 57 58 62 70
 18 39 45 56 57 58 62 68 69
 18 39 43 58 62 72
 18 39 43 58 62 70 71
 18 39 43 56 57 58 62 72
 18 39 43 56 57 58 62 70 71
 18 39 43 45 58 62
 18 39 43 45 56 57 58 62
 18 39 40 57 60 70
 18 39 40 57 60 68 69
 18 39 40 54 60 70
 18 39 40 54 60 68 69
 18 39 40 52 53 60 70
 18 39 40 52 53 60 68 69
 18 39 40 43 57 60
 18 39 40 43 54 60
 18 39 40 43 52 53 60
 18 37 38 58 64 72
 18 37 38 58 64 70 71
 18 37 38 58 62 70 72
 18 37 38 58 62 70 71
 18 37 38 58 62 68 69 72
 18 37 38 58 62 68 69 70 71
 18 37 38 58 60 64 72
 18 37 38 58 60 64 70 71
 18 37 38 57 58 62 72
 18 37 38 57 58 62 70 71
 18 37 38 57 58 60 62 72
 18 37 38 57 58 60 62 70 71
 18 37 38 56 57 64 72
 18 37 38 56 57 64 70 71
 18 37 38 56 57 62 72
 18 37 38 56 57 62 70 71
 18 37 38 56 57 60 64 72
 18 37 38 56 57 60 64 70 71
 18 37 38 56 57 60 62 72
 18 37 38 56 57 60 62 70 71
 18 37 38 56 57 58 62 70 72
 18 37 38 56 57 58 62 70 71
 18 37 38 56 57 58 62 68 69 72
 18 37 38 56 57 58 62 68 69 70 71
 18 37 38 45 58 64
 18 37 38 45 58 62 70
 18 37 38 45 58 62 68 69
 18 37 38 45 58 60 64
 18 37 38 45 57 58 62
 18 37 38 45 57 58 60 62
 18 37 38 45 56 57 64
 18 37 38 45 56 57 62
 18 37 38 45 56 57 60 64
 18 37 38 45 56 57 60 62
 18 37 38 45 56 57 58 62 70
 18 37 38 45 56 57 58 62 68 69
 18 37 38 43 58 62 72
 18 37 38 43 58 62 70 71
 18 37 38 43 56 57 58 62 72
 18 37 38 43 56 57 58 62 70 71
 18 37 38 43 45 58 62
 18 37 38 43 45 56 57 58 62
 18 35 72 74
 18 35 72 73
 18 35 70 71 74
 18 35 70 71 72 73
 18 35 58 70
 18 35 58 68 69
 18 35 56 70 74
 18 35 56 70 72 73
 18 35 56 68 69 74
 18 35 56 68 69 72 73
 18 35 56 57 58 70
 18 35 56 57 58 68 69
 18 35 54 55 70 74
 18 35 54 55 70 72 73
 18 35 54 55 68 69 74
 18 35 54 55 68 69 72 73
 18 35 47 72
 18 35 47 70 71
 18 35 47 56 70
 18 35 47 56 68 69
 18 35 47 54 55 70
 18 35 47 54 55 68 69
 18 35 45 74
 18 35 45 72 73
 18 35 45 47
 18 35 43 58
 18 35 43 56 74
 18 35 43 56 72 73
 18 35 43 56 57 58
 18 35 43 54 55 74
 18 35 43 54 55 72 73
 18 35 43 47 56
 18 35 43 47 54 55
 18 31 64 72
 18 31 64 70 71
 18 31 62 72
 18 31 62 70 71
 18 31 60 62 72
 18 31 60 62 70 71
 18 31 58
 18 31 58 60 62 70 72
 18 31 58 60 62 70 71
 18 31 58 60 62 68 69 72
 18 31 58 60 62 68 69 70 71
 18 31 57 62 72
 18 31 57 62 70 71
 18 31 57 58
 18 31 56 58 70 72
 18 31 56 58 70 71
 18 31 56 58 68 69 72
 18 31 56 58 68 69 70 71
 18 31 45 64
 18 31 45 62
 18 31 45 60 62
 18 31 45 58 60 62 70
 18 31 45 58 60 62 68 69
 18 31 45 57 62
 18 31 45 56 58 70
 18 31 45 56 58 68 69
 18 31 43 58 60 62 72
 18 31 43 58 60 62 70 71
 18 31 43 56 58 72
 18 31 43 56 58 70 71
 18 31 43 45 58 60 62
 18 31 43 45 56 58
 18 31 39 64 72
 18 31 39 64 70 71
 18 31 39 60 64 72
 18 31 39 60 64 70 71
 18 31 39 58 62 70 72
 18 31 39 58 62 70 71
 18 31 39 58 62 68 69 72
 18 31 39 58 62 68 69 70 71
 18 31 39 57 62 72
 18 31 39 57 62 70 71
 18 31 39 57 60 62 72
 18 31 39 57 60 62 70 71
 18 31 39 45 64
 18 31 39 45 60 64
 18 31 39 45 58 62 70
 18 31 39 45 58 62 68 69
 18 31 39 45 57 62
 18 31 39 45 57 60 62
 18 31 39 43 58 62 72
 18 31 39 43 58 62 70 71
 18 31 39 43 45 58 62
 18 31 37 38 64 72
 18 31 37 38 64 70 71
 18 31 37 38 60 64 72
 18 31 37 38 60 64 70 71
 18 31 37 38 58 62 70 72
 18 31 37 38 58 62 70 71
 18 31 37 38 58 62 68 69 72
 18 31 37 38 58 62 68 69 70 71
 18 31 37 38 57 62 72
 18 31 37 38 57 62 70 71
 18 31 37 38 57 60 62 72
 18 31 37 38 57 60 62 70 71
 18 31 37 38 45 64
 18 31 37 38 45 60 64
 18 31 37 38 45 58 62 70
 18 31 37 38 45 58 62 68 69
 18 31 37 38 45 57 62
 18 31 37 38 45 57 60 62
 18 31 37 38 43 58 62 72
 18 31 37 38 43 58 62 70 71
 18 31 37 38 43 45 58 62
 18 31 35 58 70
 18 31 35 58 68 69
 18 31 35 43 58
 18 29 58 70 74
 18 29 58 70 72 73
 18 29 58 68 69 74
 18 29 58 68 69 72 73
 18 29 47 58 70
 18 29 47 58 68 69
 18 29 43 58 74
 18 29 43 58 72 73
 18 29 43 47 58
 18 29 35 70 74
 18 29 35 70 72 73
 18 29 35 68 69 74
 18 29 35 68 69 72 73
 18 29 35 47 70
 18 29 35 47 68 69
 18 29 35 43 74
 18 29 35 43 72 73
 18 29 35 43 47
 18 28 72
 18 28 70 71
 18 28 58 64 72
 18 28 58 64 70 71
 18 28 58 60 64 72
 18 28 58 60 64 70 71
 18 28 57 58 62 72
 18 28 57 58 62 70 71
 18 28 57 58 60 62 72
 18 28 57 58 60 62 70 71
 18 28 56 57 64 72
 18 28 56 57 64 70 71
 18 28 56 57 62 72
 18 28 56 57 62 70 71
 18 28 56 57 60 64 72
 18 28 56 57 60 64 70 71
 18 28 56 57 60 62 72
 18 28 56 57 60 62 70 71
 18 28 45
 18 28 45 58 64
 18 28 45 58 60 64
 18 28 45 57 58 62
 18 28 45 57 58 60 62
 18 28 45 56 57 64
 18 28 45 56 57 62
 18 28 45 56 57 60 64
 18 28 45 56 57 60 62
 18 28 41 58 64 72
 18 28 41 58 64 70 71
 18 28 41 58 60 64 72
 18 28 41 58 60 64 70 71
 18 28 41 57 58 62 72
 18 28 41 57 58 62 70 71
 18 28 41 57 58 60 62 72
 18 28 41 57 58 60 62 70 71
 18 28 41 56 57 64 72
 18 28 41 56 57 64 70 71
 18 28 41 56 57 62 72
 18 28 41 56 57 62 70 71
 18 28 41 56 57 60 64 72
 18 28 41 56 57 60 64 70 71
 18 28 41 56 57 60 62 72
 18 28 41 56 57 60 62 70 71
 18 28 41 45 58 64
 18 28 41 45 58 60 64
 18 28 41 45 57 58 62
 18 28 41 45 57 58 60 62
 18 28 41 45 56 57 64
 18 28 41 45 56 57 62
 18 28 41 45 56 57 60 64
 18 28 41 45 56 57 60 62
 18 28 39 40 58 64 72
 18 28 39 40 58 64 70 71
 18 28 39 40 58 60 64 72
 18 28 39 40 58 60 64 70 71
 18 28 39 40 57 58 62 72
 18 28 39 40 57 58 62 70 71
 18 28 39 40 57 58 60 62 72
 18 28 39 40 57 58 60 62 70 71
 18 28 39 40 56 57 64 72
 18 28 39 40 56 57 64 70 71
 18 28 39 40 56 57 62 72
 18 28 39 40 56 57 62 70 71
 18 28 39 40 56 57 60 64 72
 18 28 39 40 56 57 60 64 70 71
 18 28 39 40 56 57 60 62 72
 18 28 39 40 56 57 60 62 70 71
 18 28 39 40 45 58 64
 18 28 39 40 45 58 60 64
 18 28 39 40 45 57 58 62
 18 28 39 40 45 57 58 60 62
 18 28 39 40 45 56 57 64
 18 28 39 40 45 56 57 62
 18 28 39 40 45 56 57 60 64
 18 28 39 40 45 56 57 60 62
 18 28 31 64 72
 18 28 31 64 70 71
 18 28 31 60 64 72
 18 28 31 60 64 70 71
 18 28 31 57 62 72
 18 28 31 57 62 70 71
 18 28 31 57 60 62 72
 18 28 31 57 60 62 70 71
 18 28 31 45 64
 18 28 31 45 60 64
 18 28 31 45 57 62
 18 28 31 45 57 60 62
 18 28 31 41 64 72
 18 28 31 41 64 70 71
 18 28 31 41 60 64 72
 18 28 31 41 60 64 70 71
 18 28 31 41 57 62 72
 18 28 31 41 57 62 70 71
 18 28 31 41 57 60 62 72
 18 28 31 41 57 60 62 70 71
 18 28 31 41 45 64
 18 28 31 41 45 60 64
 18 28 31 41 45 57 62
 18 28 31 41 45 57 60 62
 18 28 31 39 40 64 72
 18 28 31 39 40 64 70 71
 18 28 31 39 40 60 64 72
 18 28 31 39 40 60 64 70 71
 18 28 31 39 40 57 62 72
 18 28 31 39 40 57 62 70 71
 18 28 31 39 40 57 60 62 72
 18 28 31 39 40 57 60 62 70 71
 18 28 31 39 40 45 64
 18 28 31 39 40 45 60 64
 18 28 31 39 40 45 57 62
 18 28 31 39 40 45 57 60 62
 18 27 41 60 70
 18 27 41 60 68 69
 18 27 41 43 60
 18 27 39 40 60 70
 18 27 39 40 60 68 69
 18 27 39 40 43 60
 18 26 27 72
 18 26 27 70 71
 18 26 27 58 64 72
 18 26 27 58 64 70 71
 18 26 27 58 60 64 72
 18 26 27 58 60 64 70 71
 18 26 27 57 58 62 72
 18 26 27 57 58 62 70 71
 18 26 27 57 58 60 62 72
 18 26 27 57 58 60 62 70 71
 18 26 27 56 57 64 72
 18 26 27 56 57 64 70 71
 18 26 27 56 57 62 72
 18 26 27 56 57 62 70 71
 18 26 27 56 57 60 64 72
 18 26 27 56 57 60 64 70 71
 18 26 27 56 57 60 62 72
 18 26 27 56 57 60 62 70 71
 18 26 27 45
 18 26 27 45 58 64
 18 26 27 45 58 60 64
 18 26 27 45 57 58 62
 18 26 27 45 57 58 60 62
 18 26 27 45 56 57 64
 18 26 27 45 56 57 62
 18 26 27 45 56 57 60 64
 18 26 27 45 56 57 60 62
 18 26 27 41 58 64 72
 18 26 27 41 58 64 70 71
 18 26 27 41 58 60 64 72
 18 26 27 41 58 60 64 70 71
 18 26 27 41 57 58 62 72
 18 26 27 41 57 58 62 70 71
 18 26 27 41 57 58 60 62 72
 18 26 27 41 57 58 60 62 70 71
 18 26 27 41 56 57 64 72
 18 26 27 41 56 57 64 70 71
 18 26 27 41 56 57 62 72
 18 26 27 41 56 57 62 70 71
 18 26 27 41 56 57 60 64 72
 18 26 27 41 56 57 60 64 70 71
 18 26 27 41 56 57 60 62 72
 18 26 27 41 56 57 60 62 70 71
 18 26 27 41 45 58 64
 18 26 27 41 45 58 60 64
 18 26 27 41 45 57 58 62
 18 26 27 41 45 57 58 60 62
 18 26 27 41 45 56 57 64
 18 26 27 41 45 56 57 62
 18 26 27 41 45 56 57 60 64
 18 26 27 41 45 56 57 60 62
 18 26 27 39 40 58 64 72
 18 26 27 39 40 58 64 70 71
 18 26 27 39 40 58 60 64 72
 18 26 27 39 40 58 60 64 70 71
 18 26 27 39 40 57 58 62 72
 18 26 27 39 40 57 58 62 70 71
 18 26 27 39 40 57 58 60 62 72
 18 26 27 39 40 57 58 60 62 70 71
 18 26 27 39 40 56 57 64 72
 18 26 27 39 40 56 57 64 70 71
 18 26 27 39 40 56 57 62 72
 18 26 27 39 40 56 57 62 70 71
 18 26 27 39 40 56 57 60 64 72
 18 26 27 39 40 56 57 60 64 70 71
 18 26 27 39 40 56 57 60 62 72
 18 26 27 39 40 56 57 60 62 70 71
 18 26 27 39 40 45 58 64
 18 26 27 39 40 45 58 60 64
 18 26 27 39 40 45 57 58 62
 18 26 27 39 40 45 57 58 60 62
 18 26 27 39 40 45 56 57 64
 18 26 27 39 40 45 56 57 62
 18 26 27 39 40 45 56 57 60 64
 18 26 27 39 40 45 56 57 60 62
 18 26 27 31 64 72
 18 26 27 31 64 70 71
 18 26 27 31 60 64 72
 18 26 27 31 60 64 70 71
 18 26 27 31 57 62 72
 18 26 27 31 57 62 70 71
 18 26 27 31 57 60 62 72
 18 26 27 31 57 60 62 70 71
 18 26 27 31 45 64
 18 26 27 31 45 60 64
 18 26 27 31 45 57 62
 18 26 27 31 45 57 60 62
 18 26 27 31 41 64 72
 18 26 27 31 41 64 70 71
 18 26 27 31 41 60 64 72
 18 26 27 31 41 60 64 70 71
 18 26 27 31 41 57 62 72
 18 26 27 31 41 57 62 70 71
 18 26 27 31 41 57 60 62 72
 18 26 27 31 41 57 60 62 70 71
 18 26 27 31 41 45 64
 18 26 27 31 41 45 60 64
 18 26 27 31 41 45 57 62
 18 26 27 31 41 45 57 60 62
 18 26 27 31 39 40 64 72
 18 26 27 31 39 40 64 70 71
 18 26 27 31 39 40 60 64 72
 18 26 27 31 39 40 60 64 70 71
 18 26 27 31 39 40 57 62 72
 18 26 27 31 39 40 57 62 70 71
 18 26 27 31 39 40 57 60 62 72
 18 26 27 31 39 40 57 60 62 70 71
 18 26 27 31 39 40 45 64
 18 26 27 31 39 40 45 60 64
 18 26 27 31 39 40 45 57 62
 18 26 27 31 39 40 45 57 60 62
 15 45 58 62
 15 45 58 62 72
 15 45 58 62 70 71
 15 45 56 57 62
 15 45 56 57 62 72
 15 45 56 57 62 70 71
 15 43 44 58 62 72
 15 43 44 58 62 70 71
 15 43 44 56 57 62 72
 15 43 44 56 57 62 70 71
 15 43 44 45 58 62
 15 43 44 45 56 57 62
 15 41 45 60 70
 15 41 45 60 68 69
 15 41 43 45 60
 15 41 43 44 60
 15 41 43 44 60 70
 15 41 43 44 60 68 69
 15 39 45 58 62
 15 39 45 58 62 72
 15 39 45 58 62 70 71
 15 39 45 58 60 62
 15 39 45 58 60 62 72
 15 39 45 58 60 62 70 71
 15 39 45 56 57 62
 15 39 45 56 57 62 72
 15 39 45 56 57 62 70 71
 15 39 45 56 57 60 62
 15 39 45 56 57 60 62 72
 15 39 45 56 57 60 62 70 71
 15 39 43 44 58 62 72
 15 39 43 44 58 62 70 71
 15 39 43 44 58 60 62 72
 15 39 43 44 58 60 62 70 71
 15 39 43 44 56 57 62 72
 15 39 43 44 56 57 62 70 71
 15 39 43 44 56 57 60 62 72
 15 39 43 44 56 57 60 62 70 71
 15 39 43 44 45 58 62
 15 39 43 44 45 58 60 62
 15 39 43 44 45 56 57 62
 15 39 43 44 45 56 57 60 62
 15 39 40 45 60 70
 15 39 40 45 60 68 69
 15 39 40 43 45 60
 15 39 40 43 44 60
 15 39 40 43 44 60 70
 15 39 40 43 44 60 68 69
 15 37 38 45 58 62
 15 37 38 45 58 62 72
 15 37 38 45 58 62 70 71
 15 37 38 45 58 60 62
 15 37 38 45 58 60 62 72
 15 37 38 45 58 60 62 70 71
 15 37 38 45 56 57 62
 15 37 38 45 56 57 62 72
 15 37 38 45 56 57 62 70 71
 15 37 38 45 56 57 60 62
 15 37 38 45 56 57 60 62 72
 15 37 38 45 56 57 60 62 70 71
 15 37 38 43 44 58 62 72
 15 37 38 43 44 58 62 70 71
 15 37 38 43 44 58 60 62 72
 15 37 38 43 44 58 60 62 70 71
 15 37 38 43 44 56 57 62 72
 15 37 38 43 44 56 57 62 70 71
 15 37 38 43 44 56 57 60 62 72
 15 37 38 43 44 56 57 60 62 70 71
 15 37 38 43 44 45 58 62
 15 37 38 43 44 45 58 60 62
 15 37 38 43 44 45 56 57 62
 15 37 38 43 44 45 56 57 60 62
 15 31 45 62
 15 31 45 62 72
 15 31 45 62 70 71
 15 31 43 44 62 72
 15 31 43 44 62 70 71
 15 31 43 44 45 62
 15 31 39 45 62
 15 31 39 45 62 72
 15 31 39 45 62 70 71
 15 31 39 45 60 62
 15 31 39 45 60 62 72
 15 31 39 45 60 62 70 71
 15 31 39 43 44 62 72
 15 31 39 43 44 62 70 71
 15 31 39 43 44 60 62 72
 15 31 39 43 44 60 62 70 71
 15 31 39 43 44 45 62
 15 31 39 43 44 45 60 62
 15 31 37 38 45 62
 15 31 37 38 45 62 72
 15 31 37 38 45 62 70 71
 15 31 37 38 45 60 62
 15 31 37 38 45 60 62 72
 15 31 37 38 45 60 62 70 71
 15 31 37 38 43 44 62 72
 15 31 37 38 43 44 62 70 71
 15 31 37 38 43 44 60 62 72
 15 31 37 38 43 44 60 62 70 71
 15 31 37 38 43 44 45 62
 15 31 37 38 43 44 45 60 62
 15 28 45 58 62
 15 28 45 58 62 72
 15 28 45 58 62 70 71
 15 28 45 58 60 62
 15 28 45 58 60 62 72
 15 28 45 58 60 62 70 71
 15 28 45 56 57 62
 15 28 45 56 57 62 72
 15 28 45 56 57 62 70 71
 15 28 45 56 57 60 62
 15 28 45 56 57 60 62 72
 15 28 45 56 57 60 62 70 71
 15 28 43 44 58 62 72
 15 28 43 44 58 62 70 71
 15 28 43 44 58 60 62 72
 15 28 43 44 58 60 62 70 71
 15 28 43 44 56 57 62 72
 15 28 43 44 56 57 62 70 71
 15 28 43 44 56 57 60 62 72
 15 28 43 44 56 57 60 62 70 71
 15 28 43 44 45 58 62
 15 28 43 44 45 58 60 62
 15 28 43 44 45 56 57 62
 15 28 43 44 45 56 57 60 62
 15 28 41 45 58 62
 15 28 41 45 58 62 72
 15 28 41 45 58 62 70 71
 15 28 41 45 58 60 62
 15 28 41 45 58 60 62 72
 15 28 41 45 58 60 62 70 71
 15 28 41 45 56 57 62
 15 28 41 45 56 57 62 72
 15 28 41 45 56 57 62 70 71
 15 28 41 45 56 57 60 62
 15 28 41 45 56 57 60 62 72
 15 28 41 45 56 57 60 62 70 71
 15 28 41 43 44 58 62 72
 15 28 41 43 44 58 62 70 71
 15 28 41 43 44 58 60 62 72
 15 28 41 43 44 58 60 62 70 71
 15 28 41 43 44 56 57 62 72
 15 28 41 43 44 56 57 62 70 71
 15 28 41 43 44 56 57 60 62 72
 15 28 41 43 44 56 57 60 62 70 71
 15 28 41 43 44 45 58 62
 15 28 41 43 44 45 58 60 62
 15 28 41 43 44 45 56 57 62
 15 28 41 43 44 45 56 57 60 62
 15 28 39 40 45 58 62
 15 28 39 40 45 58 62 72
 15 28 39 40 45 58 62 70 71
 15 28 39 40 45 58 60 62
 15 28 39 40 45 58 60 62 72
 15 28 39 40 45 58 60 62 70 71
 15 28 39 40 45 56 57 62
 15 28 39 40 45 56 57 62 72
 15 28 39 40 45 56 57 62 70 71
 15 28 39 40 45 56 57 60 62
 15 28 39 40 45 56 57 60 62 72
 15 28 39 40 45 56 57 60 62 70 71
 15 28 39 40 43 44 58 62 72
 15 28 39 40 43 44 58 62 70 71
 15 28 39 40 43 44 58 60 62 72
 15 28 39 40 43 44 58 60 62 70 71
 15 28 39 40 43 44 56 57 62 72
 15 28 39 40 43 44 56 57 62 70 71
 15 28 39 40 43 44 56 57 60 62 72
 15 28 39 40 43 44 56 57 60 62 70 71
 15 28 39 40 43 44 45 58 62
 15 28 39 40 43 44 45 58 60 62
 15 28 39 40 43 44 45 56 57 62
 15 28 39 40 43 44 45 56 57 60 62
 15 28 31 45 62
 15 28 31 45 62 72
 15 28 31 45 62 70 71
 15 28 31 45 60 62
 15 28 31 45 60 62 72
 15 28 31 45 60 62 70 71
 15 28 31 43 44 62 72
 15 28 31 43 44 62 70 71
 15 28 31 43 44 60 62 72
 15 28 31 43 44 60 62 70 71
 15 28 31 43 44 45 62
 15 28 31 43 44 45 60 62
 15 28 31 41 45 62
 15 28 31 41 45 62 72
 15 28 31 41 45 62 70 71
 15 28 31 41 45 60 62
 15 28 31 41 45 60 62 72
 15 28 31 41 45 60 62 70 71
 15 28 31 41 43 44 62 72
 15 28 31 41 43 44 62 70 71
 15 28 31 41 43 44 60 62 72
 15 28 31 41 43 44 60 62 70 71
 15 28 31 41 43 44 45 62
 15 28 31 41 43 44 45 60 62
 15 28 31 39 40 45 62
 15 28 31 39 40 45 62 72
 15 28 31 39 40 45 62 70 71
 15 28 31 39 40 45 60 62
 15 28 31 39 40 45 60 62 72
 15 28 31 39 40 45 60 62 70 71
 15 28 31 39 40 43 44 62 72
 15 28 31 39 40 43 44 62 70 71
 15 28 31 39 40 43 44 60 62 72
 15 28 31 39 40 43 44 60 62 70 71
 15 28 31 39 40 43 44 45 62
 15 28 31 39 40 43 44 45 60 62
 15 26 27 45 58 62
 15 26 27 45 58 62 72
 15 26 27 45 58 62 70 71
 15 26 27 45 58 60 62
 15 26 27 45 58 60 62 72
 15 26 27 45 58 60 62 70 71
 15 26 27 45 56 57 62
 15 26 27 45 56 57 62 72
 15 26 27 45 56 57 62 70 71
 15 26 27 45 56 57 60 62
 15 26 27 45 56 57 60 62 72
 15 26 27 45 56 57 60 62 70 71
 15 26 27 43 44 58 62 72
 15 26 27 43 44 58 62 70 71
 15 26 27 43 44 58 60 62 72
 15 26 27 43 44 58 60 62 70 71
 15 26 27 43 44 56 57 62 72
 15 26 27 43 44 56 57 62 70 71
 15 26 27 43 44 56 57 60 62 72
 15 26 27 43 44 56 57 60 62 70 71
 15 26 27 43 44 45 58 62
 15 26 27 43 44 45 58 60 62
 15 26 27 43 44 45 56 57 62
 15 26 27 43 44 45 56 57 60 62
 15 26 27 41 45 58 62
 15 26 27 41 45 58 62 72
 15 26 27 41 45 58 62 70 71
 15 26 27 41 45 58 60 62
 15 26 27 41 45 58 60 62 72
 15 26 27 41 45 58 60 62 70 71
 15 26 27 41 45 56 57 62
 15 26 27 41 45 56 57 62 72
 15 26 27 41 45 56 57 62 70 71
 15 26 27 41 45 56 57 60 62
 15 26 27 41 45 56 57 60 62 72
 15 26 27 41 45 56 57 60 62 70 71
 15 26 27 41 43 44 58 62 72
 15 26 27 41 43 44 58 62 70 71
 15 26 27 41 43 44 58 60 62 72
 15 26 27 41 43 44 58 60 62 70 71
 15 26 27 41 43 44 56 57 62 72
 15 26 27 41 43 44 56 57 62 70 71
 15 26 27 41 43 44 56 57 60 62 72
 15 26 27 41 43 44 56 57 60 62 70 71
 15 26 27 41 43 44 45 58 62
 15 26 27 41 43 44 45 58 60 62
 15 26 27 41 43 44 45 56 57 62
 15 26 27 41 43 44 45 56 57 60 62
 15 26 27 39 40 45 58 62
 15 26 27 39 40 45 58 62 72
 15 26 27 39 40 45 58 62 70 71
 15 26 27 39 40 45 58 60 62
 15 26 27 39 40 45 58 60 62 72
 15 26 27 39 40 45 58 60 62 70 71
 15 26 27 39 40 45 56 57 62
 15 26 27 39 40 45 56 57 62 72
 15 26 27 39 40 45 56 57 62 70 71
 15 26 27 39 40 45 56 57 60 62
 15 26 27 39 40 45 56 57 60 62 72
 15 26 27 39 40 45 56 57 60 62 70 71
 15 26 27 39 40 43 44 58 62 72
 15 26 27 39 40 43 44 58 62 70 71
 15 26 27 39 40 43 44 58 60 62 72
 15 26 27 39 40 43 44 58 60 62 70 71
 15 26 27 39 40 43 44 56 57 62 72
 15 26 27 39 40 43 44 56 57 62 70 71
 15 26 27 39 40 43 44 56 57 60 62 72
 15 26 27 39 40 43 44 56 57 60 62 70 71
 15 26 27 39 40 43 44 45 58 62
 15 26 27 39 40 43 44 45 58 60 62
 15 26 27 39 40 43 44 45 56 57 62
 15 26 27 39 40 43 44 45 56 57 60 62
 15 26 27 31 45 62
 15 26 27 31 45 62 72
 15 26 27 31 45 62 70 71
 15 26 27 31 45 60 62
 15 26 27 31 45 60 62 72
 15 26 27 31 45 60 62 70 71
 15 26 27 31 43 44 62 72
 15 26 27 31 43 44 62 70 71
 15 26 27 31 43 44 60 62 72
 15 26 27 31 43 44 60 62 70 71
 15 26 27 31 43 44 45 62
 15 26 27 31 43 44 45 60 62
 15 26 27 31 41 45 62
 15 26 27 31 41 45 62 72
 15 26 27 31 41 45 62 70 71
 15 26 27 31 41 45 60 62
 15 26 27 31 41 45 60 62 72
 15 26 27 31 41 45 60 62 70 71
 15 26 27 31 41 43 44 62 72
 15 26 27 31 41 43 44 62 70 71
 15 26 27 31 41 43 44 60 62 72
 15 26 27 31 41 43 44 60 62 70 71
 15 26 27 31 41 43 44 45 62
 15 26 27 31 41 43 44 45 60 62
 15 26 27 31 39 40 45 62
 15 26 27 31 39 40 45 62 72
 15 26 27 31 39 40 45 62 70 71
 15 26 27 31 39 40 45 60 62
 15 26 27 31 39 40 45 60 62 72
 15 26 27 31 39 40 45 60 62 70 71
 15 26 27 31 39 40 43 44 62 72
 15 26 27 31 39 40 43 44 62 70 71
 15 26 27 31 39 40 43 44 60 62 72
 15 26 27 31 39 40 43 44 60 62 70 71
 15 26 27 31 39 40 43 44 45 62
 15 26 27 31 39 40 43 44 45 60 62
 15 18 58 62 72
 15 18 58 62 70 71
 15 18 56 57 62 72
 15 18 56 57 62 70 71
 15 18 45 58 62
 15 18 45 56 57 62
 15 18 41 60 70
 15 18 41 60 68 69
 15 18 41 43 60
 15 18 39 58 62 72
 15 18 39 58 62 70 71
 15 18 39 58 60 62 72
 15 18 39 58 60 62 70 71
 15 18 39 56 57 62 72
 15 18 39 56 57 62 70 71
 15 18 39 56 57 60 62 72
 15 18 39 56 57 60 62 70 71
 15 18 39 45 58 62
 15 18 39 45 58 60 62
 15 18 39 45 56 57 62
 15 18 39 45 56 57 60 62
 15 18 39 40 60 70
 15 18 39 40 60 68 69
 15 18 39 40 43 60
 15 18 37 38 58 62 72
 15 18 37 38 58 62 70 71
 15 18 37 38 58 60 62 72
 15 18 37 38 58 60 62 70 71
 15 18 37 38 56 57 62 72
 15 18 37 38 56 57 62 70 71
 15 18 37 38 56 57 60 62 72
 15 18 37 38 56 57 60 62 70 71
 15 18 37 38 45 58 62
 15 18 37 38 45 58 60 62
 15 18 37 38 45 56 57 62
 15 18 37 38 45 56 57 60 62
 15 18 31 62 72
 15 18 31 62 70 71
 15 18 31 45 62
 15 18 31 39 62 72
 15 18 31 39 62 70 71
 15 18 31 39 60 62 72
 15 18 31 39 60 62 70 71
 15 18 31 39 45 62
 15 18 31 39 45 60 62
 15 18 31 37 38 62 72
 15 18 31 37 38 62 70 71
 15 18 31 37 38 60 62 72
 15 18 31 37 38 60 62 70 71
 15 18 31 37 38 45 62
 15 18 31 37 38 45 60 62
 15 18 28 58 62 72
 15 18 28 58 62 70 71
 15 18 28 58 60 62 72
 15 18 28 58 60 62 70 71
 15 18 28 56 57 62 72
 15 18 28 56 57 62 70 71
 15 18 28 56 57 60 62 72
 15 18 28 56 57 60 62 70 71
 15 18 28 45 58 62
 15 18 28 45 58 60 62
 15 18 28 45 56 57 62
 15 18 28 45 56 57 60 62
 15 18 28 41 58 62 72
 15 18 28 41 58 62 70 71
 15 18 28 41 58 60 62 72
 15 18 28 41 58 60 62 70 71
 15 18 28 41 56 57 62 72
 15 18 28 41 56 57 62 70 71
 15 18 28 41 56 57 60 62 72
 15 18 28 41 56 57 60 62 70 71
 15 18 28 41 45 58 62
 15 18 28 41 45 58 60 62
 15 18 28 41 45 56 57 62
 15 18 28 41 45 56 57 60 62
 15 18 28 39 40 58 62 72
 15 18 28 39 40 58 62 70 71
 15 18 28 39 40 58 60 62 72
 15 18 28 39 40 58 60 62 70 71
 15 18 28 39 40 56 57 62 72
 15 18 28 39 40 56 57 62 70 71
 15 18 28 39 40 56 57 60 62 72
 15 18 28 39 40 56 57 60 62 70 71
 15 18 28 39 40 45 58 62
 15 18 28 39 40 45 58 60 62
 15 18 28 39 40 45 56 57 62
 15 18 28 39 40 45 56 57 60 62
 15 18 28 31 62 72
 15 18 28 31 62 70 71
 15 18 28 31 60 62 72
 15 18 28 31 60 62 70 71
 15 18 28 31 45 62
 15 18 28 31 45 60 62
 15 18 28 31 41 62 72
 15 18 28 31 41 62 70 71
 15 18 28 31 41 60 62 72
 15 18 28 31 41 60 62 70 71
 15 18 28 31 41 45 62
 15 18 28 31 41 45 60 62
 15 18 28 31 39 40 62 72
 15 18 28 31 39 40 62 70 71
 15 18 28 31 39 40 60 62 72
 15 18 28 31 39 40 60 62 70 71
 15 18 28 31 39 40 45 62
 15 18 28 31 39 40 45 60 62
 15 18 26 27 58 62 72
 15 18 26 27 58 62 70 71
 15 18 26 27 58 60 62 72
 15 18 26 27 58 60 62 70 71
 15 18 26 27 56 57 62 72
 15 18 26 27 56 57 62 70 71
 15 18 26 27 56 57 60 62 72
 15 18 26 27 56 57 60 62 70 71
 15 18 26 27 45 58 62
 15 18 26 27 45 58 60 62
 15 18 26 27 45 56 57 62
 15 18 26 27 45 56 57 60 62
 15 18 26 27 41 58 62 72
 15 18 26 27 41 58 62 70 71
 15 18 26 27 41 58 60 62 72
 15 18 26 27 41 58 60 62 70 71
 15 18 26 27 41 56 57 62 72
 15 18 26 27 41 56 57 62 70 71
 15 18 26 27 41 56 57 60 62 72
 15 18 26 27 41 56 57 60 62 70 71
 15 18 26 27 41 45 58 62
 15 18 26 27 41 45 58 60 62
 15 18 26 27 41 45 56 57 62
 15 18 26 27 41 45 56 57 60 62
 15 18 26 27 39 40 58 62 72
 15 18 26 27 39 40 58 62 70 71
 15 18 26 27 39 40 58 60 62 72
 15 18 26 27 39 40 58 60 62 70 71
 15 18 26 27 39 40 56 57 62 72
 15 18 26 27 39 40 56 57 62 70 71
 15 18 26 27 39 40 56 57 60 62 72
 15 18 26 27 39 40 56 57 60 62 70 71
 15 18 26 27 39 40 45 58 62
 15 18 26 27 39 40 45 58 60 62
 15 18 26 27 39 40 45 56 57 62
 15 18 26 27 39 40 45 56 57 60 62
 15 18 26 27 31 62 72
 15 18 26 27 31 62 70 71
 15 18 26 27 31 60 62 72
 15 18 26 27 31 60 62 70 71
 15 18 26 27 31 45 62
 15 18 26 27 31 45 60 62
 15 18 26 27 31 41 62 72
 15 18 26 27 31 41 62 70 71
 15 18 26 27 31 41 60 62 72
 15 18 26 27 31 41 60 62 70 71
 15 18 26 27 31 41 45 62
 15 18 26 27 31 41 45 60 62
 15 18 26 27 31 39 40 62 72
 15 18 26 27 31 39 40 62 70 71
 15 18 26 27 31 39 40 60 62 72
 15 18 26 27 31 39 40 60 62 70 71
 15 18 26 27 31 39 40 45 62
 15 18 26 27 31 39 40 45 60 62
 14 45 57 60 70
 14 45 57 60 68 69
 14 45 54 60 70
 14 45 54 60 68 69
 14 45 52 53 60 70
 14 45 52 53 60 68 69
 14 43 45 57 60
 14 43 45 54 60
 14 43 45 52 53 60
 14 43 44 57 60
 14 43 44 57 60 70
 14 43 44 57 60 68 69
 14 43 44 54 60
 14 43 44 54 60 70
 14 43 44 54 60 68 69
 14 43 44 52 53 60
 14 43 44 52 53 60 70
 14 43 44 52 53 60 68 69
 14 35 72
 14 35 70 71
 14 35 45
 14 28 45 58 64
 14 28 45 58 64 72
 14 28 45 58 64 70 71
 14 28 45 58 60 64
 14 28 45 58 60 64 72
 14 28 45 58 60 64 70 71
 14 28 45 57 58 62
 14 28 45 57 58 62 72
 14 28 45 57 58 62 70 71
 14 28 45 57 58 60 62
 14 28 45 57 58 60 62 72
 14 28 45 57 58 60 62 70 71
 14 28 45 56 57 64
 14 28 45 56 57 64 72
 14 28 45 56 57 64 70 71
 14 28 45 56 57 62
 14 28 45 56 57 62 72
 14 28 45 56 57 62 70 71
 14 28 45 56 57 60 64
 14 28 45 56 57 60 64 72
 14 28 45 56 57 60 64 70 71
 14 28 45 56 57 60 62
 14 28 45 56 57 60 62 72
 14 28 45 56 57 60 62 70 71
 14 28 43 44 58 64 72
 14 28 43 44 58 64 70 71
 14 28 43 44 58 60 64 72
 14 28 43 44 58 60 64 70 71
 14 28 43 44 57 58 62 72
 14 28 43 44 57 58 62 70 71
 14 28 43 44 57 58 60 62 72
 14 28 43 44 57 58 60 62 70 71
 14 28 43 44 56 57 64 72
 14 28 43 44 56 57 64 70 71
 14 28 43 44 56 57 62 72
 14 28 43 44 56 57 62 70 71
 14 28 43 44 56 57 60 64 72
 14 28 43 44 56 57 60 64 70 71
 14 28 43 44 56 57 60 62 72
 14 28 43 44 56 57 60 62 70 71
 14 28 43 44 45 58 64
 14 28 43 44 45 58 60 64
 14 28 43 44 45 57 58 62
 14 28 43 44 45 57 58 60 62
 14 28 43 44 45 56 57 64
 14 28 43 44 45 56 57 62
 14 28 43 44 45 56 57 60 64
 14 28 43 44 45 56 57 60 62
 14 28 31 45 64
 14 28 31 45 64 72
 14 28 31 45 64 70 71
 14 28 31 45 60 64
 14 28 31 45 60 64 72
 14 28 31 45 60 64 70 71
 14 28 31 45 57 62
 14 28 31 45 57 62 72
 14 28 31 45 57 62 70 71
 14 28 31 45 57 60 62
 14 28 31 45 57 60 62 72
 14 28 31 45 57 60 62 70 71
 14 28 31 43 44 64 72
 14 28 31 43 44 64 70 71
 14 28 31 43 44 60 64 72
 14 28 31 43 44 60 64 70 71
 14 28 31 43 44 57 62 72
 14 28 31 43 44 57 62 70 71
 14 28 31 43 44 57 60 62 72
 14 28 31 43 44 57 60 62 70 71
 14 28 31 43 44 45 64
 14 28 31 43 44 45 60 64
 14 28 31 43 44 45 57 62
 14 28 31 43 44 45 57 60 62
 14 27 45 60 70
 14 27 45 60 68 69
 14 27 43 45 60
 14 27 43 44 60
 14 27 43 44 60 70
 14 27 43 44 60 68 69
 14 26 27 45 58 64
 14 26 27 45 58 64 72
 14 26 27 45 58 64 70 71
 14 26 27 45 58 60 64
 14 26 27 45 58 60 64 72
 14 26 27 45 58 60 64 70 71
 14 26 27 45 57 58 62
 14 26 27 45 57 58 62 72
 14 26 27 45 57 58 62 70 71
 14 26 27 45 57 58 60 62
 14 26 27 45 57 58 60 62 72
 14 26 27 45 57 58 60 62 70 71
 14 26 27 45 56 57 64
 14 26 27 45 56 57 64 72
 14 26 27 45 56 57 64 70 71
 14 26 27 45 56 57 62
 14 26 27 45 56 57 62 72
 14 26 27 45 56 57 62 70 71
 14 26 27 45 56 57 60 64
 14 26 27 45 56 57 60 64 72
 14 26 27 45 56 57 60 64 70 71
 14 26 27 45 56 57 60 62
 14 26 27 45 56 57 60 62 72
 14 26 27 45 56 57 60 62 70 71
 14 26 27 43 44 58 64 72
 14 26 27 43 44 58 64 70 71
 14 26 27 43 44 58 60 64 72
 14 26 27 43 44 58 60 64 70 71
 14 26 27 43 44 57 58 62 72
 14 26 27 43 44 57 58 62 70 71
 14 26 27 43 44 57 58 60 62 72
 14 26 27 43 44 57 58 60 62 70 71
 14 26 27 43 44 56 57 64 72
 14 26 27 43 44 56 57 64 70 71
 14 26 27 43 44 56 57 62 72
 14 26 27 43 44 56 57 62 70 71
 14 26 27 43 44 56 57 60 64 72
 14 26 27 43 44 56 57 60 64 70 71
 14 26 27 43 44 56 57 60 62 72
 14 26 27 43 44 56 57 60 62 70 71
 14 26 27 43 44 45 58 64
 14 26 27 43 44 45 58 60 64
 14 26 27 43 44 45 57 58 62
 14 26 27 43 44 45 57 58 60 62
 14 26 27 43 44 45 56 57 64
 14 26 27 43 44 45 56 57 62
 14 26 27 43 44 45 56 57 60 64
 14 26 27 43 44 45 56 57 60 62
 14 26 27 31 45 64
 14 26 27 31 45 64 72
 14 26 27 31 45 64 70 71
 14 26 27 31 45 60 64
 14 26 27 31 45 60 64 72
 14 26 27 31 45 60 64 70 71
 14 26 27 31 45 57 62
 14 26 27 31 45 57 62 72
 14 26 27 31 45 57 62 70 71
 14 26 27 31 45 57 60 62
 14 26 27 31 45 57 60 62 72
 14 26 27 31 45 57 60 62 70 71
 14 26 27 31 43 44 64 72
 14 26 27 31 43 44 64 70 71
 14 26 27 31 43 44 60 64 72
 14 26 27 31 43 44 60 64 70 71
 14 26 27 31 43 44 57 62 72
 14 26 27 31 43 44 57 62 70 71
 14 26 27 31 43 44 57 60 62 72
 14 26 27 31 43 44 57 60 62 70 71
 14 26 27 31 43 44 45 64
 14 26 27 31 43 44 45 60 64
 14 26 27 31 43 44 45 57 62
 14 26 27 31 43 44 45 57 60 62
 14 18 57 60 70
 14 18 57 60 68 69
 14 18 54 60 70
 14 18 54 60 68 69
 14 18 52 53 60 70
 14 18 52 53 60 68 69
 14 18 43 57 60
 14 18 43 54 60
 14 18 43 52 53 60
 14 18 28 58 64 72
 14 18 28 58 64 70 71
 14 18 28 58 60 64 72
 14 18 28 58 60 64 70 71
 14 18 28 57 58 62 72
 14 18 28 57 58 62 70 71
 14 18 28 57 58 60 62 72
 14 18 28 57 58 60 62 70 71
 14 18 28 56 57 64 72
 14 18 28 56 57 64 70 71
 14 18 28 56 57 62 72
 14 18 28 56 57 62 70 71
 14 18 28 56 57 60 64 72
 14 18 28 56 57 60 64 70 71
 14 18 28 56 57 60 62 72
 14 18 28 56 57 60 62 70 71
 14 18 28 45 58 64
 14 18 28 45 58 60 64
 14 18 28 45 57 58 62
 14 18 28 45 57 58 60 62
 14 18 28 45 56 57 64
 14 18 28 45 56 57 62
 14 18 28 45 56 57 60 64
 14 18 28 45 56 57 60 62
 14 18 28 31 64 72
 14 18 28 31 64 70 71
 14 18 28 31 60 64 72
 14 18 28 31 60 64 70 71
 14 18 28 31 57 62 72
 14 18 28 31 57 62 70 71
 14 18 28 31 57 60 62 72
 14 18 28 31 57 60 62 70 71
 14 18 28 31 45 64
 14 18 28 31 45 60 64
 14 18 28 31 45 57 62
 14 18 28 31 45 57 60 62
 14 18 27 60 70
 14 18 27 60 68 69
 14 18 27 43 60
 14 18 26 27 58 64 72
 14 18 26 27 58 64 70 71
 14 18 26 27 58 60 64 72
 14 18 26 27 58 60 64 70 71
 14 18 26 27 57 58 62 72
 14 18 26 27 57 58 62 70 71
 14 18 26 27 57 58 60 62 72
 14 18 26 27 57 58 60 62 70 71
 14 18 26 27 56 57 64 72
 14 18 26 27 56 57 64 70 71
 14 18 26 27 56 57 62 72
 14 18 26 27 56 57 62 70 71
 14 18 26 27 56 57 60 64 72
 14 18 26 27 56 57 60 64 70 71
 14 18 26 27 56 57 60 62 72
 14 18 26 27 56 57 60 62 70 71
 14 18 26 27 45 58 64
 14 18 26 27 45 58 60 64
 14 18 26 27 45 57 58 62
 14 18 26 27 45 57 58 60 62
 14 18 26 27 45 56 57 64
 14 18 26 27 45 56 57 62
 14 18 26 27 45 56 57 60 64
 14 18 26 27 45 56 57 60 62
 14 18 26 27 31 64 72
 14 18 26 27 31 64 70 71
 14 18 26 27 31 60 64 72
 14 18 26 27 31 60 64 70 71
 14 18 26 27 31 57 62 72
 14 18 26 27 31 57 62 70 71
 14 18 26 27 31 57 60 62 72
 14 18 26 27 31 57 60 62 70 71
 14 18 26 27 31 45 64
 14 18 26 27 31 45 60 64
 14 18 26 27 31 45 57 62
 14 18 26 27 31 45 57 60 62
 14 15 45 60 70
 14 15 45 60 68 69
 14 15 43 45 60
 14 15 43 44 60
 14 15 43 44 60 70
 14 15 43 44 60 68 69
 14 15 28 45 58 62
 14 15 28 45 58 62 72
 14 15 28 45 58 62 70 71
 14 15 28 45 58 60 62
 14 15 28 45 58 60 62 72
 14 15 28 45 58 60 62 70 71
 14 15 28 45 56 57 62
 14 15 28 45 56 57 62 72
 14 15 28 45 56 57 62 70 71
 14 15 28 45 56 57 60 62
 14 15 28 45 56 57 60 62 72
 14 15 28 45 56 57 60 62 70 71
 14 15 28 43 44 58 62 72
 14 15 28 43 44 58 62 70 71
 14 15 28 43 44 58 60 62 72
 14 15 28 43 44 58 60 62 70 71
 14 15 28 43 44 56 57 62 72
 14 15 28 43 44 56 57 62 70 71
 14 15 28 43 44 56 57 60 62 72
 14 15 28 43 44 56 57 60 62 70 71
 14 15 28 43 44 45 58 62
 14 15 28 43 44 45 58 60 62
 14 15 28 43 44 45 56 57 62
 14 15 28 43 44 45 56 57 60 62
 14 15 28 31 45 62
 14 15 28 31 45 62 72
 14 15 28 31 45 62 70 71
 14 15 28 31 45 60 62
 14 15 28 31 45 60 62 72
 14 15 28 31 45 60 62 70 71
 14 15 28 31 43 44 62 72
 14 15 28 31 43 44 62 70 71
 14 15 28 31 43 44 60 62 72
 14 15 28 31 43 44 60 62 70 71
 14 15 28 31 43 44 45 62
 14 15 28 31 43 44 45 60 62
 14 15 26 27 45 58 62
 14 15 26 27 45 58 62 72
 14 15 26 27 45 58 62 70 71
 14 15 26 27 45 58 60 62
 14 15 26 27 45 58 60 62 72
 14 15 26 27 45 58 60 62 70 71
 14 15 26 27 45 56 57 62
 14 15 26 27 45 56 57 62 72
 14 15 26 27 45 56 57 62 70 71
 14 15 26 27 45 56 57 60 62
 14 15 26 27 45 56 57 60 62 72
 14 15 26 27 45 56 57 60 62 70 71
 14 15 26 27 43 44 58 62 72
 14 15 26 27 43 44 58 62 70 71
 14 15 26 27 43 44 58 60 62 72
 14 15 26 27 43 44 58 60 62 70 71
 14 15 26 27 43 44 56 57 62 72
 14 15 26 27 43 44 56 57 62 70 71
 14 15 26 27 43 44 56 57 60 62 72
 14 15 26 27 43 44 56 57 60 62 70 71
 14 15 26 27 43 44 45 58 62
 14 15 26 27 43 44 45 58 60 62
 14 15 26 27 43 44 45 56 57 62
 14 15 26 27 43 44 45 56 57 60 62
 14 15 26 27 31 45 62
 14 15 26 27 31 45 62 72
 14 15 26 27 31 45 62 70 71
 14 15 26 27 31 45 60 62
 14 15 26 27 31 45 60 62 72
 14 15 26 27 31 45 60 62 70 71
 14 15 26 27 31 43 44 62 72
 14 15 26 27 31 43 44 62 70 71
 14 15 26 27 31 43 44 60 62 72
 14 15 26 27 31 43 44 60 62 70 71
 14 15 26 27 31 43 44 45 62
 14 15 26 27 31 43 44 45 60 62
 14 15 18 60 70
 14 15 18 60 68 69
 14 15 18 43 60
 14 15 18 28 58 62 72
 14 15 18 28 58 62 70 71
 14 15 18 28 58 60 62 72
 14 15 18 28 58 60 62 70 71
 14 15 18 28 56 57 62 72
 14 15 18 28 56 57 62 70 71
 14 15 18 28 56 57 60 62 72
 14 15 18 28 56 57 60 62 70 71
 14 15 18 28 45 58 62
 14 15 18 28 45 58 60 62
 14 15 18 28 45 56 57 62
 14 15 18 28 45 56 57 60 62
 14 15 18 28 31 62 72
 14 15 18 28 31 62 70 71
 14 15 18 28 31 60 62 72
 14 15 18 28 31 60 62 70 71
 14 15 18 28 31 45 62
 14 15 18 28 31 45 60 62
 14 15 18 26 27 58 62 72
 14 15 18 26 27 58 62 70 71
 14 15 18 26 27 58 60 62 72
 14 15 18 26 27 58 60 62 70 71
 14 15 18 26 27 56 57 62 72
 14 15 18 26 27 56 57 62 70 71
 14 15 18 26 27 56 57 60 62 72
 14 15 18 26 27 56 57 60 62 70 71
 14 15 18 26 27 45 58 62
 14 15 18 26 27 45 58 60 62
 14 15 18 26 27 45 56 57 62
 14 15 18 26 27 45 56 57 60 62
 14 15 18 26 27 31 62 72
 14 15 18 26 27 31 62 70 71
 14 15 18 26 27 31 60 62 72
 14 15 18 26 27 31 60 62 70 71
 14 15 18 26 27 31 45 62
 14 15 18 26 27 31 45 60 62
 13 14 45 60 70
 13 14 45 60 68 69
 13 14 45 58 62
 13 14 45 58 62 72
 13 14 45 58 62 70 71
 13 14 45 56 57 62
 13 14 45 56 57 62 72
 13 14 45 56 57 62 70 71
 13 14 43 45 60
 13 14 43 44 60
 13 14 43 44 60 70
 13 14 43 44 60 68 69
 13 14 43 44 58 62 72
 13 14 43 44 58 62 70 71
 13 14 43 44 56 57 62 72
 13 14 43 44 56 57 62 70 71
 13 14 43 44 45 58 62
 13 14 43 44 45 56 57 62
 13 14 41 45 60 70
 13 14 41 45 60 68 69
 13 14 41 43 45 60
 13 14 41 43 44 60
 13 14 41 43 44 60 70
 13 14 41 43 44 60 68 69
 13 14 39 45 58 62
 13 14 39 45 58 62 72
 13 14 39 45 58 62 70 71
 13 14 39 45 58 60 62
 13 14 39 45 58 60 62 72
 13 14 39 45 58 60 62 70 71
 13 14 39 45 56 57 62
 13 14 39 45 56 57 62 72
 13 14 39 45 56 57 62 70 71
 13 14 39 45 56 57 60 62
 13 14 39 45 56 57 60 62 72
 13 14 39 45 56 57 60 62 70 71
 13 14 39 43 44 58 62 72
 13 14 39 43 44 58 62 70 71
 13 14 39 43 44 58 60 62 72
 13 14 39 43 44 58 60 62 70 71
 13 14 39 43 44 56 57 62 72
 13 14 39 43 44 56 57 62 70 71
 13 14 39 43 44 56 57 60 62 72
 13 14 39 43 44 56 57 60 62 70 71
 13 14 39 43 44 45 58 62
 13 14 39 43 44 45 58 60 62
 13 14 39 43 44 45 56 57 62
 13 14 39 43 44 45 56 57 60 62
 13 14 39 40 45 60 70
 13 14 39 40 45 60 68 69
 13 14 39 40 43 45 60
 13 14 39 40 43 44 60
 13 14 39 40 43 44 60 70
 13 14 39 40 43 44 60 68 69
 13 14 37 38 45 58 62
 13 14 37 38 45 58 62 72
 13 14 37 38 45 58 62 70 71
 13 14 37 38 45 58 60 62
 13 14 37 38 45 58 60 62 72
 13 14 37 38 45 58 60 62 70 71
 13 14 37 38 45 56 57 62
 13 14 37 38 45 56 57 62 72
 13 14 37 38 45 56 57 62 70 71
 13 14 37 38 45 56 57 60 62
 13 14 37 38 45 56 57 60 62 72
 13 14 37 38 45 56 57 60 62 70 71
 13 14 37 38 43 44 58 62 72
 13 14 37 38 43 44 58 62 70 71
 13 14 37 38 43 44 58 60 62 72
 13 14 37 38 43 44 58 60 62 70 71
 13 14 37 38 43 44 56 57 62 72
 13 14 37 38 43 44 56 57 62 70 71
 13 14 37 38 43 44 56 57 60 62 72
 13 14 37 38 43 44 56 57 60 62 70 71
 13 14 37 38 43 44 45 58 62
 13 14 37 38 43 44 45 58 60 62
 13 14 37 38 43 44 45 56 57 62
 13 14 37 38 43 44 45 56 57 60 62
 13 14 31 45 62
 13 14 31 45 62 72
 13 14 31 45 62 70 71
 13 14 31 43 44 62 72
 13 14 31 43 44 62 70 71
 13 14 31 43 44 45 62
 13 14 31 39 45 62
 13 14 31 39 45 62 72
 13 14 31 39 45 62 70 71
 13 14 31 39 45 60 62
 13 14 31 39 45 60 62 72
 13 14 31 39 45 60 62 70 71
 13 14 31 39 43 44 62 72
 13 14 31 39 43 44 62 70 71
 13 14 31 39 43 44 60 62 72
 13 14 31 39 43 44 60 62 70 71
 13 14 31 39 43 44 45 62
 13 14 31 39 43 44 45 60 62
 13 14 31 37 38 45 62
 13 14 31 37 38 45 62 72
 13 14 31 37 38 45 62 70 71
 13 14 31 37 38 45 60 62
 13 14 31 37 38 45 60 62 72
 13 14 31 37 38 45 60 62 70 71
 13 14 31 37 38 43 44 62 72
 13 14 31 37 38 43 44 62 70 71
 13 14 31 37 38 43 44 60 62 72
 13 14 31 37 38 43 44 60 62 70 71
 13 14 31 37 38 43 44 45 62
 13 14 31 37 38 43 44 45 60 62
 13 14 28 41 45 58 62
 13 14 28 41 45 58 62 72
 13 14 28 41 45 58 62 70 71
 13 14 28 41 45 58 60 62
 13 14 28 41 45 58 60 62 72
 13 14 28 41 45 58 60 62 70 71
 13 14 28 41 45 56 57 62
 13 14 28 41 45 56 57 62 72
 13 14 28 41 45 56 57 62 70 71
 13 14 28 41 45 56 57 60 62
 13 14 28 41 45 56 57 60 62 72
 13 14 28 41 45 56 57 60 62 70 71
 13 14 28 41 43 44 58 62 72
 13 14 28 41 43 44 58 62 70 71
 13 14 28 41 43 44 58 60 62 72
 13 14 28 41 43 44 58 60 62 70 71
 13 14 28 41 43 44 56 57 62 72
 13 14 28 41 43 44 56 57 62 70 71
 13 14 28 41 43 44 56 57 60 62 72
 13 14 28 41 43 44 56 57 60 62 70 71
 13 14 28 41 43 44 45 58 62
 13 14 28 41 43 44 45 58 60 62
 13 14 28 41 43 44 45 56 57 62
 13 14 28 41 43 44 45 56 57 60 62
 13 14 28 39 40 45 58 62
 13 14 28 39 40 45 58 62 72
 13 14 28 39 40 45 58 62 70 71
 13 14 28 39 40 45 58 60 62
 13 14 28 39 40 45 58 60 62 72
 13 14 28 39 40 45 58 60 62 70 71
 13 14 28 39 40 45 56 57 62
 13 14 28 39 40 45 56 57 62 72
 13 14 28 39 40 45 56 57 62 70 71
 13 14 28 39 40 45 56 57 60 62
 13 14 28 39 40 45 56 57 60 62 72
 13 14 28 39 40 45 56 57 60 62 70 71
 13 14 28 39 40 43 44 58 62 72
 13 14 28 39 40 43 44 58 62 70 71
 13 14 28 39 40 43 44 58 60 62 72
 13 14 28 39 40 43 44 58 60 62 70 71
 13 14 28 39 40 43 44 56 57 62 72
 13 14 28 39 40 43 44 56 57 62 70 71
 13 14 28 39 40 43 44 56 57 60 62 72
 13 14 28 39 40 43 44 56 57 60 62 70 71
 13 14 28 39 40 43 44 45 58 62
 13 14 28 39 40 43 44 45 58 60 62
 13 14 28 39 40 43 44 45 56 57 62
 13 14 28 39 40 43 44 45 56 57 60 62
 13 14 28 31 41 45 62
 13 14 28 31 41 45 62 72
 13 14 28 31 41 45 62 70 71
 13 14 28 31 41 45 60 62
 13 14 28 31 41 45 60 62 72
 13 14 28 31 41 45 60 62 70 71
 13 14 28 31 41 43 44 62 72
 13 14 28 31 41 43 44 62 70 71
 13 14 28 31 41 43 44 60 62 72
 13 14 28 31 41 43 44 60 62 70 71
 13 14 28 31 41 43 44 45 62
 13 14 28 31 41 43 44 45 60 62
 13 14 28 31 39 40 45 62
 13 14 28 31 39 40 45 62 72
 13 14 28 31 39 40 45 62 70 71
 13 14 28 31 39 40 45 60 62
 13 14 28 31 39 40 45 60 62 72
 13 14 28 31 39 40 45 60 62 70 71
 13 14 28 31 39 40 43 44 62 72
 13 14 28 31 39 40 43 44 62 70 71
 13 14 28 31 39 40 43 44 60 62 72
 13 14 28 31 39 40 43 44 60 62 70 71
 13 14 28 31 39 40 43 44 45 62
 13 14 28 31 39 40 43 44 45 60 62
 13 14 26 27 41 45 58 62
 13 14 26 27 41 45 58 62 72
 13 14 26 27 41 45 58 62 70 71
 13 14 26 27 41 45 58 60 62
 13 14 26 27 41 45 58 60 62 72
 13 14 26 27 41 45 58 60 62 70 71
 13 14 26 27 41 45 56 57 62
 13 14 26 27 41 45 56 57 62 72
 13 14 26 27 41 45 56 57 62 70 71
 13 14 26 27 41 45 56 57 60 62
 13 14 26 27 41 45 56 57 60 62 72
 13 14 26 27 41 45 56 57 60 62 70 71
 13 14 26 27 41 43 44 58 62 72
 13 14 26 27 41 43 44 58 62 70 71
 13 14 26 27 41 43 44 58 60 62 72
 13 14 26 27 41 43 44 58 60 62 70 71
 13 14 26 27 41 43 44 56 57 62 72
 13 14 26 27 41 43 44 56 57 62 70 71
 13 14 26 27 41 43 44 56 57 60 62 72
 13 14 26 27 41 43 44 56 57 60 62 70 71
 13 14 26 27 41 43 44 45 58 62
 13 14 26 27 41 43 44 45 58 60 62
 13 14 26 27 41 43 44 45 56 57 62
 13 14 26 27 41 43 44 45 56 57 60 62
 13 14 26 27 39 40 45 58 62
 13 14 26 27 39 40 45 58 62 72
 13 14 26 27 39 40 45 58 62 70 71
 13 14 26 27 39 40 45 58 60 62
 13 14 26 27 39 40 45 58 60 62 72
 13 14 26 27 39 40 45 58 60 62 70 71
 13 14 26 27 39 40 45 56 57 62
 13 14 26 27 39 40 45 56 57 62 72
 13 14 26 27 39 40 45 56 57 62 70 71
 13 14 26 27 39 40 45 56 57 60 62
 13 14 26 27 39 40 45 56 57 60 62 72
 13 14 26 27 39 40 45 56 57 60 62 70 71
 13 14 26 27 39 40 43 44 58 62 72
 13 14 26 27 39 40 43 44 58 62 70 71
 13 14 26 27 39 40 43 44 58 60 62 72
 13 14 26 27 39 40 43 44 58 60 62 70 71
 13 14 26 27 39 40 43 44 56 57 62 72
 13 14 26 27 39 40 43 44 56 57 62 70 71
 13 14 26 27 39 40 43 44 56 57 60 62 72
 13 14 26 27 39 40 43 44 56 57 60 62 70 71
 13 14 26 27 39 40 43 44 45 58 62
 13 14 26 27 39 40 43 44 45 58 60 62
 13 14 26 27 39 40 43 44 45 56 57 62
 13 14 26 27 39 40 43 44 45 56 57 60 62
 13 14 26 27 31 41 45 62
 13 14 26 27 31 41 45 62 72
 13 14 26 27 31 41 45 62 70 71
 13 14 26 27 31 41 45 60 62
 13 14 26 27 31 41 45 60 62 72
 13 14 26 27 31 41 45 60 62 70 71
 13 14 26 27 31 41 43 44 62 72
 13 14 26 27 31 41 43 44 62 70 71
 13 14 26 27 31 41 43 44 60 62 72
 13 14 26 27 31 41 43 44 60 62 70 71
 13 14 26 27 31 41 43 44 45 62
 13 14 26 27 31 41 43 44 45 60 62
 13 14 26 27 31 39 40 45 62
 13 14 26 27 31 39 40 45 62 72
 13 14 26 27 31 39 40 45 62 70 71
 13 14 26 27 31 39 40 45 60 62
 13 14 26 27 31 39 40 45 60 62 72
 13 14 26 27 31 39 40 45 60 62 70 71
 13 14 26 27 31 39 40 43 44 62 72
 13 14 26 27 31 39 40 43 44 62 70 71
 13 14 26 27 31 39 40 43 44 60 62 72
 13 14 26 27 31 39 40 43 44 60 62 70 71
 13 14 26 27 31 39 40 43 44 45 62
 13 14 26 27 31 39 40 43 44 45 60 62
 13 14 18 60 70
 13 14 18 60 68 69
 13 14 18 58 62 72
 13 14 18 58 62 70 71
 13 14 18 56 57 62 72
 13 14 18 56 57 62 70 71
 13 14 18 45 58 62
 13 14 18 45 56 57 62
 13 14 18 43 60
 13 14 18 41 60 70
 13 14 18 41 60 68 69
 13 14 18 41 43 60
 13 14 18 39 58 62 72
 13 14 18 39 58 62 70 71
 13 14 18 39 58 60 62 72
 13 14 18 39 58 60 62 70 71
 13 14 18 39 56 57 62 72
 13 14 18 39 56 57 62 70 71
 13 14 18 39 56 57 60 62 72
 13 14 18 39 56 57 60 62 70 71
 13 14 18 39 45 58 62
 13 14 18 39 45 58 60 62
 13 14 18 39 45 56 57 62
 13 14 18 39 45 56 57 60 62
 13 14 18 39 40 60 70
 13 14 18 39 40 60 68 69
 13 14 18 39 40 43 60
 13 14 18 37 38 58 62 72
 13 14 18 37 38 58 62 70 71
 13 14 18 37 38 58 60 62 72
 13 14 18 37 38 58 60 62 70 71
 13 14 18 37 38 56 57 62 72
 13 14 18 37 38 56 57 62 70 71
 13 14 18 37 38 56 57 60 62 72
 13 14 18 37 38 56 57 60 62 70 71
 13 14 18 37 38 45 58 62
 13 14 18 37 38 45 58 60 62
 13 14 18 37 38 45 56 57 62
 13 14 18 37 38 45 56 57 60 62
 13 14 18 31 62 72
 13 14 18 31 62 70 71
 13 14 18 31 45 62
 13 14 18 31 39 62 72
 13 14 18 31 39 62 70 71
 13 14 18 31 39 60 62 72
 13 14 18 31 39 60 62 70 71
 13 14 18 31 39 45 62
 13 14 18 31 39 45 60 62
 13 14 18 31 37 38 62 72
 13 14 18 31 37 38 62 70 71
 13 14 18 31 37 38 60 62 72
 13 14 18 31 37 38 60 62 70 71
 13 14 18 31 37 38 45 62
 13 14 18 31 37 38 45 60 62
 13 14 18 28 41 58 62 72
 13 14 18 28 41 58 62 70 71
 13 14 18 28 41 58 60 62 72
 13 14 18 28 41 58 60 62 70 71
 13 14 18 28 41 56 57 62 72
 13 14 18 28 41 56 57 62 70 71
 13 14 18 28 41 56 57 60 62 72
 13 14 18 28 41 56 57 60 62 70 71
 13 14 18 28 41 45 58 62
 13 14 18 28 41 45 58 60 62
 13 14 18 28 41 45 56 57 62
 13 14 18 28 41 45 56 57 60 62
 13 14 18 28 39 40 58 62 72
 13 14 18 28 39 40 58 62 70 71
 13 14 18 28 39 40 58 60 62 72
 13 14 18 28 39 40 58 60 62 70 71
 13 14 18 28 39 40 56 57 62 72
 13 14 18 28 39 40 56 57 62 70 71
 13 14 18 28 39 40 56 57 60 62 72
 13 14 18 28 39 40 56 57 60 62 70 71
 13 14 18 28 39 40 45 58 62
 13 14 18 28 39 40 45 58 60 62
 13 14 18 28 39 40 45 56 57 62
 13 14 18 28 39 40 45 56 57 60 62
 13 14 18 28 31 41 62 72
 13 14 18 28 31 41 62 70 71
 13 14 18 28 31 41 60 62 72
 13 14 18 28 31 41 60 62 70 71
 13 14 18 28 31 41 45 62
 13 14 18 28 31 41 45 60 62
 13 14 18 28 31 39 40 62 72
 13 14 18 28 31 39 40 62 70 71
 13 14 18 28 31 39 40 60 62 72
 13 14 18 28 31 39 40 60 62 70 71
 13 14 18 28 31 39 40 45 62
 13 14 18 28 31 39 40 45 60 62
 13 14 18 26 27 41 58 62 72
 13 14 18 26 27 41 58 62 70 71
 13 14 18 26 27 41 58 60 62 72
 13 14 18 26 27 41 58 60 62 70 71
 13 14 18 26 27 41 56 57 62 72
 13 14 18 26 27 41 56 57 62 70 71
 13 14 18 26 27 41 56 57 60 62 72
 13 14 18 26 27 41 56 57 60 62 70 71
 13 14 18 26 27 41 45 58 62
 13 14 18 26 27 41 45 58 60 62
 13 14 18 26 27 41 45 56 57 62
 13 14 18 26 27 41 45 56 57 60 62
 13 14 18 26 27 39 40 58 62 72
 13 14 18 26 27 39 40 58 62 70 71
 13 14 18 26 27 39 40 58 60 62 72
 13 14 18 26 27 39 40 58 60 62 70 71
 13 14 18 26 27 39 40 56 57 62 72
 13 14 18 26 27 39 40 56 57 62 70 71
 13 14 18 26 27 39 40 56 57 60 62 72
 13 14 18 26 27 39 40 56 57 60 62 70 71
 13 14 18 26 27 39 40 45 58 62
 13 14 18 26 27 39 40 45 58 60 62
 13 14 18 26 27 39 40 45 56 57 62
 13 14 18 26 27 39 40 45 56 57 60 62
 13 14 18 26 27 31 41 62 72
 13 14 18 26 27 31 41 62 70 71
 13 14 18 26 27 31 41 60 62 72
 13 14 18 26 27 31 41 60 62 70 71
 13 14 18 26 27 31 41 45 62
 13 14 18 26 27 31 41 45 60 62
 13 14 18 26 27 31 39 40 62 72
 13 14 18 26 27 31 39 40 62 70 71
 13 14 18 26 27 31 39 40 60 62 72
 13 14 18 26 27 31 39 40 60 62 70 71
 13 14 18 26 27 31 39 40 45 62
 13 14 18 26 27 31 39 40 45 60 62
 12 45 58 64
 12 45 58 64 72
 12 45 58 64 70 71
 12 45 58 62 70
 12 45 58 62 70 72
 12 45 58 62 70 71
 12 45 58 62 68 69
 12 45 58 62 68 69 72
 12 45 58 62 68 69 70 71
 12 45 58 60 64
 12 45 58 60 64 72
 12 45 58 60 64 70 71
 12 45 57 58 62
 12 45 57 58 62 72
 12 45 57 58 62 70 71
 12 45 57 58 60 62
 12 45 57 58 60 62 72
 12 45 57 58 60 62 70 71
 12 45 56 57 64
 12 45 56 57 64 72
 12 45 56 57 64 70 71
 12 45 56 57 62
 12 45 56 57 62 72
 12 45 56 57 62 70 71
 12 45 56 57 60 64
 12 45 56 57 60 64 72
 12 45 56 57 60 64 70 71
 12 45 56 57 60 62
 12 45 56 57 60 62 72
 12 45 56 57 60 62 70 71
 12 45 56 57 58 62 70
 12 45 56 57 58 62 70 72
 12 45 56 57 58 62 70 71
 12 45 56 57 58 62 68 69
 12 45 56 57 58 62 68 69 72
 12 45 56 57 58 62 68 69 70 71
 12 43 45 58 62
 12 43 45 58 62 72
 12 43 45 58 62 70 71
 12 43 45 56 57 58 62
 12 43 45 56 57 58 62 72
 12 43 45 56 57 58 62 70 71
 12 43 44 58 64 72
 12 43 44 58 64 70 71
 12 43 44 58 62 72
 12 43 44 58 62 70 72
 12 43 44 58 62 68 69 72
 12 43 44 58 62 68 69 70 71
 12 43 44 58 60 64 72
 12 43 44 58 60 64 70 71
 12 43 44 57 58 62 72
 12 43 44 57 58 62 70 71
 12 43 44 57 58 60 62 72
 12 43 44 57 58 60 62 70 71
 12 43 44 56 57 64 72
 12 43 44 56 57 64 70 71
 12 43 44 56 57 62 72
 12 43 44 56 57 62 70 71
 12 43 44 56 57 60 64 72
 12 43 44 56 57 60 64 70 71
 12 43 44 56 57 60 62 72
 12 43 44 56 57 60 62 70 71
 12 43 44 56 57 58 62 72
 12 43 44 56 57 58 62 70 72
 12 43 44 56 57 58 62 68 69 72
 12 43 44 56 57 58 62 68 69 70 71
 12 43 44 45 58 64
 12 43 44 45 58 62
 12 43 44 45 58 62 70
 12 43 44 45 58 62 68 69
 12 43 44 45 58 60 64
 12 43 44 45 57 58 62
 12 43 44 45 57 58 60 62
 12 43 44 45 56 57 64
 12 43 44 45 56 57 62
 12 43 44 45 56 57 60 64
 12 43 44 45 56 57 60 62
 12 43 44 45 56 57 58 62
 12 43 44 45 56 57 58 62 70
 12 43 44 45 56 57 58 62 68 69
 12 31 45 64
 12 31 45 64 72
 12 31 45 64 70 71
 12 31 45 60 64
 12 31 45 60 64 72
 12 31 45 60 64 70 71
 12 31 45 58 62 70
 12 31 45 58 62 70 72
 12 31 45 58 62 70 71
 12 31 45 58 62 68 69
 12 31 45 58 62 68 69 72
 12 31 45 58 62 68 69 70 71
 12 31 45 57 62
 12 31 45 57 62 72
 12 31 45 57 62 70 71
 12 31 45 57 60 62
 12 31 45 57 60 62 72
 12 31 45 57 60 62 70 71
 12 31 43 45 58 62
 12 31 43 45 58 62 72
 12 31 43 45 58 62 70 71
 12 31 43 44 64 72
 12 31 43 44 64 70 71
 12 31 43 44 60 64 72
 12 31 43 44 60 64 70 71
 12 31 43 44 58 62 72
 12 31 43 44 58 62 70 72
 12 31 43 44 58 62 68 69 72
 12 31 43 44 58 62 68 69 70 71
 12 31 43 44 57 62 72
 12 31 43 44 57 62 70 71
 12 31 43 44 57 60 62 72
 12 31 43 44 57 60 62 70 71
 12 31 43 44 45 64
 12 31 43 44 45 60 64
 12 31 43 44 45 58 62
 12 31 43 44 45 58 62 70
 12 31 43 44 45 58 62 68 69
 12 31 43 44 45 57 62
 12 31 43 44 45 57 60 62
 12 18 58 64 72
 12 18 58 64 70 71
 12 18 58 62 70 72
 12 18 58 62 70 71
 12 18 58 62 68 69 72
 12 18 58 62 68 69 70 71
 12 18 58 60 64 72
 12 18 58 60 64 70 71
 12 18 57 58 62 72
 12 18 57 58 62 70 71
 12 18 57 58 60 62 72
 12 18 57 58 60 62 70 71
 12 18 56 57 64 72
 12 18 56 57 64 70 71
 12 18 56 57 62 72
 12 18 56 57 62 70 71
 12 18 56 57 60 64 72
 12 18 56 57 60 64 70 71
 12 18 56 57 60 62 72
 12 18 56 57 60 62 70 71
 12 18 56 57 58 62 70 72
 12 18 56 57 58 62 70 71
 12 18 56 57 58 62 68 69 72
 12 18 56 57 58 62 68 69 70 71
 12 18 45 58 64
 12 18 45 58 62 70
 12 18 45 58 62 68 69
 12 18 45 58 60 64
 12 18 45 57 58 62
 12 18 45 57 58 60 62
 12 18 45 56 57 64
 12 18 45 56 57 62
 12 18 45 56 57 60 64
 12 18 45 56 57 60 62
 12 18 45 56 57 58 62 70
 12 18 45 56 57 58 62 68 69
 12 18 43 58 62 72
 12 18 43 58 62 70 71
 12 18 43 56 57 58 62 72
 12 18 43 56 57 58 62 70 71
 12 18 43 45 58 62
 12 18 43 45 56 57 58 62
 12 18 31 64 72
 12 18 31 64 70 71
 12 18 31 60 64 72
 12 18 31 60 64 70 71
 12 18 31 58 62 70 72
 12 18 31 58 62 70 71
 12 18 31 58 62 68 69 72
 12 18 31 58 62 68 69 70 71
 12 18 31 57 62 72
 12 18 31 57 62 70 71
 12 18 31 57 60 62 72
 12 18 31 57 60 62 70 71
 12 18 31 45 64
 12 18 31 45 60 64
 12 18 31 45 58 62 70
 12 18 31 45 58 62 68 69
 12 18 31 45 57 62
 12 18 31 45 57 60 62
 12 18 31 43 58 62 72
 12 18 31 43 58 62 70 71
 12 18 31 43 45 58 62
 12 15 45 58 62
 12 15 45 58 62 72
 12 15 45 58 62 70 71
 12 15 45 58 60 62
 12 15 45 58 60 62 72
 12 15 45 58 60 62 70 71
 12 15 45 56 57 62
 12 15 45 56 57 62 72
 12 15 45 56 57 62 70 71
 12 15 45 56 57 60 62
 12 15 45 56 57 60 62 72
 12 15 45 56 57 60 62 70 71
 12 15 43 44 58 62 72
 12 15 43 44 58 62 70 71
 12 15 43 44 58 60 62 72
 12 15 43 44 58 60 62 70 71
 12 15 43 44 56 57 62 72
 12 15 43 44 56 57 62 70 71
 12 15 43 44 56 57 60 62 72
 12 15 43 44 56 57 60 62 70 71
 12 15 43 44 45 58 62
 12 15 43 44 45 58 60 62
 12 15 43 44 45 56 57 62
 12 15 43 44 45 56 57 60 62
 12 15 31 45 62
 12 15 31 45 62 72
 12 15 31 45 62 70 71
 12 15 31 45 60 62
 12 15 31 45 60 62 72
 12 15 31 45 60 62 70 71
 12 15 31 43 44 62 72
 12 15 31 43 44 62 70 71
 12 15 31 43 44 60 62 72
 12 15 31 43 44 60 62 70 71
 12 15 31 43 44 45 62
 12 15 31 43 44 45 60 62
 12 15 18 58 62 72
 12 15 18 58 62 70 71
 12 15 18 58 60 62 72
 12 15 18 58 60 62 70 71
 12 15 18 56 57 62 72
 12 15 18 56 57 62 70 71
 12 15 18 56 57 60 62 72
 12 15 18 56 57 60 62 70 71
 12 15 18 45 58 62
 12 15 18 45 58 60 62
 12 15 18 45 56 57 62
 12 15 18 45 56 57 60 62
 12 15 18 31 62 72
 12 15 18 31 62 70 71
 12 15 18 31 60 62 72
 12 15 18 31 60 62 70 71
 12 15 18 31 45 62
 12 15 18 31 45 60 62
 12 13 14 45 58 62
 12 13 14 45 58 62 72
 12 13 14 45 58 62 70 71
 12 13 14 45 58 60 62
 12 13 14 45 58 60 62 72
 12 13 14 45 58 60 62 70 71
 12 13 14 45 56 57 62
 12 13 14 45 56 57 62 72
 12 13 14 45 56 57 62 70 71
 12 13 14 45 56 57 60 62
 12 13 14 45 56 57 60 62 72
 12 13 14 45 56 57 60 62 70 71
 12 13 14 43 44 58 62 72
 12 13 14 43 44 58 62 70 71
 12 13 14 43 44 58 60 62 72
 12 13 14 43 44 58 60 62 70 71
 12 13 14 43 44 56 57 62 72
 12 13 14 43 44 56 57 62 70 71
 12 13 14 43 44 56 57 60 62 72
 12 13 14 43 44 56 57 60 62 70 71
 12 13 14 43 44 45 58 62
 12 13 14 43 44 45 58 60 62
 12 13 14 43 44 45 56 57 62
 12 13 14 43 44 45 56 57 60 62
 12 13 14 31 45 62
 12 13 14 31 45 62 72
 12 13 14 31 45 62 70 71
 12 13 14 31 45 60 62
 12 13 14 31 45 60 62 72
 12 13 14 31 45 60 62 70 71
 12 13 14 31 43 44 62 72
 12 13 14 31 43 44 62 70 71
 12 13 14 31 43 44 60 62 72
 12 13 14 31 43 44 60 62 70 71
 12 13 14 31 43 44 45 62
 12 13 14 31 43 44 45 60 62
 12 13 14 18 58 62 72
 12 13 14 18 58 62 70 71
 12 13 14 18 58 60 62 72
 12 13 14 18 58 60 62 70 71
 12 13 14 18 56 57 62 72
 12 13 14 18 56 57 62 70 71
 12 13 14 18 56 57 60 62 72
 12 13 14 18 56 57 60 62 70 71
 12 13 14 18 45 58 62
 12 13 14 18 45 58 60 62
 12 13 14 18 45 56 57 62
 12 13 14 18 45 56 57 60 62
 12 13 14 18 31 62 72
 12 13 14 18 31 62 70 71
 12 13 14 18 31 60 62 72
 12 13 14 18 31 60 62 70 71
 12 13 14 18 31 45 62
 12 13 14 18 31 45 60 62
 1 47 54 58
 1 47 54 56 57 58
 1 47 52 53 58
 1 47 52 53 56 57 58
 1 45
 1 45 72
 1 45 70 71
 1 45 58 64
 1 45 58 64 72
 1 45 58 64 70 71
 1 45 58 60 64
 1 45 58 60 64 72
 1 45 58 60 64 70 71
 1 45 57 58 62
 1 45 57 58 62 72
 1 45 57 58 62 70 71
 1 45 57 58 60 62
 1 45 57 58 60 62 72
 1 45 57 58 60 62 70 71
 1 45 56 57 64
 1 45 56 57 64 72
 1 45 56 57 64 70 71
 1 45 56 57 62
 1 45 56 57 62 72
 1 45 56 57 62 70 71
 1 45 56 57 60 64
 1 45 56 57 60 64 72
 1 45 56 57 60 64 70 71
 1 45 56 57 60 62
 1 45 56 57 60 62 72
 1 45 56 57 60 62 70 71
 1 45 46 54 58
 1 45 46 54 56 57 58
 1 45 46 52 53 58
 1 45 46 52 53 56 57 58
 1 43 44 72
 1 43 44 70 71
 1 43 44 58 64 72
 1 43 44 58 64 70 71
 1 43 44 58 60 64 72
 1 43 44 58 60 64 70 71
 1 43 44 57 58 62 72
 1 43 44 57 58 62 70 71
 1 43 44 57 58 60 62 72
 1 43 44 57 58 60 62 70 71
 1 43 44 56 57 64 72
 1 43 44 56 57 64 70 71
 1 43 44 56 57 62 72
 1 43 44 56 57 62 70 71
 1 43 44 56 57 60 64 72
 1 43 44 56 57 60 64 70 71
 1 43 44 56 57 60 62 72
 1 43 44 56 57 60 62 70 71
 1 43 44 45
 1 43 44 45 58 64
 1 43 44 45 58 60 64
 1 43 44 45 57 58 62
 1 43 44 45 57 58 60 62
 1 43 44 45 56 57 64
 1 43 44 45 56 57 62
 1 43 44 45 56 57 60 64
 1 43 44 45 56 57 60 62
 1 41 45 58 64
 1 41 45 58 64 72
 1 41 45 58 64 70 71
 1 41 45 58 60 64
 1 41 45 58 60 64 72
 1 41 45 58 60 64 70 71
 1 41 45 57 58 62
 1 41 45 57 58 62 72
 1 41 45 57 58 62 70 71
 1 41 45 57 58 60 62
 1 41 45 57 58 60 62 72
 1 41 45 57 58 60 62 70 71
 1 41 45 56 57 64
 1 41 45 56 57 64 72
 1 41 45 56 57 64 70 71
 1 41 45 56 57 62
 1 41 45 56 57 62 72
 1 41 45 56 57 62 70 71
 1 41 45 56 57 60 64
 1 41 45 56 57 60 64 72
 1 41 45 56 57 60 64 70 71
 1 41 45 56 57 60 62
 1 41 45 56 57 60 62 72
 1 41 45 56 57 60 62 70 71
 1 41 43 44 58 64 72
 1 41 43 44 58 64 70 71
 1 41 43 44 58 60 64 72
 1 41 43 44 58 60 64 70 71
 1 41 43 44 57 58 62 72
 1 41 43 44 57 58 62 70 71
 1 41 43 44 57 58 60 62 72
 1 41 43 44 57 58 60 62 70 71
 1 41 43 44 56 57 64 72
 1 41 43 44 56 57 64 70 71
 1 41 43 44 56 57 62 72
 1 41 43 44 56 57 62 70 71
 1 41 43 44 56 57 60 64 72
 1 41 43 44 56 57 60 64 70 71
 1 41 43 44 56 57 60 62 72
 1 41 43 44 56 57 60 62 70 71
 1 41 43 44 45 58 64
 1 41 43 44 45 58 60 64
 1 41 43 44 45 57 58 62
 1 41 43 44 45 57 58 60 62
 1 41 43 44 45 56 57 64
 1 41 43 44 45 56 57 62
 1 41 43 44 45 56 57 60 64
 1 41 43 44 45 56 57 60 62
 1 39 40 45 58 64
 1 39 40 45 58 64 72
 1 39 40 45 58 64 70 71
 1 39 40 45 58 60 64
 1 39 40 45 58 60 64 72
 1 39 40 45 58 60 64 70 71
 1 39 40 45 57 58 62
 1 39 40 45 57 58 62 72
 1 39 40 45 57 58 62 70 71
 1 39 40 45 57 58 60 62
 1 39 40 45 57 58 60 62 72
 1 39 40 45 57 58 60 62 70 71
 1 39 40 45 56 57 64
 1 39 40 45 56 57 64 72
 1 39 40 45 56 57 64 70 71
 1 39 40 45 56 57 62
 1 39 40 45 56 57 62 72
 1 39 40 45 56 57 62 70 71
 1 39 40 45 56 57 60 64
 1 39 40 45 56 57 60 64 72
 1 39 40 45 56 57 60 64 70 71
 1 39 40 45 56 57 60 62
 1 39 40 45 56 57 60 62 72
 1 39 40 45 56 57 60 62 70 71
 1 39 40 43 44 58 64 72
 1 39 40 43 44 58 64 70 71
 1 39 40 43 44 58 60 64 72
 1 39 40 43 44 58 60 64 70 71
 1 39 40 43 44 57 58 62 72
 1 39 40 43 44 57 58 62 70 71
 1 39 40 43 44 57 58 60 62 72
 1 39 40 43 44 57 58 60 62 70 71
 1 39 40 43 44 56 57 64 72
 1 39 40 43 44 56 57 64 70 71
 1 39 40 43 44 56 57 62 72
 1 39 40 43 44 56 57 62 70 71
 1 39 40 43 44 56 57 60 64 72
 1 39 40 43 44 56 57 60 64 70 71
 1 39 40 43 44 56 57 60 62 72
 1 39 40 43 44 56 57 60 62 70 71
 1 39 40 43 44 45 58 64
 1 39 40 43 44 45 58 60 64
 1 39 40 43 44 45 57 58 62
 1 39 40 43 44 45 57 58 60 62
 1 39 40 43 44 45 56 57 64
 1 39 40 43 44 45 56 57 62
 1 39 40 43 44 45 56 57 60 64
 1 39 40 43 44 45 56 57 60 62
 1 31 47 54 58
 1 31 47 52 53 58
 1 31 45 64
 1 31 45 64 72
 1 31 45 64 70 71
 1 31 45 60 64
 1 31 45 60 64 72
 1 31 45 60 64 70 71
 1 31 45 57 62
 1 31 45 57 62 72
 1 31 45 57 62 70 71
 1 31 45 57 60 62
 1 31 45 57 60 62 72
 1 31 45 57 60 62 70 71
 1 31 45 46 54 58
 1 31 45 46 52 53 58
 1 31 43 44 64 72
 1 31 43 44 64 70 71
 1 31 43 44 60 64 72
 1 31 43 44 60 64 70 71
 1 31 43 44 57 62 72
 1 31 43 44 57 62 70 71
 1 31 43 44 57 60 62 72
 1 31 43 44 57 60 62 70 71
 1 31 43 44 45 64
 1 31 43 44 45 60 64
 1 31 43 44 45 57 62
 1 31 43 44 45 57 60 62
 1 31 41 45 64
 1 31 41 45 64 72
 1 31 41 45 64 70 71
 1 31 41 45 60 64
 1 31 41 45 60 64 72
 1 31 41 45 60 64 70 71
 1 31 41 45 57 62
 1 31 41 45 57 62 72
 1 31 41 45 57 62 70 71
 1 31 41 45 57 60 62
 1 31 41 45 57 60 62 72
 1 31 41 45 57 60 62 70 71
 1 31 41 43 44 64 72
 1 31 41 43 44 64 70 71
 1 31 41 43 44 60 64 72
 1 31 41 43 44 60 64 70 71
 1 31 41 43 44 57 62 72
 1 31 41 43 44 57 62 70 71
 1 31 41 43 44 57 60 62 72
 1 31 41 43 44 57 60 62 70 71
 1 31 41 43 44 45 64
 1 31 41 43 44 45 60 64
 1 31 41 43 44 45 57 62
 1 31 41 43 44 45 57 60 62
 1 31 39 40 45 64
 1 31 39 40 45 64 72
 1 31 39 40 45 64 70 71
 1 31 39 40 45 60 64
 1 31 39 40 45 60 64 72
 1 31 39 40 45 60 64 70 71
 1 31 39 40 45 57 62
 1 31 39 40 45 57 62 72
 1 31 39 40 45 57 62 70 71
 1 31 39 40 45 57 60 62
 1 31 39 40 45 57 60 62 72
 1 31 39 40 45 57 60 62 70 71
 1 31 39 40 43 44 64 72
 1 31 39 40 43 44 64 70 71
 1 31 39 40 43 44 60 64 72
 1 31 39 40 43 44 60 64 70 71
 1 31 39 40 43 44 57 62 72
 1 31 39 40 43 44 57 62 70 71
 1 31 39 40 43 44 57 60 62 72
 1 31 39 40 43 44 57 60 62 70 71
 1 31 39 40 43 44 45 64
 1 31 39 40 43 44 45 60 64
 1 31 39 40 43 44 45 57 62
 1 31 39 40 43 44 45 57 60 62
 1 20 54 58
 1 20 54 56 57 58
 1 20 52 53 58
 1 20 52 53 56 57 58
 1 20 31 54 58
 1 20 31 52 53 58
 1 18 72
 1 18 70 71
 1 18 58 64 72
 1 18 58 64 70 71
 1 18 58 60 64 72
 1 18 58 60 64 70 71
 1 18 57 58 62 72
 1 18 57 58 62 70 71
 1 18 57 58 60 62 72
 1 18 57 58 60 62 70 71
 1 18 56 57 64 72
 1 18 56 57 64 70 71
 1 18 56 57 62 72
 1 18 56 57 62 70 71
 1 18 56 57 60 64 72
 1 18 56 57 60 64 70 71
 1 18 56 57 60 62 72
 1 18 56 57 60 62 70 71
 1 18 45
 1 18 45 58 64
 1 18 45 58 60 64
 1 18 45 57 58 62
 1 18 45 57 58 60 62
 1 18 45 56 57 64
 1 18 45 56 57 62
 1 18 45 56 57 60 64
 1 18 45 56 57 60 62
 1 18 41 58 64 72
 1 18 41 58 64 70 71
 1 18 41 58 60 64 72
 1 18 41 58 60 64 70 71
 1 18 41 57 58 62 72
 1 18 41 57 58 62 70 71
 1 18 41 57 58 60 62 72
 1 18 41 57 58 60 62 70 71
 1 18 41 56 57 64 72
 1 18 41 56 57 64 70 71
 1 18 41 56 57 62 72
 1 18 41 56 57 62 70 71
 1 18 41 56 57 60 64 72
 1 18 41 56 57 60 64 70 71
 1 18 41 56 57 60 62 72
 1 18 41 56 57 60 62 70 71
 1 18 41 45 58 64
 1 18 41 45 58 60 64
 1 18 41 45 57 58 62
 1 18 41 45 57 58 60 62
 1 18 41 45 56 57 64
 1 18 41 45 56 57 62
 1 18 41 45 56 57 60 64
 1 18 41 45 56 57 60 62
 1 18 39 40 58 64 72
 1 18 39 40 58 64 70 71
 1 18 39 40 58 60 64 72
 1 18 39 40 58 60 64 70 71
 1 18 39 40 57 58 62 72
 1 18 39 40 57 58 62 70 71
 1 18 39 40 57 58 60 62 72
 1 18 39 40 57 58 60 62 70 71
 1 18 39 40 56 57 64 72
 1 18 39 40 56 57 64 70 71
 1 18 39 40 56 57 62 72
 1 18 39 40 56 57 62 70 71
 1 18 39 40 56 57 60 64 72
 1 18 39 40 56 57 60 64 70 71
 1 18 39 40 56 57 60 62 72
 1 18 39 40 56 57 60 62 70 71
 1 18 39 40 45 58 64
 1 18 39 40 45 58 60 64
 1 18 39 40 45 57 58 62
 1 18 39 40 45 57 58 60 62
 1 18 39 40 45 56 57 64
 1 18 39 40 45 56 57 62
 1 18 39 40 45 56 57 60 64
 1 18 39 40 45 56 57 60 62
 1 18 31 64 72
 1 18 31 64 70 71
 1 18 31 60 64 72
 1 18 31 60 64 70 71
 1 18 31 57 62 72
 1 18 31 57 62 70 71
 1 18 31 57 60 62 72
 1 18 31 57 60 62 70 71
 1 18 31 45 64
 1 18 31 45 60 64
 1 18 31 45 57 62
 1 18 31 45 57 60 62
 1 18 31 41 64 72
 1 18 31 41 64 70 71
 1 18 31 41 60 64 72
 1 18 31 41 60 64 70 71
 1 18 31 41 57 62 72
 1 18 31 41 57 62 70 71
 1 18 31 41 57 60 62 72
 1 18 31 41 57 60 62 70 71
 1 18 31 41 45 64
 1 18 31 41 45 60 64
 1 18 31 41 45 57 62
 1 18 31 41 45 57 60 62
 1 18 31 39 40 64 72
 1 18 31 39 40 64 70 71
 1 18 31 39 40 60 64 72
 1 18 31 39 40 60 64 70 71
 1 18 31 39 40 57 62 72
 1 18 31 39 40 57 62 70 71
 1 18 31 39 40 57 60 62 72
 1 18 31 39 40 57 60 62 70 71
 1 18 31 39 40 45 64
 1 18 31 39 40 45 60 64
 1 18 31 39 40 45 57 62
 1 18 31 39 40 45 57 60 62
 1 15 45 58 62
 1 15 45 58 62 72
 1 15 45 58 62 70 71
 1 15 45 58 60 62
 1 15 45 58 60 62 72
 1 15 45 58 60 62 70 71
 1 15 45 56 57 62
 1 15 45 56 57 62 72
 1 15 45 56 57 62 70 71
 1 15 45 56 57 60 62
 1 15 45 56 57 60 62 72
 1 15 45 56 57 60 62 70 71
 1 15 43 44 58 62 72
 1 15 43 44 58 62 70 71
 1 15 43 44 58 60 62 72
 1 15 43 44 58 60 62 70 71
 1 15 43 44 56 57 62 72
 1 15 43 44 56 57 62 70 71
 1 15 43 44 56 57 60 62 72
 1 15 43 44 56 57 60 62 70 71
 1 15 43 44 45 58 62
 1 15 43 44 45 58 60 62
 1 15 43 44 45 56 57 62
 1 15 43 44 45 56 57 60 62
 1 15 41 45 58 62
 1 15 41 45 58 62 72
 1 15 41 45 58 62 70 71
 1 15 41 45 58 60 62
 1 15 41 45 58 60 62 72
 1 15 41 45 58 60 62 70 71
 1 15 41 45 56 57 62
 1 15 41 45 56 57 62 72
 1 15 41 45 56 57 62 70 71
 1 15 41 45 56 57 60 62
 1 15 41 45 56 57 60 62 72
 1 15 41 45 56 57 60 62 70 71
 1 15 41 43 44 58 62 72
 1 15 41 43 44 58 62 70 71
 1 15 41 43 44 58 60 62 72
 1 15 41 43 44 58 60 62 70 71
 1 15 41 43 44 56 57 62 72
 1 15 41 43 44 56 57 62 70 71
 1 15 41 43 44 56 57 60 62 72
 1 15 41 43 44 56 57 60 62 70 71
 1 15 41 43 44 45 58 62
 1 15 41 43 44 45 58 60 62
 1 15 41 43 44 45 56 57 62
 1 15 41 43 44 45 56 57 60 62
 1 15 39 40 45 58 62
 1 15 39 40 45 58 62 72
 1 15 39 40 45 58 62 70 71
 1 15 39 40 45 58 60 62
 1 15 39 40 45 58 60 62 72
 1 15 39 40 45 58 60 62 70 71
 1 15 39 40 45 56 57 62
 1 15 39 40 45 56 57 62 72
 1 15 39 40 45 56 57 62 70 71
 1 15 39 40 45 56 57 60 62
 1 15 39 40 45 56 57 60 62 72
 1 15 39 40 45 56 57 60 62 70 71
 1 15 39 40 43 44 58 62 72
 1 15 39 40 43 44 58 62 70 71
 1 15 39 40 43 44 58 60 62 72
 1 15 39 40 43 44 58 60 62 70 71
 1 15 39 40 43 44 56 57 62 72
 1 15 39 40 43 44 56 57 62 70 71
 1 15 39 40 43 44 56 57 60 62 72
 1 15 39 40 43 44 56 57 60 62 70 71
 1 15 39 40 43 44 45 58 62
 1 15 39 40 43 44 45 58 60 62
 1 15 39 40 43 44 45 56 57 62
 1 15 39 40 43 44 45 56 57 60 62
 1 15 31 45 62
 1 15 31 45 62 72
 1 15 31 45 62 70 71
 1 15 31 45 60 62
 1 15 31 45 60 62 72
 1 15 31 45 60 62 70 71
 1 15 31 43 44 62 72
 1 15 31 43 44 62 70 71
 1 15 31 43 44 60 62 72
 1 15 31 43 44 60 62 70 71
 1 15 31 43 44 45 62
 1 15 31 43 44 45 60 62
 1 15 31 41 45 62
 1 15 31 41 45 62 72
 1 15 31 41 45 62 70 71
 1 15 31 41 45 60 62
 1 15 31 41 45 60 62 72
 1 15 31 41 45 60 62 70 71
 1 15 31 41 43 44 62 72
 1 15 31 41 43 44 62 70 71
 1 15 31 41 43 44 60 62 72
 1 15 31 41 43 44 60 62 70 71
 1 15 31 41 43 44 45 62
 1 15 31 41 43 44 45 60 62
 1 15 31 39 40 45 62
 1 15 31 39 40 45 62 72
 1 15 31 39 40 45 62 70 71
 1 15 31 39 40 45 60 62
 1 15 31 39 40 45 60 62 72
 1 15 31 39 40 45 60 62 70 71
 1 15 31 39 40 43 44 62 72
 1 15 31 39 40 43 44 62 70 71
 1 15 31 39 40 43 44 60 62 72
 1 15 31 39 40 43 44 60 62 70 71
 1 15 31 39 40 43 44 45 62
 1 15 31 39 40 43 44 45 60 62
 1 15 18 58 62 72
 1 15 18 58 62 70 71
 1 15 18 58 60 62 72
 1 15 18 58 60 62 70 71
 1 15 18 56 57 62 72
 1 15 18 56 57 62 70 71
 1 15 18 56 57 60 62 72
 1 15 18 56 57 60 62 70 71
 1 15 18 45 58 62
 1 15 18 45 58 60 62
 1 15 18 45 56 57 62
 1 15 18 45 56 57 60 62
 1 15 18 41 58 62 72
 1 15 18 41 58 62 70 71
 1 15 18 41 58 60 62 72
 1 15 18 41 58 60 62 70 71
 1 15 18 41 56 57 62 72
 1 15 18 41 56 57 62 70 71
 1 15 18 41 56 57 60 62 72
 1 15 18 41 56 57 60 62 70 71
 1 15 18 41 45 58 62
 1 15 18 41 45 58 60 62
 1 15 18 41 45 56 57 62
 1 15 18 41 45 56 57 60 62
 1 15 18 39 40 58 62 72
 1 15 18 39 40 58 62 70 71
 1 15 18 39 40 58 60 62 72
 1 15 18 39 40 58 60 62 70 71
 1 15 18 39 40 56 57 62 72
 1 15 18 39 40 56 57 62 70 71
 1 15 18 39 40 56 57 60 62 72
 1 15 18 39 40 56 57 60 62 70 71
 1 15 18 39 40 45 58 62
 1 15 18 39 40 45 58 60 62
 1 15 18 39 40 45 56 57 62
 1 15 18 39 40 45 56 57 60 62
 1 15 18 31 62 72
 1 15 18 31 62 70 71
 1 15 18 31 60 62 72
 1 15 18 31 60 62 70 71
 1 15 18 31 45 62
 1 15 18 31 45 60 62
 1 15 18 31 41 62 72
 1 15 18 31 41 62 70 71
 1 15 18 31 41 60 62 72
 1 15 18 31 41 60 62 70 71
 1 15 18 31 41 45 62
 1 15 18 31 41 45 60 62
 1 15 18 31 39 40 62 72
 1 15 18 31 39 40 62 70 71
 1 15 18 31 39 40 60 62 72
 1 15 18 31 39 40 60 62 70 71
 1 15 18 31 39 40 45 62
 1 15 18 31 39 40 45 60 62
 1 14 45 58 64
 1 14 45 58 64 72
 1 14 45 58 64 70 71
 1 14 45 58 60 64
 1 14 45 58 60 64 72
 1 14 45 58 60 64 70 71
 1 14 45 57 58 62
 1 14 45 57 58 62 72
 1 14 45 57 58 62 70 71
 1 14 45 57 58 60 62
 1 14 45 57 58 60 62 72
 1 14 45 57 58 60 62 70 71
 1 14 45 56 57 64
 1 14 45 56 57 64 72
 1 14 45 56 57 64 70 71
 1 14 45 56 57 62
 1 14 45 56 57 62 72
 1 14 45 56 57 62 70 71
 1 14 45 56 57 60 64
 1 14 45 56 57 60 64 72
 1 14 45 56 57 60 64 70 71
 1 14 45 56 57 60 62
 1 14 45 56 57 60 62 72
 1 14 45 56 57 60 62 70 71
 1 14 43 44 58 64 72
 1 14 43 44 58 64 70 71
 1 14 43 44 58 60 64 72
 1 14 43 44 58 60 64 70 71
 1 14 43 44 57 58 62 72
 1 14 43 44 57 58 62 70 71
 1 14 43 44 57 58 60 62 72
 1 14 43 44 57 58 60 62 70 71
 1 14 43 44 56 57 64 72
 1 14 43 44 56 57 64 70 71
 1 14 43 44 56 57 62 72
 1 14 43 44 56 57 62 70 71
 1 14 43 44 56 57 60 64 72
 1 14 43 44 56 57 60 64 70 71
 1 14 43 44 56 57 60 62 72
 1 14 43 44 56 57 60 62 70 71
 1 14 43 44 45 58 64
 1 14 43 44 45 58 60 64
 1 14 43 44 45 57 58 62
 1 14 43 44 45 57 58 60 62
 1 14 43 44 45 56 57 64
 1 14 43 44 45 56 57 62
 1 14 43 44 45 56 57 60 64
 1 14 43 44 45 56 57 60 62
 1 14 31 45 64
 1 14 31 45 64 72
 1 14 31 45 64 70 71
 1 14 31 45 60 64
 1 14 31 45 60 64 72
 1 14 31 45 60 64 70 71
 1 14 31 45 57 62
 1 14 31 45 57 62 72
 1 14 31 45 57 62 70 71
 1 14 31 45 57 60 62
 1 14 31 45 57 60 62 72
 1 14 31 45 57 60 62 70 71
 1 14 31 43 44 64 72
 1 14 31 43 44 64 70 71
 1 14 31 43 44 60 64 72
 1 14 31 43 44 60 64 70 71
 1 14 31 43 44 57 62 72
 1 14 31 43 44 57 62 70 71
 1 14 31 43 44 57 60 62 72
 1 14 31 43 44 57 60 62 70 71
 1 14 31 43 44 45 64
 1 14 31 43 44 45 60 64
 1 14 31 43 44 45 57 62
 1 14 31 43 44 45 57 60 62
 1 14 18 58 64 72
 1 14 18 58 64 70 71
 1 14 18 58 60 64 72
 1 14 18 58 60 64 70 71
 1 14 18 57 58 62 72
 1 14 18 57 58 62 70 71
 1 14 18 57 58 60 62 72
 1 14 18 57 58 60 62 70 71
 1 14 18 56 57 64 72
 1 14 18 56 57 64 70 71
 1 14 18 56 57 62 72
 1 14 18 56 57 62 70 71
 1 14 18 56 57 60 64 72
 1 14 18 56 57 60 64 70 71
 1 14 18 56 57 60 62 72
 1 14 18 56 57 60 62 70 71
 1 14 18 45 58 64
 1 14 18 45 58 60 64
 1 14 18 45 57 58 62
 1 14 18 45 57 58 60 62
 1 14 18 45 56 57 64
 1 14 18 45 56 57 62
 1 14 18 45 56 57 60 64
 1 14 18 45 56 57 60 62
 1 14 18 31 64 72
 1 14 18 31 64 70 71
 1 14 18 31 60 64 72
 1 14 18 31 60 64 70 71
 1 14 18 31 57 62 72
 1 14 18 31 57 62 70 71
 1 14 18 31 57 60 62 72
 1 14 18 31 57 60 62 70 71
 1 14 18 31 45 64
 1 14 18 31 45 60 64
 1 14 18 31 45 57 62
 1 14 18 31 45 57 60 62
 1 14 15 45 58 62
 1 14 15 45 58 62 72
 1 14 15 45 58 62 70 71
 1 14 15 45 58 60 62
 1 14 15 45 58 60 62 72
 1 14 15 45 58 60 62 70 71
 1 14 15 45 56 57 62
 1 14 15 45 56 57 62 72
 1 14 15 45 56 57 62 70 71
 1 14 15 45 56 57 60 62
 1 14 15 45 56 57 60 62 72
 1 14 15 45 56 57 60 62 70 71
 1 14 15 43 44 58 62 72
 1 14 15 43 44 58 62 70 71
 1 14 15 43 44 58 60 62 72
 1 14 15 43 44 58 60 62 70 71
 1 14 15 43 44 56 57 62 72
 1 14 15 43 44 56 57 62 70 71
 1 14 15 43 44 56 57 60 62 72
 1 14 15 43 44 56 57 60 62 70 71
 1 14 15 43 44 45 58 62
 1 14 15 43 44 45 58 60 62
 1 14 15 43 44 45 56 57 62
 1 14 15 43 44 45 56 57 60 62
 1 14 15 31 45 62
 1 14 15 31 45 62 72
 1 14 15 31 45 62 70 71
 1 14 15 31 45 60 62
 1 14 15 31 45 60 62 72
 1 14 15 31 45 60 62 70 71
 1 14 15 31 43 44 62 72
 1 14 15 31 43 44 62 70 71
 1 14 15 31 43 44 60 62 72
 1 14 15 31 43 44 60 62 70 71
 1 14 15 31 43 44 45 62
 1 14 15 31 43 44 45 60 62
 1 14 15 18 58 62 72
 1 14 15 18 58 62 70 71
 1 14 15 18 58 60 62 72
 1 14 15 18 58 60 62 70 71
 1 14 15 18 56 57 62 72
 1 14 15 18 56 57 62 70 71
 1 14 15 18 56 57 60 62 72
 1 14 15 18 56 57 60 62 70 71
 1 14 15 18 45 58 62
 1 14 15 18 45 58 60 62
 1 14 15 18 45 56 57 62
 1 14 15 18 45 56 57 60 62
 1 14 15 18 31 62 72
 1 14 15 18 31 62 70 71
 1 14 15 18 31 60 62 72
 1 14 15 18 31 60 62 70 71
 1 14 15 18 31 45 62
 1 14 15 18 31 45 60 62
 1 13 14 41 45 58 62
 1 13 14 41 45 58 62 72
 1 13 14 41 45 58 62 70 71
 1 13 14 41 45 58 60 62
 1 13 14 41 45 58 60 62 72
 1 13 14 41 45 58 60 62 70 71
 1 13 14 41 45 56 57 62
 1 13 14 41 45 56 57 62 72
 1 13 14 41 45 56 57 62 70 71
 1 13 14 41 45 56 57 60 62
 1 13 14 41 45 56 57 60 62 72
 1 13 14 41 45 56 57 60 62 70 71
 1 13 14 41 43 44 58 62 72
 1 13 14 41 43 44 58 62 70 71
 1 13 14 41 43 44 58 60 62 72
 1 13 14 41 43 44 58 60 62 70 71
 1 13 14 41 43 44 56 57 62 72
 1 13 14 41 43 44 56 57 62 70 71
 1 13 14 41 43 44 56 57 60 62 72
 1 13 14 41 43 44 56 57 60 62 70 71
 1 13 14 41 43 44 45 58 62
 1 13 14 41 43 44 45 58 60 62
 1 13 14 41 43 44 45 56 57 62
 1 13 14 41 43 44 45 56 57 60 62
 1 13 14 39 40 45 58 62
 1 13 14 39 40 45 58 62 72
 1 13 14 39 40 45 58 62 70 71
 1 13 14 39 40 45 58 60 62
 1 13 14 39 40 45 58 60 62 72
 1 13 14 39 40 45 58 60 62 70 71
 1 13 14 39 40 45 56 57 62
 1 13 14 39 40 45 56 57 62 72
 1 13 14 39 40 45 56 57 62 70 71
 1 13 14 39 40 45 56 57 60 62
 1 13 14 39 40 45 56 57 60 62 72
 1 13 14 39 40 45 56 57 60 62 70 71
 1 13 14 39 40 43 44 58 62 72
 1 13 14 39 40 43 44 58 62 70 71
 1 13 14 39 40 43 44 58 60 62 72
 1 13 14 39 40 43 44 58 60 62 70 71
 1 13 14 39 40 43 44 56 57 62 72
 1 13 14 39 40 43 44 56 57 62 70 71
 1 13 14 39 40 43 44 56 57 60 62 72
 1 13 14 39 40 43 44 56 57 60 62 70 71
 1 13 14 39 40 43 44 45 58 62
 1 13 14 39 40 43 44 45 58 60 62
 1 13 14 39 40 43 44 45 56 57 62
 1 13 14 39 40 43 44 45 56 57 60 62
 1 13 14 31 41 45 62
 1 13 14 31 41 45 62 72
 1 13 14 31 41 45 62 70 71
 1 13 14 31 41 45 60 62
 1 13 14 31 41 45 60 62 72
 1 13 14 31 41 45 60 62 70 71
 1 13 14 31 41 43 44 62 72
 1 13 14 31 41 43 44 62 70 71
 1 13 14 31 41 43 44 60 62 72
 1 13 14 31 41 43 44 60 62 70 71
 1 13 14 31 41 43 44 45 62
 1 13 14 31 41 43 44 45 60 62
 1 13 14 31 39 40 45 62
 1 13 14 31 39 40 45 62 72
 1 13 14 31 39 40 45 62 70 71
 1 13 14 31 39 40 45 60 62
 1 13 14 31 39 40 45 60 62 72
 1 13 14 31 39 40 45 60 62 70 71
 1 13 14 31 39 40 43 44 62 72
 1 13 14 31 39 40 43 44 62 70 71
 1 13 14 31 39 40 43 44 60 62 72
 1 13 14 31 39 40 43 44 60 62 70 71
 1 13 14 31 39 40 43 44 45 62
 1 13 14 31 39 40 43 44 45 60 62
 1 13 14 18 41 58 62 72
 1 13 14 18 41 58 62 70 71
 1 13 14 18 41 58 60 62 72
 1 13 14 18 41 58 60 62 70 71
 1 13 14 18 41 56 57 62 72
 1 13 14 18 41 56 57 62 70 71
 1 13 14 18 41 56 57 60 62 72
 1 13 14 18 41 56 57 60 62 70 71
 1 13 14 18 41 45 58 62
 1 13 14 18 41 45 58 60 62
 1 13 14 18 41 45 56 57 62
 1 13 14 18 41 45 56 57 60 62
 1 13 14 18 39 40 58 62 72
 1 13 14 18 39 40 58 62 70 71
 1 13 14 18 39 40 58 60 62 72
 1 13 14 18 39 40 58 60 62 70 71
 1 13 14 18 39 40 56 57 62 72
 1 13 14 18 39 40 56 57 62 70 71
 1 13 14 18 39 40 56 57 60 62 72
 1 13 14 18 39 40 56 57 60 62 70 71
 1 13 14 18 39 40 45 58 62
 1 13 14 18 39 40 45 58 60 62
 1 13 14 18 39 40 45 56 57 62
 1 13 14 18 39 40 45 56 57 60 62
 1 13 14 18 31 41 62 72
 1 13 14 18 31 41 62 70 71
 1 13 14 18 31 41 60 62 72
 1 13 14 18 31 41 60 62 70 71
 1 13 14 18 31 41 45 62
 1 13 14 18 31 41 45 60 62
 1 13 14 18 31 39 40 62 72
 1 13 14 18 31 39 40 62 70 71
 1 13 14 18 31 39 40 60 62 72
 1 13 14 18 31 39 40 60 62 70 71
 1 13 14 18 31 39 40 45 62
 1 13 14 18 31 39 40 45 60 62
