 60 72 74
 60 72 73
 60 70 71 74
 60 70 71 72 73
 60 64
 57 60
 57 58 60 72
 57 58 60 70
 57 58 60 70 71
 57 58 60 68 69
 56 72
 56 70 71
 56 60 70 74
 56 60 70 72 73
 56 60 68 69 74
 56 60 68 69 72 73
 56 57 58 60 72
 56 57 58 60 70
 56 57 58 60 70 71
 56 57 58 60 68 69
 55 60
 54 55 60 70 74
 54 55 60 70 72 73
 54 55 60 68 69 74
 54 55 60 68 69 72 73
 47 60
 47 60 72 74
 47 60 72 73
 47 60 70 71 74
 47 60 70 71 72 73
 47 56 60 70 74
 47 56 60 70 72 73
 47 56 60 68 69 74
 47 56 60 68 69 72 73
 47 54 55 60 70 74
 47 54 55 60 70 72 73
 47 54 55 60 68 69 74
 47 54 55 60 68 69 72 73
 45 60 74
 45 60 72 73
 45 57 58 60
 45 56
 45 56 57 58 60
 45 47 60 74
 45 47 60 72 73
 45 46 60
 45 46 60 74
 45 46 60 72 74
 45 46 60 70 71 74
 45 46 60 70 71 72 73
 45 46 56 60 70 74
 45 46 56 60 70 72 73
 45 46 56 60 68 69 74
 45 46 56 60 68 69 72 73
 45 46 54 55 60 70 74
 45 46 54 55 60 70 72 73
 45 46 54 55 60 68 69 74
 45 46 54 55 60 68 69 72 73
 45 46 47 60
 45 46 47 60 72
 45 46 47 60 70 71
 45 46 47 56 60 70
 45 46 47 56 60 68 69
 45 46 47 54 55 60 70
 45 46 47 54 55 60 68 69
 43 57 58 60
 43 56 60 74
 43 56 60 72 73
 43 56 57 58 60
 43 54 55 60 74
 43 54 55 60 72 73
 43 47 56 60 74
 43 47 56 60 72 73
 43 47 54 55 60 74
 43 47 54 55 60 72 73
 43 45 46 56 60 74
 43 45 46 56 60 72 73
 43 45 46 54 55 60 74
 43 45 46 54 55 60 72 73
 43 45 46 47 56 60
 43 45 46 47 54 55 60
 40 56 58
 40 56 57
 38
 38 57 60 72
 38 57 60 70 71
 38 56 57 72
 38 56 57 70 71
 38 56 57 58 72
 38 56 57 58 70 71
 38 45 57 60
 38 45 56 57
 38 45 56 57 58
 38 39 56 58
 38 39 56 57
 36 37
 36 37 57 60 72
 36 37 57 60 70 71
 36 37 56 57 72
 36 37 56 57 70 71
 36 37 56 57 58 72
 36 37 56 57 58 70 71
 36 37 45 57 60
 36 37 45 56 57
 36 37 45 56 57 58
 31 57 58 60 72
 31 57 58 60 70
 31 57 58 60 70 71
 31 57 58 60 68 69
 31 45 57 58 60
 31 43 57 58 60
 31 40 56
 31 38 56 57 72
 31 38 56 57 70 71
 31 38 45 56 57
 31 38 39 56
 31 36 37 56 57 72
 31 36 37 56 57 70 71
 31 36 37 45 56 57
 29 60 70 74
 29 60 70 72 73
 29 60 68 69 74
 29 60 68 69 72 73
 29 47 60 70 74
 29 47 60 70 72 73
 29 47 60 68 69 74
 29 47 60 68 69 72 73
 29 45 46 60 70 74
 29 45 46 60 70 72 73
 29 45 46 60 68 69 74
 29 45 46 60 68 69 72 73
 29 45 46 47 60 70
 29 45 46 47 60 68 69
 29 43 60 74
 29 43 60 72 73
 29 43 47 60 74
 29 43 47 60 72 73
 29 43 45 46 60 74
 29 43 45 46 60 72 73
 29 43 45 46 47 60
 28 47 60
 28 47 59
 28 45 46 60
 28 45 46 59
 28 38 58 60
 28 38 47 60
 28 38 47 58 60
 28 38 45 46 60
 28 38 45 46 58 60
 28 36 37 58 60
 28 36 37 47 60
 28 36 37 47 58 60
 28 36 37 45 46 60
 28 36 37 45 46 58 60
 26 27 47 60
 26 27 47 59
 26 27 45 46 60
 26 27 45 46 59
 26 27 38 58 60
 26 27 38 47 60
 26 27 38 47 58 60
 26 27 38 45 46 60
 26 27 38 45 46 58 60
 26 27 36 37 58 60
 26 27 36 37 47 60
 26 27 36 37 47 58 60
 26 27 36 37 45 46 60
 26 27 36 37 45 46 58 60
 20 60
 20 60 72 74
 20 60 72 73
 20 60 70 71 74
 20 60 70 71 72 73
 20 56 60 70 74
 20 56 60 70 72 73
 20 56 60 68 69 74
 20 56 60 68 69 72 73
 20 54 55 60 70 74
 20 54 55 60 70 72 73
 20 54 55 60 68 69 74
 20 54 55 60 68 69 72 73
 20 47 60 72
 20 47 60 70 71
 20 47 56 60 70
 20 47 56 60 68 69
 20 47 54 55 60 70
 20 47 54 55 60 68 69
 20 45 60 74
 20 45 60 72 73
 20 45 47 60
 20 43 56 60 74
 20 43 56 60 72 73
 20 43 54 55 60 74
 20 43 54 55 60 72 73
 20 43 47 56 60
 20 43 47 54 55 60
 20 29 60 70 74
 20 29 60 70 72 73
 20 29 60 68 69 74
 20 29 60 68 69 72 73
 20 29 47 60 70
 20 29 47 60 68 69
 20 29 43 60 74
 20 29 43 60 72 73
 20 29 43 47 60
 20 28 60
 20 28 59
 20 28 38 60
 20 28 38 58 60
 20 28 36 37 60
 20 28 36 37 58 60
 20 26 27 60
 20 26 27 59
 20 26 27 38 60
 20 26 27 38 58 60
 20 26 27 36 37 60
 20 26 27 36 37 58 60
 17 28 47
 17 28 45 46
 17 26 27 47
 17 26 27 45 46
 17 20 28
 17 20 26 27
 15 60
 15 58 60 72
 15 58 60 70
 15 58 60 70 71
 15 58 60 68 69
 15 56 57 58 60 72
 15 56 57 58 60 70
 15 56 57 58 60 70 71
 15 56 57 58 60 68 69
 15 45 58 60
 15 45 56 57 58 60
 15 43 58 60
 15 43 56 57 58 60
 15 38 60 72
 15 38 60 70 71
 15 38 56 58 72
 15 38 56 58 70 71
 15 38 56 57 72
 15 38 56 57 70 71
 15 38 45 60
 15 38 45 56 58
 15 38 45 56 57
 15 36 37 60 72
 15 36 37 60 70 71
 15 36 37 56 58 72
 15 36 37 56 58 70 71
 15 36 37 56 57 72
 15 36 37 56 57 70 71
 15 36 37 45 60
 15 36 37 45 56 58
 15 36 37 45 56 57
 15 31 58 60 72
 15 31 58 60 70
 15 31 58 60 70 71
 15 31 58 60 68 69
 15 31 45 58 60
 15 31 43 58 60
 15 31 38 56 72
 15 31 38 56 70 71
 15 31 38 45 56
 15 31 36 37 56 72
 15 31 36 37 56 70 71
 15 31 36 37 45 56
 15 16 28 47
 15 16 28 45 46
 15 16 26 27 47
 15 16 26 27 45 46
 15 16 20 28
 15 16 20 26 27
 13 60
 13 56 58
 13 56 57
 13 31 56
 13 14 60
 13 14 58 60 72
 13 14 58 60 70
 13 14 58 60 70 71
 13 14 58 60 68 69
 13 14 56 57 58 60 72
 13 14 56 57 58 60 70
 13 14 56 57 58 60 70 71
 13 14 56 57 58 60 68 69
 13 14 45 58 60
 13 14 45 56 57 58 60
 13 14 43 58 60
 13 14 43 56 57 58 60
 13 14 38 60 72
 13 14 38 60 70 71
 13 14 38 56 58 72
 13 14 38 56 58 70 71
 13 14 38 56 57 72
 13 14 38 56 57 70 71
 13 14 38 45 60
 13 14 38 45 56 58
 13 14 38 45 56 57
 13 14 36 37 60 72
 13 14 36 37 60 70 71
 13 14 36 37 56 58 72
 13 14 36 37 56 58 70 71
 13 14 36 37 56 57 72
 13 14 36 37 56 57 70 71
 13 14 36 37 45 60
 13 14 36 37 45 56 58
 13 14 36 37 45 56 57
 13 14 31 58 60 72
 13 14 31 58 60 70
 13 14 31 58 60 70 71
 13 14 31 58 60 68 69
 13 14 31 45 58 60
 13 14 31 43 58 60
 13 14 31 38 56 72
 13 14 31 38 56 70 71
 13 14 31 38 45 56
 13 14 31 36 37 56 72
 13 14 31 36 37 56 70 71
 13 14 31 36 37 45 56
 11
 11 57 60 72
 11 57 60 70 71
 11 56 57 72
 11 56 57 70 71
 11 56 57 58 72
 11 56 57 58 70 71
 11 45 57 60
 11 45 56 57
 11 45 56 57 58
 11 31 56 57 72
 11 31 56 57 70 71
 11 31 45 56 57
 11 28 58 60
 11 28 47 60
 11 28 47 58 60
 11 28 45 46 60
 11 28 45 46 58 60
 11 26 27 58 60
 11 26 27 47 60
 11 26 27 47 58 60
 11 26 27 45 46 60
 11 26 27 45 46 58 60
 11 20 28 60
 11 20 28 58 60
 11 20 26 27 60
 11 20 26 27 58 60
 11 15 60 72
 11 15 60 70 71
 11 15 56 58 72
 11 15 56 58 70 71
 11 15 56 57 72
 11 15 56 57 70 71
 11 15 45 60
 11 15 45 56 58
 11 15 45 56 57
 11 15 31 56 72
 11 15 31 56 70 71
 11 15 31 45 56
 11 13 14 60 72
 11 13 14 60 70 71
 11 13 14 56 58 72
 11 13 14 56 58 70 71
 11 13 14 56 57 72
 11 13 14 56 57 70 71
 11 13 14 45 60
 11 13 14 45 56 58
 11 13 14 45 56 57
 11 13 14 31 56 72
 11 13 14 31 56 70 71
 11 13 14 31 45 56
 11 12 60
 1 47 60
 1 47 59
 1 45 46 60
 1 45 46 59
 1 38 58 60
 1 38 47 60
 1 38 47 58 60
 1 38 45 46 60
 1 38 45 46 58 60
 1 36 37 58 60
 1 36 37 47 60
 1 36 37 47 58 60
 1 36 37 45 46 60
 1 36 37 45 46 58 60
 1 20 60
 1 20 59
 1 20 38 60
 1 20 38 58 60
 1 20 36 37 60
 1 20 36 37 58 60
 1 17 47
 1 17 45 46
 1 17 20
 1 15 16 47
 1 15 16 45 46
 1 15 16 20
 1 11 58 60
 1 11 47 60
 1 11 47 58 60
 1 11 45 46 60
 1 11 45 46 58 60
 1 11 20 60
 1 11 20 58 60
