 45 58
 45 56 58
 45 56 58 72
 45 56 58 70 71
 45 54 55 58
 45 54 55 58 72
 45 54 55 58 70 71
 43 44 58
 43 44 56 58 72
 43 44 56 58 70 71
 43 44 54 55 58 72
 43 44 54 55 58 70 71
 43 44 45 56 58
 43 44 45 54 55 58
 35 58 72
 35 58 70 71
 35 58 67 72
 35 58 67 70 71
 35 58 65 72
 35 58 65 72
 35 58 65 70 71
 35 58 65 70 71
 35 58 65 66 72
 35 58 65 66 70 71
 35 58 63 64 72
 35 58 63 64 70 71
 35 56 58 70
 35 56 58 68 69
 35 56 58 67 70
 35 56 58 67 68 69
 35 56 58 65 70
 35 56 58 65 70
 35 56 58 65 68 69
 35 56 58 65 68 69
 35 56 58 65 66 70
 35 56 58 65 66 68 69
 35 56 58 63 64 70
 35 56 58 63 64 68 69
 35 54 55 58 70
 35 54 55 58 68 69
 35 54 55 58 67 70
 35 54 55 58 67 68 69
 35 54 55 58 65 70
 35 54 55 58 65 70
 35 54 55 58 65 68 69
 35 54 55 58 65 68 69
 35 54 55 58 65 66 70
 35 54 55 58 65 66 68 69
 35 54 55 58 63 64 70
 35 54 55 58 63 64 68 69
 35 45 58
 35 45 58 67
 35 45 58 65
 35 45 58 65
 35 45 58 65 66
 35 45 58 63 64
 35 43 56 58
 35 43 56 58 67
 35 43 56 58 65
 35 43 56 58 65
 35 43 56 58 65 66
 35 43 56 58 63 64
 35 43 54 55 58
 35 43 54 55 58 67
 35 43 54 55 58 65
 35 43 54 55 58 65
 35 43 54 55 58 65 66
 35 43 54 55 58 63 64
 35 40 58 72
 35 40 58 70 71
 35 40 56 58 70
 35 40 56 58 68 69
 35 40 54 55 58 70
 35 40 54 55 58 68 69
 35 40 45 58
 35 40 43 56 58
 35 40 43 54 55 58
 35 38 58 72
 35 38 58 70 71
 35 38 56 58 70
 35 38 56 58 68 69
 35 38 54 55 58 70
 35 38 54 55 58 68 69
 35 38 45 58
 35 38 43 56 58
 35 38 43 54 55 58
 29 45 58
 29 45 58 72
 29 45 58 70 71
 29 43 44 58 72
 29 43 44 58 70 71
 29 43 44 45 58
 29 35 58 70
 29 35 58 68 69
 29 35 58 67 70
 29 35 58 67 68 69
 29 35 58 65 70
 29 35 58 65 70
 29 35 58 65 68 69
 29 35 58 65 68 69
 29 35 58 65 66 70
 29 35 58 65 66 68 69
 29 35 58 63 64 70
 29 35 58 63 64 68 69
 29 35 43 58
 29 35 43 58 67
 29 35 43 58 65
 29 35 43 58 65
 29 35 43 58 65 66
 29 35 43 58 63 64
 29 35 40 58 70
 29 35 40 58 68 69
 29 35 40 43 58
 29 35 38 58 70
 29 35 38 58 68 69
 29 35 38 43 58
 18 58
 18 56 58 72
 18 56 58 70 71
 18 54 55 58 72
 18 54 55 58 70 71
 18 45 56 58
 18 45 54 55 58
 18 29 58 72
 18 29 58 70 71
 18 29 45 58
