 45 58 66 70
 45 58 66 68 69
 45 58 64 65 70
 45 58 64 65 68 69
 45 56 57 66 70
 45 56 57 66 68 69
 45 56 57 64 65 70
 45 56 57 64 65 68 69
 43 45 58 66
 43 45 58 64 65
 43 45 56 57 66
 43 45 56 57 64 65
 43 44 58 66
 43 44 58 66 70
 43 44 58 66 68 69
 43 44 58 64 65
 43 44 58 64 65 70
 43 44 58 64 65 68 69
 43 44 56 57 66
 43 44 56 57 66 70
 43 44 56 57 66 68 69
 43 44 56 57 64 65
 43 44 56 57 64 65 70
 43 44 56 57 64 65 68 69
 41 70
 41 68 69
 41 64
 41 62 63
 41 58 60 64 72
 41 58 60 64 70 71
 41 58 60 62 63 72
 41 58 60 62 63 70 71
 41 56 72
 41 56 70 71
 41 56 64 72
 41 56 64 70 71
 41 56 62 63 72
 41 56 62 63 70 71
 41 56 58 64 72
 41 56 58 64 70 71
 41 56 58 62 63 72
 41 56 58 62 63 70 71
 41 56 58 60 64 72
 41 56 58 60 64 70 71
 41 56 58 60 62 63 72
 41 56 58 60 62 63 70 71
 41 53 72
 41 53 70 71
 41 51 52 72
 41 51 52 70 71
 41 45 64
 41 45 64 72
 41 45 64 70
 41 45 64 70 71
 41 45 64 68 69
 41 45 62 63
 41 45 62 63 72
 41 45 62 63 70
 41 45 62 63 70 71
 41 45 62 63 68 69
 41 45 58 70
 41 45 58 68 69
 41 45 58 64 70
 41 45 58 64 68 69
 41 45 58 62 63 70
 41 45 58 62 63 68 69
 41 45 58 60 64
 41 45 58 60 62 63
 41 45 56
 41 45 56 64
 41 45 56 62 63
 41 45 56 58 64
 41 45 56 58 62 63
 41 45 56 58 60 64
 41 45 56 58 60 62 63
 41 45 56 57 70
 41 45 56 57 68 69
 41 45 56 57 64 70
 41 45 56 57 64 68 69
 41 45 56 57 62 63 70
 41 45 56 57 62 63 68 69
 41 45 53
 41 45 51 52
 41 43
 41 43 45 64
 41 43 45 62 63
 41 43 45 58
 41 43 45 58 64
 41 43 45 58 62 63
 41 43 45 56 57
 41 43 45 56 57 64
 41 43 45 56 57 62 63
 41 43 44 64
 41 43 44 64 72
 41 43 44 64 70
 41 43 44 64 70 71
 41 43 44 64 68 69
 41 43 44 62 63
 41 43 44 62 63 72
 41 43 44 62 63 70
 41 43 44 62 63 70 71
 41 43 44 62 63 68 69
 41 43 44 58
 41 43 44 58 70
 41 43 44 58 68 69
 41 43 44 58 64
 41 43 44 58 64 70
 41 43 44 58 64 68 69
 41 43 44 58 62 63
 41 43 44 58 62 63 70
 41 43 44 58 62 63 68 69
 41 43 44 56 57
 41 43 44 56 57 70
 41 43 44 56 57 68 69
 41 43 44 56 57 64
 41 43 44 56 57 64 70
 41 43 44 56 57 64 68 69
 41 43 44 56 57 62 63
 41 43 44 56 57 62 63 70
 41 43 44 56 57 62 63 68 69
 41 43 44 45 64
 41 43 44 45 62 63
 39 45 58 70
 39 45 58 68 69
 39 45 56 57 70
 39 45 56 57 68 69
 39 43 45 58
 39 43 45 56 57
 39 43 44 58
 39 43 44 58 70
 39 43 44 58 68 69
 39 43 44 56 57
 39 43 44 56 57 70
 39 43 44 56 57 68 69
 39 40 70
 39 40 68 69
 39 40 64
 39 40 62 63
 39 40 58 60 64 72
 39 40 58 60 64 70 71
 39 40 58 60 62 63 72
 39 40 58 60 62 63 70 71
 39 40 56 72
 39 40 56 70 71
 39 40 56 64 72
 39 40 56 64 70 71
 39 40 56 62 63 72
 39 40 56 62 63 70 71
 39 40 56 58 64 72
 39 40 56 58 64 70 71
 39 40 56 58 62 63 72
 39 40 56 58 62 63 70 71
 39 40 56 58 60 64 72
 39 40 56 58 60 64 70 71
 39 40 56 58 60 62 63 72
 39 40 56 58 60 62 63 70 71
 39 40 53 72
 39 40 53 70 71
 39 40 51 52 72
 39 40 51 52 70 71
 39 40 45 64
 39 40 45 64 72
 39 40 45 64 70
 39 40 45 64 70 71
 39 40 45 64 68 69
 39 40 45 62 63
 39 40 45 62 63 72
 39 40 45 62 63 70
 39 40 45 62 63 70 71
 39 40 45 62 63 68 69
 39 40 45 58 70
 39 40 45 58 68 69
 39 40 45 58 64 70
 39 40 45 58 64 68 69
 39 40 45 58 62 63 70
 39 40 45 58 62 63 68 69
 39 40 45 58 60 64
 39 40 45 58 60 62 63
 39 40 45 56
 39 40 45 56 64
 39 40 45 56 62 63
 39 40 45 56 58 64
 39 40 45 56 58 62 63
 39 40 45 56 58 60 64
 39 40 45 56 58 60 62 63
 39 40 45 56 57 70
 39 40 45 56 57 68 69
 39 40 45 56 57 64 70
 39 40 45 56 57 64 68 69
 39 40 45 56 57 62 63 70
 39 40 45 56 57 62 63 68 69
 39 40 45 53
 39 40 45 51 52
 39 40 43
 39 40 43 45 64
 39 40 43 45 62 63
 39 40 43 45 58
 39 40 43 45 58 64
 39 40 43 45 58 62 63
 39 40 43 45 56 57
 39 40 43 45 56 57 64
 39 40 43 45 56 57 62 63
 39 40 43 44 64
 39 40 43 44 64 72
 39 40 43 44 64 70
 39 40 43 44 64 70 71
 39 40 43 44 64 68 69
 39 40 43 44 62 63
 39 40 43 44 62 63 72
 39 40 43 44 62 63 70
 39 40 43 44 62 63 70 71
 39 40 43 44 62 63 68 69
 39 40 43 44 58
 39 40 43 44 58 70
 39 40 43 44 58 68 69
 39 40 43 44 58 64
 39 40 43 44 58 64 70
 39 40 43 44 58 64 68 69
 39 40 43 44 58 62 63
 39 40 43 44 58 62 63 70
 39 40 43 44 58 62 63 68 69
 39 40 43 44 56 57
 39 40 43 44 56 57 70
 39 40 43 44 56 57 68 69
 39 40 43 44 56 57 64
 39 40 43 44 56 57 64 70
 39 40 43 44 56 57 64 68 69
 39 40 43 44 56 57 62 63
 39 40 43 44 56 57 62 63 70
 39 40 43 44 56 57 62 63 68 69
 39 40 43 44 45 64
 39 40 43 44 45 62 63
 37 41
 37 41 58 60 72
 37 41 58 60 70 71
 37 41 56 72
 37 41 56 70 71
 37 41 56 58 72
 37 41 56 58 70
 37 41 56 58 70 71
 37 41 56 58 68 69
 37 41 56 58 60 72
 37 41 56 58 60 70 71
 37 41 54 55 58 70
 37 41 54 55 58 68 69
 37 41 45
 37 41 45 72
 37 41 45 70
 37 41 45 70 71
 37 41 45 68 69
 37 41 45 58 70
 37 41 45 58 68 69
 37 41 45 58 60
 37 41 45 56
 37 41 45 56 58
 37 41 45 56 58 60
 37 41 45 56 57 70
 37 41 45 56 57 68 69
 37 41 43 56 58
 37 41 43 54 55 58
 37 41 43 45
 37 41 43 45 58
 37 41 43 45 56 57
 37 41 43 44
 37 41 43 44 72
 37 41 43 44 70
 37 41 43 44 70 71
 37 41 43 44 68 69
 37 41 43 44 58
 37 41 43 44 58 70
 37 41 43 44 58 68 69
 37 41 43 44 56 57
 37 41 43 44 56 57 70
 37 41 43 44 56 57 68 69
 37 41 43 44 45
 37 39 40
 37 39 40 58 60 72
 37 39 40 58 60 70 71
 37 39 40 56 72
 37 39 40 56 70 71
 37 39 40 56 58 72
 37 39 40 56 58 70
 37 39 40 56 58 70 71
 37 39 40 56 58 68 69
 37 39 40 56 58 60 72
 37 39 40 56 58 60 70 71
 37 39 40 54 55 58 70
 37 39 40 54 55 58 68 69
 37 39 40 45
 37 39 40 45 72
 37 39 40 45 70
 37 39 40 45 70 71
 37 39 40 45 68 69
 37 39 40 45 58 70
 37 39 40 45 58 68 69
 37 39 40 45 58 60
 37 39 40 45 56
 37 39 40 45 56 58
 37 39 40 45 56 58 60
 37 39 40 45 56 57 70
 37 39 40 45 56 57 68 69
 37 39 40 43 56 58
 37 39 40 43 54 55 58
 37 39 40 43 45
 37 39 40 43 45 58
 37 39 40 43 45 56 57
 37 39 40 43 44
 37 39 40 43 44 72
 37 39 40 43 44 70
 37 39 40 43 44 70 71
 37 39 40 43 44 68 69
 37 39 40 43 44 58
 37 39 40 43 44 58 70
 37 39 40 43 44 58 68 69
 37 39 40 43 44 56 57
 37 39 40 43 44 56 57 70
 37 39 40 43 44 56 57 68 69
 37 39 40 43 44 45
 31 45 66 70
 31 45 66 68 69
 31 45 64 65 70
 31 45 64 65 68 69
 31 43 45 66
 31 43 45 64 65
 31 43 44 66
 31 43 44 66 70
 31 43 44 66 68 69
 31 43 44 64 65
 31 43 44 64 65 70
 31 43 44 64 65 68 69
 31 41 45 70
 31 41 45 68 69
 31 41 45 64 70
 31 41 45 64 68 69
 31 41 45 62 63 70
 31 41 45 62 63 68 69
 31 41 43 45
 31 41 43 45 64
 31 41 43 45 62 63
 31 41 43 44
 31 41 43 44 70
 31 41 43 44 68 69
 31 41 43 44 64
 31 41 43 44 64 70
 31 41 43 44 64 68 69
 31 41 43 44 62 63
 31 41 43 44 62 63 70
 31 41 43 44 62 63 68 69
 31 39 45 70
 31 39 45 68 69
 31 39 43 45
 31 39 43 44
 31 39 43 44 70
 31 39 43 44 68 69
 31 39 40 45 70
 31 39 40 45 68 69
 31 39 40 45 64 70
 31 39 40 45 64 68 69
 31 39 40 45 62 63 70
 31 39 40 45 62 63 68 69
 31 39 40 43 45
 31 39 40 43 45 64
 31 39 40 43 45 62 63
 31 39 40 43 44
 31 39 40 43 44 70
 31 39 40 43 44 68 69
 31 39 40 43 44 64
 31 39 40 43 44 64 70
 31 39 40 43 44 64 68 69
 31 39 40 43 44 62 63
 31 39 40 43 44 62 63 70
 31 39 40 43 44 62 63 68 69
 31 37 41 45 70
 31 37 41 45 68 69
 31 37 41 43 45
 31 37 41 43 44
 31 37 41 43 44 70
 31 37 41 43 44 68 69
 31 37 39 40 45 70
 31 37 39 40 45 68 69
 31 37 39 40 43 45
 31 37 39 40 43 44
 31 37 39 40 43 44 70
 31 37 39 40 43 44 68 69
 29 37 41 58 70
 29 37 41 58 68 69
 29 37 41 43 58
 29 37 39 40 58 70
 29 37 39 40 58 68 69
 29 37 39 40 43 58
 28 58 66
 28 58 64 65
 28 56 66
 28 56 64 65
 28 51 57 58 72
 28 51 57 58 70 71
 28 51 57 58 62 72
 28 51 57 58 62 70 71
 28 51 56 57 58 72
 28 51 56 57 58 70 71
 28 51 56 57 58 62 72
 28 51 56 57 58 62 70 71
 28 49 50 57 58 72
 28 49 50 57 58 70 71
 28 49 50 57 58 62 72
 28 49 50 57 58 62 70 71
 28 49 50 56 57 58 72
 28 49 50 56 57 58 70 71
 28 49 50 56 57 58 62 72
 28 49 50 56 57 58 62 70 71
 28 45 66
 28 45 64 65
 28 45 51 57 58
 28 45 51 57 58 62
 28 45 51 56 57 58
 28 45 51 56 57 58 62
 28 45 49 50 57 58
 28 45 49 50 57 58 62
 28 45 49 50 56 57 58
 28 45 49 50 56 57 58 62
 28 43 44 66
 28 43 44 64 65
 28 41 58 64
 28 41 58 62 63
 28 41 56 64
 28 41 56 62 63
 28 41 51 57 58 72
 28 41 51 57 58 70 71
 28 41 51 57 58 62 72
 28 41 51 57 58 62 70 71
 28 41 51 56 57 58 72
 28 41 51 56 57 58 70 71
 28 41 51 56 57 58 62 72
 28 41 51 56 57 58 62 70 71
 28 41 49 50 57 58 72
 28 41 49 50 57 58 70 71
 28 41 49 50 57 58 62 72
 28 41 49 50 57 58 62 70 71
 28 41 49 50 56 57 58 72
 28 41 49 50 56 57 58 70 71
 28 41 49 50 56 57 58 62 72
 28 41 49 50 56 57 58 62 70 71
 28 41 45 64
 28 41 45 62 63
 28 41 45 51 57 58
 28 41 45 51 57 58 62
 28 41 45 51 56 57 58
 28 41 45 51 56 57 58 62
 28 41 45 49 50 57 58
 28 41 45 49 50 57 58 62
 28 41 45 49 50 56 57 58
 28 41 45 49 50 56 57 58 62
 28 41 43 44 64
 28 41 43 44 62 63
 28 39 58
 28 39 56
 28 39 45
 28 39 43 44
 28 39 40 58 64
 28 39 40 58 62 63
 28 39 40 56 64
 28 39 40 56 62 63
 28 39 40 51 57 58 72
 28 39 40 51 57 58 70 71
 28 39 40 51 57 58 62 72
 28 39 40 51 57 58 62 70 71
 28 39 40 51 56 57 58 72
 28 39 40 51 56 57 58 70 71
 28 39 40 51 56 57 58 62 72
 28 39 40 51 56 57 58 62 70 71
 28 39 40 49 50 57 58 72
 28 39 40 49 50 57 58 70 71
 28 39 40 49 50 57 58 62 72
 28 39 40 49 50 57 58 62 70 71
 28 39 40 49 50 56 57 58 72
 28 39 40 49 50 56 57 58 70 71
 28 39 40 49 50 56 57 58 62 72
 28 39 40 49 50 56 57 58 62 70 71
 28 39 40 45 64
 28 39 40 45 62 63
 28 39 40 45 51 57 58
 28 39 40 45 51 57 58 62
 28 39 40 45 51 56 57 58
 28 39 40 45 51 56 57 58 62
 28 39 40 45 49 50 57 58
 28 39 40 45 49 50 57 58 62
 28 39 40 45 49 50 56 57 58
 28 39 40 45 49 50 56 57 58 62
 28 39 40 43 44 64
 28 39 40 43 44 62 63
 28 37 41 58
 28 37 41 56
 28 37 41 45
 28 37 41 43 44
 28 37 39 40 58
 28 37 39 40 56
 28 37 39 40 45
 28 37 39 40 43 44
 28 31 51 57 58 72
 28 31 51 57 58 70 71
 28 31 51 57 58 62 72
 28 31 51 57 58 62 70 71
 28 31 51 56 57 58 72
 28 31 51 56 57 58 70 71
 28 31 49 50 57 58 72
 28 31 49 50 57 58 70 71
 28 31 49 50 57 58 62 72
 28 31 49 50 57 58 62 70 71
 28 31 49 50 56 57 58 72
 28 31 49 50 56 57 58 70 71
 28 31 45 51 57 58
 28 31 45 51 57 58 62
 28 31 45 51 56 57 58
 28 31 45 49 50 57 58
 28 31 45 49 50 57 58 62
 28 31 45 49 50 56 57 58
 28 31 41 51 57 58 72
 28 31 41 51 57 58 70 71
 28 31 41 51 57 58 62 72
 28 31 41 51 57 58 62 70 71
 28 31 41 51 56 57 58 72
 28 31 41 51 56 57 58 70 71
 28 31 41 49 50 57 58 72
 28 31 41 49 50 57 58 70 71
 28 31 41 49 50 57 58 62 72
 28 31 41 49 50 57 58 62 70 71
 28 31 41 49 50 56 57 58 72
 28 31 41 49 50 56 57 58 70 71
 28 31 41 45 51 57 58
 28 31 41 45 51 57 58 62
 28 31 41 45 51 56 57 58
 28 31 41 45 49 50 57 58
 28 31 41 45 49 50 57 58 62
 28 31 41 45 49 50 56 57 58
 28 31 39 40 51 57 58 72
 28 31 39 40 51 57 58 70 71
 28 31 39 40 51 57 58 62 72
 28 31 39 40 51 57 58 62 70 71
 28 31 39 40 51 56 57 58 72
 28 31 39 40 51 56 57 58 70 71
 28 31 39 40 49 50 57 58 72
 28 31 39 40 49 50 57 58 70 71
 28 31 39 40 49 50 57 58 62 72
 28 31 39 40 49 50 57 58 62 70 71
 28 31 39 40 49 50 56 57 58 72
 28 31 39 40 49 50 56 57 58 70 71
 28 31 39 40 45 51 57 58
 28 31 39 40 45 51 57 58 62
 28 31 39 40 45 51 56 57 58
 28 31 39 40 45 49 50 57 58
 28 31 39 40 45 49 50 57 58 62
 28 31 39 40 45 49 50 56 57 58
 26 41 72
 26 41 70 71
 26 41 45
 26 39 40 72
 26 39 40 70 71
 26 39 40 45
 26 27 58 66
 26 27 58 64 65
 26 27 56 66
 26 27 56 64 65
 26 27 51 57 58 72
 26 27 51 57 58 70 71
 26 27 51 57 58 62 72
 26 27 51 57 58 62 70 71
 26 27 51 56 57 58 72
 26 27 51 56 57 58 70 71
 26 27 51 56 57 58 62 72
 26 27 51 56 57 58 62 70 71
 26 27 49 50 57 58 72
 26 27 49 50 57 58 70 71
 26 27 49 50 57 58 62 72
 26 27 49 50 57 58 62 70 71
 26 27 49 50 56 57 58 72
 26 27 49 50 56 57 58 70 71
 26 27 49 50 56 57 58 62 72
 26 27 49 50 56 57 58 62 70 71
 26 27 45 66
 26 27 45 64 65
 26 27 45 51 57 58
 26 27 45 51 57 58 62
 26 27 45 51 56 57 58
 26 27 45 51 56 57 58 62
 26 27 45 49 50 57 58
 26 27 45 49 50 57 58 62
 26 27 45 49 50 56 57 58
 26 27 45 49 50 56 57 58 62
 26 27 43 44 66
 26 27 43 44 64 65
 26 27 41 58 64
 26 27 41 58 62 63
 26 27 41 56 64
 26 27 41 56 62 63
 26 27 41 51 57 58 72
 26 27 41 51 57 58 70 71
 26 27 41 51 57 58 62 72
 26 27 41 51 57 58 62 70 71
 26 27 41 51 56 57 58 72
 26 27 41 51 56 57 58 70 71
 26 27 41 51 56 57 58 62 72
 26 27 41 51 56 57 58 62 70 71
 26 27 41 49 50 57 58 72
 26 27 41 49 50 57 58 70 71
 26 27 41 49 50 57 58 62 72
 26 27 41 49 50 57 58 62 70 71
 26 27 41 49 50 56 57 58 72
 26 27 41 49 50 56 57 58 70 71
 26 27 41 49 50 56 57 58 62 72
 26 27 41 49 50 56 57 58 62 70 71
 26 27 41 45 64
 26 27 41 45 62 63
 26 27 41 45 51 57 58
 26 27 41 45 51 57 58 62
 26 27 41 45 51 56 57 58
 26 27 41 45 51 56 57 58 62
 26 27 41 45 49 50 57 58
 26 27 41 45 49 50 57 58 62
 26 27 41 45 49 50 56 57 58
 26 27 41 45 49 50 56 57 58 62
 26 27 41 43 44 64
 26 27 41 43 44 62 63
 26 27 39 58
 26 27 39 56
 26 27 39 45
 26 27 39 43 44
 26 27 39 40 58 64
 26 27 39 40 58 62 63
 26 27 39 40 56 64
 26 27 39 40 56 62 63
 26 27 39 40 51 57 58 72
 26 27 39 40 51 57 58 70 71
 26 27 39 40 51 57 58 62 72
 26 27 39 40 51 57 58 62 70 71
 26 27 39 40 51 56 57 58 72
 26 27 39 40 51 56 57 58 70 71
 26 27 39 40 51 56 57 58 62 72
 26 27 39 40 51 56 57 58 62 70 71
 26 27 39 40 49 50 57 58 72
 26 27 39 40 49 50 57 58 70 71
 26 27 39 40 49 50 57 58 62 72
 26 27 39 40 49 50 57 58 62 70 71
 26 27 39 40 49 50 56 57 58 72
 26 27 39 40 49 50 56 57 58 70 71
 26 27 39 40 49 50 56 57 58 62 72
 26 27 39 40 49 50 56 57 58 62 70 71
 26 27 39 40 45 64
 26 27 39 40 45 62 63
 26 27 39 40 45 51 57 58
 26 27 39 40 45 51 57 58 62
 26 27 39 40 45 51 56 57 58
 26 27 39 40 45 51 56 57 58 62
 26 27 39 40 45 49 50 57 58
 26 27 39 40 45 49 50 57 58 62
 26 27 39 40 45 49 50 56 57 58
 26 27 39 40 45 49 50 56 57 58 62
 26 27 39 40 43 44 64
 26 27 39 40 43 44 62 63
 26 27 37 41 58
 26 27 37 41 56
 26 27 37 41 45
 26 27 37 41 43 44
 26 27 37 39 40 58
 26 27 37 39 40 56
 26 27 37 39 40 45
 26 27 37 39 40 43 44
 26 27 31 51 57 58 72
 26 27 31 51 57 58 70 71
 26 27 31 51 57 58 62 72
 26 27 31 51 57 58 62 70 71
 26 27 31 51 56 57 58 72
 26 27 31 51 56 57 58 70 71
 26 27 31 49 50 57 58 72
 26 27 31 49 50 57 58 70 71
 26 27 31 49 50 57 58 62 72
 26 27 31 49 50 57 58 62 70 71
 26 27 31 49 50 56 57 58 72
 26 27 31 49 50 56 57 58 70 71
 26 27 31 45 51 57 58
 26 27 31 45 51 57 58 62
 26 27 31 45 51 56 57 58
 26 27 31 45 49 50 57 58
 26 27 31 45 49 50 57 58 62
 26 27 31 45 49 50 56 57 58
 26 27 31 41 51 57 58 72
 26 27 31 41 51 57 58 70 71
 26 27 31 41 51 57 58 62 72
 26 27 31 41 51 57 58 62 70 71
 26 27 31 41 51 56 57 58 72
 26 27 31 41 51 56 57 58 70 71
 26 27 31 41 49 50 57 58 72
 26 27 31 41 49 50 57 58 70 71
 26 27 31 41 49 50 57 58 62 72
 26 27 31 41 49 50 57 58 62 70 71
 26 27 31 41 49 50 56 57 58 72
 26 27 31 41 49 50 56 57 58 70 71
 26 27 31 41 45 51 57 58
 26 27 31 41 45 51 57 58 62
 26 27 31 41 45 51 56 57 58
 26 27 31 41 45 49 50 57 58
 26 27 31 41 45 49 50 57 58 62
 26 27 31 41 45 49 50 56 57 58
 26 27 31 39 40 51 57 58 72
 26 27 31 39 40 51 57 58 70 71
 26 27 31 39 40 51 57 58 62 72
 26 27 31 39 40 51 57 58 62 70 71
 26 27 31 39 40 51 56 57 58 72
 26 27 31 39 40 51 56 57 58 70 71
 26 27 31 39 40 49 50 57 58 72
 26 27 31 39 40 49 50 57 58 70 71
 26 27 31 39 40 49 50 57 58 62 72
 26 27 31 39 40 49 50 57 58 62 70 71
 26 27 31 39 40 49 50 56 57 58 72
 26 27 31 39 40 49 50 56 57 58 70 71
 26 27 31 39 40 45 51 57 58
 26 27 31 39 40 45 51 57 58 62
 26 27 31 39 40 45 51 56 57 58
 26 27 31 39 40 45 49 50 57 58
 26 27 31 39 40 45 49 50 57 58 62
 26 27 31 39 40 45 49 50 56 57 58
 24 28 57 58 72
 24 28 57 58 70 71
 24 28 57 58 62 72
 24 28 57 58 62 70 71
 24 28 56 57 58 72
 24 28 56 57 58 70 71
 24 28 56 57 58 62 72
 24 28 56 57 58 62 70 71
 24 28 45 57 58
 24 28 45 57 58 62
 24 28 45 56 57 58
 24 28 45 56 57 58 62
 24 28 41 57 58 72
 24 28 41 57 58 70 71
 24 28 41 57 58 62 72
 24 28 41 57 58 62 70 71
 24 28 41 56 57 58 72
 24 28 41 56 57 58 70 71
 24 28 41 56 57 58 62 72
 24 28 41 56 57 58 62 70 71
 24 28 41 45 57 58
 24 28 41 45 57 58 62
 24 28 41 45 56 57 58
 24 28 41 45 56 57 58 62
 24 28 39 40 57 58 72
 24 28 39 40 57 58 70 71
 24 28 39 40 57 58 62 72
 24 28 39 40 57 58 62 70 71
 24 28 39 40 56 57 58 72
 24 28 39 40 56 57 58 70 71
 24 28 39 40 56 57 58 62 72
 24 28 39 40 56 57 58 62 70 71
 24 28 39 40 45 57 58
 24 28 39 40 45 57 58 62
 24 28 39 40 45 56 57 58
 24 28 39 40 45 56 57 58 62
 24 28 31 57 58 72
 24 28 31 57 58 70 71
 24 28 31 57 58 62 72
 24 28 31 57 58 62 70 71
 24 28 31 56 57 58 72
 24 28 31 56 57 58 70 71
 24 28 31 45 57 58
 24 28 31 45 57 58 62
 24 28 31 45 56 57 58
 24 28 31 41 57 58 72
 24 28 31 41 57 58 70 71
 24 28 31 41 57 58 62 72
 24 28 31 41 57 58 62 70 71
 24 28 31 41 56 57 58 72
 24 28 31 41 56 57 58 70 71
 24 28 31 41 45 57 58
 24 28 31 41 45 57 58 62
 24 28 31 41 45 56 57 58
 24 28 31 39 40 57 58 72
 24 28 31 39 40 57 58 70 71
 24 28 31 39 40 57 58 62 72
 24 28 31 39 40 57 58 62 70 71
 24 28 31 39 40 56 57 58 72
 24 28 31 39 40 56 57 58 70 71
 24 28 31 39 40 45 57 58
 24 28 31 39 40 45 57 58 62
 24 28 31 39 40 45 56 57 58
 24 26 27 57 58 72
 24 26 27 57 58 70 71
 24 26 27 57 58 62 72
 24 26 27 57 58 62 70 71
 24 26 27 56 57 58 72
 24 26 27 56 57 58 70 71
 24 26 27 56 57 58 62 72
 24 26 27 56 57 58 62 70 71
 24 26 27 45 57 58
 24 26 27 45 57 58 62
 24 26 27 45 56 57 58
 24 26 27 45 56 57 58 62
 24 26 27 41 57 58 72
 24 26 27 41 57 58 70 71
 24 26 27 41 57 58 62 72
 24 26 27 41 57 58 62 70 71
 24 26 27 41 56 57 58 72
 24 26 27 41 56 57 58 70 71
 24 26 27 41 56 57 58 62 72
 24 26 27 41 56 57 58 62 70 71
 24 26 27 41 45 57 58
 24 26 27 41 45 57 58 62
 24 26 27 41 45 56 57 58
 24 26 27 41 45 56 57 58 62
 24 26 27 39 40 57 58 72
 24 26 27 39 40 57 58 70 71
 24 26 27 39 40 57 58 62 72
 24 26 27 39 40 57 58 62 70 71
 24 26 27 39 40 56 57 58 72
 24 26 27 39 40 56 57 58 70 71
 24 26 27 39 40 56 57 58 62 72
 24 26 27 39 40 56 57 58 62 70 71
 24 26 27 39 40 45 57 58
 24 26 27 39 40 45 57 58 62
 24 26 27 39 40 45 56 57 58
 24 26 27 39 40 45 56 57 58 62
 24 26 27 31 57 58 72
 24 26 27 31 57 58 70 71
 24 26 27 31 57 58 62 72
 24 26 27 31 57 58 62 70 71
 24 26 27 31 56 57 58 72
 24 26 27 31 56 57 58 70 71
 24 26 27 31 45 57 58
 24 26 27 31 45 57 58 62
 24 26 27 31 45 56 57 58
 24 26 27 31 41 57 58 72
 24 26 27 31 41 57 58 70 71
 24 26 27 31 41 57 58 62 72
 24 26 27 31 41 57 58 62 70 71
 24 26 27 31 41 56 57 58 72
 24 26 27 31 41 56 57 58 70 71
 24 26 27 31 41 45 57 58
 24 26 27 31 41 45 57 58 62
 24 26 27 31 41 45 56 57 58
 24 26 27 31 39 40 57 58 72
 24 26 27 31 39 40 57 58 70 71
 24 26 27 31 39 40 57 58 62 72
 24 26 27 31 39 40 57 58 62 70 71
 24 26 27 31 39 40 56 57 58 72
 24 26 27 31 39 40 56 57 58 70 71
 24 26 27 31 39 40 45 57 58
 24 26 27 31 39 40 45 57 58 62
 24 26 27 31 39 40 45 56 57 58
 18 58 66 70
 18 58 66 68 69
 18 58 64 65 70
 18 58 64 65 68 69
 18 56 57 66 70
 18 56 57 66 68 69
 18 56 57 64 65 70
 18 56 57 64 65 68 69
 18 43 58 66
 18 43 58 64 65
 18 43 56 57 66
 18 43 56 57 64 65
 18 41 64 72
 18 41 64 70
 18 41 64 70 71
 18 41 64 68 69
 18 41 62 63 72
 18 41 62 63 70
 18 41 62 63 70 71
 18 41 62 63 68 69
 18 41 58 70
 18 41 58 68 69
 18 41 58 64 70
 18 41 58 64 68 69
 18 41 58 62 63 70
 18 41 58 62 63 68 69
 18 41 56 57 70
 18 41 56 57 68 69
 18 41 56 57 64 70
 18 41 56 57 64 68 69
 18 41 56 57 62 63 70
 18 41 56 57 62 63 68 69
 18 41 45 64
 18 41 45 62 63
 18 41 43 64
 18 41 43 62 63
 18 41 43 58
 18 41 43 58 64
 18 41 43 58 62 63
 18 41 43 56 57
 18 41 43 56 57 64
 18 41 43 56 57 62 63
 18 39 58 70
 18 39 58 68 69
 18 39 56 57 70
 18 39 56 57 68 69
 18 39 43 58
 18 39 43 56 57
 18 39 40 64 72
 18 39 40 64 70
 18 39 40 64 70 71
 18 39 40 64 68 69
 18 39 40 62 63 72
 18 39 40 62 63 70
 18 39 40 62 63 70 71
 18 39 40 62 63 68 69
 18 39 40 58 70
 18 39 40 58 68 69
 18 39 40 58 64 70
 18 39 40 58 64 68 69
 18 39 40 58 62 63 70
 18 39 40 58 62 63 68 69
 18 39 40 56 57 70
 18 39 40 56 57 68 69
 18 39 40 56 57 64 70
 18 39 40 56 57 64 68 69
 18 39 40 56 57 62 63 70
 18 39 40 56 57 62 63 68 69
 18 39 40 45 64
 18 39 40 45 62 63
 18 39 40 43 64
 18 39 40 43 62 63
 18 39 40 43 58
 18 39 40 43 58 64
 18 39 40 43 58 62 63
 18 39 40 43 56 57
 18 39 40 43 56 57 64
 18 39 40 43 56 57 62 63
 18 37 41 72
 18 37 41 70
 18 37 41 70 71
 18 37 41 68 69
 18 37 41 58 70
 18 37 41 58 68 69
 18 37 41 56 57 70
 18 37 41 56 57 68 69
 18 37 41 45
 18 37 41 43
 18 37 41 43 58
 18 37 41 43 56 57
 18 37 39 40 72
 18 37 39 40 70
 18 37 39 40 70 71
 18 37 39 40 68 69
 18 37 39 40 58 70
 18 37 39 40 58 68 69
 18 37 39 40 56 57 70
 18 37 39 40 56 57 68 69
 18 37 39 40 45
 18 37 39 40 43
 18 37 39 40 43 58
 18 37 39 40 43 56 57
 18 31 66 70
 18 31 66 68 69
 18 31 64 65 70
 18 31 64 65 68 69
 18 31 43 66
 18 31 43 64 65
 18 31 41 70
 18 31 41 68 69
 18 31 41 64 70
 18 31 41 64 68 69
 18 31 41 62 63 70
 18 31 41 62 63 68 69
 18 31 41 43
 18 31 41 43 64
 18 31 41 43 62 63
 18 31 39 70
 18 31 39 68 69
 18 31 39 43
 18 31 39 40 70
 18 31 39 40 68 69
 18 31 39 40 64 70
 18 31 39 40 64 68 69
 18 31 39 40 62 63 70
 18 31 39 40 62 63 68 69
 18 31 39 40 43
 18 31 39 40 43 64
 18 31 39 40 43 62 63
 18 31 37 41 70
 18 31 37 41 68 69
 18 31 37 41 43
 18 31 37 39 40 70
 18 31 37 39 40 68 69
 18 31 37 39 40 43
 18 28 66
 18 28 64 65
 18 28 41 64
 18 28 41 62 63
 18 28 39
 18 28 39 40 64
 18 28 39 40 62 63
 18 28 37 41
 18 28 37 39 40
 18 26 27 66
 18 26 27 64 65
 18 26 27 41 64
 18 26 27 41 62 63
 18 26 27 39
 18 26 27 39 40 64
 18 26 27 39 40 62 63
 18 26 27 37 41
 18 26 27 37 39 40
 15 28 51 58 72
 15 28 51 58 70 71
 15 28 51 58 62 72
 15 28 51 58 62 70 71
 15 28 51 56 58 72
 15 28 51 56 58 70 71
 15 28 51 56 57 58 62 72
 15 28 51 56 57 58 62 70 71
 15 28 49 50 58 72
 15 28 49 50 58 70 71
 15 28 49 50 58 62 72
 15 28 49 50 58 62 70 71
 15 28 49 50 56 58 72
 15 28 49 50 56 58 70 71
 15 28 49 50 56 57 58 62 72
 15 28 49 50 56 57 58 62 70 71
 15 28 45 51 58
 15 28 45 51 58 62
 15 28 45 51 56 58
 15 28 45 51 56 57 58 62
 15 28 45 49 50 58
 15 28 45 49 50 58 62
 15 28 45 49 50 56 58
 15 28 45 49 50 56 57 58 62
 15 28 41 51 58 72
 15 28 41 51 58 70 71
 15 28 41 51 58 62 72
 15 28 41 51 58 62 70 71
 15 28 41 51 56 58 72
 15 28 41 51 56 58 70 71
 15 28 41 51 56 57 58 62 72
 15 28 41 51 56 57 58 62 70 71
 15 28 41 49 50 58 72
 15 28 41 49 50 58 70 71
 15 28 41 49 50 58 62 72
 15 28 41 49 50 58 62 70 71
 15 28 41 49 50 56 58 72
 15 28 41 49 50 56 58 70 71
 15 28 41 49 50 56 57 58 62 72
 15 28 41 49 50 56 57 58 62 70 71
 15 28 41 45 51 58
 15 28 41 45 51 58 62
 15 28 41 45 51 56 58
 15 28 41 45 51 56 57 58 62
 15 28 41 45 49 50 58
 15 28 41 45 49 50 58 62
 15 28 41 45 49 50 56 58
 15 28 41 45 49 50 56 57 58 62
 15 28 39 40 51 58 72
 15 28 39 40 51 58 70 71
 15 28 39 40 51 58 62 72
 15 28 39 40 51 58 62 70 71
 15 28 39 40 51 56 58 72
 15 28 39 40 51 56 58 70 71
 15 28 39 40 51 56 57 58 62 72
 15 28 39 40 51 56 57 58 62 70 71
 15 28 39 40 49 50 58 72
 15 28 39 40 49 50 58 70 71
 15 28 39 40 49 50 58 62 72
 15 28 39 40 49 50 58 62 70 71
 15 28 39 40 49 50 56 58 72
 15 28 39 40 49 50 56 58 70 71
 15 28 39 40 49 50 56 57 58 62 72
 15 28 39 40 49 50 56 57 58 62 70 71
 15 28 39 40 45 51 58
 15 28 39 40 45 51 58 62
 15 28 39 40 45 51 56 58
 15 28 39 40 45 51 56 57 58 62
 15 28 39 40 45 49 50 58
 15 28 39 40 45 49 50 58 62
 15 28 39 40 45 49 50 56 58
 15 28 39 40 45 49 50 56 57 58 62
 15 28 31 51 58 72
 15 28 31 51 58 70 71
 15 28 31 51 58 62 72
 15 28 31 51 58 62 70 71
 15 28 31 51 56 58 72
 15 28 31 51 56 58 70 71
 15 28 31 49 50 58 72
 15 28 31 49 50 58 70 71
 15 28 31 49 50 58 62 72
 15 28 31 49 50 58 62 70 71
 15 28 31 49 50 56 58 72
 15 28 31 49 50 56 58 70 71
 15 28 31 45 51 58
 15 28 31 45 51 58 62
 15 28 31 45 51 56 58
 15 28 31 45 49 50 58
 15 28 31 45 49 50 58 62
 15 28 31 45 49 50 56 58
 15 28 31 41 51 58 72
 15 28 31 41 51 58 70 71
 15 28 31 41 51 58 62 72
 15 28 31 41 51 58 62 70 71
 15 28 31 41 51 56 58 72
 15 28 31 41 51 56 58 70 71
 15 28 31 41 49 50 58 72
 15 28 31 41 49 50 58 70 71
 15 28 31 41 49 50 58 62 72
 15 28 31 41 49 50 58 62 70 71
 15 28 31 41 49 50 56 58 72
 15 28 31 41 49 50 56 58 70 71
 15 28 31 41 45 51 58
 15 28 31 41 45 51 58 62
 15 28 31 41 45 51 56 58
 15 28 31 41 45 49 50 58
 15 28 31 41 45 49 50 58 62
 15 28 31 41 45 49 50 56 58
 15 28 31 39 40 51 58 72
 15 28 31 39 40 51 58 70 71
 15 28 31 39 40 51 58 62 72
 15 28 31 39 40 51 58 62 70 71
 15 28 31 39 40 51 56 58 72
 15 28 31 39 40 51 56 58 70 71
 15 28 31 39 40 49 50 58 72
 15 28 31 39 40 49 50 58 70 71
 15 28 31 39 40 49 50 58 62 72
 15 28 31 39 40 49 50 58 62 70 71
 15 28 31 39 40 49 50 56 58 72
 15 28 31 39 40 49 50 56 58 70 71
 15 28 31 39 40 45 51 58
 15 28 31 39 40 45 51 58 62
 15 28 31 39 40 45 51 56 58
 15 28 31 39 40 45 49 50 58
 15 28 31 39 40 45 49 50 58 62
 15 28 31 39 40 45 49 50 56 58
 15 26 27 51 58 72
 15 26 27 51 58 70 71
 15 26 27 51 58 62 72
 15 26 27 51 58 62 70 71
 15 26 27 51 56 58 72
 15 26 27 51 56 58 70 71
 15 26 27 51 56 57 58 62 72
 15 26 27 51 56 57 58 62 70 71
 15 26 27 49 50 58 72
 15 26 27 49 50 58 70 71
 15 26 27 49 50 58 62 72
 15 26 27 49 50 58 62 70 71
 15 26 27 49 50 56 58 72
 15 26 27 49 50 56 58 70 71
 15 26 27 49 50 56 57 58 62 72
 15 26 27 49 50 56 57 58 62 70 71
 15 26 27 45 51 58
 15 26 27 45 51 58 62
 15 26 27 45 51 56 58
 15 26 27 45 51 56 57 58 62
 15 26 27 45 49 50 58
 15 26 27 45 49 50 58 62
 15 26 27 45 49 50 56 58
 15 26 27 45 49 50 56 57 58 62
 15 26 27 41 51 58 72
 15 26 27 41 51 58 70 71
 15 26 27 41 51 58 62 72
 15 26 27 41 51 58 62 70 71
 15 26 27 41 51 56 58 72
 15 26 27 41 51 56 58 70 71
 15 26 27 41 51 56 57 58 62 72
 15 26 27 41 51 56 57 58 62 70 71
 15 26 27 41 49 50 58 72
 15 26 27 41 49 50 58 70 71
 15 26 27 41 49 50 58 62 72
 15 26 27 41 49 50 58 62 70 71
 15 26 27 41 49 50 56 58 72
 15 26 27 41 49 50 56 58 70 71
 15 26 27 41 49 50 56 57 58 62 72
 15 26 27 41 49 50 56 57 58 62 70 71
 15 26 27 41 45 51 58
 15 26 27 41 45 51 58 62
 15 26 27 41 45 51 56 58
 15 26 27 41 45 51 56 57 58 62
 15 26 27 41 45 49 50 58
 15 26 27 41 45 49 50 58 62
 15 26 27 41 45 49 50 56 58
 15 26 27 41 45 49 50 56 57 58 62
 15 26 27 39 40 51 58 72
 15 26 27 39 40 51 58 70 71
 15 26 27 39 40 51 58 62 72
 15 26 27 39 40 51 58 62 70 71
 15 26 27 39 40 51 56 58 72
 15 26 27 39 40 51 56 58 70 71
 15 26 27 39 40 51 56 57 58 62 72
 15 26 27 39 40 51 56 57 58 62 70 71
 15 26 27 39 40 49 50 58 72
 15 26 27 39 40 49 50 58 70 71
 15 26 27 39 40 49 50 58 62 72
 15 26 27 39 40 49 50 58 62 70 71
 15 26 27 39 40 49 50 56 58 72
 15 26 27 39 40 49 50 56 58 70 71
 15 26 27 39 40 49 50 56 57 58 62 72
 15 26 27 39 40 49 50 56 57 58 62 70 71
 15 26 27 39 40 45 51 58
 15 26 27 39 40 45 51 58 62
 15 26 27 39 40 45 51 56 58
 15 26 27 39 40 45 51 56 57 58 62
 15 26 27 39 40 45 49 50 58
 15 26 27 39 40 45 49 50 58 62
 15 26 27 39 40 45 49 50 56 58
 15 26 27 39 40 45 49 50 56 57 58 62
 15 26 27 31 51 58 72
 15 26 27 31 51 58 70 71
 15 26 27 31 51 58 62 72
 15 26 27 31 51 58 62 70 71
 15 26 27 31 51 56 58 72
 15 26 27 31 51 56 58 70 71
 15 26 27 31 49 50 58 72
 15 26 27 31 49 50 58 70 71
 15 26 27 31 49 50 58 62 72
 15 26 27 31 49 50 58 62 70 71
 15 26 27 31 49 50 56 58 72
 15 26 27 31 49 50 56 58 70 71
 15 26 27 31 45 51 58
 15 26 27 31 45 51 58 62
 15 26 27 31 45 51 56 58
 15 26 27 31 45 49 50 58
 15 26 27 31 45 49 50 58 62
 15 26 27 31 45 49 50 56 58
 15 26 27 31 41 51 58 72
 15 26 27 31 41 51 58 70 71
 15 26 27 31 41 51 58 62 72
 15 26 27 31 41 51 58 62 70 71
 15 26 27 31 41 51 56 58 72
 15 26 27 31 41 51 56 58 70 71
 15 26 27 31 41 49 50 58 72
 15 26 27 31 41 49 50 58 70 71
 15 26 27 31 41 49 50 58 62 72
 15 26 27 31 41 49 50 58 62 70 71
 15 26 27 31 41 49 50 56 58 72
 15 26 27 31 41 49 50 56 58 70 71
 15 26 27 31 41 45 51 58
 15 26 27 31 41 45 51 58 62
 15 26 27 31 41 45 51 56 58
 15 26 27 31 41 45 49 50 58
 15 26 27 31 41 45 49 50 58 62
 15 26 27 31 41 45 49 50 56 58
 15 26 27 31 39 40 51 58 72
 15 26 27 31 39 40 51 58 70 71
 15 26 27 31 39 40 51 58 62 72
 15 26 27 31 39 40 51 58 62 70 71
 15 26 27 31 39 40 51 56 58 72
 15 26 27 31 39 40 51 56 58 70 71
 15 26 27 31 39 40 49 50 58 72
 15 26 27 31 39 40 49 50 58 70 71
 15 26 27 31 39 40 49 50 58 62 72
 15 26 27 31 39 40 49 50 58 62 70 71
 15 26 27 31 39 40 49 50 56 58 72
 15 26 27 31 39 40 49 50 56 58 70 71
 15 26 27 31 39 40 45 51 58
 15 26 27 31 39 40 45 51 58 62
 15 26 27 31 39 40 45 51 56 58
 15 26 27 31 39 40 45 49 50 58
 15 26 27 31 39 40 45 49 50 58 62
 15 26 27 31 39 40 45 49 50 56 58
 15 24 28 58 72
 15 24 28 58 70 71
 15 24 28 58 62 72
 15 24 28 58 62 70 71
 15 24 28 56 58 72
 15 24 28 56 58 70 71
 15 24 28 56 57 58 62 72
 15 24 28 56 57 58 62 70 71
 15 24 28 45 58
 15 24 28 45 58 62
 15 24 28 45 56 58
 15 24 28 45 56 57 58 62
 15 24 28 41 58 72
 15 24 28 41 58 70 71
 15 24 28 41 58 62 72
 15 24 28 41 58 62 70 71
 15 24 28 41 56 58 72
 15 24 28 41 56 58 70 71
 15 24 28 41 56 57 58 62 72
 15 24 28 41 56 57 58 62 70 71
 15 24 28 41 45 58
 15 24 28 41 45 58 62
 15 24 28 41 45 56 58
 15 24 28 41 45 56 57 58 62
 15 24 28 39 40 58 72
 15 24 28 39 40 58 70 71
 15 24 28 39 40 58 62 72
 15 24 28 39 40 58 62 70 71
 15 24 28 39 40 56 58 72
 15 24 28 39 40 56 58 70 71
 15 24 28 39 40 56 57 58 62 72
 15 24 28 39 40 56 57 58 62 70 71
 15 24 28 39 40 45 58
 15 24 28 39 40 45 58 62
 15 24 28 39 40 45 56 58
 15 24 28 39 40 45 56 57 58 62
 15 24 28 31 58 72
 15 24 28 31 58 70 71
 15 24 28 31 58 62 72
 15 24 28 31 58 62 70 71
 15 24 28 31 56 58 72
 15 24 28 31 56 58 70 71
 15 24 28 31 45 58
 15 24 28 31 45 58 62
 15 24 28 31 45 56 58
 15 24 28 31 41 58 72
 15 24 28 31 41 58 70 71
 15 24 28 31 41 58 62 72
 15 24 28 31 41 58 62 70 71
 15 24 28 31 41 56 58 72
 15 24 28 31 41 56 58 70 71
 15 24 28 31 41 45 58
 15 24 28 31 41 45 58 62
 15 24 28 31 41 45 56 58
 15 24 28 31 39 40 58 72
 15 24 28 31 39 40 58 70 71
 15 24 28 31 39 40 58 62 72
 15 24 28 31 39 40 58 62 70 71
 15 24 28 31 39 40 56 58 72
 15 24 28 31 39 40 56 58 70 71
 15 24 28 31 39 40 45 58
 15 24 28 31 39 40 45 58 62
 15 24 28 31 39 40 45 56 58
 15 24 26 27 58 72
 15 24 26 27 58 70 71
 15 24 26 27 58 62 72
 15 24 26 27 58 62 70 71
 15 24 26 27 56 58 72
 15 24 26 27 56 58 70 71
 15 24 26 27 56 57 58 62 72
 15 24 26 27 56 57 58 62 70 71
 15 24 26 27 45 58
 15 24 26 27 45 58 62
 15 24 26 27 45 56 58
 15 24 26 27 45 56 57 58 62
 15 24 26 27 41 58 72
 15 24 26 27 41 58 70 71
 15 24 26 27 41 58 62 72
 15 24 26 27 41 58 62 70 71
 15 24 26 27 41 56 58 72
 15 24 26 27 41 56 58 70 71
 15 24 26 27 41 56 57 58 62 72
 15 24 26 27 41 56 57 58 62 70 71
 15 24 26 27 41 45 58
 15 24 26 27 41 45 58 62
 15 24 26 27 41 45 56 58
 15 24 26 27 41 45 56 57 58 62
 15 24 26 27 39 40 58 72
 15 24 26 27 39 40 58 70 71
 15 24 26 27 39 40 58 62 72
 15 24 26 27 39 40 58 62 70 71
 15 24 26 27 39 40 56 58 72
 15 24 26 27 39 40 56 58 70 71
 15 24 26 27 39 40 56 57 58 62 72
 15 24 26 27 39 40 56 57 58 62 70 71
 15 24 26 27 39 40 45 58
 15 24 26 27 39 40 45 58 62
 15 24 26 27 39 40 45 56 58
 15 24 26 27 39 40 45 56 57 58 62
 15 24 26 27 31 58 72
 15 24 26 27 31 58 70 71
 15 24 26 27 31 58 62 72
 15 24 26 27 31 58 62 70 71
 15 24 26 27 31 56 58 72
 15 24 26 27 31 56 58 70 71
 15 24 26 27 31 45 58
 15 24 26 27 31 45 58 62
 15 24 26 27 31 45 56 58
 15 24 26 27 31 41 58 72
 15 24 26 27 31 41 58 70 71
 15 24 26 27 31 41 58 62 72
 15 24 26 27 31 41 58 62 70 71
 15 24 26 27 31 41 56 58 72
 15 24 26 27 31 41 56 58 70 71
 15 24 26 27 31 41 45 58
 15 24 26 27 31 41 45 58 62
 15 24 26 27 31 41 45 56 58
 15 24 26 27 31 39 40 58 72
 15 24 26 27 31 39 40 58 70 71
 15 24 26 27 31 39 40 58 62 72
 15 24 26 27 31 39 40 58 62 70 71
 15 24 26 27 31 39 40 56 58 72
 15 24 26 27 31 39 40 56 58 70 71
 15 24 26 27 31 39 40 45 58
 15 24 26 27 31 39 40 45 58 62
 15 24 26 27 31 39 40 45 56 58
 14 70
 14 68 69
 14 64
 14 62 63
 14 58 60 64 72
 14 58 60 64 70 71
 14 58 60 62 63 72
 14 58 60 62 63 70 71
 14 56 72
 14 56 70 71
 14 56 64 72
 14 56 64 70 71
 14 56 62 63 72
 14 56 62 63 70 71
 14 56 58 64 72
 14 56 58 64 70 71
 14 56 58 62 63 72
 14 56 58 62 63 70 71
 14 56 58 60 64 72
 14 56 58 60 64 70 71
 14 56 58 60 62 63 72
 14 56 58 60 62 63 70 71
 14 53 72
 14 53 70 71
 14 51 52 72
 14 51 52 70 71
 14 45 64
 14 45 64 72
 14 45 64 70
 14 45 64 70 71
 14 45 64 68 69
 14 45 62 63
 14 45 62 63 72
 14 45 62 63 70
 14 45 62 63 70 71
 14 45 62 63 68 69
 14 45 58 70
 14 45 58 68 69
 14 45 58 64 70
 14 45 58 64 68 69
 14 45 58 62 63 70
 14 45 58 62 63 68 69
 14 45 58 60 64
 14 45 58 60 62 63
 14 45 56
 14 45 56 64
 14 45 56 62 63
 14 45 56 58 64
 14 45 56 58 62 63
 14 45 56 58 60 64
 14 45 56 58 60 62 63
 14 45 56 57 70
 14 45 56 57 68 69
 14 45 56 57 64 70
 14 45 56 57 64 68 69
 14 45 56 57 62 63 70
 14 45 56 57 62 63 68 69
 14 45 53
 14 45 51 52
 14 43
 14 43 45 64
 14 43 45 62 63
 14 43 45 58
 14 43 45 58 64
 14 43 45 58 62 63
 14 43 45 56 57
 14 43 45 56 57 64
 14 43 45 56 57 62 63
 14 43 44 64
 14 43 44 64 72
 14 43 44 64 70
 14 43 44 64 70 71
 14 43 44 64 68 69
 14 43 44 62 63
 14 43 44 62 63 72
 14 43 44 62 63 70
 14 43 44 62 63 70 71
 14 43 44 62 63 68 69
 14 43 44 58
 14 43 44 58 70
 14 43 44 58 68 69
 14 43 44 58 64
 14 43 44 58 64 70
 14 43 44 58 64 68 69
 14 43 44 58 62 63
 14 43 44 58 62 63 70
 14 43 44 58 62 63 68 69
 14 43 44 56 57
 14 43 44 56 57 70
 14 43 44 56 57 68 69
 14 43 44 56 57 64
 14 43 44 56 57 64 70
 14 43 44 56 57 64 68 69
 14 43 44 56 57 62 63
 14 43 44 56 57 62 63 70
 14 43 44 56 57 62 63 68 69
 14 43 44 45 64
 14 43 44 45 62 63
 14 37
 14 37 58 60 72
 14 37 58 60 70 71
 14 37 56 72
 14 37 56 70 71
 14 37 56 58 72
 14 37 56 58 70
 14 37 56 58 70 71
 14 37 56 58 68 69
 14 37 56 58 60 72
 14 37 56 58 60 70 71
 14 37 54 55 58 70
 14 37 54 55 58 68 69
 14 37 45
 14 37 45 72
 14 37 45 70
 14 37 45 70 71
 14 37 45 68 69
 14 37 45 58 70
 14 37 45 58 68 69
 14 37 45 58 60
 14 37 45 56
 14 37 45 56 58
 14 37 45 56 58 60
 14 37 45 56 57 70
 14 37 45 56 57 68 69
 14 37 43 56 58
 14 37 43 54 55 58
 14 37 43 45
 14 37 43 45 58
 14 37 43 45 56 57
 14 37 43 44
 14 37 43 44 72
 14 37 43 44 70
 14 37 43 44 70 71
 14 37 43 44 68 69
 14 37 43 44 58
 14 37 43 44 58 70
 14 37 43 44 58 68 69
 14 37 43 44 56 57
 14 37 43 44 56 57 70
 14 37 43 44 56 57 68 69
 14 37 43 44 45
 14 31 45 70
 14 31 45 68 69
 14 31 45 64 70
 14 31 45 64 68 69
 14 31 45 62 63 70
 14 31 45 62 63 68 69
 14 31 43 45
 14 31 43 45 64
 14 31 43 45 62 63
 14 31 43 44
 14 31 43 44 70
 14 31 43 44 68 69
 14 31 43 44 64
 14 31 43 44 64 70
 14 31 43 44 64 68 69
 14 31 43 44 62 63
 14 31 43 44 62 63 70
 14 31 43 44 62 63 68 69
 14 31 37 45 70
 14 31 37 45 68 69
 14 31 37 43 45
 14 31 37 43 44
 14 31 37 43 44 70
 14 31 37 43 44 68 69
 14 29 37 58 70
 14 29 37 58 68 69
 14 29 37 43 58
 14 28 58 64
 14 28 58 62 63
 14 28 56 64
 14 28 56 62 63
 14 28 51 57 58 72
 14 28 51 57 58 70 71
 14 28 51 57 58 62 72
 14 28 51 57 58 62 70 71
 14 28 51 56 57 58 72
 14 28 51 56 57 58 70 71
 14 28 51 56 57 58 62 72
 14 28 51 56 57 58 62 70 71
 14 28 49 50 57 58 72
 14 28 49 50 57 58 70 71
 14 28 49 50 57 58 62 72
 14 28 49 50 57 58 62 70 71
 14 28 49 50 56 57 58 72
 14 28 49 50 56 57 58 70 71
 14 28 49 50 56 57 58 62 72
 14 28 49 50 56 57 58 62 70 71
 14 28 45 64
 14 28 45 62 63
 14 28 45 51 57 58
 14 28 45 51 57 58 62
 14 28 45 51 56 57 58
 14 28 45 51 56 57 58 62
 14 28 45 49 50 57 58
 14 28 45 49 50 57 58 62
 14 28 45 49 50 56 57 58
 14 28 45 49 50 56 57 58 62
 14 28 43 44 64
 14 28 43 44 62 63
 14 28 37 58
 14 28 37 56
 14 28 37 45
 14 28 37 43 44
 14 28 31 51 57 58 72
 14 28 31 51 57 58 70 71
 14 28 31 51 57 58 62 72
 14 28 31 51 57 58 62 70 71
 14 28 31 51 56 57 58 72
 14 28 31 51 56 57 58 70 71
 14 28 31 49 50 57 58 72
 14 28 31 49 50 57 58 70 71
 14 28 31 49 50 57 58 62 72
 14 28 31 49 50 57 58 62 70 71
 14 28 31 49 50 56 57 58 72
 14 28 31 49 50 56 57 58 70 71
 14 28 31 45 51 57 58
 14 28 31 45 51 57 58 62
 14 28 31 45 51 56 57 58
 14 28 31 45 49 50 57 58
 14 28 31 45 49 50 57 58 62
 14 28 31 45 49 50 56 57 58
 14 26 72
 14 26 70 71
 14 26 45
 14 26 27 58 64
 14 26 27 58 62 63
 14 26 27 56 64
 14 26 27 56 62 63
 14 26 27 51 57 58 72
 14 26 27 51 57 58 70 71
 14 26 27 51 57 58 62 72
 14 26 27 51 57 58 62 70 71
 14 26 27 51 56 57 58 72
 14 26 27 51 56 57 58 70 71
 14 26 27 51 56 57 58 62 72
 14 26 27 51 56 57 58 62 70 71
 14 26 27 49 50 57 58 72
 14 26 27 49 50 57 58 70 71
 14 26 27 49 50 57 58 62 72
 14 26 27 49 50 57 58 62 70 71
 14 26 27 49 50 56 57 58 72
 14 26 27 49 50 56 57 58 70 71
 14 26 27 49 50 56 57 58 62 72
 14 26 27 49 50 56 57 58 62 70 71
 14 26 27 45 64
 14 26 27 45 62 63
 14 26 27 45 51 57 58
 14 26 27 45 51 57 58 62
 14 26 27 45 51 56 57 58
 14 26 27 45 51 56 57 58 62
 14 26 27 45 49 50 57 58
 14 26 27 45 49 50 57 58 62
 14 26 27 45 49 50 56 57 58
 14 26 27 45 49 50 56 57 58 62
 14 26 27 43 44 64
 14 26 27 43 44 62 63
 14 26 27 37 58
 14 26 27 37 56
 14 26 27 37 45
 14 26 27 37 43 44
 14 26 27 31 51 57 58 72
 14 26 27 31 51 57 58 70 71
 14 26 27 31 51 57 58 62 72
 14 26 27 31 51 57 58 62 70 71
 14 26 27 31 51 56 57 58 72
 14 26 27 31 51 56 57 58 70 71
 14 26 27 31 49 50 57 58 72
 14 26 27 31 49 50 57 58 70 71
 14 26 27 31 49 50 57 58 62 72
 14 26 27 31 49 50 57 58 62 70 71
 14 26 27 31 49 50 56 57 58 72
 14 26 27 31 49 50 56 57 58 70 71
 14 26 27 31 45 51 57 58
 14 26 27 31 45 51 57 58 62
 14 26 27 31 45 51 56 57 58
 14 26 27 31 45 49 50 57 58
 14 26 27 31 45 49 50 57 58 62
 14 26 27 31 45 49 50 56 57 58
 14 24 28 57 58 72
 14 24 28 57 58 70 71
 14 24 28 57 58 62 72
 14 24 28 57 58 62 70 71
 14 24 28 56 57 58 72
 14 24 28 56 57 58 70 71
 14 24 28 56 57 58 62 72
 14 24 28 56 57 58 62 70 71
 14 24 28 45 57 58
 14 24 28 45 57 58 62
 14 24 28 45 56 57 58
 14 24 28 45 56 57 58 62
 14 24 28 31 57 58 72
 14 24 28 31 57 58 70 71
 14 24 28 31 57 58 62 72
 14 24 28 31 57 58 62 70 71
 14 24 28 31 56 57 58 72
 14 24 28 31 56 57 58 70 71
 14 24 28 31 45 57 58
 14 24 28 31 45 57 58 62
 14 24 28 31 45 56 57 58
 14 24 26 27 57 58 72
 14 24 26 27 57 58 70 71
 14 24 26 27 57 58 62 72
 14 24 26 27 57 58 62 70 71
 14 24 26 27 56 57 58 72
 14 24 26 27 56 57 58 70 71
 14 24 26 27 56 57 58 62 72
 14 24 26 27 56 57 58 62 70 71
 14 24 26 27 45 57 58
 14 24 26 27 45 57 58 62
 14 24 26 27 45 56 57 58
 14 24 26 27 45 56 57 58 62
 14 24 26 27 31 57 58 72
 14 24 26 27 31 57 58 70 71
 14 24 26 27 31 57 58 62 72
 14 24 26 27 31 57 58 62 70 71
 14 24 26 27 31 56 57 58 72
 14 24 26 27 31 56 57 58 70 71
 14 24 26 27 31 45 57 58
 14 24 26 27 31 45 57 58 62
 14 24 26 27 31 45 56 57 58
 14 18 64 72
 14 18 64 70
 14 18 64 70 71
 14 18 64 68 69
 14 18 62 63 72
 14 18 62 63 70
 14 18 62 63 70 71
 14 18 62 63 68 69
 14 18 58 70
 14 18 58 68 69
 14 18 58 64 70
 14 18 58 64 68 69
 14 18 58 62 63 70
 14 18 58 62 63 68 69
 14 18 56 57 70
 14 18 56 57 68 69
 14 18 56 57 64 70
 14 18 56 57 64 68 69
 14 18 56 57 62 63 70
 14 18 56 57 62 63 68 69
 14 18 45 64
 14 18 45 62 63
 14 18 43 64
 14 18 43 62 63
 14 18 43 58
 14 18 43 58 64
 14 18 43 58 62 63
 14 18 43 56 57
 14 18 43 56 57 64
 14 18 43 56 57 62 63
 14 18 37 72
 14 18 37 70
 14 18 37 70 71
 14 18 37 68 69
 14 18 37 58 70
 14 18 37 58 68 69
 14 18 37 56 57 70
 14 18 37 56 57 68 69
 14 18 37 45
 14 18 37 43
 14 18 37 43 58
 14 18 37 43 56 57
 14 18 31 70
 14 18 31 68 69
 14 18 31 64 70
 14 18 31 64 68 69
 14 18 31 62 63 70
 14 18 31 62 63 68 69
 14 18 31 43
 14 18 31 43 64
 14 18 31 43 62 63
 14 18 31 37 70
 14 18 31 37 68 69
 14 18 31 37 43
 14 18 28 64
 14 18 28 62 63
 14 18 28 37
 14 18 26 27 64
 14 18 26 27 62 63
 14 18 26 27 37
 14 15 28 51 58 72
 14 15 28 51 58 70 71
 14 15 28 51 58 62 72
 14 15 28 51 58 62 70 71
 14 15 28 51 56 58 72
 14 15 28 51 56 58 70 71
 14 15 28 51 56 57 58 62 72
 14 15 28 51 56 57 58 62 70 71
 14 15 28 49 50 58 72
 14 15 28 49 50 58 70 71
 14 15 28 49 50 58 62 72
 14 15 28 49 50 58 62 70 71
 14 15 28 49 50 56 58 72
 14 15 28 49 50 56 58 70 71
 14 15 28 49 50 56 57 58 62 72
 14 15 28 49 50 56 57 58 62 70 71
 14 15 28 45 51 58
 14 15 28 45 51 58 62
 14 15 28 45 51 56 58
 14 15 28 45 51 56 57 58 62
 14 15 28 45 49 50 58
 14 15 28 45 49 50 58 62
 14 15 28 45 49 50 56 58
 14 15 28 45 49 50 56 57 58 62
 14 15 28 31 51 58 72
 14 15 28 31 51 58 70 71
 14 15 28 31 51 58 62 72
 14 15 28 31 51 58 62 70 71
 14 15 28 31 51 56 58 72
 14 15 28 31 51 56 58 70 71
 14 15 28 31 49 50 58 72
 14 15 28 31 49 50 58 70 71
 14 15 28 31 49 50 58 62 72
 14 15 28 31 49 50 58 62 70 71
 14 15 28 31 49 50 56 58 72
 14 15 28 31 49 50 56 58 70 71
 14 15 28 31 45 51 58
 14 15 28 31 45 51 58 62
 14 15 28 31 45 51 56 58
 14 15 28 31 45 49 50 58
 14 15 28 31 45 49 50 58 62
 14 15 28 31 45 49 50 56 58
 14 15 26 27 51 58 72
 14 15 26 27 51 58 70 71
 14 15 26 27 51 58 62 72
 14 15 26 27 51 58 62 70 71
 14 15 26 27 51 56 58 72
 14 15 26 27 51 56 58 70 71
 14 15 26 27 51 56 57 58 62 72
 14 15 26 27 51 56 57 58 62 70 71
 14 15 26 27 49 50 58 72
 14 15 26 27 49 50 58 70 71
 14 15 26 27 49 50 58 62 72
 14 15 26 27 49 50 58 62 70 71
 14 15 26 27 49 50 56 58 72
 14 15 26 27 49 50 56 58 70 71
 14 15 26 27 49 50 56 57 58 62 72
 14 15 26 27 49 50 56 57 58 62 70 71
 14 15 26 27 45 51 58
 14 15 26 27 45 51 58 62
 14 15 26 27 45 51 56 58
 14 15 26 27 45 51 56 57 58 62
 14 15 26 27 45 49 50 58
 14 15 26 27 45 49 50 58 62
 14 15 26 27 45 49 50 56 58
 14 15 26 27 45 49 50 56 57 58 62
 14 15 26 27 31 51 58 72
 14 15 26 27 31 51 58 70 71
 14 15 26 27 31 51 58 62 72
 14 15 26 27 31 51 58 62 70 71
 14 15 26 27 31 51 56 58 72
 14 15 26 27 31 51 56 58 70 71
 14 15 26 27 31 49 50 58 72
 14 15 26 27 31 49 50 58 70 71
 14 15 26 27 31 49 50 58 62 72
 14 15 26 27 31 49 50 58 62 70 71
 14 15 26 27 31 49 50 56 58 72
 14 15 26 27 31 49 50 56 58 70 71
 14 15 26 27 31 45 51 58
 14 15 26 27 31 45 51 58 62
 14 15 26 27 31 45 51 56 58
 14 15 26 27 31 45 49 50 58
 14 15 26 27 31 45 49 50 58 62
 14 15 26 27 31 45 49 50 56 58
 14 15 24 28 58 72
 14 15 24 28 58 70 71
 14 15 24 28 58 62 72
 14 15 24 28 58 62 70 71
 14 15 24 28 56 58 72
 14 15 24 28 56 58 70 71
 14 15 24 28 56 57 58 62 72
 14 15 24 28 56 57 58 62 70 71
 14 15 24 28 45 58
 14 15 24 28 45 58 62
 14 15 24 28 45 56 58
 14 15 24 28 45 56 57 58 62
 14 15 24 28 31 58 72
 14 15 24 28 31 58 70 71
 14 15 24 28 31 58 62 72
 14 15 24 28 31 58 62 70 71
 14 15 24 28 31 56 58 72
 14 15 24 28 31 56 58 70 71
 14 15 24 28 31 45 58
 14 15 24 28 31 45 58 62
 14 15 24 28 31 45 56 58
 14 15 24 26 27 58 72
 14 15 24 26 27 58 70 71
 14 15 24 26 27 58 62 72
 14 15 24 26 27 58 62 70 71
 14 15 24 26 27 56 58 72
 14 15 24 26 27 56 58 70 71
 14 15 24 26 27 56 57 58 62 72
 14 15 24 26 27 56 57 58 62 70 71
 14 15 24 26 27 45 58
 14 15 24 26 27 45 58 62
 14 15 24 26 27 45 56 58
 14 15 24 26 27 45 56 57 58 62
 14 15 24 26 27 31 58 72
 14 15 24 26 27 31 58 70 71
 14 15 24 26 27 31 58 62 72
 14 15 24 26 27 31 58 62 70 71
 14 15 24 26 27 31 56 58 72
 14 15 24 26 27 31 56 58 70 71
 14 15 24 26 27 31 45 58
 14 15 24 26 27 31 45 58 62
 14 15 24 26 27 31 45 56 58
 13 14 28 41 51 58 72
 13 14 28 41 51 58 70 71
 13 14 28 41 51 58 62 72
 13 14 28 41 51 58 62 70 71
 13 14 28 41 51 56 58 72
 13 14 28 41 51 56 58 70 71
 13 14 28 41 51 56 57 58 62 72
 13 14 28 41 51 56 57 58 62 70 71
 13 14 28 41 49 50 58 72
 13 14 28 41 49 50 58 70 71
 13 14 28 41 49 50 58 62 72
 13 14 28 41 49 50 58 62 70 71
 13 14 28 41 49 50 56 58 72
 13 14 28 41 49 50 56 58 70 71
 13 14 28 41 49 50 56 57 58 62 72
 13 14 28 41 49 50 56 57 58 62 70 71
 13 14 28 41 45 51 58
 13 14 28 41 45 51 58 62
 13 14 28 41 45 51 56 58
 13 14 28 41 45 51 56 57 58 62
 13 14 28 41 45 49 50 58
 13 14 28 41 45 49 50 58 62
 13 14 28 41 45 49 50 56 58
 13 14 28 41 45 49 50 56 57 58 62
 13 14 28 39 40 51 58 72
 13 14 28 39 40 51 58 70 71
 13 14 28 39 40 51 58 62 72
 13 14 28 39 40 51 58 62 70 71
 13 14 28 39 40 51 56 58 72
 13 14 28 39 40 51 56 58 70 71
 13 14 28 39 40 51 56 57 58 62 72
 13 14 28 39 40 51 56 57 58 62 70 71
 13 14 28 39 40 49 50 58 72
 13 14 28 39 40 49 50 58 70 71
 13 14 28 39 40 49 50 58 62 72
 13 14 28 39 40 49 50 58 62 70 71
 13 14 28 39 40 49 50 56 58 72
 13 14 28 39 40 49 50 56 58 70 71
 13 14 28 39 40 49 50 56 57 58 62 72
 13 14 28 39 40 49 50 56 57 58 62 70 71
 13 14 28 39 40 45 51 58
 13 14 28 39 40 45 51 58 62
 13 14 28 39 40 45 51 56 58
 13 14 28 39 40 45 51 56 57 58 62
 13 14 28 39 40 45 49 50 58
 13 14 28 39 40 45 49 50 58 62
 13 14 28 39 40 45 49 50 56 58
 13 14 28 39 40 45 49 50 56 57 58 62
 13 14 28 31 41 51 58 72
 13 14 28 31 41 51 58 70 71
 13 14 28 31 41 51 58 62 72
 13 14 28 31 41 51 58 62 70 71
 13 14 28 31 41 51 56 58 72
 13 14 28 31 41 51 56 58 70 71
 13 14 28 31 41 49 50 58 72
 13 14 28 31 41 49 50 58 70 71
 13 14 28 31 41 49 50 58 62 72
 13 14 28 31 41 49 50 58 62 70 71
 13 14 28 31 41 49 50 56 58 72
 13 14 28 31 41 49 50 56 58 70 71
 13 14 28 31 41 45 51 58
 13 14 28 31 41 45 51 58 62
 13 14 28 31 41 45 51 56 58
 13 14 28 31 41 45 49 50 58
 13 14 28 31 41 45 49 50 58 62
 13 14 28 31 41 45 49 50 56 58
 13 14 28 31 39 40 51 58 72
 13 14 28 31 39 40 51 58 70 71
 13 14 28 31 39 40 51 58 62 72
 13 14 28 31 39 40 51 58 62 70 71
 13 14 28 31 39 40 51 56 58 72
 13 14 28 31 39 40 51 56 58 70 71
 13 14 28 31 39 40 49 50 58 72
 13 14 28 31 39 40 49 50 58 70 71
 13 14 28 31 39 40 49 50 58 62 72
 13 14 28 31 39 40 49 50 58 62 70 71
 13 14 28 31 39 40 49 50 56 58 72
 13 14 28 31 39 40 49 50 56 58 70 71
 13 14 28 31 39 40 45 51 58
 13 14 28 31 39 40 45 51 58 62
 13 14 28 31 39 40 45 51 56 58
 13 14 28 31 39 40 45 49 50 58
 13 14 28 31 39 40 45 49 50 58 62
 13 14 28 31 39 40 45 49 50 56 58
 13 14 26 27 41 51 58 72
 13 14 26 27 41 51 58 70 71
 13 14 26 27 41 51 58 62 72
 13 14 26 27 41 51 58 62 70 71
 13 14 26 27 41 51 56 58 72
 13 14 26 27 41 51 56 58 70 71
 13 14 26 27 41 51 56 57 58 62 72
 13 14 26 27 41 51 56 57 58 62 70 71
 13 14 26 27 41 49 50 58 72
 13 14 26 27 41 49 50 58 70 71
 13 14 26 27 41 49 50 58 62 72
 13 14 26 27 41 49 50 58 62 70 71
 13 14 26 27 41 49 50 56 58 72
 13 14 26 27 41 49 50 56 58 70 71
 13 14 26 27 41 49 50 56 57 58 62 72
 13 14 26 27 41 49 50 56 57 58 62 70 71
 13 14 26 27 41 45 51 58
 13 14 26 27 41 45 51 58 62
 13 14 26 27 41 45 51 56 58
 13 14 26 27 41 45 51 56 57 58 62
 13 14 26 27 41 45 49 50 58
 13 14 26 27 41 45 49 50 58 62
 13 14 26 27 41 45 49 50 56 58
 13 14 26 27 41 45 49 50 56 57 58 62
 13 14 26 27 39 40 51 58 72
 13 14 26 27 39 40 51 58 70 71
 13 14 26 27 39 40 51 58 62 72
 13 14 26 27 39 40 51 58 62 70 71
 13 14 26 27 39 40 51 56 58 72
 13 14 26 27 39 40 51 56 58 70 71
 13 14 26 27 39 40 51 56 57 58 62 72
 13 14 26 27 39 40 51 56 57 58 62 70 71
 13 14 26 27 39 40 49 50 58 72
 13 14 26 27 39 40 49 50 58 70 71
 13 14 26 27 39 40 49 50 58 62 72
 13 14 26 27 39 40 49 50 58 62 70 71
 13 14 26 27 39 40 49 50 56 58 72
 13 14 26 27 39 40 49 50 56 58 70 71
 13 14 26 27 39 40 49 50 56 57 58 62 72
 13 14 26 27 39 40 49 50 56 57 58 62 70 71
 13 14 26 27 39 40 45 51 58
 13 14 26 27 39 40 45 51 58 62
 13 14 26 27 39 40 45 51 56 58
 13 14 26 27 39 40 45 51 56 57 58 62
 13 14 26 27 39 40 45 49 50 58
 13 14 26 27 39 40 45 49 50 58 62
 13 14 26 27 39 40 45 49 50 56 58
 13 14 26 27 39 40 45 49 50 56 57 58 62
 13 14 26 27 31 41 51 58 72
 13 14 26 27 31 41 51 58 70 71
 13 14 26 27 31 41 51 58 62 72
 13 14 26 27 31 41 51 58 62 70 71
 13 14 26 27 31 41 51 56 58 72
 13 14 26 27 31 41 51 56 58 70 71
 13 14 26 27 31 41 49 50 58 72
 13 14 26 27 31 41 49 50 58 70 71
 13 14 26 27 31 41 49 50 58 62 72
 13 14 26 27 31 41 49 50 58 62 70 71
 13 14 26 27 31 41 49 50 56 58 72
 13 14 26 27 31 41 49 50 56 58 70 71
 13 14 26 27 31 41 45 51 58
 13 14 26 27 31 41 45 51 58 62
 13 14 26 27 31 41 45 51 56 58
 13 14 26 27 31 41 45 49 50 58
 13 14 26 27 31 41 45 49 50 58 62
 13 14 26 27 31 41 45 49 50 56 58
 13 14 26 27 31 39 40 51 58 72
 13 14 26 27 31 39 40 51 58 70 71
 13 14 26 27 31 39 40 51 58 62 72
 13 14 26 27 31 39 40 51 58 62 70 71
 13 14 26 27 31 39 40 51 56 58 72
 13 14 26 27 31 39 40 51 56 58 70 71
 13 14 26 27 31 39 40 49 50 58 72
 13 14 26 27 31 39 40 49 50 58 70 71
 13 14 26 27 31 39 40 49 50 58 62 72
 13 14 26 27 31 39 40 49 50 58 62 70 71
 13 14 26 27 31 39 40 49 50 56 58 72
 13 14 26 27 31 39 40 49 50 56 58 70 71
 13 14 26 27 31 39 40 45 51 58
 13 14 26 27 31 39 40 45 51 58 62
 13 14 26 27 31 39 40 45 51 56 58
 13 14 26 27 31 39 40 45 49 50 58
 13 14 26 27 31 39 40 45 49 50 58 62
 13 14 26 27 31 39 40 45 49 50 56 58
 13 14 24 28 41 58 72
 13 14 24 28 41 58 70 71
 13 14 24 28 41 58 62 72
 13 14 24 28 41 58 62 70 71
 13 14 24 28 41 56 58 72
 13 14 24 28 41 56 58 70 71
 13 14 24 28 41 56 57 58 62 72
 13 14 24 28 41 56 57 58 62 70 71
 13 14 24 28 41 45 58
 13 14 24 28 41 45 58 62
 13 14 24 28 41 45 56 58
 13 14 24 28 41 45 56 57 58 62
 13 14 24 28 39 40 58 72
 13 14 24 28 39 40 58 70 71
 13 14 24 28 39 40 58 62 72
 13 14 24 28 39 40 58 62 70 71
 13 14 24 28 39 40 56 58 72
 13 14 24 28 39 40 56 58 70 71
 13 14 24 28 39 40 56 57 58 62 72
 13 14 24 28 39 40 56 57 58 62 70 71
 13 14 24 28 39 40 45 58
 13 14 24 28 39 40 45 58 62
 13 14 24 28 39 40 45 56 58
 13 14 24 28 39 40 45 56 57 58 62
 13 14 24 28 31 41 58 72
 13 14 24 28 31 41 58 70 71
 13 14 24 28 31 41 58 62 72
 13 14 24 28 31 41 58 62 70 71
 13 14 24 28 31 41 56 58 72
 13 14 24 28 31 41 56 58 70 71
 13 14 24 28 31 41 45 58
 13 14 24 28 31 41 45 58 62
 13 14 24 28 31 41 45 56 58
 13 14 24 28 31 39 40 58 72
 13 14 24 28 31 39 40 58 70 71
 13 14 24 28 31 39 40 58 62 72
 13 14 24 28 31 39 40 58 62 70 71
 13 14 24 28 31 39 40 56 58 72
 13 14 24 28 31 39 40 56 58 70 71
 13 14 24 28 31 39 40 45 58
 13 14 24 28 31 39 40 45 58 62
 13 14 24 28 31 39 40 45 56 58
 13 14 24 26 27 41 58 72
 13 14 24 26 27 41 58 70 71
 13 14 24 26 27 41 58 62 72
 13 14 24 26 27 41 58 62 70 71
 13 14 24 26 27 41 56 58 72
 13 14 24 26 27 41 56 58 70 71
 13 14 24 26 27 41 56 57 58 62 72
 13 14 24 26 27 41 56 57 58 62 70 71
 13 14 24 26 27 41 45 58
 13 14 24 26 27 41 45 58 62
 13 14 24 26 27 41 45 56 58
 13 14 24 26 27 41 45 56 57 58 62
 13 14 24 26 27 39 40 58 72
 13 14 24 26 27 39 40 58 70 71
 13 14 24 26 27 39 40 58 62 72
 13 14 24 26 27 39 40 58 62 70 71
 13 14 24 26 27 39 40 56 58 72
 13 14 24 26 27 39 40 56 58 70 71
 13 14 24 26 27 39 40 56 57 58 62 72
 13 14 24 26 27 39 40 56 57 58 62 70 71
 13 14 24 26 27 39 40 45 58
 13 14 24 26 27 39 40 45 58 62
 13 14 24 26 27 39 40 45 56 58
 13 14 24 26 27 39 40 45 56 57 58 62
 13 14 24 26 27 31 41 58 72
 13 14 24 26 27 31 41 58 70 71
 13 14 24 26 27 31 41 58 62 72
 13 14 24 26 27 31 41 58 62 70 71
 13 14 24 26 27 31 41 56 58 72
 13 14 24 26 27 31 41 56 58 70 71
 13 14 24 26 27 31 41 45 58
 13 14 24 26 27 31 41 45 58 62
 13 14 24 26 27 31 41 45 56 58
 13 14 24 26 27 31 39 40 58 72
 13 14 24 26 27 31 39 40 58 70 71
 13 14 24 26 27 31 39 40 58 62 72
 13 14 24 26 27 31 39 40 58 62 70 71
 13 14 24 26 27 31 39 40 56 58 72
 13 14 24 26 27 31 39 40 56 58 70 71
 13 14 24 26 27 31 39 40 45 58
 13 14 24 26 27 31 39 40 45 58 62
 13 14 24 26 27 31 39 40 45 56 58
 1 58 66
 1 58 64 65
 1 56 66
 1 56 64 65
 1 51 57 58 72
 1 51 57 58 70 71
 1 51 57 58 62 72
 1 51 57 58 62 70 71
 1 51 56 57 58 72
 1 51 56 57 58 70 71
 1 51 56 57 58 62 72
 1 51 56 57 58 62 70 71
 1 49 50 57 58 72
 1 49 50 57 58 70 71
 1 49 50 57 58 62 72
 1 49 50 57 58 62 70 71
 1 49 50 56 57 58 72
 1 49 50 56 57 58 70 71
 1 49 50 56 57 58 62 72
 1 49 50 56 57 58 62 70 71
 1 45 66
 1 45 64 65
 1 45 51 57 58
 1 45 51 57 58 62
 1 45 51 56 57 58
 1 45 51 56 57 58 62
 1 45 49 50 57 58
 1 45 49 50 57 58 62
 1 45 49 50 56 57 58
 1 45 49 50 56 57 58 62
 1 43 44 66
 1 43 44 64 65
 1 41 58 64
 1 41 58 62 63
 1 41 56 64
 1 41 56 62 63
 1 41 51 57 58 72
 1 41 51 57 58 70 71
 1 41 51 57 58 62 72
 1 41 51 57 58 62 70 71
 1 41 51 56 57 58 72
 1 41 51 56 57 58 70 71
 1 41 51 56 57 58 62 72
 1 41 51 56 57 58 62 70 71
 1 41 49 50 57 58 72
 1 41 49 50 57 58 70 71
 1 41 49 50 57 58 62 72
 1 41 49 50 57 58 62 70 71
 1 41 49 50 56 57 58 72
 1 41 49 50 56 57 58 70 71
 1 41 49 50 56 57 58 62 72
 1 41 49 50 56 57 58 62 70 71
 1 41 45 64
 1 41 45 62 63
 1 41 45 51 57 58
 1 41 45 51 57 58 62
 1 41 45 51 56 57 58
 1 41 45 51 56 57 58 62
 1 41 45 49 50 57 58
 1 41 45 49 50 57 58 62
 1 41 45 49 50 56 57 58
 1 41 45 49 50 56 57 58 62
 1 41 43 44 64
 1 41 43 44 62 63
 1 39 58
 1 39 56
 1 39 45
 1 39 43 44
 1 39 40 58 64
 1 39 40 58 62 63
 1 39 40 56 64
 1 39 40 56 62 63
 1 39 40 51 57 58 72
 1 39 40 51 57 58 70 71
 1 39 40 51 57 58 62 72
 1 39 40 51 57 58 62 70 71
 1 39 40 51 56 57 58 72
 1 39 40 51 56 57 58 70 71
 1 39 40 51 56 57 58 62 72
 1 39 40 51 56 57 58 62 70 71
 1 39 40 49 50 57 58 72
 1 39 40 49 50 57 58 70 71
 1 39 40 49 50 57 58 62 72
 1 39 40 49 50 57 58 62 70 71
 1 39 40 49 50 56 57 58 72
 1 39 40 49 50 56 57 58 70 71
 1 39 40 49 50 56 57 58 62 72
 1 39 40 49 50 56 57 58 62 70 71
 1 39 40 45 64
 1 39 40 45 62 63
 1 39 40 45 51 57 58
 1 39 40 45 51 57 58 62
 1 39 40 45 51 56 57 58
 1 39 40 45 51 56 57 58 62
 1 39 40 45 49 50 57 58
 1 39 40 45 49 50 57 58 62
 1 39 40 45 49 50 56 57 58
 1 39 40 45 49 50 56 57 58 62
 1 39 40 43 44 64
 1 39 40 43 44 62 63
 1 37 41 58
 1 37 41 56
 1 37 41 45
 1 37 41 43 44
 1 37 39 40 58
 1 37 39 40 56
 1 37 39 40 45
 1 37 39 40 43 44
 1 31 51 57 58 72
 1 31 51 57 58 70 71
 1 31 51 57 58 62 72
 1 31 51 57 58 62 70 71
 1 31 51 56 57 58 72
 1 31 51 56 57 58 70 71
 1 31 49 50 57 58 72
 1 31 49 50 57 58 70 71
 1 31 49 50 57 58 62 72
 1 31 49 50 57 58 62 70 71
 1 31 49 50 56 57 58 72
 1 31 49 50 56 57 58 70 71
 1 31 45 51 57 58
 1 31 45 51 57 58 62
 1 31 45 51 56 57 58
 1 31 45 49 50 57 58
 1 31 45 49 50 57 58 62
 1 31 45 49 50 56 57 58
 1 31 41 51 57 58 72
 1 31 41 51 57 58 70 71
 1 31 41 51 57 58 62 72
 1 31 41 51 57 58 62 70 71
 1 31 41 51 56 57 58 72
 1 31 41 51 56 57 58 70 71
 1 31 41 49 50 57 58 72
 1 31 41 49 50 57 58 70 71
 1 31 41 49 50 57 58 62 72
 1 31 41 49 50 57 58 62 70 71
 1 31 41 49 50 56 57 58 72
 1 31 41 49 50 56 57 58 70 71
 1 31 41 45 51 57 58
 1 31 41 45 51 57 58 62
 1 31 41 45 51 56 57 58
 1 31 41 45 49 50 57 58
 1 31 41 45 49 50 57 58 62
 1 31 41 45 49 50 56 57 58
 1 31 39 40 51 57 58 72
 1 31 39 40 51 57 58 70 71
 1 31 39 40 51 57 58 62 72
 1 31 39 40 51 57 58 62 70 71
 1 31 39 40 51 56 57 58 72
 1 31 39 40 51 56 57 58 70 71
 1 31 39 40 49 50 57 58 72
 1 31 39 40 49 50 57 58 70 71
 1 31 39 40 49 50 57 58 62 72
 1 31 39 40 49 50 57 58 62 70 71
 1 31 39 40 49 50 56 57 58 72
 1 31 39 40 49 50 56 57 58 70 71
 1 31 39 40 45 51 57 58
 1 31 39 40 45 51 57 58 62
 1 31 39 40 45 51 56 57 58
 1 31 39 40 45 49 50 57 58
 1 31 39 40 45 49 50 57 58 62
 1 31 39 40 45 49 50 56 57 58
 1 24 57 58 72
 1 24 57 58 70 71
 1 24 57 58 62 72
 1 24 57 58 62 70 71
 1 24 56 57 58 72
 1 24 56 57 58 70 71
 1 24 56 57 58 62 72
 1 24 56 57 58 62 70 71
 1 24 45 57 58
 1 24 45 57 58 62
 1 24 45 56 57 58
 1 24 45 56 57 58 62
 1 24 41 57 58 72
 1 24 41 57 58 70 71
 1 24 41 57 58 62 72
 1 24 41 57 58 62 70 71
 1 24 41 56 57 58 72
 1 24 41 56 57 58 70 71
 1 24 41 56 57 58 62 72
 1 24 41 56 57 58 62 70 71
 1 24 41 45 57 58
 1 24 41 45 57 58 62
 1 24 41 45 56 57 58
 1 24 41 45 56 57 58 62
 1 24 39 40 57 58 72
 1 24 39 40 57 58 70 71
 1 24 39 40 57 58 62 72
 1 24 39 40 57 58 62 70 71
 1 24 39 40 56 57 58 72
 1 24 39 40 56 57 58 70 71
 1 24 39 40 56 57 58 62 72
 1 24 39 40 56 57 58 62 70 71
 1 24 39 40 45 57 58
 1 24 39 40 45 57 58 62
 1 24 39 40 45 56 57 58
 1 24 39 40 45 56 57 58 62
 1 24 31 57 58 72
 1 24 31 57 58 70 71
 1 24 31 57 58 62 72
 1 24 31 57 58 62 70 71
 1 24 31 56 57 58 72
 1 24 31 56 57 58 70 71
 1 24 31 45 57 58
 1 24 31 45 57 58 62
 1 24 31 45 56 57 58
 1 24 31 41 57 58 72
 1 24 31 41 57 58 70 71
 1 24 31 41 57 58 62 72
 1 24 31 41 57 58 62 70 71
 1 24 31 41 56 57 58 72
 1 24 31 41 56 57 58 70 71
 1 24 31 41 45 57 58
 1 24 31 41 45 57 58 62
 1 24 31 41 45 56 57 58
 1 24 31 39 40 57 58 72
 1 24 31 39 40 57 58 70 71
 1 24 31 39 40 57 58 62 72
 1 24 31 39 40 57 58 62 70 71
 1 24 31 39 40 56 57 58 72
 1 24 31 39 40 56 57 58 70 71
 1 24 31 39 40 45 57 58
 1 24 31 39 40 45 57 58 62
 1 24 31 39 40 45 56 57 58
 1 18 66
 1 18 64 65
 1 18 41 64
 1 18 41 62 63
 1 18 39
 1 18 39 40 64
 1 18 39 40 62 63
 1 18 37 41
 1 18 37 39 40
 1 15 51 58 72
 1 15 51 58 70 71
 1 15 51 58 62 72
 1 15 51 58 62 70 71
 1 15 51 56 58 72
 1 15 51 56 58 70 71
 1 15 51 56 57 58 62 72
 1 15 51 56 57 58 62 70 71
 1 15 49 50 58 72
 1 15 49 50 58 70 71
 1 15 49 50 58 62 72
 1 15 49 50 58 62 70 71
 1 15 49 50 56 58 72
 1 15 49 50 56 58 70 71
 1 15 49 50 56 57 58 62 72
 1 15 49 50 56 57 58 62 70 71
 1 15 45 51 58
 1 15 45 51 58 62
 1 15 45 51 56 58
 1 15 45 51 56 57 58 62
 1 15 45 49 50 58
 1 15 45 49 50 58 62
 1 15 45 49 50 56 58
 1 15 45 49 50 56 57 58 62
 1 15 41 51 58 72
 1 15 41 51 58 70 71
 1 15 41 51 58 62 72
 1 15 41 51 58 62 70 71
 1 15 41 51 56 58 72
 1 15 41 51 56 58 70 71
 1 15 41 51 56 57 58 62 72
 1 15 41 51 56 57 58 62 70 71
 1 15 41 49 50 58 72
 1 15 41 49 50 58 70 71
 1 15 41 49 50 58 62 72
 1 15 41 49 50 58 62 70 71
 1 15 41 49 50 56 58 72
 1 15 41 49 50 56 58 70 71
 1 15 41 49 50 56 57 58 62 72
 1 15 41 49 50 56 57 58 62 70 71
 1 15 41 45 51 58
 1 15 41 45 51 58 62
 1 15 41 45 51 56 58
 1 15 41 45 51 56 57 58 62
 1 15 41 45 49 50 58
 1 15 41 45 49 50 58 62
 1 15 41 45 49 50 56 58
 1 15 41 45 49 50 56 57 58 62
 1 15 39 40 51 58 72
 1 15 39 40 51 58 70 71
 1 15 39 40 51 58 62 72
 1 15 39 40 51 58 62 70 71
 1 15 39 40 51 56 58 72
 1 15 39 40 51 56 58 70 71
 1 15 39 40 51 56 57 58 62 72
 1 15 39 40 51 56 57 58 62 70 71
 1 15 39 40 49 50 58 72
 1 15 39 40 49 50 58 70 71
 1 15 39 40 49 50 58 62 72
 1 15 39 40 49 50 58 62 70 71
 1 15 39 40 49 50 56 58 72
 1 15 39 40 49 50 56 58 70 71
 1 15 39 40 49 50 56 57 58 62 72
 1 15 39 40 49 50 56 57 58 62 70 71
 1 15 39 40 45 51 58
 1 15 39 40 45 51 58 62
 1 15 39 40 45 51 56 58
 1 15 39 40 45 51 56 57 58 62
 1 15 39 40 45 49 50 58
 1 15 39 40 45 49 50 58 62
 1 15 39 40 45 49 50 56 58
 1 15 39 40 45 49 50 56 57 58 62
 1 15 31 51 58 72
 1 15 31 51 58 70 71
 1 15 31 51 58 62 72
 1 15 31 51 58 62 70 71
 1 15 31 51 56 58 72
 1 15 31 51 56 58 70 71
 1 15 31 49 50 58 72
 1 15 31 49 50 58 70 71
 1 15 31 49 50 58 62 72
 1 15 31 49 50 58 62 70 71
 1 15 31 49 50 56 58 72
 1 15 31 49 50 56 58 70 71
 1 15 31 45 51 58
 1 15 31 45 51 58 62
 1 15 31 45 51 56 58
 1 15 31 45 49 50 58
 1 15 31 45 49 50 58 62
 1 15 31 45 49 50 56 58
 1 15 31 41 51 58 72
 1 15 31 41 51 58 70 71
 1 15 31 41 51 58 62 72
 1 15 31 41 51 58 62 70 71
 1 15 31 41 51 56 58 72
 1 15 31 41 51 56 58 70 71
 1 15 31 41 49 50 58 72
 1 15 31 41 49 50 58 70 71
 1 15 31 41 49 50 58 62 72
 1 15 31 41 49 50 58 62 70 71
 1 15 31 41 49 50 56 58 72
 1 15 31 41 49 50 56 58 70 71
 1 15 31 41 45 51 58
 1 15 31 41 45 51 58 62
 1 15 31 41 45 51 56 58
 1 15 31 41 45 49 50 58
 1 15 31 41 45 49 50 58 62
 1 15 31 41 45 49 50 56 58
 1 15 31 39 40 51 58 72
 1 15 31 39 40 51 58 70 71
 1 15 31 39 40 51 58 62 72
 1 15 31 39 40 51 58 62 70 71
 1 15 31 39 40 51 56 58 72
 1 15 31 39 40 51 56 58 70 71
 1 15 31 39 40 49 50 58 72
 1 15 31 39 40 49 50 58 70 71
 1 15 31 39 40 49 50 58 62 72
 1 15 31 39 40 49 50 58 62 70 71
 1 15 31 39 40 49 50 56 58 72
 1 15 31 39 40 49 50 56 58 70 71
 1 15 31 39 40 45 51 58
 1 15 31 39 40 45 51 58 62
 1 15 31 39 40 45 51 56 58
 1 15 31 39 40 45 49 50 58
 1 15 31 39 40 45 49 50 58 62
 1 15 31 39 40 45 49 50 56 58
 1 15 24 58 72
 1 15 24 58 70 71
 1 15 24 58 62 72
 1 15 24 58 62 70 71
 1 15 24 56 58 72
 1 15 24 56 58 70 71
 1 15 24 56 57 58 62 72
 1 15 24 56 57 58 62 70 71
 1 15 24 45 58
 1 15 24 45 58 62
 1 15 24 45 56 58
 1 15 24 45 56 57 58 62
 1 15 24 41 58 72
 1 15 24 41 58 70 71
 1 15 24 41 58 62 72
 1 15 24 41 58 62 70 71
 1 15 24 41 56 58 72
 1 15 24 41 56 58 70 71
 1 15 24 41 56 57 58 62 72
 1 15 24 41 56 57 58 62 70 71
 1 15 24 41 45 58
 1 15 24 41 45 58 62
 1 15 24 41 45 56 58
 1 15 24 41 45 56 57 58 62
 1 15 24 39 40 58 72
 1 15 24 39 40 58 70 71
 1 15 24 39 40 58 62 72
 1 15 24 39 40 58 62 70 71
 1 15 24 39 40 56 58 72
 1 15 24 39 40 56 58 70 71
 1 15 24 39 40 56 57 58 62 72
 1 15 24 39 40 56 57 58 62 70 71
 1 15 24 39 40 45 58
 1 15 24 39 40 45 58 62
 1 15 24 39 40 45 56 58
 1 15 24 39 40 45 56 57 58 62
 1 15 24 31 58 72
 1 15 24 31 58 70 71
 1 15 24 31 58 62 72
 1 15 24 31 58 62 70 71
 1 15 24 31 56 58 72
 1 15 24 31 56 58 70 71
 1 15 24 31 45 58
 1 15 24 31 45 58 62
 1 15 24 31 45 56 58
 1 15 24 31 41 58 72
 1 15 24 31 41 58 70 71
 1 15 24 31 41 58 62 72
 1 15 24 31 41 58 62 70 71
 1 15 24 31 41 56 58 72
 1 15 24 31 41 56 58 70 71
 1 15 24 31 41 45 58
 1 15 24 31 41 45 58 62
 1 15 24 31 41 45 56 58
 1 15 24 31 39 40 58 72
 1 15 24 31 39 40 58 70 71
 1 15 24 31 39 40 58 62 72
 1 15 24 31 39 40 58 62 70 71
 1 15 24 31 39 40 56 58 72
 1 15 24 31 39 40 56 58 70 71
 1 15 24 31 39 40 45 58
 1 15 24 31 39 40 45 58 62
 1 15 24 31 39 40 45 56 58
 1 14 58 64
 1 14 58 62 63
 1 14 56 64
 1 14 56 62 63
 1 14 51 57 58 72
 1 14 51 57 58 70 71
 1 14 51 57 58 62 72
 1 14 51 57 58 62 70 71
 1 14 51 56 57 58 72
 1 14 51 56 57 58 70 71
 1 14 51 56 57 58 62 72
 1 14 51 56 57 58 62 70 71
 1 14 49 50 57 58 72
 1 14 49 50 57 58 70 71
 1 14 49 50 57 58 62 72
 1 14 49 50 57 58 62 70 71
 1 14 49 50 56 57 58 72
 1 14 49 50 56 57 58 70 71
 1 14 49 50 56 57 58 62 72
 1 14 49 50 56 57 58 62 70 71
 1 14 45 64
 1 14 45 62 63
 1 14 45 51 57 58
 1 14 45 51 57 58 62
 1 14 45 51 56 57 58
 1 14 45 51 56 57 58 62
 1 14 45 49 50 57 58
 1 14 45 49 50 57 58 62
 1 14 45 49 50 56 57 58
 1 14 45 49 50 56 57 58 62
 1 14 43 44 64
 1 14 43 44 62 63
 1 14 37 58
 1 14 37 56
 1 14 37 45
 1 14 37 43 44
 1 14 31 51 57 58 72
 1 14 31 51 57 58 70 71
 1 14 31 51 57 58 62 72
 1 14 31 51 57 58 62 70 71
 1 14 31 51 56 57 58 72
 1 14 31 51 56 57 58 70 71
 1 14 31 49 50 57 58 72
 1 14 31 49 50 57 58 70 71
 1 14 31 49 50 57 58 62 72
 1 14 31 49 50 57 58 62 70 71
 1 14 31 49 50 56 57 58 72
 1 14 31 49 50 56 57 58 70 71
 1 14 31 45 51 57 58
 1 14 31 45 51 57 58 62
 1 14 31 45 51 56 57 58
 1 14 31 45 49 50 57 58
 1 14 31 45 49 50 57 58 62
 1 14 31 45 49 50 56 57 58
 1 14 24 57 58 72
 1 14 24 57 58 70 71
 1 14 24 57 58 62 72
 1 14 24 57 58 62 70 71
 1 14 24 56 57 58 72
 1 14 24 56 57 58 70 71
 1 14 24 56 57 58 62 72
 1 14 24 56 57 58 62 70 71
 1 14 24 45 57 58
 1 14 24 45 57 58 62
 1 14 24 45 56 57 58
 1 14 24 45 56 57 58 62
 1 14 24 31 57 58 72
 1 14 24 31 57 58 70 71
 1 14 24 31 57 58 62 72
 1 14 24 31 57 58 62 70 71
 1 14 24 31 56 57 58 72
 1 14 24 31 56 57 58 70 71
 1 14 24 31 45 57 58
 1 14 24 31 45 57 58 62
 1 14 24 31 45 56 57 58
 1 14 18 64
 1 14 18 62 63
 1 14 18 37
 1 14 15 51 58 72
 1 14 15 51 58 70 71
 1 14 15 51 58 62 72
 1 14 15 51 58 62 70 71
 1 14 15 51 56 58 72
 1 14 15 51 56 58 70 71
 1 14 15 51 56 57 58 62 72
 1 14 15 51 56 57 58 62 70 71
 1 14 15 49 50 58 72
 1 14 15 49 50 58 70 71
 1 14 15 49 50 58 62 72
 1 14 15 49 50 58 62 70 71
 1 14 15 49 50 56 58 72
 1 14 15 49 50 56 58 70 71
 1 14 15 49 50 56 57 58 62 72
 1 14 15 49 50 56 57 58 62 70 71
 1 14 15 45 51 58
 1 14 15 45 51 58 62
 1 14 15 45 51 56 58
 1 14 15 45 51 56 57 58 62
 1 14 15 45 49 50 58
 1 14 15 45 49 50 58 62
 1 14 15 45 49 50 56 58
 1 14 15 45 49 50 56 57 58 62
 1 14 15 31 51 58 72
 1 14 15 31 51 58 70 71
 1 14 15 31 51 58 62 72
 1 14 15 31 51 58 62 70 71
 1 14 15 31 51 56 58 72
 1 14 15 31 51 56 58 70 71
 1 14 15 31 49 50 58 72
 1 14 15 31 49 50 58 70 71
 1 14 15 31 49 50 58 62 72
 1 14 15 31 49 50 58 62 70 71
 1 14 15 31 49 50 56 58 72
 1 14 15 31 49 50 56 58 70 71
 1 14 15 31 45 51 58
 1 14 15 31 45 51 58 62
 1 14 15 31 45 51 56 58
 1 14 15 31 45 49 50 58
 1 14 15 31 45 49 50 58 62
 1 14 15 31 45 49 50 56 58
 1 14 15 24 58 72
 1 14 15 24 58 70 71
 1 14 15 24 58 62 72
 1 14 15 24 58 62 70 71
 1 14 15 24 56 58 72
 1 14 15 24 56 58 70 71
 1 14 15 24 56 57 58 62 72
 1 14 15 24 56 57 58 62 70 71
 1 14 15 24 45 58
 1 14 15 24 45 58 62
 1 14 15 24 45 56 58
 1 14 15 24 45 56 57 58 62
 1 14 15 24 31 58 72
 1 14 15 24 31 58 70 71
 1 14 15 24 31 58 62 72
 1 14 15 24 31 58 62 70 71
 1 14 15 24 31 56 58 72
 1 14 15 24 31 56 58 70 71
 1 14 15 24 31 45 58
 1 14 15 24 31 45 58 62
 1 14 15 24 31 45 56 58
 1 13 14 41 51 58 72
 1 13 14 41 51 58 70 71
 1 13 14 41 51 58 62 72
 1 13 14 41 51 58 62 70 71
 1 13 14 41 51 56 58 72
 1 13 14 41 51 56 58 70 71
 1 13 14 41 51 56 57 58 62 72
 1 13 14 41 51 56 57 58 62 70 71
 1 13 14 41 49 50 58 72
 1 13 14 41 49 50 58 70 71
 1 13 14 41 49 50 58 62 72
 1 13 14 41 49 50 58 62 70 71
 1 13 14 41 49 50 56 58 72
 1 13 14 41 49 50 56 58 70 71
 1 13 14 41 49 50 56 57 58 62 72
 1 13 14 41 49 50 56 57 58 62 70 71
 1 13 14 41 45 51 58
 1 13 14 41 45 51 58 62
 1 13 14 41 45 51 56 58
 1 13 14 41 45 51 56 57 58 62
 1 13 14 41 45 49 50 58
 1 13 14 41 45 49 50 58 62
 1 13 14 41 45 49 50 56 58
 1 13 14 41 45 49 50 56 57 58 62
 1 13 14 39 40 51 58 72
 1 13 14 39 40 51 58 70 71
 1 13 14 39 40 51 58 62 72
 1 13 14 39 40 51 58 62 70 71
 1 13 14 39 40 51 56 58 72
 1 13 14 39 40 51 56 58 70 71
 1 13 14 39 40 51 56 57 58 62 72
 1 13 14 39 40 51 56 57 58 62 70 71
 1 13 14 39 40 49 50 58 72
 1 13 14 39 40 49 50 58 70 71
 1 13 14 39 40 49 50 58 62 72
 1 13 14 39 40 49 50 58 62 70 71
 1 13 14 39 40 49 50 56 58 72
 1 13 14 39 40 49 50 56 58 70 71
 1 13 14 39 40 49 50 56 57 58 62 72
 1 13 14 39 40 49 50 56 57 58 62 70 71
 1 13 14 39 40 45 51 58
 1 13 14 39 40 45 51 58 62
 1 13 14 39 40 45 51 56 58
 1 13 14 39 40 45 51 56 57 58 62
 1 13 14 39 40 45 49 50 58
 1 13 14 39 40 45 49 50 58 62
 1 13 14 39 40 45 49 50 56 58
 1 13 14 39 40 45 49 50 56 57 58 62
 1 13 14 31 41 51 58 72
 1 13 14 31 41 51 58 70 71
 1 13 14 31 41 51 58 62 72
 1 13 14 31 41 51 58 62 70 71
 1 13 14 31 41 51 56 58 72
 1 13 14 31 41 51 56 58 70 71
 1 13 14 31 41 49 50 58 72
 1 13 14 31 41 49 50 58 70 71
 1 13 14 31 41 49 50 58 62 72
 1 13 14 31 41 49 50 58 62 70 71
 1 13 14 31 41 49 50 56 58 72
 1 13 14 31 41 49 50 56 58 70 71
 1 13 14 31 41 45 51 58
 1 13 14 31 41 45 51 58 62
 1 13 14 31 41 45 51 56 58
 1 13 14 31 41 45 49 50 58
 1 13 14 31 41 45 49 50 58 62
 1 13 14 31 41 45 49 50 56 58
 1 13 14 31 39 40 51 58 72
 1 13 14 31 39 40 51 58 70 71
 1 13 14 31 39 40 51 58 62 72
 1 13 14 31 39 40 51 58 62 70 71
 1 13 14 31 39 40 51 56 58 72
 1 13 14 31 39 40 51 56 58 70 71
 1 13 14 31 39 40 49 50 58 72
 1 13 14 31 39 40 49 50 58 70 71
 1 13 14 31 39 40 49 50 58 62 72
 1 13 14 31 39 40 49 50 58 62 70 71
 1 13 14 31 39 40 49 50 56 58 72
 1 13 14 31 39 40 49 50 56 58 70 71
 1 13 14 31 39 40 45 51 58
 1 13 14 31 39 40 45 51 58 62
 1 13 14 31 39 40 45 51 56 58
 1 13 14 31 39 40 45 49 50 58
 1 13 14 31 39 40 45 49 50 58 62
 1 13 14 31 39 40 45 49 50 56 58
 1 13 14 24 41 58 72
 1 13 14 24 41 58 70 71
 1 13 14 24 41 58 62 72
 1 13 14 24 41 58 62 70 71
 1 13 14 24 41 56 58 72
 1 13 14 24 41 56 58 70 71
 1 13 14 24 41 56 57 58 62 72
 1 13 14 24 41 56 57 58 62 70 71
 1 13 14 24 41 45 58
 1 13 14 24 41 45 58 62
 1 13 14 24 41 45 56 58
 1 13 14 24 41 45 56 57 58 62
 1 13 14 24 39 40 58 72
 1 13 14 24 39 40 58 70 71
 1 13 14 24 39 40 58 62 72
 1 13 14 24 39 40 58 62 70 71
 1 13 14 24 39 40 56 58 72
 1 13 14 24 39 40 56 58 70 71
 1 13 14 24 39 40 56 57 58 62 72
 1 13 14 24 39 40 56 57 58 62 70 71
 1 13 14 24 39 40 45 58
 1 13 14 24 39 40 45 58 62
 1 13 14 24 39 40 45 56 58
 1 13 14 24 39 40 45 56 57 58 62
 1 13 14 24 31 41 58 72
 1 13 14 24 31 41 58 70 71
 1 13 14 24 31 41 58 62 72
 1 13 14 24 31 41 58 62 70 71
 1 13 14 24 31 41 56 58 72
 1 13 14 24 31 41 56 58 70 71
 1 13 14 24 31 41 45 58
 1 13 14 24 31 41 45 58 62
 1 13 14 24 31 41 45 56 58
 1 13 14 24 31 39 40 58 72
 1 13 14 24 31 39 40 58 70 71
 1 13 14 24 31 39 40 58 62 72
 1 13 14 24 31 39 40 58 62 70 71
 1 13 14 24 31 39 40 56 58 72
 1 13 14 24 31 39 40 56 58 70 71
 1 13 14 24 31 39 40 45 58
 1 13 14 24 31 39 40 45 58 62
 1 13 14 24 31 39 40 45 56 58
