 41 45 58 68 78 79
 41 45 58 68 72 78 79
 41 45 58 68 70 71 78 79
 41 45 54 57 58 70 78
 41 45 54 57 58 70 76 77
 41 45 54 57 58 68 69 78
 41 45 54 57 58 68 69 76 77
 41 45 53 58 68
 41 45 53 58 68 72
 41 45 53 58 68 70 71
 41 45 52 53 57 58 70 78
 41 45 52 53 57 58 70 76 77
 41 45 52 53 57 58 68 69 78
 41 45 52 53 57 58 68 69 76 77
 41 45 51 54 57 58 70
 41 45 51 54 57 58 68 69
 41 45 51 52 53 57 58 70
 41 45 51 52 53 57 58 68 69
 41 43 45 54 57 58 78
 41 43 45 54 57 58 76 77
 41 43 45 52 53 57 58 78
 41 43 45 52 53 57 58 76 77
 41 43 45 51 54 57 58
 41 43 45 51 52 53 57 58
 41 43 44 58 68 72 78 79
 41 43 44 58 68 70 71 78 79
 41 43 44 54 57 58 78
 41 43 44 54 57 58 76 77
 41 43 44 54 57 58 70 78
 41 43 44 54 57 58 70 76 77
 41 43 44 54 57 58 68 69 78
 41 43 44 54 57 58 68 69 76 77
 41 43 44 53 58 68 72
 41 43 44 53 58 68 70 71
 41 43 44 52 53 57 58 78
 41 43 44 52 53 57 58 76 77
 41 43 44 52 53 57 58 70 78
 41 43 44 52 53 57 58 70 76 77
 41 43 44 52 53 57 58 68 69 78
 41 43 44 52 53 57 58 68 69 76 77
 41 43 44 51 54 57 58
 41 43 44 51 54 57 58 70
 41 43 44 51 54 57 58 68 69
 41 43 44 51 52 53 57 58
 41 43 44 51 52 53 57 58 70
 41 43 44 51 52 53 57 58 68 69
 41 43 44 45 58 68 78 79
 41 43 44 45 53 58 68
 39 41 45 57 58 70 78 79
 39 41 45 57 58 68 69 78 79
 39 41 45 53 57 58 70
 39 41 45 53 57 58 68 69
 39 41 43 45 57 58 78 79
 39 41 43 45 53 57 58
 39 41 43 44 57 58 78 79
 39 41 43 44 57 58 70 78 79
 39 41 43 44 57 58 68 69 78 79
 39 41 43 44 53 57 58
 39 41 43 44 53 57 58 70
 39 41 43 44 53 57 58 68 69
 39 40 45 58 68 78 79
 39 40 45 58 68 72 78 79
 39 40 45 58 68 70 71 78 79
 39 40 45 57 58 70 78 79
 39 40 45 57 58 68 69 78 79
 39 40 45 54 57 58 70 78
 39 40 45 54 57 58 70 76 77
 39 40 45 54 57 58 68 69 78
 39 40 45 54 57 58 68 69 76 77
 39 40 45 53 58 68
 39 40 45 53 58 68 72
 39 40 45 53 58 68 70 71
 39 40 45 53 57 58 70
 39 40 45 53 57 58 68 69
 39 40 45 52 53 57 58 70 78
 39 40 45 52 53 57 58 70 76 77
 39 40 45 52 53 57 58 68 69 78
 39 40 45 52 53 57 58 68 69 76 77
 39 40 45 51 54 57 58 70
 39 40 45 51 54 57 58 68 69
 39 40 45 51 52 53 57 58 70
 39 40 45 51 52 53 57 58 68 69
 39 40 43 45 57 58 78 79
 39 40 43 45 54 57 58 78
 39 40 43 45 54 57 58 76 77
 39 40 43 45 53 57 58
 39 40 43 45 52 53 57 58 78
 39 40 43 45 52 53 57 58 76 77
 39 40 43 45 51 54 57 58
 39 40 43 45 51 52 53 57 58
 39 40 43 44 58 68 72 78 79
 39 40 43 44 58 68 70 71 78 79
 39 40 43 44 57 58 78 79
 39 40 43 44 57 58 70 78 79
 39 40 43 44 57 58 68 69 78 79
 39 40 43 44 54 57 58 78
 39 40 43 44 54 57 58 76 77
 39 40 43 44 54 57 58 70 78
 39 40 43 44 54 57 58 70 76 77
 39 40 43 44 54 57 58 68 69 78
 39 40 43 44 54 57 58 68 69 76 77
 39 40 43 44 53 58 68 72
 39 40 43 44 53 58 68 70 71
 39 40 43 44 53 57 58
 39 40 43 44 53 57 58 70
 39 40 43 44 53 57 58 68 69
 39 40 43 44 52 53 57 58 78
 39 40 43 44 52 53 57 58 76 77
 39 40 43 44 52 53 57 58 70 78
 39 40 43 44 52 53 57 58 70 76 77
 39 40 43 44 52 53 57 58 68 69 78
 39 40 43 44 52 53 57 58 68 69 76 77
 39 40 43 44 51 54 57 58
 39 40 43 44 51 54 57 58 70
 39 40 43 44 51 54 57 58 68 69
 39 40 43 44 51 52 53 57 58
 39 40 43 44 51 52 53 57 58 70
 39 40 43 44 51 52 53 57 58 68 69
 39 40 43 44 45 58 68 78 79
 39 40 43 44 45 53 58 68
 37 38 41 45 57 58 70 78 79
 37 38 41 45 57 58 68 69 78 79
 37 38 41 45 53 57 58 70
 37 38 41 45 53 57 58 68 69
 37 38 41 43 45 57 58 78 79
 37 38 41 43 45 53 57 58
 37 38 41 43 44 57 58 78 79
 37 38 41 43 44 57 58 70 78 79
 37 38 41 43 44 57 58 68 69 78 79
 37 38 41 43 44 53 57 58
 37 38 41 43 44 53 57 58 70
 37 38 41 43 44 53 57 58 68 69
 37 38 39 40 45 57 58 70 78 79
 37 38 39 40 45 57 58 68 69 78 79
 37 38 39 40 45 53 57 58 70
 37 38 39 40 45 53 57 58 68 69
 37 38 39 40 43 45 57 58 78 79
 37 38 39 40 43 45 53 57 58
 37 38 39 40 43 44 57 58 78 79
 37 38 39 40 43 44 57 58 70 78 79
 37 38 39 40 43 44 57 58 68 69 78 79
 37 38 39 40 43 44 53 57 58
 37 38 39 40 43 44 53 57 58 70
 37 38 39 40 43 44 53 57 58 68 69
 31 78
 31 76 77
 31 51
 27 41 45 57 58 70 78
 27 41 45 57 58 70 76 77
 27 41 45 57 58 68 69 78
 27 41 45 57 58 68 69 76 77
 27 41 45 51 57 58 70
 27 41 45 51 57 58 68 69
 27 41 43 45 57 58 78
 27 41 43 45 57 58 76 77
 27 41 43 45 51 57 58
 27 41 43 44 57 58 78
 27 41 43 44 57 58 76 77
 27 41 43 44 57 58 70 78
 27 41 43 44 57 58 70 76 77
 27 41 43 44 57 58 68 69 78
 27 41 43 44 57 58 68 69 76 77
 27 41 43 44 51 57 58
 27 41 43 44 51 57 58 70
 27 41 43 44 51 57 58 68 69
 27 39 40 45 57 58 70 78
 27 39 40 45 57 58 70 76 77
 27 39 40 45 57 58 68 69 78
 27 39 40 45 57 58 68 69 76 77
 27 39 40 45 51 57 58 70
 27 39 40 45 51 57 58 68 69
 27 39 40 43 45 57 58 78
 27 39 40 43 45 57 58 76 77
 27 39 40 43 45 51 57 58
 27 39 40 43 44 57 58 78
 27 39 40 43 44 57 58 76 77
 27 39 40 43 44 57 58 70 78
 27 39 40 43 44 57 58 70 76 77
 27 39 40 43 44 57 58 68 69 78
 27 39 40 43 44 57 58 68 69 76 77
 27 39 40 43 44 51 57 58
 27 39 40 43 44 51 57 58 70
 27 39 40 43 44 51 57 58 68 69
 26 41 45 58 78 79
 26 41 45 58 72 78 79
 26 41 45 58 70 71 78 79
 26 41 45 53 58
 26 41 45 53 58 72
 26 41 45 53 58 70 71
 26 41 43 44 58 72 78 79
 26 41 43 44 58 70 71 78 79
 26 41 43 44 53 58 72
 26 41 43 44 53 58 70 71
 26 41 43 44 45 58 78 79
 26 41 43 44 45 53 58
 26 39 40 45 58 78 79
 26 39 40 45 58 72 78 79
 26 39 40 45 58 70 71 78 79
 26 39 40 45 53 58
 26 39 40 45 53 58 72
 26 39 40 45 53 58 70 71
 26 39 40 43 44 58 72 78 79
 26 39 40 43 44 58 70 71 78 79
 26 39 40 43 44 53 58 72
 26 39 40 43 44 53 58 70 71
 26 39 40 43 44 45 58 78 79
 26 39 40 43 44 45 53 58
 24 25 41 45 58 78 79
 24 25 41 45 58 72 78 79
 24 25 41 45 58 70 71 78 79
 24 25 41 45 53 58
 24 25 41 45 53 58 72
 24 25 41 45 53 58 70 71
 24 25 41 43 44 58 72 78 79
 24 25 41 43 44 58 70 71 78 79
 24 25 41 43 44 53 58 72
 24 25 41 43 44 53 58 70 71
 24 25 41 43 44 45 58 78 79
 24 25 41 43 44 45 53 58
 24 25 39 40 45 58 78 79
 24 25 39 40 45 58 72 78 79
 24 25 39 40 45 58 70 71 78 79
 24 25 39 40 45 53 58
 24 25 39 40 45 53 58 72
 24 25 39 40 45 53 58 70 71
 24 25 39 40 43 44 58 72 78 79
 24 25 39 40 43 44 58 70 71 78 79
 24 25 39 40 43 44 53 58 72
 24 25 39 40 43 44 53 58 70 71
 24 25 39 40 43 44 45 58 78 79
 24 25 39 40 43 44 45 53 58
 18 41 58 68 72 78 79
 18 41 58 68 70 71 78 79
 18 41 54 57 58 70 78
 18 41 54 57 58 70 76 77
 18 41 54 57 58 68 69 78
 18 41 54 57 58 68 69 76 77
 18 41 53 58 68 72
 18 41 53 58 68 70 71
 18 41 52 53 57 58 70 78
 18 41 52 53 57 58 70 76 77
 18 41 52 53 57 58 68 69 78
 18 41 52 53 57 58 68 69 76 77
 18 41 51 54 57 58 70
 18 41 51 54 57 58 68 69
 18 41 51 52 53 57 58 70
 18 41 51 52 53 57 58 68 69
 18 41 45 58 68 78 79
 18 41 45 53 58 68
 18 41 43 54 57 58 78
 18 41 43 54 57 58 76 77
 18 41 43 52 53 57 58 78
 18 41 43 52 53 57 58 76 77
 18 41 43 51 54 57 58
 18 41 43 51 52 53 57 58
 18 39 41 57 58 70 78 79
 18 39 41 57 58 68 69 78 79
 18 39 41 53 57 58 70
 18 39 41 53 57 58 68 69
 18 39 41 43 57 58 78 79
 18 39 41 43 53 57 58
 18 39 40 58 68 72 78 79
 18 39 40 58 68 70 71 78 79
 18 39 40 57 58 70 78 79
 18 39 40 57 58 68 69 78 79
 18 39 40 54 57 58 70 78
 18 39 40 54 57 58 70 76 77
 18 39 40 54 57 58 68 69 78
 18 39 40 54 57 58 68 69 76 77
 18 39 40 53 58 68 72
 18 39 40 53 58 68 70 71
 18 39 40 53 57 58 70
 18 39 40 53 57 58 68 69
 18 39 40 52 53 57 58 70 78
 18 39 40 52 53 57 58 70 76 77
 18 39 40 52 53 57 58 68 69 78
 18 39 40 52 53 57 58 68 69 76 77
 18 39 40 51 54 57 58 70
 18 39 40 51 54 57 58 68 69
 18 39 40 51 52 53 57 58 70
 18 39 40 51 52 53 57 58 68 69
 18 39 40 45 58 68 78 79
 18 39 40 45 53 58 68
 18 39 40 43 57 58 78 79
 18 39 40 43 54 57 58 78
 18 39 40 43 54 57 58 76 77
 18 39 40 43 53 57 58
 18 39 40 43 52 53 57 58 78
 18 39 40 43 52 53 57 58 76 77
 18 39 40 43 51 54 57 58
 18 39 40 43 51 52 53 57 58
 18 37 38 41 57 58 70 78 79
 18 37 38 41 57 58 68 69 78 79
 18 37 38 41 53 57 58 70
 18 37 38 41 53 57 58 68 69
 18 37 38 41 43 57 58 78 79
 18 37 38 41 43 53 57 58
 18 37 38 39 40 57 58 70 78 79
 18 37 38 39 40 57 58 68 69 78 79
 18 37 38 39 40 53 57 58 70
 18 37 38 39 40 53 57 58 68 69
 18 37 38 39 40 43 57 58 78 79
 18 37 38 39 40 43 53 57 58
 18 27 41 57 58 70 78
 18 27 41 57 58 70 76 77
 18 27 41 57 58 68 69 78
 18 27 41 57 58 68 69 76 77
 18 27 41 51 57 58 70
 18 27 41 51 57 58 68 69
 18 27 41 43 57 58 78
 18 27 41 43 57 58 76 77
 18 27 41 43 51 57 58
 18 27 39 40 57 58 70 78
 18 27 39 40 57 58 70 76 77
 18 27 39 40 57 58 68 69 78
 18 27 39 40 57 58 68 69 76 77
 18 27 39 40 51 57 58 70
 18 27 39 40 51 57 58 68 69
 18 27 39 40 43 57 58 78
 18 27 39 40 43 57 58 76 77
 18 27 39 40 43 51 57 58
 18 26 41 58 72 78 79
 18 26 41 58 70 71 78 79
 18 26 41 53 58 72
 18 26 41 53 58 70 71
 18 26 41 45 58 78 79
 18 26 41 45 53 58
 18 26 39 40 58 72 78 79
 18 26 39 40 58 70 71 78 79
 18 26 39 40 53 58 72
 18 26 39 40 53 58 70 71
 18 26 39 40 45 58 78 79
 18 26 39 40 45 53 58
 18 24 25 41 58 72 78 79
 18 24 25 41 58 70 71 78 79
 18 24 25 41 53 58 72
 18 24 25 41 53 58 70 71
 18 24 25 41 45 58 78 79
 18 24 25 41 45 53 58
 18 24 25 39 40 58 72 78 79
 18 24 25 39 40 58 70 71 78 79
 18 24 25 39 40 53 58 72
 18 24 25 39 40 53 58 70 71
 18 24 25 39 40 45 58 78 79
 18 24 25 39 40 45 53 58
 15 41 45 54 58 70 78
 15 41 45 54 58 70 76 77
 15 41 45 54 58 68 69 78
 15 41 45 54 58 68 69 76 77
 15 41 45 52 53 58 70 78
 15 41 45 52 53 58 70 76 77
 15 41 45 52 53 58 68 69 78
 15 41 45 52 53 58 68 69 76 77
 15 41 45 51 54 58 70
 15 41 45 51 54 58 68 69
 15 41 45 51 52 53 58 70
 15 41 45 51 52 53 58 68 69
 15 41 43 45 54 58 78
 15 41 43 45 54 58 76 77
 15 41 43 45 52 53 58 78
 15 41 43 45 52 53 58 76 77
 15 41 43 45 51 54 58
 15 41 43 45 51 52 53 58
 15 41 43 44 54 58 78
 15 41 43 44 54 58 76 77
 15 41 43 44 54 58 70 78
 15 41 43 44 54 58 70 76 77
 15 41 43 44 54 58 68 69 78
 15 41 43 44 54 58 68 69 76 77
 15 41 43 44 52 53 58 78
 15 41 43 44 52 53 58 76 77
 15 41 43 44 52 53 58 70 78
 15 41 43 44 52 53 58 70 76 77
 15 41 43 44 52 53 58 68 69 78
 15 41 43 44 52 53 58 68 69 76 77
 15 41 43 44 51 54 58
 15 41 43 44 51 54 58 70
 15 41 43 44 51 54 58 68 69
 15 41 43 44 51 52 53 58
 15 41 43 44 51 52 53 58 70
 15 41 43 44 51 52 53 58 68 69
 15 39 41 45 58 70 78 79
 15 39 41 45 58 68 69 78 79
 15 39 41 45 53 58 70
 15 39 41 45 53 58 68 69
 15 39 41 43 45 58 78 79
 15 39 41 43 45 53 58
 15 39 41 43 44 58 78 79
 15 39 41 43 44 58 70 78 79
 15 39 41 43 44 58 68 69 78 79
 15 39 41 43 44 53 58
 15 39 41 43 44 53 58 70
 15 39 41 43 44 53 58 68 69
 15 39 40 45 58 70 78 79
 15 39 40 45 58 68 69 78 79
 15 39 40 45 54 58 70 78
 15 39 40 45 54 58 70 76 77
 15 39 40 45 54 58 68 69 78
 15 39 40 45 54 58 68 69 76 77
 15 39 40 45 53 58 70
 15 39 40 45 53 58 68 69
 15 39 40 45 52 53 58 70 78
 15 39 40 45 52 53 58 70 76 77
 15 39 40 45 52 53 58 68 69 78
 15 39 40 45 52 53 58 68 69 76 77
 15 39 40 45 51 54 58 70
 15 39 40 45 51 54 58 68 69
 15 39 40 45 51 52 53 58 70
 15 39 40 45 51 52 53 58 68 69
 15 39 40 43 45 58 78 79
 15 39 40 43 45 54 58 78
 15 39 40 43 45 54 58 76 77
 15 39 40 43 45 53 58
 15 39 40 43 45 52 53 58 78
 15 39 40 43 45 52 53 58 76 77
 15 39 40 43 45 51 54 58
 15 39 40 43 45 51 52 53 58
 15 39 40 43 44 58 78 79
 15 39 40 43 44 58 70 78 79
 15 39 40 43 44 58 68 69 78 79
 15 39 40 43 44 54 58 78
 15 39 40 43 44 54 58 76 77
 15 39 40 43 44 54 58 70 78
 15 39 40 43 44 54 58 70 76 77
 15 39 40 43 44 54 58 68 69 78
 15 39 40 43 44 54 58 68 69 76 77
 15 39 40 43 44 53 58
 15 39 40 43 44 53 58 70
 15 39 40 43 44 53 58 68 69
 15 39 40 43 44 52 53 58 78
 15 39 40 43 44 52 53 58 76 77
 15 39 40 43 44 52 53 58 70 78
 15 39 40 43 44 52 53 58 70 76 77
 15 39 40 43 44 52 53 58 68 69 78
 15 39 40 43 44 52 53 58 68 69 76 77
 15 39 40 43 44 51 54 58
 15 39 40 43 44 51 54 58 70
 15 39 40 43 44 51 54 58 68 69
 15 39 40 43 44 51 52 53 58
 15 39 40 43 44 51 52 53 58 70
 15 39 40 43 44 51 52 53 58 68 69
 15 37 38 41 45 58 70 78 79
 15 37 38 41 45 58 68 69 78 79
 15 37 38 41 45 53 58 70
 15 37 38 41 45 53 58 68 69
 15 37 38 41 43 45 58 78 79
 15 37 38 41 43 45 53 58
 15 37 38 41 43 44 58 78 79
 15 37 38 41 43 44 58 70 78 79
 15 37 38 41 43 44 58 68 69 78 79
 15 37 38 41 43 44 53 58
 15 37 38 41 43 44 53 58 70
 15 37 38 41 43 44 53 58 68 69
 15 37 38 39 40 45 58 70 78 79
 15 37 38 39 40 45 58 68 69 78 79
 15 37 38 39 40 45 53 58 70
 15 37 38 39 40 45 53 58 68 69
 15 37 38 39 40 43 45 58 78 79
 15 37 38 39 40 43 45 53 58
 15 37 38 39 40 43 44 58 78 79
 15 37 38 39 40 43 44 58 70 78 79
 15 37 38 39 40 43 44 58 68 69 78 79
 15 37 38 39 40 43 44 53 58
 15 37 38 39 40 43 44 53 58 70
 15 37 38 39 40 43 44 53 58 68 69
 15 27 41 45 58 70 78
 15 27 41 45 58 70 76 77
 15 27 41 45 58 68 69 78
 15 27 41 45 58 68 69 76 77
 15 27 41 45 51 58 70
 15 27 41 45 51 58 68 69
 15 27 41 43 45 58 78
 15 27 41 43 45 58 76 77
 15 27 41 43 45 51 58
 15 27 41 43 44 58 78
 15 27 41 43 44 58 76 77
 15 27 41 43 44 58 70 78
 15 27 41 43 44 58 70 76 77
 15 27 41 43 44 58 68 69 78
 15 27 41 43 44 58 68 69 76 77
 15 27 41 43 44 51 58
 15 27 41 43 44 51 58 70
 15 27 41 43 44 51 58 68 69
 15 27 39 40 45 58 70 78
 15 27 39 40 45 58 70 76 77
 15 27 39 40 45 58 68 69 78
 15 27 39 40 45 58 68 69 76 77
 15 27 39 40 45 51 58 70
 15 27 39 40 45 51 58 68 69
 15 27 39 40 43 45 58 78
 15 27 39 40 43 45 58 76 77
 15 27 39 40 43 45 51 58
 15 27 39 40 43 44 58 78
 15 27 39 40 43 44 58 76 77
 15 27 39 40 43 44 58 70 78
 15 27 39 40 43 44 58 70 76 77
 15 27 39 40 43 44 58 68 69 78
 15 27 39 40 43 44 58 68 69 76 77
 15 27 39 40 43 44 51 58
 15 27 39 40 43 44 51 58 70
 15 27 39 40 43 44 51 58 68 69
 15 18 41 54 58 70 78
 15 18 41 54 58 70 76 77
 15 18 41 54 58 68 69 78
 15 18 41 54 58 68 69 76 77
 15 18 41 52 53 58 70 78
 15 18 41 52 53 58 70 76 77
 15 18 41 52 53 58 68 69 78
 15 18 41 52 53 58 68 69 76 77
 15 18 41 51 54 58 70
 15 18 41 51 54 58 68 69
 15 18 41 51 52 53 58 70
 15 18 41 51 52 53 58 68 69
 15 18 41 43 54 58 78
 15 18 41 43 54 58 76 77
 15 18 41 43 52 53 58 78
 15 18 41 43 52 53 58 76 77
 15 18 41 43 51 54 58
 15 18 41 43 51 52 53 58
 15 18 39 41 58 70 78 79
 15 18 39 41 58 68 69 78 79
 15 18 39 41 53 58 70
 15 18 39 41 53 58 68 69
 15 18 39 41 43 58 78 79
 15 18 39 41 43 53 58
 15 18 39 40 58 70 78 79
 15 18 39 40 58 68 69 78 79
 15 18 39 40 54 58 70 78
 15 18 39 40 54 58 70 76 77
 15 18 39 40 54 58 68 69 78
 15 18 39 40 54 58 68 69 76 77
 15 18 39 40 53 58 70
 15 18 39 40 53 58 68 69
 15 18 39 40 52 53 58 70 78
 15 18 39 40 52 53 58 70 76 77
 15 18 39 40 52 53 58 68 69 78
 15 18 39 40 52 53 58 68 69 76 77
 15 18 39 40 51 54 58 70
 15 18 39 40 51 54 58 68 69
 15 18 39 40 51 52 53 58 70
 15 18 39 40 51 52 53 58 68 69
 15 18 39 40 43 58 78 79
 15 18 39 40 43 54 58 78
 15 18 39 40 43 54 58 76 77
 15 18 39 40 43 53 58
 15 18 39 40 43 52 53 58 78
 15 18 39 40 43 52 53 58 76 77
 15 18 39 40 43 51 54 58
 15 18 39 40 43 51 52 53 58
 15 18 37 38 41 58 70 78 79
 15 18 37 38 41 58 68 69 78 79
 15 18 37 38 41 53 58 70
 15 18 37 38 41 53 58 68 69
 15 18 37 38 41 43 58 78 79
 15 18 37 38 41 43 53 58
 15 18 37 38 39 40 58 70 78 79
 15 18 37 38 39 40 58 68 69 78 79
 15 18 37 38 39 40 53 58 70
 15 18 37 38 39 40 53 58 68 69
 15 18 37 38 39 40 43 58 78 79
 15 18 37 38 39 40 43 53 58
 15 18 27 41 58 70 78
 15 18 27 41 58 70 76 77
 15 18 27 41 58 68 69 78
 15 18 27 41 58 68 69 76 77
 15 18 27 41 51 58 70
 15 18 27 41 51 58 68 69
 15 18 27 41 43 58 78
 15 18 27 41 43 58 76 77
 15 18 27 41 43 51 58
 15 18 27 39 40 58 70 78
 15 18 27 39 40 58 70 76 77
 15 18 27 39 40 58 68 69 78
 15 18 27 39 40 58 68 69 76 77
 15 18 27 39 40 51 58 70
 15 18 27 39 40 51 58 68 69
 15 18 27 39 40 43 58 78
 15 18 27 39 40 43 58 76 77
 15 18 27 39 40 43 51 58
 14 45 58 68 78 79
 14 45 58 68 72 78 79
 14 45 58 68 70 71 78 79
 14 45 54 57 58 70 78
 14 45 54 57 58 70 76 77
 14 45 54 57 58 68 69 78
 14 45 54 57 58 68 69 76 77
 14 45 53 58 68
 14 45 53 58 68 72
 14 45 53 58 68 70 71
 14 45 52 53 57 58 70 78
 14 45 52 53 57 58 70 76 77
 14 45 52 53 57 58 68 69 78
 14 45 52 53 57 58 68 69 76 77
 14 45 51 54 57 58 70
 14 45 51 54 57 58 68 69
 14 45 51 52 53 57 58 70
 14 45 51 52 53 57 58 68 69
 14 43 45 54 57 58 78
 14 43 45 54 57 58 76 77
 14 43 45 52 53 57 58 78
 14 43 45 52 53 57 58 76 77
 14 43 45 51 54 57 58
 14 43 45 51 52 53 57 58
 14 43 44 58 68 72 78 79
 14 43 44 58 68 70 71 78 79
 14 43 44 54 57 58 78
 14 43 44 54 57 58 76 77
 14 43 44 54 57 58 70 78
 14 43 44 54 57 58 70 76 77
 14 43 44 54 57 58 68 69 78
 14 43 44 54 57 58 68 69 76 77
 14 43 44 53 58 68 72
 14 43 44 53 58 68 70 71
 14 43 44 52 53 57 58 78
 14 43 44 52 53 57 58 76 77
 14 43 44 52 53 57 58 70 78
 14 43 44 52 53 57 58 70 76 77
 14 43 44 52 53 57 58 68 69 78
 14 43 44 52 53 57 58 68 69 76 77
 14 43 44 51 54 57 58
 14 43 44 51 54 57 58 70
 14 43 44 51 54 57 58 68 69
 14 43 44 51 52 53 57 58
 14 43 44 51 52 53 57 58 70
 14 43 44 51 52 53 57 58 68 69
 14 43 44 45 58 68 78 79
 14 43 44 45 53 58 68
 14 39 45 57 58 70 78 79
 14 39 45 57 58 68 69 78 79
 14 39 45 53 57 58 70
 14 39 45 53 57 58 68 69
 14 39 43 45 57 58 78 79
 14 39 43 45 53 57 58
 14 39 43 44 57 58 78 79
 14 39 43 44 57 58 70 78 79
 14 39 43 44 57 58 68 69 78 79
 14 39 43 44 53 57 58
 14 39 43 44 53 57 58 70
 14 39 43 44 53 57 58 68 69
 14 37 38 45 57 58 70 78 79
 14 37 38 45 57 58 68 69 78 79
 14 37 38 45 53 57 58 70
 14 37 38 45 53 57 58 68 69
 14 37 38 43 45 57 58 78 79
 14 37 38 43 45 53 57 58
 14 37 38 43 44 57 58 78 79
 14 37 38 43 44 57 58 70 78 79
 14 37 38 43 44 57 58 68 69 78 79
 14 37 38 43 44 53 57 58
 14 37 38 43 44 53 57 58 70
 14 37 38 43 44 53 57 58 68 69
 14 27 45 57 58 70 78
 14 27 45 57 58 70 76 77
 14 27 45 57 58 68 69 78
 14 27 45 57 58 68 69 76 77
 14 27 45 51 57 58 70
 14 27 45 51 57 58 68 69
 14 27 43 45 57 58 78
 14 27 43 45 57 58 76 77
 14 27 43 45 51 57 58
 14 27 43 44 57 58 78
 14 27 43 44 57 58 76 77
 14 27 43 44 57 58 70 78
 14 27 43 44 57 58 70 76 77
 14 27 43 44 57 58 68 69 78
 14 27 43 44 57 58 68 69 76 77
 14 27 43 44 51 57 58
 14 27 43 44 51 57 58 70
 14 27 43 44 51 57 58 68 69
 14 26 45 58 78 79
 14 26 45 58 72 78 79
 14 26 45 58 70 71 78 79
 14 26 45 53 58
 14 26 45 53 58 72
 14 26 45 53 58 70 71
 14 26 43 44 58 72 78 79
 14 26 43 44 58 70 71 78 79
 14 26 43 44 53 58 72
 14 26 43 44 53 58 70 71
 14 26 43 44 45 58 78 79
 14 26 43 44 45 53 58
 14 24 25 45 58 78 79
 14 24 25 45 58 72 78 79
 14 24 25 45 58 70 71 78 79
 14 24 25 45 53 58
 14 24 25 45 53 58 72
 14 24 25 45 53 58 70 71
 14 24 25 43 44 58 72 78 79
 14 24 25 43 44 58 70 71 78 79
 14 24 25 43 44 53 58 72
 14 24 25 43 44 53 58 70 71
 14 24 25 43 44 45 58 78 79
 14 24 25 43 44 45 53 58
 14 18 58 68 72 78 79
 14 18 58 68 70 71 78 79
 14 18 54 57 58 70 78
 14 18 54 57 58 70 76 77
 14 18 54 57 58 68 69 78
 14 18 54 57 58 68 69 76 77
 14 18 53 58 68 72
 14 18 53 58 68 70 71
 14 18 52 53 57 58 70 78
 14 18 52 53 57 58 70 76 77
 14 18 52 53 57 58 68 69 78
 14 18 52 53 57 58 68 69 76 77
 14 18 51 54 57 58 70
 14 18 51 54 57 58 68 69
 14 18 51 52 53 57 58 70
 14 18 51 52 53 57 58 68 69
 14 18 45 58 68 78 79
 14 18 45 53 58 68
 14 18 43 54 57 58 78
 14 18 43 54 57 58 76 77
 14 18 43 52 53 57 58 78
 14 18 43 52 53 57 58 76 77
 14 18 43 51 54 57 58
 14 18 43 51 52 53 57 58
 14 18 39 57 58 70 78 79
 14 18 39 57 58 68 69 78 79
 14 18 39 53 57 58 70
 14 18 39 53 57 58 68 69
 14 18 39 43 57 58 78 79
 14 18 39 43 53 57 58
 14 18 37 38 57 58 70 78 79
 14 18 37 38 57 58 68 69 78 79
 14 18 37 38 53 57 58 70
 14 18 37 38 53 57 58 68 69
 14 18 37 38 43 57 58 78 79
 14 18 37 38 43 53 57 58
 14 18 27 57 58 70 78
 14 18 27 57 58 70 76 77
 14 18 27 57 58 68 69 78
 14 18 27 57 58 68 69 76 77
 14 18 27 51 57 58 70
 14 18 27 51 57 58 68 69
 14 18 27 43 57 58 78
 14 18 27 43 57 58 76 77
 14 18 27 43 51 57 58
 14 18 26 58 72 78 79
 14 18 26 58 70 71 78 79
 14 18 26 53 58 72
 14 18 26 53 58 70 71
 14 18 26 45 58 78 79
 14 18 26 45 53 58
 14 18 24 25 58 72 78 79
 14 18 24 25 58 70 71 78 79
 14 18 24 25 53 58 72
 14 18 24 25 53 58 70 71
 14 18 24 25 45 58 78 79
 14 18 24 25 45 53 58
 14 15 45 54 58 70 78
 14 15 45 54 58 70 76 77
 14 15 45 54 58 68 69 78
 14 15 45 54 58 68 69 76 77
 14 15 45 52 53 58 70 78
 14 15 45 52 53 58 70 76 77
 14 15 45 52 53 58 68 69 78
 14 15 45 52 53 58 68 69 76 77
 14 15 45 51 54 58 70
 14 15 45 51 54 58 68 69
 14 15 45 51 52 53 58 70
 14 15 45 51 52 53 58 68 69
 14 15 43 45 54 58 78
 14 15 43 45 54 58 76 77
 14 15 43 45 52 53 58 78
 14 15 43 45 52 53 58 76 77
 14 15 43 45 51 54 58
 14 15 43 45 51 52 53 58
 14 15 43 44 54 58 78
 14 15 43 44 54 58 76 77
 14 15 43 44 54 58 70 78
 14 15 43 44 54 58 70 76 77
 14 15 43 44 54 58 68 69 78
 14 15 43 44 54 58 68 69 76 77
 14 15 43 44 52 53 58 78
 14 15 43 44 52 53 58 76 77
 14 15 43 44 52 53 58 70 78
 14 15 43 44 52 53 58 70 76 77
 14 15 43 44 52 53 58 68 69 78
 14 15 43 44 52 53 58 68 69 76 77
 14 15 43 44 51 54 58
 14 15 43 44 51 54 58 70
 14 15 43 44 51 54 58 68 69
 14 15 43 44 51 52 53 58
 14 15 43 44 51 52 53 58 70
 14 15 43 44 51 52 53 58 68 69
 14 15 39 45 58 70 78 79
 14 15 39 45 58 68 69 78 79
 14 15 39 45 53 58 70
 14 15 39 45 53 58 68 69
 14 15 39 43 45 58 78 79
 14 15 39 43 45 53 58
 14 15 39 43 44 58 78 79
 14 15 39 43 44 58 70 78 79
 14 15 39 43 44 58 68 69 78 79
 14 15 39 43 44 53 58
 14 15 39 43 44 53 58 70
 14 15 39 43 44 53 58 68 69
 14 15 37 38 45 58 70 78 79
 14 15 37 38 45 58 68 69 78 79
 14 15 37 38 45 53 58 70
 14 15 37 38 45 53 58 68 69
 14 15 37 38 43 45 58 78 79
 14 15 37 38 43 45 53 58
 14 15 37 38 43 44 58 78 79
 14 15 37 38 43 44 58 70 78 79
 14 15 37 38 43 44 58 68 69 78 79
 14 15 37 38 43 44 53 58
 14 15 37 38 43 44 53 58 70
 14 15 37 38 43 44 53 58 68 69
 14 15 27 45 58 70 78
 14 15 27 45 58 70 76 77
 14 15 27 45 58 68 69 78
 14 15 27 45 58 68 69 76 77
 14 15 27 45 51 58 70
 14 15 27 45 51 58 68 69
 14 15 27 43 45 58 78
 14 15 27 43 45 58 76 77
 14 15 27 43 45 51 58
 14 15 27 43 44 58 78
 14 15 27 43 44 58 76 77
 14 15 27 43 44 58 70 78
 14 15 27 43 44 58 70 76 77
 14 15 27 43 44 58 68 69 78
 14 15 27 43 44 58 68 69 76 77
 14 15 27 43 44 51 58
 14 15 27 43 44 51 58 70
 14 15 27 43 44 51 58 68 69
 14 15 18 54 58 70 78
 14 15 18 54 58 70 76 77
 14 15 18 54 58 68 69 78
 14 15 18 54 58 68 69 76 77
 14 15 18 52 53 58 70 78
 14 15 18 52 53 58 70 76 77
 14 15 18 52 53 58 68 69 78
 14 15 18 52 53 58 68 69 76 77
 14 15 18 51 54 58 70
 14 15 18 51 54 58 68 69
 14 15 18 51 52 53 58 70
 14 15 18 51 52 53 58 68 69
 14 15 18 43 54 58 78
 14 15 18 43 54 58 76 77
 14 15 18 43 52 53 58 78
 14 15 18 43 52 53 58 76 77
 14 15 18 43 51 54 58
 14 15 18 43 51 52 53 58
 14 15 18 39 58 70 78 79
 14 15 18 39 58 68 69 78 79
 14 15 18 39 53 58 70
 14 15 18 39 53 58 68 69
 14 15 18 39 43 58 78 79
 14 15 18 39 43 53 58
 14 15 18 37 38 58 70 78 79
 14 15 18 37 38 58 68 69 78 79
 14 15 18 37 38 53 58 70
 14 15 18 37 38 53 58 68 69
 14 15 18 37 38 43 58 78 79
 14 15 18 37 38 43 53 58
 14 15 18 27 58 70 78
 14 15 18 27 58 70 76 77
 14 15 18 27 58 68 69 78
 14 15 18 27 58 68 69 76 77
 14 15 18 27 51 58 70
 14 15 18 27 51 58 68 69
 14 15 18 27 43 58 78
 14 15 18 27 43 58 76 77
 14 15 18 27 43 51 58
 13 14 45 54 58 70 78
 13 14 45 54 58 70 76 77
 13 14 45 54 58 68 69 78
 13 14 45 54 58 68 69 76 77
 13 14 45 52 53 58 70 78
 13 14 45 52 53 58 70 76 77
 13 14 45 52 53 58 68 69 78
 13 14 45 52 53 58 68 69 76 77
 13 14 45 51 54 58 70
 13 14 45 51 54 58 68 69
 13 14 45 51 52 53 58 70
 13 14 45 51 52 53 58 68 69
 13 14 43 45 54 58 78
 13 14 43 45 54 58 76 77
 13 14 43 45 52 53 58 78
 13 14 43 45 52 53 58 76 77
 13 14 43 45 51 54 58
 13 14 43 45 51 52 53 58
 13 14 43 44 54 58 78
 13 14 43 44 54 58 76 77
 13 14 43 44 54 58 70 78
 13 14 43 44 54 58 70 76 77
 13 14 43 44 54 58 68 69 78
 13 14 43 44 54 58 68 69 76 77
 13 14 43 44 52 53 58 78
 13 14 43 44 52 53 58 76 77
 13 14 43 44 52 53 58 70 78
 13 14 43 44 52 53 58 70 76 77
 13 14 43 44 52 53 58 68 69 78
 13 14 43 44 52 53 58 68 69 76 77
 13 14 43 44 51 54 58
 13 14 43 44 51 54 58 70
 13 14 43 44 51 54 58 68 69
 13 14 43 44 51 52 53 58
 13 14 43 44 51 52 53 58 70
 13 14 43 44 51 52 53 58 68 69
 13 14 41 45 54 58 70 78
 13 14 41 45 54 58 70 76 77
 13 14 41 45 54 58 68 69 78
 13 14 41 45 54 58 68 69 76 77
 13 14 41 45 52 53 58 70 78
 13 14 41 45 52 53 58 70 76 77
 13 14 41 45 52 53 58 68 69 78
 13 14 41 45 52 53 58 68 69 76 77
 13 14 41 45 51 54 58 70
 13 14 41 45 51 54 58 68 69
 13 14 41 45 51 52 53 58 70
 13 14 41 45 51 52 53 58 68 69
 13 14 41 43 45 54 58 78
 13 14 41 43 45 54 58 76 77
 13 14 41 43 45 52 53 58 78
 13 14 41 43 45 52 53 58 76 77
 13 14 41 43 45 51 54 58
 13 14 41 43 45 51 52 53 58
 13 14 41 43 44 54 58 78
 13 14 41 43 44 54 58 76 77
 13 14 41 43 44 54 58 70 78
 13 14 41 43 44 54 58 70 76 77
 13 14 41 43 44 54 58 68 69 78
 13 14 41 43 44 54 58 68 69 76 77
 13 14 41 43 44 52 53 58 78
 13 14 41 43 44 52 53 58 76 77
 13 14 41 43 44 52 53 58 70 78
 13 14 41 43 44 52 53 58 70 76 77
 13 14 41 43 44 52 53 58 68 69 78
 13 14 41 43 44 52 53 58 68 69 76 77
 13 14 41 43 44 51 54 58
 13 14 41 43 44 51 54 58 70
 13 14 41 43 44 51 54 58 68 69
 13 14 41 43 44 51 52 53 58
 13 14 41 43 44 51 52 53 58 70
 13 14 41 43 44 51 52 53 58 68 69
 13 14 39 45 58 70 78 79
 13 14 39 45 58 68 69 78 79
 13 14 39 45 53 58 70
 13 14 39 45 53 58 68 69
 13 14 39 43 45 58 78 79
 13 14 39 43 45 53 58
 13 14 39 43 44 58 78 79
 13 14 39 43 44 58 70 78 79
 13 14 39 43 44 58 68 69 78 79
 13 14 39 43 44 53 58
 13 14 39 43 44 53 58 70
 13 14 39 43 44 53 58 68 69
 13 14 39 41 45 58 70 78 79
 13 14 39 41 45 58 68 69 78 79
 13 14 39 41 45 53 58 70
 13 14 39 41 45 53 58 68 69
 13 14 39 41 43 45 58 78 79
 13 14 39 41 43 45 53 58
 13 14 39 41 43 44 58 78 79
 13 14 39 41 43 44 58 70 78 79
 13 14 39 41 43 44 58 68 69 78 79
 13 14 39 41 43 44 53 58
 13 14 39 41 43 44 53 58 70
 13 14 39 41 43 44 53 58 68 69
 13 14 39 40 45 58 70 78 79
 13 14 39 40 45 58 68 69 78 79
 13 14 39 40 45 54 58 70 78
 13 14 39 40 45 54 58 70 76 77
 13 14 39 40 45 54 58 68 69 78
 13 14 39 40 45 54 58 68 69 76 77
 13 14 39 40 45 53 58 70
 13 14 39 40 45 53 58 68 69
 13 14 39 40 45 52 53 58 70 78
 13 14 39 40 45 52 53 58 70 76 77
 13 14 39 40 45 52 53 58 68 69 78
 13 14 39 40 45 52 53 58 68 69 76 77
 13 14 39 40 45 51 54 58 70
 13 14 39 40 45 51 54 58 68 69
 13 14 39 40 45 51 52 53 58 70
 13 14 39 40 45 51 52 53 58 68 69
 13 14 39 40 43 45 58 78 79
 13 14 39 40 43 45 54 58 78
 13 14 39 40 43 45 54 58 76 77
 13 14 39 40 43 45 53 58
 13 14 39 40 43 45 52 53 58 78
 13 14 39 40 43 45 52 53 58 76 77
 13 14 39 40 43 45 51 54 58
 13 14 39 40 43 45 51 52 53 58
 13 14 39 40 43 44 58 78 79
 13 14 39 40 43 44 58 70 78 79
 13 14 39 40 43 44 58 68 69 78 79
 13 14 39 40 43 44 54 58 78
 13 14 39 40 43 44 54 58 76 77
 13 14 39 40 43 44 54 58 70 78
 13 14 39 40 43 44 54 58 70 76 77
 13 14 39 40 43 44 54 58 68 69 78
 13 14 39 40 43 44 54 58 68 69 76 77
 13 14 39 40 43 44 53 58
 13 14 39 40 43 44 53 58 70
 13 14 39 40 43 44 53 58 68 69
 13 14 39 40 43 44 52 53 58 78
 13 14 39 40 43 44 52 53 58 76 77
 13 14 39 40 43 44 52 53 58 70 78
 13 14 39 40 43 44 52 53 58 70 76 77
 13 14 39 40 43 44 52 53 58 68 69 78
 13 14 39 40 43 44 52 53 58 68 69 76 77
 13 14 39 40 43 44 51 54 58
 13 14 39 40 43 44 51 54 58 70
 13 14 39 40 43 44 51 54 58 68 69
 13 14 39 40 43 44 51 52 53 58
 13 14 39 40 43 44 51 52 53 58 70
 13 14 39 40 43 44 51 52 53 58 68 69
 13 14 37 38 45 58 70 78 79
 13 14 37 38 45 58 68 69 78 79
 13 14 37 38 45 53 58 70
 13 14 37 38 45 53 58 68 69
 13 14 37 38 43 45 58 78 79
 13 14 37 38 43 45 53 58
 13 14 37 38 43 44 58 78 79
 13 14 37 38 43 44 58 70 78 79
 13 14 37 38 43 44 58 68 69 78 79
 13 14 37 38 43 44 53 58
 13 14 37 38 43 44 53 58 70
 13 14 37 38 43 44 53 58 68 69
 13 14 37 38 41 45 58 70 78 79
 13 14 37 38 41 45 58 68 69 78 79
 13 14 37 38 41 45 53 58 70
 13 14 37 38 41 45 53 58 68 69
 13 14 37 38 41 43 45 58 78 79
 13 14 37 38 41 43 45 53 58
 13 14 37 38 41 43 44 58 78 79
 13 14 37 38 41 43 44 58 70 78 79
 13 14 37 38 41 43 44 58 68 69 78 79
 13 14 37 38 41 43 44 53 58
 13 14 37 38 41 43 44 53 58 70
 13 14 37 38 41 43 44 53 58 68 69
 13 14 37 38 39 40 45 58 70 78 79
 13 14 37 38 39 40 45 58 68 69 78 79
 13 14 37 38 39 40 45 53 58 70
 13 14 37 38 39 40 45 53 58 68 69
 13 14 37 38 39 40 43 45 58 78 79
 13 14 37 38 39 40 43 45 53 58
 13 14 37 38 39 40 43 44 58 78 79
 13 14 37 38 39 40 43 44 58 70 78 79
 13 14 37 38 39 40 43 44 58 68 69 78 79
 13 14 37 38 39 40 43 44 53 58
 13 14 37 38 39 40 43 44 53 58 70
 13 14 37 38 39 40 43 44 53 58 68 69
 13 14 27 45 58 70 78
 13 14 27 45 58 70 76 77
 13 14 27 45 58 68 69 78
 13 14 27 45 58 68 69 76 77
 13 14 27 45 51 58 70
 13 14 27 45 51 58 68 69
 13 14 27 43 45 58 78
 13 14 27 43 45 58 76 77
 13 14 27 43 45 51 58
 13 14 27 43 44 58 78
 13 14 27 43 44 58 76 77
 13 14 27 43 44 58 70 78
 13 14 27 43 44 58 70 76 77
 13 14 27 43 44 58 68 69 78
 13 14 27 43 44 58 68 69 76 77
 13 14 27 43 44 51 58
 13 14 27 43 44 51 58 70
 13 14 27 43 44 51 58 68 69
 13 14 27 41 45 58 70 78
 13 14 27 41 45 58 70 76 77
 13 14 27 41 45 58 68 69 78
 13 14 27 41 45 58 68 69 76 77
 13 14 27 41 45 51 58 70
 13 14 27 41 45 51 58 68 69
 13 14 27 41 43 45 58 78
 13 14 27 41 43 45 58 76 77
 13 14 27 41 43 45 51 58
 13 14 27 41 43 44 58 78
 13 14 27 41 43 44 58 76 77
 13 14 27 41 43 44 58 70 78
 13 14 27 41 43 44 58 70 76 77
 13 14 27 41 43 44 58 68 69 78
 13 14 27 41 43 44 58 68 69 76 77
 13 14 27 41 43 44 51 58
 13 14 27 41 43 44 51 58 70
 13 14 27 41 43 44 51 58 68 69
 13 14 27 39 40 45 58 70 78
 13 14 27 39 40 45 58 70 76 77
 13 14 27 39 40 45 58 68 69 78
 13 14 27 39 40 45 58 68 69 76 77
 13 14 27 39 40 45 51 58 70
 13 14 27 39 40 45 51 58 68 69
 13 14 27 39 40 43 45 58 78
 13 14 27 39 40 43 45 58 76 77
 13 14 27 39 40 43 45 51 58
 13 14 27 39 40 43 44 58 78
 13 14 27 39 40 43 44 58 76 77
 13 14 27 39 40 43 44 58 70 78
 13 14 27 39 40 43 44 58 70 76 77
 13 14 27 39 40 43 44 58 68 69 78
 13 14 27 39 40 43 44 58 68 69 76 77
 13 14 27 39 40 43 44 51 58
 13 14 27 39 40 43 44 51 58 70
 13 14 27 39 40 43 44 51 58 68 69
 13 14 18 54 58 70 78
 13 14 18 54 58 70 76 77
 13 14 18 54 58 68 69 78
 13 14 18 54 58 68 69 76 77
 13 14 18 52 53 58 70 78
 13 14 18 52 53 58 70 76 77
 13 14 18 52 53 58 68 69 78
 13 14 18 52 53 58 68 69 76 77
 13 14 18 51 54 58 70
 13 14 18 51 54 58 68 69
 13 14 18 51 52 53 58 70
 13 14 18 51 52 53 58 68 69
 13 14 18 43 54 58 78
 13 14 18 43 54 58 76 77
 13 14 18 43 52 53 58 78
 13 14 18 43 52 53 58 76 77
 13 14 18 43 51 54 58
 13 14 18 43 51 52 53 58
 13 14 18 41 54 58 70 78
 13 14 18 41 54 58 70 76 77
 13 14 18 41 54 58 68 69 78
 13 14 18 41 54 58 68 69 76 77
 13 14 18 41 52 53 58 70 78
 13 14 18 41 52 53 58 70 76 77
 13 14 18 41 52 53 58 68 69 78
 13 14 18 41 52 53 58 68 69 76 77
 13 14 18 41 51 54 58 70
 13 14 18 41 51 54 58 68 69
 13 14 18 41 51 52 53 58 70
 13 14 18 41 51 52 53 58 68 69
 13 14 18 41 43 54 58 78
 13 14 18 41 43 54 58 76 77
 13 14 18 41 43 52 53 58 78
 13 14 18 41 43 52 53 58 76 77
 13 14 18 41 43 51 54 58
 13 14 18 41 43 51 52 53 58
 13 14 18 39 58 70 78 79
 13 14 18 39 58 68 69 78 79
 13 14 18 39 53 58 70
 13 14 18 39 53 58 68 69
 13 14 18 39 43 58 78 79
 13 14 18 39 43 53 58
 13 14 18 39 41 58 70 78 79
 13 14 18 39 41 58 68 69 78 79
 13 14 18 39 41 53 58 70
 13 14 18 39 41 53 58 68 69
 13 14 18 39 41 43 58 78 79
 13 14 18 39 41 43 53 58
 13 14 18 39 40 58 70 78 79
 13 14 18 39 40 58 68 69 78 79
 13 14 18 39 40 54 58 70 78
 13 14 18 39 40 54 58 70 76 77
 13 14 18 39 40 54 58 68 69 78
 13 14 18 39 40 54 58 68 69 76 77
 13 14 18 39 40 53 58 70
 13 14 18 39 40 53 58 68 69
 13 14 18 39 40 52 53 58 70 78
 13 14 18 39 40 52 53 58 70 76 77
 13 14 18 39 40 52 53 58 68 69 78
 13 14 18 39 40 52 53 58 68 69 76 77
 13 14 18 39 40 51 54 58 70
 13 14 18 39 40 51 54 58 68 69
 13 14 18 39 40 51 52 53 58 70
 13 14 18 39 40 51 52 53 58 68 69
 13 14 18 39 40 43 58 78 79
 13 14 18 39 40 43 54 58 78
 13 14 18 39 40 43 54 58 76 77
 13 14 18 39 40 43 53 58
 13 14 18 39 40 43 52 53 58 78
 13 14 18 39 40 43 52 53 58 76 77
 13 14 18 39 40 43 51 54 58
 13 14 18 39 40 43 51 52 53 58
 13 14 18 37 38 58 70 78 79
 13 14 18 37 38 58 68 69 78 79
 13 14 18 37 38 53 58 70
 13 14 18 37 38 53 58 68 69
 13 14 18 37 38 43 58 78 79
 13 14 18 37 38 43 53 58
 13 14 18 37 38 41 58 70 78 79
 13 14 18 37 38 41 58 68 69 78 79
 13 14 18 37 38 41 53 58 70
 13 14 18 37 38 41 53 58 68 69
 13 14 18 37 38 41 43 58 78 79
 13 14 18 37 38 41 43 53 58
 13 14 18 37 38 39 40 58 70 78 79
 13 14 18 37 38 39 40 58 68 69 78 79
 13 14 18 37 38 39 40 53 58 70
 13 14 18 37 38 39 40 53 58 68 69
 13 14 18 37 38 39 40 43 58 78 79
 13 14 18 37 38 39 40 43 53 58
 13 14 18 27 58 70 78
 13 14 18 27 58 70 76 77
 13 14 18 27 58 68 69 78
 13 14 18 27 58 68 69 76 77
 13 14 18 27 51 58 70
 13 14 18 27 51 58 68 69
 13 14 18 27 43 58 78
 13 14 18 27 43 58 76 77
 13 14 18 27 43 51 58
 13 14 18 27 41 58 70 78
 13 14 18 27 41 58 70 76 77
 13 14 18 27 41 58 68 69 78
 13 14 18 27 41 58 68 69 76 77
 13 14 18 27 41 51 58 70
 13 14 18 27 41 51 58 68 69
 13 14 18 27 41 43 58 78
 13 14 18 27 41 43 58 76 77
 13 14 18 27 41 43 51 58
 13 14 18 27 39 40 58 70 78
 13 14 18 27 39 40 58 70 76 77
 13 14 18 27 39 40 58 68 69 78
 13 14 18 27 39 40 58 68 69 76 77
 13 14 18 27 39 40 51 58 70
 13 14 18 27 39 40 51 58 68 69
 13 14 18 27 39 40 43 58 78
 13 14 18 27 39 40 43 58 76 77
 13 14 18 27 39 40 43 51 58
 12 41 45 57 58 70 78 79
 12 41 45 57 58 68 69 78 79
 12 41 45 53 57 58 70
 12 41 45 53 57 58 68 69
 12 41 43 45 57 58 78 79
 12 41 43 45 53 57 58
 12 41 43 44 57 58 78 79
 12 41 43 44 57 58 70 78 79
 12 41 43 44 57 58 68 69 78 79
 12 41 43 44 53 57 58
 12 41 43 44 53 57 58 70
 12 41 43 44 53 57 58 68 69
 12 39 40 45 57 58 70 78 79
 12 39 40 45 57 58 68 69 78 79
 12 39 40 45 53 57 58 70
 12 39 40 45 53 57 58 68 69
 12 39 40 43 45 57 58 78 79
 12 39 40 43 45 53 57 58
 12 39 40 43 44 57 58 78 79
 12 39 40 43 44 57 58 70 78 79
 12 39 40 43 44 57 58 68 69 78 79
 12 39 40 43 44 53 57 58
 12 39 40 43 44 53 57 58 70
 12 39 40 43 44 53 57 58 68 69
 12 18 41 57 58 70 78 79
 12 18 41 57 58 68 69 78 79
 12 18 41 53 57 58 70
 12 18 41 53 57 58 68 69
 12 18 41 43 57 58 78 79
 12 18 41 43 53 57 58
 12 18 39 40 57 58 70 78 79
 12 18 39 40 57 58 68 69 78 79
 12 18 39 40 53 57 58 70
 12 18 39 40 53 57 58 68 69
 12 18 39 40 43 57 58 78 79
 12 18 39 40 43 53 57 58
 12 15 41 45 58 70 78 79
 12 15 41 45 58 68 69 78 79
 12 15 41 45 53 58 70
 12 15 41 45 53 58 68 69
 12 15 41 43 45 58 78 79
 12 15 41 43 45 53 58
 12 15 41 43 44 58 78 79
 12 15 41 43 44 58 70 78 79
 12 15 41 43 44 58 68 69 78 79
 12 15 41 43 44 53 58
 12 15 41 43 44 53 58 70
 12 15 41 43 44 53 58 68 69
 12 15 39 40 45 58 70 78 79
 12 15 39 40 45 58 68 69 78 79
 12 15 39 40 45 53 58 70
 12 15 39 40 45 53 58 68 69
 12 15 39 40 43 45 58 78 79
 12 15 39 40 43 45 53 58
 12 15 39 40 43 44 58 78 79
 12 15 39 40 43 44 58 70 78 79
 12 15 39 40 43 44 58 68 69 78 79
 12 15 39 40 43 44 53 58
 12 15 39 40 43 44 53 58 70
 12 15 39 40 43 44 53 58 68 69
 12 15 18 41 58 70 78 79
 12 15 18 41 58 68 69 78 79
 12 15 18 41 53 58 70
 12 15 18 41 53 58 68 69
 12 15 18 41 43 58 78 79
 12 15 18 41 43 53 58
 12 15 18 39 40 58 70 78 79
 12 15 18 39 40 58 68 69 78 79
 12 15 18 39 40 53 58 70
 12 15 18 39 40 53 58 68 69
 12 15 18 39 40 43 58 78 79
 12 15 18 39 40 43 53 58
 12 14 45 57 58 70 78 79
 12 14 45 57 58 68 69 78 79
 12 14 45 53 57 58 70
 12 14 45 53 57 58 68 69
 12 14 43 45 57 58 78 79
 12 14 43 45 53 57 58
 12 14 43 44 57 58 78 79
 12 14 43 44 57 58 70 78 79
 12 14 43 44 57 58 68 69 78 79
 12 14 43 44 53 57 58
 12 14 43 44 53 57 58 70
 12 14 43 44 53 57 58 68 69
 12 14 18 57 58 70 78 79
 12 14 18 57 58 68 69 78 79
 12 14 18 53 57 58 70
 12 14 18 53 57 58 68 69
 12 14 18 43 57 58 78 79
 12 14 18 43 53 57 58
 12 14 15 45 58 70 78 79
 12 14 15 45 58 68 69 78 79
 12 14 15 45 53 58 70
 12 14 15 45 53 58 68 69
 12 14 15 43 45 58 78 79
 12 14 15 43 45 53 58
 12 14 15 43 44 58 78 79
 12 14 15 43 44 58 70 78 79
 12 14 15 43 44 58 68 69 78 79
 12 14 15 43 44 53 58
 12 14 15 43 44 53 58 70
 12 14 15 43 44 53 58 68 69
 12 14 15 18 58 70 78 79
 12 14 15 18 58 68 69 78 79
 12 14 15 18 53 58 70
 12 14 15 18 53 58 68 69
 12 14 15 18 43 58 78 79
 12 14 15 18 43 53 58
 12 13 14 45 58 70 78 79
 12 13 14 45 58 68 69 78 79
 12 13 14 45 53 58 70
 12 13 14 45 53 58 68 69
 12 13 14 43 45 58 78 79
 12 13 14 43 45 53 58
 12 13 14 43 44 58 78 79
 12 13 14 43 44 58 70 78 79
 12 13 14 43 44 58 68 69 78 79
 12 13 14 43 44 53 58
 12 13 14 43 44 53 58 70
 12 13 14 43 44 53 58 68 69
 12 13 14 41 45 58 70 78 79
 12 13 14 41 45 58 68 69 78 79
 12 13 14 41 45 53 58 70
 12 13 14 41 45 53 58 68 69
 12 13 14 41 43 45 58 78 79
 12 13 14 41 43 45 53 58
 12 13 14 41 43 44 58 78 79
 12 13 14 41 43 44 58 70 78 79
 12 13 14 41 43 44 58 68 69 78 79
 12 13 14 41 43 44 53 58
 12 13 14 41 43 44 53 58 70
 12 13 14 41 43 44 53 58 68 69
 12 13 14 39 40 45 58 70 78 79
 12 13 14 39 40 45 58 68 69 78 79
 12 13 14 39 40 45 53 58 70
 12 13 14 39 40 45 53 58 68 69
 12 13 14 39 40 43 45 58 78 79
 12 13 14 39 40 43 45 53 58
 12 13 14 39 40 43 44 58 78 79
 12 13 14 39 40 43 44 58 70 78 79
 12 13 14 39 40 43 44 58 68 69 78 79
 12 13 14 39 40 43 44 53 58
 12 13 14 39 40 43 44 53 58 70
 12 13 14 39 40 43 44 53 58 68 69
 12 13 14 18 58 70 78 79
 12 13 14 18 58 68 69 78 79
 12 13 14 18 53 58 70
 12 13 14 18 53 58 68 69
 12 13 14 18 43 58 78 79
 12 13 14 18 43 53 58
 12 13 14 18 41 58 70 78 79
 12 13 14 18 41 58 68 69 78 79
 12 13 14 18 41 53 58 70
 12 13 14 18 41 53 58 68 69
 12 13 14 18 41 43 58 78 79
 12 13 14 18 41 43 53 58
 12 13 14 18 39 40 58 70 78 79
 12 13 14 18 39 40 58 68 69 78 79
 12 13 14 18 39 40 53 58 70
 12 13 14 18 39 40 53 58 68 69
 12 13 14 18 39 40 43 58 78 79
 12 13 14 18 39 40 43 53 58
