
 72
 70 72
 68
 68 69 72
 68 69 70 71
 62
 60
 60 72
 60 70 71
 59
 58
 58 68 72
 58 68 70 71
 58 66 72
 58 66 70
 58 66 70 72
 58 66 68 69
 58 66 68 69 72
 58 66 68 69 70 71
 58 66 67 72
 58 66 67 70 71
 58 64 65 72
 58 64 65 70
 58 64 65 70 72
 58 64 65 68 69
 58 64 65 68 69 72
 58 64 65 68 69 70 71
 58 60
 58 59 72
 58 59 70 71
 58 59 66 72
 58 59 66 70
 58 59 66 70 72
 58 59 66 68 69
 58 59 66 68 69 72
 58 59 66 68 69 70 71
 58 59 64 65 72
 58 59 64 65 70
 58 59 64 65 70 72
 58 59 64 65 68 69
 58 59 64 65 68 69 72
 58 59 64 65 68 69 70 71
 57
 57 70
 57 68 69
 57 62
 57 58 70
 57 58 68 69
 56 68
 56 67 68
 56 65 68
 56 65 66 68
 56 59 68
 56 58 72
 56 58 70 71
 56 57 58 72
 56 57 58 70 71
 56 57 58 59 70
 56 57 58 59 68 69
 54 56 68
 53 72
 53 70 71
 52 53 56 68
 51 72
 51 70 71
 50 51 72
 50 51 70 71
 49 50 72
 49 50 70 71
 49 50 52 72
 49 50 52 70 71
 49 50 51 72
 49 50 51 70 71
 47 58 64 70
 47 58 64 68 69
 47 58 64 66
 47 58 64 65
 47 56 72
 47 56 70 71
 47 56 58 59
 47 56 57 64 70
 47 56 57 64 68 69
 47 56 57 64 66
 47 56 57 64 65
 47 55 58 70
 47 55 58 68 69
 47 55 58 66
 47 55 58 64 65
 47 55 56 57 70
 47 55 56 57 68 69
 47 55 56 57 66
 47 55 56 57 64 65
 45 72
 45 70 71
 45 64 70
 45 64 68 69
 45 62
 45 62 70
 45 62 68 69
 45 62 66
 45 62 64 65
 45 60
 45 60 66
 45 60 64 65
 45 58 70
 45 58 68
 45 58 68 74
 45 58 68 72
 45 58 68 72 73
 45 58 68 70 71
 45 58 68 69
 45 58 66
 45 58 66 70
 45 58 66 68 69
 45 58 66 67
 45 58 66 67 74
 45 58 66 67 72
 45 58 66 67 72 73
 45 58 66 67 70 71
 45 58 64 65
 45 58 64 65 70
 45 58 64 65 68 69
 45 58 60 70
 45 58 60 68 69
 45 58 59
 45 58 59 66
 45 58 59 66 70
 45 58 59 66 68 69
 45 58 59 64 65
 45 58 59 64 65 70
 45 58 59 64 65 68 69
 45 57 74
 45 57 72 74
 45 57 70 71 74
 45 57 70 71 72 73
 45 57 58 70
 45 57 58 68 69
 45 56 74
 45 56 72 74
 45 56 70 74
 45 56 70 72 73
 45 56 70 71 74
 45 56 70 71 72 73
 45 56 68 69 74
 45 56 68 69 72 73
 45 56 58
 45 56 57 70
 45 56 57 70 74
 45 56 57 70 72 73
 45 56 57 68 69
 45 56 57 68 69 74
 45 56 57 68 69 72 73
 45 56 57 60 70
 45 56 57 60 68 69
 45 56 57 58
 45 55 62
 45 54 62
 45 54 58
 45 54 58 68
 45 54 58 66
 45 54 58 66 72
 45 54 58 66 70 71
 45 54 58 66 67
 45 54 58 64 65
 45 54 58 64 65 72
 45 54 58 64 65 70 71
 45 54 55 62
 45 54 55 57 70 74
 45 54 55 57 70 72 73
 45 54 55 57 68 69 74
 45 54 55 57 68 69 72 73
 45 54 55 56 70 74
 45 54 55 56 70 72 73
 45 54 55 56 68 69 74
 45 54 55 56 68 69 72 73
 45 53 72
 45 53 70 71
 45 53 66
 45 53 64 65
 45 53 58 70
 45 53 58 68 69
 45 53 57
 45 53 57 70
 45 53 57 68 69
 45 53 56 57 58 70
 45 53 56 57 58 68 69
 45 53 55 62
 45 53 54 62
 45 53 54 56
 45 53 54 56 62
 45 53 54 55 62
 45 52 53 58
 45 52 53 58 68
 45 52 53 58 66
 45 52 53 58 66 72
 45 52 53 58 66 70 71
 45 52 53 58 66 67
 45 52 53 58 64 65
 45 52 53 58 64 65 72
 45 52 53 58 64 65 70 71
 45 51
 45 51 58 70
 45 51 58 68 69
 45 51 58 60 70
 45 51 58 60 68 69
 45 51 57 70
 45 51 57 68 69
 45 51 56 57 60 70
 45 51 56 57 60 68 69
 45 51 56 57 58 70
 45 51 56 57 58 68 69
 45 51 52 54 62
 45 51 52 53 54 62
 45 50 51
 45 50 51 58 70
 45 50 51 58 68 69
 45 50 51 57 70
 45 50 51 57 68 69
 45 50 51 56 57 58 70
 45 50 51 56 57 58 68 69
 45 49 50
 45 49 50 58 70
 45 49 50 58 68 69
 45 49 50 58 60 70
 45 49 50 58 60 68 69
 45 49 50 57 70
 45 49 50 57 68 69
 45 49 50 56 57 60 70
 45 49 50 56 57 60 68 69
 45 49 50 56 57 58 70
 45 49 50 56 57 58 68 69
 45 49 50 52
 45 49 50 52 58 70
 45 49 50 52 58 68 69
 45 49 50 52 57 70
 45 49 50 52 57 68 69
 45 49 50 52 56 57 58 70
 45 49 50 52 56 57 58 68 69
 45 49 50 51
 45 49 50 51 58 70
 45 49 50 51 58 68 69
 45 49 50 51 57 70
 45 49 50 51 57 68 69
 45 49 50 51 56 57 58 70
 45 49 50 51 56 57 58 68 69
 45 47 58 68
 45 47 58 66 67
 45 47 57
 45 47 57 72
 45 47 57 70 71
 45 47 56 72
 45 47 56 70
 45 47 56 70 71
 45 47 56 68 69
 45 47 56 57 70
 45 47 56 57 68 69
 45 47 54 55 57 70
 45 47 54 55 57 68 69
 45 47 54 55 56 70
 45 47 54 55 56 68 69
 45 46 58 64 70
 45 46 58 64 68 69
 45 46 58 64 66
 45 46 58 64 65
 45 46 56
 45 46 56 72
 45 46 56 70 71
 45 46 56 58 59
 45 46 56 57 64 70
 45 46 56 57 64 68 69
 45 46 56 57 64 66
 45 46 56 57 64 65
 45 46 55 58 70
 45 46 55 58 68 69
 45 46 55 58 66
 45 46 55 58 64 65
 45 46 55 56 57 70
 45 46 55 56 57 68 69
 45 46 55 56 57 66
 45 46 55 56 57 64 65
 43 72
 43 70 71
 43 58
 43 58 72
 43 58 70
 43 58 70 72
 43 58 68 69
 43 58 68 69 72
 43 58 68 69 70 71
 43 58 66
 43 58 66 72
 43 58 66 70 71
 43 58 64 65
 43 58 64 65 72
 43 58 64 65 70 71
 43 58 59 66
 43 58 59 66 72
 43 58 59 66 70 71
 43 58 59 64 65
 43 58 59 64 65 72
 43 58 59 64 65 70 71
 43 57 58
 43 56
 43 56 68
 43 56 57 58
 43 56 57 58 72
 43 56 57 58 70
 43 56 57 58 70 72
 43 56 57 58 68 69
 43 56 57 58 68 69 72
 43 56 57 58 68 69 70 71
 43 56 57 58 59
 43 47 58 64
 43 47 56 57 64
 43 47 55 58
 43 47 55 56 57
 43 45 64
 43 45 62
 43 45 58 70
 43 45 58 68 69
 43 45 58 66
 43 45 58 64 65
 43 45 58 60
 43 45 58 59 66
 43 45 58 59 64 65
 43 45 57 58
 43 45 56 74
 43 45 56 72 73
 43 45 56 57
 43 45 56 57 74
 43 45 56 57 72 73
 43 45 56 57 60
 43 45 56 57 58
 43 45 56 57 58 70
 43 45 56 57 58 68 69
 43 45 54 55 57 74
 43 45 54 55 57 72 73
 43 45 54 55 56 74
 43 45 54 55 56 72 73
 43 45 53 58
 43 45 53 57
 43 45 53 56 57 58
 43 45 51 58
 43 45 51 58 60
 43 45 51 57
 43 45 51 56 57 60
 43 45 51 56 57 58
 43 45 50 51 58
 43 45 50 51 57
 43 45 50 51 56 57 58
 43 45 49 50 58
 43 45 49 50 58 60
 43 45 49 50 57
 43 45 49 50 56 57 60
 43 45 49 50 56 57 58
 43 45 49 50 52 58
 43 45 49 50 52 57
 43 45 49 50 52 56 57 58
 43 45 49 50 51 58
 43 45 49 50 51 57
 43 45 49 50 51 56 57 58
 43 45 47 56
 43 45 47 56 57
 43 45 47 54 55 57
 43 45 47 54 55 56
 43 45 46 58 64
 43 45 46 56 57 64
 43 45 46 55 58
 43 45 46 55 56 57
 43 44
 43 44 72
 43 44 70
 43 44 70 71
 43 44 68 69
 43 44 64
 43 44 64 70
 43 44 64 68 69
 43 44 62 70
 43 44 62 68 69
 43 44 62 66
 43 44 62 64 65
 43 44 60 66
 43 44 60 64 65
 43 44 58
 43 44 58 70
 43 44 58 68
 43 44 58 68 74
 43 44 58 68 72
 43 44 58 68 72 73
 43 44 58 68 70 71
 43 44 58 68 69
 43 44 58 66 67
 43 44 58 66 67 74
 43 44 58 66 67 72
 43 44 58 66 67 72 73
 43 44 58 66 67 70 71
 43 44 58 60
 43 44 58 60 70
 43 44 58 60 68 69
 43 44 57 72 74
 43 44 57 72 73
 43 44 57 70 71 74
 43 44 57 70 71 72 73
 43 44 57 58
 43 44 57 58 70
 43 44 57 58 68 69
 43 44 56 74
 43 44 56 72 74
 43 44 56 70 74
 43 44 56 70 72 73
 43 44 56 70 71 74
 43 44 56 70 71 72 73
 43 44 56 68 69 74
 43 44 56 68 69 72 73
 43 44 56 57
 43 44 56 57 74
 43 44 56 57 72 73
 43 44 56 57 70
 43 44 56 57 70 74
 43 44 56 57 70 72 73
 43 44 56 57 68 69
 43 44 56 57 68 69 74
 43 44 56 57 68 69 72 73
 43 44 56 57 60
 43 44 56 57 60 70
 43 44 56 57 60 68 69
 43 44 55 62
 43 44 54 62
 43 44 54 58
 43 44 54 58 68
 43 44 54 58 66 72
 43 44 54 58 66 70 71
 43 44 54 58 66 67
 43 44 54 58 64 65 72
 43 44 54 58 64 65 70 71
 43 44 54 55 62
 43 44 54 55 57 74
 43 44 54 55 57 72 73
 43 44 54 55 57 70 74
 43 44 54 55 57 70 72 73
 43 44 54 55 57 68 69 74
 43 44 54 55 57 68 69 72 73
 43 44 54 55 56 74
 43 44 54 55 56 72 73
 43 44 54 55 56 70 74
 43 44 54 55 56 70 72 73
 43 44 54 55 56 68 69 74
 43 44 54 55 56 68 69 72 73
 43 44 53 72
 43 44 53 70 71
 43 44 53 66
 43 44 53 64 65
 43 44 53 58
 43 44 53 58 70
 43 44 53 58 68 69
 43 44 53 57 70
 43 44 53 57 68 69
 43 44 53 56 57 58
 43 44 53 56 57 58 70
 43 44 53 56 57 58 68 69
 43 44 53 55 62
 43 44 53 54 62
 43 44 53 54 56
 43 44 53 54 56 62
 43 44 53 54 55 62
 43 44 52 53 58
 43 44 52 53 58 68
 43 44 52 53 58 66 72
 43 44 52 53 58 66 70 71
 43 44 52 53 58 66 67
 43 44 52 53 58 64 65 72
 43 44 52 53 58 64 65 70 71
 43 44 51 58
 43 44 51 58 70
 43 44 51 58 68 69
 43 44 51 58 60
 43 44 51 58 60 70
 43 44 51 58 60 68 69
 43 44 51 57
 43 44 51 57 70
 43 44 51 57 68 69
 43 44 51 56 57 60
 43 44 51 56 57 60 70
 43 44 51 56 57 60 68 69
 43 44 51 56 57 58
 43 44 51 56 57 58 70
 43 44 51 56 57 58 68 69
 43 44 51 52 54 62
 43 44 51 52 53 54 62
 43 44 50 51 58
 43 44 50 51 58 70
 43 44 50 51 58 68 69
 43 44 50 51 57
 43 44 50 51 57 70
 43 44 50 51 57 68 69
 43 44 50 51 56 57 58
 43 44 50 51 56 57 58 70
 43 44 50 51 56 57 58 68 69
 43 44 49 50 58
 43 44 49 50 58 70
 43 44 49 50 58 68 69
 43 44 49 50 58 60
 43 44 49 50 58 60 70
 43 44 49 50 58 60 68 69
 43 44 49 50 57
 43 44 49 50 57 70
 43 44 49 50 57 68 69
 43 44 49 50 56 57 60
 43 44 49 50 56 57 60 70
 43 44 49 50 56 57 60 68 69
 43 44 49 50 56 57 58
 43 44 49 50 56 57 58 70
 43 44 49 50 56 57 58 68 69
 43 44 49 50 52 58
 43 44 49 50 52 58 70
 43 44 49 50 52 58 68 69
 43 44 49 50 52 57
 43 44 49 50 52 57 70
 43 44 49 50 52 57 68 69
 43 44 49 50 52 56 57 58
 43 44 49 50 52 56 57 58 70
 43 44 49 50 52 56 57 58 68 69
 43 44 49 50 51 58
 43 44 49 50 51 58 70
 43 44 49 50 51 58 68 69
 43 44 49 50 51 57
 43 44 49 50 51 57 70
 43 44 49 50 51 57 68 69
 43 44 49 50 51 56 57 58
 43 44 49 50 51 56 57 58 70
 43 44 49 50 51 56 57 58 68 69
 43 44 47 58 68
 43 44 47 58 66 67
 43 44 47 57 72
 43 44 47 57 70 71
 43 44 47 56
 43 44 47 56 72
 43 44 47 56 70
 43 44 47 56 70 71
 43 44 47 56 68 69
 43 44 47 56 57
 43 44 47 56 57 70
 43 44 47 56 57 68 69
 43 44 47 54 55 57
 43 44 47 54 55 57 70
 43 44 47 54 55 57 68 69
 43 44 47 54 55 56
 43 44 47 54 55 56 70
 43 44 47 54 55 56 68 69
 43 44 45
 43 44 45 58 68
 43 44 45 58 66 67
 43 44 45 57 74
 43 44 45 57 72 73
 43 44 45 56 74
 43 44 45 56 72 73
 43 44 45 54 58 66
 43 44 45 54 58 64 65
 43 44 45 53
 43 44 45 52 53 58 66
 43 44 45 52 53 58 64 65
 43 44 45 47 57
 43 44 45 47 56
 41 58 72
 41 58 70 71
 41 45 58
 41 45 58 74
 41 45 58 72
 41 45 58 72 73
 41 45 58 70
 41 45 58 70 71
 41 45 58 68 69
 41 45 54 58
 41 45 52 53 58
 41 45 47 58
 41 43 45 58
 41 43 44 58 74
 41 43 44 58 72
 41 43 44 58 72 73
 41 43 44 58 70
 41 43 44 58 70 71
 41 43 44 58 68 69
 41 43 44 54 58
 41 43 44 52 53 58
 41 43 44 47 58
 41 43 44 45 58
 41 42 58 70
 41 42 58 70 72
 41 42 58 70 71
 41 42 58 68 69
 41 42 58 68 69 72
 41 42 58 68 69 70 71
 41 42 57
 41 42 56
 41 42 56 68
 41 42 56 57 58 70
 41 42 56 57 58 70 72
 41 42 56 57 58 70 71
 41 42 56 57 58 68 69
 41 42 56 57 58 68 69 72
 41 42 56 57 58 68 69 70 71
 41 42 45 58 70
 41 42 45 58 68 69
 41 42 45 56 57 58 70
 41 42 45 56 57 58 68 69
 41 42 43 58
 41 42 43 58 72
 41 42 43 58 70 71
 41 42 43 56 57 58
 41 42 43 56 57 58 72
 41 42 43 56 57 58 70 71
 41 42 43 45 58
 41 42 43 45 56 57 58
 40 56 68
 40 45 62
 40 45 53 62
 40 43 44 62
 40 43 44 53 62
 39 58 72
 39 58 70
 39 58 70 72
 39 58 68 69
 39 58 68 69 72
 39 58 68 69 70 71
 39 58 59 72
 39 58 59 70
 39 58 59 70 72
 39 58 59 68 69
 39 58 59 68 69 72
 39 58 59 68 69 70 71
 39 47 58 64
 39 47 56 57 64
 39 47 55 58
 39 47 55 56 57
 39 45 62
 39 45 60
 39 45 58
 39 45 58 70
 39 45 58 68 69
 39 45 58 59
 39 45 58 59 70
 39 45 58 59 68 69
 39 45 54 58
 39 45 54 58 72
 39 45 54 58 70 71
 39 45 53
 39 45 52 53 58
 39 45 52 53 58 72
 39 45 52 53 58 70 71
 39 45 46 58 64
 39 45 46 56 57 64
 39 45 46 55 58
 39 45 46 55 56 57
 39 43 58
 39 43 58 72
 39 43 58 70 71
 39 43 58 59
 39 43 58 59 72
 39 43 58 59 70 71
 39 43 45 58
 39 43 45 58 59
 39 43 44 62
 39 43 44 60
 39 43 44 54 58 72
 39 43 44 54 58 70 71
 39 43 44 53
 39 43 44 52 53 58 72
 39 43 44 52 53 58 70 71
 39 43 44 45 54 58
 39 43 44 45 52 53 58
 39 40 45 58 70
 39 40 45 58 68 69
 39 40 43 45 58
 39 40 43 44 58
 39 40 43 44 58 70
 39 40 43 44 58 68 69
 38 72
 38 70 71
 38 45
 38 45 58 70
 38 45 58 68 69
 38 45 57 70
 38 45 57 68 69
 38 45 56 57 58 70
 38 45 56 57 58 68 69
 38 43 45 58
 38 43 45 57
 38 43 45 56 57 58
 38 43 44 58
 38 43 44 58 70
 38 43 44 58 68 69
 38 43 44 57
 38 43 44 57 70
 38 43 44 57 68 69
 38 43 44 56 57 58
 38 43 44 56 57 58 70
 38 43 44 56 57 58 68 69
 38 39 45 62
 38 39 45 53 62
 38 39 43 44 62
 38 39 43 44 53 62
 37 68
 37 45 62
 37 45 62 72
 37 45 62 70 71
 37 43 44 62 72
 37 43 44 62 70 71
 37 43 44 45 62
 36 37 72
 36 37 70 71
 36 37 45
 36 37 45 58 70
 36 37 45 58 68 69
 36 37 45 57 70
 36 37 45 57 68 69
 36 37 45 56 57 58 70
 36 37 45 56 57 58 68 69
 36 37 43 45 58
 36 37 43 45 57
 36 37 43 45 56 57 58
 36 37 43 44 58
 36 37 43 44 58 70
 36 37 43 44 58 68 69
 36 37 43 44 57
 36 37 43 44 57 70
 36 37 43 44 57 68 69
 36 37 43 44 56 57 58
 36 37 43 44 56 57 58 70
 36 37 43 44 56 57 58 68 69
 35 64
 35 57
 35 57 62
 35 55
 35 45 74
 35 45 72 73
 35 45 47
 35 43 44 74
 35 43 44 72 73
 35 43 44 47
 35 42
 35 41
 35 40
 35 38 39
 35 38 39 41
 35 38 39 40
 33 72
 33 70 71
 33 45
 31 72
 31 70
 31 70 71
 31 68 69
 31 58 72
 31 58 70 71
 31 58 59 70
 31 58 59 68 69
 31 57 70
 31 57 68 69
 31 56 72
 31 56 70 71
 31 47 64 70
 31 47 64 68 69
 31 47 64 66
 31 47 64 65
 31 47 55 70
 31 47 55 68 69
 31 47 55 66
 31 47 55 64 65
 31 45
 31 45 60 70
 31 45 60 68 69
 31 45 58
 31 45 57 70
 31 45 57 68 69
 31 45 56
 31 45 53 58 70
 31 45 53 58 68 69
 31 45 51 60 70
 31 45 51 60 68 69
 31 45 51 58 70
 31 45 51 58 68 69
 31 45 50 51 58 70
 31 45 50 51 58 68 69
 31 45 49 50 60 70
 31 45 49 50 60 68 69
 31 45 49 50 58 70
 31 45 49 50 58 68 69
 31 45 49 50 52 58 70
 31 45 49 50 52 58 68 69
 31 45 49 50 51 58 70
 31 45 49 50 51 58 68 69
 31 45 46 64 70
 31 45 46 64 68 69
 31 45 46 64 66
 31 45 46 64 65
 31 45 46 55 70
 31 45 46 55 68 69
 31 45 46 55 66
 31 45 46 55 64 65
 31 43
 31 43 58
 31 43 58 72
 31 43 58 70
 31 43 58 70 72
 31 43 58 68 69
 31 43 58 68 69 72
 31 43 58 68 69 70 71
 31 43 58 59
 31 43 57
 31 43 47 64
 31 43 47 55
 31 43 45 60
 31 43 45 58
 31 43 45 58 70
 31 43 45 58 68 69
 31 43 45 57
 31 43 45 53 58
 31 43 45 51 60
 31 43 45 51 58
 31 43 45 50 51 58
 31 43 45 49 50 60
 31 43 45 49 50 58
 31 43 45 49 50 52 58
 31 43 45 49 50 51 58
 31 43 45 46 64
 31 43 45 46 55
 31 43 44 60
 31 43 44 60 70
 31 43 44 60 68 69
 31 43 44 57
 31 43 44 57 70
 31 43 44 57 68 69
 31 43 44 53 58
 31 43 44 53 58 70
 31 43 44 53 58 68 69
 31 43 44 51 60
 31 43 44 51 60 70
 31 43 44 51 60 68 69
 31 43 44 51 58
 31 43 44 51 58 70
 31 43 44 51 58 68 69
 31 43 44 50 51 58
 31 43 44 50 51 58 70
 31 43 44 50 51 58 68 69
 31 43 44 49 50 60
 31 43 44 49 50 60 70
 31 43 44 49 50 60 68 69
 31 43 44 49 50 58
 31 43 44 49 50 58 70
 31 43 44 49 50 58 68 69
 31 43 44 49 50 52 58
 31 43 44 49 50 52 58 70
 31 43 44 49 50 52 58 68 69
 31 43 44 49 50 51 58
 31 43 44 49 50 51 58 70
 31 43 44 49 50 51 58 68 69
 31 41 42 58 70
 31 41 42 58 70 72
 31 41 42 58 70 71
 31 41 42 58 68 69
 31 41 42 58 68 69 72
 31 41 42 58 68 69 70 71
 31 41 42 45 58 70
 31 41 42 45 58 68 69
 31 41 42 43 58
 31 41 42 43 58 72
 31 41 42 43 58 70 71
 31 41 42 43 45 58
 31 39 47 64
 31 39 47 55
 31 39 45 46 64
 31 39 45 46 55
 31 38 45 58 70
 31 38 45 58 68 69
 31 38 43 45 58
 31 38 43 44 58
 31 38 43 44 58 70
 31 38 43 44 58 68 69
 31 36 37 45 58 70
 31 36 37 45 58 68 69
 31 36 37 43 45 58
 31 36 37 43 44 58
 31 36 37 43 44 58 70
 31 36 37 43 44 58 68 69
 30 72
 30 70 71
 30 53 72
 30 53 70 71
 30 51 72
 30 51 70 71
 30 50 51 72
 30 50 51 70 71
 30 49 50 72
 30 49 50 70 71
 30 49 50 52 72
 30 49 50 52 70 71
 30 49 50 51 72
 30 49 50 51 70 71
 30 45
 30 45 62
 30 45 51
 30 45 50 51
 30 45 49 50
 30 45 49 50 52
 30 45 49 50 51
 30 43 44 62
 30 43 44 53
 30 38 72
 30 38 70 71
 30 38 45
 30 36 37 72
 30 36 37 70 71
 30 36 37 45
 29 45 57 70 74
 29 45 57 70 72 73
 29 45 57 68 69 74
 29 45 57 68 69 72 73
 29 45 56 70 74
 29 45 56 70 72 73
 29 45 56 68 69 74
 29 45 56 68 69 72 73
 29 45 55 62
 29 45 53 55
 29 45 53 54
 29 45 53 54 62
 29 45 47 57 70
 29 45 47 57 68 69
 29 45 47 56 70
 29 45 47 56 68 69
 29 43 45 57 74
 29 43 45 57 72 73
 29 43 45 56 74
 29 43 45 56 72 73
 29 43 45 47 57
 29 43 45 47 56
 29 43 44 57 74
 29 43 44 57 72 73
 29 43 44 57 70 74
 29 43 44 57 70 72 73
 29 43 44 57 68 69 74
 29 43 44 57 68 69 72 73
 29 43 44 56 74
 29 43 44 56 72 73
 29 43 44 56 70 74
 29 43 44 56 70 72 73
 29 43 44 56 68 69 74
 29 43 44 56 68 69 72 73
 29 43 44 55 62
 29 43 44 53 55
 29 43 44 53 54
 29 43 44 53 54 62
 29 43 44 47 57
 29 43 44 47 57 70
 29 43 44 47 57 68 69
 29 43 44 47 56
 29 43 44 47 56 70
 29 43 44 47 56 68 69
 28
 28 72
 28 70 71
 28 58 72
 28 58 70 72
 28 58 68 69 72
 28 58 68 69 70 71
 28 58 60
 28 58 60
 28 58 60 67
 28 57 58 70
 28 57 58 68 69
 28 56 57 70
 28 56 57 68 69
 28 56 57 58 70 72
 28 56 57 58 70 71
 28 56 57 58 68 69 72
 28 56 57 58 68 69 70 71
 28 45 70
 28 45 68 69
 28 45 62
 28 45 60 70
 28 45 60 68 69
 28 45 58
 28 45 58 70
 28 45 58 68 69
 28 45 58 62 70
 28 45 58 62 68 69
 28 45 58 59 70
 28 45 58 59 68 69
 28 45 57 70
 28 45 57 68 69
 28 45 56 62
 28 45 56 57 58 70
 28 45 56 57 58 68 69
 28 45 54 55 62
 28 45 53 62
 28 45 53 58 62 70
 28 45 53 58 62 68 69
 28 45 53 56
 28 45 53 54 55
 28 43 58 72
 28 43 58 70 71
 28 43 57 58
 28 43 56 57
 28 43 56 57 58 72
 28 43 56 57 58 70 71
 28 43 45
 28 43 45 60
 28 43 45 58
 28 43 45 58 62
 28 43 45 58 59
 28 43 45 57
 28 43 45 56 57 58
 28 43 45 53 58 62
 28 43 44 70
 28 43 44 68 69
 28 43 44 62
 28 43 44 60
 28 43 44 60 70
 28 43 44 60 68 69
 28 43 44 58 62
 28 43 44 58 62 70
 28 43 44 58 62 68 69
 28 43 44 58 59
 28 43 44 58 59 70
 28 43 44 58 59 68 69
 28 43 44 57
 28 43 44 57 70
 28 43 44 57 68 69
 28 43 44 56 62
 28 43 44 54 55 62
 28 43 44 53 62
 28 43 44 53 58 62
 28 43 44 53 58 62 70
 28 43 44 53 58 62 68 69
 28 43 44 53 56
 28 43 44 53 54 55
 28 38 58 60
 28 38 54 58 60
 28 38 52 53 58 60
 28 36 37 58 60
 28 36 37 54 58 60
 28 36 37 52 53 58 60
 28 33 45 70
 28 33 45 68 69
 28 33 43 45
 28 33 43 44
 28 33 43 44 70
 28 33 43 44 68 69
 28 31 58 70 72
 28 31 58 70 71
 28 31 58 68 69 72
 28 31 58 68 69 70 71
 28 31 57 70
 28 31 57 68 69
 28 31 45 58 70
 28 31 45 58 68 69
 28 31 43 58 72
 28 31 43 58 70 71
 28 31 43 57
 28 31 43 45 58
 28 29 72
 28 29 70 71
 28 29 53 72
 28 29 53 70 71
 28 29 51 72
 28 29 51 70 71
 28 29 50 51 72
 28 29 50 51 70 71
 28 29 49 50 72
 28 29 49 50 70 71
 28 29 49 50 52 72
 28 29 49 50 52 70 71
 28 29 49 50 51 72
 28 29 49 50 51 70 71
 28 29 45
 28 29 45 62
 28 29 45 51
 28 29 45 50 51
 28 29 45 49 50
 28 29 45 49 50 52
 28 29 45 49 50 51
 28 29 43 44 62
 28 29 43 44 53
 28 29 38 72
 28 29 38 70 71
 28 29 38 45
 28 29 36 37 72
 28 29 36 37 70 71
 28 29 36 37 45
 27 56 68
 27 45 62
 27 45 58
 27 45 58 68
 27 45 58 66
 27 45 58 66 72
 27 45 58 66 70 71
 27 45 58 66 67
 27 45 58 64 65
 27 45 58 64 65 72
 27 45 58 64 65 70 71
 27 45 53 62
 27 45 51 52 62
 27 45 51 52 53 62
 27 43 44 62
 27 43 44 58
 27 43 44 58 68
 27 43 44 58 66 72
 27 43 44 58 66 70 71
 27 43 44 58 66 67
 27 43 44 58 64 65 72
 27 43 44 58 64 65 70 71
 27 43 44 53 62
 27 43 44 51 52 62
 27 43 44 51 52 53 62
 27 43 44 45 58 66
 27 43 44 45 58 64 65
 27 41 45 58
 27 41 43 44 58
 27 39 45 58
 27 39 45 58 72
 27 39 45 58 70 71
 27 39 43 44 58 72
 27 39 43 44 58 70 71
 27 39 43 44 45 58
 27 35
 27 28 38 58 60
 27 28 36 37 58 60
 26
 26 72
 26 70 71
 26 56
 26 56 67
 26 56 65
 26 56 65 66
 26 56 59
 26 54 56
 26 52 53 56
 26 45
 26 45 58 70
 26 45 58 68 69
 26 45 57 70
 26 45 57 68 69
 26 45 56 57 58 70
 26 45 56 57 58 68 69
 26 45 54 62
 26 45 53 54 62
 26 43 56
 26 43 45 58
 26 43 45 57
 26 43 45 56 57 58
 26 43 44 58
 26 43 44 58 70
 26 43 44 58 68 69
 26 43 44 57
 26 43 44 57 70
 26 43 44 57 68 69
 26 43 44 56 57 58
 26 43 44 56 57 58 70
 26 43 44 56 57 58 68 69
 26 43 44 54 62
 26 43 44 53 54 62
 26 41 42 56
 26 40 56
 26 37
 26 31 45 58 70
 26 31 45 58 68 69
 26 31 43 45 58
 26 31 43 44 58
 26 31 43 44 58 70
 26 31 43 44 58 68 69
 26 30 72
 26 30 70 71
 26 30 45
 26 28 29 72
 26 28 29 70 71
 26 28 29 45
 26 27 72
 26 27 70 71
 26 27 68
 26 27 58 72
 26 27 58 70 72
 26 27 58 68 69 72
 26 27 58 68 69 70 71
 26 27 58 60
 26 27 58 60
 26 27 58 60 67
 26 27 57 58 70
 26 27 57 58 68 69
 26 27 56
 26 27 56 57 70
 26 27 56 57 68 69
 26 27 56 57 58 70 72
 26 27 56 57 58 70 71
 26 27 56 57 58 68 69 72
 26 27 56 57 58 68 69 70 71
 26 27 45 70
 26 27 45 68 69
 26 27 45 62
 26 27 45 60 70
 26 27 45 60 68 69
 26 27 45 58
 26 27 45 58 70
 26 27 45 58 68 69
 26 27 45 58 62 70
 26 27 45 58 62 68 69
 26 27 45 58 59 70
 26 27 45 58 59 68 69
 26 27 45 57 70
 26 27 45 57 68 69
 26 27 45 56 57 58 70
 26 27 45 56 57 58 68 69
 26 27 45 53 62
 26 27 45 53 58 62 70
 26 27 45 53 58 62 68 69
 26 27 43 58 72
 26 27 43 58 70 71
 26 27 43 57 58
 26 27 43 56 57
 26 27 43 56 57 58 72
 26 27 43 56 57 58 70 71
 26 27 43 45
 26 27 43 45 60
 26 27 43 45 58
 26 27 43 45 58 62
 26 27 43 45 58 59
 26 27 43 45 57
 26 27 43 45 56 57 58
 26 27 43 45 53 58 62
 26 27 43 44 70
 26 27 43 44 68 69
 26 27 43 44 62
 26 27 43 44 60
 26 27 43 44 60 70
 26 27 43 44 60 68 69
 26 27 43 44 58 62
 26 27 43 44 58 62 70
 26 27 43 44 58 62 68 69
 26 27 43 44 58 59
 26 27 43 44 58 59 70
 26 27 43 44 58 59 68 69
 26 27 43 44 57
 26 27 43 44 57 70
 26 27 43 44 57 68 69
 26 27 43 44 53 62
 26 27 43 44 53 58 62
 26 27 43 44 53 58 62 70
 26 27 43 44 53 58 62 68 69
 26 27 38 54 58 60
 26 27 38 52 53 58 60
 26 27 36 37 54 58 60
 26 27 36 37 52 53 58 60
 26 27 33 45 70
 26 27 33 45 68 69
 26 27 33 43 45
 26 27 33 43 44
 26 27 33 43 44 70
 26 27 33 43 44 68 69
 26 27 31 58 70 72
 26 27 31 58 70 71
 26 27 31 58 68 69 72
 26 27 31 58 68 69 70 71
 26 27 31 57 70
 26 27 31 57 68 69
 26 27 31 45 58 70
 26 27 31 45 58 68 69
 26 27 31 43 58 72
 26 27 31 43 58 70 71
 26 27 31 43 57
 26 27 31 43 45 58
 26 27 28
 26 27 28 68
 25 51 72
 25 51 70 71
 25 49 50 72
 25 49 50 70 71
 25 45 51
 25 45 51 58 70
 25 45 51 58 68 69
 25 45 51 57 70
 25 45 51 57 68 69
 25 45 51 56 57 58 70
 25 45 51 56 57 58 68 69
 25 45 49 50
 25 45 49 50 58 70
 25 45 49 50 58 68 69
 25 45 49 50 57 70
 25 45 49 50 57 68 69
 25 45 49 50 56 57 58 70
 25 45 49 50 56 57 58 68 69
 25 43 45 51 58
 25 43 45 51 57
 25 43 45 51 56 57 58
 25 43 45 49 50 58
 25 43 45 49 50 57
 25 43 45 49 50 56 57 58
 25 43 44 51 58
 25 43 44 51 58 70
 25 43 44 51 58 68 69
 25 43 44 51 57
 25 43 44 51 57 70
 25 43 44 51 57 68 69
 25 43 44 51 56 57 58
 25 43 44 51 56 57 58 70
 25 43 44 51 56 57 58 68 69
 25 43 44 49 50 58
 25 43 44 49 50 58 70
 25 43 44 49 50 58 68 69
 25 43 44 49 50 57
 25 43 44 49 50 57 70
 25 43 44 49 50 57 68 69
 25 43 44 49 50 56 57 58
 25 43 44 49 50 56 57 58 70
 25 43 44 49 50 56 57 58 68 69
 25 31 45 51 58 70
 25 31 45 51 58 68 69
 25 31 45 49 50 58 70
 25 31 45 49 50 58 68 69
 25 31 43 45 51 58
 25 31 43 45 49 50 58
 25 31 43 44 51 58
 25 31 43 44 51 58 70
 25 31 43 44 51 58 68 69
 25 31 43 44 49 50 58
 25 31 43 44 49 50 58 70
 25 31 43 44 49 50 58 68 69
 25 30 51 72
 25 30 51 70 71
 25 30 49 50 72
 25 30 49 50 70 71
 25 30 45 51
 25 30 45 49 50
 25 28 58 60
 25 28 29 51 72
 25 28 29 51 70 71
 25 28 29 49 50 72
 25 28 29 49 50 70 71
 25 28 29 45 51
 25 28 29 45 49 50
 25 26 35
 25 26 27 58 60
 24
 24 72
 24 70 71
 24 60
 24 60 72
 24 60 70 71
 24 58 72
 24 58 70 71
 24 58 59 72
 24 58 59 70 71
 24 57
 24 56 58 72
 24 56 58 70 71
 24 52 72
 24 52 70 71
 24 50 51 72
 24 50 51 70 71
 24 45 60
 24 45 58
 24 45 58 60 70
 24 45 58 60 68 69
 24 45 58 59
 24 45 57 70
 24 45 57 68 69
 24 45 56 58
 24 45 56 57 70
 24 45 56 57 68 69
 24 45 56 57 60 70
 24 45 56 57 60 68 69
 24 45 56 57 58 70
 24 45 56 57 58 68 69
 24 45 52
 24 45 52 58 70
 24 45 52 58 68 69
 24 45 52 57 70
 24 45 52 57 68 69
 24 45 52 56 57 58 70
 24 45 52 56 57 58 68 69
 24 45 50 51
 24 45 50 51 58 70
 24 45 50 51 58 68 69
 24 45 50 51 57 70
 24 45 50 51 57 68 69
 24 45 50 51 56 57 58 70
 24 45 50 51 56 57 58 68 69
 24 43 45 58 60
 24 43 45 57
 24 43 45 56 57
 24 43 45 56 57 60
 24 43 45 56 57 58
 24 43 45 52 58
 24 43 45 52 57
 24 43 45 52 56 57 58
 24 43 45 50 51 58
 24 43 45 50 51 57
 24 43 45 50 51 56 57 58
 24 43 44
 24 43 44 58 60
 24 43 44 58 60 70
 24 43 44 58 60 68 69
 24 43 44 57
 24 43 44 57 70
 24 43 44 57 68 69
 24 43 44 56 57
 24 43 44 56 57 70
 24 43 44 56 57 68 69
 24 43 44 56 57 60
 24 43 44 56 57 60 70
 24 43 44 56 57 60 68 69
 24 43 44 56 57 58
 24 43 44 56 57 58 70
 24 43 44 56 57 58 68 69
 24 43 44 52 58
 24 43 44 52 58 70
 24 43 44 52 58 68 69
 24 43 44 52 57
 24 43 44 52 57 70
 24 43 44 52 57 68 69
 24 43 44 52 56 57 58
 24 43 44 52 56 57 58 70
 24 43 44 52 56 57 58 68 69
 24 43 44 50 51 58
 24 43 44 50 51 58 70
 24 43 44 50 51 58 68 69
 24 43 44 50 51 57
 24 43 44 50 51 57 70
 24 43 44 50 51 57 68 69
 24 43 44 50 51 56 57 58
 24 43 44 50 51 56 57 58 70
 24 43 44 50 51 56 57 58 68 69
 24 35 57
 24 33 72
 24 33 70 71
 24 33 45
 24 31 72
 24 31 70 71
 24 31 56 72
 24 31 56 70 71
 24 31 45
 24 31 45 70
 24 31 45 68 69
 24 31 45 60 70
 24 31 45 60 68 69
 24 31 45 58 70
 24 31 45 58 68 69
 24 31 45 56
 24 31 45 52 58 70
 24 31 45 52 58 68 69
 24 31 45 50 51 58 70
 24 31 45 50 51 58 68 69
 24 31 43 45
 24 31 43 45 60
 24 31 43 45 58
 24 31 43 45 52 58
 24 31 43 45 50 51 58
 24 31 43 44
 24 31 43 44 70
 24 31 43 44 68 69
 24 31 43 44 60
 24 31 43 44 60 70
 24 31 43 44 60 68 69
 24 31 43 44 58
 24 31 43 44 58 70
 24 31 43 44 58 68 69
 24 31 43 44 52 58
 24 31 43 44 52 58 70
 24 31 43 44 52 58 68 69
 24 31 43 44 50 51 58
 24 31 43 44 50 51 58 70
 24 31 43 44 50 51 58 68 69
 24 30 72
 24 30 70 71
 24 30 52 72
 24 30 52 70 71
 24 30 50 51 72
 24 30 50 51 70 71
 24 30 45
 24 30 45 52
 24 30 45 50 51
 24 28 72
 24 28 70 71
 24 28 45
 24 28 29 72
 24 28 29 70 71
 24 28 29 52 72
 24 28 29 52 70 71
 24 28 29 50 51 72
 24 28 29 50 51 70 71
 24 28 29 45
 24 28 29 45 52
 24 28 29 45 50 51
 24 26 27 72
 24 26 27 70 71
 24 26 27 45
 24 25
 24 25 72
 24 25 70 71
 24 25 56
 24 25 56 67
 24 25 56 65
 24 25 56 65 66
 24 25 56 59
 24 25 54 56
 24 25 52 53 56
 24 25 45
 24 25 45 58 70
 24 25 45 58 68 69
 24 25 45 57 70
 24 25 45 57 68 69
 24 25 45 56 57 58 70
 24 25 45 56 57 58 68 69
 24 25 43 56
 24 25 43 45 58
 24 25 43 45 57
 24 25 43 45 56 57 58
 24 25 43 44 58
 24 25 43 44 58 70
 24 25 43 44 58 68 69
 24 25 43 44 57
 24 25 43 44 57 70
 24 25 43 44 57 68 69
 24 25 43 44 56 57 58
 24 25 43 44 56 57 58 70
 24 25 43 44 56 57 58 68 69
 24 25 41 42 56
 24 25 40 56
 24 25 37
 24 25 31 45 58 70
 24 25 31 45 58 68 69
 24 25 31 43 45 58
 24 25 31 43 44 58
 24 25 31 43 44 58 70
 24 25 31 43 44 58 68 69
 24 25 30 72
 24 25 30 70 71
 24 25 30 45
 24 25 28 29 72
 24 25 28 29 70 71
 24 25 28 29 45
 24 25 27 56
 24 25 26 27
 24 25 26 27 28
 23 24 28 58 60
 23 24 26 27 58 60
 20 58 64 70
 20 58 64 68 69
 20 58 64 66
 20 58 64 65
 20 56 72
 20 56 70 71
 20 56 58 59
 20 56 57 64 70
 20 56 57 64 68 69
 20 56 57 64 66
 20 56 57 64 65
 20 55 58 70
 20 55 58 68 69
 20 55 58 66
 20 55 58 64 65
 20 55 56 57 70
 20 55 56 57 68 69
 20 55 56 57 66
 20 55 56 57 64 65
 20 45 56
 20 43 58 64
 20 43 56 57 64
 20 43 55 58
 20 43 55 56 57
 20 39 58 64
 20 39 56 57 64
 20 39 55 58
 20 39 55 56 57
 20 31 64 70
 20 31 64 68 69
 20 31 64 66
 20 31 64 65
 20 31 55 70
 20 31 55 68 69
 20 31 55 66
 20 31 55 64 65
 20 31 43 64
 20 31 43 55
 20 31 39 64
 20 31 39 55
 18 72
 18 70
 18 70 71
 18 68 69
 18 64 70
 18 64 68 69
 18 62
 18 62 70
 18 62 68 69
 18 62 66
 18 62 64 65
 18 60 66
 18 60 64 65
 18 58 70
 18 58 68
 18 58 68 74
 18 58 68 72
 18 58 68 72 73
 18 58 68 70 71
 18 58 68 69
 18 58 66 67
 18 58 66 67 74
 18 58 66 67 72
 18 58 66 67 72 73
 18 58 66 67 70 71
 18 58 60 70
 18 58 60 68 69
 18 57 72 74
 18 57 72 73
 18 57 70 71 74
 18 57 70 71 72 73
 18 57 58 70
 18 57 58 68 69
 18 56 72 74
 18 56 72 73
 18 56 70 74
 18 56 70 72 73
 18 56 70 71 74
 18 56 70 71 72 73
 18 56 68 69 74
 18 56 68 69 72 73
 18 56 57 70
 18 56 57 70 74
 18 56 57 70 72 73
 18 56 57 68 69
 18 56 57 68 69 74
 18 56 57 68 69 72 73
 18 56 57 60 70
 18 56 57 60 68 69
 18 55 62
 18 54 62
 18 54 58
 18 54 58 68
 18 54 58 66 72
 18 54 58 66 70 71
 18 54 58 66 67
 18 54 58 64 65 72
 18 54 58 64 65 70 71
 18 54 55 62
 18 54 55 57 70 74
 18 54 55 57 70 72 73
 18 54 55 57 68 69 74
 18 54 55 57 68 69 72 73
 18 54 55 56 70 74
 18 54 55 56 70 72 73
 18 54 55 56 68 69 74
 18 54 55 56 68 69 72 73
 18 53 72
 18 53 70 71
 18 53 66
 18 53 64 65
 18 53 58 70
 18 53 58 68 69
 18 53 57
 18 53 57 70
 18 53 57 68 69
 18 53 56 57 58 70
 18 53 56 57 58 68 69
 18 53 55 62
 18 53 54 62
 18 53 54 56
 18 53 54 56 62
 18 53 54 55 62
 18 52 53 58
 18 52 53 58 68
 18 52 53 58 66 72
 18 52 53 58 66 70 71
 18 52 53 58 66 67
 18 52 53 58 64 65 72
 18 52 53 58 64 65 70 71
 18 51 58 70
 18 51 58 68 69
 18 51 58 60 70
 18 51 58 60 68 69
 18 51 57 70
 18 51 57 68 69
 18 51 56 57 60 70
 18 51 56 57 60 68 69
 18 51 56 57 58 70
 18 51 56 57 58 68 69
 18 51 52 54 62
 18 51 52 53 54 62
 18 50 51 58 70
 18 50 51 58 68 69
 18 50 51 57 70
 18 50 51 57 68 69
 18 50 51 56 57 58 70
 18 50 51 56 57 58 68 69
 18 49 50 58 70
 18 49 50 58 68 69
 18 49 50 58 60 70
 18 49 50 58 60 68 69
 18 49 50 57 70
 18 49 50 57 68 69
 18 49 50 56 57 60 70
 18 49 50 56 57 60 68 69
 18 49 50 56 57 58 70
 18 49 50 56 57 58 68 69
 18 49 50 52 58 70
 18 49 50 52 58 68 69
 18 49 50 52 57 70
 18 49 50 52 57 68 69
 18 49 50 52 56 57 58 70
 18 49 50 52 56 57 58 68 69
 18 49 50 51 58 70
 18 49 50 51 58 68 69
 18 49 50 51 57 70
 18 49 50 51 57 68 69
 18 49 50 51 56 57 58 70
 18 49 50 51 56 57 58 68 69
 18 47 58 68
 18 47 58 66 67
 18 47 57 72
 18 47 57 70 71
 18 47 56 72
 18 47 56 70
 18 47 56 70 71
 18 47 56 68 69
 18 47 56 57 70
 18 47 56 57 68 69
 18 47 54 55 57 70
 18 47 54 55 57 68 69
 18 47 54 55 56 70
 18 47 54 55 56 68 69
 18 45
 18 45 58 68
 18 45 58 66 67
 18 45 57 74
 18 45 57 72 73
 18 45 56 74
 18 45 56 72 73
 18 45 54 58 66
 18 45 54 58 64 65
 18 45 53
 18 45 52 53 58 66
 18 45 52 53 58 64 65
 18 45 47 57
 18 45 47 56
 18 43
 18 43 64
 18 43 62
 18 43 58
 18 43 58 60
 18 43 57 58
 18 43 56 74
 18 43 56 72 73
 18 43 56 57
 18 43 56 57 74
 18 43 56 57 72 73
 18 43 56 57 60
 18 43 54 55 57 74
 18 43 54 55 57 72 73
 18 43 54 55 56 74
 18 43 54 55 56 72 73
 18 43 53 58
 18 43 53 57
 18 43 53 56 57 58
 18 43 51 58
 18 43 51 58 60
 18 43 51 57
 18 43 51 56 57 60
 18 43 51 56 57 58
 18 43 50 51 58
 18 43 50 51 57
 18 43 50 51 56 57 58
 18 43 49 50 58
 18 43 49 50 58 60
 18 43 49 50 57
 18 43 49 50 56 57 60
 18 43 49 50 56 57 58
 18 43 49 50 52 58
 18 43 49 50 52 57
 18 43 49 50 52 56 57 58
 18 43 49 50 51 58
 18 43 49 50 51 57
 18 43 49 50 51 56 57 58
 18 43 47 56
 18 43 47 56 57
 18 43 47 54 55 57
 18 43 47 54 55 56
 18 41 58
 18 41 58 74
 18 41 58 72
 18 41 58 72 73
 18 41 58 70
 18 41 58 70 71
 18 41 58 68 69
 18 41 54 58
 18 41 52 53 58
 18 41 47 58
 18 41 45 58
 18 41 43 58
 18 40 62
 18 40 53 62
 18 39 62
 18 39 60
 18 39 54 58 72
 18 39 54 58 70 71
 18 39 53
 18 39 52 53 58 72
 18 39 52 53 58 70 71
 18 39 45 54 58
 18 39 45 52 53 58
 18 39 40 58 70
 18 39 40 58 68 69
 18 39 40 43 58
 18 38 58 70
 18 38 58 68 69
 18 38 57 70
 18 38 57 68 69
 18 38 56 57 58 70
 18 38 56 57 58 68 69
 18 38 43 58
 18 38 43 57
 18 38 43 56 57 58
 18 38 39 62
 18 38 39 53 62
 18 37 62 72
 18 37 62 70 71
 18 37 45 62
 18 36 37 58 70
 18 36 37 58 68 69
 18 36 37 57 70
 18 36 37 57 68 69
 18 36 37 56 57 58 70
 18 36 37 56 57 58 68 69
 18 36 37 43 58
 18 36 37 43 57
 18 36 37 43 56 57 58
 18 35 74
 18 35 72 73
 18 35 47
 18 31 60 70
 18 31 60 68 69
 18 31 57 70
 18 31 57 68 69
 18 31 53 58 70
 18 31 53 58 68 69
 18 31 51 60 70
 18 31 51 60 68 69
 18 31 51 58 70
 18 31 51 58 68 69
 18 31 50 51 58 70
 18 31 50 51 58 68 69
 18 31 49 50 60 70
 18 31 49 50 60 68 69
 18 31 49 50 58 70
 18 31 49 50 58 68 69
 18 31 49 50 52 58 70
 18 31 49 50 52 58 68 69
 18 31 49 50 51 58 70
 18 31 49 50 51 58 68 69
 18 31 43 60
 18 31 43 57
 18 31 43 53 58
 18 31 43 51 60
 18 31 43 51 58
 18 31 43 50 51 58
 18 31 43 49 50 60
 18 31 43 49 50 58
 18 31 43 49 50 52 58
 18 31 43 49 50 51 58
 18 31 38 58 70
 18 31 38 58 68 69
 18 31 38 43 58
 18 31 36 37 58 70
 18 31 36 37 58 68 69
 18 31 36 37 43 58
 18 30 62
 18 30 53
 18 29 57 70 74
 18 29 57 70 72 73
 18 29 57 68 69 74
 18 29 57 68 69 72 73
 18 29 56 70 74
 18 29 56 70 72 73
 18 29 56 68 69 74
 18 29 56 68 69 72 73
 18 29 55 62
 18 29 53 55
 18 29 53 54
 18 29 53 54 62
 18 29 47 57 70
 18 29 47 57 68 69
 18 29 47 56 70
 18 29 47 56 68 69
 18 29 43 57 74
 18 29 43 57 72 73
 18 29 43 56 74
 18 29 43 56 72 73
 18 29 43 47 57
 18 29 43 47 56
 18 28
 18 28 70
 18 28 68 69
 18 28 62
 18 28 60 70
 18 28 60 68 69
 18 28 58 62 70
 18 28 58 62 68 69
 18 28 58 59 70
 18 28 58 59 68 69
 18 28 57 70
 18 28 57 68 69
 18 28 56 62
 18 28 54 55 62
 18 28 53 62
 18 28 53 58 62 70
 18 28 53 58 62 68 69
 18 28 53 56
 18 28 53 54 55
 18 28 43
 18 28 43 60
 18 28 43 58 62
 18 28 43 58 59
 18 28 43 57
 18 28 43 53 58 62
 18 28 33 70
 18 28 33 68 69
 18 28 33 43
 18 28 29 62
 18 28 29 53
 18 27 62
 18 27 58
 18 27 58 68
 18 27 58 66 72
 18 27 58 66 70 71
 18 27 58 66 67
 18 27 58 64 65 72
 18 27 58 64 65 70 71
 18 27 53 62
 18 27 51 52 62
 18 27 51 52 53 62
 18 27 45 58 66
 18 27 45 58 64 65
 18 27 41 58
 18 27 39 58 72
 18 27 39 58 70 71
 18 27 39 45 58
 18 26 58 70
 18 26 58 68 69
 18 26 57 70
 18 26 57 68 69
 18 26 56 57 58 70
 18 26 56 57 58 68 69
 18 26 54 62
 18 26 53 54 62
 18 26 43 58
 18 26 43 57
 18 26 43 56 57 58
 18 26 31 58 70
 18 26 31 58 68 69
 18 26 31 43 58
 18 26 27
 18 26 27 70
 18 26 27 68 69
 18 26 27 62
 18 26 27 60 70
 18 26 27 60 68 69
 18 26 27 58 62 70
 18 26 27 58 62 68 69
 18 26 27 58 59 70
 18 26 27 58 59 68 69
 18 26 27 57 70
 18 26 27 57 68 69
 18 26 27 53 62
 18 26 27 53 58 62 70
 18 26 27 53 58 62 68 69
 18 26 27 43
 18 26 27 43 60
 18 26 27 43 58 62
 18 26 27 43 58 59
 18 26 27 43 57
 18 26 27 43 53 58 62
 18 26 27 33 70
 18 26 27 33 68 69
 18 26 27 33 43
 18 25 51 58 70
 18 25 51 58 68 69
 18 25 51 57 70
 18 25 51 57 68 69
 18 25 51 56 57 58 70
 18 25 51 56 57 58 68 69
 18 25 49 50 58 70
 18 25 49 50 58 68 69
 18 25 49 50 57 70
 18 25 49 50 57 68 69
 18 25 49 50 56 57 58 70
 18 25 49 50 56 57 58 68 69
 18 25 43 51 58
 18 25 43 51 57
 18 25 43 51 56 57 58
 18 25 43 49 50 58
 18 25 43 49 50 57
 18 25 43 49 50 56 57 58
 18 25 31 51 58 70
 18 25 31 51 58 68 69
 18 25 31 49 50 58 70
 18 25 31 49 50 58 68 69
 18 25 31 43 51 58
 18 25 31 43 49 50 58
 18 24
 18 24 58 60 70
 18 24 58 60 68 69
 18 24 57 70
 18 24 57 68 69
 18 24 56 57 70
 18 24 56 57 68 69
 18 24 56 57 60 70
 18 24 56 57 60 68 69
 18 24 56 57 58 70
 18 24 56 57 58 68 69
 18 24 52 58 70
 18 24 52 58 68 69
 18 24 52 57 70
 18 24 52 57 68 69
 18 24 52 56 57 58 70
 18 24 52 56 57 58 68 69
 18 24 50 51 58 70
 18 24 50 51 58 68 69
 18 24 50 51 57 70
 18 24 50 51 57 68 69
 18 24 50 51 56 57 58 70
 18 24 50 51 56 57 58 68 69
 18 24 43 58 60
 18 24 43 57
 18 24 43 56 57
 18 24 43 56 57 60
 18 24 43 56 57 58
 18 24 43 52 58
 18 24 43 52 57
 18 24 43 52 56 57 58
 18 24 43 50 51 58
 18 24 43 50 51 57
 18 24 43 50 51 56 57 58
 18 24 31 70
 18 24 31 68 69
 18 24 31 60 70
 18 24 31 60 68 69
 18 24 31 58 70
 18 24 31 58 68 69
 18 24 31 52 58 70
 18 24 31 52 58 68 69
 18 24 31 50 51 58 70
 18 24 31 50 51 58 68 69
 18 24 31 43
 18 24 31 43 60
 18 24 31 43 58
 18 24 31 43 52 58
 18 24 31 43 50 51 58
 18 24 25 58 70
 18 24 25 58 68 69
 18 24 25 57 70
 18 24 25 57 68 69
 18 24 25 56 57 58 70
 18 24 25 56 57 58 68 69
 18 24 25 43 58
 18 24 25 43 57
 18 24 25 43 56 57 58
 18 24 25 31 58 70
 18 24 25 31 58 68 69
 18 24 25 31 43 58
 17
 17 58
 17 58 70
 17 58 68 69
 17 58 66 72
 17 58 66 70 71
 17 58 64 65 72
 17 58 64 65 70 71
 17 56 68
 17 56 57 58 70
 17 56 57 58 68 69
 17 45 58 66
 17 45 58 64 65
 17 43 58
 17 43 56 57 58
 17 39 58 72
 17 39 58 70 71
 17 39 45 58
 17 31 58 70
 17 31 58 68 69
 17 31 43 58
 17 26 56
 17 24 25 56
 16 58 70
 16 58 70 72
 16 58 70 71
 16 58 68 69
 16 58 68 69 72
 16 58 68 69 70 71
 16 57
 16 56
 16 56 68
 16 56 57 58 70
 16 56 57 58 70 72
 16 56 57 58 70 71
 16 56 57 58 68 69
 16 56 57 58 68 69 72
 16 56 57 58 68 69 70 71
 16 45 58 70
 16 45 58 68 69
 16 45 56 57 58 70
 16 45 56 57 58 68 69
 16 43 58
 16 43 58 72
 16 43 58 70 71
 16 43 56 57 58
 16 43 56 57 58 72
 16 43 56 57 58 70 71
 16 43 45 58
 16 43 45 56 57 58
 16 31 58 70
 16 31 58 70 72
 16 31 58 70 71
 16 31 58 68 69
 16 31 58 68 69 72
 16 31 58 68 69 70 71
 16 31 45 58 70
 16 31 45 58 68 69
 16 31 43 58
 16 31 43 58 72
 16 31 43 58 70 71
 16 31 43 45 58
 16 26 56
 16 24 25 56
 15
 15 70
 15 68 69
 15 62
 15 58 70
 15 58 68 69
 15 56 57 70
 15 56 57 68 69
 15 45 74
 15 45 72 74
 15 45 70 71 74
 15 45 70 71 72 73
 15 45 62
 15 45 58 70
 15 45 58 68 69
 15 45 56 70 74
 15 45 56 70 72 73
 15 45 56 68 69 74
 15 45 56 68 69 72 73
 15 45 56 57 70
 15 45 56 57 68 69
 15 45 54 55 70 74
 15 45 54 55 70 72 73
 15 45 54 55 68 69 74
 15 45 54 55 68 69 72 73
 15 45 53 70
 15 45 53 68 69
 15 45 51 70
 15 45 51 68 69
 15 45 50 51 70
 15 45 50 51 68 69
 15 45 49 50 70
 15 45 49 50 68 69
 15 45 49 50 52 70
 15 45 49 50 52 68 69
 15 45 49 50 51 70
 15 45 49 50 51 68 69
 15 45 47
 15 45 47 72
 15 45 47 70 71
 15 45 47 56 70
 15 45 47 56 68 69
 15 45 47 54 55 70
 15 45 47 54 55 68 69
 15 43 58
 15 43 56 57
 15 43 45 58
 15 43 45 56 74
 15 43 45 56 72 73
 15 43 45 56 57
 15 43 45 54 55 74
 15 43 45 54 55 72 73
 15 43 45 53
 15 43 45 51
 15 43 45 50 51
 15 43 45 49 50
 15 43 45 49 50 52
 15 43 45 49 50 51
 15 43 45 47 56
 15 43 45 47 54 55
 15 43 44 72 74
 15 43 44 72 73
 15 43 44 70 71 74
 15 43 44 70 71 72 73
 15 43 44 62
 15 43 44 58
 15 43 44 58 70
 15 43 44 58 68 69
 15 43 44 56 74
 15 43 44 56 72 73
 15 43 44 56 70 74
 15 43 44 56 70 72 73
 15 43 44 56 68 69 74
 15 43 44 56 68 69 72 73
 15 43 44 56 57
 15 43 44 56 57 70
 15 43 44 56 57 68 69
 15 43 44 54 55 74
 15 43 44 54 55 72 73
 15 43 44 54 55 70 74
 15 43 44 54 55 70 72 73
 15 43 44 54 55 68 69 74
 15 43 44 54 55 68 69 72 73
 15 43 44 53
 15 43 44 53 70
 15 43 44 53 68 69
 15 43 44 51
 15 43 44 51 70
 15 43 44 51 68 69
 15 43 44 50 51
 15 43 44 50 51 70
 15 43 44 50 51 68 69
 15 43 44 49 50
 15 43 44 49 50 70
 15 43 44 49 50 68 69
 15 43 44 49 50 52
 15 43 44 49 50 52 70
 15 43 44 49 50 52 68 69
 15 43 44 49 50 51
 15 43 44 49 50 51 70
 15 43 44 49 50 51 68 69
 15 43 44 47 72
 15 43 44 47 70 71
 15 43 44 47 56
 15 43 44 47 56 70
 15 43 44 47 56 68 69
 15 43 44 47 54 55
 15 43 44 47 54 55 70
 15 43 44 47 54 55 68 69
 15 43 44 45 74
 15 43 44 45 72 73
 15 43 44 45 47
 15 41 42
 15 38 45 70
 15 38 45 68 69
 15 38 43 45
 15 38 43 44
 15 38 43 44 70
 15 38 43 44 68 69
 15 36 37 45 70
 15 36 37 45 68 69
 15 36 37 43 45
 15 36 37 43 44
 15 36 37 43 44 70
 15 36 37 43 44 68 69
 15 35 62
 15 31 70
 15 31 68 69
 15 31 45 70
 15 31 45 68 69
 15 31 43
 15 31 43 45
 15 31 43 44
 15 31 43 44 70
 15 31 43 44 68 69
 15 29 45 70 74
 15 29 45 70 72 73
 15 29 45 68 69 74
 15 29 45 68 69 72 73
 15 29 45 47 70
 15 29 45 47 68 69
 15 29 43 45 74
 15 29 43 45 72 73
 15 29 43 45 47
 15 29 43 44 74
 15 29 43 44 72 73
 15 29 43 44 70 74
 15 29 43 44 70 72 73
 15 29 43 44 68 69 74
 15 29 43 44 68 69 72 73
 15 29 43 44 47
 15 29 43 44 47 70
 15 29 43 44 47 68 69
 15 28 58 70
 15 28 58 68 69
 15 28 56 57 70
 15 28 56 57 68 69
 15 28 45 70
 15 28 45 68 69
 15 28 43 58
 15 28 43 56 57
 15 28 43 45
 15 28 43 44
 15 28 43 44 70
 15 28 43 44 68 69
 15 28 31 70
 15 28 31 68 69
 15 28 31 43
 15 26 45 70
 15 26 45 68 69
 15 26 43 45
 15 26 43 44
 15 26 43 44 70
 15 26 43 44 68 69
 15 26 27 58 70
 15 26 27 58 68 69
 15 26 27 56 57 70
 15 26 27 56 57 68 69
 15 26 27 45 70
 15 26 27 45 68 69
 15 26 27 43 58
 15 26 27 43 56 57
 15 26 27 43 45
 15 26 27 43 44
 15 26 27 43 44 70
 15 26 27 43 44 68 69
 15 26 27 31 70
 15 26 27 31 68 69
 15 26 27 31 43
 15 25 45 51 70
 15 25 45 51 68 69
 15 25 45 49 50 70
 15 25 45 49 50 68 69
 15 25 43 45 51
 15 25 43 45 49 50
 15 25 43 44 51
 15 25 43 44 51 70
 15 25 43 44 51 68 69
 15 25 43 44 49 50
 15 25 43 44 49 50 70
 15 25 43 44 49 50 68 69
 15 24
 15 24 45 70
 15 24 45 68 69
 15 24 45 52 70
 15 24 45 52 68 69
 15 24 45 50 51 70
 15 24 45 50 51 68 69
 15 24 43 45
 15 24 43 45 52
 15 24 43 45 50 51
 15 24 43 44
 15 24 43 44 70
 15 24 43 44 68 69
 15 24 43 44 52
 15 24 43 44 52 70
 15 24 43 44 52 68 69
 15 24 43 44 50 51
 15 24 43 44 50 51 70
 15 24 43 44 50 51 68 69
 15 24 35
 15 24 25 45 70
 15 24 25 45 68 69
 15 24 25 43 45
 15 24 25 43 44
 15 24 25 43 44 70
 15 24 25 43 44 68 69
 15 18 72 74
 15 18 72 73
 15 18 70 71 74
 15 18 70 71 72 73
 15 18 62
 15 18 58 70
 15 18 58 68 69
 15 18 56 70 74
 15 18 56 70 72 73
 15 18 56 68 69 74
 15 18 56 68 69 72 73
 15 18 56 57 70
 15 18 56 57 68 69
 15 18 54 55 70 74
 15 18 54 55 70 72 73
 15 18 54 55 68 69 74
 15 18 54 55 68 69 72 73
 15 18 53 70
 15 18 53 68 69
 15 18 51 70
 15 18 51 68 69
 15 18 50 51 70
 15 18 50 51 68 69
 15 18 49 50 70
 15 18 49 50 68 69
 15 18 49 50 52 70
 15 18 49 50 52 68 69
 15 18 49 50 51 70
 15 18 49 50 51 68 69
 15 18 47 72
 15 18 47 70 71
 15 18 47 56 70
 15 18 47 56 68 69
 15 18 47 54 55 70
 15 18 47 54 55 68 69
 15 18 45 74
 15 18 45 72 73
 15 18 45 47
 15 18 43 58
 15 18 43 56 74
 15 18 43 56 72 73
 15 18 43 56 57
 15 18 43 54 55 74
 15 18 43 54 55 72 73
 15 18 43 53
 15 18 43 51
 15 18 43 50 51
 15 18 43 49 50
 15 18 43 49 50 52
 15 18 43 49 50 51
 15 18 43 47 56
 15 18 43 47 54 55
 15 18 38 70
 15 18 38 68 69
 15 18 38 43
 15 18 36 37 70
 15 18 36 37 68 69
 15 18 36 37 43
 15 18 31 70
 15 18 31 68 69
 15 18 31 43
 15 18 29 70 74
 15 18 29 70 72 73
 15 18 29 68 69 74
 15 18 29 68 69 72 73
 15 18 29 47 70
 15 18 29 47 68 69
 15 18 29 43 74
 15 18 29 43 72 73
 15 18 29 43 47
 15 18 28 70
 15 18 28 68 69
 15 18 28 43
 15 18 26 70
 15 18 26 68 69
 15 18 26 43
 15 18 26 27 70
 15 18 26 27 68 69
 15 18 26 27 43
 15 18 25 51 70
 15 18 25 51 68 69
 15 18 25 49 50 70
 15 18 25 49 50 68 69
 15 18 25 43 51
 15 18 25 43 49 50
 15 18 24 70
 15 18 24 68 69
 15 18 24 52 70
 15 18 24 52 68 69
 15 18 24 50 51 70
 15 18 24 50 51 68 69
 15 18 24 43
 15 18 24 43 52
 15 18 24 43 50 51
 15 18 24 25 70
 15 18 24 25 68 69
 15 18 24 25 43
 15 16 58
 15 16 58 70
 15 16 58 68 69
 15 16 58 66 72
 15 16 58 66 70 71
 15 16 58 64 65 72
 15 16 58 64 65 70 71
 15 16 56 68
 15 16 56 57 58 70
 15 16 56 57 58 68 69
 15 16 45 58 66
 15 16 45 58 64 65
 15 16 43 58
 15 16 43 56 57 58
 15 16 39 58 72
 15 16 39 58 70 71
 15 16 39 45 58
 15 16 31 58 70
 15 16 31 58 68 69
 15 16 31 43 58
 15 16 26 56
 15 16 24 25 56
 14 45 58 70
 14 45 58 68 69
 14 43 45 58
 14 43 44 58
 14 43 44 58 70
 14 43 44 58 68 69
 14 35
 14 35 40
 14 35 38 39
 14 18 58 70
 14 18 58 68 69
 14 18 43 58
 13 47 58 70
 13 47 58 68 69
 13 47 58 66
 13 47 58 64 65
 13 47 56 57 70
 13 47 56 57 68 69
 13 47 56 57 66
 13 47 56 57 64 65
 13 45 62
 13 45 53 62
 13 45 46 58 70
 13 45 46 58 68 69
 13 45 46 58 66
 13 45 46 58 64 65
 13 45 46 56 57 70
 13 45 46 56 57 68 69
 13 45 46 56 57 66
 13 45 46 56 57 64 65
 13 43 47 58
 13 43 47 56 57
 13 43 45 46 58
 13 43 45 46 56 57
 13 43 44 62
 13 43 44 53 62
 13 39 47 58
 13 39 47 56 57
 13 39 45 46 58
 13 39 45 46 56 57
 13 35
 13 35 41
 13 35 39 40
 13 31 47 70
 13 31 47 68 69
 13 31 47 66
 13 31 47 64 65
 13 31 45 46 70
 13 31 45 46 68 69
 13 31 45 46 66
 13 31 45 46 64 65
 13 31 43 47
 13 31 43 45 46
 13 31 39 47
 13 31 39 45 46
 13 20 58 70
 13 20 58 68 69
 13 20 58 66
 13 20 58 64 65
 13 20 56 57 70
 13 20 56 57 68 69
 13 20 56 57 66
 13 20 56 57 64 65
 13 20 43 58
 13 20 43 56 57
 13 20 39 58
 13 20 39 56 57
 13 20 31 70
 13 20 31 68 69
 13 20 31 66
 13 20 31 64 65
 13 20 31 43
 13 20 31 39
 13 18 62
 13 18 53 62
 13 14
 13 14 70
 13 14 68 69
 13 14 62
 13 14 58 70
 13 14 58 68 69
 13 14 56 57 70
 13 14 56 57 68 69
 13 14 45 74
 13 14 45 72 74
 13 14 45 70 71 74
 13 14 45 70 71 72 73
 13 14 45 62
 13 14 45 58 70
 13 14 45 58 68 69
 13 14 45 56 70 74
 13 14 45 56 70 72 73
 13 14 45 56 68 69 74
 13 14 45 56 68 69 72 73
 13 14 45 56 57 70
 13 14 45 56 57 68 69
 13 14 45 54 55 70 74
 13 14 45 54 55 70 72 73
 13 14 45 54 55 68 69 74
 13 14 45 54 55 68 69 72 73
 13 14 45 53 70
 13 14 45 53 68 69
 13 14 45 51 70
 13 14 45 51 68 69
 13 14 45 50 51 70
 13 14 45 50 51 68 69
 13 14 45 49 50 70
 13 14 45 49 50 68 69
 13 14 45 49 50 52 70
 13 14 45 49 50 52 68 69
 13 14 45 49 50 51 70
 13 14 45 49 50 51 68 69
 13 14 45 47
 13 14 45 47 72
 13 14 45 47 70 71
 13 14 45 47 56 70
 13 14 45 47 56 68 69
 13 14 45 47 54 55 70
 13 14 45 47 54 55 68 69
 13 14 43 58
 13 14 43 56 57
 13 14 43 45 58
 13 14 43 45 56 74
 13 14 43 45 56 72 73
 13 14 43 45 56 57
 13 14 43 45 54 55 74
 13 14 43 45 54 55 72 73
 13 14 43 45 53
 13 14 43 45 51
 13 14 43 45 50 51
 13 14 43 45 49 50
 13 14 43 45 49 50 52
 13 14 43 45 49 50 51
 13 14 43 45 47 56
 13 14 43 45 47 54 55
 13 14 43 44 72 74
 13 14 43 44 72 73
 13 14 43 44 70 71 74
 13 14 43 44 70 71 72 73
 13 14 43 44 62
 13 14 43 44 58
 13 14 43 44 58 70
 13 14 43 44 58 68 69
 13 14 43 44 56 74
 13 14 43 44 56 72 73
 13 14 43 44 56 70 74
 13 14 43 44 56 70 72 73
 13 14 43 44 56 68 69 74
 13 14 43 44 56 68 69 72 73
 13 14 43 44 56 57
 13 14 43 44 56 57 70
 13 14 43 44 56 57 68 69
 13 14 43 44 54 55 74
 13 14 43 44 54 55 72 73
 13 14 43 44 54 55 70 74
 13 14 43 44 54 55 70 72 73
 13 14 43 44 54 55 68 69 74
 13 14 43 44 54 55 68 69 72 73
 13 14 43 44 53
 13 14 43 44 53 70
 13 14 43 44 53 68 69
 13 14 43 44 51
 13 14 43 44 51 70
 13 14 43 44 51 68 69
 13 14 43 44 50 51
 13 14 43 44 50 51 70
 13 14 43 44 50 51 68 69
 13 14 43 44 49 50
 13 14 43 44 49 50 70
 13 14 43 44 49 50 68 69
 13 14 43 44 49 50 52
 13 14 43 44 49 50 52 70
 13 14 43 44 49 50 52 68 69
 13 14 43 44 49 50 51
 13 14 43 44 49 50 51 70
 13 14 43 44 49 50 51 68 69
 13 14 43 44 47 72
 13 14 43 44 47 70 71
 13 14 43 44 47 56
 13 14 43 44 47 56 70
 13 14 43 44 47 56 68 69
 13 14 43 44 47 54 55
 13 14 43 44 47 54 55 70
 13 14 43 44 47 54 55 68 69
 13 14 43 44 45 74
 13 14 43 44 45 72 73
 13 14 43 44 45 47
 13 14 41 42
 13 14 38 45 70
 13 14 38 45 68 69
 13 14 38 43 45
 13 14 38 43 44
 13 14 38 43 44 70
 13 14 38 43 44 68 69
 13 14 36 37 45 70
 13 14 36 37 45 68 69
 13 14 36 37 43 45
 13 14 36 37 43 44
 13 14 36 37 43 44 70
 13 14 36 37 43 44 68 69
 13 14 35 62
 13 14 31 70
 13 14 31 68 69
 13 14 31 45 70
 13 14 31 45 68 69
 13 14 31 43
 13 14 31 43 45
 13 14 31 43 44
 13 14 31 43 44 70
 13 14 31 43 44 68 69
 13 14 29 45 70 74
 13 14 29 45 70 72 73
 13 14 29 45 68 69 74
 13 14 29 45 68 69 72 73
 13 14 29 45 47 70
 13 14 29 45 47 68 69
 13 14 29 43 45 74
 13 14 29 43 45 72 73
 13 14 29 43 45 47
 13 14 29 43 44 74
 13 14 29 43 44 72 73
 13 14 29 43 44 70 74
 13 14 29 43 44 70 72 73
 13 14 29 43 44 68 69 74
 13 14 29 43 44 68 69 72 73
 13 14 29 43 44 47
 13 14 29 43 44 47 70
 13 14 29 43 44 47 68 69
 13 14 28 58 70
 13 14 28 58 68 69
 13 14 28 56 57 70
 13 14 28 56 57 68 69
 13 14 28 45 70
 13 14 28 45 68 69
 13 14 28 43 58
 13 14 28 43 56 57
 13 14 28 43 45
 13 14 28 43 44
 13 14 28 43 44 70
 13 14 28 43 44 68 69
 13 14 28 31 70
 13 14 28 31 68 69
 13 14 28 31 43
 13 14 26 45 70
 13 14 26 45 68 69
 13 14 26 43 45
 13 14 26 43 44
 13 14 26 43 44 70
 13 14 26 43 44 68 69
 13 14 26 27 58 70
 13 14 26 27 58 68 69
 13 14 26 27 56 57 70
 13 14 26 27 56 57 68 69
 13 14 26 27 45 70
 13 14 26 27 45 68 69
 13 14 26 27 43 58
 13 14 26 27 43 56 57
 13 14 26 27 43 45
 13 14 26 27 43 44
 13 14 26 27 43 44 70
 13 14 26 27 43 44 68 69
 13 14 26 27 31 70
 13 14 26 27 31 68 69
 13 14 26 27 31 43
 13 14 25 45 51 70
 13 14 25 45 51 68 69
 13 14 25 45 49 50 70
 13 14 25 45 49 50 68 69
 13 14 25 43 45 51
 13 14 25 43 45 49 50
 13 14 25 43 44 51
 13 14 25 43 44 51 70
 13 14 25 43 44 51 68 69
 13 14 25 43 44 49 50
 13 14 25 43 44 49 50 70
 13 14 25 43 44 49 50 68 69
 13 14 24
 13 14 24 45 70
 13 14 24 45 68 69
 13 14 24 45 52 70
 13 14 24 45 52 68 69
 13 14 24 45 50 51 70
 13 14 24 45 50 51 68 69
 13 14 24 43 45
 13 14 24 43 45 52
 13 14 24 43 45 50 51
 13 14 24 43 44
 13 14 24 43 44 70
 13 14 24 43 44 68 69
 13 14 24 43 44 52
 13 14 24 43 44 52 70
 13 14 24 43 44 52 68 69
 13 14 24 43 44 50 51
 13 14 24 43 44 50 51 70
 13 14 24 43 44 50 51 68 69
 13 14 24 35
 13 14 24 25 45 70
 13 14 24 25 45 68 69
 13 14 24 25 43 45
 13 14 24 25 43 44
 13 14 24 25 43 44 70
 13 14 24 25 43 44 68 69
 13 14 18 72 74
 13 14 18 72 73
 13 14 18 70 71 74
 13 14 18 70 71 72 73
 13 14 18 62
 13 14 18 58 70
 13 14 18 58 68 69
 13 14 18 56 70 74
 13 14 18 56 70 72 73
 13 14 18 56 68 69 74
 13 14 18 56 68 69 72 73
 13 14 18 56 57 70
 13 14 18 56 57 68 69
 13 14 18 54 55 70 74
 13 14 18 54 55 70 72 73
 13 14 18 54 55 68 69 74
 13 14 18 54 55 68 69 72 73
 13 14 18 53 70
 13 14 18 53 68 69
 13 14 18 51 70
 13 14 18 51 68 69
 13 14 18 50 51 70
 13 14 18 50 51 68 69
 13 14 18 49 50 70
 13 14 18 49 50 68 69
 13 14 18 49 50 52 70
 13 14 18 49 50 52 68 69
 13 14 18 49 50 51 70
 13 14 18 49 50 51 68 69
 13 14 18 47 72
 13 14 18 47 70 71
 13 14 18 47 56 70
 13 14 18 47 56 68 69
 13 14 18 47 54 55 70
 13 14 18 47 54 55 68 69
 13 14 18 45 74
 13 14 18 45 72 73
 13 14 18 45 47
 13 14 18 43 58
 13 14 18 43 56 74
 13 14 18 43 56 72 73
 13 14 18 43 56 57
 13 14 18 43 54 55 74
 13 14 18 43 54 55 72 73
 13 14 18 43 53
 13 14 18 43 51
 13 14 18 43 50 51
 13 14 18 43 49 50
 13 14 18 43 49 50 52
 13 14 18 43 49 50 51
 13 14 18 43 47 56
 13 14 18 43 47 54 55
 13 14 18 38 70
 13 14 18 38 68 69
 13 14 18 38 43
 13 14 18 36 37 70
 13 14 18 36 37 68 69
 13 14 18 36 37 43
 13 14 18 31 70
 13 14 18 31 68 69
 13 14 18 31 43
 13 14 18 29 70 74
 13 14 18 29 70 72 73
 13 14 18 29 68 69 74
 13 14 18 29 68 69 72 73
 13 14 18 29 47 70
 13 14 18 29 47 68 69
 13 14 18 29 43 74
 13 14 18 29 43 72 73
 13 14 18 29 43 47
 13 14 18 28 70
 13 14 18 28 68 69
 13 14 18 28 43
 13 14 18 26 70
 13 14 18 26 68 69
 13 14 18 26 43
 13 14 18 26 27 70
 13 14 18 26 27 68 69
 13 14 18 26 27 43
 13 14 18 25 51 70
 13 14 18 25 51 68 69
 13 14 18 25 49 50 70
 13 14 18 25 49 50 68 69
 13 14 18 25 43 51
 13 14 18 25 43 49 50
 13 14 18 24 70
 13 14 18 24 68 69
 13 14 18 24 52 70
 13 14 18 24 52 68 69
 13 14 18 24 50 51 70
 13 14 18 24 50 51 68 69
 13 14 18 24 43
 13 14 18 24 43 52
 13 14 18 24 43 50 51
 13 14 18 24 25 70
 13 14 18 24 25 68 69
 13 14 18 24 25 43
 13 14 16
 11 72
 11 70 71
 11 45 72
 11 45 70 71
 11 45 66
 11 45 64 65
 11 45 58 70
 11 45 58 68 69
 11 45 57
 11 45 57 70
 11 45 57 68 69
 11 45 56 57 58 70
 11 45 56 57 58 68 69
 11 45 55 62
 11 45 54 62
 11 45 54 55
 11 45 53 54 56
 11 45 53 54 55
 11 45 51 52 54 62
 11 45 51 52 53 62
 11 43 45 58
 11 43 45 57
 11 43 45 56 57 58
 11 43 44 72
 11 43 44 70 71
 11 43 44 66
 11 43 44 64 65
 11 43 44 58
 11 43 44 58 70
 11 43 44 58 68 69
 11 43 44 57 70
 11 43 44 57 68 69
 11 43 44 56 57 58
 11 43 44 56 57 58 70
 11 43 44 56 57 58 68 69
 11 43 44 55 62
 11 43 44 54 62
 11 43 44 54 55
 11 43 44 53 54 56
 11 43 44 53 54 55
 11 43 44 51 52 54 62
 11 43 44 51 52 53 62
 11 43 44 45
 11 40 45 62
 11 40 43 44 62
 11 39 45
 11 39 43 44
 11 38 39 45 62
 11 38 39 43 44 62
 11 31 45 58 70
 11 31 45 58 68 69
 11 31 43 45 58
 11 31 43 44 58
 11 31 43 44 58 70
 11 31 43 44 58 68 69
 11 30 72
 11 30 70 71
 11 30 43 44
 11 29 45 55
 11 29 45 53 54
 11 29 43 44 55
 11 29 43 44 53 54
 11 28 58 60
 11 28 54 58 60
 11 28 52 53 58 60
 11 28 45 62
 11 28 45 58 62 70
 11 28 45 58 62 68 69
 11 28 45 56
 11 28 45 54 55
 11 28 43 45 58 62
 11 28 43 44 62
 11 28 43 44 58 62
 11 28 43 44 58 62 70
 11 28 43 44 58 62 68 69
 11 28 43 44 56
 11 28 43 44 54 55
 11 28 29 72
 11 28 29 70 71
 11 28 29 43 44
 11 27 45 62
 11 27 45 53 62
 11 27 45 51 52 62
 11 27 43 44 62
 11 27 43 44 53 62
 11 27 43 44 51 52 62
 11 27 28 58 60
 11 26 45 54 62
 11 26 45 52 53 62
 11 26 43 44 54 62
 11 26 43 44 52 53 62
 11 26 27 54 58 60
 11 26 27 52 53 58 60
 11 26 27 45 62
 11 26 27 45 58 62 70
 11 26 27 45 58 62 68 69
 11 26 27 43 45 58 62
 11 26 27 43 44 62
 11 26 27 43 44 58 62
 11 26 27 43 44 58 62 70
 11 26 27 43 44 58 62 68 69
 11 18 72
 11 18 70 71
 11 18 66
 11 18 64 65
 11 18 58 70
 11 18 58 68 69
 11 18 57
 11 18 57 70
 11 18 57 68 69
 11 18 56 57 58 70
 11 18 56 57 58 68 69
 11 18 55 62
 11 18 54 62
 11 18 54 55
 11 18 53 54 56
 11 18 53 54 55
 11 18 51 52 54 62
 11 18 51 52 53 62
 11 18 45
 11 18 43 58
 11 18 43 57
 11 18 43 56 57 58
 11 18 40 62
 11 18 39
 11 18 38 39 62
 11 18 31 58 70
 11 18 31 58 68 69
 11 18 31 43 58
 11 18 30
 11 18 29 55
 11 18 29 53 54
 11 18 28 62
 11 18 28 58 62 70
 11 18 28 58 62 68 69
 11 18 28 56
 11 18 28 54 55
 11 18 28 43 58 62
 11 18 28 29
 11 18 27 62
 11 18 27 53 62
 11 18 27 51 52 62
 11 18 26 54 62
 11 18 26 52 53 62
 11 18 26 27 62
 11 18 26 27 58 62 70
 11 18 26 27 58 62 68 69
 11 18 26 27 43 58 62
 11 15 45 70
 11 15 45 68 69
 11 15 43 45
 11 15 43 44
 11 15 43 44 70
 11 15 43 44 68 69
 11 15 18 70
 11 15 18 68 69
 11 15 18 43
 11 13 45 62
 11 13 43 44 62
 11 13 18 62
 11 13 14 45 70
 11 13 14 45 68 69
 11 13 14 43 45
 11 13 14 43 44
 11 13 14 43 44 70
 11 13 14 43 44 68 69
 11 13 14 18 70
 11 13 14 18 68 69
 11 13 14 18 43
 11 12 47 58 70
 11 12 47 58 68 69
 11 12 47 58 66
 11 12 47 58 64 65
 11 12 47 56 57 70
 11 12 47 56 57 68 69
 11 12 47 56 57 66
 11 12 47 56 57 64 65
 11 12 45 46 58 70
 11 12 45 46 58 68 69
 11 12 45 46 58 66
 11 12 45 46 58 64 65
 11 12 45 46 56 57 70
 11 12 45 46 56 57 68 69
 11 12 45 46 56 57 66
 11 12 45 46 56 57 64 65
 11 12 43 47 58
 11 12 43 47 56 57
 11 12 43 45 46 58
 11 12 43 45 46 56 57
 11 12 39 47 58
 11 12 39 47 56 57
 11 12 39 45 46 58
 11 12 39 45 46 56 57
 11 12 35
 11 12 31 47 70
 11 12 31 47 68 69
 11 12 31 47 66
 11 12 31 47 64 65
 11 12 31 45 46 70
 11 12 31 45 46 68 69
 11 12 31 45 46 66
 11 12 31 45 46 64 65
 11 12 31 43 47
 11 12 31 43 45 46
 11 12 31 39 47
 11 12 31 39 45 46
 11 12 20 58 70
 11 12 20 58 68 69
 11 12 20 58 66
 11 12 20 58 64 65
 11 12 20 56 57 70
 11 12 20 56 57 68 69
 11 12 20 56 57 66
 11 12 20 56 57 64 65
 11 12 20 43 58
 11 12 20 43 56 57
 11 12 20 39 58
 11 12 20 39 56 57
 11 12 20 31 70
 11 12 20 31 68 69
 11 12 20 31 66
 11 12 20 31 64 65
 11 12 20 31 43
 11 12 20 31 39
 9 10 45
 9 10 45 72
 9 10 45 70 71
 9 10 45 66
 9 10 45 64 65
 9 10 45 57
 9 10 45 55 62
 9 10 45 54 62
 9 10 45 54 55
 9 10 45 53 54 56
 9 10 45 53 54 55
 9 10 45 51 52 54 62
 9 10 45 51 52 53 62
 9 10 43 44 72
 9 10 43 44 70 71
 9 10 43 44 66
 9 10 43 44 64 65
 9 10 43 44 57
 9 10 43 44 55 62
 9 10 43 44 54 62
 9 10 43 44 54 55
 9 10 43 44 53 54 56
 9 10 43 44 53 54 55
 9 10 43 44 51 52 54 62
 9 10 43 44 51 52 53 62
 9 10 43 44 45
 9 10 40 45 62
 9 10 40 43 44 62
 9 10 39 45
 9 10 39 43 44
 9 10 38 39 45 62
 9 10 38 39 43 44 62
 9 10 30 45
 9 10 30 43 44
 9 10 29 45 55
 9 10 29 45 53 54
 9 10 29 43 44 55
 9 10 29 43 44 53 54
 9 10 28 45 62
 9 10 28 45 58 62 70
 9 10 28 45 58 62 68 69
 9 10 28 45 56
 9 10 28 45 54 55
 9 10 28 43 45 58 62
 9 10 28 43 44 62
 9 10 28 43 44 58 62
 9 10 28 43 44 58 62 70
 9 10 28 43 44 58 62 68 69
 9 10 28 43 44 56
 9 10 28 43 44 54 55
 9 10 28 29 45
 9 10 28 29 43 44
 9 10 27 45 62
 9 10 27 45 53 62
 9 10 27 45 51 52 62
 9 10 27 43 44 62
 9 10 27 43 44 53 62
 9 10 27 43 44 51 52 62
 9 10 26 45 54 62
 9 10 26 45 52 53 62
 9 10 26 43 44 54 62
 9 10 26 43 44 52 53 62
 9 10 26 27 45 62
 9 10 26 27 45 58 62 70
 9 10 26 27 45 58 62 68 69
 9 10 26 27 43 45 58 62
 9 10 26 27 43 44 62
 9 10 26 27 43 44 58 62
 9 10 26 27 43 44 58 62 70
 9 10 26 27 43 44 58 62 68 69
 9 10 18 72
 9 10 18 70 71
 9 10 18 66
 9 10 18 64 65
 9 10 18 57
 9 10 18 55 62
 9 10 18 54 62
 9 10 18 54 55
 9 10 18 53 54 56
 9 10 18 53 54 55
 9 10 18 51 52 54 62
 9 10 18 51 52 53 62
 9 10 18 45
 9 10 18 40 62
 9 10 18 39
 9 10 18 38 39 62
 9 10 18 30
 9 10 18 29 55
 9 10 18 29 53 54
 9 10 18 28 62
 9 10 18 28 58 62 70
 9 10 18 28 58 62 68 69
 9 10 18 28 56
 9 10 18 28 54 55
 9 10 18 28 43 58 62
 9 10 18 28 29
 9 10 18 27 62
 9 10 18 27 53 62
 9 10 18 27 51 52 62
 9 10 18 26 54 62
 9 10 18 26 52 53 62
 9 10 18 26 27 62
 9 10 18 26 27 58 62 70
 9 10 18 26 27 58 62 68 69
 9 10 18 26 27 43 58 62
 9 10 13 45 62
 9 10 13 43 44 62
 9 10 13 18 62
 3 72
 3 70 71
 3 53 72
 3 53 70 71
 3 51 72
 3 51 70 71
 3 50 51 72
 3 50 51 70 71
 3 49 50 72
 3 49 50 70 71
 3 49 50 52 72
 3 49 50 52 70 71
 3 49 50 51 72
 3 49 50 51 70 71
 3 45
 3 45 53
 3 45 51
 3 45 50 51
 3 45 49 50
 3 45 49 50 52
 3 45 49 50 51
 3 38 72
 3 38 70 71
 3 38 45
 3 36 37 72
 3 36 37 70 71
 3 36 37 45
 3 26 72
 3 26 70 71
 3 26 45
 3 25 51 72
 3 25 51 70 71
 3 25 49 50 72
 3 25 49 50 70 71
 3 25 45 51
 3 25 45 49 50
 3 24 72
 3 24 70 71
 3 24 52 72
 3 24 52 70 71
 3 24 50 51 72
 3 24 50 51 70 71
 3 24 45
 3 24 45 52
 3 24 45 50 51
 3 24 25 72
 3 24 25 70 71
 3 24 25 45
 3 11 72
 3 11 70 71
 3 11 45
 1
 1 72
 1 70 71
 1 68
 1 58 72
 1 58 70 72
 1 58 68 69 72
 1 58 68 69 70 71
 1 58 60
 1 58 60
 1 58 60 67
 1 57 58 70
 1 57 58 68 69
 1 56 57 70
 1 56 57 68 69
 1 56 57 58 70 72
 1 56 57 58 70 71
 1 56 57 58 68 69 72
 1 56 57 58 68 69 70 71
 1 45 70
 1 45 68 69
 1 45 60 70
 1 45 60 68 69
 1 45 58
 1 45 58 70
 1 45 58 68 69
 1 45 58 62 70
 1 45 58 62 68 69
 1 45 58 59 70
 1 45 58 59 68 69
 1 45 57 70
 1 45 57 68 69
 1 45 56 57 58 70
 1 45 56 57 58 68 69
 1 45 53 58 62 70
 1 45 53 58 62 68 69
 1 43 58 72
 1 43 58 70 71
 1 43 57 58
 1 43 56 57
 1 43 56 57 58 72
 1 43 56 57 58 70 71
 1 43 45
 1 43 45 60
 1 43 45 58
 1 43 45 58 62
 1 43 45 58 59
 1 43 45 57
 1 43 45 56 57 58
 1 43 45 53 58 62
 1 43 44 70
 1 43 44 68 69
 1 43 44 60
 1 43 44 60 70
 1 43 44 60 68 69
 1 43 44 58 62
 1 43 44 58 62 70
 1 43 44 58 62 68 69
 1 43 44 58 59
 1 43 44 58 59 70
 1 43 44 58 59 68 69
 1 43 44 57
 1 43 44 57 70
 1 43 44 57 68 69
 1 43 44 53 58 62
 1 43 44 53 58 62 70
 1 43 44 53 58 62 68 69
 1 38 58 60
 1 38 54 58 60
 1 38 52 53 58 60
 1 36 37 58 60
 1 36 37 54 58 60
 1 36 37 52 53 58 60
 1 33 45 70
 1 33 45 68 69
 1 33 43 45
 1 33 43 44
 1 33 43 44 70
 1 33 43 44 68 69
 1 31 58 70 72
 1 31 58 70 71
 1 31 58 68 69 72
 1 31 58 68 69 70 71
 1 31 57 70
 1 31 57 68 69
 1 31 45 58 70
 1 31 45 58 68 69
 1 31 43 58 72
 1 31 43 58 70 71
 1 31 43 57
 1 31 43 45 58
 1 28 68
 1 27 38 58 60
 1 27 36 37 58 60
 1 26
 1 26 28
 1 25 58 60
 1 24 72
 1 24 70 71
 1 24 45
 1 24 25
 1 24 25 28
 1 23 24 58 60
 1 18
 1 18 70
 1 18 68 69
 1 18 60 70
 1 18 60 68 69
 1 18 58 62 70
 1 18 58 62 68 69
 1 18 58 59 70
 1 18 58 59 68 69
 1 18 57 70
 1 18 57 68 69
 1 18 53 58 62 70
 1 18 53 58 62 68 69
 1 18 43
 1 18 43 60
 1 18 43 58 62
 1 18 43 58 59
 1 18 43 57
 1 18 43 53 58 62
 1 18 33 70
 1 18 33 68 69
 1 18 33 43
 1 15 58 70
 1 15 58 68 69
 1 15 56 57 70
 1 15 56 57 68 69
 1 15 45 70
 1 15 45 68 69
 1 15 43 58
 1 15 43 56 57
 1 15 43 45
 1 15 43 44
 1 15 43 44 70
 1 15 43 44 68 69
 1 15 31 70
 1 15 31 68 69
 1 15 31 43
 1 15 18 70
 1 15 18 68 69
 1 15 18 43
 1 13 14 58 70
 1 13 14 58 68 69
 1 13 14 56 57 70
 1 13 14 56 57 68 69
 1 13 14 45 70
 1 13 14 45 68 69
 1 13 14 43 58
 1 13 14 43 56 57
 1 13 14 43 45
 1 13 14 43 44
 1 13 14 43 44 70
 1 13 14 43 44 68 69
 1 13 14 31 70
 1 13 14 31 68 69
 1 13 14 31 43
 1 13 14 18 70
 1 13 14 18 68 69
 1 13 14 18 43
 1 11 58 60
 1 11 54 58 60
 1 11 52 53 58 60
 1 11 45 58 62 70
 1 11 45 58 62 68 69
 1 11 43 45 58 62
 1 11 43 44 58 62
 1 11 43 44 58 62 70
 1 11 43 44 58 62 68 69
 1 11 27 58 60
 1 11 18 58 62 70
 1 11 18 58 62 68 69
 1 11 18 43 58 62
 1 9 10 45 58 62 70
 1 9 10 45 58 62 68 69
 1 9 10 43 45 58 62
 1 9 10 43 44 58 62
 1 9 10 43 44 58 62 70
 1 9 10 43 44 58 62 68 69
 1 9 10 18 58 62 70
 1 9 10 18 58 62 68 69
 1 9 10 18 43 58 62
 0 35
