 58 60
 58 60 68 70
 58 60 68 69
 58 59 68 70
 58 59 68 69
 58 59 66 68 72
 58 59 66 68 70 71
 58 59 64 65 68 72
 58 59 64 65 68 70 71
 56 57 58 59 68 70
 56 57 58 59 68 69
 45 58 59 66 68
 45 58 59 64 65 68
 43 58 68
 43 58 68 70
 43 58 68 69
 43 58 60 68
 43 58 59 72
 43 58 59 70 71
 43 58 59 68
 43 56 57 58 59 72
 43 56 57 58 59 70 71
 43 56 57 58 59 68
 43 45 58 59
 43 45 56 57 58 59
 41 58
 41 58 66 70
 41 58 66 70 72
 41 58 66 70 71
 41 58 66 68 69
 41 58 66 68 69 72
 41 58 66 68 69 70 71
 41 58 64 65 70
 41 58 64 65 70 72
 41 58 64 65 70 71
 41 58 64 65 68 69
 41 58 64 65 68 69 72
 41 58 64 65 68 69 70 71
 41 58 59 72
 41 58 59 70 71
 41 57 60 68
 41 56 57 58 59 72
 41 56 57 58 59 70 71
 41 45 58 66 70
 41 45 58 66 68 69
 41 45 58 64 65 70
 41 45 58 64 65 68 69
 41 45 58 59
 41 45 56 57 58 59
 41 43 58 66
 41 43 58 66 72
 41 43 58 66 70 71
 41 43 58 64 65
 41 43 58 64 65 72
 41 43 58 64 65 70 71
 41 43 57 58 68
 41 43 45 58 66
 41 43 45 58 64 65
 41 42 58 68 70
 41 42 58 68 69
 41 42 58 59 72
 41 42 58 59 70 71
 41 42 57 58 68
 41 42 56 57 58 59 72
 41 42 56 57 58 59 70 71
 41 42 45 58 59
 41 42 45 56 57 58 59
 41 42 43 58 68
 39 58 59 68 72
 39 58 59 68 70 71
 39 45 58 59 68
 39 41 58 70
 39 41 58 70 72
 39 41 58 70 71
 39 41 58 68 69
 39 41 58 68 69 72
 39 41 58 68 69 70 71
 39 41 45 58 70
 39 41 45 58 68 69
 39 41 43 58
 39 41 43 58 72
 39 41 43 58 70 71
 39 41 43 45 58
 39 40 58
 39 40 58 70
 39 40 58 70 72
 39 40 58 70 71
 39 40 58 68 69
 39 40 58 68 69 72
 39 40 58 68 69 70 71
 39 40 58 66 70
 39 40 58 66 70 72
 39 40 58 66 70 71
 39 40 58 66 68 69
 39 40 58 66 68 69 72
 39 40 58 66 68 69 70 71
 39 40 58 64 65 70
 39 40 58 64 65 70 72
 39 40 58 64 65 70 71
 39 40 58 64 65 68 69
 39 40 58 64 65 68 69 72
 39 40 58 64 65 68 69 70 71
 39 40 58 59 72
 39 40 58 59 70 71
 39 40 57 60 68
 39 40 56 57 58 59 72
 39 40 56 57 58 59 70 71
 39 40 45 58 70
 39 40 45 58 68 69
 39 40 45 58 66 70
 39 40 45 58 66 68 69
 39 40 45 58 64 65 70
 39 40 45 58 64 65 68 69
 39 40 45 58 59
 39 40 45 56 57 58 59
 39 40 43 58
 39 40 43 58 72
 39 40 43 58 70 71
 39 40 43 58 66
 39 40 43 58 66 72
 39 40 43 58 66 70 71
 39 40 43 58 64 65
 39 40 43 58 64 65 72
 39 40 43 58 64 65 70 71
 39 40 43 57 58 68
 39 40 43 45 58
 39 40 43 45 58 66
 39 40 43 45 58 64 65
 39 40 41 42 57 58 68
 31 58 59 68 70
 31 58 59 68 69
 31 43 58 59 72
 31 43 58 59 70 71
 31 43 58 59 68
 31 43 45 58 59
 31 41 58 59 72
 31 41 58 59 70 71
 31 41 45 58 59
 31 41 42 58 59 72
 31 41 42 58 59 70 71
 31 41 42 45 58 59
 31 39 40 58 59 72
 31 39 40 58 59 70 71
 31 39 40 45 58 59
 28 58 60 65
 28 58 60 63 64
 28 58 59 72
 28 58 59 70 71
 28 56 57 58 59 72
 28 56 57 58 59 70 71
 28 45 58 59
 28 45 56 57 58 59
 28 43 58 65
 28 43 58 63 64
 28 41 57 60
 28 41 57 58 60
 28 41 42 58 65
 28 41 42 58 63 64
 28 39 40 57 60
 28 39 40 57 58 60
 28 38 58 60
 28 38 43 58
 28 38 41 42 58
 28 31 58 59 72
 28 31 58 59 70 71
 28 31 45 58 59
 26 58 60 70
 26 58 60 68 69
 26 58 59 70
 26 58 59 68 69
 26 58 59 66 72
 26 58 59 66 70 71
 26 58 59 64 65 72
 26 58 59 64 65 70 71
 26 56 57 58 59 70
 26 56 57 58 59 68 69
 26 45 58 59 66
 26 45 58 59 64 65
 26 43 58
 26 43 58 70
 26 43 58 68 69
 26 43 58 60
 26 43 58 59
 26 43 56 57 58 59
 26 41 57 60
 26 41 43 57 58
 26 41 42 58 70
 26 41 42 58 68 69
 26 41 42 57 58
 26 41 42 43 58
 26 39 58 59 72
 26 39 58 59 70 71
 26 39 45 58 59
 26 39 40 57 60
 26 39 40 43 57 58
 26 39 40 41 42 57 58
 26 31 58 59 70
 26 31 58 59 68 69
 26 31 43 58 59
 26 27 58 60 65
 26 27 58 60 63 64
 26 27 58 59 72
 26 27 58 59 70 71
 26 27 56 57 58 59 72
 26 27 56 57 58 59 70 71
 26 27 45 58 59
 26 27 45 56 57 58 59
 26 27 43 58 65
 26 27 43 58 63 64
 26 27 41 57 60
 26 27 41 57 58 60
 26 27 41 42 58 65
 26 27 41 42 58 63 64
 26 27 39 40 57 60
 26 27 39 40 57 58 60
 26 27 38 58 60
 26 27 38 43 58
 26 27 38 41 42 58
 26 27 31 58 59 72
 26 27 31 58 59 70 71
 26 27 31 45 58 59
 24 25 58 60 70
 24 25 58 60 68 69
 24 25 58 59 70
 24 25 58 59 68 69
 24 25 58 59 66 72
 24 25 58 59 66 70 71
 24 25 58 59 64 65 72
 24 25 58 59 64 65 70 71
 24 25 56 57 58 59 70
 24 25 56 57 58 59 68 69
 24 25 45 58 59 66
 24 25 45 58 59 64 65
 24 25 43 58
 24 25 43 58 70
 24 25 43 58 68 69
 24 25 43 58 60
 24 25 43 58 59
 24 25 43 56 57 58 59
 24 25 41 57 60
 24 25 41 43 57 58
 24 25 41 42 58 70
 24 25 41 42 58 68 69
 24 25 41 42 57 58
 24 25 41 42 43 58
 24 25 39 58 59 72
 24 25 39 58 59 70 71
 24 25 39 45 58 59
 24 25 39 40 57 60
 24 25 39 40 43 57 58
 24 25 39 40 41 42 57 58
 24 25 31 58 59 70
 24 25 31 58 59 68 69
 24 25 31 43 58 59
 17 58 68 70
 17 58 68 69
 17 58 66 68 72
 17 58 66 68 70 71
 17 58 64 65 68 72
 17 58 64 65 68 70 71
 17 56 57 58 68 70
 17 56 57 58 68 69
 17 45 58 66 68
 17 45 58 64 65 68
 17 43 58 72
 17 43 58 70 71
 17 43 58 68
 17 43 56 57 58 72
 17 43 56 57 58 70 71
 17 43 56 57 58 68
 17 43 45 58
 17 43 45 56 57 58
 17 41 58 72
 17 41 58 70 71
 17 41 56 57 58 72
 17 41 56 57 58 70 71
 17 41 45 58
 17 41 45 56 57 58
 17 41 42 58 72
 17 41 42 58 70 71
 17 41 42 56 57 58 72
 17 41 42 56 57 58 70 71
 17 41 42 45 58
 17 41 42 45 56 57 58
 17 39 58 68 72
 17 39 58 68 70 71
 17 39 45 58 68
 17 39 40 58 72
 17 39 40 58 70 71
 17 39 40 56 57 58 72
 17 39 40 56 57 58 70 71
 17 39 40 45 58
 17 39 40 45 56 57 58
 17 31 58 68 70
 17 31 58 68 69
 17 31 43 58 72
 17 31 43 58 70 71
 17 31 43 58 68
 17 31 43 45 58
 17 31 41 58 72
 17 31 41 58 70 71
 17 31 41 45 58
 17 31 41 42 58 72
 17 31 41 42 58 70 71
 17 31 41 42 45 58
 17 31 39 40 58 72
 17 31 39 40 58 70 71
 17 31 39 40 45 58
 17 28 58 72
 17 28 58 70 71
 17 28 56 57 58 72
 17 28 56 57 58 70 71
 17 28 45 58
 17 28 45 56 57 58
 17 28 31 58 72
 17 28 31 58 70 71
 17 28 31 45 58
 17 26 58 70
 17 26 58 68 69
 17 26 58 66 72
 17 26 58 66 70 71
 17 26 58 64 65 72
 17 26 58 64 65 70 71
 17 26 56 57 58 70
 17 26 56 57 58 68 69
 17 26 45 58 66
 17 26 45 58 64 65
 17 26 43 58
 17 26 43 56 57 58
 17 26 39 58 72
 17 26 39 58 70 71
 17 26 39 45 58
 17 26 31 58 70
 17 26 31 58 68 69
 17 26 31 43 58
 17 26 27 58 72
 17 26 27 58 70 71
 17 26 27 56 57 58 72
 17 26 27 56 57 58 70 71
 17 26 27 45 58
 17 26 27 45 56 57 58
 17 26 27 31 58 72
 17 26 27 31 58 70 71
 17 26 27 31 45 58
 17 24 25 58 70
 17 24 25 58 68 69
 17 24 25 58 66 72
 17 24 25 58 66 70 71
 17 24 25 58 64 65 72
 17 24 25 58 64 65 70 71
 17 24 25 56 57 58 70
 17 24 25 56 57 58 68 69
 17 24 25 45 58 66
 17 24 25 45 58 64 65
 17 24 25 43 58
 17 24 25 43 56 57 58
 17 24 25 39 58 72
 17 24 25 39 58 70 71
 17 24 25 39 45 58
 17 24 25 31 58 70
 17 24 25 31 58 68 69
 17 24 25 31 43 58
 16 58 68 70
 16 58 68 69
 16 58 59 72
 16 58 59 70 71
 16 56 57 58 59 72
 16 56 57 58 59 70 71
 16 45 58 59
 16 45 56 57 58 59
 16 43 58 68
 16 41 57 58 68
 16 39 40 57 58 68
 16 31 58 59 72
 16 31 58 59 70 71
 16 31 45 58 59
 16 28 58 65
 16 28 58 63 64
 16 28 38 58
 16 26 58 70
 16 26 58 68 69
 16 26 43 58
 16 26 41 57 58
 16 26 39 40 57 58
 16 26 27 58 65
 16 26 27 58 63 64
 16 26 27 38 58
 16 24 25 58 70
 16 24 25 58 68 69
 16 24 25 43 58
 16 24 25 41 57 58
 16 24 25 39 40 57 58
 16 17 58 72
 16 17 58 70 71
 16 17 56 57 58 72
 16 17 56 57 58 70 71
 16 17 45 58
 16 17 45 56 57 58
 16 17 31 58 72
 16 17 31 58 70 71
 16 17 31 45 58
 15 41 60 68
 15 41 43 58 68
 15 41 42 58 68
 15 39 40 60 68
 15 39 40 43 58 68
 15 39 40 41 42 58 68
 15 28 41 60
 15 28 41 58 60
 15 28 39 40 60
 15 28 39 40 58 60
 15 26 41 60
 15 26 41 43 58
 15 26 41 42 58
 15 26 39 40 60
 15 26 39 40 43 58
 15 26 39 40 41 42 58
 15 26 27 41 60
 15 26 27 41 58 60
 15 26 27 39 40 60
 15 26 27 39 40 58 60
 15 24 25 41 60
 15 24 25 41 43 58
 15 24 25 41 42 58
 15 24 25 39 40 60
 15 24 25 39 40 43 58
 15 24 25 39 40 41 42 58
 15 16 58 72
 15 16 58 70 71
 15 16 58 68 70
 15 16 58 68 69
 15 16 58 66 68 72
 15 16 58 66 68 70 71
 15 16 58 64 65 68 72
 15 16 58 64 65 68 70 71
 15 16 56 57 58 72
 15 16 56 57 58 70 71
 15 16 56 57 58 68 70
 15 16 56 57 58 68 69
 15 16 45 58
 15 16 45 58 66 68
 15 16 45 58 64 65 68
 15 16 45 56 57 58
 15 16 43 58 72
 15 16 43 58 70 71
 15 16 43 58 68
 15 16 43 56 57 58 72
 15 16 43 56 57 58 70 71
 15 16 43 56 57 58 68
 15 16 43 45 58
 15 16 43 45 56 57 58
 15 16 41 58 72
 15 16 41 58 70 71
 15 16 41 58 68
 15 16 41 56 57 58 72
 15 16 41 56 57 58 70 71
 15 16 41 45 58
 15 16 41 45 56 57 58
 15 16 41 42 58 72
 15 16 41 42 58 70 71
 15 16 41 42 56 57 58 72
 15 16 41 42 56 57 58 70 71
 15 16 41 42 45 58
 15 16 41 42 45 56 57 58
 15 16 39 58 68 72
 15 16 39 58 68 70 71
 15 16 39 45 58 68
 15 16 39 40 58 72
 15 16 39 40 58 70 71
 15 16 39 40 58 68
 15 16 39 40 56 57 58 72
 15 16 39 40 56 57 58 70 71
 15 16 39 40 45 58
 15 16 39 40 45 56 57 58
 15 16 31 58 72
 15 16 31 58 70 71
 15 16 31 58 68 70
 15 16 31 58 68 69
 15 16 31 45 58
 15 16 31 43 58 72
 15 16 31 43 58 70 71
 15 16 31 43 58 68
 15 16 31 43 45 58
 15 16 31 41 58 72
 15 16 31 41 58 70 71
 15 16 31 41 45 58
 15 16 31 41 42 58 72
 15 16 31 41 42 58 70 71
 15 16 31 41 42 45 58
 15 16 31 39 40 58 72
 15 16 31 39 40 58 70 71
 15 16 31 39 40 45 58
 15 16 28 58 72
 15 16 28 58 70 71
 15 16 28 56 57 58 72
 15 16 28 56 57 58 70 71
 15 16 28 45 58
 15 16 28 45 56 57 58
 15 16 28 31 58 72
 15 16 28 31 58 70 71
 15 16 28 31 45 58
 15 16 26 58 70
 15 16 26 58 68 69
 15 16 26 58 66 72
 15 16 26 58 66 70 71
 15 16 26 58 64 65 72
 15 16 26 58 64 65 70 71
 15 16 26 56 57 58 70
 15 16 26 56 57 58 68 69
 15 16 26 45 58 66
 15 16 26 45 58 64 65
 15 16 26 43 58
 15 16 26 43 56 57 58
 15 16 26 41 58
 15 16 26 39 58 72
 15 16 26 39 58 70 71
 15 16 26 39 45 58
 15 16 26 39 40 58
 15 16 26 31 58 70
 15 16 26 31 58 68 69
 15 16 26 31 43 58
 15 16 26 27 58 72
 15 16 26 27 58 70 71
 15 16 26 27 56 57 58 72
 15 16 26 27 56 57 58 70 71
 15 16 26 27 45 58
 15 16 26 27 45 56 57 58
 15 16 26 27 31 58 72
 15 16 26 27 31 58 70 71
 15 16 26 27 31 45 58
 15 16 24 25 58 70
 15 16 24 25 58 68 69
 15 16 24 25 58 66 72
 15 16 24 25 58 66 70 71
 15 16 24 25 58 64 65 72
 15 16 24 25 58 64 65 70 71
 15 16 24 25 56 57 58 70
 15 16 24 25 56 57 58 68 69
 15 16 24 25 45 58 66
 15 16 24 25 45 58 64 65
 15 16 24 25 43 58
 15 16 24 25 43 56 57 58
 15 16 24 25 41 58
 15 16 24 25 39 58 72
 15 16 24 25 39 58 70 71
 15 16 24 25 39 45 58
 15 16 24 25 39 40 58
 15 16 24 25 31 58 70
 15 16 24 25 31 58 68 69
 15 16 24 25 31 43 58
 14 58
 14 58 66 70
 14 58 66 70 72
 14 58 66 70 71
 14 58 66 68 69
 14 58 66 68 69 72
 14 58 66 68 69 70 71
 14 58 64 65 70
 14 58 64 65 70 72
 14 58 64 65 70 71
 14 58 64 65 68 69
 14 58 64 65 68 69 72
 14 58 64 65 68 69 70 71
 14 58 59 72
 14 58 59 70 71
 14 57 60 68
 14 56 57 58 59 72
 14 56 57 58 59 70 71
 14 45 58 66 70
 14 45 58 66 68 69
 14 45 58 64 65 70
 14 45 58 64 65 68 69
 14 45 58 59
 14 45 56 57 58 59
 14 43 58 66
 14 43 58 66 72
 14 43 58 66 70 71
 14 43 58 64 65
 14 43 58 64 65 72
 14 43 58 64 65 70 71
 14 43 57 58 68
 14 43 45 58 66
 14 43 45 58 64 65
 14 41 42 57 58 68
 14 39 58 70
 14 39 58 70 72
 14 39 58 70 71
 14 39 58 68 69
 14 39 58 68 69 72
 14 39 58 68 69 70 71
 14 39 45 58 70
 14 39 45 58 68 69
 14 39 43 58
 14 39 43 58 72
 14 39 43 58 70 71
 14 39 43 45 58
 14 31 58 59 72
 14 31 58 59 70 71
 14 31 45 58 59
 14 28 57 60
 14 28 57 58 60
 14 26 57 60
 14 26 43 57 58
 14 26 41 42 57 58
 14 26 27 57 60
 14 26 27 57 58 60
 14 24 25 57 60
 14 24 25 43 57 58
 14 24 25 41 42 57 58
 14 17 58 72
 14 17 58 70 71
 14 17 56 57 58 72
 14 17 56 57 58 70 71
 14 17 45 58
 14 17 45 56 57 58
 14 17 31 58 72
 14 17 31 58 70 71
 14 17 31 45 58
 14 16 57 58 68
 14 16 26 57 58
 14 16 24 25 57 58
 14 15 60 68
 14 15 43 58 68
 14 15 41 42 58 68
 14 15 28 60
 14 15 28 58 60
 14 15 26 60
 14 15 26 43 58
 14 15 26 41 42 58
 14 15 26 27 60
 14 15 26 27 58 60
 14 15 24 25 60
 14 15 24 25 43 58
 14 15 24 25 41 42 58
 14 15 16 58 72
 14 15 16 58 70 71
 14 15 16 58 68
 14 15 16 56 57 58 72
 14 15 16 56 57 58 70 71
 14 15 16 45 58
 14 15 16 45 56 57 58
 14 15 16 31 58 72
 14 15 16 31 58 70 71
 14 15 16 31 45 58
 14 15 16 26 58
 14 15 16 24 25 58
 13 14 60 68
 13 14 43 58 68
 13 14 41 60 68
 13 14 41 43 58 68
 13 14 39 40 60 68
 13 14 39 40 43 58 68
 13 14 39 40 41 42 58 68
 13 14 28 60
 13 14 28 58 60
 13 14 28 41 60
 13 14 28 41 58 60
 13 14 28 39 40 60
 13 14 28 39 40 58 60
 13 14 26 60
 13 14 26 43 58
 13 14 26 41 60
 13 14 26 41 43 58
 13 14 26 39 40 60
 13 14 26 39 40 43 58
 13 14 26 39 40 41 42 58
 13 14 26 27 60
 13 14 26 27 58 60
 13 14 26 27 41 60
 13 14 26 27 41 58 60
 13 14 26 27 39 40 60
 13 14 26 27 39 40 58 60
 13 14 24 25 60
 13 14 24 25 43 58
 13 14 24 25 41 60
 13 14 24 25 41 43 58
 13 14 24 25 39 40 60
 13 14 24 25 39 40 43 58
 13 14 24 25 39 40 41 42 58
 13 14 16 58 68
 13 14 16 41 58 68
 13 14 16 39 40 58 68
 13 14 16 26 58
 13 14 16 26 41 58
 13 14 16 26 39 40 58
 13 14 16 24 25 58
 13 14 16 24 25 41 58
 13 14 16 24 25 39 40 58
 1 58 60 65
 1 58 60 63 64
 1 58 59 72
 1 58 59 70 71
 1 56 57 58 59 72
 1 56 57 58 59 70 71
 1 45 58 59
 1 45 56 57 58 59
 1 43 58 65
 1 43 58 63 64
 1 41 57 60
 1 41 57 58 60
 1 41 42 58 65
 1 41 42 58 63 64
 1 39 40 57 60
 1 39 40 57 58 60
 1 38 58 60
 1 38 43 58
 1 38 41 42 58
 1 31 58 59 72
 1 31 58 59 70 71
 1 31 45 58 59
 1 17 58 72
 1 17 58 70 71
 1 17 56 57 58 72
 1 17 56 57 58 70 71
 1 17 45 58
 1 17 45 56 57 58
 1 17 31 58 72
 1 17 31 58 70 71
 1 17 31 45 58
 1 16 58 65
 1 16 58 63 64
 1 16 38 58
 1 15 41 60
 1 15 41 58 60
 1 15 39 40 60
 1 15 39 40 58 60
 1 15 16 58 72
 1 15 16 58 70 71
 1 15 16 56 57 58 72
 1 15 16 56 57 58 70 71
 1 15 16 45 58
 1 15 16 45 56 57 58
 1 15 16 31 58 72
 1 15 16 31 58 70 71
 1 15 16 31 45 58
 1 14 57 60
 1 14 57 58 60
 1 14 15 60
 1 14 15 58 60
 1 13 14 60
 1 13 14 58 60
 1 13 14 41 60
 1 13 14 41 58 60
 1 13 14 39 40 60
 1 13 14 39 40 58 60
