 54 68 72
 54 68 70 71
 54 60 68
 54 57 68
 54 56 68 70
 54 56 68 69
 54 55 68 70
 54 55 68 69
 52 53 68 72
 52 53 68 70 71
 52 53 60 68
 52 53 57 68
 52 53 56 68 70
 52 53 56 68 69
 52 53 54 55 68 70
 52 53 54 55 68 69
 45 54 68
 45 52 53 68
 43 54 56 68
 43 54 55 68
 43 52 53 56 68
 43 52 53 54 55 68
 41 60 68
 41 54 68
 41 52 53 68
 39 40 60 68
 39 40 54 68
 39 40 52 53 68
 29 54 68 70
 29 54 68 69
 29 52 53 68 70
 29 52 53 68 69
 29 43 54 68
 29 43 52 53 68
 28 60
 28 54
 28 54 57 60
 28 52 53
 28 52 53 57 60
 28 41 54 60
 28 41 52 53 60
 28 39 40 54 60
 28 39 40 52 53 60
 27 68 72
 27 68 70 71
 27 60 68
 27 57 68
 27 56 68 70
 27 56 68 69
 27 54 55 68 70
 27 54 55 68 69
 27 45 68
 27 43 56 68
 27 43 54 55 68
 27 41 68
 27 39 40 68
 27 29 68 70
 27 29 68 69
 27 29 43 68
 27 28
 27 28 57 60
 27 28 41 60
 27 28 39 40 60
 26 54 72
 26 54 70 71
 26 54 60
 26 54 57
 26 54 56 70
 26 54 56 68 69
 26 54 55 70
 26 54 55 68 69
 26 52 53 72
 26 52 53 70 71
 26 52 53 60
 26 52 53 57
 26 52 53 56 70
 26 52 53 56 68 69
 26 52 53 54 55 70
 26 52 53 54 55 68 69
 26 45 54
 26 45 52 53
 26 43 54 56
 26 43 54 55
 26 43 52 53 56
 26 43 52 53 54 55
 26 41 60
 26 41 54
 26 41 52 53
 26 39 40 60
 26 39 40 54
 26 39 40 52 53
 26 29 54 70
 26 29 54 68 69
 26 29 52 53 70
 26 29 52 53 68 69
 26 29 43 54
 26 29 43 52 53
 26 27
 26 27 72
 26 27 70 71
 26 27 57
 26 27 57 60
 26 27 56 70
 26 27 56 68 69
 26 27 54
 26 27 54 57 60
 26 27 54 55 70
 26 27 54 55 68 69
 26 27 52 53
 26 27 52 53 57 60
 26 27 45
 26 27 43 56
 26 27 43 54 55
 26 27 41
 26 27 41 60
 26 27 41 54 60
 26 27 41 52 53 60
 26 27 39 40
 26 27 39 40 60
 26 27 39 40 54 60
 26 27 39 40 52 53 60
 26 27 29 70
 26 27 29 68 69
 26 27 29 43
 24 25 54 72
 24 25 54 70 71
 24 25 54 60
 24 25 54 57
 24 25 54 56 70
 24 25 54 56 68 69
 24 25 54 55 70
 24 25 54 55 68 69
 24 25 52 53 72
 24 25 52 53 70 71
 24 25 52 53 60
 24 25 52 53 57
 24 25 52 53 56 70
 24 25 52 53 56 68 69
 24 25 52 53 54 55 70
 24 25 52 53 54 55 68 69
 24 25 45 54
 24 25 45 52 53
 24 25 43 54 56
 24 25 43 54 55
 24 25 43 52 53 56
 24 25 43 52 53 54 55
 24 25 41 60
 24 25 41 54
 24 25 41 52 53
 24 25 39 40 60
 24 25 39 40 54
 24 25 39 40 52 53
 24 25 29 54 70
 24 25 29 54 68 69
 24 25 29 52 53 70
 24 25 29 52 53 68 69
 24 25 29 43 54
 24 25 29 43 52 53
 24 25 27 72
 24 25 27 70 71
 24 25 27 60
 24 25 27 57
 24 25 27 56 70
 24 25 27 56 68 69
 24 25 27 54 55 70
 24 25 27 54 55 68 69
 24 25 27 45
 24 25 27 43 56
 24 25 27 43 54 55
 24 25 27 41
 24 25 27 39 40
 24 25 27 29 70
 24 25 27 29 68 69
 24 25 27 29 43
 15 54 68
 15 52 53 68
 15 28 54 60
 15 28 52 53 60
 15 27 68
 15 27 28 60
 15 26 54
 15 26 52 53
 15 26 27
 15 26 27 60
 15 26 27 54 60
 15 26 27 52 53 60
 15 24 25 54
 15 24 25 52 53
 15 24 25 27
 14 60 68
 14 54 68
 14 52 53 68
 14 28 54 60
 14 28 52 53 60
 14 27 68
 14 27 28 60
 14 26 60
 14 26 54
 14 26 52 53
 14 26 27
 14 26 27 60
 14 26 27 54 60
 14 26 27 52 53 60
 14 24 25 60
 14 24 25 54
 14 24 25 52 53
 14 24 25 27
 13 14 54 68
 13 14 52 53 68
 13 14 28 54 60
 13 14 28 52 53 60
 13 14 27 68
 13 14 27 28 60
 13 14 26 54
 13 14 26 52 53
 13 14 26 27
 13 14 26 27 60
 13 14 26 27 54 60
 13 14 26 27 52 53 60
 13 14 24 25 54
 13 14 24 25 52 53
 13 14 24 25 27
 1 60
 1 54
 1 54 57 60
 1 52 53
 1 52 53 57 60
 1 41 54 60
 1 41 52 53 60
 1 39 40 54 60
 1 39 40 52 53 60
 1 27
 1 27 57 60
 1 27 41 60
 1 27 39 40 60
 1 15 54 60
 1 15 52 53 60
 1 15 27 60
 1 14 54 60
 1 14 52 53 60
 1 14 27 60
 1 13 14 54 60
 1 13 14 52 53 60
 1 13 14 27 60
