 58 72
 58 70 71
 58 68
 58 62 68
 56 58 62 68
 54 58 62 68
 54 55 58 62 68
 52 53 58 62 68
 45 58
 41 58 62 68
 39 58 72
 39 58 70 71
 39 58 62 68
 39 45 58
 39 40 58 62 68
 37 58
 37 38 58 72
 37 38 58 70 71
 37 38 58 62 68
 37 38 45 58
 35 36 58
 29 58 62 68
 28 58 62
 28 54 58 62
 28 54 56 58 62
 28 52 53 58 62
 28 52 53 56 58 62
 28 41 57 58
 28 39 58 62
 28 39 56 58 62
 28 39 51 58 62
 28 39 49 50 58 62
 28 39 47 58
 28 39 45 46 58
 28 39 41 58
 28 39 41 47 58
 28 39 41 47 57 58
 28 39 41 45 46 58
 28 39 41 45 46 57 58
 28 39 40 58
 28 39 40 57 58
 28 39 40 47 58
 28 39 40 47 57 58
 28 39 40 45 46 58
 28 39 40 45 46 57 58
 28 37 38 58 62
 28 37 38 56 58 62
 28 37 38 51 58 62
 28 37 38 49 50 58 62
 28 37 38 47 58
 28 37 38 45 46 58
 28 37 38 41 58
 28 37 38 41 47 58
 28 37 38 41 47 57 58
 28 37 38 41 45 46 58
 28 37 38 41 45 46 57 58
 28 37 38 39 40 58
 28 37 38 39 40 47 58
 28 37 38 39 40 47 57 58
 28 37 38 39 40 45 46 58
 28 37 38 39 40 45 46 57 58
 27 58 62 68
 27 28 58 62
 27 28 56 58 62
 26 58
 26 58 62
 26 56 58 62
 26 54 58 62
 26 54 55 58 62
 26 52 53 58 62
 26 41 58 62
 26 39 58 62
 26 39 40 58 62
 26 37 38 58 62
 26 29 58 62
 26 27 58 62
 26 27 56 58 62
 26 27 54 58 62
 26 27 54 56 58 62
 26 27 52 53 58 62
 26 27 52 53 56 58 62
 26 27 41 57 58
 26 27 39 58 62
 26 27 39 56 58 62
 26 27 39 51 58 62
 26 27 39 49 50 58 62
 26 27 39 47 58
 26 27 39 45 46 58
 26 27 39 41 58
 26 27 39 41 47 58
 26 27 39 41 47 57 58
 26 27 39 41 45 46 58
 26 27 39 41 45 46 57 58
 26 27 39 40 58
 26 27 39 40 57 58
 26 27 39 40 47 58
 26 27 39 40 47 57 58
 26 27 39 40 45 46 58
 26 27 39 40 45 46 57 58
 26 27 37 38 58 62
 26 27 37 38 56 58 62
 26 27 37 38 51 58 62
 26 27 37 38 49 50 58 62
 26 27 37 38 47 58
 26 27 37 38 45 46 58
 26 27 37 38 41 58
 26 27 37 38 41 47 58
 26 27 37 38 41 47 57 58
 26 27 37 38 41 45 46 58
 26 27 37 38 41 45 46 57 58
 26 27 37 38 39 40 58
 26 27 37 38 39 40 47 58
 26 27 37 38 39 40 47 57 58
 26 27 37 38 39 40 45 46 58
 26 27 37 38 39 40 45 46 57 58
 24 28 39 58 62
 24 28 37 38 58 62
 24 26 27 39 58 62
 24 26 27 37 38 58 62
 24 25 58
 24 25 58 62
 24 25 56 58 62
 24 25 54 58 62
 24 25 54 55 58 62
 24 25 52 53 58 62
 24 25 41 58 62
 24 25 39 58 62
 24 25 39 40 58 62
 24 25 37 38 58 62
 24 25 29 58 62
 24 25 27 58 62
 20 28 39 58
 20 28 39 41 58
 20 28 39 41 57 58
 20 28 39 40 58
 20 28 39 40 57 58
 20 28 37 38 58
 20 28 37 38 41 58
 20 28 37 38 41 57 58
 20 28 37 38 39 40 58
 20 28 37 38 39 40 57 58
 20 26 27 39 58
 20 26 27 39 41 58
 20 26 27 39 41 57 58
 20 26 27 39 40 58
 20 26 27 39 40 57 58
 20 26 27 37 38 58
 20 26 27 37 38 41 58
 20 26 27 37 38 41 57 58
 20 26 27 37 38 39 40 58
 20 26 27 37 38 39 40 57 58
 15 28 41 58
 15 28 39 41 47 58
 15 28 39 41 45 46 58
 15 28 39 40 58
 15 28 39 40 47 58
 15 28 39 40 45 46 58
 15 28 37 38 41 47 58
 15 28 37 38 41 45 46 58
 15 28 37 38 39 40 47 58
 15 28 37 38 39 40 45 46 58
 15 26 27 41 58
 15 26 27 39 41 47 58
 15 26 27 39 41 45 46 58
 15 26 27 39 40 58
 15 26 27 39 40 47 58
 15 26 27 39 40 45 46 58
 15 26 27 37 38 41 47 58
 15 26 27 37 38 41 45 46 58
 15 26 27 37 38 39 40 47 58
 15 26 27 37 38 39 40 45 46 58
 15 20 28 39 41 58
 15 20 28 39 40 58
 15 20 28 37 38 41 58
 15 20 28 37 38 39 40 58
 15 20 26 27 39 41 58
 15 20 26 27 39 40 58
 15 20 26 27 37 38 41 58
 15 20 26 27 37 38 39 40 58
 14 58 62 68
 14 28 57 58
 14 28 39 58
 14 28 39 47 58
 14 28 39 47 57 58
 14 28 39 45 46 58
 14 28 39 45 46 57 58
 14 28 37 38 58
 14 28 37 38 47 58
 14 28 37 38 47 57 58
 14 28 37 38 45 46 58
 14 28 37 38 45 46 57 58
 14 26 58 62
 14 26 27 57 58
 14 26 27 39 58
 14 26 27 39 47 58
 14 26 27 39 47 57 58
 14 26 27 39 45 46 58
 14 26 27 39 45 46 57 58
 14 26 27 37 38 58
 14 26 27 37 38 47 58
 14 26 27 37 38 47 57 58
 14 26 27 37 38 45 46 58
 14 26 27 37 38 45 46 57 58
 14 24 25 58 62
 14 20 28 39 58
 14 20 28 39 57 58
 14 20 28 37 38 58
 14 20 28 37 38 57 58
 14 20 26 27 39 58
 14 20 26 27 39 57 58
 14 20 26 27 37 38 58
 14 20 26 27 37 38 57 58
 14 15 28 58
 14 15 28 39 47 58
 14 15 28 39 45 46 58
 14 15 28 37 38 47 58
 14 15 28 37 38 45 46 58
 14 15 26 27 58
 14 15 26 27 39 47 58
 14 15 26 27 39 45 46 58
 14 15 26 27 37 38 47 58
 14 15 26 27 37 38 45 46 58
 14 15 20 28 39 58
 14 15 20 28 37 38 58
 14 15 20 26 27 39 58
 14 15 20 26 27 37 38 58
 13 14 28 58
 13 14 28 41 58
 13 14 28 39 47 58
 13 14 28 39 45 46 58
 13 14 28 39 41 47 58
 13 14 28 39 41 45 46 58
 13 14 28 39 40 58
 13 14 28 39 40 47 58
 13 14 28 39 40 45 46 58
 13 14 28 37 38 47 58
 13 14 28 37 38 45 46 58
 13 14 28 37 38 41 47 58
 13 14 28 37 38 41 45 46 58
 13 14 28 37 38 39 40 47 58
 13 14 28 37 38 39 40 45 46 58
 13 14 26 27 58
 13 14 26 27 41 58
 13 14 26 27 39 47 58
 13 14 26 27 39 45 46 58
 13 14 26 27 39 41 47 58
 13 14 26 27 39 41 45 46 58
 13 14 26 27 39 40 58
 13 14 26 27 39 40 47 58
 13 14 26 27 39 40 45 46 58
 13 14 26 27 37 38 47 58
 13 14 26 27 37 38 45 46 58
 13 14 26 27 37 38 41 47 58
 13 14 26 27 37 38 41 45 46 58
 13 14 26 27 37 38 39 40 47 58
 13 14 26 27 37 38 39 40 45 46 58
 13 14 20 28 39 58
 13 14 20 28 39 41 58
 13 14 20 28 39 40 58
 13 14 20 28 37 38 58
 13 14 20 28 37 38 41 58
 13 14 20 28 37 38 39 40 58
 13 14 20 26 27 39 58
 13 14 20 26 27 39 41 58
 13 14 20 26 27 39 40 58
 13 14 20 26 27 37 38 58
 13 14 20 26 27 37 38 41 58
 13 14 20 26 27 37 38 39 40 58
 12 58 72
 12 58 70 71
 12 58 62 68
 12 45 58
 12 28 58 62
 12 28 56 58 62
 12 28 51 58 62
 12 28 49 50 58 62
 12 28 47 58
 12 28 45 46 58
 12 28 41 58
 12 28 41 47 58
 12 28 41 47 57 58
 12 28 41 45 46 58
 12 28 41 45 46 57 58
 12 28 39 40 58
 12 28 39 40 47 58
 12 28 39 40 47 57 58
 12 28 39 40 45 46 58
 12 28 39 40 45 46 57 58
 12 26 58 62
 12 26 27 58 62
 12 26 27 56 58 62
 12 26 27 51 58 62
 12 26 27 49 50 58 62
 12 26 27 47 58
 12 26 27 45 46 58
 12 26 27 41 58
 12 26 27 41 47 58
 12 26 27 41 47 57 58
 12 26 27 41 45 46 58
 12 26 27 41 45 46 57 58
 12 26 27 39 40 58
 12 26 27 39 40 47 58
 12 26 27 39 40 47 57 58
 12 26 27 39 40 45 46 58
 12 26 27 39 40 45 46 57 58
 12 24 28 58 62
 12 24 26 27 58 62
 12 24 25 58 62
 12 20 28 58
 12 20 28 41 58
 12 20 28 41 57 58
 12 20 28 39 40 58
 12 20 28 39 40 57 58
 12 20 26 27 58
 12 20 26 27 41 58
 12 20 26 27 41 57 58
 12 20 26 27 39 40 58
 12 20 26 27 39 40 57 58
 12 15 28 41 47 58
 12 15 28 41 45 46 58
 12 15 28 39 40 47 58
 12 15 28 39 40 45 46 58
 12 15 26 27 41 47 58
 12 15 26 27 41 45 46 58
 12 15 26 27 39 40 47 58
 12 15 26 27 39 40 45 46 58
 12 15 20 28 41 58
 12 15 20 28 39 40 58
 12 15 20 26 27 41 58
 12 15 20 26 27 39 40 58
 12 14 28 58
 12 14 28 47 58
 12 14 28 47 57 58
 12 14 28 45 46 58
 12 14 28 45 46 57 58
 12 14 26 27 58
 12 14 26 27 47 58
 12 14 26 27 47 57 58
 12 14 26 27 45 46 58
 12 14 26 27 45 46 57 58
 12 14 20 28 58
 12 14 20 28 57 58
 12 14 20 26 27 58
 12 14 20 26 27 57 58
 12 14 15 28 47 58
 12 14 15 28 45 46 58
 12 14 15 26 27 47 58
 12 14 15 26 27 45 46 58
 12 14 15 20 28 58
 12 14 15 20 26 27 58
 12 13 14 28 47 58
 12 13 14 28 45 46 58
 12 13 14 28 41 47 58
 12 13 14 28 41 45 46 58
 12 13 14 28 39 40 47 58
 12 13 14 28 39 40 45 46 58
 12 13 14 26 27 47 58
 12 13 14 26 27 45 46 58
 12 13 14 26 27 41 47 58
 12 13 14 26 27 41 45 46 58
 12 13 14 26 27 39 40 47 58
 12 13 14 26 27 39 40 45 46 58
 12 13 14 20 28 58
 12 13 14 20 28 41 58
 12 13 14 20 28 39 40 58
 12 13 14 20 26 27 58
 12 13 14 20 26 27 41 58
 12 13 14 20 26 27 39 40 58
 10 58
 1 58 62
 1 54 58 62
 1 54 56 58 62
 1 52 53 58 62
 1 52 53 56 58 62
 1 41 57 58
 1 39 58 62
 1 39 56 58 62
 1 39 51 58 62
 1 39 49 50 58 62
 1 39 47 58
 1 39 45 46 58
 1 39 41 58
 1 39 41 47 58
 1 39 41 47 57 58
 1 39 41 45 46 58
 1 39 41 45 46 57 58
 1 39 40 58
 1 39 40 57 58
 1 39 40 47 58
 1 39 40 47 57 58
 1 39 40 45 46 58
 1 39 40 45 46 57 58
 1 37 38 58 62
 1 37 38 56 58 62
 1 37 38 51 58 62
 1 37 38 49 50 58 62
 1 37 38 47 58
 1 37 38 45 46 58
 1 37 38 41 58
 1 37 38 41 47 58
 1 37 38 41 47 57 58
 1 37 38 41 45 46 58
 1 37 38 41 45 46 57 58
 1 37 38 39 40 58
 1 37 38 39 40 47 58
 1 37 38 39 40 47 57 58
 1 37 38 39 40 45 46 58
 1 37 38 39 40 45 46 57 58
 1 27 58 62
 1 27 56 58 62
 1 24 39 58 62
 1 24 37 38 58 62
 1 20 39 58
 1 20 39 41 58
 1 20 39 41 57 58
 1 20 39 40 58
 1 20 39 40 57 58
 1 20 37 38 58
 1 20 37 38 41 58
 1 20 37 38 41 57 58
 1 20 37 38 39 40 58
 1 20 37 38 39 40 57 58
 1 15 41 58
 1 15 39 41 47 58
 1 15 39 41 45 46 58
 1 15 39 40 58
 1 15 39 40 47 58
 1 15 39 40 45 46 58
 1 15 37 38 41 47 58
 1 15 37 38 41 45 46 58
 1 15 37 38 39 40 47 58
 1 15 37 38 39 40 45 46 58
 1 15 20 39 41 58
 1 15 20 39 40 58
 1 15 20 37 38 41 58
 1 15 20 37 38 39 40 58
 1 14 57 58
 1 14 39 58
 1 14 39 47 58
 1 14 39 47 57 58
 1 14 39 45 46 58
 1 14 39 45 46 57 58
 1 14 37 38 58
 1 14 37 38 47 58
 1 14 37 38 47 57 58
 1 14 37 38 45 46 58
 1 14 37 38 45 46 57 58
 1 14 20 39 58
 1 14 20 39 57 58
 1 14 20 37 38 58
 1 14 20 37 38 57 58
 1 14 15 58
 1 14 15 39 47 58
 1 14 15 39 45 46 58
 1 14 15 37 38 47 58
 1 14 15 37 38 45 46 58
 1 14 15 20 39 58
 1 14 15 20 37 38 58
 1 13 14 58
 1 13 14 41 58
 1 13 14 39 47 58
 1 13 14 39 45 46 58
 1 13 14 39 41 47 58
 1 13 14 39 41 45 46 58
 1 13 14 39 40 58
 1 13 14 39 40 47 58
 1 13 14 39 40 45 46 58
 1 13 14 37 38 47 58
 1 13 14 37 38 45 46 58
 1 13 14 37 38 41 47 58
 1 13 14 37 38 41 45 46 58
 1 13 14 37 38 39 40 47 58
 1 13 14 37 38 39 40 45 46 58
 1 13 14 20 39 58
 1 13 14 20 39 41 58
 1 13 14 20 39 40 58
 1 13 14 20 37 38 58
 1 13 14 20 37 38 41 58
 1 13 14 20 37 38 39 40 58
 1 12 58 62
 1 12 56 58 62
 1 12 51 58 62
 1 12 49 50 58 62
 1 12 47 58
 1 12 45 46 58
 1 12 41 58
 1 12 41 47 58
 1 12 41 47 57 58
 1 12 41 45 46 58
 1 12 41 45 46 57 58
 1 12 39 40 58
 1 12 39 40 47 58
 1 12 39 40 47 57 58
 1 12 39 40 45 46 58
 1 12 39 40 45 46 57 58
 1 12 24 58 62
 1 12 20 58
 1 12 20 41 58
 1 12 20 41 57 58
 1 12 20 39 40 58
 1 12 20 39 40 57 58
 1 12 15 41 47 58
 1 12 15 41 45 46 58
 1 12 15 39 40 47 58
 1 12 15 39 40 45 46 58
 1 12 15 20 41 58
 1 12 15 20 39 40 58
 1 12 14 58
 1 12 14 47 58
 1 12 14 47 57 58
 1 12 14 45 46 58
 1 12 14 45 46 57 58
 1 12 14 20 58
 1 12 14 20 57 58
 1 12 14 15 47 58
 1 12 14 15 45 46 58
 1 12 14 15 20 58
 1 12 13 14 47 58
 1 12 13 14 45 46 58
 1 12 13 14 41 47 58
 1 12 13 14 41 45 46 58
 1 12 13 14 39 40 47 58
 1 12 13 14 39 40 45 46 58
 1 12 13 14 20 58
 1 12 13 14 20 41 58
 1 12 13 14 20 39 40 58
