 58 60 72
 58 60 70 71
 58 60 66 72
 58 60 66 70 71
 58 60 64 65 72
 58 60 64 65 70 71
 56 58 60 70
 56 58 60 68 69
 56 58 60 66 70
 56 58 60 66 68 69
 56 58 60 64 65 70
 56 58 60 64 65 68 69
 54 55 58 60 70
 54 55 58 60 68 69
 54 55 58 60 66 70
 54 55 58 60 66 68 69
 54 55 58 60 64 65 70
 54 55 58 60 64 65 68 69
 51 58
 47 60 72
 47 60 70 71
 47 60 66 72
 47 60 66 70 71
 47 60 64 65 72
 47 60 64 65 70 71
 47 58 60 66 72
 47 58 60 66 70 71
 47 58 60 64 65 72
 47 58 60 64 65 70 71
 47 56 60 70
 47 56 60 68 69
 47 56 60 66 70
 47 56 60 66 68 69
 47 56 60 64 65 70
 47 56 60 64 65 68 69
 47 56 58 72
 47 56 58 70
 47 56 58 70 71
 47 56 58 68 69
 47 56 58 60 66 70
 47 56 58 60 66 68 69
 47 56 58 60 64 65 70
 47 56 58 60 64 65 68 69
 47 54 55 60 70
 47 54 55 60 68 69
 47 54 55 60 66 70
 47 54 55 60 66 68 69
 47 54 55 60 64 65 70
 47 54 55 60 64 65 68 69
 47 54 55 58 60 66 70
 47 54 55 58 60 66 68 69
 47 54 55 58 60 64 65 70
 47 54 55 58 60 64 65 68 69
 47 54 55 56 58 70
 47 54 55 56 58 68 69
 45 58 60
 45 58 60 66
 45 58 60 64 65
 45 47 60
 45 47 60 66
 45 47 60 64 65
 45 47 58 60 66
 45 47 58 60 64 65
 45 47 56 58
 45 46 60
 45 46 60 72
 45 46 60 70 71
 45 46 60 66
 45 46 60 66 72
 45 46 60 66 70 71
 45 46 60 64 65
 45 46 60 64 65 72
 45 46 60 64 65 70 71
 45 46 58 60 66
 45 46 58 60 66 72
 45 46 58 60 66 70 71
 45 46 58 60 64 65
 45 46 58 60 64 65 72
 45 46 58 60 64 65 70 71
 45 46 56 60 70
 45 46 56 60 68 69
 45 46 56 60 66 70
 45 46 56 60 66 68 69
 45 46 56 60 64 65 70
 45 46 56 60 64 65 68 69
 45 46 56 58
 45 46 56 58 72
 45 46 56 58 70
 45 46 56 58 70 71
 45 46 56 58 68 69
 45 46 56 58 60 66 70
 45 46 56 58 60 66 68 69
 45 46 56 58 60 64 65 70
 45 46 56 58 60 64 65 68 69
 45 46 54 55 60 70
 45 46 54 55 60 68 69
 45 46 54 55 60 66 70
 45 46 54 55 60 66 68 69
 45 46 54 55 60 64 65 70
 45 46 54 55 60 64 65 68 69
 45 46 54 55 58 60 66 70
 45 46 54 55 58 60 66 68 69
 45 46 54 55 58 60 64 65 70
 45 46 54 55 58 60 64 65 68 69
 45 46 54 55 56 58 70
 45 46 54 55 56 58 68 69
 43 56 58 60
 43 56 58 60 66
 43 56 58 60 64 65
 43 54 55 58 60
 43 54 55 58 60 66
 43 54 55 58 60 64 65
 43 47 56 60
 43 47 56 60 66
 43 47 56 60 64 65
 43 47 56 58
 43 47 56 58 60 66
 43 47 56 58 60 64 65
 43 47 54 55 60
 43 47 54 55 60 66
 43 47 54 55 60 64 65
 43 47 54 55 58 60 66
 43 47 54 55 58 60 64 65
 43 47 54 55 56 58
 43 45 46 56 60
 43 45 46 56 60 66
 43 45 46 56 60 64 65
 43 45 46 56 58
 43 45 46 56 58 60 66
 43 45 46 56 58 60 64 65
 43 45 46 54 55 60
 43 45 46 54 55 60 66
 43 45 46 54 55 60 64 65
 43 45 46 54 55 58 60 66
 43 45 46 54 55 58 60 64 65
 43 45 46 54 55 56 58
 39 58 60 72
 39 58 60 70 71
 39 56 58 60 70
 39 56 58 60 68 69
 39 54 55 58 60 70
 39 54 55 58 60 68 69
 39 47 60 72
 39 47 60 70 71
 39 47 58 60 72
 39 47 58 60 70 71
 39 47 56 60 70
 39 47 56 60 68 69
 39 47 56 58 60 70
 39 47 56 58 60 68 69
 39 47 54 55 60 70
 39 47 54 55 60 68 69
 39 47 54 55 58 60 70
 39 47 54 55 58 60 68 69
 39 45 58 60
 39 45 47 60
 39 45 47 58 60
 39 45 46 60
 39 45 46 60 72
 39 45 46 60 70 71
 39 45 46 58 60
 39 45 46 58 60 72
 39 45 46 58 60 70 71
 39 45 46 56 60 70
 39 45 46 56 60 68 69
 39 45 46 56 58 60 70
 39 45 46 56 58 60 68 69
 39 45 46 54 55 60 70
 39 45 46 54 55 60 68 69
 39 45 46 54 55 58 60 70
 39 45 46 54 55 58 60 68 69
 39 43 56 58 60
 39 43 54 55 58 60
 39 43 47 56 60
 39 43 47 56 58 60
 39 43 47 54 55 60
 39 43 47 54 55 58 60
 39 43 45 46 56 60
 39 43 45 46 56 58 60
 39 43 45 46 54 55 60
 39 43 45 46 54 55 58 60
 37 60 72
 37 60 70 71
 37 56 60 70
 37 56 60 68 69
 37 54 55 60 70
 37 54 55 60 68 69
 37 45 60
 37 43 56 60
 37 43 54 55 60
 35 60 72
 35 60 70 71
 35 56 60 70
 35 56 60 68 69
 35 54 55 60 70
 35 54 55 60 68 69
 35 45 60
 35 43 56 60
 35 43 54 55 60
 30 45 58
 30 43 44 58
 29 58 60 70
 29 58 60 68 69
 29 58 60 66 70
 29 58 60 66 68 69
 29 58 60 64 65 70
 29 58 60 64 65 68 69
 29 47 60 70
 29 47 60 68 69
 29 47 60 66 70
 29 47 60 66 68 69
 29 47 60 64 65 70
 29 47 60 64 65 68 69
 29 47 58 60 66 70
 29 47 58 60 66 68 69
 29 47 58 60 64 65 70
 29 47 58 60 64 65 68 69
 29 47 56 58 70
 29 47 56 58 68 69
 29 45 46 60 70
 29 45 46 60 68 69
 29 45 46 60 66 70
 29 45 46 60 66 68 69
 29 45 46 60 64 65 70
 29 45 46 60 64 65 68 69
 29 45 46 58 60 66 70
 29 45 46 58 60 66 68 69
 29 45 46 58 60 64 65 70
 29 45 46 58 60 64 65 68 69
 29 45 46 56 58 70
 29 45 46 56 58 68 69
 29 43 58 60
 29 43 58 60 66
 29 43 58 60 64 65
 29 43 47 60
 29 43 47 60 66
 29 43 47 60 64 65
 29 43 47 58 60 66
 29 43 47 58 60 64 65
 29 43 47 56 58
 29 43 45 46 60
 29 43 45 46 60 66
 29 43 45 46 60 64 65
 29 43 45 46 58 60 66
 29 43 45 46 58 60 64 65
 29 43 45 46 56 58
 29 39 58 60 70
 29 39 58 60 68 69
 29 39 47 60 70
 29 39 47 60 68 69
 29 39 47 58 60 70
 29 39 47 58 60 68 69
 29 39 45 46 60 70
 29 39 45 46 60 68 69
 29 39 45 46 58 60 70
 29 39 45 46 58 60 68 69
 29 39 43 58 60
 29 39 43 47 60
 29 39 43 47 58 60
 29 39 43 45 46 60
 29 39 43 45 46 58 60
 29 37 60 70
 29 37 60 68 69
 29 37 43 60
 29 35 60 70
 29 35 60 68 69
 29 35 43 60
 28 29 45 58
 28 29 43 44 58
 20 60 72
 20 60 70 71
 20 60 66 72
 20 60 66 70 71
 20 60 64 65 72
 20 60 64 65 70 71
 20 58 60 66 72
 20 58 60 66 70 71
 20 58 60 64 65 72
 20 58 60 64 65 70 71
 20 56 60 70
 20 56 60 68 69
 20 56 60 66 70
 20 56 60 66 68 69
 20 56 60 64 65 70
 20 56 60 64 65 68 69
 20 56 58 72
 20 56 58 70
 20 56 58 70 71
 20 56 58 68 69
 20 56 58 60 66 70
 20 56 58 60 66 68 69
 20 56 58 60 64 65 70
 20 56 58 60 64 65 68 69
 20 54 55 60 70
 20 54 55 60 68 69
 20 54 55 60 66 70
 20 54 55 60 66 68 69
 20 54 55 60 64 65 70
 20 54 55 60 64 65 68 69
 20 54 55 58 60 66 70
 20 54 55 58 60 66 68 69
 20 54 55 58 60 64 65 70
 20 54 55 58 60 64 65 68 69
 20 54 55 56 58 70
 20 54 55 56 58 68 69
 20 45 60
 20 45 60 66
 20 45 60 64 65
 20 45 58 60 66
 20 45 58 60 64 65
 20 45 56 58
 20 43 56 60
 20 43 56 60 66
 20 43 56 60 64 65
 20 43 56 58
 20 43 56 58 60 66
 20 43 56 58 60 64 65
 20 43 54 55 60
 20 43 54 55 60 66
 20 43 54 55 60 64 65
 20 43 54 55 58 60 66
 20 43 54 55 58 60 64 65
 20 43 54 55 56 58
 20 39 60 72
 20 39 60 70 71
 20 39 58 60 72
 20 39 58 60 70 71
 20 39 56 60 70
 20 39 56 60 68 69
 20 39 56 58 60 70
 20 39 56 58 60 68 69
 20 39 54 55 60 70
 20 39 54 55 60 68 69
 20 39 54 55 58 60 70
 20 39 54 55 58 60 68 69
 20 39 45 60
 20 39 45 58 60
 20 39 43 56 60
 20 39 43 56 58 60
 20 39 43 54 55 60
 20 39 43 54 55 58 60
 20 29 60 70
 20 29 60 68 69
 20 29 60 66 70
 20 29 60 66 68 69
 20 29 60 64 65 70
 20 29 60 64 65 68 69
 20 29 58 60 66 70
 20 29 58 60 66 68 69
 20 29 58 60 64 65 70
 20 29 58 60 64 65 68 69
 20 29 56 58 70
 20 29 56 58 68 69
 20 29 43 60
 20 29 43 60 66
 20 29 43 60 64 65
 20 29 43 58 60 66
 20 29 43 58 60 64 65
 20 29 43 56 58
 20 29 39 60 70
 20 29 39 60 68 69
 20 29 39 58 60 70
 20 29 39 58 60 68 69
 20 29 39 43 60
 20 29 39 43 58 60
 18 30 58
 18 28 29 58
 9 58
 7 8 58
 3 45 58
 3 43 44 58
 3 18 58
