 41
 41 45 58 70
 41 45 58 68 69
 41 45 56 57 58 70
 41 45 56 57 58 68 69
 41 45 54 57 58 70
 41 45 54 57 58 68 69
 41 45 54 55 57 58 70
 41 45 54 55 57 58 68 69
 41 45 52 53 57 58 70
 41 45 52 53 57 58 68 69
 41 43 45 58
 41 43 45 56 57 58
 41 43 45 54 57 58
 41 43 45 54 55 57 58
 41 43 45 52 53 57 58
 41 43 44 58
 41 43 44 58 70
 41 43 44 58 68 69
 41 43 44 56 57 58
 41 43 44 56 57 58 70
 41 43 44 56 57 58 68 69
 41 43 44 54 57 58
 41 43 44 54 57 58 70
 41 43 44 54 57 58 68 69
 41 43 44 54 55 57 58
 41 43 44 54 55 57 58 70
 41 43 44 54 55 57 58 68 69
 41 43 44 52 53 57 58
 41 43 44 52 53 57 58 70
 41 43 44 52 53 57 58 68 69
 39 40
 39 40 45 58 70
 39 40 45 58 68 69
 39 40 45 56 57 58 70
 39 40 45 56 57 58 68 69
 39 40 45 54 57 58 70
 39 40 45 54 57 58 68 69
 39 40 45 54 55 57 58 70
 39 40 45 54 55 57 58 68 69
 39 40 45 52 53 57 58 70
 39 40 45 52 53 57 58 68 69
 39 40 43 45 58
 39 40 43 45 56 57 58
 39 40 43 45 54 57 58
 39 40 43 45 54 55 57 58
 39 40 43 45 52 53 57 58
 39 40 43 44 58
 39 40 43 44 58 70
 39 40 43 44 58 68 69
 39 40 43 44 56 57 58
 39 40 43 44 56 57 58 70
 39 40 43 44 56 57 58 68 69
 39 40 43 44 54 57 58
 39 40 43 44 54 57 58 70
 39 40 43 44 54 57 58 68 69
 39 40 43 44 54 55 57 58
 39 40 43 44 54 55 57 58 70
 39 40 43 44 54 55 57 58 68 69
 39 40 43 44 52 53 57 58
 39 40 43 44 52 53 57 58 70
 39 40 43 44 52 53 57 58 68 69
 29 41 45 57 58 70
 29 41 45 57 58 68 69
 29 41 43 45 57 58
 29 41 43 44 57 58
 29 41 43 44 57 58 70
 29 41 43 44 57 58 68 69
 29 39 40 45 57 58 70
 29 39 40 45 57 58 68 69
 29 39 40 43 45 57 58
 29 39 40 43 44 57 58
 29 39 40 43 44 57 58 70
 29 39 40 43 44 57 58 68 69
 28 41 45 57 58 70
 28 41 45 57 58 68 69
 28 41 43 45 57 58
 28 41 43 44 57 58
 28 41 43 44 57 58 70
 28 41 43 44 57 58 68 69
 28 39 40 45 57 58 70
 28 39 40 45 57 58 68 69
 28 39 40 43 45 57 58
 28 39 40 43 44 57 58
 28 39 40 43 44 57 58 70
 28 39 40 43 44 57 58 68 69
 27 41 45 57 58 70
 27 41 45 57 58 68 69
 27 41 43 45 57 58
 27 41 43 44 57 58
 27 41 43 44 57 58 70
 27 41 43 44 57 58 68 69
 27 39 40 45 57 58 70
 27 39 40 45 57 58 68 69
 27 39 40 43 45 57 58
 27 39 40 43 44 57 58
 27 39 40 43 44 57 58 70
 27 39 40 43 44 57 58 68 69
 26 27 41 45 57 58 70
 26 27 41 45 57 58 68 69
 26 27 41 43 45 57 58
 26 27 41 43 44 57 58
 26 27 41 43 44 57 58 70
 26 27 41 43 44 57 58 68 69
 26 27 39 40 45 57 58 70
 26 27 39 40 45 57 58 68 69
 26 27 39 40 43 45 57 58
 26 27 39 40 43 44 57 58
 26 27 39 40 43 44 57 58 70
 26 27 39 40 43 44 57 58 68 69
 18 41 58 70
 18 41 58 68 69
 18 41 56 57 58 70
 18 41 56 57 58 68 69
 18 41 54 57 58 70
 18 41 54 57 58 68 69
 18 41 54 55 57 58 70
 18 41 54 55 57 58 68 69
 18 41 52 53 57 58 70
 18 41 52 53 57 58 68 69
 18 41 43 58
 18 41 43 56 57 58
 18 41 43 54 57 58
 18 41 43 54 55 57 58
 18 41 43 52 53 57 58
 18 39 40 58 70
 18 39 40 58 68 69
 18 39 40 56 57 58 70
 18 39 40 56 57 58 68 69
 18 39 40 54 57 58 70
 18 39 40 54 57 58 68 69
 18 39 40 54 55 57 58 70
 18 39 40 54 55 57 58 68 69
 18 39 40 52 53 57 58 70
 18 39 40 52 53 57 58 68 69
 18 39 40 43 58
 18 39 40 43 56 57 58
 18 39 40 43 54 57 58
 18 39 40 43 54 55 57 58
 18 39 40 43 52 53 57 58
 18 29 41 57 58 70
 18 29 41 57 58 68 69
 18 29 41 43 57 58
 18 29 39 40 57 58 70
 18 29 39 40 57 58 68 69
 18 29 39 40 43 57 58
 18 28 41 57 58 70
 18 28 41 57 58 68 69
 18 28 41 43 57 58
 18 28 39 40 57 58 70
 18 28 39 40 57 58 68 69
 18 28 39 40 43 57 58
 18 27 41 57 58 70
 18 27 41 57 58 68 69
 18 27 41 43 57 58
 18 27 39 40 57 58 70
 18 27 39 40 57 58 68 69
 18 27 39 40 43 57 58
 18 26 27 41 57 58 70
 18 26 27 41 57 58 68 69
 18 26 27 41 43 57 58
 18 26 27 39 40 57 58 70
 18 26 27 39 40 57 58 68 69
 18 26 27 39 40 43 57 58
 15 41 45 56 58 70
 15 41 45 56 58 68 69
 15 41 45 54 58 70
 15 41 45 54 58 68 69
 15 41 45 54 55 58 70
 15 41 45 54 55 58 68 69
 15 41 45 52 53 58 70
 15 41 45 52 53 58 68 69
 15 41 43 45 56 58
 15 41 43 45 54 58
 15 41 43 45 54 55 58
 15 41 43 45 52 53 58
 15 41 43 44 56 58
 15 41 43 44 56 58 70
 15 41 43 44 56 58 68 69
 15 41 43 44 54 58
 15 41 43 44 54 58 70
 15 41 43 44 54 58 68 69
 15 41 43 44 54 55 58
 15 41 43 44 54 55 58 70
 15 41 43 44 54 55 58 68 69
 15 41 43 44 52 53 58
 15 41 43 44 52 53 58 70
 15 41 43 44 52 53 58 68 69
 15 39 40 45 56 58 70
 15 39 40 45 56 58 68 69
 15 39 40 45 54 58 70
 15 39 40 45 54 58 68 69
 15 39 40 45 54 55 58 70
 15 39 40 45 54 55 58 68 69
 15 39 40 45 52 53 58 70
 15 39 40 45 52 53 58 68 69
 15 39 40 43 45 56 58
 15 39 40 43 45 54 58
 15 39 40 43 45 54 55 58
 15 39 40 43 45 52 53 58
 15 39 40 43 44 56 58
 15 39 40 43 44 56 58 70
 15 39 40 43 44 56 58 68 69
 15 39 40 43 44 54 58
 15 39 40 43 44 54 58 70
 15 39 40 43 44 54 58 68 69
 15 39 40 43 44 54 55 58
 15 39 40 43 44 54 55 58 70
 15 39 40 43 44 54 55 58 68 69
 15 39 40 43 44 52 53 58
 15 39 40 43 44 52 53 58 70
 15 39 40 43 44 52 53 58 68 69
 15 29 41 45 58 70
 15 29 41 45 58 68 69
 15 29 41 43 45 58
 15 29 41 43 44 58
 15 29 41 43 44 58 70
 15 29 41 43 44 58 68 69
 15 29 39 40 45 58 70
 15 29 39 40 45 58 68 69
 15 29 39 40 43 45 58
 15 29 39 40 43 44 58
 15 29 39 40 43 44 58 70
 15 29 39 40 43 44 58 68 69
 15 28 41 45 58 70
 15 28 41 45 58 68 69
 15 28 41 43 45 58
 15 28 41 43 44 58
 15 28 41 43 44 58 70
 15 28 41 43 44 58 68 69
 15 28 39 40 45 58 70
 15 28 39 40 45 58 68 69
 15 28 39 40 43 45 58
 15 28 39 40 43 44 58
 15 28 39 40 43 44 58 70
 15 28 39 40 43 44 58 68 69
 15 27 41 45 58 70
 15 27 41 45 58 68 69
 15 27 41 43 45 58
 15 27 41 43 44 58
 15 27 41 43 44 58 70
 15 27 41 43 44 58 68 69
 15 27 39 40 45 58 70
 15 27 39 40 45 58 68 69
 15 27 39 40 43 45 58
 15 27 39 40 43 44 58
 15 27 39 40 43 44 58 70
 15 27 39 40 43 44 58 68 69
 15 26 27 41 45 58 70
 15 26 27 41 45 58 68 69
 15 26 27 41 43 45 58
 15 26 27 41 43 44 58
 15 26 27 41 43 44 58 70
 15 26 27 41 43 44 58 68 69
 15 26 27 39 40 45 58 70
 15 26 27 39 40 45 58 68 69
 15 26 27 39 40 43 45 58
 15 26 27 39 40 43 44 58
 15 26 27 39 40 43 44 58 70
 15 26 27 39 40 43 44 58 68 69
 15 18 41 56 58 70
 15 18 41 56 58 68 69
 15 18 41 54 58 70
 15 18 41 54 58 68 69
 15 18 41 54 55 58 70
 15 18 41 54 55 58 68 69
 15 18 41 52 53 58 70
 15 18 41 52 53 58 68 69
 15 18 41 43 56 58
 15 18 41 43 54 58
 15 18 41 43 54 55 58
 15 18 41 43 52 53 58
 15 18 39 40 56 58 70
 15 18 39 40 56 58 68 69
 15 18 39 40 54 58 70
 15 18 39 40 54 58 68 69
 15 18 39 40 54 55 58 70
 15 18 39 40 54 55 58 68 69
 15 18 39 40 52 53 58 70
 15 18 39 40 52 53 58 68 69
 15 18 39 40 43 56 58
 15 18 39 40 43 54 58
 15 18 39 40 43 54 55 58
 15 18 39 40 43 52 53 58
 15 18 29 41 58 70
 15 18 29 41 58 68 69
 15 18 29 41 43 58
 15 18 29 39 40 58 70
 15 18 29 39 40 58 68 69
 15 18 29 39 40 43 58
 15 18 28 41 58 70
 15 18 28 41 58 68 69
 15 18 28 41 43 58
 15 18 28 39 40 58 70
 15 18 28 39 40 58 68 69
 15 18 28 39 40 43 58
 15 18 27 41 58 70
 15 18 27 41 58 68 69
 15 18 27 41 43 58
 15 18 27 39 40 58 70
 15 18 27 39 40 58 68 69
 15 18 27 39 40 43 58
 15 18 26 27 41 58 70
 15 18 26 27 41 58 68 69
 15 18 26 27 41 43 58
 15 18 26 27 39 40 58 70
 15 18 26 27 39 40 58 68 69
 15 18 26 27 39 40 43 58
 14
 14 45 58 70
 14 45 58 68 69
 14 45 56 57 58 70
 14 45 56 57 58 68 69
 14 45 54 57 58 70
 14 45 54 57 58 68 69
 14 45 54 55 57 58 70
 14 45 54 55 57 58 68 69
 14 45 52 53 57 58 70
 14 45 52 53 57 58 68 69
 14 43 45 58
 14 43 45 56 57 58
 14 43 45 54 57 58
 14 43 45 54 55 57 58
 14 43 45 52 53 57 58
 14 43 44 58
 14 43 44 58 70
 14 43 44 58 68 69
 14 43 44 56 57 58
 14 43 44 56 57 58 70
 14 43 44 56 57 58 68 69
 14 43 44 54 57 58
 14 43 44 54 57 58 70
 14 43 44 54 57 58 68 69
 14 43 44 54 55 57 58
 14 43 44 54 55 57 58 70
 14 43 44 54 55 57 58 68 69
 14 43 44 52 53 57 58
 14 43 44 52 53 57 58 70
 14 43 44 52 53 57 58 68 69
 14 29 45 57 58 70
 14 29 45 57 58 68 69
 14 29 43 45 57 58
 14 29 43 44 57 58
 14 29 43 44 57 58 70
 14 29 43 44 57 58 68 69
 14 28 45 57 58 70
 14 28 45 57 58 68 69
 14 28 43 45 57 58
 14 28 43 44 57 58
 14 28 43 44 57 58 70
 14 28 43 44 57 58 68 69
 14 27 45 57 58 70
 14 27 45 57 58 68 69
 14 27 43 45 57 58
 14 27 43 44 57 58
 14 27 43 44 57 58 70
 14 27 43 44 57 58 68 69
 14 26 27 45 57 58 70
 14 26 27 45 57 58 68 69
 14 26 27 43 45 57 58
 14 26 27 43 44 57 58
 14 26 27 43 44 57 58 70
 14 26 27 43 44 57 58 68 69
 14 18 58 70
 14 18 58 68 69
 14 18 56 57 58 70
 14 18 56 57 58 68 69
 14 18 54 57 58 70
 14 18 54 57 58 68 69
 14 18 54 55 57 58 70
 14 18 54 55 57 58 68 69
 14 18 52 53 57 58 70
 14 18 52 53 57 58 68 69
 14 18 43 58
 14 18 43 56 57 58
 14 18 43 54 57 58
 14 18 43 54 55 57 58
 14 18 43 52 53 57 58
 14 18 29 57 58 70
 14 18 29 57 58 68 69
 14 18 29 43 57 58
 14 18 28 57 58 70
 14 18 28 57 58 68 69
 14 18 28 43 57 58
 14 18 27 57 58 70
 14 18 27 57 58 68 69
 14 18 27 43 57 58
 14 18 26 27 57 58 70
 14 18 26 27 57 58 68 69
 14 18 26 27 43 57 58
 14 15 45 56 58 70
 14 15 45 56 58 68 69
 14 15 45 54 58 70
 14 15 45 54 58 68 69
 14 15 45 54 55 58 70
 14 15 45 54 55 58 68 69
 14 15 45 52 53 58 70
 14 15 45 52 53 58 68 69
 14 15 43 45 56 58
 14 15 43 45 54 58
 14 15 43 45 54 55 58
 14 15 43 45 52 53 58
 14 15 43 44 56 58
 14 15 43 44 56 58 70
 14 15 43 44 56 58 68 69
 14 15 43 44 54 58
 14 15 43 44 54 58 70
 14 15 43 44 54 58 68 69
 14 15 43 44 54 55 58
 14 15 43 44 54 55 58 70
 14 15 43 44 54 55 58 68 69
 14 15 43 44 52 53 58
 14 15 43 44 52 53 58 70
 14 15 43 44 52 53 58 68 69
 14 15 29 45 58 70
 14 15 29 45 58 68 69
 14 15 29 43 45 58
 14 15 29 43 44 58
 14 15 29 43 44 58 70
 14 15 29 43 44 58 68 69
 14 15 28 45 58 70
 14 15 28 45 58 68 69
 14 15 28 43 45 58
 14 15 28 43 44 58
 14 15 28 43 44 58 70
 14 15 28 43 44 58 68 69
 14 15 27 45 58 70
 14 15 27 45 58 68 69
 14 15 27 43 45 58
 14 15 27 43 44 58
 14 15 27 43 44 58 70
 14 15 27 43 44 58 68 69
 14 15 26 27 45 58 70
 14 15 26 27 45 58 68 69
 14 15 26 27 43 45 58
 14 15 26 27 43 44 58
 14 15 26 27 43 44 58 70
 14 15 26 27 43 44 58 68 69
 14 15 18 56 58 70
 14 15 18 56 58 68 69
 14 15 18 54 58 70
 14 15 18 54 58 68 69
 14 15 18 54 55 58 70
 14 15 18 54 55 58 68 69
 14 15 18 52 53 58 70
 14 15 18 52 53 58 68 69
 14 15 18 43 56 58
 14 15 18 43 54 58
 14 15 18 43 54 55 58
 14 15 18 43 52 53 58
 14 15 18 29 58 70
 14 15 18 29 58 68 69
 14 15 18 29 43 58
 14 15 18 28 58 70
 14 15 18 28 58 68 69
 14 15 18 28 43 58
 14 15 18 27 58 70
 14 15 18 27 58 68 69
 14 15 18 27 43 58
 14 15 18 26 27 58 70
 14 15 18 26 27 58 68 69
 14 15 18 26 27 43 58
 13 14 45 56 58 70
 13 14 45 56 58 68 69
 13 14 45 54 58 70
 13 14 45 54 58 68 69
 13 14 45 54 55 58 70
 13 14 45 54 55 58 68 69
 13 14 45 52 53 58 70
 13 14 45 52 53 58 68 69
 13 14 43 45 56 58
 13 14 43 45 54 58
 13 14 43 45 54 55 58
 13 14 43 45 52 53 58
 13 14 43 44 56 58
 13 14 43 44 56 58 70
 13 14 43 44 56 58 68 69
 13 14 43 44 54 58
 13 14 43 44 54 58 70
 13 14 43 44 54 58 68 69
 13 14 43 44 54 55 58
 13 14 43 44 54 55 58 70
 13 14 43 44 54 55 58 68 69
 13 14 43 44 52 53 58
 13 14 43 44 52 53 58 70
 13 14 43 44 52 53 58 68 69
 13 14 41 45 56 58 70
 13 14 41 45 56 58 68 69
 13 14 41 45 54 58 70
 13 14 41 45 54 58 68 69
 13 14 41 45 54 55 58 70
 13 14 41 45 54 55 58 68 69
 13 14 41 45 52 53 58 70
 13 14 41 45 52 53 58 68 69
 13 14 41 43 45 56 58
 13 14 41 43 45 54 58
 13 14 41 43 45 54 55 58
 13 14 41 43 45 52 53 58
 13 14 41 43 44 56 58
 13 14 41 43 44 56 58 70
 13 14 41 43 44 56 58 68 69
 13 14 41 43 44 54 58
 13 14 41 43 44 54 58 70
 13 14 41 43 44 54 58 68 69
 13 14 41 43 44 54 55 58
 13 14 41 43 44 54 55 58 70
 13 14 41 43 44 54 55 58 68 69
 13 14 41 43 44 52 53 58
 13 14 41 43 44 52 53 58 70
 13 14 41 43 44 52 53 58 68 69
 13 14 39 40 45 56 58 70
 13 14 39 40 45 56 58 68 69
 13 14 39 40 45 54 58 70
 13 14 39 40 45 54 58 68 69
 13 14 39 40 45 54 55 58 70
 13 14 39 40 45 54 55 58 68 69
 13 14 39 40 45 52 53 58 70
 13 14 39 40 45 52 53 58 68 69
 13 14 39 40 43 45 56 58
 13 14 39 40 43 45 54 58
 13 14 39 40 43 45 54 55 58
 13 14 39 40 43 45 52 53 58
 13 14 39 40 43 44 56 58
 13 14 39 40 43 44 56 58 70
 13 14 39 40 43 44 56 58 68 69
 13 14 39 40 43 44 54 58
 13 14 39 40 43 44 54 58 70
 13 14 39 40 43 44 54 58 68 69
 13 14 39 40 43 44 54 55 58
 13 14 39 40 43 44 54 55 58 70
 13 14 39 40 43 44 54 55 58 68 69
 13 14 39 40 43 44 52 53 58
 13 14 39 40 43 44 52 53 58 70
 13 14 39 40 43 44 52 53 58 68 69
 13 14 29 45 58 70
 13 14 29 45 58 68 69
 13 14 29 43 45 58
 13 14 29 43 44 58
 13 14 29 43 44 58 70
 13 14 29 43 44 58 68 69
 13 14 29 41 45 58 70
 13 14 29 41 45 58 68 69
 13 14 29 41 43 45 58
 13 14 29 41 43 44 58
 13 14 29 41 43 44 58 70
 13 14 29 41 43 44 58 68 69
 13 14 29 39 40 45 58 70
 13 14 29 39 40 45 58 68 69
 13 14 29 39 40 43 45 58
 13 14 29 39 40 43 44 58
 13 14 29 39 40 43 44 58 70
 13 14 29 39 40 43 44 58 68 69
 13 14 28 45 58 70
 13 14 28 45 58 68 69
 13 14 28 43 45 58
 13 14 28 43 44 58
 13 14 28 43 44 58 70
 13 14 28 43 44 58 68 69
 13 14 28 41 45 58 70
 13 14 28 41 45 58 68 69
 13 14 28 41 43 45 58
 13 14 28 41 43 44 58
 13 14 28 41 43 44 58 70
 13 14 28 41 43 44 58 68 69
 13 14 28 39 40 45 58 70
 13 14 28 39 40 45 58 68 69
 13 14 28 39 40 43 45 58
 13 14 28 39 40 43 44 58
 13 14 28 39 40 43 44 58 70
 13 14 28 39 40 43 44 58 68 69
 13 14 27 45 58 70
 13 14 27 45 58 68 69
 13 14 27 43 45 58
 13 14 27 43 44 58
 13 14 27 43 44 58 70
 13 14 27 43 44 58 68 69
 13 14 27 41 45 58 70
 13 14 27 41 45 58 68 69
 13 14 27 41 43 45 58
 13 14 27 41 43 44 58
 13 14 27 41 43 44 58 70
 13 14 27 41 43 44 58 68 69
 13 14 27 39 40 45 58 70
 13 14 27 39 40 45 58 68 69
 13 14 27 39 40 43 45 58
 13 14 27 39 40 43 44 58
 13 14 27 39 40 43 44 58 70
 13 14 27 39 40 43 44 58 68 69
 13 14 26 27 45 58 70
 13 14 26 27 45 58 68 69
 13 14 26 27 43 45 58
 13 14 26 27 43 44 58
 13 14 26 27 43 44 58 70
 13 14 26 27 43 44 58 68 69
 13 14 26 27 41 45 58 70
 13 14 26 27 41 45 58 68 69
 13 14 26 27 41 43 45 58
 13 14 26 27 41 43 44 58
 13 14 26 27 41 43 44 58 70
 13 14 26 27 41 43 44 58 68 69
 13 14 26 27 39 40 45 58 70
 13 14 26 27 39 40 45 58 68 69
 13 14 26 27 39 40 43 45 58
 13 14 26 27 39 40 43 44 58
 13 14 26 27 39 40 43 44 58 70
 13 14 26 27 39 40 43 44 58 68 69
 13 14 18 56 58 70
 13 14 18 56 58 68 69
 13 14 18 54 58 70
 13 14 18 54 58 68 69
 13 14 18 54 55 58 70
 13 14 18 54 55 58 68 69
 13 14 18 52 53 58 70
 13 14 18 52 53 58 68 69
 13 14 18 43 56 58
 13 14 18 43 54 58
 13 14 18 43 54 55 58
 13 14 18 43 52 53 58
 13 14 18 41 56 58 70
 13 14 18 41 56 58 68 69
 13 14 18 41 54 58 70
 13 14 18 41 54 58 68 69
 13 14 18 41 54 55 58 70
 13 14 18 41 54 55 58 68 69
 13 14 18 41 52 53 58 70
 13 14 18 41 52 53 58 68 69
 13 14 18 41 43 56 58
 13 14 18 41 43 54 58
 13 14 18 41 43 54 55 58
 13 14 18 41 43 52 53 58
 13 14 18 39 40 56 58 70
 13 14 18 39 40 56 58 68 69
 13 14 18 39 40 54 58 70
 13 14 18 39 40 54 58 68 69
 13 14 18 39 40 54 55 58 70
 13 14 18 39 40 54 55 58 68 69
 13 14 18 39 40 52 53 58 70
 13 14 18 39 40 52 53 58 68 69
 13 14 18 39 40 43 56 58
 13 14 18 39 40 43 54 58
 13 14 18 39 40 43 54 55 58
 13 14 18 39 40 43 52 53 58
 13 14 18 29 58 70
 13 14 18 29 58 68 69
 13 14 18 29 43 58
 13 14 18 29 41 58 70
 13 14 18 29 41 58 68 69
 13 14 18 29 41 43 58
 13 14 18 29 39 40 58 70
 13 14 18 29 39 40 58 68 69
 13 14 18 29 39 40 43 58
 13 14 18 28 58 70
 13 14 18 28 58 68 69
 13 14 18 28 43 58
 13 14 18 28 41 58 70
 13 14 18 28 41 58 68 69
 13 14 18 28 41 43 58
 13 14 18 28 39 40 58 70
 13 14 18 28 39 40 58 68 69
 13 14 18 28 39 40 43 58
 13 14 18 27 58 70
 13 14 18 27 58 68 69
 13 14 18 27 43 58
 13 14 18 27 41 58 70
 13 14 18 27 41 58 68 69
 13 14 18 27 41 43 58
 13 14 18 27 39 40 58 70
 13 14 18 27 39 40 58 68 69
 13 14 18 27 39 40 43 58
 13 14 18 26 27 58 70
 13 14 18 26 27 58 68 69
 13 14 18 26 27 43 58
 13 14 18 26 27 41 58 70
 13 14 18 26 27 41 58 68 69
 13 14 18 26 27 41 43 58
 13 14 18 26 27 39 40 58 70
 13 14 18 26 27 39 40 58 68 69
 13 14 18 26 27 39 40 43 58
 1 41 45 57 58 70
 1 41 45 57 58 68 69
 1 41 43 45 57 58
 1 41 43 44 57 58
 1 41 43 44 57 58 70
 1 41 43 44 57 58 68 69
 1 39 40 45 57 58 70
 1 39 40 45 57 58 68 69
 1 39 40 43 45 57 58
 1 39 40 43 44 57 58
 1 39 40 43 44 57 58 70
 1 39 40 43 44 57 58 68 69
 1 18 41 57 58 70
 1 18 41 57 58 68 69
 1 18 41 43 57 58
 1 18 39 40 57 58 70
 1 18 39 40 57 58 68 69
 1 18 39 40 43 57 58
 1 15 41 45 58 70
 1 15 41 45 58 68 69
 1 15 41 43 45 58
 1 15 41 43 44 58
 1 15 41 43 44 58 70
 1 15 41 43 44 58 68 69
 1 15 39 40 45 58 70
 1 15 39 40 45 58 68 69
 1 15 39 40 43 45 58
 1 15 39 40 43 44 58
 1 15 39 40 43 44 58 70
 1 15 39 40 43 44 58 68 69
 1 15 18 41 58 70
 1 15 18 41 58 68 69
 1 15 18 41 43 58
 1 15 18 39 40 58 70
 1 15 18 39 40 58 68 69
 1 15 18 39 40 43 58
 1 14 45 57 58 70
 1 14 45 57 58 68 69
 1 14 43 45 57 58
 1 14 43 44 57 58
 1 14 43 44 57 58 70
 1 14 43 44 57 58 68 69
 1 14 18 57 58 70
 1 14 18 57 58 68 69
 1 14 18 43 57 58
 1 14 15 45 58 70
 1 14 15 45 58 68 69
 1 14 15 43 45 58
 1 14 15 43 44 58
 1 14 15 43 44 58 70
 1 14 15 43 44 58 68 69
 1 14 15 18 58 70
 1 14 15 18 58 68 69
 1 14 15 18 43 58
 1 13 14 45 58 70
 1 13 14 45 58 68 69
 1 13 14 43 45 58
 1 13 14 43 44 58
 1 13 14 43 44 58 70
 1 13 14 43 44 58 68 69
 1 13 14 41 45 58 70
 1 13 14 41 45 58 68 69
 1 13 14 41 43 45 58
 1 13 14 41 43 44 58
 1 13 14 41 43 44 58 70
 1 13 14 41 43 44 58 68 69
 1 13 14 39 40 45 58 70
 1 13 14 39 40 45 58 68 69
 1 13 14 39 40 43 45 58
 1 13 14 39 40 43 44 58
 1 13 14 39 40 43 44 58 70
 1 13 14 39 40 43 44 58 68 69
 1 13 14 18 58 70
 1 13 14 18 58 68 69
 1 13 14 18 43 58
 1 13 14 18 41 58 70
 1 13 14 18 41 58 68 69
 1 13 14 18 41 43 58
 1 13 14 18 39 40 58 70
 1 13 14 18 39 40 58 68 69
 1 13 14 18 39 40 43 58
