 35 41 58 72 74
 35 41 58 72 73
 35 41 58 70 71 74
 35 41 58 70 71 72 73
 35 41 56 58 70 74
 35 41 56 58 70 72 73
 35 41 56 58 68 69 74
 35 41 56 58 68 69 72 73
 35 41 54 55 58 70 74
 35 41 54 55 58 70 72 73
 35 41 54 55 58 68 69 74
 35 41 54 55 58 68 69 72 73
 35 41 47 58 72
 35 41 47 58 70 71
 35 41 47 56 58 70
 35 41 47 56 58 68 69
 35 41 47 54 55 58 70
 35 41 47 54 55 58 68 69
 35 41 45 58 74
 35 41 45 58 72 73
 35 41 45 47 58
 35 41 43 56 58 74
 35 41 43 56 58 72 73
 35 41 43 54 55 58 74
 35 41 43 54 55 58 72 73
 35 41 43 47 56 58
 35 41 43 47 54 55 58
 35 39 40 58 72 74
 35 39 40 58 72 73
 35 39 40 58 70 71 74
 35 39 40 58 70 71 72 73
 35 39 40 56 58 70 74
 35 39 40 56 58 70 72 73
 35 39 40 56 58 68 69 74
 35 39 40 56 58 68 69 72 73
 35 39 40 54 55 58 70 74
 35 39 40 54 55 58 70 72 73
 35 39 40 54 55 58 68 69 74
 35 39 40 54 55 58 68 69 72 73
 35 39 40 47 58 72
 35 39 40 47 58 70 71
 35 39 40 47 56 58 70
 35 39 40 47 56 58 68 69
 35 39 40 47 54 55 58 70
 35 39 40 47 54 55 58 68 69
 35 39 40 45 58 74
 35 39 40 45 58 72 73
 35 39 40 45 47 58
 35 39 40 43 56 58 74
 35 39 40 43 56 58 72 73
 35 39 40 43 54 55 58 74
 35 39 40 43 54 55 58 72 73
 35 39 40 43 47 56 58
 35 39 40 43 47 54 55 58
 29 35 41 58 70 74
 29 35 41 58 70 72 73
 29 35 41 58 68 69 74
 29 35 41 58 68 69 72 73
 29 35 41 47 58 70
 29 35 41 47 58 68 69
 29 35 41 43 58 74
 29 35 41 43 58 72 73
 29 35 41 43 47 58
 29 35 39 40 58 70 74
 29 35 39 40 58 70 72 73
 29 35 39 40 58 68 69 74
 29 35 39 40 58 68 69 72 73
 29 35 39 40 47 58 70
 29 35 39 40 47 58 68 69
 29 35 39 40 43 58 74
 29 35 39 40 43 58 72 73
 29 35 39 40 43 47 58
 14 35 58 72 74
 14 35 58 72 73
 14 35 58 70 71 74
 14 35 58 70 71 72 73
 14 35 56 58 70 74
 14 35 56 58 70 72 73
 14 35 56 58 68 69 74
 14 35 56 58 68 69 72 73
 14 35 54 55 58 70 74
 14 35 54 55 58 70 72 73
 14 35 54 55 58 68 69 74
 14 35 54 55 58 68 69 72 73
 14 35 47 58 72
 14 35 47 58 70 71
 14 35 47 56 58 70
 14 35 47 56 58 68 69
 14 35 47 54 55 58 70
 14 35 47 54 55 58 68 69
 14 35 45 58 74
 14 35 45 58 72 73
 14 35 45 47 58
 14 35 43 56 58 74
 14 35 43 56 58 72 73
 14 35 43 54 55 58 74
 14 35 43 54 55 58 72 73
 14 35 43 47 56 58
 14 35 43 47 54 55 58
 14 29 35 58 70 74
 14 29 35 58 70 72 73
 14 29 35 58 68 69 74
 14 29 35 58 68 69 72 73
 14 29 35 47 58 70
 14 29 35 47 58 68 69
 14 29 35 43 58 74
 14 29 35 43 58 72 73
 14 29 35 43 47 58
