 63
 63 73
 63 71 72
 63 69
 63 67 68
 61 63
 61 62 73
 61 62 71 72
 61 62 69
 61 62 67 68
 60 63
 60 61 62
 59 63 78
 59 63 76 77
 59 61 62 78
 59 61 62 76 77
 59 60 63
 59 60 61 62
 58 67 78
 58 67 76 77
 58 65 66 78
 58 65 66 76 77
 58 63
 58 63 72
 58 63 70 71
 58 63 69
 58 63 69 71
 58 63 68 74
 58 63 68 72
 58 63 68 72 73
 58 63 68 70 71
 58 63 68 69
 58 63 67
 58 63 67 68
 58 63 67 68 71
 58 63 67 68 70
 58 63 67 68 69
 58 63 67 68 69 70
 58 63 65 66
 58 63 64 72
 58 63 64 70 71
 58 61
 58 61 67 78
 58 61 67 76 77
 58 61 65 66 78
 58 61 65 66 76 77
 58 61 63 67
 58 61 63 65 66
 58 61 62
 58 61 62 72
 58 61 62 70 71
 58 61 62 69
 58 61 62 69 71
 58 61 62 68 74
 58 61 62 68 72
 58 61 62 68 72 73
 58 61 62 68 70 71
 58 61 62 68 69
 58 61 62 67 68
 58 61 62 67 68 71
 58 61 62 67 68 70
 58 61 62 67 68 69
 58 61 62 67 68 69 70
 58 61 62 64 72
 58 61 62 64 70 71
 58 59 63 74
 58 59 63 72 73
 58 59 63 68 74
 58 59 63 68 72 73
 58 59 61 62 74
 58 59 61 62 72 73
 58 59 61 62 68 74
 58 59 61 62 68 72 73
 58 59 60
 58 59 60 67 78
 58 59 60 67 76 77
 58 59 60 65 66 78
 58 59 60 65 66 76 77
 58 59 60 63 67
 58 59 60 63 65 66
 58 59 60 61 62 67
 58 59 60 61 62 65 66
 57 63 69
 57 63 67 68
 57 61 62 69
 57 61 62 67 68
 57 58 63 78
 57 58 63 76 77
 57 58 63 74
 57 58 63 72 73
 57 58 63 68 74
 57 58 63 68 72 73
 57 58 61 62 78
 57 58 61 62 76 77
 57 58 61 62 74
 57 58 61 62 72 73
 57 58 61 62 68 74
 57 58 61 62 68 72 73
 56 63 69 71
 56 63 69 70
 56 63 67 68 71
 56 63 67 68 69 70
 56 61 62 69 71
 56 61 62 69 70
 56 61 62 67 68 71
 56 61 62 67 68 69 70
 56 59 63 69
 56 59 63 67 68
 56 59 61 62 69
 56 59 61 62 67 68
 56 57 58 63 69
 56 57 58 63 67 68
 56 57 58 61 62 69
 56 57 58 61 62 67 68
 55 63 69
 55 63 67 68
 55 63 64 72
 55 63 64 70 71
 55 62 63 72
 55 62 63 70 71
 55 61 62 72
 55 61 62 70 71
 55 61 62 69
 55 61 62 67 68
 55 61 62 64 72
 55 61 62 64 70 71
 55 58 63 74
 55 58 63 72 73
 55 58 61 62 74
 55 58 61 62 72 73
 55 56 63 69
 55 56 63 67 68
 55 56 61 62 69
 55 56 61 62 67 68
 54 69
 54 69 71
 54 69 70
 54 67 68
 54 67 68 71
 54 67 68 69 70
 54 59 69
 54 59 67 68
 54 58 69
 54 58 67 68
 54 57 58 69
 54 57 58 67 68
 54 55 58 63 69
 54 55 58 63 67 68
 54 55 58 61 62 69
 54 55 58 61 62 67 68
 52 53 69
 52 53 69 71
 52 53 69 70
 52 53 67 68
 52 53 67 68 71
 52 53 67 68 69 70
 52 53 59 69
 52 53 59 67 68
 52 53 58 69
 52 53 58 67 68
 52 53 57 58 69
 52 53 57 58 67 68
 51 59 63
 51 59 61 62
 51 58 67
 51 58 65 66
 51 58 61 67
 51 58 61 65 66
 51 58 59 60 67
 51 58 59 60 65 66
 51 57 58 63
 51 57 58 61 62
 48 55 64 72
 48 55 64 70 71
 48 55 62 64 72
 48 55 62 64 70 71
 48 55 59 64
 48 55 57 58 64
 48 52 64 72
 48 52 64 70 71
 48 50 51 64 72
 48 50 51 64 70 71
 47 58 63 68
 47 58 61 62 68
 47 58 59 63
 47 58 59 63 68
 47 58 59 61 62
 47 58 59 61 62 68
 47 57 58 63
 47 57 58 63 68
 47 57 58 61 62
 47 57 58 61 62 68
 47 55 58 63
 47 55 58 61 62
 46 63
 46 61 62
 46 58 59 69
 46 58 59 69 71
 46 58 59 69 70
 46 58 59 67 68
 46 58 59 67 68 71
 46 58 59 67 68 69 70
 46 57 58 69
 46 57 58 69 71
 46 57 58 69 70
 46 57 58 67 68
 46 57 58 67 68 71
 46 57 58 67 68 69 70
 46 47 55 64 72
 46 47 55 64 70 71
 46 47 55 62 64 72
 46 47 55 62 64 70 71
 46 47 55 59 64
 46 47 55 57 58 64
 46 47 52 64 72
 46 47 52 64 70 71
 46 47 50 51 64 72
 46 47 50 51 64 70 71
 45 58 63
 45 58 63 68
 45 58 63 64
 45 58 61 62
 45 58 61 62 68
 45 58 61 62 64
 45 55 63 64
 45 55 62 63
 45 55 61 62
 45 55 61 62 64
 45 48 55 64
 45 48 55 62 64
 45 48 52 64
 45 48 50 51 64
 45 46 47 55 64
 45 46 47 55 62 64
 45 46 47 52 64
 45 46 47 50 51 64
 44 58 63 69
 44 58 63 67 68
 44 58 61 62 69
 44 58 61 62 67 68
 44 56 63 69
 44 56 63 67 68
 44 56 61 62 69
 44 56 61 62 67 68
 44 54 69
 44 54 67 68
 44 52 53 69
 44 52 53 67 68
 44 48 54 72
 44 48 54 70 71
 44 48 52 53 72
 44 48 52 53 70 71
 44 46 58 59 69
 44 46 58 59 67 68
 44 46 57 58 69
 44 46 57 58 67 68
 44 46 47 54 72
 44 46 47 54 70 71
 44 46 47 52 53 72
 44 46 47 52 53 70 71
 44 45 58 59 69 71
 44 45 58 59 69 70
 44 45 58 59 67 68 71
 44 45 58 59 67 68 69 70
 44 45 57 58 69 71
 44 45 57 58 69 70
 44 45 57 58 67 68 71
 44 45 57 58 67 68 69 70
 44 45 48 54
 44 45 48 52 53
 44 45 46 47 54
 44 45 46 47 52 53
 43 58 63 69
 43 58 63 67 68
 43 58 61 62 69
 43 58 61 62 67 68
 42 63
 42 61 62
 42 58 63
 42 58 63 71
 42 58 63 70
 42 58 63 69 70
 42 58 63 68 69
 42 58 61 62
 42 58 61 62 71
 42 58 61 62 70
 42 58 61 62 69 70
 42 58 61 62 68 69
 42 57 63
 42 57 61 62
 42 56 63 71
 42 56 63 69 70
 42 56 61 62 71
 42 56 61 62 69 70
 42 56 59 63
 42 56 59 61 62
 42 56 57 58 63
 42 56 57 58 61 62
 42 55 63
 42 55 61 62
 42 55 56 63
 42 55 56 61 62
 42 54
 42 54 71
 42 54 69 70
 42 54 59
 42 54 58
 42 54 57 58
 42 54 55 58 63
 42 54 55 58 61 62
 42 52 53
 42 52 53 71
 42 52 53 69 70
 42 52 53 59
 42 52 53 58
 42 52 53 57 58
 42 46 58 59
 42 46 58 59 71
 42 46 58 59 69 70
 42 46 57 58
 42 46 57 58 71
 42 46 57 58 69 70
 42 44 58 63
 42 44 58 61 62
 42 44 56 63
 42 44 56 61 62
 42 44 54
 42 44 52 53
 42 44 46 58 59
 42 44 46 57 58
 42 44 45 58 59 71
 42 44 45 58 59 69 70
 42 44 45 57 58 71
 42 44 45 57 58 69 70
 42 43 58 63
 42 43 58 61 62
 40 58 78
 40 58 76 77
 40 58 63
 40 58 61 78
 40 58 61 76 77
 40 58 61 63
 40 58 59 60 78
 40 58 59 60 76 77
 40 58 59 60 63
 40 58 59 60 61 62
 40 51 58
 40 51 58 61
 40 51 58 59 60
 39 58 63 74
 39 58 63 72
 39 58 63 72 73
 39 58 63 70 71
 39 58 61 62 74
 39 58 61 62 72
 39 58 61 62 72 73
 39 58 61 62 70 71
 39 58 59 63 74
 39 58 59 63 72 73
 39 58 59 61 62 74
 39 58 59 61 62 72 73
 39 57 58 63 74
 39 57 58 63 72 73
 39 57 58 61 62 74
 39 57 58 61 62 72 73
 39 55 58 63 74
 39 55 58 63 72
 39 55 58 63 72 73
 39 55 58 63 70 71
 39 55 58 61 62 74
 39 55 58 61 62 72
 39 55 58 61 62 72 73
 39 55 58 61 62 70 71
 39 55 58 59 63 74
 39 55 58 59 63 72 73
 39 55 58 59 61 62 74
 39 55 58 59 61 62 72 73
 39 55 57 58 63 74
 39 55 57 58 63 72 73
 39 55 57 58 61 62 74
 39 55 57 58 61 62 72 73
 39 54 63 64 72
 39 54 63 64 71 72
 39 54 63 64 69 70 72
 39 54 63 64 69 70 71
 39 54 61 62 64 72
 39 54 61 62 64 71 72
 39 54 61 62 64 69 70 72
 39 54 61 62 64 69 70 71
 39 54 59 63 64 72
 39 54 59 63 64 70 71
 39 54 59 61 62 64 72
 39 54 59 61 62 64 70 71
 39 54 58 63 64 69 72
 39 54 58 63 64 69 70 71
 39 54 58 63 64 67 68 72
 39 54 58 63 64 67 68 70 71
 39 54 58 61 62 64 69 72
 39 54 58 61 62 64 69 70 71
 39 54 58 61 62 64 67 68 72
 39 54 58 61 62 64 67 68 70 71
 39 54 55 58 63 64 72
 39 54 55 58 63 64 70 71
 39 54 55 58 61 62 64 72
 39 54 55 58 61 62 64 70 71
 39 52 64 72
 39 52 64 70 71
 39 52 63 64 72
 39 52 63 64 70 71
 39 52 61 62 64 72
 39 52 61 62 64 70 71
 39 52 53 63 64 72
 39 52 53 63 64 71 72
 39 52 53 63 64 69 70 72
 39 52 53 63 64 69 70 71
 39 52 53 61 62 64 72
 39 52 53 61 62 64 71 72
 39 52 53 61 62 64 69 70 72
 39 52 53 61 62 64 69 70 71
 39 52 53 59 63 64 72
 39 52 53 59 63 64 70 71
 39 52 53 59 61 62 64 72
 39 52 53 59 61 62 64 70 71
 39 52 53 58 63 64 69 72
 39 52 53 58 63 64 69 70 71
 39 52 53 58 63 64 67 68 72
 39 52 53 58 63 64 67 68 70 71
 39 52 53 58 61 62 64 69 72
 39 52 53 58 61 62 64 69 70 71
 39 52 53 58 61 62 64 67 68 72
 39 52 53 58 61 62 64 67 68 70 71
 39 52 53 55 58 63 64 72
 39 52 53 55 58 63 64 70 71
 39 52 53 55 58 61 62 64 72
 39 52 53 55 58 61 62 64 70 71
 39 50 51 64 72
 39 50 51 64 70 71
 39 50 51 63 64 72
 39 50 51 63 64 70 71
 39 50 51 61 62 64 72
 39 50 51 61 62 64 70 71
 39 48 64 72
 39 48 64 70 71
 39 48 62 72
 39 48 62 70 71
 39 48 62 64 72
 39 48 62 64 70 71
 39 48 59 64
 39 48 57 58 64
 39 48 55 62 72
 39 48 55 62 70 71
 39 47 58 63
 39 47 58 61 62
 39 47 58 59 63
 39 47 58 59 61 62
 39 47 57 58 63
 39 47 57 58 61 62
 39 47 55 58 63
 39 47 55 58 61 62
 39 47 55 58 59 63
 39 47 55 58 59 61 62
 39 47 55 57 58 63
 39 47 55 57 58 61 62
 39 46 47 64 72
 39 46 47 64 70 71
 39 46 47 62 72
 39 46 47 62 70 71
 39 46 47 62 64 72
 39 46 47 62 64 70 71
 39 46 47 59 64
 39 46 47 57 58 64
 39 46 47 55 62 72
 39 46 47 55 62 70 71
 39 45 58 63
 39 45 58 61 62
 39 45 55 58 63
 39 45 55 58 61 62
 39 45 54 63 64
 39 45 54 63 64 71
 39 45 54 63 64 69 70
 39 45 54 61 62 64
 39 45 54 61 62 64 71
 39 45 54 61 62 64 69 70
 39 45 54 59 63 64
 39 45 54 59 61 62 64
 39 45 54 58 63 64 69
 39 45 54 58 63 64 67 68
 39 45 54 58 61 62 64 69
 39 45 54 58 61 62 64 67 68
 39 45 54 55 58 63 64
 39 45 54 55 58 61 62 64
 39 45 52 64
 39 45 52 63 64
 39 45 52 61 62 64
 39 45 52 53 63 64
 39 45 52 53 63 64 71
 39 45 52 53 63 64 69 70
 39 45 52 53 61 62 64
 39 45 52 53 61 62 64 71
 39 45 52 53 61 62 64 69 70
 39 45 52 53 59 63 64
 39 45 52 53 59 61 62 64
 39 45 52 53 58 63 64 69
 39 45 52 53 58 63 64 67 68
 39 45 52 53 58 61 62 64 69
 39 45 52 53 58 61 62 64 67 68
 39 45 52 53 55 58 63 64
 39 45 52 53 55 58 61 62 64
 39 45 50 51 64
 39 45 50 51 63 64
 39 45 50 51 61 62 64
 39 45 48 64
 39 45 48 62
 39 45 48 62 64
 39 45 48 55 62
 39 45 46 47 64
 39 45 46 47 62
 39 45 46 47 62 64
 39 45 46 47 55 62
 39 44 63 72
 39 44 63 70 71
 39 44 61 62 72
 39 44 61 62 70 71
 39 44 54 64 72
 39 44 54 64 70 71
 39 44 54 63 64 72
 39 44 54 63 64 70 71
 39 44 54 61 62 64 72
 39 44 54 61 62 64 70 71
 39 44 52 53 64 72
 39 44 52 53 64 70 71
 39 44 52 53 63 64 72
 39 44 52 53 63 64 70 71
 39 44 52 53 61 62 64 72
 39 44 52 53 61 62 64 70 71
 39 44 45 63
 39 44 45 61 62
 39 44 45 54 64
 39 44 45 54 63 64
 39 44 45 54 61 62 64
 39 44 45 52 53 64
 39 44 45 52 53 63 64
 39 44 45 52 53 61 62 64
 39 42 54 58 63 64 72
 39 42 54 58 63 64 70 71
 39 42 54 58 61 62 64 72
 39 42 54 58 61 62 64 70 71
 39 42 52 53 58 63 64 72
 39 42 52 53 58 63 64 70 71
 39 42 52 53 58 61 62 64 72
 39 42 52 53 58 61 62 64 70 71
 39 42 45 54 58 63 64
 39 42 45 54 58 61 62 64
 39 42 45 52 53 58 63 64
 39 42 45 52 53 58 61 62 64
 37 38 58 63 74
 37 38 58 63 72
 37 38 58 63 72 73
 37 38 58 63 70 71
 37 38 58 61 62 74
 37 38 58 61 62 72
 37 38 58 61 62 72 73
 37 38 58 61 62 70 71
 37 38 58 59 63 74
 37 38 58 59 63 72 73
 37 38 58 59 61 62 74
 37 38 58 59 61 62 72 73
 37 38 57 58 63 74
 37 38 57 58 63 72 73
 37 38 57 58 61 62 74
 37 38 57 58 61 62 72 73
 37 38 55 58 63 74
 37 38 55 58 63 72
 37 38 55 58 63 72 73
 37 38 55 58 63 70 71
 37 38 55 58 61 62 74
 37 38 55 58 61 62 72
 37 38 55 58 61 62 72 73
 37 38 55 58 61 62 70 71
 37 38 55 58 59 63 74
 37 38 55 58 59 63 72 73
 37 38 55 58 59 61 62 74
 37 38 55 58 59 61 62 72 73
 37 38 55 57 58 63 74
 37 38 55 57 58 63 72 73
 37 38 55 57 58 61 62 74
 37 38 55 57 58 61 62 72 73
 37 38 54 63 64 72
 37 38 54 63 64 71 72
 37 38 54 63 64 69 70 72
 37 38 54 63 64 69 70 71
 37 38 54 61 62 64 72
 37 38 54 61 62 64 71 72
 37 38 54 61 62 64 69 70 72
 37 38 54 61 62 64 69 70 71
 37 38 54 59 63 64 72
 37 38 54 59 63 64 70 71
 37 38 54 59 61 62 64 72
 37 38 54 59 61 62 64 70 71
 37 38 54 58 63 64 69 72
 37 38 54 58 63 64 69 70 71
 37 38 54 58 63 64 67 68 72
 37 38 54 58 63 64 67 68 70 71
 37 38 54 58 61 62 64 69 72
 37 38 54 58 61 62 64 69 70 71
 37 38 54 58 61 62 64 67 68 72
 37 38 54 58 61 62 64 67 68 70 71
 37 38 54 55 58 63 64 72
 37 38 54 55 58 63 64 70 71
 37 38 54 55 58 61 62 64 72
 37 38 54 55 58 61 62 64 70 71
 37 38 52 64 72
 37 38 52 64 70 71
 37 38 52 63 64 72
 37 38 52 63 64 70 71
 37 38 52 61 62 64 72
 37 38 52 61 62 64 70 71
 37 38 52 53 63 64 72
 37 38 52 53 63 64 71 72
 37 38 52 53 63 64 69 70 72
 37 38 52 53 63 64 69 70 71
 37 38 52 53 61 62 64 72
 37 38 52 53 61 62 64 71 72
 37 38 52 53 61 62 64 69 70 72
 37 38 52 53 61 62 64 69 70 71
 37 38 52 53 59 63 64 72
 37 38 52 53 59 63 64 70 71
 37 38 52 53 59 61 62 64 72
 37 38 52 53 59 61 62 64 70 71
 37 38 52 53 58 63 64 69 72
 37 38 52 53 58 63 64 69 70 71
 37 38 52 53 58 63 64 67 68 72
 37 38 52 53 58 63 64 67 68 70 71
 37 38 52 53 58 61 62 64 69 72
 37 38 52 53 58 61 62 64 69 70 71
 37 38 52 53 58 61 62 64 67 68 72
 37 38 52 53 58 61 62 64 67 68 70 71
 37 38 52 53 55 58 63 64 72
 37 38 52 53 55 58 63 64 70 71
 37 38 52 53 55 58 61 62 64 72
 37 38 52 53 55 58 61 62 64 70 71
 37 38 50 51 64 72
 37 38 50 51 64 70 71
 37 38 50 51 63 64 72
 37 38 50 51 63 64 70 71
 37 38 50 51 61 62 64 72
 37 38 50 51 61 62 64 70 71
 37 38 48 64 72
 37 38 48 64 70 71
 37 38 48 62 72
 37 38 48 62 70 71
 37 38 48 62 64 72
 37 38 48 62 64 70 71
 37 38 48 59 64
 37 38 48 57 58 64
 37 38 48 55 62 72
 37 38 48 55 62 70 71
 37 38 47 58 63
 37 38 47 58 61 62
 37 38 47 58 59 63
 37 38 47 58 59 61 62
 37 38 47 57 58 63
 37 38 47 57 58 61 62
 37 38 47 55 58 63
 37 38 47 55 58 61 62
 37 38 47 55 58 59 63
 37 38 47 55 58 59 61 62
 37 38 47 55 57 58 63
 37 38 47 55 57 58 61 62
 37 38 46 47 64 72
 37 38 46 47 64 70 71
 37 38 46 47 62 72
 37 38 46 47 62 70 71
 37 38 46 47 62 64 72
 37 38 46 47 62 64 70 71
 37 38 46 47 59 64
 37 38 46 47 57 58 64
 37 38 46 47 55 62 72
 37 38 46 47 55 62 70 71
 37 38 45 58 63
 37 38 45 58 61 62
 37 38 45 55 58 63
 37 38 45 55 58 61 62
 37 38 45 54 63 64
 37 38 45 54 63 64 71
 37 38 45 54 63 64 69 70
 37 38 45 54 61 62 64
 37 38 45 54 61 62 64 71
 37 38 45 54 61 62 64 69 70
 37 38 45 54 59 63 64
 37 38 45 54 59 61 62 64
 37 38 45 54 58 63 64 69
 37 38 45 54 58 63 64 67 68
 37 38 45 54 58 61 62 64 69
 37 38 45 54 58 61 62 64 67 68
 37 38 45 54 55 58 63 64
 37 38 45 54 55 58 61 62 64
 37 38 45 52 64
 37 38 45 52 63 64
 37 38 45 52 61 62 64
 37 38 45 52 53 63 64
 37 38 45 52 53 63 64 71
 37 38 45 52 53 63 64 69 70
 37 38 45 52 53 61 62 64
 37 38 45 52 53 61 62 64 71
 37 38 45 52 53 61 62 64 69 70
 37 38 45 52 53 59 63 64
 37 38 45 52 53 59 61 62 64
 37 38 45 52 53 58 63 64 69
 37 38 45 52 53 58 63 64 67 68
 37 38 45 52 53 58 61 62 64 69
 37 38 45 52 53 58 61 62 64 67 68
 37 38 45 52 53 55 58 63 64
 37 38 45 52 53 55 58 61 62 64
 37 38 45 50 51 64
 37 38 45 50 51 63 64
 37 38 45 50 51 61 62 64
 37 38 45 48 64
 37 38 45 48 62
 37 38 45 48 62 64
 37 38 45 48 55 62
 37 38 45 46 47 64
 37 38 45 46 47 62
 37 38 45 46 47 62 64
 37 38 45 46 47 55 62
 37 38 44 63 72
 37 38 44 63 70 71
 37 38 44 61 62 72
 37 38 44 61 62 70 71
 37 38 44 54 64 72
 37 38 44 54 64 70 71
 37 38 44 54 63 64 72
 37 38 44 54 63 64 70 71
 37 38 44 54 61 62 64 72
 37 38 44 54 61 62 64 70 71
 37 38 44 52 53 64 72
 37 38 44 52 53 64 70 71
 37 38 44 52 53 63 64 72
 37 38 44 52 53 63 64 70 71
 37 38 44 52 53 61 62 64 72
 37 38 44 52 53 61 62 64 70 71
 37 38 44 45 63
 37 38 44 45 61 62
 37 38 44 45 54 64
 37 38 44 45 54 63 64
 37 38 44 45 54 61 62 64
 37 38 44 45 52 53 64
 37 38 44 45 52 53 63 64
 37 38 44 45 52 53 61 62 64
 37 38 42 54 58 63 64 72
 37 38 42 54 58 63 64 70 71
 37 38 42 54 58 61 62 64 72
 37 38 42 54 58 61 62 64 70 71
 37 38 42 52 53 58 63 64 72
 37 38 42 52 53 58 63 64 70 71
 37 38 42 52 53 58 61 62 64 72
 37 38 42 52 53 58 61 62 64 70 71
 37 38 42 45 54 58 63 64
 37 38 42 45 54 58 61 62 64
 37 38 42 45 52 53 58 63 64
 37 38 42 45 52 53 58 61 62 64
 36
 36 73
 36 71 72
 36 69
 36 67 68
 36 61
 36 60
 36 59 78
 36 59 76 77
 36 59 60
 36 58
 36 58 72
 36 58 70 71
 36 58 69
 36 58 69 71
 36 58 68 74
 36 58 68 72
 36 58 68 72 73
 36 58 68 70 71
 36 58 68 69
 36 58 67
 36 58 67 68
 36 58 67 68 71
 36 58 67 68 70
 36 58 67 68 69
 36 58 67 68 69 70
 36 58 65 66
 36 58 64 72
 36 58 64 70 71
 36 58 61 67
 36 58 61 65 66
 36 58 59 74
 36 58 59 72 73
 36 58 59 68 74
 36 58 59 68 72 73
 36 58 59 60 67
 36 58 59 60 65 66
 36 57 69
 36 57 67 68
 36 57 58 78
 36 57 58 76 77
 36 57 58 74
 36 57 58 72 73
 36 57 58 68 74
 36 57 58 68 72 73
 36 56 69 71
 36 56 69 70
 36 56 67 68 71
 36 56 67 68 69 70
 36 56 59 69
 36 56 59 67 68
 36 56 57 58 69
 36 56 57 58 67 68
 36 55 69
 36 55 67 68
 36 55 64 72
 36 55 64 70 71
 36 55 62 72
 36 55 62 70 71
 36 55 58 74
 36 55 58 72 73
 36 55 56 69
 36 55 56 67 68
 36 54 55 58 69
 36 54 55 58 67 68
 36 51 59
 36 51 57 58
 36 47 58 68
 36 47 58 59
 36 47 58 59 68
 36 47 57 58
 36 47 57 58 68
 36 47 55 58
 36 46
 36 45 58
 36 45 58 68
 36 45 58 64
 36 45 55 64
 36 45 55 62
 36 44 58 69
 36 44 58 67 68
 36 44 56 69
 36 44 56 67 68
 36 43 58 69
 36 43 58 67 68
 36 42
 36 42 58
 36 42 58 71
 36 42 58 70
 36 42 58 69 70
 36 42 58 68 69
 36 42 57
 36 42 56 71
 36 42 56 69 70
 36 42 56 59
 36 42 56 57 58
 36 42 55
 36 42 55 56
 36 42 54 55 58
 36 42 44 58
 36 42 44 56
 36 42 43 58
 36 40 58
 36 40 58 61
 36 40 58 59 60
 36 39 58 74
 36 39 58 72
 36 39 58 72 73
 36 39 58 70 71
 36 39 58 59 74
 36 39 58 59 72 73
 36 39 57 58 74
 36 39 57 58 72 73
 36 39 55 58 74
 36 39 55 58 72
 36 39 55 58 72 73
 36 39 55 58 70 71
 36 39 55 58 59 74
 36 39 55 58 59 72 73
 36 39 55 57 58 74
 36 39 55 57 58 72 73
 36 39 54 64 72
 36 39 54 64 71 72
 36 39 54 64 69 70 72
 36 39 54 64 69 70 71
 36 39 54 59 64 72
 36 39 54 59 64 70 71
 36 39 54 58 64 69 72
 36 39 54 58 64 69 70 71
 36 39 54 58 64 67 68 72
 36 39 54 58 64 67 68 70 71
 36 39 54 55 58 64 72
 36 39 54 55 58 64 70 71
 36 39 52 64 72
 36 39 52 64 70 71
 36 39 52 53 64 72
 36 39 52 53 64 71 72
 36 39 52 53 64 69 70 72
 36 39 52 53 64 69 70 71
 36 39 52 53 59 64 72
 36 39 52 53 59 64 70 71
 36 39 52 53 58 64 69 72
 36 39 52 53 58 64 69 70 71
 36 39 52 53 58 64 67 68 72
 36 39 52 53 58 64 67 68 70 71
 36 39 52 53 55 58 64 72
 36 39 52 53 55 58 64 70 71
 36 39 50 51 64 72
 36 39 50 51 64 70 71
 36 39 47 58
 36 39 47 58 59
 36 39 47 57 58
 36 39 47 55 58
 36 39 47 55 58 59
 36 39 47 55 57 58
 36 39 45 58
 36 39 45 55 58
 36 39 45 54 64
 36 39 45 54 64 71
 36 39 45 54 64 69 70
 36 39 45 54 59 64
 36 39 45 54 58 64 69
 36 39 45 54 58 64 67 68
 36 39 45 54 55 58 64
 36 39 45 52 64
 36 39 45 52 53 64
 36 39 45 52 53 64 71
 36 39 45 52 53 64 69 70
 36 39 45 52 53 59 64
 36 39 45 52 53 58 64 69
 36 39 45 52 53 58 64 67 68
 36 39 45 52 53 55 58 64
 36 39 45 50 51 64
 36 39 44 72
 36 39 44 70 71
 36 39 44 54 64 72
 36 39 44 54 64 70 71
 36 39 44 52 53 64 72
 36 39 44 52 53 64 70 71
 36 39 44 45
 36 39 44 45 54 64
 36 39 44 45 52 53 64
 36 39 42 54 58 64 72
 36 39 42 54 58 64 70 71
 36 39 42 52 53 58 64 72
 36 39 42 52 53 58 64 70 71
 36 39 42 45 54 58 64
 36 39 42 45 52 53 58 64
 36 37 38 58 74
 36 37 38 58 72
 36 37 38 58 72 73
 36 37 38 58 70 71
 36 37 38 58 59 74
 36 37 38 58 59 72 73
 36 37 38 57 58 74
 36 37 38 57 58 72 73
 36 37 38 55 58 74
 36 37 38 55 58 72
 36 37 38 55 58 72 73
 36 37 38 55 58 70 71
 36 37 38 55 58 59 74
 36 37 38 55 58 59 72 73
 36 37 38 55 57 58 74
 36 37 38 55 57 58 72 73
 36 37 38 54 64 72
 36 37 38 54 64 71 72
 36 37 38 54 64 69 70 72
 36 37 38 54 64 69 70 71
 36 37 38 54 59 64 72
 36 37 38 54 59 64 70 71
 36 37 38 54 58 64 69 72
 36 37 38 54 58 64 69 70 71
 36 37 38 54 58 64 67 68 72
 36 37 38 54 58 64 67 68 70 71
 36 37 38 54 55 58 64 72
 36 37 38 54 55 58 64 70 71
 36 37 38 52 64 72
 36 37 38 52 64 70 71
 36 37 38 52 53 64 72
 36 37 38 52 53 64 71 72
 36 37 38 52 53 64 69 70 72
 36 37 38 52 53 64 69 70 71
 36 37 38 52 53 59 64 72
 36 37 38 52 53 59 64 70 71
 36 37 38 52 53 58 64 69 72
 36 37 38 52 53 58 64 69 70 71
 36 37 38 52 53 58 64 67 68 72
 36 37 38 52 53 58 64 67 68 70 71
 36 37 38 52 53 55 58 64 72
 36 37 38 52 53 55 58 64 70 71
 36 37 38 50 51 64 72
 36 37 38 50 51 64 70 71
 36 37 38 47 58
 36 37 38 47 58 59
 36 37 38 47 57 58
 36 37 38 47 55 58
 36 37 38 47 55 58 59
 36 37 38 47 55 57 58
 36 37 38 45 58
 36 37 38 45 55 58
 36 37 38 45 54 64
 36 37 38 45 54 64 71
 36 37 38 45 54 64 69 70
 36 37 38 45 54 59 64
 36 37 38 45 54 58 64 69
 36 37 38 45 54 58 64 67 68
 36 37 38 45 54 55 58 64
 36 37 38 45 52 64
 36 37 38 45 52 53 64
 36 37 38 45 52 53 64 71
 36 37 38 45 52 53 64 69 70
 36 37 38 45 52 53 59 64
 36 37 38 45 52 53 58 64 69
 36 37 38 45 52 53 58 64 67 68
 36 37 38 45 52 53 55 58 64
 36 37 38 45 50 51 64
 36 37 38 44 72
 36 37 38 44 70 71
 36 37 38 44 54 64 72
 36 37 38 44 54 64 70 71
 36 37 38 44 52 53 64 72
 36 37 38 44 52 53 64 70 71
 36 37 38 44 45
 36 37 38 44 45 54 64
 36 37 38 44 45 52 53 64
 36 37 38 42 54 58 64 72
 36 37 38 42 54 58 64 70 71
 36 37 38 42 52 53 58 64 72
 36 37 38 42 52 53 58 64 70 71
 36 37 38 42 45 54 58 64
 36 37 38 42 45 52 53 58 64
 34 58
 34 58 67 78
 34 58 67 76 77
 34 58 65 66 78
 34 58 65 66 76 77
 34 58 63 67
 34 58 63 65 66
 34 58 61 62 67
 34 58 61 62 65 66
 34 51 58 67
 34 51 58 65 66
 34 40 58 78
 34 40 58 76 77
 34 40 58 63
 34 40 58 61 62
 34 40 51 58
 34 36 58 67
 34 36 58 65 66
 34 36 40 58
 32 63 78
 32 63 76 77
 32 61 62 78
 32 61 62 76 77
 32 58 63 74
 32 58 63 72 73
 32 58 63 68 74
 32 58 63 68 72 73
 32 58 61 62 74
 32 58 61 62 72 73
 32 58 61 62 68 74
 32 58 61 62 68 72 73
 32 51 63
 32 51 61 62
 32 48 55 64
 32 47 58 63
 32 47 58 63 68
 32 47 58 61 62
 32 47 58 61 62 68
 32 46 58 69 71
 32 46 58 69 70
 32 46 58 67 68 71
 32 46 58 67 68 69 70
 32 46 58 59 69
 32 46 58 59 67 68
 32 46 57 58 69
 32 46 57 58 67 68
 32 46 47 55 64
 32 44 46 58 69
 32 44 46 58 67 68
 32 44 45 58 69
 32 44 45 58 69 71
 32 44 45 58 69 70
 32 44 45 58 67 68
 32 44 45 58 67 68 71
 32 44 45 58 67 68 69 70
 32 44 45 58 59 69
 32 44 45 58 59 67 68
 32 44 45 57 58 69
 32 44 45 57 58 67 68
 32 42 46 58 71
 32 42 46 58 69 70
 32 42 46 58 59
 32 42 46 57 58
 32 42 44 46 58
 32 42 44 45 58
 32 42 44 45 58 71
 32 42 44 45 58 69 70
 32 42 44 45 58 59
 32 42 44 45 57 58
 32 39 58 63 74
 32 39 58 63 72 73
 32 39 58 61 62 74
 32 39 58 61 62 72 73
 32 39 55 58 63 74
 32 39 55 58 63 72 73
 32 39 55 58 61 62 74
 32 39 55 58 61 62 72 73
 32 39 48 64
 32 39 47 58 63
 32 39 47 58 61 62
 32 39 47 55 58 63
 32 39 47 55 58 61 62
 32 39 46 47 64
 32 37 38 58 63 74
 32 37 38 58 63 72 73
 32 37 38 58 61 62 74
 32 37 38 58 61 62 72 73
 32 37 38 55 58 63 74
 32 37 38 55 58 63 72 73
 32 37 38 55 58 61 62 74
 32 37 38 55 58 61 62 72 73
 32 37 38 48 64
 32 37 38 47 58 63
 32 37 38 47 58 61 62
 32 37 38 47 55 58 63
 32 37 38 47 55 58 61 62
 32 37 38 46 47 64
 32 36 78
 32 36 76 77
 32 36 58 74
 32 36 58 72 73
 32 36 58 68 74
 32 36 58 68 72 73
 32 36 51
 32 36 47 58
 32 36 47 58 68
 32 36 39 58 74
 32 36 39 58 72 73
 32 36 39 55 58 74
 32 36 39 55 58 72 73
 32 36 39 47 58
 32 36 39 47 55 58
 32 36 37 38 58 74
 32 36 37 38 58 72 73
 32 36 37 38 55 58 74
 32 36 37 38 55 58 72 73
 32 36 37 38 47 58
 32 36 37 38 47 55 58
 29 63
 29 63 73
 29 63 71 72
 29 63 69
 29 63 69 71
 29 63 69 70
 29 63 67 68
 29 63 67 68 71
 29 63 67 68 69 70
 29 61 63
 29 61 62 73
 29 61 62 71 72
 29 61 62 69
 29 61 62 69 71
 29 61 62 69 70
 29 61 62 67 68
 29 61 62 67 68 71
 29 61 62 67 68 69 70
 29 60 63
 29 60 61 62
 29 59 63 69
 29 59 63 67 68
 29 59 61 78
 29 59 61 76 77
 29 59 61 62 69
 29 59 61 62 67 68
 29 59 60 78
 29 59 60 76 77
 29 59 60 63
 29 59 60 61 62
 29 58 63 69 71
 29 58 63 68 69
 29 58 63 67 68 71
 29 58 63 67 68 70
 29 58 63 67 68 69
 29 58 63 67 68 69 70
 29 58 61 62 69 71
 29 58 61 62 68 69
 29 58 61 62 67 68 71
 29 58 61 62 67 68 70
 29 58 61 62 67 68 69
 29 58 61 62 67 68 69 70
 29 57 58 63 69
 29 57 58 63 67 68
 29 57 58 61 78
 29 57 58 61 76 77
 29 57 58 61 62 69
 29 57 58 61 62 67 68
 29 57 58 59 60 78
 29 57 58 59 60 76 77
 29 56 63 69
 29 56 63 69 71
 29 56 63 69 70
 29 56 63 67 68
 29 56 63 67 68 71
 29 56 63 67 68 69 70
 29 56 61 62 69
 29 56 61 62 69 71
 29 56 61 62 69 70
 29 56 61 62 67 68
 29 56 61 62 67 68 71
 29 56 61 62 67 68 69 70
 29 56 59 63 69
 29 56 59 63 67 68
 29 56 59 61 62 69
 29 56 59 61 62 67 68
 29 56 57 58 63 69
 29 56 57 58 63 67 68
 29 56 57 58 61 62 69
 29 56 57 58 61 62 67 68
 29 54 55 58 63 69
 29 54 55 58 63 67 68
 29 54 55 58 61 62 69
 29 54 55 58 61 62 67 68
 29 51 59 61
 29 51 59 60
 29 51 57 58 61
 29 51 57 58 59 60
 29 46 63
 29 46 61 62
 29 44 63 69
 29 44 63 67 68
 29 44 61 62 69
 29 44 61 62 67 68
 29 44 58 63 69
 29 44 58 63 67 68
 29 44 58 61 62 69
 29 44 58 61 62 67 68
 29 44 56 63 69
 29 44 56 63 67 68
 29 44 56 61 62 69
 29 44 56 61 62 67 68
 29 43 58 63 69
 29 43 58 63 67 68
 29 43 58 61 62 69
 29 43 58 61 62 67 68
 29 42 63
 29 42 63 71
 29 42 63 69 70
 29 42 61 62
 29 42 61 62 71
 29 42 61 62 69 70
 29 42 59 63
 29 42 59 61 62
 29 42 58 63 71
 29 42 58 63 70
 29 42 58 63 69 70
 29 42 58 63 68 69
 29 42 58 61 62 71
 29 42 58 61 62 70
 29 42 58 61 62 69 70
 29 42 58 61 62 68 69
 29 42 57 58 63
 29 42 57 58 61 62
 29 42 56 63
 29 42 56 63 71
 29 42 56 63 69 70
 29 42 56 61 62
 29 42 56 61 62 71
 29 42 56 61 62 69 70
 29 42 56 59 63
 29 42 56 59 61 62
 29 42 56 57 58 63
 29 42 56 57 58 61 62
 29 42 54 55 58 63
 29 42 54 55 58 61 62
 29 42 44 63
 29 42 44 61 62
 29 42 44 58 63
 29 42 44 58 61 62
 29 42 44 56 63
 29 42 44 56 61 62
 29 42 43 58 63
 29 42 43 58 61 62
 29 36
 29 36 73
 29 36 71 72
 29 36 69
 29 36 69 71
 29 36 69 70
 29 36 67 68
 29 36 67 68 71
 29 36 67 68 69 70
 29 36 61
 29 36 60
 29 36 59 69
 29 36 59 67 68
 29 36 59 60
 29 36 58 69 71
 29 36 58 68 69
 29 36 58 67 68 71
 29 36 58 67 68 70
 29 36 58 67 68 69
 29 36 58 67 68 69 70
 29 36 57 58 69
 29 36 57 58 67 68
 29 36 56 69
 29 36 56 69 71
 29 36 56 69 70
 29 36 56 67 68
 29 36 56 67 68 71
 29 36 56 67 68 69 70
 29 36 56 59 69
 29 36 56 59 67 68
 29 36 56 57 58 69
 29 36 56 57 58 67 68
 29 36 54 55 58 69
 29 36 54 55 58 67 68
 29 36 46
 29 36 44 69
 29 36 44 67 68
 29 36 44 58 69
 29 36 44 58 67 68
 29 36 44 56 69
 29 36 44 56 67 68
 29 36 43 58 69
 29 36 43 58 67 68
 29 36 42
 29 36 42 71
 29 36 42 69 70
 29 36 42 59
 29 36 42 58 71
 29 36 42 58 70
 29 36 42 58 69 70
 29 36 42 58 68 69
 29 36 42 57 58
 29 36 42 56
 29 36 42 56 71
 29 36 42 56 69 70
 29 36 42 56 59
 29 36 42 56 57 58
 29 36 42 54 55 58
 29 36 42 44
 29 36 42 44 58
 29 36 42 44 56
 29 36 42 43 58
 29 34 59 78
 29 34 59 76 77
 29 34 57 58 78
 29 34 57 58 76 77
 29 34 51 59
 29 34 51 57 58
 29 32 61 78
 29 32 61 76 77
 29 32 59 60 78
 29 32 59 60 76 77
 29 32 51 61
 29 32 51 59 60
 29 32 34 78
 29 32 34 76 77
 29 32 34 51
 28 48 55 72
 28 48 55 70 71
 28 48 55 64 72
 28 48 55 64 70 71
 28 48 55 62 72
 28 48 55 62 70 71
 28 46 47 55 72
 28 46 47 55 70 71
 28 46 47 55 64 72
 28 46 47 55 64 70 71
 28 46 47 55 62 72
 28 46 47 55 62 70 71
 28 45 48 55
 28 45 48 55 64
 28 45 48 55 62
 28 45 46 47 55
 28 45 46 47 55 64
 28 45 46 47 55 62
 28 39 48 72
 28 39 48 70 71
 28 39 48 64 72
 28 39 48 64 70 71
 28 39 48 62 72
 28 39 48 62 70 71
 28 39 46 47 72
 28 39 46 47 70 71
 28 39 46 47 64 72
 28 39 46 47 64 70 71
 28 39 46 47 62 72
 28 39 46 47 62 70 71
 28 39 45 48
 28 39 45 48 64
 28 39 45 48 62
 28 39 45 46 47
 28 39 45 46 47 64
 28 39 45 46 47 62
 28 37 38 48 72
 28 37 38 48 70 71
 28 37 38 48 64 72
 28 37 38 48 64 70 71
 28 37 38 48 62 72
 28 37 38 48 62 70 71
 28 37 38 46 47 72
 28 37 38 46 47 70 71
 28 37 38 46 47 64 72
 28 37 38 46 47 64 70 71
 28 37 38 46 47 62 72
 28 37 38 46 47 62 70 71
 28 37 38 45 48
 28 37 38 45 48 64
 28 37 38 45 48 62
 28 37 38 45 46 47
 28 37 38 45 46 47 64
 28 37 38 45 46 47 62
 27 69
 27 69 71
 27 69 70
 27 67 68
 27 67 68 71
 27 67 68 69 70
 27 59 69
 27 59 67 68
 27 58 69
 27 58 67 68
 27 57 58 69
 27 57 58 67 68
 27 48 55 62 68 72
 27 48 55 62 68 70 71
 27 46 47 55 62 68 72
 27 46 47 55 62 68 70 71
 27 45 48 55 62 68
 27 45 46 47 55 62 68
 27 44 69
 27 44 67 68
 27 44 48 72
 27 44 48 70 71
 27 44 46 47 72
 27 44 46 47 70 71
 27 44 45 48
 27 44 45 46 47
 27 42
 27 42 71
 27 42 69 70
 27 42 59
 27 42 58
 27 42 57 58
 27 42 44
 27 39 63 64 72
 27 39 63 64 71 72
 27 39 63 64 69 70 72
 27 39 63 64 69 70 71
 27 39 61 62 64 72
 27 39 61 62 64 71 72
 27 39 61 62 64 69 70 72
 27 39 61 62 64 69 70 71
 27 39 59 63 64 72
 27 39 59 63 64 70 71
 27 39 59 61 62 64 72
 27 39 59 61 62 64 70 71
 27 39 58 63 64 69 72
 27 39 58 63 64 69 70 71
 27 39 58 63 64 67 68 72
 27 39 58 63 64 67 68 70 71
 27 39 58 61 62 64 69 72
 27 39 58 61 62 64 69 70 71
 27 39 58 61 62 64 67 68 72
 27 39 58 61 62 64 67 68 70 71
 27 39 55 58 63 64 72
 27 39 55 58 63 64 70 71
 27 39 55 58 61 62 64 72
 27 39 55 58 61 62 64 70 71
 27 39 48 62 68 72
 27 39 48 62 68 70 71
 27 39 46 47 62 68 72
 27 39 46 47 62 68 70 71
 27 39 45 63 64
 27 39 45 63 64 71
 27 39 45 63 64 69 70
 27 39 45 61 62 64
 27 39 45 61 62 64 71
 27 39 45 61 62 64 69 70
 27 39 45 59 63 64
 27 39 45 59 61 62 64
 27 39 45 58 63 64 69
 27 39 45 58 63 64 67 68
 27 39 45 58 61 62 64 69
 27 39 45 58 61 62 64 67 68
 27 39 45 55 58 63 64
 27 39 45 55 58 61 62 64
 27 39 45 48 62 68
 27 39 45 46 47 62 68
 27 39 44 64 72
 27 39 44 64 70 71
 27 39 44 63 64 72
 27 39 44 63 64 70 71
 27 39 44 61 62 64 72
 27 39 44 61 62 64 70 71
 27 39 44 45 64
 27 39 44 45 63 64
 27 39 44 45 61 62 64
 27 39 42 58 63 64 72
 27 39 42 58 63 64 70 71
 27 39 42 58 61 62 64 72
 27 39 42 58 61 62 64 70 71
 27 39 42 45 58 63 64
 27 39 42 45 58 61 62 64
 27 37 38 63 64 72
 27 37 38 63 64 71 72
 27 37 38 63 64 69 70 72
 27 37 38 63 64 69 70 71
 27 37 38 61 62 64 72
 27 37 38 61 62 64 71 72
 27 37 38 61 62 64 69 70 72
 27 37 38 61 62 64 69 70 71
 27 37 38 59 63 64 72
 27 37 38 59 63 64 70 71
 27 37 38 59 61 62 64 72
 27 37 38 59 61 62 64 70 71
 27 37 38 58 63 64 69 72
 27 37 38 58 63 64 69 70 71
 27 37 38 58 63 64 67 68 72
 27 37 38 58 63 64 67 68 70 71
 27 37 38 58 61 62 64 69 72
 27 37 38 58 61 62 64 69 70 71
 27 37 38 58 61 62 64 67 68 72
 27 37 38 58 61 62 64 67 68 70 71
 27 37 38 55 58 63 64 72
 27 37 38 55 58 63 64 70 71
 27 37 38 55 58 61 62 64 72
 27 37 38 55 58 61 62 64 70 71
 27 37 38 48 62 68 72
 27 37 38 48 62 68 70 71
 27 37 38 46 47 62 68 72
 27 37 38 46 47 62 68 70 71
 27 37 38 45 63 64
 27 37 38 45 63 64 71
 27 37 38 45 63 64 69 70
 27 37 38 45 61 62 64
 27 37 38 45 61 62 64 71
 27 37 38 45 61 62 64 69 70
 27 37 38 45 59 63 64
 27 37 38 45 59 61 62 64
 27 37 38 45 58 63 64 69
 27 37 38 45 58 63 64 67 68
 27 37 38 45 58 61 62 64 69
 27 37 38 45 58 61 62 64 67 68
 27 37 38 45 55 58 63 64
 27 37 38 45 55 58 61 62 64
 27 37 38 45 48 62 68
 27 37 38 45 46 47 62 68
 27 37 38 44 64 72
 27 37 38 44 64 70 71
 27 37 38 44 63 64 72
 27 37 38 44 63 64 70 71
 27 37 38 44 61 62 64 72
 27 37 38 44 61 62 64 70 71
 27 37 38 44 45 64
 27 37 38 44 45 63 64
 27 37 38 44 45 61 62 64
 27 37 38 42 58 63 64 72
 27 37 38 42 58 63 64 70 71
 27 37 38 42 58 61 62 64 72
 27 37 38 42 58 61 62 64 70 71
 27 37 38 42 45 58 63 64
 27 37 38 42 45 58 61 62 64
 27 36 39 64 72
 27 36 39 64 71 72
 27 36 39 64 69 70 72
 27 36 39 64 69 70 71
 27 36 39 59 64 72
 27 36 39 59 64 70 71
 27 36 39 58 64 69 72
 27 36 39 58 64 69 70 71
 27 36 39 58 64 67 68 72
 27 36 39 58 64 67 68 70 71
 27 36 39 55 58 64 72
 27 36 39 55 58 64 70 71
 27 36 39 45 64
 27 36 39 45 64 71
 27 36 39 45 64 69 70
 27 36 39 45 59 64
 27 36 39 45 58 64 69
 27 36 39 45 58 64 67 68
 27 36 39 45 55 58 64
 27 36 39 44 64 72
 27 36 39 44 64 70 71
 27 36 39 44 45 64
 27 36 39 42 58 64 72
 27 36 39 42 58 64 70 71
 27 36 39 42 45 58 64
 27 36 37 38 64 72
 27 36 37 38 64 71 72
 27 36 37 38 64 69 70 72
 27 36 37 38 64 69 70 71
 27 36 37 38 59 64 72
 27 36 37 38 59 64 70 71
 27 36 37 38 58 64 69 72
 27 36 37 38 58 64 69 70 71
 27 36 37 38 58 64 67 68 72
 27 36 37 38 58 64 67 68 70 71
 27 36 37 38 55 58 64 72
 27 36 37 38 55 58 64 70 71
 27 36 37 38 45 64
 27 36 37 38 45 64 71
 27 36 37 38 45 64 69 70
 27 36 37 38 45 59 64
 27 36 37 38 45 58 64 69
 27 36 37 38 45 58 64 67 68
 27 36 37 38 45 55 58 64
 27 36 37 38 44 64 72
 27 36 37 38 44 64 70 71
 27 36 37 38 44 45 64
 27 36 37 38 42 58 64 72
 27 36 37 38 42 58 64 70 71
 27 36 37 38 42 45 58 64
 27 28 63
 27 28 63 73
 27 28 63 71 72
 27 28 63 69
 27 28 63 69 71
 27 28 63 69 70
 27 28 63 67 68
 27 28 63 67 68 71
 27 28 63 67 68 69 70
 27 28 61 63
 27 28 61 62 73
 27 28 61 62 71 72
 27 28 61 62 69
 27 28 61 62 69 71
 27 28 61 62 69 70
 27 28 61 62 67 68
 27 28 61 62 67 68 71
 27 28 61 62 67 68 69 70
 27 28 60 63
 27 28 60 61 62
 27 28 59 63 69
 27 28 59 63 67 68
 27 28 59 61 78
 27 28 59 61 76 77
 27 28 59 61 62 69
 27 28 59 61 62 67 68
 27 28 59 60 78
 27 28 59 60 76 77
 27 28 59 60 63
 27 28 59 60 61 62
 27 28 58 63 69 71
 27 28 58 63 68 69
 27 28 58 63 67 68 71
 27 28 58 63 67 68 70
 27 28 58 63 67 68 69
 27 28 58 63 67 68 69 70
 27 28 58 61 62 69 71
 27 28 58 61 62 68 69
 27 28 58 61 62 67 68 71
 27 28 58 61 62 67 68 70
 27 28 58 61 62 67 68 69
 27 28 58 61 62 67 68 69 70
 27 28 57 58 63 69
 27 28 57 58 63 67 68
 27 28 57 58 61 78
 27 28 57 58 61 76 77
 27 28 57 58 61 62 69
 27 28 57 58 61 62 67 68
 27 28 57 58 59 60 78
 27 28 57 58 59 60 76 77
 27 28 56 63 69
 27 28 56 63 69 71
 27 28 56 63 69 70
 27 28 56 63 67 68
 27 28 56 63 67 68 71
 27 28 56 63 67 68 69 70
 27 28 56 61 62 69
 27 28 56 61 62 69 71
 27 28 56 61 62 69 70
 27 28 56 61 62 67 68
 27 28 56 61 62 67 68 71
 27 28 56 61 62 67 68 69 70
 27 28 56 59 63 69
 27 28 56 59 63 67 68
 27 28 56 59 61 62 69
 27 28 56 59 61 62 67 68
 27 28 56 57 58 63 69
 27 28 56 57 58 63 67 68
 27 28 56 57 58 61 62 69
 27 28 56 57 58 61 62 67 68
 27 28 54 55 58 63 69
 27 28 54 55 58 63 67 68
 27 28 54 55 58 61 62 69
 27 28 54 55 58 61 62 67 68
 27 28 51 59 61
 27 28 51 59 60
 27 28 51 57 58 61
 27 28 51 57 58 59 60
 27 28 46 63
 27 28 46 61 62
 27 28 44 63 69
 27 28 44 63 67 68
 27 28 44 61 62 69
 27 28 44 61 62 67 68
 27 28 44 58 63 69
 27 28 44 58 63 67 68
 27 28 44 58 61 62 69
 27 28 44 58 61 62 67 68
 27 28 44 56 63 69
 27 28 44 56 63 67 68
 27 28 44 56 61 62 69
 27 28 44 56 61 62 67 68
 27 28 43 58 63 69
 27 28 43 58 63 67 68
 27 28 43 58 61 62 69
 27 28 43 58 61 62 67 68
 27 28 42 63
 27 28 42 63 71
 27 28 42 63 69 70
 27 28 42 61 62
 27 28 42 61 62 71
 27 28 42 61 62 69 70
 27 28 42 59 63
 27 28 42 59 61 62
 27 28 42 58 63 71
 27 28 42 58 63 70
 27 28 42 58 63 69 70
 27 28 42 58 63 68 69
 27 28 42 58 61 62 71
 27 28 42 58 61 62 70
 27 28 42 58 61 62 69 70
 27 28 42 58 61 62 68 69
 27 28 42 57 58 63
 27 28 42 57 58 61 62
 27 28 42 56 63
 27 28 42 56 63 71
 27 28 42 56 63 69 70
 27 28 42 56 61 62
 27 28 42 56 61 62 71
 27 28 42 56 61 62 69 70
 27 28 42 56 59 63
 27 28 42 56 59 61 62
 27 28 42 56 57 58 63
 27 28 42 56 57 58 61 62
 27 28 42 54 55 58 63
 27 28 42 54 55 58 61 62
 27 28 42 44 63
 27 28 42 44 61 62
 27 28 42 44 58 63
 27 28 42 44 58 61 62
 27 28 42 44 56 63
 27 28 42 44 56 61 62
 27 28 42 43 58 63
 27 28 42 43 58 61 62
 27 28 36
 27 28 36 73
 27 28 36 71 72
 27 28 36 69
 27 28 36 69 71
 27 28 36 69 70
 27 28 36 67 68
 27 28 36 67 68 71
 27 28 36 67 68 69 70
 27 28 36 61
 27 28 36 60
 27 28 36 59 69
 27 28 36 59 67 68
 27 28 36 59 60
 27 28 36 58 69 71
 27 28 36 58 68 69
 27 28 36 58 67 68 71
 27 28 36 58 67 68 70
 27 28 36 58 67 68 69
 27 28 36 58 67 68 69 70
 27 28 36 57 58 69
 27 28 36 57 58 67 68
 27 28 36 56 69
 27 28 36 56 69 71
 27 28 36 56 69 70
 27 28 36 56 67 68
 27 28 36 56 67 68 71
 27 28 36 56 67 68 69 70
 27 28 36 56 59 69
 27 28 36 56 59 67 68
 27 28 36 56 57 58 69
 27 28 36 56 57 58 67 68
 27 28 36 54 55 58 69
 27 28 36 54 55 58 67 68
 27 28 36 46
 27 28 36 44 69
 27 28 36 44 67 68
 27 28 36 44 58 69
 27 28 36 44 58 67 68
 27 28 36 44 56 69
 27 28 36 44 56 67 68
 27 28 36 43 58 69
 27 28 36 43 58 67 68
 27 28 36 42
 27 28 36 42 71
 27 28 36 42 69 70
 27 28 36 42 59
 27 28 36 42 58 71
 27 28 36 42 58 70
 27 28 36 42 58 69 70
 27 28 36 42 58 68 69
 27 28 36 42 57 58
 27 28 36 42 56
 27 28 36 42 56 71
 27 28 36 42 56 69 70
 27 28 36 42 56 59
 27 28 36 42 56 57 58
 27 28 36 42 54 55 58
 27 28 36 42 44
 27 28 36 42 44 58
 27 28 36 42 44 56
 27 28 36 42 43 58
 27 28 34 59 78
 27 28 34 59 76 77
 27 28 34 57 58 78
 27 28 34 57 58 76 77
 27 28 34 51 59
 27 28 34 51 57 58
 27 28 32 61 78
 27 28 32 61 76 77
 27 28 32 59 60 78
 27 28 32 59 60 76 77
 27 28 32 51 61
 27 28 32 51 59 60
 27 28 32 34 78
 27 28 32 34 76 77
 27 28 32 34 51
 27 28 29 58 63 69
 27 28 29 58 63 67 68
 27 28 29 58 61 62 69
 27 28 29 58 61 62 67 68
 27 28 29 42 58 63
 27 28 29 42 58 61 62
 27 28 29 36 58 69
 27 28 29 36 58 67 68
 27 28 29 36 42 58
 26 58 63 74
 26 58 63 72
 26 58 63 72 73
 26 58 63 70 71
 26 58 61 62 74
 26 58 61 62 72
 26 58 61 62 72 73
 26 58 61 62 70 71
 26 58 59 63 74
 26 58 59 63 72 73
 26 58 59 61 62 74
 26 58 59 61 62 72 73
 26 57 58 63 74
 26 57 58 63 72 73
 26 57 58 61 62 74
 26 57 58 61 62 72 73
 26 47 58 63
 26 47 58 61 62
 26 47 58 59 63
 26 47 58 59 61 62
 26 47 57 58 63
 26 47 57 58 61 62
 26 45 58 63
 26 45 58 61 62
 26 36 58 74
 26 36 58 72
 26 36 58 72 73
 26 36 58 70 71
 26 36 58 59 74
 26 36 58 59 72 73
 26 36 57 58 74
 26 36 57 58 72 73
 26 36 47 58
 26 36 47 58 59
 26 36 47 57 58
 26 36 45 58
 26 32 58 63 74
 26 32 58 63 72 73
 26 32 58 61 62 74
 26 32 58 61 62 72 73
 26 32 47 58 63
 26 32 47 58 61 62
 26 32 36 58 74
 26 32 36 58 72 73
 26 32 36 47 58
 26 27 48 55 72
 26 27 48 55 70 71
 26 27 48 55 64 72
 26 27 48 55 64 70 71
 26 27 46 47 55 72
 26 27 46 47 55 70 71
 26 27 46 47 55 64 72
 26 27 46 47 55 64 70 71
 26 27 45 48 55
 26 27 45 48 55 64
 26 27 45 46 47 55
 26 27 45 46 47 55 64
 26 27 39 48 72
 26 27 39 48 70 71
 26 27 39 48 64 72
 26 27 39 48 64 70 71
 26 27 39 46 47 72
 26 27 39 46 47 70 71
 26 27 39 46 47 64 72
 26 27 39 46 47 64 70 71
 26 27 39 45 48
 26 27 39 45 48 64
 26 27 39 45 46 47
 26 27 39 45 46 47 64
 26 27 37 38 48 72
 26 27 37 38 48 70 71
 26 27 37 38 48 64 72
 26 27 37 38 48 64 70 71
 26 27 37 38 46 47 72
 26 27 37 38 46 47 70 71
 26 27 37 38 46 47 64 72
 26 27 37 38 46 47 64 70 71
 26 27 37 38 45 48
 26 27 37 38 45 48 64
 26 27 37 38 45 46 47
 26 27 37 38 45 46 47 64
 25 58 67 78
 25 58 67 76 77
 25 58 65 66 78
 25 58 65 66 76 77
 25 58 63 67
 25 58 63 65 66
 25 58 61 67 78
 25 58 61 67 76 77
 25 58 61 65 66 78
 25 58 61 65 66 76 77
 25 58 61 63 67
 25 58 61 63 65 66
 25 58 59 60 67 78
 25 58 59 60 67 76 77
 25 58 59 60 65 66 78
 25 58 59 60 65 66 76 77
 25 58 59 60 63 67
 25 58 59 60 63 65 66
 25 58 59 60 61 62 67
 25 58 59 60 61 62 65 66
 25 55 63 64 72
 25 55 63 64 70 71
 25 55 61 62 64 72
 25 55 61 62 64 70 71
 25 51 58 67
 25 51 58 65 66
 25 51 58 61 67
 25 51 58 61 65 66
 25 51 58 59 60 67
 25 51 58 59 60 65 66
 25 48 64 72
 25 48 64 70 71
 25 46 58 59 63
 25 46 58 59 61 62
 25 46 57 58 63
 25 46 57 58 61 62
 25 46 47 64 72
 25 46 47 64 70 71
 25 45 55 63 64
 25 45 55 61 62 64
 25 45 48 64
 25 45 46 47 64
 25 44 45 58 59 63
 25 44 45 58 59 61 62
 25 44 45 57 58 63
 25 44 45 57 58 61 62
 25 40 58 78
 25 40 58 76 77
 25 40 58 63
 25 40 58 61 78
 25 40 58 61 76 77
 25 40 58 61 63
 25 40 58 59 60 78
 25 40 58 59 60 76 77
 25 40 58 59 60 63
 25 40 58 59 60 61 62
 25 40 51 58
 25 40 51 58 61
 25 40 51 58 59 60
 25 39 64 72
 25 39 64 70 71
 25 39 63 64 72
 25 39 63 64 70 71
 25 39 61 62 64 72
 25 39 61 62 64 70 71
 25 39 45 64
 25 39 45 63 64
 25 39 45 61 62 64
 25 37 38 64 72
 25 37 38 64 70 71
 25 37 38 63 64 72
 25 37 38 63 64 70 71
 25 37 38 61 62 64 72
 25 37 38 61 62 64 70 71
 25 37 38 45 64
 25 37 38 45 63 64
 25 37 38 45 61 62 64
 25 36 58 67
 25 36 58 65 66
 25 36 58 61 67
 25 36 58 61 65 66
 25 36 58 59 60 67
 25 36 58 59 60 65 66
 25 36 55 64 72
 25 36 55 64 70 71
 25 36 46 58 59
 25 36 46 57 58
 25 36 45 55 64
 25 36 44 45 58 59
 25 36 44 45 57 58
 25 36 40 58
 25 36 40 58 61
 25 36 40 58 59 60
 25 36 39 64 72
 25 36 39 64 70 71
 25 36 39 45 64
 25 36 37 38 64 72
 25 36 37 38 64 70 71
 25 36 37 38 45 64
 25 34 58 67 78
 25 34 58 67 76 77
 25 34 58 65 66 78
 25 34 58 65 66 76 77
 25 34 58 63 67
 25 34 58 63 65 66
 25 34 58 61 62 67
 25 34 58 61 62 65 66
 25 34 51 58 67
 25 34 51 58 65 66
 25 34 40 58 78
 25 34 40 58 76 77
 25 34 40 58 63
 25 34 40 58 61 62
 25 34 40 51 58
 25 34 36 58 67
 25 34 36 58 65 66
 25 34 36 40 58
 25 32 46 58 63
 25 32 46 58 61 62
 25 32 44 45 58 63
 25 32 44 45 58 61 62
 25 32 36 46 58
 25 32 36 44 45 58
 25 29 46 58 59 63
 25 29 46 58 59 61 62
 25 29 46 57 58 63
 25 29 46 57 58 61 62
 25 29 44 45 58 59 63
 25 29 44 45 58 59 61 62
 25 29 44 45 57 58 63
 25 29 44 45 57 58 61 62
 25 29 36 46 58 59
 25 29 36 46 57 58
 25 29 36 44 45 58 59
 25 29 36 44 45 57 58
 25 29 32 46 58 63
 25 29 32 46 58 61 62
 25 29 32 44 45 58 63
 25 29 32 44 45 58 61 62
 25 29 32 36 46 58
 25 29 32 36 44 45 58
 25 27 28 46 58 59 63
 25 27 28 46 58 59 61 62
 25 27 28 46 57 58 63
 25 27 28 46 57 58 61 62
 25 27 28 44 45 58 59 63
 25 27 28 44 45 58 59 61 62
 25 27 28 44 45 57 58 63
 25 27 28 44 45 57 58 61 62
 25 27 28 36 46 58 59
 25 27 28 36 46 57 58
 25 27 28 36 44 45 58 59
 25 27 28 36 44 45 57 58
 25 27 28 32 46 58 63
 25 27 28 32 46 58 61 62
 25 27 28 32 44 45 58 63
 25 27 28 32 44 45 58 61 62
 25 27 28 32 36 46 58
 25 27 28 32 36 44 45 58
 25 26 48 55 62 72
 25 26 48 55 62 70 71
 25 26 48 55 62 68 72
 25 26 48 55 62 68 70 71
 25 26 46 47 55 62 72
 25 26 46 47 55 62 70 71
 25 26 46 47 55 62 68 72
 25 26 46 47 55 62 68 70 71
 25 26 45 48 55 62
 25 26 45 48 55 62 68
 25 26 45 46 47 55 62
 25 26 45 46 47 55 62 68
 25 26 39 48 62 72
 25 26 39 48 62 70 71
 25 26 39 48 62 68 72
 25 26 39 48 62 68 70 71
 25 26 39 46 47 62 72
 25 26 39 46 47 62 70 71
 25 26 39 46 47 62 68 72
 25 26 39 46 47 62 68 70 71
 25 26 39 45 48 62
 25 26 39 45 48 62 68
 25 26 39 45 46 47 62
 25 26 39 45 46 47 62 68
 25 26 37 38 48 62 72
 25 26 37 38 48 62 70 71
 25 26 37 38 48 62 68 72
 25 26 37 38 48 62 68 70 71
 25 26 37 38 46 47 62 72
 25 26 37 38 46 47 62 70 71
 25 26 37 38 46 47 62 68 72
 25 26 37 38 46 47 62 68 70 71
 25 26 37 38 45 48 62
 25 26 37 38 45 48 62 68
 25 26 37 38 45 46 47 62
 25 26 37 38 45 46 47 62 68
 24 25 58 63 74
 24 25 58 63 72
 24 25 58 63 72 73
 24 25 58 63 70 71
 24 25 58 61 62 74
 24 25 58 61 62 72
 24 25 58 61 62 72 73
 24 25 58 61 62 70 71
 24 25 58 59 63 74
 24 25 58 59 63 72 73
 24 25 58 59 61 62 74
 24 25 58 59 61 62 72 73
 24 25 57 58 63 74
 24 25 57 58 63 72 73
 24 25 57 58 61 62 74
 24 25 57 58 61 62 72 73
 24 25 47 58 63
 24 25 47 58 61 62
 24 25 47 58 59 63
 24 25 47 58 59 61 62
 24 25 47 57 58 63
 24 25 47 57 58 61 62
 24 25 45 58 63
 24 25 45 58 61 62
 24 25 36 58 74
 24 25 36 58 72
 24 25 36 58 72 73
 24 25 36 58 70 71
 24 25 36 58 59 74
 24 25 36 58 59 72 73
 24 25 36 57 58 74
 24 25 36 57 58 72 73
 24 25 36 47 58
 24 25 36 47 58 59
 24 25 36 47 57 58
 24 25 36 45 58
 24 25 32 58 63 74
 24 25 32 58 63 72 73
 24 25 32 58 61 62 74
 24 25 32 58 61 62 72 73
 24 25 32 47 58 63
 24 25 32 47 58 61 62
 24 25 32 36 58 74
 24 25 32 36 58 72 73
 24 25 32 36 47 58
 24 25 27 48 55 62 72
 24 25 27 48 55 62 70 71
 24 25 27 46 47 55 62 72
 24 25 27 46 47 55 62 70 71
 24 25 27 45 48 55 62
 24 25 27 45 46 47 55 62
 24 25 27 39 48 62 72
 24 25 27 39 48 62 70 71
 24 25 27 39 46 47 62 72
 24 25 27 39 46 47 62 70 71
 24 25 27 39 45 48 62
 24 25 27 39 45 46 47 62
 24 25 27 37 38 48 62 72
 24 25 27 37 38 48 62 70 71
 24 25 27 37 38 46 47 62 72
 24 25 27 37 38 46 47 62 70 71
 24 25 27 37 38 45 48 62
 24 25 27 37 38 45 46 47 62
 24 25 26 48 55 62 72
 24 25 26 48 55 62 70 71
 24 25 26 46 47 55 62 72
 24 25 26 46 47 55 62 70 71
 24 25 26 45 48 55 62
 24 25 26 45 46 47 55 62
 24 25 26 39 48 62 72
 24 25 26 39 48 62 70 71
 24 25 26 39 46 47 62 72
 24 25 26 39 46 47 62 70 71
 24 25 26 39 45 48 62
 24 25 26 39 45 46 47 62
 24 25 26 37 38 48 62 72
 24 25 26 37 38 48 62 70 71
 24 25 26 37 38 46 47 62 72
 24 25 26 37 38 46 47 62 70 71
 24 25 26 37 38 45 48 62
 24 25 26 37 38 45 46 47 62
 23 63
 23 61 62
 23 58 63 74
 23 58 63 72
 23 58 63 72 73
 23 58 63 70 71
 23 58 63 64 72
 23 58 63 64 70 71
 23 58 61 62 74
 23 58 61 62 72
 23 58 61 62 72 73
 23 58 61 62 70 71
 23 58 61 62 64 72
 23 58 61 62 64 70 71
 23 58 59 63 74
 23 58 59 63 72 73
 23 58 59 61 62 74
 23 58 59 61 62 72 73
 23 57 58 63 74
 23 57 58 63 72 73
 23 57 58 61 62 74
 23 57 58 61 62 72 73
 23 54 55 63 64 72
 23 54 55 63 64 70 71
 23 54 55 61 62 64 72
 23 54 55 61 62 64 70 71
 23 52 53 55 63 64 72
 23 52 53 55 63 64 70 71
 23 52 53 55 61 62 64 72
 23 52 53 55 61 62 64 70 71
 23 47 58 63
 23 47 58 61 62
 23 47 58 59 63
 23 47 58 59 61 62
 23 47 57 58 63
 23 47 57 58 61 62
 23 45 58 63
 23 45 58 63 64
 23 45 58 61 62
 23 45 58 61 62 64
 23 45 54 55 63 64
 23 45 54 55 61 62 64
 23 45 52 53 55 63 64
 23 45 52 53 55 61 62 64
 23 36
 23 36 58 74
 23 36 58 72
 23 36 58 72 73
 23 36 58 70 71
 23 36 58 64 72
 23 36 58 64 70 71
 23 36 58 59 74
 23 36 58 59 72 73
 23 36 57 58 74
 23 36 57 58 72 73
 23 36 54 55 64 72
 23 36 54 55 64 70 71
 23 36 52 53 55 64 72
 23 36 52 53 55 64 70 71
 23 36 47 58
 23 36 47 58 59
 23 36 47 57 58
 23 36 45 58
 23 36 45 58 64
 23 36 45 54 55 64
 23 36 45 52 53 55 64
 23 32 58 63 74
 23 32 58 63 72 73
 23 32 58 61 62 74
 23 32 58 61 62 72 73
 23 32 47 58 63
 23 32 47 58 61 62
 23 32 36 58 74
 23 32 36 58 72 73
 23 32 36 47 58
 23 29 63
 23 29 61 62
 23 29 36
 23 27 55 63 64 72
 23 27 55 63 64 70 71
 23 27 55 61 62 64 72
 23 27 55 61 62 64 70 71
 23 27 45 55 63 64
 23 27 45 55 61 62 64
 23 27 36 55 64 72
 23 27 36 55 64 70 71
 23 27 36 45 55 64
 23 27 28 63
 23 27 28 61 62
 23 27 28 36
 21 55 64 72
 21 55 64 70 71
 21 55 62 64 72
 21 55 62 64 70 71
 21 55 59 64
 21 55 57 58 64
 21 52 64 72
 21 52 64 70 71
 21 50 51 64 72
 21 50 51 64 70 71
 21 45 55 64
 21 45 55 62 64
 21 45 52 64
 21 45 50 51 64
 21 44 54 72
 21 44 54 70 71
 21 44 52 53 72
 21 44 52 53 70 71
 21 44 45 54
 21 44 45 52 53
 21 39 64 72
 21 39 64 70 71
 21 39 62 72
 21 39 62 70 71
 21 39 62 64 72
 21 39 62 64 70 71
 21 39 59 64
 21 39 57 58 64
 21 39 55 62 72
 21 39 55 62 70 71
 21 39 45 64
 21 39 45 62
 21 39 45 62 64
 21 39 45 55 62
 21 37 38 64 72
 21 37 38 64 70 71
 21 37 38 62 72
 21 37 38 62 70 71
 21 37 38 62 64 72
 21 37 38 62 64 70 71
 21 37 38 59 64
 21 37 38 57 58 64
 21 37 38 55 62 72
 21 37 38 55 62 70 71
 21 37 38 45 64
 21 37 38 45 62
 21 37 38 45 62 64
 21 37 38 45 55 62
 21 32 55 64
 21 32 39 64
 21 32 37 38 64
 21 28 55 72
 21 28 55 70 71
 21 28 55 64 72
 21 28 55 64 70 71
 21 28 55 62 72
 21 28 55 62 70 71
 21 28 45 55
 21 28 45 55 64
 21 28 45 55 62
 21 28 39 72
 21 28 39 70 71
 21 28 39 64 72
 21 28 39 64 70 71
 21 28 39 62 72
 21 28 39 62 70 71
 21 28 39 45
 21 28 39 45 64
 21 28 39 45 62
 21 28 37 38 72
 21 28 37 38 70 71
 21 28 37 38 64 72
 21 28 37 38 64 70 71
 21 28 37 38 62 72
 21 28 37 38 62 70 71
 21 28 37 38 45
 21 28 37 38 45 64
 21 28 37 38 45 62
 21 27 55 62 68 72
 21 27 55 62 68 70 71
 21 27 45 55 62 68
 21 27 44 72
 21 27 44 70 71
 21 27 44 45
 21 27 39 62 68 72
 21 27 39 62 68 70 71
 21 27 39 45 62 68
 21 27 37 38 62 68 72
 21 27 37 38 62 68 70 71
 21 27 37 38 45 62 68
 21 26 27 55 72
 21 26 27 55 70 71
 21 26 27 55 64 72
 21 26 27 55 64 70 71
 21 26 27 45 55
 21 26 27 45 55 64
 21 26 27 39 72
 21 26 27 39 70 71
 21 26 27 39 64 72
 21 26 27 39 64 70 71
 21 26 27 39 45
 21 26 27 39 45 64
 21 26 27 37 38 72
 21 26 27 37 38 70 71
 21 26 27 37 38 64 72
 21 26 27 37 38 64 70 71
 21 26 27 37 38 45
 21 26 27 37 38 45 64
 21 25 64 72
 21 25 64 70 71
 21 25 45 64
 21 25 26 55 62 72
 21 25 26 55 62 70 71
 21 25 26 55 62 68 72
 21 25 26 55 62 68 70 71
 21 25 26 45 55 62
 21 25 26 45 55 62 68
 21 25 26 39 62 72
 21 25 26 39 62 70 71
 21 25 26 39 62 68 72
 21 25 26 39 62 68 70 71
 21 25 26 39 45 62
 21 25 26 39 45 62 68
 21 25 26 37 38 62 72
 21 25 26 37 38 62 70 71
 21 25 26 37 38 62 68 72
 21 25 26 37 38 62 68 70 71
 21 25 26 37 38 45 62
 21 25 26 37 38 45 62 68
 21 24 25 27 55 62 72
 21 24 25 27 55 62 70 71
 21 24 25 27 45 55 62
 21 24 25 27 39 62 72
 21 24 25 27 39 62 70 71
 21 24 25 27 39 45 62
 21 24 25 27 37 38 62 72
 21 24 25 27 37 38 62 70 71
 21 24 25 27 37 38 45 62
 21 24 25 26 55 62 72
 21 24 25 26 55 62 70 71
 21 24 25 26 45 55 62
 21 24 25 26 39 62 72
 21 24 25 26 39 62 70 71
 21 24 25 26 39 45 62
 21 24 25 26 37 38 62 72
 21 24 25 26 37 38 62 70 71
 21 24 25 26 37 38 45 62
 19 58 59 69
 19 58 59 69 71
 19 58 59 69 70
 19 58 59 67 68
 19 58 59 67 68 71
 19 58 59 67 68 69 70
 19 57 58 69
 19 57 58 69 71
 19 57 58 69 70
 19 57 58 67 68
 19 57 58 67 68 71
 19 57 58 67 68 69 70
 19 44 58 59 69
 19 44 58 59 67 68
 19 44 57 58 69
 19 44 57 58 67 68
 19 42 58 59
 19 42 58 59 71
 19 42 58 59 69 70
 19 42 57 58
 19 42 57 58 71
 19 42 57 58 69 70
 19 42 44 58 59
 19 42 44 57 58
 19 32 58 69 71
 19 32 58 69 70
 19 32 58 67 68 71
 19 32 58 67 68 69 70
 19 32 58 59 69
 19 32 58 59 67 68
 19 32 57 58 69
 19 32 57 58 67 68
 19 32 44 58 69
 19 32 44 58 67 68
 19 32 42 58 71
 19 32 42 58 69 70
 19 32 42 58 59
 19 32 42 57 58
 19 32 42 44 58
 19 25 58 59 63
 19 25 58 59 61 62
 19 25 57 58 63
 19 25 57 58 61 62
 19 25 36 58 59
 19 25 36 57 58
 19 25 32 58 63
 19 25 32 58 61 62
 19 25 32 36 58
 19 25 29 58 59 63
 19 25 29 58 59 61 62
 19 25 29 57 58 63
 19 25 29 57 58 61 62
 19 25 29 36 58 59
 19 25 29 36 57 58
 19 25 29 32 58 63
 19 25 29 32 58 61 62
 19 25 29 32 36 58
 19 25 27 28 58 59 63
 19 25 27 28 58 59 61 62
 19 25 27 28 57 58 63
 19 25 27 28 57 58 61 62
 19 25 27 28 36 58 59
 19 25 27 28 36 57 58
 19 25 27 28 32 58 63
 19 25 27 28 32 58 61 62
 19 25 27 28 32 36 58
 17 30 58 67
 17 30 58 67 78 79
 17 30 58 67 68
 17 30 58 67 68 78 79
 17 30 58 66 67
 17 30 58 66 67 78 79
 17 30 58 65 66 68
 17 30 58 65 66 68 78 79
 17 30 53 58 67
 17 30 53 58 67 68
 17 30 53 58 66 67
 17 30 53 58 65 66 68
 17 30 40 58
 17 30 40 58 78 79
 17 30 40 58 68
 17 30 40 58 68 78 79
 17 30 40 58 66
 17 30 40 58 66 78 79
 17 30 40 53 58
 17 30 40 53 58 68
 17 30 40 53 58 66
 17 19 30 58 67 78 79
 17 19 30 58 67 68 78 79
 17 19 30 58 66 67 78 79
 17 19 30 58 65 66 68 78 79
 17 19 30 53 58 67
 17 19 30 53 58 67 68
 17 19 30 53 58 66 67
 17 19 30 53 58 65 66 68
 17 19 30 40 58 78 79
 17 19 30 40 58 68 78 79
 17 19 30 40 58 66 78 79
 17 19 30 40 53 58
 17 19 30 40 53 58 68
 17 19 30 40 53 58 66
 16 63
 16 61 62
 16 36
 16 29 63
 16 29 61 62
 16 29 36
 16 27 28 63
 16 27 28 61 62
 16 27 28 36
 13 48 55 62 72
 13 48 55 62 70 71
 13 46 47 55 62 72
 13 46 47 55 62 70 71
 13 45 48 55 62
 13 45 46 47 55 62
 13 39 48 62 72
 13 39 48 62 70 71
 13 39 46 47 62 72
 13 39 46 47 62 70 71
 13 39 45 48 62
 13 39 45 46 47 62
 13 37 38 48 62 72
 13 37 38 48 62 70 71
 13 37 38 46 47 62 72
 13 37 38 46 47 62 70 71
 13 37 38 45 48 62
 13 37 38 45 46 47 62
 13 21 55 62 72
 13 21 55 62 70 71
 13 21 45 55 62
 13 21 39 62 72
 13 21 39 62 70 71
 13 21 39 45 62
 13 21 37 38 62 72
 13 21 37 38 62 70 71
 13 21 37 38 45 62
 12 58 63 74
 12 58 63 72
 12 58 63 72 73
 12 58 63 70 71
 12 58 61 62 74
 12 58 61 62 72
 12 58 61 62 72 73
 12 58 61 62 70 71
 12 58 59 63 74
 12 58 59 63 72 73
 12 58 59 61 62 74
 12 58 59 61 62 72 73
 12 57 58 63 74
 12 57 58 63 72 73
 12 57 58 61 62 74
 12 57 58 61 62 72 73
 12 55 58 63 74
 12 55 58 63 72
 12 55 58 63 72 73
 12 55 58 63 70 71
 12 55 58 61 62 74
 12 55 58 61 62 72
 12 55 58 61 62 72 73
 12 55 58 61 62 70 71
 12 55 58 59 63 74
 12 55 58 59 63 72 73
 12 55 58 59 61 62 74
 12 55 58 59 61 62 72 73
 12 55 57 58 63 74
 12 55 57 58 63 72 73
 12 55 57 58 61 62 74
 12 55 57 58 61 62 72 73
 12 54 63 64 72
 12 54 63 64 71 72
 12 54 63 64 69 70 72
 12 54 63 64 69 70 71
 12 54 61 62 64 72
 12 54 61 62 64 71 72
 12 54 61 62 64 69 70 72
 12 54 61 62 64 69 70 71
 12 54 59 63 64 72
 12 54 59 63 64 70 71
 12 54 59 61 62 64 72
 12 54 59 61 62 64 70 71
 12 54 58 63 64 69 72
 12 54 58 63 64 69 70 71
 12 54 58 63 64 67 68 72
 12 54 58 63 64 67 68 70 71
 12 54 58 61 62 64 69 72
 12 54 58 61 62 64 69 70 71
 12 54 58 61 62 64 67 68 72
 12 54 58 61 62 64 67 68 70 71
 12 54 55 58 63 64 72
 12 54 55 58 63 64 70 71
 12 54 55 58 61 62 64 72
 12 54 55 58 61 62 64 70 71
 12 52 64 72
 12 52 64 70 71
 12 52 63 64 72
 12 52 63 64 70 71
 12 52 61 62 64 72
 12 52 61 62 64 70 71
 12 52 53 63 64 72
 12 52 53 63 64 71 72
 12 52 53 63 64 69 70 72
 12 52 53 63 64 69 70 71
 12 52 53 61 62 64 72
 12 52 53 61 62 64 71 72
 12 52 53 61 62 64 69 70 72
 12 52 53 61 62 64 69 70 71
 12 52 53 59 63 64 72
 12 52 53 59 63 64 70 71
 12 52 53 59 61 62 64 72
 12 52 53 59 61 62 64 70 71
 12 52 53 58 63 64 69 72
 12 52 53 58 63 64 69 70 71
 12 52 53 58 63 64 67 68 72
 12 52 53 58 63 64 67 68 70 71
 12 52 53 58 61 62 64 69 72
 12 52 53 58 61 62 64 69 70 71
 12 52 53 58 61 62 64 67 68 72
 12 52 53 58 61 62 64 67 68 70 71
 12 52 53 55 58 63 64 72
 12 52 53 55 58 63 64 70 71
 12 52 53 55 58 61 62 64 72
 12 52 53 55 58 61 62 64 70 71
 12 50 51 64 72
 12 50 51 64 70 71
 12 50 51 63 64 72
 12 50 51 63 64 70 71
 12 50 51 61 62 64 72
 12 50 51 61 62 64 70 71
 12 48 64 72
 12 48 64 70 71
 12 48 62 72
 12 48 62 70 71
 12 48 62 64 72
 12 48 62 64 70 71
 12 48 59 64
 12 48 57 58 64
 12 48 55 62 72
 12 48 55 62 70 71
 12 47 58 63
 12 47 58 61 62
 12 47 58 59 63
 12 47 58 59 61 62
 12 47 57 58 63
 12 47 57 58 61 62
 12 47 55 58 63
 12 47 55 58 61 62
 12 47 55 58 59 63
 12 47 55 58 59 61 62
 12 47 55 57 58 63
 12 47 55 57 58 61 62
 12 46 47 64 72
 12 46 47 64 70 71
 12 46 47 62 72
 12 46 47 62 70 71
 12 46 47 62 64 72
 12 46 47 62 64 70 71
 12 46 47 59 64
 12 46 47 57 58 64
 12 46 47 55 62 72
 12 46 47 55 62 70 71
 12 45 58 63
 12 45 58 61 62
 12 45 55 58 63
 12 45 55 58 61 62
 12 45 54 63 64
 12 45 54 63 64 71
 12 45 54 63 64 69 70
 12 45 54 61 62 64
 12 45 54 61 62 64 71
 12 45 54 61 62 64 69 70
 12 45 54 59 63 64
 12 45 54 59 61 62 64
 12 45 54 58 63 64 69
 12 45 54 58 63 64 67 68
 12 45 54 58 61 62 64 69
 12 45 54 58 61 62 64 67 68
 12 45 54 55 58 63 64
 12 45 54 55 58 61 62 64
 12 45 52 64
 12 45 52 63 64
 12 45 52 61 62 64
 12 45 52 53 63 64
 12 45 52 53 63 64 71
 12 45 52 53 63 64 69 70
 12 45 52 53 61 62 64
 12 45 52 53 61 62 64 71
 12 45 52 53 61 62 64 69 70
 12 45 52 53 59 63 64
 12 45 52 53 59 61 62 64
 12 45 52 53 58 63 64 69
 12 45 52 53 58 63 64 67 68
 12 45 52 53 58 61 62 64 69
 12 45 52 53 58 61 62 64 67 68
 12 45 52 53 55 58 63 64
 12 45 52 53 55 58 61 62 64
 12 45 50 51 64
 12 45 50 51 63 64
 12 45 50 51 61 62 64
 12 45 48 64
 12 45 48 62
 12 45 48 62 64
 12 45 48 55 62
 12 45 46 47 64
 12 45 46 47 62
 12 45 46 47 62 64
 12 45 46 47 55 62
 12 44 63 72
 12 44 63 70 71
 12 44 61 62 72
 12 44 61 62 70 71
 12 44 54 64 72
 12 44 54 64 70 71
 12 44 54 63 64 72
 12 44 54 63 64 70 71
 12 44 54 61 62 64 72
 12 44 54 61 62 64 70 71
 12 44 52 53 64 72
 12 44 52 53 64 70 71
 12 44 52 53 63 64 72
 12 44 52 53 63 64 70 71
 12 44 52 53 61 62 64 72
 12 44 52 53 61 62 64 70 71
 12 44 45 63
 12 44 45 61 62
 12 44 45 54 64
 12 44 45 54 63 64
 12 44 45 54 61 62 64
 12 44 45 52 53 64
 12 44 45 52 53 63 64
 12 44 45 52 53 61 62 64
 12 42 54 58 63 64 72
 12 42 54 58 63 64 70 71
 12 42 54 58 61 62 64 72
 12 42 54 58 61 62 64 70 71
 12 42 52 53 58 63 64 72
 12 42 52 53 58 63 64 70 71
 12 42 52 53 58 61 62 64 72
 12 42 52 53 58 61 62 64 70 71
 12 42 45 54 58 63 64
 12 42 45 54 58 61 62 64
 12 42 45 52 53 58 63 64
 12 42 45 52 53 58 61 62 64
 12 36 58 74
 12 36 58 72
 12 36 58 72 73
 12 36 58 70 71
 12 36 58 59 74
 12 36 58 59 72 73
 12 36 57 58 74
 12 36 57 58 72 73
 12 36 55 58 74
 12 36 55 58 72
 12 36 55 58 72 73
 12 36 55 58 70 71
 12 36 55 58 59 74
 12 36 55 58 59 72 73
 12 36 55 57 58 74
 12 36 55 57 58 72 73
 12 36 54 64 72
 12 36 54 64 71 72
 12 36 54 64 69 70 72
 12 36 54 64 69 70 71
 12 36 54 59 64 72
 12 36 54 59 64 70 71
 12 36 54 58 64 69 72
 12 36 54 58 64 69 70 71
 12 36 54 58 64 67 68 72
 12 36 54 58 64 67 68 70 71
 12 36 54 55 58 64 72
 12 36 54 55 58 64 70 71
 12 36 52 64 72
 12 36 52 64 70 71
 12 36 52 53 64 72
 12 36 52 53 64 71 72
 12 36 52 53 64 69 70 72
 12 36 52 53 64 69 70 71
 12 36 52 53 59 64 72
 12 36 52 53 59 64 70 71
 12 36 52 53 58 64 69 72
 12 36 52 53 58 64 69 70 71
 12 36 52 53 58 64 67 68 72
 12 36 52 53 58 64 67 68 70 71
 12 36 52 53 55 58 64 72
 12 36 52 53 55 58 64 70 71
 12 36 50 51 64 72
 12 36 50 51 64 70 71
 12 36 47 58
 12 36 47 58 59
 12 36 47 57 58
 12 36 47 55 58
 12 36 47 55 58 59
 12 36 47 55 57 58
 12 36 45 58
 12 36 45 55 58
 12 36 45 54 64
 12 36 45 54 64 71
 12 36 45 54 64 69 70
 12 36 45 54 59 64
 12 36 45 54 58 64 69
 12 36 45 54 58 64 67 68
 12 36 45 54 55 58 64
 12 36 45 52 64
 12 36 45 52 53 64
 12 36 45 52 53 64 71
 12 36 45 52 53 64 69 70
 12 36 45 52 53 59 64
 12 36 45 52 53 58 64 69
 12 36 45 52 53 58 64 67 68
 12 36 45 52 53 55 58 64
 12 36 45 50 51 64
 12 36 44 72
 12 36 44 70 71
 12 36 44 54 64 72
 12 36 44 54 64 70 71
 12 36 44 52 53 64 72
 12 36 44 52 53 64 70 71
 12 36 44 45
 12 36 44 45 54 64
 12 36 44 45 52 53 64
 12 36 42 54 58 64 72
 12 36 42 54 58 64 70 71
 12 36 42 52 53 58 64 72
 12 36 42 52 53 58 64 70 71
 12 36 42 45 54 58 64
 12 36 42 45 52 53 58 64
 12 32 58 63 74
 12 32 58 63 72 73
 12 32 58 61 62 74
 12 32 58 61 62 72 73
 12 32 55 58 63 74
 12 32 55 58 63 72 73
 12 32 55 58 61 62 74
 12 32 55 58 61 62 72 73
 12 32 48 64
 12 32 47 58 63
 12 32 47 58 61 62
 12 32 47 55 58 63
 12 32 47 55 58 61 62
 12 32 46 47 64
 12 32 36 58 74
 12 32 36 58 72 73
 12 32 36 55 58 74
 12 32 36 55 58 72 73
 12 32 36 47 58
 12 32 36 47 55 58
 12 28 48 72
 12 28 48 70 71
 12 28 48 64 72
 12 28 48 64 70 71
 12 28 48 62 72
 12 28 48 62 70 71
 12 28 46 47 72
 12 28 46 47 70 71
 12 28 46 47 64 72
 12 28 46 47 64 70 71
 12 28 46 47 62 72
 12 28 46 47 62 70 71
 12 28 45 48
 12 28 45 48 64
 12 28 45 48 62
 12 28 45 46 47
 12 28 45 46 47 64
 12 28 45 46 47 62
 12 27 63 64 72
 12 27 63 64 71 72
 12 27 63 64 69 70 72
 12 27 63 64 69 70 71
 12 27 61 62 64 72
 12 27 61 62 64 71 72
 12 27 61 62 64 69 70 72
 12 27 61 62 64 69 70 71
 12 27 59 63 64 72
 12 27 59 63 64 70 71
 12 27 59 61 62 64 72
 12 27 59 61 62 64 70 71
 12 27 58 63 64 69 72
 12 27 58 63 64 69 70 71
 12 27 58 63 64 67 68 72
 12 27 58 63 64 67 68 70 71
 12 27 58 61 62 64 69 72
 12 27 58 61 62 64 69 70 71
 12 27 58 61 62 64 67 68 72
 12 27 58 61 62 64 67 68 70 71
 12 27 55 58 63 64 72
 12 27 55 58 63 64 70 71
 12 27 55 58 61 62 64 72
 12 27 55 58 61 62 64 70 71
 12 27 48 62 68 72
 12 27 48 62 68 70 71
 12 27 46 47 62 68 72
 12 27 46 47 62 68 70 71
 12 27 45 63 64
 12 27 45 63 64 71
 12 27 45 63 64 69 70
 12 27 45 61 62 64
 12 27 45 61 62 64 71
 12 27 45 61 62 64 69 70
 12 27 45 59 63 64
 12 27 45 59 61 62 64
 12 27 45 58 63 64 69
 12 27 45 58 63 64 67 68
 12 27 45 58 61 62 64 69
 12 27 45 58 61 62 64 67 68
 12 27 45 55 58 63 64
 12 27 45 55 58 61 62 64
 12 27 45 48 62 68
 12 27 45 46 47 62 68
 12 27 44 64 72
 12 27 44 64 70 71
 12 27 44 63 64 72
 12 27 44 63 64 70 71
 12 27 44 61 62 64 72
 12 27 44 61 62 64 70 71
 12 27 44 45 64
 12 27 44 45 63 64
 12 27 44 45 61 62 64
 12 27 42 58 63 64 72
 12 27 42 58 63 64 70 71
 12 27 42 58 61 62 64 72
 12 27 42 58 61 62 64 70 71
 12 27 42 45 58 63 64
 12 27 42 45 58 61 62 64
 12 27 36 64 72
 12 27 36 64 71 72
 12 27 36 64 69 70 72
 12 27 36 64 69 70 71
 12 27 36 59 64 72
 12 27 36 59 64 70 71
 12 27 36 58 64 69 72
 12 27 36 58 64 69 70 71
 12 27 36 58 64 67 68 72
 12 27 36 58 64 67 68 70 71
 12 27 36 55 58 64 72
 12 27 36 55 58 64 70 71
 12 27 36 45 64
 12 27 36 45 64 71
 12 27 36 45 64 69 70
 12 27 36 45 59 64
 12 27 36 45 58 64 69
 12 27 36 45 58 64 67 68
 12 27 36 45 55 58 64
 12 27 36 44 64 72
 12 27 36 44 64 70 71
 12 27 36 44 45 64
 12 27 36 42 58 64 72
 12 27 36 42 58 64 70 71
 12 27 36 42 45 58 64
 12 26 27 48 72
 12 26 27 48 70 71
 12 26 27 48 64 72
 12 26 27 48 64 70 71
 12 26 27 46 47 72
 12 26 27 46 47 70 71
 12 26 27 46 47 64 72
 12 26 27 46 47 64 70 71
 12 26 27 45 48
 12 26 27 45 48 64
 12 26 27 45 46 47
 12 26 27 45 46 47 64
 12 25 64 72
 12 25 64 70 71
 12 25 63 64 72
 12 25 63 64 70 71
 12 25 61 62 64 72
 12 25 61 62 64 70 71
 12 25 45 64
 12 25 45 63 64
 12 25 45 61 62 64
 12 25 36 64 72
 12 25 36 64 70 71
 12 25 36 45 64
 12 25 26 48 62 72
 12 25 26 48 62 70 71
 12 25 26 48 62 68 72
 12 25 26 48 62 68 70 71
 12 25 26 46 47 62 72
 12 25 26 46 47 62 70 71
 12 25 26 46 47 62 68 72
 12 25 26 46 47 62 68 70 71
 12 25 26 45 48 62
 12 25 26 45 48 62 68
 12 25 26 45 46 47 62
 12 25 26 45 46 47 62 68
 12 24 25 27 48 62 72
 12 24 25 27 48 62 70 71
 12 24 25 27 46 47 62 72
 12 24 25 27 46 47 62 70 71
 12 24 25 27 45 48 62
 12 24 25 27 45 46 47 62
 12 24 25 26 48 62 72
 12 24 25 26 48 62 70 71
 12 24 25 26 46 47 62 72
 12 24 25 26 46 47 62 70 71
 12 24 25 26 45 48 62
 12 24 25 26 45 46 47 62
 12 21 64 72
 12 21 64 70 71
 12 21 62 72
 12 21 62 70 71
 12 21 62 64 72
 12 21 62 64 70 71
 12 21 59 64
 12 21 57 58 64
 12 21 55 62 72
 12 21 55 62 70 71
 12 21 45 64
 12 21 45 62
 12 21 45 62 64
 12 21 45 55 62
 12 21 32 64
 12 21 28 72
 12 21 28 70 71
 12 21 28 64 72
 12 21 28 64 70 71
 12 21 28 62 72
 12 21 28 62 70 71
 12 21 28 45
 12 21 28 45 64
 12 21 28 45 62
 12 21 27 62 68 72
 12 21 27 62 68 70 71
 12 21 27 45 62 68
 12 21 26 27 72
 12 21 26 27 70 71
 12 21 26 27 64 72
 12 21 26 27 64 70 71
 12 21 26 27 45
 12 21 26 27 45 64
 12 21 25 26 62 72
 12 21 25 26 62 70 71
 12 21 25 26 62 68 72
 12 21 25 26 62 68 70 71
 12 21 25 26 45 62
 12 21 25 26 45 62 68
 12 21 24 25 27 62 72
 12 21 24 25 27 62 70 71
 12 21 24 25 27 45 62
 12 21 24 25 26 62 72
 12 21 24 25 26 62 70 71
 12 21 24 25 26 45 62
 12 13 48 62 72
 12 13 48 62 70 71
 12 13 46 47 62 72
 12 13 46 47 62 70 71
 12 13 45 48 62
 12 13 45 46 47 62
 12 13 21 62 72
 12 13 21 62 70 71
 12 13 21 45 62
 11 12 48 62 72
 11 12 48 62 70 71
 11 12 48 55 62 72
 11 12 48 55 62 70 71
 11 12 46 47 62 72
 11 12 46 47 62 70 71
 11 12 46 47 55 62 72
 11 12 46 47 55 62 70 71
 11 12 45 48 62
 11 12 45 48 55 62
 11 12 45 46 47 62
 11 12 45 46 47 55 62
 11 12 39 48 62 72
 11 12 39 48 62 70 71
 11 12 39 46 47 62 72
 11 12 39 46 47 62 70 71
 11 12 39 45 48 62
 11 12 39 45 46 47 62
 11 12 37 38 48 62 72
 11 12 37 38 48 62 70 71
 11 12 37 38 46 47 62 72
 11 12 37 38 46 47 62 70 71
 11 12 37 38 45 48 62
 11 12 37 38 45 46 47 62
 11 12 21 62 72
 11 12 21 62 70 71
 11 12 21 55 62 72
 11 12 21 55 62 70 71
 11 12 21 45 62
 11 12 21 45 55 62
 11 12 21 39 62 72
 11 12 21 39 62 70 71
 11 12 21 39 45 62
 11 12 21 37 38 62 72
 11 12 21 37 38 62 70 71
 11 12 21 37 38 45 62
 2 63
 2 63 73
 2 63 71 72
 2 63 69
 2 63 69 71
 2 63 69 70
 2 63 67 68
 2 63 67 68 71
 2 63 67 68 69 70
 2 61 63
 2 61 62 73
 2 61 62 71 72
 2 61 62 69
 2 61 62 69 71
 2 61 62 69 70
 2 61 62 67 68
 2 61 62 67 68 71
 2 61 62 67 68 69 70
 2 60 63
 2 60 61 62
 2 59 63 69
 2 59 63 67 68
 2 59 61 78
 2 59 61 76 77
 2 59 61 62 69
 2 59 61 62 67 68
 2 59 60 78
 2 59 60 76 77
 2 59 60 63
 2 59 60 61 62
 2 58 63 69 71
 2 58 63 68 69
 2 58 63 67 68 71
 2 58 63 67 68 70
 2 58 63 67 68 69
 2 58 63 67 68 69 70
 2 58 61 62 69 71
 2 58 61 62 68 69
 2 58 61 62 67 68 71
 2 58 61 62 67 68 70
 2 58 61 62 67 68 69
 2 58 61 62 67 68 69 70
 2 57 58 63 69
 2 57 58 63 67 68
 2 57 58 61 78
 2 57 58 61 76 77
 2 57 58 61 62 69
 2 57 58 61 62 67 68
 2 57 58 59 60 78
 2 57 58 59 60 76 77
 2 56 63 69
 2 56 63 69 71
 2 56 63 69 70
 2 56 63 67 68
 2 56 63 67 68 71
 2 56 63 67 68 69 70
 2 56 61 62 69
 2 56 61 62 69 71
 2 56 61 62 69 70
 2 56 61 62 67 68
 2 56 61 62 67 68 71
 2 56 61 62 67 68 69 70
 2 56 59 63 69
 2 56 59 63 67 68
 2 56 59 61 62 69
 2 56 59 61 62 67 68
 2 56 57 58 63 69
 2 56 57 58 63 67 68
 2 56 57 58 61 62 69
 2 56 57 58 61 62 67 68
 2 54 55 58 63 69
 2 54 55 58 63 67 68
 2 54 55 58 61 62 69
 2 54 55 58 61 62 67 68
 2 51 59 61
 2 51 59 60
 2 51 57 58 61
 2 51 57 58 59 60
 2 48 54 72
 2 48 54 70 71
 2 48 52 53 72
 2 48 52 53 70 71
 2 46 63
 2 46 61 62
 2 46 47 54 72
 2 46 47 54 70 71
 2 46 47 52 53 72
 2 46 47 52 53 70 71
 2 45 48 54
 2 45 48 52 53
 2 45 46 47 54
 2 45 46 47 52 53
 2 44 63 69
 2 44 63 67 68
 2 44 61 62 69
 2 44 61 62 67 68
 2 44 58 63 69
 2 44 58 63 67 68
 2 44 58 61 62 69
 2 44 58 61 62 67 68
 2 44 56 63 69
 2 44 56 63 67 68
 2 44 56 61 62 69
 2 44 56 61 62 67 68
 2 43 58 63 69
 2 43 58 63 67 68
 2 43 58 61 62 69
 2 43 58 61 62 67 68
 2 42 63
 2 42 63 71
 2 42 63 69 70
 2 42 61 62
 2 42 61 62 71
 2 42 61 62 69 70
 2 42 59 63
 2 42 59 61 62
 2 42 58 63 71
 2 42 58 63 70
 2 42 58 63 69 70
 2 42 58 63 68 69
 2 42 58 61 62 71
 2 42 58 61 62 70
 2 42 58 61 62 69 70
 2 42 58 61 62 68 69
 2 42 57 58 63
 2 42 57 58 61 62
 2 42 56 63
 2 42 56 63 71
 2 42 56 63 69 70
 2 42 56 61 62
 2 42 56 61 62 71
 2 42 56 61 62 69 70
 2 42 56 59 63
 2 42 56 59 61 62
 2 42 56 57 58 63
 2 42 56 57 58 61 62
 2 42 54 55 58 63
 2 42 54 55 58 61 62
 2 42 44 63
 2 42 44 61 62
 2 42 44 58 63
 2 42 44 58 61 62
 2 42 44 56 63
 2 42 44 56 61 62
 2 42 43 58 63
 2 42 43 58 61 62
 2 39 63 72
 2 39 63 70 71
 2 39 61 62 72
 2 39 61 62 70 71
 2 39 54 64 72
 2 39 54 64 70 71
 2 39 52 53 64 72
 2 39 52 53 64 70 71
 2 39 45 63
 2 39 45 61 62
 2 39 45 54 64
 2 39 45 52 53 64
 2 37 38 63 72
 2 37 38 63 70 71
 2 37 38 61 62 72
 2 37 38 61 62 70 71
 2 37 38 54 64 72
 2 37 38 54 64 70 71
 2 37 38 52 53 64 72
 2 37 38 52 53 64 70 71
 2 37 38 45 63
 2 37 38 45 61 62
 2 37 38 45 54 64
 2 37 38 45 52 53 64
 2 36
 2 36 73
 2 36 71 72
 2 36 69
 2 36 69 71
 2 36 69 70
 2 36 67 68
 2 36 67 68 71
 2 36 67 68 69 70
 2 36 61
 2 36 60
 2 36 59 69
 2 36 59 67 68
 2 36 59 60
 2 36 58 69 71
 2 36 58 68 69
 2 36 58 67 68 71
 2 36 58 67 68 70
 2 36 58 67 68 69
 2 36 58 67 68 69 70
 2 36 57 58 69
 2 36 57 58 67 68
 2 36 56 69
 2 36 56 69 71
 2 36 56 69 70
 2 36 56 67 68
 2 36 56 67 68 71
 2 36 56 67 68 69 70
 2 36 56 59 69
 2 36 56 59 67 68
 2 36 56 57 58 69
 2 36 56 57 58 67 68
 2 36 54 55 58 69
 2 36 54 55 58 67 68
 2 36 46
 2 36 44 69
 2 36 44 67 68
 2 36 44 58 69
 2 36 44 58 67 68
 2 36 44 56 69
 2 36 44 56 67 68
 2 36 43 58 69
 2 36 43 58 67 68
 2 36 42
 2 36 42 71
 2 36 42 69 70
 2 36 42 59
 2 36 42 58 71
 2 36 42 58 70
 2 36 42 58 69 70
 2 36 42 58 68 69
 2 36 42 57 58
 2 36 42 56
 2 36 42 56 71
 2 36 42 56 69 70
 2 36 42 56 59
 2 36 42 56 57 58
 2 36 42 54 55 58
 2 36 42 44
 2 36 42 44 58
 2 36 42 44 56
 2 36 42 43 58
 2 36 39 72
 2 36 39 70 71
 2 36 39 45
 2 36 37 38 72
 2 36 37 38 70 71
 2 36 37 38 45
 2 34 59 78
 2 34 59 76 77
 2 34 57 58 78
 2 34 57 58 76 77
 2 34 51 59
 2 34 51 57 58
 2 32 61 78
 2 32 61 76 77
 2 32 59 60 78
 2 32 59 60 76 77
 2 32 51 61
 2 32 51 59 60
 2 32 34 78
 2 32 34 76 77
 2 32 34 51
 2 29 58 63 69
 2 29 58 63 67 68
 2 29 58 61 62 69
 2 29 58 61 62 67 68
 2 29 42 58 63
 2 29 42 58 61 62
 2 29 36 58 69
 2 29 36 58 67 68
 2 29 36 42 58
 2 27 48 72
 2 27 48 70 71
 2 27 46 47 72
 2 27 46 47 70 71
 2 27 45 48
 2 27 45 46 47
 2 27 39 64 72
 2 27 39 64 70 71
 2 27 39 45 64
 2 27 37 38 64 72
 2 27 37 38 64 70 71
 2 27 37 38 45 64
 2 25 46 58 59 63
 2 25 46 58 59 61 62
 2 25 46 57 58 63
 2 25 46 57 58 61 62
 2 25 44 45 58 59 63
 2 25 44 45 58 59 61 62
 2 25 44 45 57 58 63
 2 25 44 45 57 58 61 62
 2 25 36 46 58 59
 2 25 36 46 57 58
 2 25 36 44 45 58 59
 2 25 36 44 45 57 58
 2 25 32 46 58 63
 2 25 32 46 58 61 62
 2 25 32 44 45 58 63
 2 25 32 44 45 58 61 62
 2 25 32 36 46 58
 2 25 32 36 44 45 58
 2 23 63
 2 23 61 62
 2 23 36
 2 21 54 72
 2 21 54 70 71
 2 21 52 53 72
 2 21 52 53 70 71
 2 21 45 54
 2 21 45 52 53
 2 21 27 72
 2 21 27 70 71
 2 21 27 45
 2 19 25 58 59 63
 2 19 25 58 59 61 62
 2 19 25 57 58 63
 2 19 25 57 58 61 62
 2 19 25 36 58 59
 2 19 25 36 57 58
 2 19 25 32 58 63
 2 19 25 32 58 61 62
 2 19 25 32 36 58
 2 16 63
 2 16 61 62
 2 16 36
 2 12 63 72
 2 12 63 70 71
 2 12 61 62 72
 2 12 61 62 70 71
 2 12 54 64 72
 2 12 54 64 70 71
 2 12 52 53 64 72
 2 12 52 53 64 70 71
 2 12 45 63
 2 12 45 61 62
 2 12 45 54 64
 2 12 45 52 53 64
 2 12 36 72
 2 12 36 70 71
 2 12 36 45
 2 12 27 64 72
 2 12 27 64 70 71
 2 12 27 45 64
 1 48 55 72
 1 48 55 70 71
 1 48 55 64 72
 1 48 55 64 70 71
 1 48 55 62 72
 1 48 55 62 70 71
 1 46 47 55 72
 1 46 47 55 70 71
 1 46 47 55 64 72
 1 46 47 55 64 70 71
 1 46 47 55 62 72
 1 46 47 55 62 70 71
 1 45 48 55
 1 45 48 55 64
 1 45 48 55 62
 1 45 46 47 55
 1 45 46 47 55 64
 1 45 46 47 55 62
 1 39 48 72
 1 39 48 70 71
 1 39 48 64 72
 1 39 48 64 70 71
 1 39 48 62 72
 1 39 48 62 70 71
 1 39 46 47 72
 1 39 46 47 70 71
 1 39 46 47 64 72
 1 39 46 47 64 70 71
 1 39 46 47 62 72
 1 39 46 47 62 70 71
 1 39 45 48
 1 39 45 48 64
 1 39 45 48 62
 1 39 45 46 47
 1 39 45 46 47 64
 1 39 45 46 47 62
 1 37 38 48 72
 1 37 38 48 70 71
 1 37 38 48 64 72
 1 37 38 48 64 70 71
 1 37 38 48 62 72
 1 37 38 48 62 70 71
 1 37 38 46 47 72
 1 37 38 46 47 70 71
 1 37 38 46 47 64 72
 1 37 38 46 47 64 70 71
 1 37 38 46 47 62 72
 1 37 38 46 47 62 70 71
 1 37 38 45 48
 1 37 38 45 48 64
 1 37 38 45 48 62
 1 37 38 45 46 47
 1 37 38 45 46 47 64
 1 37 38 45 46 47 62
 1 21 55 72
 1 21 55 70 71
 1 21 55 64 72
 1 21 55 64 70 71
 1 21 55 62 72
 1 21 55 62 70 71
 1 21 45 55
 1 21 45 55 64
 1 21 45 55 62
 1 21 39 72
 1 21 39 70 71
 1 21 39 64 72
 1 21 39 64 70 71
 1 21 39 62 72
 1 21 39 62 70 71
 1 21 39 45
 1 21 39 45 64
 1 21 39 45 62
 1 21 37 38 72
 1 21 37 38 70 71
 1 21 37 38 64 72
 1 21 37 38 64 70 71
 1 21 37 38 62 72
 1 21 37 38 62 70 71
 1 21 37 38 45
 1 21 37 38 45 64
 1 21 37 38 45 62
 1 12 48 72
 1 12 48 70 71
 1 12 48 64 72
 1 12 48 64 70 71
 1 12 48 62 72
 1 12 48 62 70 71
 1 12 46 47 72
 1 12 46 47 70 71
 1 12 46 47 64 72
 1 12 46 47 64 70 71
 1 12 46 47 62 72
 1 12 46 47 62 70 71
 1 12 45 48
 1 12 45 48 64
 1 12 45 48 62
 1 12 45 46 47
 1 12 45 46 47 64
 1 12 45 46 47 62
 1 12 21 72
 1 12 21 70 71
 1 12 21 64 72
 1 12 21 64 70 71
 1 12 21 62 72
 1 12 21 62 70 71
 1 12 21 45
 1 12 21 45 64
 1 12 21 45 62
 0 48 55 62 68 72
 0 48 55 62 68 70 71
 0 46 47 55 62 68 72
 0 46 47 55 62 68 70 71
 0 45 48 55 62 68
 0 45 46 47 55 62 68
 0 39 48 62 68 72
 0 39 48 62 68 70 71
 0 39 46 47 62 68 72
 0 39 46 47 62 68 70 71
 0 39 45 48 62 68
 0 39 45 46 47 62 68
 0 37 38 48 62 68 72
 0 37 38 48 62 68 70 71
 0 37 38 46 47 62 68 72
 0 37 38 46 47 62 68 70 71
 0 37 38 45 48 62 68
 0 37 38 45 46 47 62 68
 0 26 48 55 62 72
 0 26 48 55 62 70 71
 0 26 46 47 55 62 72
 0 26 46 47 55 62 70 71
 0 26 45 48 55 62
 0 26 45 46 47 55 62
 0 26 39 48 62 72
 0 26 39 48 62 70 71
 0 26 39 46 47 62 72
 0 26 39 46 47 62 70 71
 0 26 39 45 48 62
 0 26 39 45 46 47 62
 0 26 37 38 48 62 72
 0 26 37 38 48 62 70 71
 0 26 37 38 46 47 62 72
 0 26 37 38 46 47 62 70 71
 0 26 37 38 45 48 62
 0 26 37 38 45 46 47 62
 0 24 25 48 55 62 72
 0 24 25 48 55 62 70 71
 0 24 25 46 47 55 62 72
 0 24 25 46 47 55 62 70 71
 0 24 25 45 48 55 62
 0 24 25 45 46 47 55 62
 0 24 25 39 48 62 72
 0 24 25 39 48 62 70 71
 0 24 25 39 46 47 62 72
 0 24 25 39 46 47 62 70 71
 0 24 25 39 45 48 62
 0 24 25 39 45 46 47 62
 0 24 25 37 38 48 62 72
 0 24 25 37 38 48 62 70 71
 0 24 25 37 38 46 47 62 72
 0 24 25 37 38 46 47 62 70 71
 0 24 25 37 38 45 48 62
 0 24 25 37 38 45 46 47 62
 0 21 55 62 68 72
 0 21 55 62 68 70 71
 0 21 45 55 62 68
 0 21 39 62 68 72
 0 21 39 62 68 70 71
 0 21 39 45 62 68
 0 21 37 38 62 68 72
 0 21 37 38 62 68 70 71
 0 21 37 38 45 62 68
 0 21 26 55 62 72
 0 21 26 55 62 70 71
 0 21 26 45 55 62
 0 21 26 39 62 72
 0 21 26 39 62 70 71
 0 21 26 39 45 62
 0 21 26 37 38 62 72
 0 21 26 37 38 62 70 71
 0 21 26 37 38 45 62
 0 21 24 25 55 62 72
 0 21 24 25 55 62 70 71
 0 21 24 25 45 55 62
 0 21 24 25 39 62 72
 0 21 24 25 39 62 70 71
 0 21 24 25 39 45 62
 0 21 24 25 37 38 62 72
 0 21 24 25 37 38 62 70 71
 0 21 24 25 37 38 45 62
 0 12 48 62 68 72
 0 12 48 62 68 70 71
 0 12 46 47 62 68 72
 0 12 46 47 62 68 70 71
 0 12 45 48 62 68
 0 12 45 46 47 62 68
 0 12 26 48 62 72
 0 12 26 48 62 70 71
 0 12 26 46 47 62 72
 0 12 26 46 47 62 70 71
 0 12 26 45 48 62
 0 12 26 45 46 47 62
 0 12 24 25 48 62 72
 0 12 24 25 48 62 70 71
 0 12 24 25 46 47 62 72
 0 12 24 25 46 47 62 70 71
 0 12 24 25 45 48 62
 0 12 24 25 45 46 47 62
 0 12 21 62 68 72
 0 12 21 62 68 70 71
 0 12 21 45 62 68
 0 12 21 26 62 72
 0 12 21 26 62 70 71
 0 12 21 26 45 62
 0 12 21 24 25 62 72
 0 12 21 24 25 62 70 71
 0 12 21 24 25 45 62
 0 1 48 54 72
 0 1 48 54 70 71
 0 1 48 52 53 72
 0 1 48 52 53 70 71
 0 1 46 47 54 72
 0 1 46 47 54 70 71
 0 1 46 47 52 53 72
 0 1 46 47 52 53 70 71
 0 1 45 48 54
 0 1 45 48 52 53
 0 1 45 46 47 54
 0 1 45 46 47 52 53
 0 1 39 63 72
 0 1 39 63 70 71
 0 1 39 61 62 72
 0 1 39 61 62 70 71
 0 1 39 54 64 72
 0 1 39 54 64 70 71
 0 1 39 52 53 64 72
 0 1 39 52 53 64 70 71
 0 1 39 45 63
 0 1 39 45 61 62
 0 1 39 45 54 64
 0 1 39 45 52 53 64
 0 1 37 38 63 72
 0 1 37 38 63 70 71
 0 1 37 38 61 62 72
 0 1 37 38 61 62 70 71
 0 1 37 38 54 64 72
 0 1 37 38 54 64 70 71
 0 1 37 38 52 53 64 72
 0 1 37 38 52 53 64 70 71
 0 1 37 38 45 63
 0 1 37 38 45 61 62
 0 1 37 38 45 54 64
 0 1 37 38 45 52 53 64
 0 1 36 39 72
 0 1 36 39 70 71
 0 1 36 39 45
 0 1 36 37 38 72
 0 1 36 37 38 70 71
 0 1 36 37 38 45
 0 1 27 48 72
 0 1 27 48 70 71
 0 1 27 46 47 72
 0 1 27 46 47 70 71
 0 1 27 45 48
 0 1 27 45 46 47
 0 1 27 39 64 72
 0 1 27 39 64 70 71
 0 1 27 39 45 64
 0 1 27 37 38 64 72
 0 1 27 37 38 64 70 71
 0 1 27 37 38 45 64
 0 1 21 54 72
 0 1 21 54 70 71
 0 1 21 52 53 72
 0 1 21 52 53 70 71
 0 1 21 45 54
 0 1 21 45 52 53
 0 1 21 27 72
 0 1 21 27 70 71
 0 1 21 27 45
 0 1 12 63 72
 0 1 12 63 70 71
 0 1 12 61 62 72
 0 1 12 61 62 70 71
 0 1 12 54 64 72
 0 1 12 54 64 70 71
 0 1 12 52 53 64 72
 0 1 12 52 53 64 70 71
 0 1 12 45 63
 0 1 12 45 61 62
 0 1 12 45 54 64
 0 1 12 45 52 53 64
 0 1 12 36 72
 0 1 12 36 70 71
 0 1 12 36 45
 0 1 12 27 64 72
 0 1 12 27 64 70 71
 0 1 12 27 45 64
