 60 61 63 69
 60 61 63 67 68
 60 61 62 69
 60 61 62 67 68
 59 60 63 69
 59 60 63 67 68
 59 60 61 62 69
 59 60 61 62 67 68
 58 68 74 78
 58 68 74 76 77
 58 68 72 73 78
 58 68 72 73 76 77
 56 60 61 63 69
 56 60 61 63 67 68
 56 60 61 62 69
 56 60 61 62 67 68
 56 59 60 63 69
 56 59 60 63 67 68
 56 59 60 61 62 69
 56 59 60 61 62 67 68
 51 58 68 74
 51 58 68 72 73
 48 74
 48 72 73
 48 59
 48 59 74
 48 59 72 73
 48 59 71 74
 48 59 71 72 73
 48 59 69 74
 48 59 69 72 73
 48 59 68 69 74
 48 59 68 69 72 73
 48 59 67 68 74
 48 59 67 68 72 73
 48 59 67 68 70 74
 48 59 67 68 70 72 73
 48 59 67 68 69 74
 48 59 67 68 69 72 73
 48 59 63
 48 59 61 62
 48 58 60
 48 58 60 61 74
 48 58 60 61 72 73
 48 58 60 61 62 74
 48 58 60 61 62 72 73
 48 58 59 61
 48 58 59 60
 48 58 59 60 62 74
 48 58 59 60 62 72 73
 48 58 59 60 61
 48 57 59 69 74
 48 57 59 69 72 73
 48 57 59 67 68 74
 48 57 59 67 68 72 73
 48 57 58
 48 57 58 74
 48 57 58 72 73
 48 57 58 71 74
 48 57 58 71 72 73
 48 57 58 68 69 74
 48 57 58 68 69 72 73
 48 57 58 67 68 70 74
 48 57 58 67 68 70 72 73
 48 57 58 67 68 69 74
 48 57 58 67 68 69 72 73
 48 57 58 63
 48 57 58 61
 48 57 58 61 74
 48 57 58 61 72 73
 48 57 58 61 69 74
 48 57 58 61 69 72 73
 48 57 58 61 67 68 74
 48 57 58 61 67 68 72 73
 48 57 58 61 62
 48 57 58 60 74
 48 57 58 60 72 73
 48 57 58 60 61 74
 48 57 58 60 61 72 73
 48 57 58 59 61 74
 48 57 58 59 61 72 73
 48 57 58 59 61 69 74
 48 57 58 59 61 69 72 73
 48 57 58 59 61 67 68 74
 48 57 58 59 61 67 68 72 73
 48 57 58 59 60
 48 57 58 59 60 61
 48 57 58 59 60 61 74
 48 57 58 59 60 61 72 73
 48 56 59 74
 48 56 59 72 73
 48 56 57 59 69 74
 48 56 57 59 69 72 73
 48 56 57 59 67 68 74
 48 56 57 59 67 68 72 73
 48 56 57 58 74
 48 56 57 58 72 73
 48 56 57 58 69 74
 48 56 57 58 69 72 73
 48 56 57 58 67 68 74
 48 56 57 58 67 68 72 73
 48 55 59 69 74
 48 55 59 69 72 73
 48 55 59 67 68 74
 48 55 59 67 68 72 73
 48 55 58 59 61 69 74
 48 55 58 59 61 69 72 73
 48 55 58 59 61 67 68 74
 48 55 58 59 61 67 68 72 73
 48 55 58 59 60 69 74
 48 55 58 59 60 69 72 73
 48 55 58 59 60 67 68 74
 48 55 58 59 60 67 68 72 73
 48 55 57 58 69 74
 48 55 57 58 69 72 73
 48 55 57 58 67 68 74
 48 55 57 58 67 68 72 73
 48 55 57 58 61 69 74
 48 55 57 58 61 69 72 73
 48 55 57 58 61 67 68 74
 48 55 57 58 61 67 68 72 73
 48 55 57 58 59 60 69 74
 48 55 57 58 59 60 69 72 73
 48 55 57 58 59 60 67 68 74
 48 55 57 58 59 60 67 68 72 73
 48 55 56 59 69 74
 48 55 56 59 69 72 73
 48 55 56 59 67 68 74
 48 55 56 59 67 68 72 73
 48 55 56 58 59 61 69 74
 48 55 56 58 59 61 69 72 73
 48 55 56 58 59 61 67 68 74
 48 55 56 58 59 61 67 68 72 73
 48 55 56 58 59 60 69 74
 48 55 56 58 59 60 69 72 73
 48 55 56 58 59 60 67 68 74
 48 55 56 58 59 60 67 68 72 73
 48 55 56 57 58 69 74
 48 55 56 57 58 69 72 73
 48 55 56 57 58 67 68 74
 48 55 56 57 58 67 68 72 73
 48 55 56 57 58 61 69 74
 48 55 56 57 58 61 69 72 73
 48 55 56 57 58 61 67 68 74
 48 55 56 57 58 61 67 68 72 73
 48 55 56 57 58 59 60 69 74
 48 55 56 57 58 59 60 69 72 73
 48 55 56 57 58 59 60 67 68 74
 48 55 56 57 58 59 60 67 68 72 73
 48 54 55 59 74
 48 54 55 59 72 73
 48 54 55 57 58 74
 48 54 55 57 58 72 73
 47 60
 47 60 74
 47 60 72 73
 47 58 68 78
 47 58 68 76 77
 47 51 58 68
 47 48
 47 48 59
 47 48 59 71
 47 48 59 69
 47 48 59 68 69
 47 48 59 67 68
 47 48 59 67 68 70
 47 48 59 67 68 69
 47 48 58 60 61
 47 48 58 60 61 62
 47 48 58 59 60 62
 47 48 57 59 69
 47 48 57 59 67 68
 47 48 57 58
 47 48 57 58 71
 47 48 57 58 68 69
 47 48 57 58 67 68 70
 47 48 57 58 67 68 69
 47 48 57 58 61
 47 48 57 58 61 69
 47 48 57 58 61 67 68
 47 48 57 58 60
 47 48 57 58 60 61
 47 48 57 58 59 61
 47 48 57 58 59 61 69
 47 48 57 58 59 61 67 68
 47 48 57 58 59 60 61
 47 48 56 59
 47 48 56 57 59 69
 47 48 56 57 59 67 68
 47 48 56 57 58
 47 48 56 57 58 69
 47 48 56 57 58 67 68
 47 48 55 59 69
 47 48 55 59 67 68
 47 48 55 58 59 61 69
 47 48 55 58 59 61 67 68
 47 48 55 58 59 60 69
 47 48 55 58 59 60 67 68
 47 48 55 57 58 69
 47 48 55 57 58 67 68
 47 48 55 57 58 61 69
 47 48 55 57 58 61 67 68
 47 48 55 57 58 59 60 69
 47 48 55 57 58 59 60 67 68
 47 48 55 56 59 69
 47 48 55 56 59 67 68
 47 48 55 56 58 59 61 69
 47 48 55 56 58 59 61 67 68
 47 48 55 56 58 59 60 69
 47 48 55 56 58 59 60 67 68
 47 48 55 56 57 58 69
 47 48 55 56 57 58 67 68
 47 48 55 56 57 58 61 69
 47 48 55 56 57 58 61 67 68
 47 48 55 56 57 58 59 60 69
 47 48 55 56 57 58 59 60 67 68
 47 48 54 55 59
 47 48 54 55 57 58
 46 47
 46 47 74
 46 47 72 73
 46 47 59 74
 46 47 59 72 73
 46 47 59 71
 46 47 59 71 74
 46 47 59 71 72 73
 46 47 59 69
 46 47 59 69 74
 46 47 59 69 72 73
 46 47 59 68 69
 46 47 59 68 69 74
 46 47 59 68 69 72 73
 46 47 59 67 68
 46 47 59 67 68 74
 46 47 59 67 68 72 73
 46 47 59 67 68 70
 46 47 59 67 68 70 74
 46 47 59 67 68 70 72 73
 46 47 59 67 68 69
 46 47 59 67 68 69 74
 46 47 59 67 68 69 72 73
 46 47 59 63
 46 47 59 61 62
 46 47 58 60
 46 47 58 60 61
 46 47 58 60 61 74
 46 47 58 60 61 72 73
 46 47 58 60 61 62
 46 47 58 60 61 62 74
 46 47 58 60 61 62 72 73
 46 47 58 59 61
 46 47 58 59 60
 46 47 58 59 60 62
 46 47 58 59 60 62 74
 46 47 58 59 60 62 72 73
 46 47 58 59 60 61
 46 47 57 59 69
 46 47 57 59 69 74
 46 47 57 59 69 72 73
 46 47 57 59 67 68
 46 47 57 59 67 68 74
 46 47 57 59 67 68 72 73
 46 47 57 58 74
 46 47 57 58 72 73
 46 47 57 58 71
 46 47 57 58 71 74
 46 47 57 58 71 72 73
 46 47 57 58 68 69
 46 47 57 58 68 69 74
 46 47 57 58 68 69 72 73
 46 47 57 58 67 68 70
 46 47 57 58 67 68 70 74
 46 47 57 58 67 68 70 72 73
 46 47 57 58 67 68 69
 46 47 57 58 67 68 69 74
 46 47 57 58 67 68 69 72 73
 46 47 57 58 63
 46 47 57 58 61 74
 46 47 57 58 61 72 73
 46 47 57 58 61 69
 46 47 57 58 61 69 74
 46 47 57 58 61 69 72 73
 46 47 57 58 61 67 68
 46 47 57 58 61 67 68 74
 46 47 57 58 61 67 68 72 73
 46 47 57 58 61 62
 46 47 57 58 60
 46 47 57 58 60 74
 46 47 57 58 60 72 73
 46 47 57 58 60 61
 46 47 57 58 60 61 74
 46 47 57 58 60 61 72 73
 46 47 57 58 59 61
 46 47 57 58 59 61 74
 46 47 57 58 59 61 72 73
 46 47 57 58 59 61 69
 46 47 57 58 59 61 69 74
 46 47 57 58 59 61 69 72 73
 46 47 57 58 59 61 67 68
 46 47 57 58 59 61 67 68 74
 46 47 57 58 59 61 67 68 72 73
 46 47 57 58 59 60
 46 47 57 58 59 60 61 74
 46 47 57 58 59 60 61 72 73
 46 47 56 59
 46 47 56 59 74
 46 47 56 59 72 73
 46 47 56 57 59 69
 46 47 56 57 59 69 74
 46 47 56 57 59 69 72 73
 46 47 56 57 59 67 68
 46 47 56 57 59 67 68 74
 46 47 56 57 59 67 68 72 73
 46 47 56 57 58
 46 47 56 57 58 74
 46 47 56 57 58 72 73
 46 47 56 57 58 69
 46 47 56 57 58 69 74
 46 47 56 57 58 69 72 73
 46 47 56 57 58 67 68
 46 47 56 57 58 67 68 74
 46 47 56 57 58 67 68 72 73
 46 47 55 59 69
 46 47 55 59 69 74
 46 47 55 59 69 72 73
 46 47 55 59 67 68
 46 47 55 59 67 68 74
 46 47 55 59 67 68 72 73
 46 47 55 58 59 61 69
 46 47 55 58 59 61 69 74
 46 47 55 58 59 61 69 72 73
 46 47 55 58 59 61 67 68
 46 47 55 58 59 61 67 68 74
 46 47 55 58 59 61 67 68 72 73
 46 47 55 58 59 60 69
 46 47 55 58 59 60 69 74
 46 47 55 58 59 60 69 72 73
 46 47 55 58 59 60 67 68
 46 47 55 58 59 60 67 68 74
 46 47 55 58 59 60 67 68 72 73
 46 47 55 57 58 69
 46 47 55 57 58 69 74
 46 47 55 57 58 69 72 73
 46 47 55 57 58 67 68
 46 47 55 57 58 67 68 74
 46 47 55 57 58 67 68 72 73
 46 47 55 57 58 61 69
 46 47 55 57 58 61 69 74
 46 47 55 57 58 61 69 72 73
 46 47 55 57 58 61 67 68
 46 47 55 57 58 61 67 68 74
 46 47 55 57 58 61 67 68 72 73
 46 47 55 57 58 59 60 69
 46 47 55 57 58 59 60 69 74
 46 47 55 57 58 59 60 69 72 73
 46 47 55 57 58 59 60 67 68
 46 47 55 57 58 59 60 67 68 74
 46 47 55 57 58 59 60 67 68 72 73
 46 47 55 56 59 69
 46 47 55 56 59 69 74
 46 47 55 56 59 69 72 73
 46 47 55 56 59 67 68
 46 47 55 56 59 67 68 74
 46 47 55 56 59 67 68 72 73
 46 47 55 56 58 59 61 69
 46 47 55 56 58 59 61 69 74
 46 47 55 56 58 59 61 69 72 73
 46 47 55 56 58 59 61 67 68
 46 47 55 56 58 59 61 67 68 74
 46 47 55 56 58 59 61 67 68 72 73
 46 47 55 56 58 59 60 69
 46 47 55 56 58 59 60 69 74
 46 47 55 56 58 59 60 69 72 73
 46 47 55 56 58 59 60 67 68
 46 47 55 56 58 59 60 67 68 74
 46 47 55 56 58 59 60 67 68 72 73
 46 47 55 56 57 58 69
 46 47 55 56 57 58 69 74
 46 47 55 56 57 58 69 72 73
 46 47 55 56 57 58 67 68
 46 47 55 56 57 58 67 68 74
 46 47 55 56 57 58 67 68 72 73
 46 47 55 56 57 58 61 69
 46 47 55 56 57 58 61 69 74
 46 47 55 56 57 58 61 69 72 73
 46 47 55 56 57 58 61 67 68
 46 47 55 56 57 58 61 67 68 74
 46 47 55 56 57 58 61 67 68 72 73
 46 47 55 56 57 58 59 60 69
 46 47 55 56 57 58 59 60 69 74
 46 47 55 56 57 58 59 60 69 72 73
 46 47 55 56 57 58 59 60 67 68
 46 47 55 56 57 58 59 60 67 68 74
 46 47 55 56 57 58 59 60 67 68 72 73
 46 47 54 55 59
 46 47 54 55 59 74
 46 47 54 55 59 72 73
 46 47 54 55 57 58
 46 47 54 55 57 58 74
 46 47 54 55 57 58 72 73
 45 46 60 74
 45 46 60 72 73
 45 46 47 60
 44 48 59 74
 44 48 59 72 73
 44 48 58 60 61 74
 44 48 58 60 61 72 73
 44 48 58 59 60 74
 44 48 58 59 60 72 73
 44 48 57 58 74
 44 48 57 58 72 73
 44 47 48 59
 44 47 48 58 60 61
 44 47 48 58 59 60
 44 47 48 57 58
 44 46 47 59
 44 46 47 59 74
 44 46 47 59 72 73
 44 46 47 58 60 61
 44 46 47 58 60 61 74
 44 46 47 58 60 61 72 73
 44 46 47 58 59 60
 44 46 47 58 59 60 74
 44 46 47 58 59 60 72 73
 44 46 47 57 58
 44 46 47 57 58 74
 44 46 47 57 58 72 73
 43 48 59 69 74
 43 48 59 69 72 73
 43 48 59 67 68 74
 43 48 59 67 68 72 73
 43 48 57 58 69 74
 43 48 57 58 69 72 73
 43 48 57 58 67 68 74
 43 48 57 58 67 68 72 73
 43 47 48 59 69
 43 47 48 59 67 68
 43 47 48 57 58 69
 43 47 48 57 58 67 68
 43 46 47 59 69
 43 46 47 59 69 74
 43 46 47 59 69 72 73
 43 46 47 59 67 68
 43 46 47 59 67 68 74
 43 46 47 59 67 68 72 73
 43 46 47 57 58 69
 43 46 47 57 58 69 74
 43 46 47 57 58 69 72 73
 43 46 47 57 58 67 68
 43 46 47 57 58 67 68 74
 43 46 47 57 58 67 68 72 73
 42 60 61 63
 42 60 61 62
 42 59 60 63
 42 59 60 61 62
 42 58 60 78
 42 58 60 76 77
 42 56 60 61 63
 42 56 60 61 62
 42 56 59 60 63
 42 56 59 60 61 62
 42 51 58 60
 42 48 59 74
 42 48 59 72 73
 42 48 59 70 74
 42 48 59 70 72 73
 42 48 59 68 69 74
 42 48 59 68 69 72 73
 42 48 57 59 74
 42 48 57 59 72 73
 42 48 57 58 70 74
 42 48 57 58 70 72 73
 42 48 57 58 68 69 74
 42 48 57 58 68 69 72 73
 42 48 57 58 61 74
 42 48 57 58 61 72 73
 42 48 57 58 59 61 74
 42 48 57 58 59 61 72 73
 42 48 56 57 59 74
 42 48 56 57 59 72 73
 42 48 56 57 58 74
 42 48 56 57 58 72 73
 42 48 55 59 74
 42 48 55 59 72 73
 42 48 55 58 59 61 74
 42 48 55 58 59 61 72 73
 42 48 55 58 59 60 74
 42 48 55 58 59 60 72 73
 42 48 55 57 58 74
 42 48 55 57 58 72 73
 42 48 55 57 58 61 74
 42 48 55 57 58 61 72 73
 42 48 55 57 58 59 60 74
 42 48 55 57 58 59 60 72 73
 42 48 55 56 59 74
 42 48 55 56 59 72 73
 42 48 55 56 58 59 61 74
 42 48 55 56 58 59 61 72 73
 42 48 55 56 58 59 60 74
 42 48 55 56 58 59 60 72 73
 42 48 55 56 57 58 74
 42 48 55 56 57 58 72 73
 42 48 55 56 57 58 61 74
 42 48 55 56 57 58 61 72 73
 42 48 55 56 57 58 59 60 74
 42 48 55 56 57 58 59 60 72 73
 42 47 48 59
 42 47 48 59 70
 42 47 48 59 68 69
 42 47 48 57 59
 42 47 48 57 58 70
 42 47 48 57 58 68 69
 42 47 48 57 58 61
 42 47 48 57 58 59 61
 42 47 48 56 57 59
 42 47 48 56 57 58
 42 47 48 55 59
 42 47 48 55 58 59 61
 42 47 48 55 58 59 60
 42 47 48 55 57 58
 42 47 48 55 57 58 61
 42 47 48 55 57 58 59 60
 42 47 48 55 56 59
 42 47 48 55 56 58 59 61
 42 47 48 55 56 58 59 60
 42 47 48 55 56 57 58
 42 47 48 55 56 57 58 61
 42 47 48 55 56 57 58 59 60
 42 46 47 59
 42 46 47 59 74
 42 46 47 59 72 73
 42 46 47 59 70
 42 46 47 59 70 74
 42 46 47 59 70 72 73
 42 46 47 59 68 69
 42 46 47 59 68 69 74
 42 46 47 59 68 69 72 73
 42 46 47 57 59
 42 46 47 57 59 74
 42 46 47 57 59 72 73
 42 46 47 57 58 70
 42 46 47 57 58 70 74
 42 46 47 57 58 70 72 73
 42 46 47 57 58 68 69
 42 46 47 57 58 68 69 74
 42 46 47 57 58 68 69 72 73
 42 46 47 57 58 61
 42 46 47 57 58 61 74
 42 46 47 57 58 61 72 73
 42 46 47 57 58 59 61
 42 46 47 57 58 59 61 74
 42 46 47 57 58 59 61 72 73
 42 46 47 56 57 59
 42 46 47 56 57 59 74
 42 46 47 56 57 59 72 73
 42 46 47 56 57 58
 42 46 47 56 57 58 74
 42 46 47 56 57 58 72 73
 42 46 47 55 59
 42 46 47 55 59 74
 42 46 47 55 59 72 73
 42 46 47 55 58 59 61
 42 46 47 55 58 59 61 74
 42 46 47 55 58 59 61 72 73
 42 46 47 55 58 59 60
 42 46 47 55 58 59 60 74
 42 46 47 55 58 59 60 72 73
 42 46 47 55 57 58
 42 46 47 55 57 58 74
 42 46 47 55 57 58 72 73
 42 46 47 55 57 58 61
 42 46 47 55 57 58 61 74
 42 46 47 55 57 58 61 72 73
 42 46 47 55 57 58 59 60
 42 46 47 55 57 58 59 60 74
 42 46 47 55 57 58 59 60 72 73
 42 46 47 55 56 59
 42 46 47 55 56 59 74
 42 46 47 55 56 59 72 73
 42 46 47 55 56 58 59 61
 42 46 47 55 56 58 59 61 74
 42 46 47 55 56 58 59 61 72 73
 42 46 47 55 56 58 59 60
 42 46 47 55 56 58 59 60 74
 42 46 47 55 56 58 59 60 72 73
 42 46 47 55 56 57 58
 42 46 47 55 56 57 58 74
 42 46 47 55 56 57 58 72 73
 42 46 47 55 56 57 58 61
 42 46 47 55 56 57 58 61 74
 42 46 47 55 56 57 58 61 72 73
 42 46 47 55 56 57 58 59 60
 42 46 47 55 56 57 58 59 60 74
 42 46 47 55 56 57 58 59 60 72 73
 42 43 48 59 74
 42 43 48 59 72 73
 42 43 48 58 60 61 74
 42 43 48 58 60 61 72 73
 42 43 48 58 59 60 74
 42 43 48 58 59 60 72 73
 42 43 48 57 58 74
 42 43 48 57 58 72 73
 42 43 47 48 59
 42 43 47 48 58 60 61
 42 43 47 48 58 59 60
 42 43 47 48 57 58
 42 43 46 47 59
 42 43 46 47 59 74
 42 43 46 47 59 72 73
 42 43 46 47 58 60 61
 42 43 46 47 58 60 61 74
 42 43 46 47 58 60 61 72 73
 42 43 46 47 58 59 60
 42 43 46 47 58 59 60 74
 42 43 46 47 58 59 60 72 73
 42 43 46 47 57 58
 42 43 46 47 57 58 74
 42 43 46 47 57 58 72 73
 40 41 58 60 78
 40 41 58 60 76 77
 40 41 51 58 60
 36 60 61 69
 36 60 61 67 68
 36 59 60 69
 36 59 60 67 68
 36 56 60 61 69
 36 56 60 61 67 68
 36 56 59 60 69
 36 56 59 60 67 68
 36 48 59
 36 48 57 58
 36 46 47 59
 36 46 47 57 58
 36 42 60 61
 36 42 59 60
 36 42 56 60 61
 36 42 56 59 60
 34 60 63 69
 34 60 63 67 68
 34 60 61 62 69
 34 60 61 62 67 68
 34 56 60 63 69
 34 56 60 63 67 68
 34 56 60 61 62 69
 34 56 60 61 62 67 68
 34 48 58 60 74
 34 48 58 60 72 73
 34 48 58 60 62 74
 34 48 58 60 62 72 73
 34 48 58 59
 34 48 58 59 60
 34 48 57 58
 34 48 57 58 74
 34 48 57 58 72 73
 34 48 57 58 69 74
 34 48 57 58 69 72 73
 34 48 57 58 67 68 74
 34 48 57 58 67 68 72 73
 34 48 57 58 60 74
 34 48 57 58 60 72 73
 34 48 57 58 59 74
 34 48 57 58 59 72 73
 34 48 57 58 59 69 74
 34 48 57 58 59 69 72 73
 34 48 57 58 59 67 68 74
 34 48 57 58 59 67 68 72 73
 34 48 57 58 59 60
 34 48 57 58 59 60 74
 34 48 57 58 59 60 72 73
 34 48 55 58 59 69 74
 34 48 55 58 59 69 72 73
 34 48 55 58 59 67 68 74
 34 48 55 58 59 67 68 72 73
 34 48 55 57 58 69 74
 34 48 55 57 58 69 72 73
 34 48 55 57 58 67 68 74
 34 48 55 57 58 67 68 72 73
 34 48 55 56 58 59 69 74
 34 48 55 56 58 59 69 72 73
 34 48 55 56 58 59 67 68 74
 34 48 55 56 58 59 67 68 72 73
 34 48 55 56 57 58 69 74
 34 48 55 56 57 58 69 72 73
 34 48 55 56 57 58 67 68 74
 34 48 55 56 57 58 67 68 72 73
 34 47 48 58 60
 34 47 48 58 60 62
 34 47 48 57 58
 34 47 48 57 58 69
 34 47 48 57 58 67 68
 34 47 48 57 58 60
 34 47 48 57 58 59
 34 47 48 57 58 59 69
 34 47 48 57 58 59 67 68
 34 47 48 57 58 59 60
 34 47 48 55 58 59 69
 34 47 48 55 58 59 67 68
 34 47 48 55 57 58 69
 34 47 48 55 57 58 67 68
 34 47 48 55 56 58 59 69
 34 47 48 55 56 58 59 67 68
 34 47 48 55 56 57 58 69
 34 47 48 55 56 57 58 67 68
 34 46 47 58 60
 34 46 47 58 60 74
 34 46 47 58 60 72 73
 34 46 47 58 60 62
 34 46 47 58 60 62 74
 34 46 47 58 60 62 72 73
 34 46 47 58 59
 34 46 47 58 59 60
 34 46 47 57 58 74
 34 46 47 57 58 72 73
 34 46 47 57 58 69
 34 46 47 57 58 69 74
 34 46 47 57 58 69 72 73
 34 46 47 57 58 67 68
 34 46 47 57 58 67 68 74
 34 46 47 57 58 67 68 72 73
 34 46 47 57 58 60
 34 46 47 57 58 60 74
 34 46 47 57 58 60 72 73
 34 46 47 57 58 59
 34 46 47 57 58 59 74
 34 46 47 57 58 59 72 73
 34 46 47 57 58 59 69
 34 46 47 57 58 59 69 74
 34 46 47 57 58 59 69 72 73
 34 46 47 57 58 59 67 68
 34 46 47 57 58 59 67 68 74
 34 46 47 57 58 59 67 68 72 73
 34 46 47 57 58 59 60 74
 34 46 47 57 58 59 60 72 73
 34 46 47 55 58 59 69
 34 46 47 55 58 59 69 74
 34 46 47 55 58 59 69 72 73
 34 46 47 55 58 59 67 68
 34 46 47 55 58 59 67 68 74
 34 46 47 55 58 59 67 68 72 73
 34 46 47 55 57 58 69
 34 46 47 55 57 58 69 74
 34 46 47 55 57 58 69 72 73
 34 46 47 55 57 58 67 68
 34 46 47 55 57 58 67 68 74
 34 46 47 55 57 58 67 68 72 73
 34 46 47 55 56 58 59 69
 34 46 47 55 56 58 59 69 74
 34 46 47 55 56 58 59 69 72 73
 34 46 47 55 56 58 59 67 68
 34 46 47 55 56 58 59 67 68 74
 34 46 47 55 56 58 59 67 68 72 73
 34 46 47 55 56 57 58 69
 34 46 47 55 56 57 58 69 74
 34 46 47 55 56 57 58 69 72 73
 34 46 47 55 56 57 58 67 68
 34 46 47 55 56 57 58 67 68 74
 34 46 47 55 56 57 58 67 68 72 73
 34 44 48 58 60 74
 34 44 48 58 60 72 73
 34 44 47 48 58 60
 34 44 46 47 58 60
 34 44 46 47 58 60 74
 34 44 46 47 58 60 72 73
 34 42 60 63
 34 42 60 61 62
 34 42 56 60 63
 34 42 56 60 61 62
 34 42 48 57 58 74
 34 42 48 57 58 72 73
 34 42 48 57 58 59 74
 34 42 48 57 58 59 72 73
 34 42 48 55 58 59 74
 34 42 48 55 58 59 72 73
 34 42 48 55 57 58 74
 34 42 48 55 57 58 72 73
 34 42 48 55 56 58 59 74
 34 42 48 55 56 58 59 72 73
 34 42 48 55 56 57 58 74
 34 42 48 55 56 57 58 72 73
 34 42 47 48 57 58
 34 42 47 48 57 58 59
 34 42 47 48 55 58 59
 34 42 47 48 55 57 58
 34 42 47 48 55 56 58 59
 34 42 47 48 55 56 57 58
 34 42 46 47 57 58
 34 42 46 47 57 58 74
 34 42 46 47 57 58 72 73
 34 42 46 47 57 58 59
 34 42 46 47 57 58 59 74
 34 42 46 47 57 58 59 72 73
 34 42 46 47 55 58 59
 34 42 46 47 55 58 59 74
 34 42 46 47 55 58 59 72 73
 34 42 46 47 55 57 58
 34 42 46 47 55 57 58 74
 34 42 46 47 55 57 58 72 73
 34 42 46 47 55 56 58 59
 34 42 46 47 55 56 58 59 74
 34 42 46 47 55 56 58 59 72 73
 34 42 46 47 55 56 57 58
 34 42 46 47 55 56 57 58 74
 34 42 46 47 55 56 57 58 72 73
 34 42 43 48 58 60 74
 34 42 43 48 58 60 72 73
 34 42 43 47 48 58 60
 34 42 43 46 47 58 60
 34 42 43 46 47 58 60 74
 34 42 43 46 47 58 60 72 73
 34 36 60 69
 34 36 60 67 68
 34 36 56 60 69
 34 36 56 60 67 68
 34 36 42 60
 34 36 42 56 60
 32 48
 32 48 74
 32 48 72 73
 32 48 71 74
 32 48 71 72 73
 32 48 69 74
 32 48 69 72 73
 32 48 68 69 74
 32 48 68 69 72 73
 32 48 67 68 74
 32 48 67 68 72 73
 32 48 67 68 70 74
 32 48 67 68 70 72 73
 32 48 67 68 69 74
 32 48 67 68 69 72 73
 32 48 63
 32 48 61 62
 32 48 58 61
 32 48 58 60
 32 48 58 60 74
 32 48 58 60 72 73
 32 48 58 60 61
 32 48 57 69 74
 32 48 57 69 72 73
 32 48 57 67 68 74
 32 48 57 67 68 72 73
 32 48 57 58 61 74
 32 48 57 58 61 72 73
 32 48 57 58 61 69 74
 32 48 57 58 61 69 72 73
 32 48 57 58 61 67 68 74
 32 48 57 58 61 67 68 72 73
 32 48 57 58 60
 32 48 57 58 60 61
 32 48 57 58 60 61 74
 32 48 57 58 60 61 72 73
 32 48 57 58 59 60
 32 48 57 58 59 60 69 74
 32 48 57 58 59 60 69 72 73
 32 48 57 58 59 60 67 68 74
 32 48 57 58 59 60 67 68 72 73
 32 48 56 74
 32 48 56 72 73
 32 48 56 57 69 74
 32 48 56 57 69 72 73
 32 48 56 57 67 68 74
 32 48 56 57 67 68 72 73
 32 48 55 69 74
 32 48 55 69 72 73
 32 48 55 67 68 74
 32 48 55 67 68 72 73
 32 48 55 58 61 69 74
 32 48 55 58 61 69 72 73
 32 48 55 58 61 67 68 74
 32 48 55 58 61 67 68 72 73
 32 48 55 58 59 60 69 74
 32 48 55 58 59 60 69 72 73
 32 48 55 58 59 60 67 68 74
 32 48 55 58 59 60 67 68 72 73
 32 48 55 56 69 74
 32 48 55 56 69 72 73
 32 48 55 56 67 68 74
 32 48 55 56 67 68 72 73
 32 48 55 56 58 61 69 74
 32 48 55 56 58 61 69 72 73
 32 48 55 56 58 61 67 68 74
 32 48 55 56 58 61 67 68 72 73
 32 48 55 56 58 59 60 69 74
 32 48 55 56 58 59 60 69 72 73
 32 48 55 56 58 59 60 67 68 74
 32 48 55 56 58 59 60 67 68 72 73
 32 48 54 55 74
 32 48 54 55 72 73
 32 47 48
 32 47 48 71
 32 47 48 69
 32 47 48 68 69
 32 47 48 67 68
 32 47 48 67 68 70
 32 47 48 67 68 69
 32 47 48 58 60
 32 47 48 57 69
 32 47 48 57 67 68
 32 47 48 57 58 61
 32 47 48 57 58 61 69
 32 47 48 57 58 61 67 68
 32 47 48 57 58 60 61
 32 47 48 57 58 59 60 69
 32 47 48 57 58 59 60 67 68
 32 47 48 56
 32 47 48 56 57 69
 32 47 48 56 57 67 68
 32 47 48 55 69
 32 47 48 55 67 68
 32 47 48 55 58 61 69
 32 47 48 55 58 61 67 68
 32 47 48 55 58 59 60 69
 32 47 48 55 58 59 60 67 68
 32 47 48 55 56 69
 32 47 48 55 56 67 68
 32 47 48 55 56 58 61 69
 32 47 48 55 56 58 61 67 68
 32 47 48 55 56 58 59 60 69
 32 47 48 55 56 58 59 60 67 68
 32 47 48 54 55
 32 46 47 74
 32 46 47 72 73
 32 46 47 71
 32 46 47 71 74
 32 46 47 71 72 73
 32 46 47 69
 32 46 47 69 74
 32 46 47 69 72 73
 32 46 47 68 69
 32 46 47 68 69 74
 32 46 47 68 69 72 73
 32 46 47 67 68
 32 46 47 67 68 74
 32 46 47 67 68 72 73
 32 46 47 67 68 70
 32 46 47 67 68 70 74
 32 46 47 67 68 70 72 73
 32 46 47 67 68 69
 32 46 47 67 68 69 74
 32 46 47 67 68 69 72 73
 32 46 47 63
 32 46 47 61 62
 32 46 47 58 61
 32 46 47 58 60 74
 32 46 47 58 60 72 73
 32 46 47 58 60 61
 32 46 47 57 69
 32 46 47 57 69 74
 32 46 47 57 69 72 73
 32 46 47 57 67 68
 32 46 47 57 67 68 74
 32 46 47 57 67 68 72 73
 32 46 47 57 58 61
 32 46 47 57 58 61 74
 32 46 47 57 58 61 72 73
 32 46 47 57 58 61 69
 32 46 47 57 58 61 69 74
 32 46 47 57 58 61 69 72 73
 32 46 47 57 58 61 67 68
 32 46 47 57 58 61 67 68 74
 32 46 47 57 58 61 67 68 72 73
 32 46 47 57 58 60
 32 46 47 57 58 60 61 74
 32 46 47 57 58 60 61 72 73
 32 46 47 57 58 59 60
 32 46 47 57 58 59 60 69
 32 46 47 57 58 59 60 69 74
 32 46 47 57 58 59 60 69 72 73
 32 46 47 57 58 59 60 67 68
 32 46 47 57 58 59 60 67 68 74
 32 46 47 57 58 59 60 67 68 72 73
 32 46 47 56
 32 46 47 56 74
 32 46 47 56 72 73
 32 46 47 56 57 69
 32 46 47 56 57 69 74
 32 46 47 56 57 69 72 73
 32 46 47 56 57 67 68
 32 46 47 56 57 67 68 74
 32 46 47 56 57 67 68 72 73
 32 46 47 55 69
 32 46 47 55 69 74
 32 46 47 55 69 72 73
 32 46 47 55 67 68
 32 46 47 55 67 68 74
 32 46 47 55 67 68 72 73
 32 46 47 55 58 61 69
 32 46 47 55 58 61 69 74
 32 46 47 55 58 61 69 72 73
 32 46 47 55 58 61 67 68
 32 46 47 55 58 61 67 68 74
 32 46 47 55 58 61 67 68 72 73
 32 46 47 55 58 59 60 69
 32 46 47 55 58 59 60 69 74
 32 46 47 55 58 59 60 69 72 73
 32 46 47 55 58 59 60 67 68
 32 46 47 55 58 59 60 67 68 74
 32 46 47 55 58 59 60 67 68 72 73
 32 46 47 55 56 69
 32 46 47 55 56 69 74
 32 46 47 55 56 69 72 73
 32 46 47 55 56 67 68
 32 46 47 55 56 67 68 74
 32 46 47 55 56 67 68 72 73
 32 46 47 55 56 58 61 69
 32 46 47 55 56 58 61 69 74
 32 46 47 55 56 58 61 69 72 73
 32 46 47 55 56 58 61 67 68
 32 46 47 55 56 58 61 67 68 74
 32 46 47 55 56 58 61 67 68 72 73
 32 46 47 55 56 58 59 60 69
 32 46 47 55 56 58 59 60 69 74
 32 46 47 55 56 58 59 60 69 72 73
 32 46 47 55 56 58 59 60 67 68
 32 46 47 55 56 58 59 60 67 68 74
 32 46 47 55 56 58 59 60 67 68 72 73
 32 46 47 54 55
 32 46 47 54 55 74
 32 46 47 54 55 72 73
 32 44 48 74
 32 44 48 72 73
 32 44 47 48
 32 44 46 47
 32 44 46 47 74
 32 44 46 47 72 73
 32 43 48 69 74
 32 43 48 69 72 73
 32 43 48 67 68 74
 32 43 48 67 68 72 73
 32 43 47 48 69
 32 43 47 48 67 68
 32 43 46 47 69
 32 43 46 47 69 74
 32 43 46 47 69 72 73
 32 43 46 47 67 68
 32 43 46 47 67 68 74
 32 43 46 47 67 68 72 73
 32 42 48 74
 32 42 48 72 73
 32 42 48 70 74
 32 42 48 70 72 73
 32 42 48 68 69 74
 32 42 48 68 69 72 73
 32 42 48 57 74
 32 42 48 57 72 73
 32 42 48 57 58 61 74
 32 42 48 57 58 61 72 73
 32 42 48 57 58 59 60 74
 32 42 48 57 58 59 60 72 73
 32 42 48 56 57 74
 32 42 48 56 57 72 73
 32 42 48 55 74
 32 42 48 55 72 73
 32 42 48 55 58 61 74
 32 42 48 55 58 61 72 73
 32 42 48 55 58 59 60 74
 32 42 48 55 58 59 60 72 73
 32 42 48 55 56 74
 32 42 48 55 56 72 73
 32 42 48 55 56 58 61 74
 32 42 48 55 56 58 61 72 73
 32 42 48 55 56 58 59 60 74
 32 42 48 55 56 58 59 60 72 73
 32 42 47 48
 32 42 47 48 70
 32 42 47 48 68 69
 32 42 47 48 57
 32 42 47 48 57 58 61
 32 42 47 48 57 58 59 60
 32 42 47 48 56 57
 32 42 47 48 55
 32 42 47 48 55 58 61
 32 42 47 48 55 58 59 60
 32 42 47 48 55 56
 32 42 47 48 55 56 58 61
 32 42 47 48 55 56 58 59 60
 32 42 46 47
 32 42 46 47 74
 32 42 46 47 72 73
 32 42 46 47 70
 32 42 46 47 70 74
 32 42 46 47 70 72 73
 32 42 46 47 68 69
 32 42 46 47 68 69 74
 32 42 46 47 68 69 72 73
 32 42 46 47 57
 32 42 46 47 57 74
 32 42 46 47 57 72 73
 32 42 46 47 57 58 61
 32 42 46 47 57 58 61 74
 32 42 46 47 57 58 61 72 73
 32 42 46 47 57 58 59 60
 32 42 46 47 57 58 59 60 74
 32 42 46 47 57 58 59 60 72 73
 32 42 46 47 56 57
 32 42 46 47 56 57 74
 32 42 46 47 56 57 72 73
 32 42 46 47 55
 32 42 46 47 55 74
 32 42 46 47 55 72 73
 32 42 46 47 55 58 61
 32 42 46 47 55 58 61 74
 32 42 46 47 55 58 61 72 73
 32 42 46 47 55 58 59 60
 32 42 46 47 55 58 59 60 74
 32 42 46 47 55 58 59 60 72 73
 32 42 46 47 55 56
 32 42 46 47 55 56 74
 32 42 46 47 55 56 72 73
 32 42 46 47 55 56 58 61
 32 42 46 47 55 56 58 61 74
 32 42 46 47 55 56 58 61 72 73
 32 42 46 47 55 56 58 59 60
 32 42 46 47 55 56 58 59 60 74
 32 42 46 47 55 56 58 59 60 72 73
 32 42 43 48 74
 32 42 43 48 72 73
 32 42 43 47 48
 32 42 43 46 47
 32 42 43 46 47 74
 32 42 43 46 47 72 73
 32 36 48
 32 36 46 47
 32 34 48 58
 32 34 48 58 60
 32 34 48 57 58 74
 32 34 48 57 58 72 73
 32 34 48 57 58 69 74
 32 34 48 57 58 69 72 73
 32 34 48 57 58 67 68 74
 32 34 48 57 58 67 68 72 73
 32 34 48 57 58 60
 32 34 48 57 58 60 74
 32 34 48 57 58 60 72 73
 32 34 48 55 58 69 74
 32 34 48 55 58 69 72 73
 32 34 48 55 58 67 68 74
 32 34 48 55 58 67 68 72 73
 32 34 48 55 56 58 69 74
 32 34 48 55 56 58 69 72 73
 32 34 48 55 56 58 67 68 74
 32 34 48 55 56 58 67 68 72 73
 32 34 47 48 57 58
 32 34 47 48 57 58 69
 32 34 47 48 57 58 67 68
 32 34 47 48 57 58 60
 32 34 47 48 55 58 69
 32 34 47 48 55 58 67 68
 32 34 47 48 55 56 58 69
 32 34 47 48 55 56 58 67 68
 32 34 46 47 58
 32 34 46 47 58 60
 32 34 46 47 57 58
 32 34 46 47 57 58 74
 32 34 46 47 57 58 72 73
 32 34 46 47 57 58 69
 32 34 46 47 57 58 69 74
 32 34 46 47 57 58 69 72 73
 32 34 46 47 57 58 67 68
 32 34 46 47 57 58 67 68 74
 32 34 46 47 57 58 67 68 72 73
 32 34 46 47 57 58 60 74
 32 34 46 47 57 58 60 72 73
 32 34 46 47 55 58 69
 32 34 46 47 55 58 69 74
 32 34 46 47 55 58 69 72 73
 32 34 46 47 55 58 67 68
 32 34 46 47 55 58 67 68 74
 32 34 46 47 55 58 67 68 72 73
 32 34 46 47 55 56 58 69
 32 34 46 47 55 56 58 69 74
 32 34 46 47 55 56 58 69 72 73
 32 34 46 47 55 56 58 67 68
 32 34 46 47 55 56 58 67 68 74
 32 34 46 47 55 56 58 67 68 72 73
 32 34 42 48 57 58 74
 32 34 42 48 57 58 72 73
 32 34 42 48 55 58 74
 32 34 42 48 55 58 72 73
 32 34 42 48 55 56 58 74
 32 34 42 48 55 56 58 72 73
 32 34 42 47 48 57 58
 32 34 42 47 48 55 58
 32 34 42 47 48 55 56 58
 32 34 42 46 47 57 58
 32 34 42 46 47 57 58 74
 32 34 42 46 47 57 58 72 73
 32 34 42 46 47 55 58
 32 34 42 46 47 55 58 74
 32 34 42 46 47 55 58 72 73
 32 34 42 46 47 55 56 58
 32 34 42 46 47 55 56 58 74
 32 34 42 46 47 55 56 58 72 73
 29 60 61 63 69
 29 60 61 63 67 68
 29 60 61 62 69
 29 60 61 62 67 68
 29 59 60 63 69
 29 59 60 63 67 68
 29 59 60 61 62 69
 29 59 60 61 62 67 68
 29 48 59 74
 29 48 59 72 73
 29 48 58 59 61 62
 29 48 58 59 60 62
 29 48 57 59 69 74
 29 48 57 59 69 72 73
 29 48 57 59 67 68 74
 29 48 57 59 67 68 72 73
 29 48 57 58 74
 29 48 57 58 72 73
 29 48 57 58 69 74
 29 48 57 58 69 72 73
 29 48 57 58 67 68 74
 29 48 57 58 67 68 72 73
 29 48 57 58 61 62
 29 48 57 58 59 60 62
 29 48 55 59 69 74
 29 48 55 59 69 72 73
 29 48 55 59 67 68 74
 29 48 55 59 67 68 72 73
 29 48 55 57 58 69 74
 29 48 55 57 58 69 72 73
 29 48 55 57 58 67 68 74
 29 48 55 57 58 67 68 72 73
 29 48 55 56 59 69 74
 29 48 55 56 59 69 72 73
 29 48 55 56 59 67 68 74
 29 48 55 56 59 67 68 72 73
 29 48 55 56 57 58 69 74
 29 48 55 56 57 58 69 72 73
 29 48 55 56 57 58 67 68 74
 29 48 55 56 57 58 67 68 72 73
 29 47 48 59
 29 47 48 57 59 69
 29 47 48 57 59 67 68
 29 47 48 57 58
 29 47 48 57 58 69
 29 47 48 57 58 67 68
 29 47 48 55 59 69
 29 47 48 55 59 67 68
 29 47 48 55 57 58 69
 29 47 48 55 57 58 67 68
 29 47 48 55 56 59 69
 29 47 48 55 56 59 67 68
 29 47 48 55 56 57 58 69
 29 47 48 55 56 57 58 67 68
 29 46 47 59
 29 46 47 59 74
 29 46 47 59 72 73
 29 46 47 58 59 61 62
 29 46 47 58 59 60 62
 29 46 47 57 59 69
 29 46 47 57 59 69 74
 29 46 47 57 59 69 72 73
 29 46 47 57 59 67 68
 29 46 47 57 59 67 68 74
 29 46 47 57 59 67 68 72 73
 29 46 47 57 58
 29 46 47 57 58 74
 29 46 47 57 58 72 73
 29 46 47 57 58 69
 29 46 47 57 58 69 74
 29 46 47 57 58 69 72 73
 29 46 47 57 58 67 68
 29 46 47 57 58 67 68 74
 29 46 47 57 58 67 68 72 73
 29 46 47 57 58 61 62
 29 46 47 57 58 59 60 62
 29 46 47 55 59 69
 29 46 47 55 59 69 74
 29 46 47 55 59 69 72 73
 29 46 47 55 59 67 68
 29 46 47 55 59 67 68 74
 29 46 47 55 59 67 68 72 73
 29 46 47 55 57 58 69
 29 46 47 55 57 58 69 74
 29 46 47 55 57 58 69 72 73
 29 46 47 55 57 58 67 68
 29 46 47 55 57 58 67 68 74
 29 46 47 55 57 58 67 68 72 73
 29 46 47 55 56 59 69
 29 46 47 55 56 59 69 74
 29 46 47 55 56 59 69 72 73
 29 46 47 55 56 59 67 68
 29 46 47 55 56 59 67 68 74
 29 46 47 55 56 59 67 68 72 73
 29 46 47 55 56 57 58 69
 29 46 47 55 56 57 58 69 74
 29 46 47 55 56 57 58 69 72 73
 29 46 47 55 56 57 58 67 68
 29 46 47 55 56 57 58 67 68 74
 29 46 47 55 56 57 58 67 68 72 73
 29 42 60 61 63
 29 42 60 61 62
 29 42 59 60 63
 29 42 59 60 61 62
 29 42 48 57 59 74
 29 42 48 57 59 72 73
 29 42 48 57 58 74
 29 42 48 57 58 72 73
 29 42 48 55 59 74
 29 42 48 55 59 72 73
 29 42 48 55 57 58 74
 29 42 48 55 57 58 72 73
 29 42 48 55 56 59 74
 29 42 48 55 56 59 72 73
 29 42 48 55 56 57 58 74
 29 42 48 55 56 57 58 72 73
 29 42 47 48 57 59
 29 42 47 48 57 58
 29 42 47 48 55 59
 29 42 47 48 55 57 58
 29 42 47 48 55 56 59
 29 42 47 48 55 56 57 58
 29 42 46 47 57 59
 29 42 46 47 57 59 74
 29 42 46 47 57 59 72 73
 29 42 46 47 57 58
 29 42 46 47 57 58 74
 29 42 46 47 57 58 72 73
 29 42 46 47 55 59
 29 42 46 47 55 59 74
 29 42 46 47 55 59 72 73
 29 42 46 47 55 57 58
 29 42 46 47 55 57 58 74
 29 42 46 47 55 57 58 72 73
 29 42 46 47 55 56 59
 29 42 46 47 55 56 59 74
 29 42 46 47 55 56 59 72 73
 29 42 46 47 55 56 57 58
 29 42 46 47 55 56 57 58 74
 29 42 46 47 55 56 57 58 72 73
 29 36 60 61 69
 29 36 60 61 67 68
 29 36 59 60 69
 29 36 59 60 67 68
 29 36 42 60 61
 29 36 42 59 60
 29 34 60 63 69
 29 34 60 63 67 68
 29 34 60 61 62 69
 29 34 60 61 62 67 68
 29 34 48 58 59 62
 29 34 48 57 58 62
 29 34 46 47 58 59 62
 29 34 46 47 57 58 62
 29 34 42 60 63
 29 34 42 60 61 62
 29 34 36 60 69
 29 34 36 60 67 68
 29 34 36 42 60
 29 32 48 74
 29 32 48 72 73
 29 32 48 58 61 62
 29 32 48 58 59 60 62
 29 32 48 57 69 74
 29 32 48 57 69 72 73
 29 32 48 57 67 68 74
 29 32 48 57 67 68 72 73
 29 32 48 55 69 74
 29 32 48 55 69 72 73
 29 32 48 55 67 68 74
 29 32 48 55 67 68 72 73
 29 32 48 55 56 69 74
 29 32 48 55 56 69 72 73
 29 32 48 55 56 67 68 74
 29 32 48 55 56 67 68 72 73
 29 32 47 48
 29 32 47 48 57 69
 29 32 47 48 57 67 68
 29 32 47 48 55 69
 29 32 47 48 55 67 68
 29 32 47 48 55 56 69
 29 32 47 48 55 56 67 68
 29 32 46 47
 29 32 46 47 74
 29 32 46 47 72 73
 29 32 46 47 58 61 62
 29 32 46 47 58 59 60 62
 29 32 46 47 57 69
 29 32 46 47 57 69 74
 29 32 46 47 57 69 72 73
 29 32 46 47 57 67 68
 29 32 46 47 57 67 68 74
 29 32 46 47 57 67 68 72 73
 29 32 46 47 55 69
 29 32 46 47 55 69 74
 29 32 46 47 55 69 72 73
 29 32 46 47 55 67 68
 29 32 46 47 55 67 68 74
 29 32 46 47 55 67 68 72 73
 29 32 46 47 55 56 69
 29 32 46 47 55 56 69 74
 29 32 46 47 55 56 69 72 73
 29 32 46 47 55 56 67 68
 29 32 46 47 55 56 67 68 74
 29 32 46 47 55 56 67 68 72 73
 29 32 42 48 57 74
 29 32 42 48 57 72 73
 29 32 42 48 55 74
 29 32 42 48 55 72 73
 29 32 42 48 55 56 74
 29 32 42 48 55 56 72 73
 29 32 42 47 48 57
 29 32 42 47 48 55
 29 32 42 47 48 55 56
 29 32 42 46 47 57
 29 32 42 46 47 57 74
 29 32 42 46 47 57 72 73
 29 32 42 46 47 55
 29 32 42 46 47 55 74
 29 32 42 46 47 55 72 73
 29 32 42 46 47 55 56
 29 32 42 46 47 55 56 74
 29 32 42 46 47 55 56 72 73
 29 32 34 48 58 62
 29 32 34 46 47 58 62
 28 42 48 59 64 74
 28 42 48 59 64 72 73
 28 42 48 59 64 69 74
 28 42 48 59 64 69 72 73
 28 42 48 59 64 67 68 74
 28 42 48 59 64 67 68 72 73
 28 42 48 57 58 64 74
 28 42 48 57 58 64 72 73
 28 42 48 57 58 64 69 74
 28 42 48 57 58 64 69 72 73
 28 42 48 57 58 64 67 68 74
 28 42 48 57 58 64 67 68 72 73
 28 42 47 48 59 64
 28 42 47 48 59 64 69
 28 42 47 48 59 64 67 68
 28 42 47 48 57 58 64
 28 42 47 48 57 58 64 69
 28 42 47 48 57 58 64 67 68
 28 42 46 47 59 64
 28 42 46 47 59 64 74
 28 42 46 47 59 64 72 73
 28 42 46 47 59 64 69
 28 42 46 47 59 64 69 74
 28 42 46 47 59 64 69 72 73
 28 42 46 47 59 64 67 68
 28 42 46 47 59 64 67 68 74
 28 42 46 47 59 64 67 68 72 73
 28 42 46 47 57 58 64
 28 42 46 47 57 58 64 74
 28 42 46 47 57 58 64 72 73
 28 42 46 47 57 58 64 69
 28 42 46 47 57 58 64 69 74
 28 42 46 47 57 58 64 69 72 73
 28 42 46 47 57 58 64 67 68
 28 42 46 47 57 58 64 67 68 74
 28 42 46 47 57 58 64 67 68 72 73
 28 40 41 48 59 64 69 74
 28 40 41 48 59 64 69 72 73
 28 40 41 48 59 64 67 68 74
 28 40 41 48 59 64 67 68 72 73
 28 40 41 48 57 58 64 69 74
 28 40 41 48 57 58 64 69 72 73
 28 40 41 48 57 58 64 67 68 74
 28 40 41 48 57 58 64 67 68 72 73
 28 40 41 47 48 59 64 69
 28 40 41 47 48 59 64 67 68
 28 40 41 47 48 57 58 64 69
 28 40 41 47 48 57 58 64 67 68
 28 40 41 46 47 59 64 69
 28 40 41 46 47 59 64 69 74
 28 40 41 46 47 59 64 69 72 73
 28 40 41 46 47 59 64 67 68
 28 40 41 46 47 59 64 67 68 74
 28 40 41 46 47 59 64 67 68 72 73
 28 40 41 46 47 57 58 64 69
 28 40 41 46 47 57 58 64 69 74
 28 40 41 46 47 57 58 64 69 72 73
 28 40 41 46 47 57 58 64 67 68
 28 40 41 46 47 57 58 64 67 68 74
 28 40 41 46 47 57 58 64 67 68 72 73
 28 40 41 42 48 59 64 74
 28 40 41 42 48 59 64 72 73
 28 40 41 42 48 57 58 64 74
 28 40 41 42 48 57 58 64 72 73
 28 40 41 42 47 48 59 64
 28 40 41 42 47 48 57 58 64
 28 40 41 42 46 47 59 64
 28 40 41 42 46 47 59 64 74
 28 40 41 42 46 47 59 64 72 73
 28 40 41 42 46 47 57 58 64
 28 40 41 42 46 47 57 58 64 74
 28 40 41 42 46 47 57 58 64 72 73
 28 32 42 48 64 74
 28 32 42 48 64 72 73
 28 32 42 48 64 69 74
 28 32 42 48 64 69 72 73
 28 32 42 48 64 67 68 74
 28 32 42 48 64 67 68 72 73
 28 32 42 47 48 64
 28 32 42 47 48 64 69
 28 32 42 47 48 64 67 68
 28 32 42 46 47 64
 28 32 42 46 47 64 74
 28 32 42 46 47 64 72 73
 28 32 42 46 47 64 69
 28 32 42 46 47 64 69 74
 28 32 42 46 47 64 69 72 73
 28 32 42 46 47 64 67 68
 28 32 42 46 47 64 67 68 74
 28 32 42 46 47 64 67 68 72 73
 28 32 40 41 48 64 69 74
 28 32 40 41 48 64 69 72 73
 28 32 40 41 48 64 67 68 74
 28 32 40 41 48 64 67 68 72 73
 28 32 40 41 47 48 64 69
 28 32 40 41 47 48 64 67 68
 28 32 40 41 46 47 64 69
 28 32 40 41 46 47 64 69 74
 28 32 40 41 46 47 64 69 72 73
 28 32 40 41 46 47 64 67 68
 28 32 40 41 46 47 64 67 68 74
 28 32 40 41 46 47 64 67 68 72 73
 28 32 40 41 42 48 64 74
 28 32 40 41 42 48 64 72 73
 28 32 40 41 42 47 48 64
 28 32 40 41 42 46 47 64
 28 32 40 41 42 46 47 64 74
 28 32 40 41 42 46 47 64 72 73
 27 48 74
 27 48 72 73
 27 47 48
 27 46 47
 27 46 47 74
 27 46 47 72 73
 27 28 60 61 63 69
 27 28 60 61 63 67 68
 27 28 60 61 62 69
 27 28 60 61 62 67 68
 27 28 59 60 63 69
 27 28 59 60 63 67 68
 27 28 59 60 61 62 69
 27 28 59 60 61 62 67 68
 27 28 48 58 59 61 62
 27 28 48 58 59 60 62
 27 28 48 57 59 69 74
 27 28 48 57 59 69 72 73
 27 28 48 57 59 67 68 74
 27 28 48 57 59 67 68 72 73
 27 28 48 57 58 69 74
 27 28 48 57 58 69 72 73
 27 28 48 57 58 67 68 74
 27 28 48 57 58 67 68 72 73
 27 28 48 57 58 61 62
 27 28 48 57 58 59 60 62
 27 28 48 55 59 69 74
 27 28 48 55 59 69 72 73
 27 28 48 55 59 67 68 74
 27 28 48 55 59 67 68 72 73
 27 28 48 55 57 58 69 74
 27 28 48 55 57 58 69 72 73
 27 28 48 55 57 58 67 68 74
 27 28 48 55 57 58 67 68 72 73
 27 28 48 55 56 59 69 74
 27 28 48 55 56 59 69 72 73
 27 28 48 55 56 59 67 68 74
 27 28 48 55 56 59 67 68 72 73
 27 28 48 55 56 57 58 69 74
 27 28 48 55 56 57 58 69 72 73
 27 28 48 55 56 57 58 67 68 74
 27 28 48 55 56 57 58 67 68 72 73
 27 28 47 48 57 59 69
 27 28 47 48 57 59 67 68
 27 28 47 48 57 58 69
 27 28 47 48 57 58 67 68
 27 28 47 48 55 59 69
 27 28 47 48 55 59 67 68
 27 28 47 48 55 57 58 69
 27 28 47 48 55 57 58 67 68
 27 28 47 48 55 56 59 69
 27 28 47 48 55 56 59 67 68
 27 28 47 48 55 56 57 58 69
 27 28 47 48 55 56 57 58 67 68
 27 28 46 47 58 59 61 62
 27 28 46 47 58 59 60 62
 27 28 46 47 57 59 69
 27 28 46 47 57 59 69 74
 27 28 46 47 57 59 69 72 73
 27 28 46 47 57 59 67 68
 27 28 46 47 57 59 67 68 74
 27 28 46 47 57 59 67 68 72 73
 27 28 46 47 57 58 69
 27 28 46 47 57 58 69 74
 27 28 46 47 57 58 69 72 73
 27 28 46 47 57 58 67 68
 27 28 46 47 57 58 67 68 74
 27 28 46 47 57 58 67 68 72 73
 27 28 46 47 57 58 61 62
 27 28 46 47 57 58 59 60 62
 27 28 46 47 55 59 69
 27 28 46 47 55 59 69 74
 27 28 46 47 55 59 69 72 73
 27 28 46 47 55 59 67 68
 27 28 46 47 55 59 67 68 74
 27 28 46 47 55 59 67 68 72 73
 27 28 46 47 55 57 58 69
 27 28 46 47 55 57 58 69 74
 27 28 46 47 55 57 58 69 72 73
 27 28 46 47 55 57 58 67 68
 27 28 46 47 55 57 58 67 68 74
 27 28 46 47 55 57 58 67 68 72 73
 27 28 46 47 55 56 59 69
 27 28 46 47 55 56 59 69 74
 27 28 46 47 55 56 59 69 72 73
 27 28 46 47 55 56 59 67 68
 27 28 46 47 55 56 59 67 68 74
 27 28 46 47 55 56 59 67 68 72 73
 27 28 46 47 55 56 57 58 69
 27 28 46 47 55 56 57 58 69 74
 27 28 46 47 55 56 57 58 69 72 73
 27 28 46 47 55 56 57 58 67 68
 27 28 46 47 55 56 57 58 67 68 74
 27 28 46 47 55 56 57 58 67 68 72 73
 27 28 42 60 61 63
 27 28 42 60 61 62
 27 28 42 59 60 63
 27 28 42 59 60 61 62
 27 28 42 48 57 59 74
 27 28 42 48 57 59 72 73
 27 28 42 48 57 58 74
 27 28 42 48 57 58 72 73
 27 28 42 48 55 59 74
 27 28 42 48 55 59 72 73
 27 28 42 48 55 57 58 74
 27 28 42 48 55 57 58 72 73
 27 28 42 48 55 56 59 74
 27 28 42 48 55 56 59 72 73
 27 28 42 48 55 56 57 58 74
 27 28 42 48 55 56 57 58 72 73
 27 28 42 47 48 57 59
 27 28 42 47 48 57 58
 27 28 42 47 48 55 59
 27 28 42 47 48 55 57 58
 27 28 42 47 48 55 56 59
 27 28 42 47 48 55 56 57 58
 27 28 42 46 47 57 59
 27 28 42 46 47 57 59 74
 27 28 42 46 47 57 59 72 73
 27 28 42 46 47 57 58
 27 28 42 46 47 57 58 74
 27 28 42 46 47 57 58 72 73
 27 28 42 46 47 55 59
 27 28 42 46 47 55 59 74
 27 28 42 46 47 55 59 72 73
 27 28 42 46 47 55 57 58
 27 28 42 46 47 55 57 58 74
 27 28 42 46 47 55 57 58 72 73
 27 28 42 46 47 55 56 59
 27 28 42 46 47 55 56 59 74
 27 28 42 46 47 55 56 59 72 73
 27 28 42 46 47 55 56 57 58
 27 28 42 46 47 55 56 57 58 74
 27 28 42 46 47 55 56 57 58 72 73
 27 28 36 60 61 69
 27 28 36 60 61 67 68
 27 28 36 59 60 69
 27 28 36 59 60 67 68
 27 28 36 42 60 61
 27 28 36 42 59 60
 27 28 34 60 63 69
 27 28 34 60 63 67 68
 27 28 34 60 61 62 69
 27 28 34 60 61 62 67 68
 27 28 34 48 58 59 62
 27 28 34 48 57 58 62
 27 28 34 46 47 58 59 62
 27 28 34 46 47 57 58 62
 27 28 34 42 60 63
 27 28 34 42 60 61 62
 27 28 34 36 60 69
 27 28 34 36 60 67 68
 27 28 34 36 42 60
 27 28 32 48 58 61 62
 27 28 32 48 58 59 60 62
 27 28 32 48 57 69 74
 27 28 32 48 57 69 72 73
 27 28 32 48 57 67 68 74
 27 28 32 48 57 67 68 72 73
 27 28 32 48 55 69 74
 27 28 32 48 55 69 72 73
 27 28 32 48 55 67 68 74
 27 28 32 48 55 67 68 72 73
 27 28 32 48 55 56 69 74
 27 28 32 48 55 56 69 72 73
 27 28 32 48 55 56 67 68 74
 27 28 32 48 55 56 67 68 72 73
 27 28 32 47 48 57 69
 27 28 32 47 48 57 67 68
 27 28 32 47 48 55 69
 27 28 32 47 48 55 67 68
 27 28 32 47 48 55 56 69
 27 28 32 47 48 55 56 67 68
 27 28 32 46 47 58 61 62
 27 28 32 46 47 58 59 60 62
 27 28 32 46 47 57 69
 27 28 32 46 47 57 69 74
 27 28 32 46 47 57 69 72 73
 27 28 32 46 47 57 67 68
 27 28 32 46 47 57 67 68 74
 27 28 32 46 47 57 67 68 72 73
 27 28 32 46 47 55 69
 27 28 32 46 47 55 69 74
 27 28 32 46 47 55 69 72 73
 27 28 32 46 47 55 67 68
 27 28 32 46 47 55 67 68 74
 27 28 32 46 47 55 67 68 72 73
 27 28 32 46 47 55 56 69
 27 28 32 46 47 55 56 69 74
 27 28 32 46 47 55 56 69 72 73
 27 28 32 46 47 55 56 67 68
 27 28 32 46 47 55 56 67 68 74
 27 28 32 46 47 55 56 67 68 72 73
 27 28 32 42 48 57 74
 27 28 32 42 48 57 72 73
 27 28 32 42 48 55 74
 27 28 32 42 48 55 72 73
 27 28 32 42 48 55 56 74
 27 28 32 42 48 55 56 72 73
 27 28 32 42 47 48 57
 27 28 32 42 47 48 55
 27 28 32 42 47 48 55 56
 27 28 32 42 46 47 57
 27 28 32 42 46 47 57 74
 27 28 32 42 46 47 57 72 73
 27 28 32 42 46 47 55
 27 28 32 42 46 47 55 74
 27 28 32 42 46 47 55 72 73
 27 28 32 42 46 47 55 56
 27 28 32 42 46 47 55 56 74
 27 28 32 42 46 47 55 56 72 73
 27 28 32 34 48 58 62
 27 28 32 34 46 47 58 62
 26 58 74 78
 26 58 74 76 77
 26 58 72 73 78
 26 58 72 73 76 77
 26 51 58 74
 26 51 58 72 73
 26 47 58 78
 26 47 58 76 77
 26 47 51 58
 26 27 42 48 59 64 74
 26 27 42 48 59 64 72 73
 26 27 42 48 59 64 69 74
 26 27 42 48 59 64 69 72 73
 26 27 42 48 59 64 67 68 74
 26 27 42 48 59 64 67 68 72 73
 26 27 42 48 57 58 64 74
 26 27 42 48 57 58 64 72 73
 26 27 42 48 57 58 64 69 74
 26 27 42 48 57 58 64 69 72 73
 26 27 42 48 57 58 64 67 68 74
 26 27 42 48 57 58 64 67 68 72 73
 26 27 42 47 48 59 64
 26 27 42 47 48 59 64 69
 26 27 42 47 48 59 64 67 68
 26 27 42 47 48 57 58 64
 26 27 42 47 48 57 58 64 69
 26 27 42 47 48 57 58 64 67 68
 26 27 42 46 47 59 64
 26 27 42 46 47 59 64 74
 26 27 42 46 47 59 64 72 73
 26 27 42 46 47 59 64 69
 26 27 42 46 47 59 64 69 74
 26 27 42 46 47 59 64 69 72 73
 26 27 42 46 47 59 64 67 68
 26 27 42 46 47 59 64 67 68 74
 26 27 42 46 47 59 64 67 68 72 73
 26 27 42 46 47 57 58 64
 26 27 42 46 47 57 58 64 74
 26 27 42 46 47 57 58 64 72 73
 26 27 42 46 47 57 58 64 69
 26 27 42 46 47 57 58 64 69 74
 26 27 42 46 47 57 58 64 69 72 73
 26 27 42 46 47 57 58 64 67 68
 26 27 42 46 47 57 58 64 67 68 74
 26 27 42 46 47 57 58 64 67 68 72 73
 26 27 40 41 48 59 64 69 74
 26 27 40 41 48 59 64 69 72 73
 26 27 40 41 48 59 64 67 68 74
 26 27 40 41 48 59 64 67 68 72 73
 26 27 40 41 48 57 58 64 69 74
 26 27 40 41 48 57 58 64 69 72 73
 26 27 40 41 48 57 58 64 67 68 74
 26 27 40 41 48 57 58 64 67 68 72 73
 26 27 40 41 47 48 59 64 69
 26 27 40 41 47 48 59 64 67 68
 26 27 40 41 47 48 57 58 64 69
 26 27 40 41 47 48 57 58 64 67 68
 26 27 40 41 46 47 59 64 69
 26 27 40 41 46 47 59 64 69 74
 26 27 40 41 46 47 59 64 69 72 73
 26 27 40 41 46 47 59 64 67 68
 26 27 40 41 46 47 59 64 67 68 74
 26 27 40 41 46 47 59 64 67 68 72 73
 26 27 40 41 46 47 57 58 64 69
 26 27 40 41 46 47 57 58 64 69 74
 26 27 40 41 46 47 57 58 64 69 72 73
 26 27 40 41 46 47 57 58 64 67 68
 26 27 40 41 46 47 57 58 64 67 68 74
 26 27 40 41 46 47 57 58 64 67 68 72 73
 26 27 40 41 42 48 59 64 74
 26 27 40 41 42 48 59 64 72 73
 26 27 40 41 42 48 57 58 64 74
 26 27 40 41 42 48 57 58 64 72 73
 26 27 40 41 42 47 48 59 64
 26 27 40 41 42 47 48 57 58 64
 26 27 40 41 42 46 47 59 64
 26 27 40 41 42 46 47 59 64 74
 26 27 40 41 42 46 47 59 64 72 73
 26 27 40 41 42 46 47 57 58 64
 26 27 40 41 42 46 47 57 58 64 74
 26 27 40 41 42 46 47 57 58 64 72 73
 26 27 32 42 48 64 74
 26 27 32 42 48 64 72 73
 26 27 32 42 48 64 69 74
 26 27 32 42 48 64 69 72 73
 26 27 32 42 48 64 67 68 74
 26 27 32 42 48 64 67 68 72 73
 26 27 32 42 47 48 64
 26 27 32 42 47 48 64 69
 26 27 32 42 47 48 64 67 68
 26 27 32 42 46 47 64
 26 27 32 42 46 47 64 74
 26 27 32 42 46 47 64 72 73
 26 27 32 42 46 47 64 69
 26 27 32 42 46 47 64 69 74
 26 27 32 42 46 47 64 69 72 73
 26 27 32 42 46 47 64 67 68
 26 27 32 42 46 47 64 67 68 74
 26 27 32 42 46 47 64 67 68 72 73
 26 27 32 40 41 48 64 69 74
 26 27 32 40 41 48 64 69 72 73
 26 27 32 40 41 48 64 67 68 74
 26 27 32 40 41 48 64 67 68 72 73
 26 27 32 40 41 47 48 64 69
 26 27 32 40 41 47 48 64 67 68
 26 27 32 40 41 46 47 64 69
 26 27 32 40 41 46 47 64 69 74
 26 27 32 40 41 46 47 64 69 72 73
 26 27 32 40 41 46 47 64 67 68
 26 27 32 40 41 46 47 64 67 68 74
 26 27 32 40 41 46 47 64 67 68 72 73
 26 27 32 40 41 42 48 64 74
 26 27 32 40 41 42 48 64 72 73
 26 27 32 40 41 42 47 48 64
 26 27 32 40 41 42 46 47 64
 26 27 32 40 41 42 46 47 64 74
 26 27 32 40 41 42 46 47 64 72 73
 25 26 48 74
 25 26 48 72 73
 25 26 47 48
 25 26 46 47
 25 26 46 47 74
 25 26 46 47 72 73
 24 25 58 74 78
 24 25 58 74 76 77
 24 25 58 72 73 78
 24 25 58 72 73 76 77
 24 25 51 58 74
 24 25 51 58 72 73
 24 25 47 58 78
 24 25 47 58 76 77
 24 25 47 51 58
 21 74
 21 72 73
 21 59
 21 59 74
 21 59 72 73
 21 59 71 74
 21 59 71 72 73
 21 59 69 74
 21 59 69 72 73
 21 59 68 69 74
 21 59 68 69 72 73
 21 59 67 68 74
 21 59 67 68 72 73
 21 59 67 68 70 74
 21 59 67 68 70 72 73
 21 59 67 68 69 74
 21 59 67 68 69 72 73
 21 59 63
 21 59 61 62
 21 58 60
 21 58 60 61 74
 21 58 60 61 72 73
 21 58 60 61 62 74
 21 58 60 61 62 72 73
 21 58 59 61
 21 58 59 60
 21 58 59 60 62 74
 21 58 59 60 62 72 73
 21 58 59 60 61
 21 57 59 69 74
 21 57 59 69 72 73
 21 57 59 67 68 74
 21 57 59 67 68 72 73
 21 57 58
 21 57 58 74
 21 57 58 72 73
 21 57 58 71 74
 21 57 58 71 72 73
 21 57 58 68 69 74
 21 57 58 68 69 72 73
 21 57 58 67 68 70 74
 21 57 58 67 68 70 72 73
 21 57 58 67 68 69 74
 21 57 58 67 68 69 72 73
 21 57 58 63
 21 57 58 61
 21 57 58 61 74
 21 57 58 61 72 73
 21 57 58 61 69 74
 21 57 58 61 69 72 73
 21 57 58 61 67 68 74
 21 57 58 61 67 68 72 73
 21 57 58 61 62
 21 57 58 60 74
 21 57 58 60 72 73
 21 57 58 60 61 74
 21 57 58 60 61 72 73
 21 57 58 59 61 74
 21 57 58 59 61 72 73
 21 57 58 59 61 69 74
 21 57 58 59 61 69 72 73
 21 57 58 59 61 67 68 74
 21 57 58 59 61 67 68 72 73
 21 57 58 59 60
 21 57 58 59 60 61
 21 57 58 59 60 61 74
 21 57 58 59 60 61 72 73
 21 56 59 74
 21 56 59 72 73
 21 56 57 59 69 74
 21 56 57 59 69 72 73
 21 56 57 59 67 68 74
 21 56 57 59 67 68 72 73
 21 56 57 58 74
 21 56 57 58 72 73
 21 56 57 58 69 74
 21 56 57 58 69 72 73
 21 56 57 58 67 68 74
 21 56 57 58 67 68 72 73
 21 55 59 69 74
 21 55 59 69 72 73
 21 55 59 67 68 74
 21 55 59 67 68 72 73
 21 55 58 59 61 69 74
 21 55 58 59 61 69 72 73
 21 55 58 59 61 67 68 74
 21 55 58 59 61 67 68 72 73
 21 55 58 59 60 69 74
 21 55 58 59 60 69 72 73
 21 55 58 59 60 67 68 74
 21 55 58 59 60 67 68 72 73
 21 55 57 58 69 74
 21 55 57 58 69 72 73
 21 55 57 58 67 68 74
 21 55 57 58 67 68 72 73
 21 55 57 58 61 69 74
 21 55 57 58 61 69 72 73
 21 55 57 58 61 67 68 74
 21 55 57 58 61 67 68 72 73
 21 55 57 58 59 60 69 74
 21 55 57 58 59 60 69 72 73
 21 55 57 58 59 60 67 68 74
 21 55 57 58 59 60 67 68 72 73
 21 55 56 59 69 74
 21 55 56 59 69 72 73
 21 55 56 59 67 68 74
 21 55 56 59 67 68 72 73
 21 55 56 58 59 61 69 74
 21 55 56 58 59 61 69 72 73
 21 55 56 58 59 61 67 68 74
 21 55 56 58 59 61 67 68 72 73
 21 55 56 58 59 60 69 74
 21 55 56 58 59 60 69 72 73
 21 55 56 58 59 60 67 68 74
 21 55 56 58 59 60 67 68 72 73
 21 55 56 57 58 69 74
 21 55 56 57 58 69 72 73
 21 55 56 57 58 67 68 74
 21 55 56 57 58 67 68 72 73
 21 55 56 57 58 61 69 74
 21 55 56 57 58 61 69 72 73
 21 55 56 57 58 61 67 68 74
 21 55 56 57 58 61 67 68 72 73
 21 55 56 57 58 59 60 69 74
 21 55 56 57 58 59 60 69 72 73
 21 55 56 57 58 59 60 67 68 74
 21 55 56 57 58 59 60 67 68 72 73
 21 54 55 59 74
 21 54 55 59 72 73
 21 54 55 57 58 74
 21 54 55 57 58 72 73
 21 47
 21 47 59
 21 47 59 71
 21 47 59 69
 21 47 59 68 69
 21 47 59 67 68
 21 47 59 67 68 70
 21 47 59 67 68 69
 21 47 58 60 61
 21 47 58 60 61 62
 21 47 58 59 60 62
 21 47 57 59 69
 21 47 57 59 67 68
 21 47 57 58
 21 47 57 58 71
 21 47 57 58 68 69
 21 47 57 58 67 68 70
 21 47 57 58 67 68 69
 21 47 57 58 61
 21 47 57 58 61 69
 21 47 57 58 61 67 68
 21 47 57 58 60
 21 47 57 58 60 61
 21 47 57 58 59 61
 21 47 57 58 59 61 69
 21 47 57 58 59 61 67 68
 21 47 57 58 59 60 61
 21 47 56 59
 21 47 56 57 59 69
 21 47 56 57 59 67 68
 21 47 56 57 58
 21 47 56 57 58 69
 21 47 56 57 58 67 68
 21 47 55 59 69
 21 47 55 59 67 68
 21 47 55 58 59 61 69
 21 47 55 58 59 61 67 68
 21 47 55 58 59 60 69
 21 47 55 58 59 60 67 68
 21 47 55 57 58 69
 21 47 55 57 58 67 68
 21 47 55 57 58 61 69
 21 47 55 57 58 61 67 68
 21 47 55 57 58 59 60 69
 21 47 55 57 58 59 60 67 68
 21 47 55 56 59 69
 21 47 55 56 59 67 68
 21 47 55 56 58 59 61 69
 21 47 55 56 58 59 61 67 68
 21 47 55 56 58 59 60 69
 21 47 55 56 58 59 60 67 68
 21 47 55 56 57 58 69
 21 47 55 56 57 58 67 68
 21 47 55 56 57 58 61 69
 21 47 55 56 57 58 61 67 68
 21 47 55 56 57 58 59 60 69
 21 47 55 56 57 58 59 60 67 68
 21 47 54 55 59
 21 47 54 55 57 58
 21 44 59 74
 21 44 59 72 73
 21 44 58 60 61 74
 21 44 58 60 61 72 73
 21 44 58 59 60 74
 21 44 58 59 60 72 73
 21 44 57 58 74
 21 44 57 58 72 73
 21 44 47 59
 21 44 47 58 60 61
 21 44 47 58 59 60
 21 44 47 57 58
 21 43 59 69 74
 21 43 59 69 72 73
 21 43 59 67 68 74
 21 43 59 67 68 72 73
 21 43 57 58 69 74
 21 43 57 58 69 72 73
 21 43 57 58 67 68 74
 21 43 57 58 67 68 72 73
 21 43 47 59 69
 21 43 47 59 67 68
 21 43 47 57 58 69
 21 43 47 57 58 67 68
 21 42 59 74
 21 42 59 72 73
 21 42 59 70 74
 21 42 59 70 72 73
 21 42 59 68 69 74
 21 42 59 68 69 72 73
 21 42 57 59 74
 21 42 57 59 72 73
 21 42 57 58 70 74
 21 42 57 58 70 72 73
 21 42 57 58 68 69 74
 21 42 57 58 68 69 72 73
 21 42 57 58 61 74
 21 42 57 58 61 72 73
 21 42 57 58 59 61 74
 21 42 57 58 59 61 72 73
 21 42 56 57 59 74
 21 42 56 57 59 72 73
 21 42 56 57 58 74
 21 42 56 57 58 72 73
 21 42 55 59 74
 21 42 55 59 72 73
 21 42 55 58 59 61 74
 21 42 55 58 59 61 72 73
 21 42 55 58 59 60 74
 21 42 55 58 59 60 72 73
 21 42 55 57 58 74
 21 42 55 57 58 72 73
 21 42 55 57 58 61 74
 21 42 55 57 58 61 72 73
 21 42 55 57 58 59 60 74
 21 42 55 57 58 59 60 72 73
 21 42 55 56 59 74
 21 42 55 56 59 72 73
 21 42 55 56 58 59 61 74
 21 42 55 56 58 59 61 72 73
 21 42 55 56 58 59 60 74
 21 42 55 56 58 59 60 72 73
 21 42 55 56 57 58 74
 21 42 55 56 57 58 72 73
 21 42 55 56 57 58 61 74
 21 42 55 56 57 58 61 72 73
 21 42 55 56 57 58 59 60 74
 21 42 55 56 57 58 59 60 72 73
 21 42 47 59
 21 42 47 59 70
 21 42 47 59 68 69
 21 42 47 57 59
 21 42 47 57 58 70
 21 42 47 57 58 68 69
 21 42 47 57 58 61
 21 42 47 57 58 59 61
 21 42 47 56 57 59
 21 42 47 56 57 58
 21 42 47 55 59
 21 42 47 55 58 59 61
 21 42 47 55 58 59 60
 21 42 47 55 57 58
 21 42 47 55 57 58 61
 21 42 47 55 57 58 59 60
 21 42 47 55 56 59
 21 42 47 55 56 58 59 61
 21 42 47 55 56 58 59 60
 21 42 47 55 56 57 58
 21 42 47 55 56 57 58 61
 21 42 47 55 56 57 58 59 60
 21 42 43 59 74
 21 42 43 59 72 73
 21 42 43 58 60 61 74
 21 42 43 58 60 61 72 73
 21 42 43 58 59 60 74
 21 42 43 58 59 60 72 73
 21 42 43 57 58 74
 21 42 43 57 58 72 73
 21 42 43 47 59
 21 42 43 47 58 60 61
 21 42 43 47 58 59 60
 21 42 43 47 57 58
 21 36 59
 21 36 57 58
 21 34 58 60 74
 21 34 58 60 72 73
 21 34 58 60 62 74
 21 34 58 60 62 72 73
 21 34 58 59
 21 34 58 59 60
 21 34 57 58
 21 34 57 58 74
 21 34 57 58 72 73
 21 34 57 58 69 74
 21 34 57 58 69 72 73
 21 34 57 58 67 68 74
 21 34 57 58 67 68 72 73
 21 34 57 58 60 74
 21 34 57 58 60 72 73
 21 34 57 58 59 74
 21 34 57 58 59 72 73
 21 34 57 58 59 69 74
 21 34 57 58 59 69 72 73
 21 34 57 58 59 67 68 74
 21 34 57 58 59 67 68 72 73
 21 34 57 58 59 60
 21 34 57 58 59 60 74
 21 34 57 58 59 60 72 73
 21 34 55 58 59 69 74
 21 34 55 58 59 69 72 73
 21 34 55 58 59 67 68 74
 21 34 55 58 59 67 68 72 73
 21 34 55 57 58 69 74
 21 34 55 57 58 69 72 73
 21 34 55 57 58 67 68 74
 21 34 55 57 58 67 68 72 73
 21 34 55 56 58 59 69 74
 21 34 55 56 58 59 69 72 73
 21 34 55 56 58 59 67 68 74
 21 34 55 56 58 59 67 68 72 73
 21 34 55 56 57 58 69 74
 21 34 55 56 57 58 69 72 73
 21 34 55 56 57 58 67 68 74
 21 34 55 56 57 58 67 68 72 73
 21 34 47 58 60
 21 34 47 58 60 62
 21 34 47 57 58
 21 34 47 57 58 69
 21 34 47 57 58 67 68
 21 34 47 57 58 60
 21 34 47 57 58 59
 21 34 47 57 58 59 69
 21 34 47 57 58 59 67 68
 21 34 47 57 58 59 60
 21 34 47 55 58 59 69
 21 34 47 55 58 59 67 68
 21 34 47 55 57 58 69
 21 34 47 55 57 58 67 68
 21 34 47 55 56 58 59 69
 21 34 47 55 56 58 59 67 68
 21 34 47 55 56 57 58 69
 21 34 47 55 56 57 58 67 68
 21 34 44 58 60 74
 21 34 44 58 60 72 73
 21 34 44 47 58 60
 21 34 42 57 58 74
 21 34 42 57 58 72 73
 21 34 42 57 58 59 74
 21 34 42 57 58 59 72 73
 21 34 42 55 58 59 74
 21 34 42 55 58 59 72 73
 21 34 42 55 57 58 74
 21 34 42 55 57 58 72 73
 21 34 42 55 56 58 59 74
 21 34 42 55 56 58 59 72 73
 21 34 42 55 56 57 58 74
 21 34 42 55 56 57 58 72 73
 21 34 42 47 57 58
 21 34 42 47 57 58 59
 21 34 42 47 55 58 59
 21 34 42 47 55 57 58
 21 34 42 47 55 56 58 59
 21 34 42 47 55 56 57 58
 21 34 42 43 58 60 74
 21 34 42 43 58 60 72 73
 21 34 42 43 47 58 60
 21 32
 21 32 74
 21 32 72 73
 21 32 71 74
 21 32 71 72 73
 21 32 69 74
 21 32 69 72 73
 21 32 68 69 74
 21 32 68 69 72 73
 21 32 67 68 74
 21 32 67 68 72 73
 21 32 67 68 70 74
 21 32 67 68 70 72 73
 21 32 67 68 69 74
 21 32 67 68 69 72 73
 21 32 63
 21 32 61 62
 21 32 58 61
 21 32 58 60
 21 32 58 60 74
 21 32 58 60 72 73
 21 32 58 60 61
 21 32 57 69 74
 21 32 57 69 72 73
 21 32 57 67 68 74
 21 32 57 67 68 72 73
 21 32 57 58 61 74
 21 32 57 58 61 72 73
 21 32 57 58 61 69 74
 21 32 57 58 61 69 72 73
 21 32 57 58 61 67 68 74
 21 32 57 58 61 67 68 72 73
 21 32 57 58 60
 21 32 57 58 60 61
 21 32 57 58 60 61 74
 21 32 57 58 60 61 72 73
 21 32 57 58 59 60
 21 32 57 58 59 60 69 74
 21 32 57 58 59 60 69 72 73
 21 32 57 58 59 60 67 68 74
 21 32 57 58 59 60 67 68 72 73
 21 32 56 74
 21 32 56 72 73
 21 32 56 57 69 74
 21 32 56 57 69 72 73
 21 32 56 57 67 68 74
 21 32 56 57 67 68 72 73
 21 32 55 69 74
 21 32 55 69 72 73
 21 32 55 67 68 74
 21 32 55 67 68 72 73
 21 32 55 58 61 69 74
 21 32 55 58 61 69 72 73
 21 32 55 58 61 67 68 74
 21 32 55 58 61 67 68 72 73
 21 32 55 58 59 60 69 74
 21 32 55 58 59 60 69 72 73
 21 32 55 58 59 60 67 68 74
 21 32 55 58 59 60 67 68 72 73
 21 32 55 56 69 74
 21 32 55 56 69 72 73
 21 32 55 56 67 68 74
 21 32 55 56 67 68 72 73
 21 32 55 56 58 61 69 74
 21 32 55 56 58 61 69 72 73
 21 32 55 56 58 61 67 68 74
 21 32 55 56 58 61 67 68 72 73
 21 32 55 56 58 59 60 69 74
 21 32 55 56 58 59 60 69 72 73
 21 32 55 56 58 59 60 67 68 74
 21 32 55 56 58 59 60 67 68 72 73
 21 32 54 55 74
 21 32 54 55 72 73
 21 32 47
 21 32 47 71
 21 32 47 69
 21 32 47 68 69
 21 32 47 67 68
 21 32 47 67 68 70
 21 32 47 67 68 69
 21 32 47 58 60
 21 32 47 57 69
 21 32 47 57 67 68
 21 32 47 57 58 61
 21 32 47 57 58 61 69
 21 32 47 57 58 61 67 68
 21 32 47 57 58 60 61
 21 32 47 57 58 59 60 69
 21 32 47 57 58 59 60 67 68
 21 32 47 56
 21 32 47 56 57 69
 21 32 47 56 57 67 68
 21 32 47 55 69
 21 32 47 55 67 68
 21 32 47 55 58 61 69
 21 32 47 55 58 61 67 68
 21 32 47 55 58 59 60 69
 21 32 47 55 58 59 60 67 68
 21 32 47 55 56 69
 21 32 47 55 56 67 68
 21 32 47 55 56 58 61 69
 21 32 47 55 56 58 61 67 68
 21 32 47 55 56 58 59 60 69
 21 32 47 55 56 58 59 60 67 68
 21 32 47 54 55
 21 32 44 74
 21 32 44 72 73
 21 32 44 47
 21 32 43 69 74
 21 32 43 69 72 73
 21 32 43 67 68 74
 21 32 43 67 68 72 73
 21 32 43 47 69
 21 32 43 47 67 68
 21 32 42 74
 21 32 42 72 73
 21 32 42 70 74
 21 32 42 70 72 73
 21 32 42 68 69 74
 21 32 42 68 69 72 73
 21 32 42 57 74
 21 32 42 57 72 73
 21 32 42 57 58 61 74
 21 32 42 57 58 61 72 73
 21 32 42 57 58 59 60 74
 21 32 42 57 58 59 60 72 73
 21 32 42 56 57 74
 21 32 42 56 57 72 73
 21 32 42 55 74
 21 32 42 55 72 73
 21 32 42 55 58 61 74
 21 32 42 55 58 61 72 73
 21 32 42 55 58 59 60 74
 21 32 42 55 58 59 60 72 73
 21 32 42 55 56 74
 21 32 42 55 56 72 73
 21 32 42 55 56 58 61 74
 21 32 42 55 56 58 61 72 73
 21 32 42 55 56 58 59 60 74
 21 32 42 55 56 58 59 60 72 73
 21 32 42 47
 21 32 42 47 70
 21 32 42 47 68 69
 21 32 42 47 57
 21 32 42 47 57 58 61
 21 32 42 47 57 58 59 60
 21 32 42 47 56 57
 21 32 42 47 55
 21 32 42 47 55 58 61
 21 32 42 47 55 58 59 60
 21 32 42 47 55 56
 21 32 42 47 55 56 58 61
 21 32 42 47 55 56 58 59 60
 21 32 42 43 74
 21 32 42 43 72 73
 21 32 42 43 47
 21 32 36
 21 32 34 58
 21 32 34 58 60
 21 32 34 57 58 74
 21 32 34 57 58 72 73
 21 32 34 57 58 69 74
 21 32 34 57 58 69 72 73
 21 32 34 57 58 67 68 74
 21 32 34 57 58 67 68 72 73
 21 32 34 57 58 60
 21 32 34 57 58 60 74
 21 32 34 57 58 60 72 73
 21 32 34 55 58 69 74
 21 32 34 55 58 69 72 73
 21 32 34 55 58 67 68 74
 21 32 34 55 58 67 68 72 73
 21 32 34 55 56 58 69 74
 21 32 34 55 56 58 69 72 73
 21 32 34 55 56 58 67 68 74
 21 32 34 55 56 58 67 68 72 73
 21 32 34 47 57 58
 21 32 34 47 57 58 69
 21 32 34 47 57 58 67 68
 21 32 34 47 57 58 60
 21 32 34 47 55 58 69
 21 32 34 47 55 58 67 68
 21 32 34 47 55 56 58 69
 21 32 34 47 55 56 58 67 68
 21 32 34 42 57 58 74
 21 32 34 42 57 58 72 73
 21 32 34 42 55 58 74
 21 32 34 42 55 58 72 73
 21 32 34 42 55 56 58 74
 21 32 34 42 55 56 58 72 73
 21 32 34 42 47 57 58
 21 32 34 42 47 55 58
 21 32 34 42 47 55 56 58
 21 29 59 74
 21 29 59 72 73
 21 29 58 59 61 62
 21 29 58 59 60 62
 21 29 57 59 69 74
 21 29 57 59 69 72 73
 21 29 57 59 67 68 74
 21 29 57 59 67 68 72 73
 21 29 57 58 74
 21 29 57 58 72 73
 21 29 57 58 69 74
 21 29 57 58 69 72 73
 21 29 57 58 67 68 74
 21 29 57 58 67 68 72 73
 21 29 57 58 61 62
 21 29 57 58 59 60 62
 21 29 55 59 69 74
 21 29 55 59 69 72 73
 21 29 55 59 67 68 74
 21 29 55 59 67 68 72 73
 21 29 55 57 58 69 74
 21 29 55 57 58 69 72 73
 21 29 55 57 58 67 68 74
 21 29 55 57 58 67 68 72 73
 21 29 55 56 59 69 74
 21 29 55 56 59 69 72 73
 21 29 55 56 59 67 68 74
 21 29 55 56 59 67 68 72 73
 21 29 55 56 57 58 69 74
 21 29 55 56 57 58 69 72 73
 21 29 55 56 57 58 67 68 74
 21 29 55 56 57 58 67 68 72 73
 21 29 47 59
 21 29 47 57 59 69
 21 29 47 57 59 67 68
 21 29 47 57 58
 21 29 47 57 58 69
 21 29 47 57 58 67 68
 21 29 47 55 59 69
 21 29 47 55 59 67 68
 21 29 47 55 57 58 69
 21 29 47 55 57 58 67 68
 21 29 47 55 56 59 69
 21 29 47 55 56 59 67 68
 21 29 47 55 56 57 58 69
 21 29 47 55 56 57 58 67 68
 21 29 42 57 59 74
 21 29 42 57 59 72 73
 21 29 42 57 58 74
 21 29 42 57 58 72 73
 21 29 42 55 59 74
 21 29 42 55 59 72 73
 21 29 42 55 57 58 74
 21 29 42 55 57 58 72 73
 21 29 42 55 56 59 74
 21 29 42 55 56 59 72 73
 21 29 42 55 56 57 58 74
 21 29 42 55 56 57 58 72 73
 21 29 42 47 57 59
 21 29 42 47 57 58
 21 29 42 47 55 59
 21 29 42 47 55 57 58
 21 29 42 47 55 56 59
 21 29 42 47 55 56 57 58
 21 29 34 58 59 62
 21 29 34 57 58 62
 21 29 32 74
 21 29 32 72 73
 21 29 32 58 61 62
 21 29 32 58 59 60 62
 21 29 32 57 69 74
 21 29 32 57 69 72 73
 21 29 32 57 67 68 74
 21 29 32 57 67 68 72 73
 21 29 32 55 69 74
 21 29 32 55 69 72 73
 21 29 32 55 67 68 74
 21 29 32 55 67 68 72 73
 21 29 32 55 56 69 74
 21 29 32 55 56 69 72 73
 21 29 32 55 56 67 68 74
 21 29 32 55 56 67 68 72 73
 21 29 32 47
 21 29 32 47 57 69
 21 29 32 47 57 67 68
 21 29 32 47 55 69
 21 29 32 47 55 67 68
 21 29 32 47 55 56 69
 21 29 32 47 55 56 67 68
 21 29 32 42 57 74
 21 29 32 42 57 72 73
 21 29 32 42 55 74
 21 29 32 42 55 72 73
 21 29 32 42 55 56 74
 21 29 32 42 55 56 72 73
 21 29 32 42 47 57
 21 29 32 42 47 55
 21 29 32 42 47 55 56
 21 29 32 34 58 62
 21 28 42 59 64 74
 21 28 42 59 64 72 73
 21 28 42 59 64 69 74
 21 28 42 59 64 69 72 73
 21 28 42 59 64 67 68 74
 21 28 42 59 64 67 68 72 73
 21 28 42 57 58 64 74
 21 28 42 57 58 64 72 73
 21 28 42 57 58 64 69 74
 21 28 42 57 58 64 69 72 73
 21 28 42 57 58 64 67 68 74
 21 28 42 57 58 64 67 68 72 73
 21 28 42 47 59 64
 21 28 42 47 59 64 69
 21 28 42 47 59 64 67 68
 21 28 42 47 57 58 64
 21 28 42 47 57 58 64 69
 21 28 42 47 57 58 64 67 68
 21 28 40 41 59 64 69 74
 21 28 40 41 59 64 69 72 73
 21 28 40 41 59 64 67 68 74
 21 28 40 41 59 64 67 68 72 73
 21 28 40 41 57 58 64 69 74
 21 28 40 41 57 58 64 69 72 73
 21 28 40 41 57 58 64 67 68 74
 21 28 40 41 57 58 64 67 68 72 73
 21 28 40 41 47 59 64 69
 21 28 40 41 47 59 64 67 68
 21 28 40 41 47 57 58 64 69
 21 28 40 41 47 57 58 64 67 68
 21 28 40 41 42 59 64 74
 21 28 40 41 42 59 64 72 73
 21 28 40 41 42 57 58 64 74
 21 28 40 41 42 57 58 64 72 73
 21 28 40 41 42 47 59 64
 21 28 40 41 42 47 57 58 64
 21 28 32 42 64 74
 21 28 32 42 64 72 73
 21 28 32 42 64 69 74
 21 28 32 42 64 69 72 73
 21 28 32 42 64 67 68 74
 21 28 32 42 64 67 68 72 73
 21 28 32 42 47 64
 21 28 32 42 47 64 69
 21 28 32 42 47 64 67 68
 21 28 32 40 41 64 69 74
 21 28 32 40 41 64 69 72 73
 21 28 32 40 41 64 67 68 74
 21 28 32 40 41 64 67 68 72 73
 21 28 32 40 41 47 64 69
 21 28 32 40 41 47 64 67 68
 21 28 32 40 41 42 64 74
 21 28 32 40 41 42 64 72 73
 21 28 32 40 41 42 47 64
 21 27 74
 21 27 72 73
 21 27 47
 21 27 28 58 59 61 62
 21 27 28 58 59 60 62
 21 27 28 57 59 69 74
 21 27 28 57 59 69 72 73
 21 27 28 57 59 67 68 74
 21 27 28 57 59 67 68 72 73
 21 27 28 57 58 69 74
 21 27 28 57 58 69 72 73
 21 27 28 57 58 67 68 74
 21 27 28 57 58 67 68 72 73
 21 27 28 57 58 61 62
 21 27 28 57 58 59 60 62
 21 27 28 55 59 69 74
 21 27 28 55 59 69 72 73
 21 27 28 55 59 67 68 74
 21 27 28 55 59 67 68 72 73
 21 27 28 55 57 58 69 74
 21 27 28 55 57 58 69 72 73
 21 27 28 55 57 58 67 68 74
 21 27 28 55 57 58 67 68 72 73
 21 27 28 55 56 59 69 74
 21 27 28 55 56 59 69 72 73
 21 27 28 55 56 59 67 68 74
 21 27 28 55 56 59 67 68 72 73
 21 27 28 55 56 57 58 69 74
 21 27 28 55 56 57 58 69 72 73
 21 27 28 55 56 57 58 67 68 74
 21 27 28 55 56 57 58 67 68 72 73
 21 27 28 47 57 59 69
 21 27 28 47 57 59 67 68
 21 27 28 47 57 58 69
 21 27 28 47 57 58 67 68
 21 27 28 47 55 59 69
 21 27 28 47 55 59 67 68
 21 27 28 47 55 57 58 69
 21 27 28 47 55 57 58 67 68
 21 27 28 47 55 56 59 69
 21 27 28 47 55 56 59 67 68
 21 27 28 47 55 56 57 58 69
 21 27 28 47 55 56 57 58 67 68
 21 27 28 42 57 59 74
 21 27 28 42 57 59 72 73
 21 27 28 42 57 58 74
 21 27 28 42 57 58 72 73
 21 27 28 42 55 59 74
 21 27 28 42 55 59 72 73
 21 27 28 42 55 57 58 74
 21 27 28 42 55 57 58 72 73
 21 27 28 42 55 56 59 74
 21 27 28 42 55 56 59 72 73
 21 27 28 42 55 56 57 58 74
 21 27 28 42 55 56 57 58 72 73
 21 27 28 42 47 57 59
 21 27 28 42 47 57 58
 21 27 28 42 47 55 59
 21 27 28 42 47 55 57 58
 21 27 28 42 47 55 56 59
 21 27 28 42 47 55 56 57 58
 21 27 28 34 58 59 62
 21 27 28 34 57 58 62
 21 27 28 32 58 61 62
 21 27 28 32 58 59 60 62
 21 27 28 32 57 69 74
 21 27 28 32 57 69 72 73
 21 27 28 32 57 67 68 74
 21 27 28 32 57 67 68 72 73
 21 27 28 32 55 69 74
 21 27 28 32 55 69 72 73
 21 27 28 32 55 67 68 74
 21 27 28 32 55 67 68 72 73
 21 27 28 32 55 56 69 74
 21 27 28 32 55 56 69 72 73
 21 27 28 32 55 56 67 68 74
 21 27 28 32 55 56 67 68 72 73
 21 27 28 32 47 57 69
 21 27 28 32 47 57 67 68
 21 27 28 32 47 55 69
 21 27 28 32 47 55 67 68
 21 27 28 32 47 55 56 69
 21 27 28 32 47 55 56 67 68
 21 27 28 32 42 57 74
 21 27 28 32 42 57 72 73
 21 27 28 32 42 55 74
 21 27 28 32 42 55 72 73
 21 27 28 32 42 55 56 74
 21 27 28 32 42 55 56 72 73
 21 27 28 32 42 47 57
 21 27 28 32 42 47 55
 21 27 28 32 42 47 55 56
 21 27 28 32 34 58 62
 21 26 27 42 59 64 74
 21 26 27 42 59 64 72 73
 21 26 27 42 59 64 69 74
 21 26 27 42 59 64 69 72 73
 21 26 27 42 59 64 67 68 74
 21 26 27 42 59 64 67 68 72 73
 21 26 27 42 57 58 64 74
 21 26 27 42 57 58 64 72 73
 21 26 27 42 57 58 64 69 74
 21 26 27 42 57 58 64 69 72 73
 21 26 27 42 57 58 64 67 68 74
 21 26 27 42 57 58 64 67 68 72 73
 21 26 27 42 47 59 64
 21 26 27 42 47 59 64 69
 21 26 27 42 47 59 64 67 68
 21 26 27 42 47 57 58 64
 21 26 27 42 47 57 58 64 69
 21 26 27 42 47 57 58 64 67 68
 21 26 27 40 41 59 64 69 74
 21 26 27 40 41 59 64 69 72 73
 21 26 27 40 41 59 64 67 68 74
 21 26 27 40 41 59 64 67 68 72 73
 21 26 27 40 41 57 58 64 69 74
 21 26 27 40 41 57 58 64 69 72 73
 21 26 27 40 41 57 58 64 67 68 74
 21 26 27 40 41 57 58 64 67 68 72 73
 21 26 27 40 41 47 59 64 69
 21 26 27 40 41 47 59 64 67 68
 21 26 27 40 41 47 57 58 64 69
 21 26 27 40 41 47 57 58 64 67 68
 21 26 27 40 41 42 59 64 74
 21 26 27 40 41 42 59 64 72 73
 21 26 27 40 41 42 57 58 64 74
 21 26 27 40 41 42 57 58 64 72 73
 21 26 27 40 41 42 47 59 64
 21 26 27 40 41 42 47 57 58 64
 21 26 27 32 42 64 74
 21 26 27 32 42 64 72 73
 21 26 27 32 42 64 69 74
 21 26 27 32 42 64 69 72 73
 21 26 27 32 42 64 67 68 74
 21 26 27 32 42 64 67 68 72 73
 21 26 27 32 42 47 64
 21 26 27 32 42 47 64 69
 21 26 27 32 42 47 64 67 68
 21 26 27 32 40 41 64 69 74
 21 26 27 32 40 41 64 69 72 73
 21 26 27 32 40 41 64 67 68 74
 21 26 27 32 40 41 64 67 68 72 73
 21 26 27 32 40 41 47 64 69
 21 26 27 32 40 41 47 64 67 68
 21 26 27 32 40 41 42 64 74
 21 26 27 32 40 41 42 64 72 73
 21 26 27 32 40 41 42 47 64
 21 25 26 74
 21 25 26 72 73
 21 25 26 47
 20 60 74
 20 60 72 73
 20 47 60
 17 48 58 60 61 74
 17 48 58 60 61 72 73
 17 48 58 59 60 74
 17 48 58 59 60 72 73
 17 47 48 58 60 61
 17 47 48 58 59 60
 17 46 47 58 60 61
 17 46 47 58 60 61 74
 17 46 47 58 60 61 72 73
 17 46 47 58 59 60
 17 46 47 58 59 60 74
 17 46 47 58 59 60 72 73
 17 34 48 58 60 74
 17 34 48 58 60 72 73
 17 34 47 48 58 60
 17 34 46 47 58 60
 17 34 46 47 58 60 74
 17 34 46 47 58 60 72 73
 17 21 58 60 61 74
 17 21 58 60 61 72 73
 17 21 58 59 60 74
 17 21 58 59 60 72 73
 17 21 47 58 60 61
 17 21 47 58 59 60
 17 21 34 58 60 74
 17 21 34 58 60 72 73
 17 21 34 47 58 60
 16 48 58 61 74
 16 48 58 61 72 73
 16 48 58 59 60 74
 16 48 58 59 60 72 73
 16 47 48 58 61
 16 47 48 58 59 60
 16 46 47 58 61
 16 46 47 58 61 74
 16 46 47 58 61 72 73
 16 46 47 58 59 60
 16 46 47 58 59 60 74
 16 46 47 58 59 60 72 73
 16 34 48 58 74
 16 34 48 58 72 73
 16 34 47 48 58
 16 34 46 47 58
 16 34 46 47 58 74
 16 34 46 47 58 72 73
 16 21 58 61 74
 16 21 58 61 72 73
 16 21 58 59 60 74
 16 21 58 59 60 72 73
 16 21 47 58 61
 16 21 47 58 59 60
 16 21 34 58 74
 16 21 34 58 72 73
 16 21 34 47 58
 15 58 60 78
 15 58 60 76 77
 15 51 58 60
 15 48 58 59 61 74
 15 48 58 59 61 72 73
 15 48 58 59 60 61
 15 48 58 59 60 61 74
 15 48 58 59 60 61 72 73
 15 48 57 58 61 74
 15 48 57 58 61 72 73
 15 48 57 58 60
 15 48 57 58 60 61
 15 48 57 58 60 61 74
 15 48 57 58 60 61 72 73
 15 48 57 58 59 60
 15 47 48 58 59 61
 15 47 48 58 59 60 61
 15 47 48 57 58 61
 15 47 48 57 58 60 61
 15 46 47 58 59 61
 15 46 47 58 59 61 74
 15 46 47 58 59 61 72 73
 15 46 47 58 59 60 61 74
 15 46 47 58 59 60 61 72 73
 15 46 47 57 58 61
 15 46 47 57 58 61 74
 15 46 47 57 58 61 72 73
 15 46 47 57 58 60
 15 46 47 57 58 60 61 74
 15 46 47 57 58 60 61 72 73
 15 46 47 57 58 59 60
 15 34 48 58 59 74
 15 34 48 58 59 72 73
 15 34 48 58 59 60
 15 34 48 58 59 60 74
 15 34 48 58 59 60 72 73
 15 34 48 57 58 74
 15 34 48 57 58 72 73
 15 34 48 57 58 60
 15 34 48 57 58 60 74
 15 34 48 57 58 60 72 73
 15 34 47 48 58 59
 15 34 47 48 58 59 60
 15 34 47 48 57 58
 15 34 47 48 57 58 60
 15 34 46 47 58 59
 15 34 46 47 58 59 74
 15 34 46 47 58 59 72 73
 15 34 46 47 58 59 60 74
 15 34 46 47 58 59 60 72 73
 15 34 46 47 57 58
 15 34 46 47 57 58 74
 15 34 46 47 57 58 72 73
 15 34 46 47 57 58 60 74
 15 34 46 47 57 58 60 72 73
 15 32 48 58 61 74
 15 32 48 58 61 72 73
 15 32 48 58 60
 15 32 48 58 60 61
 15 32 48 58 60 61 74
 15 32 48 58 60 61 72 73
 15 32 48 58 59 60
 15 32 47 48 58 61
 15 32 47 48 58 60 61
 15 32 46 47 58 61
 15 32 46 47 58 61 74
 15 32 46 47 58 61 72 73
 15 32 46 47 58 60
 15 32 46 47 58 60 61 74
 15 32 46 47 58 60 61 72 73
 15 32 46 47 58 59 60
 15 32 34 48 58 74
 15 32 34 48 58 72 73
 15 32 34 48 58 60
 15 32 34 48 58 60 74
 15 32 34 48 58 60 72 73
 15 32 34 47 48 58
 15 32 34 47 48 58 60
 15 32 34 46 47 58
 15 32 34 46 47 58 74
 15 32 34 46 47 58 72 73
 15 32 34 46 47 58 60 74
 15 32 34 46 47 58 60 72 73
 15 28 48 59 64 69 74
 15 28 48 59 64 69 72 73
 15 28 48 59 64 67 68 74
 15 28 48 59 64 67 68 72 73
 15 28 48 57 58 64 69 74
 15 28 48 57 58 64 69 72 73
 15 28 48 57 58 64 67 68 74
 15 28 48 57 58 64 67 68 72 73
 15 28 47 48 59 64 69
 15 28 47 48 59 64 67 68
 15 28 47 48 57 58 64 69
 15 28 47 48 57 58 64 67 68
 15 28 46 47 59 64 69
 15 28 46 47 59 64 69 74
 15 28 46 47 59 64 69 72 73
 15 28 46 47 59 64 67 68
 15 28 46 47 59 64 67 68 74
 15 28 46 47 59 64 67 68 72 73
 15 28 46 47 57 58 64 69
 15 28 46 47 57 58 64 69 74
 15 28 46 47 57 58 64 69 72 73
 15 28 46 47 57 58 64 67 68
 15 28 46 47 57 58 64 67 68 74
 15 28 46 47 57 58 64 67 68 72 73
 15 28 42 48 59 64 74
 15 28 42 48 59 64 72 73
 15 28 42 48 57 58 64 74
 15 28 42 48 57 58 64 72 73
 15 28 42 47 48 59 64
 15 28 42 47 48 57 58 64
 15 28 42 46 47 59 64
 15 28 42 46 47 59 64 74
 15 28 42 46 47 59 64 72 73
 15 28 42 46 47 57 58 64
 15 28 42 46 47 57 58 64 74
 15 28 42 46 47 57 58 64 72 73
 15 28 32 48 64 69 74
 15 28 32 48 64 69 72 73
 15 28 32 48 64 67 68 74
 15 28 32 48 64 67 68 72 73
 15 28 32 47 48 64 69
 15 28 32 47 48 64 67 68
 15 28 32 46 47 64 69
 15 28 32 46 47 64 69 74
 15 28 32 46 47 64 69 72 73
 15 28 32 46 47 64 67 68
 15 28 32 46 47 64 67 68 74
 15 28 32 46 47 64 67 68 72 73
 15 28 32 42 48 64 74
 15 28 32 42 48 64 72 73
 15 28 32 42 47 48 64
 15 28 32 42 46 47 64
 15 28 32 42 46 47 64 74
 15 28 32 42 46 47 64 72 73
 15 26 27 48 59 64 69 74
 15 26 27 48 59 64 69 72 73
 15 26 27 48 59 64 67 68 74
 15 26 27 48 59 64 67 68 72 73
 15 26 27 48 57 58 64 69 74
 15 26 27 48 57 58 64 69 72 73
 15 26 27 48 57 58 64 67 68 74
 15 26 27 48 57 58 64 67 68 72 73
 15 26 27 47 48 59 64 69
 15 26 27 47 48 59 64 67 68
 15 26 27 47 48 57 58 64 69
 15 26 27 47 48 57 58 64 67 68
 15 26 27 46 47 59 64 69
 15 26 27 46 47 59 64 69 74
 15 26 27 46 47 59 64 69 72 73
 15 26 27 46 47 59 64 67 68
 15 26 27 46 47 59 64 67 68 74
 15 26 27 46 47 59 64 67 68 72 73
 15 26 27 46 47 57 58 64 69
 15 26 27 46 47 57 58 64 69 74
 15 26 27 46 47 57 58 64 69 72 73
 15 26 27 46 47 57 58 64 67 68
 15 26 27 46 47 57 58 64 67 68 74
 15 26 27 46 47 57 58 64 67 68 72 73
 15 26 27 42 48 59 64 74
 15 26 27 42 48 59 64 72 73
 15 26 27 42 48 57 58 64 74
 15 26 27 42 48 57 58 64 72 73
 15 26 27 42 47 48 59 64
 15 26 27 42 47 48 57 58 64
 15 26 27 42 46 47 59 64
 15 26 27 42 46 47 59 64 74
 15 26 27 42 46 47 59 64 72 73
 15 26 27 42 46 47 57 58 64
 15 26 27 42 46 47 57 58 64 74
 15 26 27 42 46 47 57 58 64 72 73
 15 26 27 32 48 64 69 74
 15 26 27 32 48 64 69 72 73
 15 26 27 32 48 64 67 68 74
 15 26 27 32 48 64 67 68 72 73
 15 26 27 32 47 48 64 69
 15 26 27 32 47 48 64 67 68
 15 26 27 32 46 47 64 69
 15 26 27 32 46 47 64 69 74
 15 26 27 32 46 47 64 69 72 73
 15 26 27 32 46 47 64 67 68
 15 26 27 32 46 47 64 67 68 74
 15 26 27 32 46 47 64 67 68 72 73
 15 26 27 32 42 48 64 74
 15 26 27 32 42 48 64 72 73
 15 26 27 32 42 47 48 64
 15 26 27 32 42 46 47 64
 15 26 27 32 42 46 47 64 74
 15 26 27 32 42 46 47 64 72 73
 15 21 58 59 61 74
 15 21 58 59 61 72 73
 15 21 58 59 60 61
 15 21 58 59 60 61 74
 15 21 58 59 60 61 72 73
 15 21 57 58 61 74
 15 21 57 58 61 72 73
 15 21 57 58 60
 15 21 57 58 60 61
 15 21 57 58 60 61 74
 15 21 57 58 60 61 72 73
 15 21 57 58 59 60
 15 21 47 58 59 61
 15 21 47 58 59 60 61
 15 21 47 57 58 61
 15 21 47 57 58 60 61
 15 21 34 58 59 74
 15 21 34 58 59 72 73
 15 21 34 58 59 60
 15 21 34 58 59 60 74
 15 21 34 58 59 60 72 73
 15 21 34 57 58 74
 15 21 34 57 58 72 73
 15 21 34 57 58 60
 15 21 34 57 58 60 74
 15 21 34 57 58 60 72 73
 15 21 34 47 58 59
 15 21 34 47 58 59 60
 15 21 34 47 57 58
 15 21 34 47 57 58 60
 15 21 32 58 61 74
 15 21 32 58 61 72 73
 15 21 32 58 60
 15 21 32 58 60 61
 15 21 32 58 60 61 74
 15 21 32 58 60 61 72 73
 15 21 32 58 59 60
 15 21 32 47 58 61
 15 21 32 47 58 60 61
 15 21 32 34 58 74
 15 21 32 34 58 72 73
 15 21 32 34 58 60
 15 21 32 34 58 60 74
 15 21 32 34 58 60 72 73
 15 21 32 34 47 58
 15 21 32 34 47 58 60
 15 21 28 59 64 69 74
 15 21 28 59 64 69 72 73
 15 21 28 59 64 67 68 74
 15 21 28 59 64 67 68 72 73
 15 21 28 57 58 64 69 74
 15 21 28 57 58 64 69 72 73
 15 21 28 57 58 64 67 68 74
 15 21 28 57 58 64 67 68 72 73
 15 21 28 47 59 64 69
 15 21 28 47 59 64 67 68
 15 21 28 47 57 58 64 69
 15 21 28 47 57 58 64 67 68
 15 21 28 42 59 64 74
 15 21 28 42 59 64 72 73
 15 21 28 42 57 58 64 74
 15 21 28 42 57 58 64 72 73
 15 21 28 42 47 59 64
 15 21 28 42 47 57 58 64
 15 21 28 32 64 69 74
 15 21 28 32 64 69 72 73
 15 21 28 32 64 67 68 74
 15 21 28 32 64 67 68 72 73
 15 21 28 32 47 64 69
 15 21 28 32 47 64 67 68
 15 21 28 32 42 64 74
 15 21 28 32 42 64 72 73
 15 21 28 32 42 47 64
 15 21 26 27 59 64 69 74
 15 21 26 27 59 64 69 72 73
 15 21 26 27 59 64 67 68 74
 15 21 26 27 59 64 67 68 72 73
 15 21 26 27 57 58 64 69 74
 15 21 26 27 57 58 64 69 72 73
 15 21 26 27 57 58 64 67 68 74
 15 21 26 27 57 58 64 67 68 72 73
 15 21 26 27 47 59 64 69
 15 21 26 27 47 59 64 67 68
 15 21 26 27 47 57 58 64 69
 15 21 26 27 47 57 58 64 67 68
 15 21 26 27 42 59 64 74
 15 21 26 27 42 59 64 72 73
 15 21 26 27 42 57 58 64 74
 15 21 26 27 42 57 58 64 72 73
 15 21 26 27 42 47 59 64
 15 21 26 27 42 47 57 58 64
 15 21 26 27 32 64 69 74
 15 21 26 27 32 64 69 72 73
 15 21 26 27 32 64 67 68 74
 15 21 26 27 32 64 67 68 72 73
 15 21 26 27 32 47 64 69
 15 21 26 27 32 47 64 67 68
 15 21 26 27 32 42 64 74
 15 21 26 27 32 42 64 72 73
 15 21 26 27 32 42 47 64
 14 15 48 58 61 74
 14 15 48 58 61 72 73
 14 15 48 58 59 60 74
 14 15 48 58 59 60 72 73
 14 15 47 48 58 61
 14 15 47 48 58 59 60
 14 15 46 47 58 61
 14 15 46 47 58 61 74
 14 15 46 47 58 61 72 73
 14 15 46 47 58 59 60
 14 15 46 47 58 59 60 74
 14 15 46 47 58 59 60 72 73
 14 15 34 48 58 74
 14 15 34 48 58 72 73
 14 15 34 47 48 58
 14 15 34 46 47 58
 14 15 34 46 47 58 74
 14 15 34 46 47 58 72 73
 14 15 21 58 61 74
 14 15 21 58 61 72 73
 14 15 21 58 59 60 74
 14 15 21 58 59 60 72 73
 14 15 21 47 58 61
 14 15 21 47 58 59 60
 14 15 21 34 58 74
 14 15 21 34 58 72 73
 14 15 21 34 47 58
 13 14 48 58 59 61 74
 13 14 48 58 59 61 72 73
 13 14 48 58 59 60 61
 13 14 48 58 59 60 61 74
 13 14 48 58 59 60 61 72 73
 13 14 48 57 58 61 74
 13 14 48 57 58 61 72 73
 13 14 48 57 58 60
 13 14 48 57 58 60 61
 13 14 48 57 58 60 61 74
 13 14 48 57 58 60 61 72 73
 13 14 48 57 58 59 60
 13 14 47 48 58 59 61
 13 14 47 48 58 59 60 61
 13 14 47 48 57 58 61
 13 14 47 48 57 58 60 61
 13 14 46 47 58 59 61
 13 14 46 47 58 59 61 74
 13 14 46 47 58 59 61 72 73
 13 14 46 47 58 59 60 61 74
 13 14 46 47 58 59 60 61 72 73
 13 14 46 47 57 58 61
 13 14 46 47 57 58 61 74
 13 14 46 47 57 58 61 72 73
 13 14 46 47 57 58 60
 13 14 46 47 57 58 60 61 74
 13 14 46 47 57 58 60 61 72 73
 13 14 46 47 57 58 59 60
 13 14 34 48 58 59 74
 13 14 34 48 58 59 72 73
 13 14 34 48 58 59 60
 13 14 34 48 58 59 60 74
 13 14 34 48 58 59 60 72 73
 13 14 34 48 57 58 74
 13 14 34 48 57 58 72 73
 13 14 34 48 57 58 60
 13 14 34 48 57 58 60 74
 13 14 34 48 57 58 60 72 73
 13 14 34 47 48 58 59
 13 14 34 47 48 58 59 60
 13 14 34 47 48 57 58
 13 14 34 47 48 57 58 60
 13 14 34 46 47 58 59
 13 14 34 46 47 58 59 74
 13 14 34 46 47 58 59 72 73
 13 14 34 46 47 58 59 60 74
 13 14 34 46 47 58 59 60 72 73
 13 14 34 46 47 57 58
 13 14 34 46 47 57 58 74
 13 14 34 46 47 57 58 72 73
 13 14 34 46 47 57 58 60 74
 13 14 34 46 47 57 58 60 72 73
 13 14 32 48 58 61 74
 13 14 32 48 58 61 72 73
 13 14 32 48 58 60
 13 14 32 48 58 60 61
 13 14 32 48 58 60 61 74
 13 14 32 48 58 60 61 72 73
 13 14 32 48 58 59 60
 13 14 32 47 48 58 61
 13 14 32 47 48 58 60 61
 13 14 32 46 47 58 61
 13 14 32 46 47 58 61 74
 13 14 32 46 47 58 61 72 73
 13 14 32 46 47 58 60
 13 14 32 46 47 58 60 61 74
 13 14 32 46 47 58 60 61 72 73
 13 14 32 46 47 58 59 60
 13 14 32 34 48 58 74
 13 14 32 34 48 58 72 73
 13 14 32 34 48 58 60
 13 14 32 34 48 58 60 74
 13 14 32 34 48 58 60 72 73
 13 14 32 34 47 48 58
 13 14 32 34 47 48 58 60
 13 14 32 34 46 47 58
 13 14 32 34 46 47 58 74
 13 14 32 34 46 47 58 72 73
 13 14 32 34 46 47 58 60 74
 13 14 32 34 46 47 58 60 72 73
 13 14 21 58 59 61 74
 13 14 21 58 59 61 72 73
 13 14 21 58 59 60 61
 13 14 21 58 59 60 61 74
 13 14 21 58 59 60 61 72 73
 13 14 21 57 58 61 74
 13 14 21 57 58 61 72 73
 13 14 21 57 58 60
 13 14 21 57 58 60 61
 13 14 21 57 58 60 61 74
 13 14 21 57 58 60 61 72 73
 13 14 21 57 58 59 60
 13 14 21 47 58 59 61
 13 14 21 47 58 59 60 61
 13 14 21 47 57 58 61
 13 14 21 47 57 58 60 61
 13 14 21 34 58 59 74
 13 14 21 34 58 59 72 73
 13 14 21 34 58 59 60
 13 14 21 34 58 59 60 74
 13 14 21 34 58 59 60 72 73
 13 14 21 34 57 58 74
 13 14 21 34 57 58 72 73
 13 14 21 34 57 58 60
 13 14 21 34 57 58 60 74
 13 14 21 34 57 58 60 72 73
 13 14 21 34 47 58 59
 13 14 21 34 47 58 59 60
 13 14 21 34 47 57 58
 13 14 21 34 47 57 58 60
 13 14 21 32 58 61 74
 13 14 21 32 58 61 72 73
 13 14 21 32 58 60
 13 14 21 32 58 60 61
 13 14 21 32 58 60 61 74
 13 14 21 32 58 60 61 72 73
 13 14 21 32 58 59 60
 13 14 21 32 47 58 61
 13 14 21 32 47 58 60 61
 13 14 21 32 34 58 74
 13 14 21 32 34 58 72 73
 13 14 21 32 34 58 60
 13 14 21 32 34 58 60 74
 13 14 21 32 34 58 60 72 73
 13 14 21 32 34 47 58
 13 14 21 32 34 47 58 60
 2 60 61 63 69
 2 60 61 63 67 68
 2 60 61 62 69
 2 60 61 62 67 68
 2 59 60 63 69
 2 59 60 63 67 68
 2 59 60 61 62 69
 2 59 60 61 62 67 68
 2 48 58 59 61 62
 2 48 58 59 60 62
 2 48 57 59 69 74
 2 48 57 59 69 72 73
 2 48 57 59 67 68 74
 2 48 57 59 67 68 72 73
 2 48 57 58 69 74
 2 48 57 58 69 72 73
 2 48 57 58 67 68 74
 2 48 57 58 67 68 72 73
 2 48 57 58 61 62
 2 48 57 58 59 60 62
 2 48 55 59 69 74
 2 48 55 59 69 72 73
 2 48 55 59 67 68 74
 2 48 55 59 67 68 72 73
 2 48 55 57 58 69 74
 2 48 55 57 58 69 72 73
 2 48 55 57 58 67 68 74
 2 48 55 57 58 67 68 72 73
 2 48 55 56 59 69 74
 2 48 55 56 59 69 72 73
 2 48 55 56 59 67 68 74
 2 48 55 56 59 67 68 72 73
 2 48 55 56 57 58 69 74
 2 48 55 56 57 58 69 72 73
 2 48 55 56 57 58 67 68 74
 2 48 55 56 57 58 67 68 72 73
 2 47 48 57 59 69
 2 47 48 57 59 67 68
 2 47 48 57 58 69
 2 47 48 57 58 67 68
 2 47 48 55 59 69
 2 47 48 55 59 67 68
 2 47 48 55 57 58 69
 2 47 48 55 57 58 67 68
 2 47 48 55 56 59 69
 2 47 48 55 56 59 67 68
 2 47 48 55 56 57 58 69
 2 47 48 55 56 57 58 67 68
 2 46 47 58 59 61 62
 2 46 47 58 59 60 62
 2 46 47 57 59 69
 2 46 47 57 59 69 74
 2 46 47 57 59 69 72 73
 2 46 47 57 59 67 68
 2 46 47 57 59 67 68 74
 2 46 47 57 59 67 68 72 73
 2 46 47 57 58 69
 2 46 47 57 58 69 74
 2 46 47 57 58 69 72 73
 2 46 47 57 58 67 68
 2 46 47 57 58 67 68 74
 2 46 47 57 58 67 68 72 73
 2 46 47 57 58 61 62
 2 46 47 57 58 59 60 62
 2 46 47 55 59 69
 2 46 47 55 59 69 74
 2 46 47 55 59 69 72 73
 2 46 47 55 59 67 68
 2 46 47 55 59 67 68 74
 2 46 47 55 59 67 68 72 73
 2 46 47 55 57 58 69
 2 46 47 55 57 58 69 74
 2 46 47 55 57 58 69 72 73
 2 46 47 55 57 58 67 68
 2 46 47 55 57 58 67 68 74
 2 46 47 55 57 58 67 68 72 73
 2 46 47 55 56 59 69
 2 46 47 55 56 59 69 74
 2 46 47 55 56 59 69 72 73
 2 46 47 55 56 59 67 68
 2 46 47 55 56 59 67 68 74
 2 46 47 55 56 59 67 68 72 73
 2 46 47 55 56 57 58 69
 2 46 47 55 56 57 58 69 74
 2 46 47 55 56 57 58 69 72 73
 2 46 47 55 56 57 58 67 68
 2 46 47 55 56 57 58 67 68 74
 2 46 47 55 56 57 58 67 68 72 73
 2 42 60 61 63
 2 42 60 61 62
 2 42 59 60 63
 2 42 59 60 61 62
 2 42 48 57 59 74
 2 42 48 57 59 72 73
 2 42 48 57 58 74
 2 42 48 57 58 72 73
 2 42 48 55 59 74
 2 42 48 55 59 72 73
 2 42 48 55 57 58 74
 2 42 48 55 57 58 72 73
 2 42 48 55 56 59 74
 2 42 48 55 56 59 72 73
 2 42 48 55 56 57 58 74
 2 42 48 55 56 57 58 72 73
 2 42 47 48 57 59
 2 42 47 48 57 58
 2 42 47 48 55 59
 2 42 47 48 55 57 58
 2 42 47 48 55 56 59
 2 42 47 48 55 56 57 58
 2 42 46 47 57 59
 2 42 46 47 57 59 74
 2 42 46 47 57 59 72 73
 2 42 46 47 57 58
 2 42 46 47 57 58 74
 2 42 46 47 57 58 72 73
 2 42 46 47 55 59
 2 42 46 47 55 59 74
 2 42 46 47 55 59 72 73
 2 42 46 47 55 57 58
 2 42 46 47 55 57 58 74
 2 42 46 47 55 57 58 72 73
 2 42 46 47 55 56 59
 2 42 46 47 55 56 59 74
 2 42 46 47 55 56 59 72 73
 2 42 46 47 55 56 57 58
 2 42 46 47 55 56 57 58 74
 2 42 46 47 55 56 57 58 72 73
 2 36 60 61 69
 2 36 60 61 67 68
 2 36 59 60 69
 2 36 59 60 67 68
 2 36 42 60 61
 2 36 42 59 60
 2 34 60 63 69
 2 34 60 63 67 68
 2 34 60 61 62 69
 2 34 60 61 62 67 68
 2 34 48 58 59 62
 2 34 48 57 58 62
 2 34 46 47 58 59 62
 2 34 46 47 57 58 62
 2 34 42 60 63
 2 34 42 60 61 62
 2 34 36 60 69
 2 34 36 60 67 68
 2 34 36 42 60
 2 32 48 58 61 62
 2 32 48 58 59 60 62
 2 32 48 57 69 74
 2 32 48 57 69 72 73
 2 32 48 57 67 68 74
 2 32 48 57 67 68 72 73
 2 32 48 55 69 74
 2 32 48 55 69 72 73
 2 32 48 55 67 68 74
 2 32 48 55 67 68 72 73
 2 32 48 55 56 69 74
 2 32 48 55 56 69 72 73
 2 32 48 55 56 67 68 74
 2 32 48 55 56 67 68 72 73
 2 32 47 48 57 69
 2 32 47 48 57 67 68
 2 32 47 48 55 69
 2 32 47 48 55 67 68
 2 32 47 48 55 56 69
 2 32 47 48 55 56 67 68
 2 32 46 47 58 61 62
 2 32 46 47 58 59 60 62
 2 32 46 47 57 69
 2 32 46 47 57 69 74
 2 32 46 47 57 69 72 73
 2 32 46 47 57 67 68
 2 32 46 47 57 67 68 74
 2 32 46 47 57 67 68 72 73
 2 32 46 47 55 69
 2 32 46 47 55 69 74
 2 32 46 47 55 69 72 73
 2 32 46 47 55 67 68
 2 32 46 47 55 67 68 74
 2 32 46 47 55 67 68 72 73
 2 32 46 47 55 56 69
 2 32 46 47 55 56 69 74
 2 32 46 47 55 56 69 72 73
 2 32 46 47 55 56 67 68
 2 32 46 47 55 56 67 68 74
 2 32 46 47 55 56 67 68 72 73
 2 32 42 48 57 74
 2 32 42 48 57 72 73
 2 32 42 48 55 74
 2 32 42 48 55 72 73
 2 32 42 48 55 56 74
 2 32 42 48 55 56 72 73
 2 32 42 47 48 57
 2 32 42 47 48 55
 2 32 42 47 48 55 56
 2 32 42 46 47 57
 2 32 42 46 47 57 74
 2 32 42 46 47 57 72 73
 2 32 42 46 47 55
 2 32 42 46 47 55 74
 2 32 42 46 47 55 72 73
 2 32 42 46 47 55 56
 2 32 42 46 47 55 56 74
 2 32 42 46 47 55 56 72 73
 2 32 34 48 58 62
 2 32 34 46 47 58 62
 2 21 58 59 61 62
 2 21 58 59 60 62
 2 21 57 59 69 74
 2 21 57 59 69 72 73
 2 21 57 59 67 68 74
 2 21 57 59 67 68 72 73
 2 21 57 58 69 74
 2 21 57 58 69 72 73
 2 21 57 58 67 68 74
 2 21 57 58 67 68 72 73
 2 21 57 58 61 62
 2 21 57 58 59 60 62
 2 21 55 59 69 74
 2 21 55 59 69 72 73
 2 21 55 59 67 68 74
 2 21 55 59 67 68 72 73
 2 21 55 57 58 69 74
 2 21 55 57 58 69 72 73
 2 21 55 57 58 67 68 74
 2 21 55 57 58 67 68 72 73
 2 21 55 56 59 69 74
 2 21 55 56 59 69 72 73
 2 21 55 56 59 67 68 74
 2 21 55 56 59 67 68 72 73
 2 21 55 56 57 58 69 74
 2 21 55 56 57 58 69 72 73
 2 21 55 56 57 58 67 68 74
 2 21 55 56 57 58 67 68 72 73
 2 21 47 57 59 69
 2 21 47 57 59 67 68
 2 21 47 57 58 69
 2 21 47 57 58 67 68
 2 21 47 55 59 69
 2 21 47 55 59 67 68
 2 21 47 55 57 58 69
 2 21 47 55 57 58 67 68
 2 21 47 55 56 59 69
 2 21 47 55 56 59 67 68
 2 21 47 55 56 57 58 69
 2 21 47 55 56 57 58 67 68
 2 21 42 57 59 74
 2 21 42 57 59 72 73
 2 21 42 57 58 74
 2 21 42 57 58 72 73
 2 21 42 55 59 74
 2 21 42 55 59 72 73
 2 21 42 55 57 58 74
 2 21 42 55 57 58 72 73
 2 21 42 55 56 59 74
 2 21 42 55 56 59 72 73
 2 21 42 55 56 57 58 74
 2 21 42 55 56 57 58 72 73
 2 21 42 47 57 59
 2 21 42 47 57 58
 2 21 42 47 55 59
 2 21 42 47 55 57 58
 2 21 42 47 55 56 59
 2 21 42 47 55 56 57 58
 2 21 34 58 59 62
 2 21 34 57 58 62
 2 21 32 58 61 62
 2 21 32 58 59 60 62
 2 21 32 57 69 74
 2 21 32 57 69 72 73
 2 21 32 57 67 68 74
 2 21 32 57 67 68 72 73
 2 21 32 55 69 74
 2 21 32 55 69 72 73
 2 21 32 55 67 68 74
 2 21 32 55 67 68 72 73
 2 21 32 55 56 69 74
 2 21 32 55 56 69 72 73
 2 21 32 55 56 67 68 74
 2 21 32 55 56 67 68 72 73
 2 21 32 47 57 69
 2 21 32 47 57 67 68
 2 21 32 47 55 69
 2 21 32 47 55 67 68
 2 21 32 47 55 56 69
 2 21 32 47 55 56 67 68
 2 21 32 42 57 74
 2 21 32 42 57 72 73
 2 21 32 42 55 74
 2 21 32 42 55 72 73
 2 21 32 42 55 56 74
 2 21 32 42 55 56 72 73
 2 21 32 42 47 57
 2 21 32 42 47 55
 2 21 32 42 47 55 56
 2 21 32 34 58 62
 1 42 48 59 64 74
 1 42 48 59 64 72 73
 1 42 48 59 64 69 74
 1 42 48 59 64 69 72 73
 1 42 48 59 64 67 68 74
 1 42 48 59 64 67 68 72 73
 1 42 48 57 58 64 74
 1 42 48 57 58 64 72 73
 1 42 48 57 58 64 69 74
 1 42 48 57 58 64 69 72 73
 1 42 48 57 58 64 67 68 74
 1 42 48 57 58 64 67 68 72 73
 1 42 47 48 59 64
 1 42 47 48 59 64 69
 1 42 47 48 59 64 67 68
 1 42 47 48 57 58 64
 1 42 47 48 57 58 64 69
 1 42 47 48 57 58 64 67 68
 1 42 46 47 59 64
 1 42 46 47 59 64 74
 1 42 46 47 59 64 72 73
 1 42 46 47 59 64 69
 1 42 46 47 59 64 69 74
 1 42 46 47 59 64 69 72 73
 1 42 46 47 59 64 67 68
 1 42 46 47 59 64 67 68 74
 1 42 46 47 59 64 67 68 72 73
 1 42 46 47 57 58 64
 1 42 46 47 57 58 64 74
 1 42 46 47 57 58 64 72 73
 1 42 46 47 57 58 64 69
 1 42 46 47 57 58 64 69 74
 1 42 46 47 57 58 64 69 72 73
 1 42 46 47 57 58 64 67 68
 1 42 46 47 57 58 64 67 68 74
 1 42 46 47 57 58 64 67 68 72 73
 1 40 41 48 59 64 69 74
 1 40 41 48 59 64 69 72 73
 1 40 41 48 59 64 67 68 74
 1 40 41 48 59 64 67 68 72 73
 1 40 41 48 57 58 64 69 74
 1 40 41 48 57 58 64 69 72 73
 1 40 41 48 57 58 64 67 68 74
 1 40 41 48 57 58 64 67 68 72 73
 1 40 41 47 48 59 64 69
 1 40 41 47 48 59 64 67 68
 1 40 41 47 48 57 58 64 69
 1 40 41 47 48 57 58 64 67 68
 1 40 41 46 47 59 64 69
 1 40 41 46 47 59 64 69 74
 1 40 41 46 47 59 64 69 72 73
 1 40 41 46 47 59 64 67 68
 1 40 41 46 47 59 64 67 68 74
 1 40 41 46 47 59 64 67 68 72 73
 1 40 41 46 47 57 58 64 69
 1 40 41 46 47 57 58 64 69 74
 1 40 41 46 47 57 58 64 69 72 73
 1 40 41 46 47 57 58 64 67 68
 1 40 41 46 47 57 58 64 67 68 74
 1 40 41 46 47 57 58 64 67 68 72 73
 1 40 41 42 48 59 64 74
 1 40 41 42 48 59 64 72 73
 1 40 41 42 48 57 58 64 74
 1 40 41 42 48 57 58 64 72 73
 1 40 41 42 47 48 59 64
 1 40 41 42 47 48 57 58 64
 1 40 41 42 46 47 59 64
 1 40 41 42 46 47 59 64 74
 1 40 41 42 46 47 59 64 72 73
 1 40 41 42 46 47 57 58 64
 1 40 41 42 46 47 57 58 64 74
 1 40 41 42 46 47 57 58 64 72 73
 1 32 42 48 64 74
 1 32 42 48 64 72 73
 1 32 42 48 64 69 74
 1 32 42 48 64 69 72 73
 1 32 42 48 64 67 68 74
 1 32 42 48 64 67 68 72 73
 1 32 42 47 48 64
 1 32 42 47 48 64 69
 1 32 42 47 48 64 67 68
 1 32 42 46 47 64
 1 32 42 46 47 64 74
 1 32 42 46 47 64 72 73
 1 32 42 46 47 64 69
 1 32 42 46 47 64 69 74
 1 32 42 46 47 64 69 72 73
 1 32 42 46 47 64 67 68
 1 32 42 46 47 64 67 68 74
 1 32 42 46 47 64 67 68 72 73
 1 32 40 41 48 64 69 74
 1 32 40 41 48 64 69 72 73
 1 32 40 41 48 64 67 68 74
 1 32 40 41 48 64 67 68 72 73
 1 32 40 41 47 48 64 69
 1 32 40 41 47 48 64 67 68
 1 32 40 41 46 47 64 69
 1 32 40 41 46 47 64 69 74
 1 32 40 41 46 47 64 69 72 73
 1 32 40 41 46 47 64 67 68
 1 32 40 41 46 47 64 67 68 74
 1 32 40 41 46 47 64 67 68 72 73
 1 32 40 41 42 48 64 74
 1 32 40 41 42 48 64 72 73
 1 32 40 41 42 47 48 64
 1 32 40 41 42 46 47 64
 1 32 40 41 42 46 47 64 74
 1 32 40 41 42 46 47 64 72 73
 1 21 42 59 64 74
 1 21 42 59 64 72 73
 1 21 42 59 64 69 74
 1 21 42 59 64 69 72 73
 1 21 42 59 64 67 68 74
 1 21 42 59 64 67 68 72 73
 1 21 42 57 58 64 74
 1 21 42 57 58 64 72 73
 1 21 42 57 58 64 69 74
 1 21 42 57 58 64 69 72 73
 1 21 42 57 58 64 67 68 74
 1 21 42 57 58 64 67 68 72 73
 1 21 42 47 59 64
 1 21 42 47 59 64 69
 1 21 42 47 59 64 67 68
 1 21 42 47 57 58 64
 1 21 42 47 57 58 64 69
 1 21 42 47 57 58 64 67 68
 1 21 40 41 59 64 69 74
 1 21 40 41 59 64 69 72 73
 1 21 40 41 59 64 67 68 74
 1 21 40 41 59 64 67 68 72 73
 1 21 40 41 57 58 64 69 74
 1 21 40 41 57 58 64 69 72 73
 1 21 40 41 57 58 64 67 68 74
 1 21 40 41 57 58 64 67 68 72 73
 1 21 40 41 47 59 64 69
 1 21 40 41 47 59 64 67 68
 1 21 40 41 47 57 58 64 69
 1 21 40 41 47 57 58 64 67 68
 1 21 40 41 42 59 64 74
 1 21 40 41 42 59 64 72 73
 1 21 40 41 42 57 58 64 74
 1 21 40 41 42 57 58 64 72 73
 1 21 40 41 42 47 59 64
 1 21 40 41 42 47 57 58 64
 1 21 32 42 64 74
 1 21 32 42 64 72 73
 1 21 32 42 64 69 74
 1 21 32 42 64 69 72 73
 1 21 32 42 64 67 68 74
 1 21 32 42 64 67 68 72 73
 1 21 32 42 47 64
 1 21 32 42 47 64 69
 1 21 32 42 47 64 67 68
 1 21 32 40 41 64 69 74
 1 21 32 40 41 64 69 72 73
 1 21 32 40 41 64 67 68 74
 1 21 32 40 41 64 67 68 72 73
 1 21 32 40 41 47 64 69
 1 21 32 40 41 47 64 67 68
 1 21 32 40 41 42 64 74
 1 21 32 40 41 42 64 72 73
 1 21 32 40 41 42 47 64
 1 15 48 59 64 69 74
 1 15 48 59 64 69 72 73
 1 15 48 59 64 67 68 74
 1 15 48 59 64 67 68 72 73
 1 15 48 57 58 64 69 74
 1 15 48 57 58 64 69 72 73
 1 15 48 57 58 64 67 68 74
 1 15 48 57 58 64 67 68 72 73
 1 15 47 48 59 64 69
 1 15 47 48 59 64 67 68
 1 15 47 48 57 58 64 69
 1 15 47 48 57 58 64 67 68
 1 15 46 47 59 64 69
 1 15 46 47 59 64 69 74
 1 15 46 47 59 64 69 72 73
 1 15 46 47 59 64 67 68
 1 15 46 47 59 64 67 68 74
 1 15 46 47 59 64 67 68 72 73
 1 15 46 47 57 58 64 69
 1 15 46 47 57 58 64 69 74
 1 15 46 47 57 58 64 69 72 73
 1 15 46 47 57 58 64 67 68
 1 15 46 47 57 58 64 67 68 74
 1 15 46 47 57 58 64 67 68 72 73
 1 15 42 48 59 64 74
 1 15 42 48 59 64 72 73
 1 15 42 48 57 58 64 74
 1 15 42 48 57 58 64 72 73
 1 15 42 47 48 59 64
 1 15 42 47 48 57 58 64
 1 15 42 46 47 59 64
 1 15 42 46 47 59 64 74
 1 15 42 46 47 59 64 72 73
 1 15 42 46 47 57 58 64
 1 15 42 46 47 57 58 64 74
 1 15 42 46 47 57 58 64 72 73
 1 15 32 48 64 69 74
 1 15 32 48 64 69 72 73
 1 15 32 48 64 67 68 74
 1 15 32 48 64 67 68 72 73
 1 15 32 47 48 64 69
 1 15 32 47 48 64 67 68
 1 15 32 46 47 64 69
 1 15 32 46 47 64 69 74
 1 15 32 46 47 64 69 72 73
 1 15 32 46 47 64 67 68
 1 15 32 46 47 64 67 68 74
 1 15 32 46 47 64 67 68 72 73
 1 15 32 42 48 64 74
 1 15 32 42 48 64 72 73
 1 15 32 42 47 48 64
 1 15 32 42 46 47 64
 1 15 32 42 46 47 64 74
 1 15 32 42 46 47 64 72 73
 1 15 21 59 64 69 74
 1 15 21 59 64 69 72 73
 1 15 21 59 64 67 68 74
 1 15 21 59 64 67 68 72 73
 1 15 21 57 58 64 69 74
 1 15 21 57 58 64 69 72 73
 1 15 21 57 58 64 67 68 74
 1 15 21 57 58 64 67 68 72 73
 1 15 21 47 59 64 69
 1 15 21 47 59 64 67 68
 1 15 21 47 57 58 64 69
 1 15 21 47 57 58 64 67 68
 1 15 21 42 59 64 74
 1 15 21 42 59 64 72 73
 1 15 21 42 57 58 64 74
 1 15 21 42 57 58 64 72 73
 1 15 21 42 47 59 64
 1 15 21 42 47 57 58 64
 1 15 21 32 64 69 74
 1 15 21 32 64 69 72 73
 1 15 21 32 64 67 68 74
 1 15 21 32 64 67 68 72 73
 1 15 21 32 47 64 69
 1 15 21 32 47 64 67 68
 1 15 21 32 42 64 74
 1 15 21 32 42 64 72 73
 1 15 21 32 42 47 64
 0 48 74
 0 48 72 73
 0 47 48
 0 46 47
 0 46 47 74
 0 46 47 72 73
 0 21 74
 0 21 72 73
 0 21 47
