 58 59 60 63 67 68 74
 58 59 60 63 67 68 72 73
 58 59 60 63 65 66 68 74
 58 59 60 63 65 66 68 72 73
 58 59 60 61 62 67 68 74
 58 59 60 61 62 67 68 72 73
 58 59 60 61 62 65 66 68 74
 58 59 60 61 62 65 66 68 72 73
 57 58 60 63 67 68 74
 57 58 60 63 67 68 72 73
 57 58 60 63 65 66 68 74
 57 58 60 63 65 66 68 72 73
 57 58 60 61 62 67 68 74
 57 58 60 61 62 67 68 72 73
 57 58 60 61 62 65 66 68 74
 57 58 60 61 62 65 66 68 72 73
 47 58 59 60 63 67 68
 47 58 59 60 63 65 66 68
 47 58 59 60 61 62 67 68
 47 58 59 60 61 62 65 66 68
 47 57 58 60 63 67 68
 47 57 58 60 63 65 66 68
 47 57 58 60 61 62 67 68
 47 57 58 60 61 62 65 66 68
 40 58 59 60 63 68 74
 40 58 59 60 63 68 72 73
 40 58 59 60 61 62 68 74
 40 58 59 60 61 62 68 72 73
 40 57 58 60 63 68 74
 40 57 58 60 63 68 72 73
 40 57 58 60 61 62 68 74
 40 57 58 60 61 62 68 72 73
 40 47 58 59 60 63 68
 40 47 58 59 60 61 62 68
 40 47 57 58 60 63 68
 40 47 57 58 60 61 62 68
 36 58 59 60 67 68 74
 36 58 59 60 67 68 72 73
 36 58 59 60 65 66 68 74
 36 58 59 60 65 66 68 72 73
 36 57 58 60 67 68 74
 36 57 58 60 67 68 72 73
 36 57 58 60 65 66 68 74
 36 57 58 60 65 66 68 72 73
 36 47 58 59 60 67 68
 36 47 58 59 60 65 66 68
 36 47 57 58 60 67 68
 36 47 57 58 60 65 66 68
 36 40 58 59 60 68 74
 36 40 58 59 60 68 72 73
 36 40 57 58 60 68 74
 36 40 57 58 60 68 72 73
 36 40 47 58 59 60 68
 36 40 47 57 58 60 68
 32 58 60 63 67 68 74
 32 58 60 63 67 68 72 73
 32 58 60 63 65 66 68 74
 32 58 60 63 65 66 68 72 73
 32 58 60 61 62 67 68 74
 32 58 60 61 62 67 68 72 73
 32 58 60 61 62 65 66 68 74
 32 58 60 61 62 65 66 68 72 73
 32 47 58 60 63 67 68
 32 47 58 60 63 65 66 68
 32 47 58 60 61 62 67 68
 32 47 58 60 61 62 65 66 68
 32 40 58 60 63 68 74
 32 40 58 60 63 68 72 73
 32 40 58 60 61 62 68 74
 32 40 58 60 61 62 68 72 73
 32 40 47 58 60 63 68
 32 40 47 58 60 61 62 68
 32 36 58 60 67 68 74
 32 36 58 60 67 68 72 73
 32 36 58 60 65 66 68 74
 32 36 58 60 65 66 68 72 73
 32 36 47 58 60 67 68
 32 36 47 58 60 65 66 68
 32 36 40 58 60 68 74
 32 36 40 58 60 68 72 73
 32 36 40 47 58 60 68
 26 58 59 60 63 67 74
 26 58 59 60 63 67 72 73
 26 58 59 60 63 65 66 74
 26 58 59 60 63 65 66 72 73
 26 58 59 60 61 62 67 74
 26 58 59 60 61 62 67 72 73
 26 58 59 60 61 62 65 66 74
 26 58 59 60 61 62 65 66 72 73
 26 57 58 60 63 67 74
 26 57 58 60 63 67 72 73
 26 57 58 60 63 65 66 74
 26 57 58 60 63 65 66 72 73
 26 57 58 60 61 62 67 74
 26 57 58 60 61 62 67 72 73
 26 57 58 60 61 62 65 66 74
 26 57 58 60 61 62 65 66 72 73
 26 47 58 59 60 63 67
 26 47 58 59 60 63 65 66
 26 47 58 59 60 61 62 67
 26 47 58 59 60 61 62 65 66
 26 47 57 58 60 63 67
 26 47 57 58 60 63 65 66
 26 47 57 58 60 61 62 67
 26 47 57 58 60 61 62 65 66
 26 40 58 59 60 63 74
 26 40 58 59 60 63 72 73
 26 40 58 59 60 61 62 74
 26 40 58 59 60 61 62 72 73
 26 40 57 58 60 63 74
 26 40 57 58 60 63 72 73
 26 40 57 58 60 61 62 74
 26 40 57 58 60 61 62 72 73
 26 40 47 58 59 60 63
 26 40 47 58 59 60 61 62
 26 40 47 57 58 60 63
 26 40 47 57 58 60 61 62
 26 36 58 59 60 67 74
 26 36 58 59 60 67 72 73
 26 36 58 59 60 65 66 74
 26 36 58 59 60 65 66 72 73
 26 36 57 58 60 67 74
 26 36 57 58 60 67 72 73
 26 36 57 58 60 65 66 74
 26 36 57 58 60 65 66 72 73
 26 36 47 58 59 60 67
 26 36 47 58 59 60 65 66
 26 36 47 57 58 60 67
 26 36 47 57 58 60 65 66
 26 36 40 58 59 60 74
 26 36 40 58 59 60 72 73
 26 36 40 57 58 60 74
 26 36 40 57 58 60 72 73
 26 36 40 47 58 59 60
 26 36 40 47 57 58 60
 26 32 58 60 63 67 74
 26 32 58 60 63 67 72 73
 26 32 58 60 63 65 66 74
 26 32 58 60 63 65 66 72 73
 26 32 58 60 61 62 67 74
 26 32 58 60 61 62 67 72 73
 26 32 58 60 61 62 65 66 74
 26 32 58 60 61 62 65 66 72 73
 26 32 47 58 60 63 67
 26 32 47 58 60 63 65 66
 26 32 47 58 60 61 62 67
 26 32 47 58 60 61 62 65 66
 26 32 40 58 60 63 74
 26 32 40 58 60 63 72 73
 26 32 40 58 60 61 62 74
 26 32 40 58 60 61 62 72 73
 26 32 40 47 58 60 63
 26 32 40 47 58 60 61 62
 26 32 36 58 60 67 74
 26 32 36 58 60 67 72 73
 26 32 36 58 60 65 66 74
 26 32 36 58 60 65 66 72 73
 26 32 36 47 58 60 67
 26 32 36 47 58 60 65 66
 26 32 36 40 58 60 74
 26 32 36 40 58 60 72 73
 26 32 36 40 47 58 60
 24 25 58 59 60 63 67 74
 24 25 58 59 60 63 67 72 73
 24 25 58 59 60 63 65 66 74
 24 25 58 59 60 63 65 66 72 73
 24 25 58 59 60 61 62 67 74
 24 25 58 59 60 61 62 67 72 73
 24 25 58 59 60 61 62 65 66 74
 24 25 58 59 60 61 62 65 66 72 73
 24 25 57 58 60 63 67 74
 24 25 57 58 60 63 67 72 73
 24 25 57 58 60 63 65 66 74
 24 25 57 58 60 63 65 66 72 73
 24 25 57 58 60 61 62 67 74
 24 25 57 58 60 61 62 67 72 73
 24 25 57 58 60 61 62 65 66 74
 24 25 57 58 60 61 62 65 66 72 73
 24 25 47 58 59 60 63 67
 24 25 47 58 59 60 63 65 66
 24 25 47 58 59 60 61 62 67
 24 25 47 58 59 60 61 62 65 66
 24 25 47 57 58 60 63 67
 24 25 47 57 58 60 63 65 66
 24 25 47 57 58 60 61 62 67
 24 25 47 57 58 60 61 62 65 66
 24 25 40 58 59 60 63 74
 24 25 40 58 59 60 63 72 73
 24 25 40 58 59 60 61 62 74
 24 25 40 58 59 60 61 62 72 73
 24 25 40 57 58 60 63 74
 24 25 40 57 58 60 63 72 73
 24 25 40 57 58 60 61 62 74
 24 25 40 57 58 60 61 62 72 73
 24 25 40 47 58 59 60 63
 24 25 40 47 58 59 60 61 62
 24 25 40 47 57 58 60 63
 24 25 40 47 57 58 60 61 62
 24 25 36 58 59 60 67 74
 24 25 36 58 59 60 67 72 73
 24 25 36 58 59 60 65 66 74
 24 25 36 58 59 60 65 66 72 73
 24 25 36 57 58 60 67 74
 24 25 36 57 58 60 67 72 73
 24 25 36 57 58 60 65 66 74
 24 25 36 57 58 60 65 66 72 73
 24 25 36 47 58 59 60 67
 24 25 36 47 58 59 60 65 66
 24 25 36 47 57 58 60 67
 24 25 36 47 57 58 60 65 66
 24 25 36 40 58 59 60 74
 24 25 36 40 58 59 60 72 73
 24 25 36 40 57 58 60 74
 24 25 36 40 57 58 60 72 73
 24 25 36 40 47 58 59 60
 24 25 36 40 47 57 58 60
 24 25 32 58 60 63 67 74
 24 25 32 58 60 63 67 72 73
 24 25 32 58 60 63 65 66 74
 24 25 32 58 60 63 65 66 72 73
 24 25 32 58 60 61 62 67 74
 24 25 32 58 60 61 62 67 72 73
 24 25 32 58 60 61 62 65 66 74
 24 25 32 58 60 61 62 65 66 72 73
 24 25 32 47 58 60 63 67
 24 25 32 47 58 60 63 65 66
 24 25 32 47 58 60 61 62 67
 24 25 32 47 58 60 61 62 65 66
 24 25 32 40 58 60 63 74
 24 25 32 40 58 60 63 72 73
 24 25 32 40 58 60 61 62 74
 24 25 32 40 58 60 61 62 72 73
 24 25 32 40 47 58 60 63
 24 25 32 40 47 58 60 61 62
 24 25 32 36 58 60 67 74
 24 25 32 36 58 60 67 72 73
 24 25 32 36 58 60 65 66 74
 24 25 32 36 58 60 65 66 72 73
 24 25 32 36 47 58 60 67
 24 25 32 36 47 58 60 65 66
 24 25 32 36 40 58 60 74
 24 25 32 36 40 58 60 72 73
 24 25 32 36 40 47 58 60
 18 58 59 63 67 68 74
 18 58 59 63 67 68 72 73
 18 58 59 63 65 66 68 74
 18 58 59 63 65 66 68 72 73
 18 58 59 61 62 67 68 74
 18 58 59 61 62 67 68 72 73
 18 58 59 61 62 65 66 68 74
 18 58 59 61 62 65 66 68 72 73
 18 57 58 63 67 68 74
 18 57 58 63 67 68 72 73
 18 57 58 63 65 66 68 74
 18 57 58 63 65 66 68 72 73
 18 57 58 61 62 67 68 74
 18 57 58 61 62 67 68 72 73
 18 57 58 61 62 65 66 68 74
 18 57 58 61 62 65 66 68 72 73
 18 47 58 59 63 67 68
 18 47 58 59 63 65 66 68
 18 47 58 59 61 62 67 68
 18 47 58 59 61 62 65 66 68
 18 47 57 58 63 67 68
 18 47 57 58 63 65 66 68
 18 47 57 58 61 62 67 68
 18 47 57 58 61 62 65 66 68
 18 40 58 59 63 68 74
 18 40 58 59 63 68 72 73
 18 40 58 59 61 62 68 74
 18 40 58 59 61 62 68 72 73
 18 40 57 58 63 68 74
 18 40 57 58 63 68 72 73
 18 40 57 58 61 62 68 74
 18 40 57 58 61 62 68 72 73
 18 40 47 58 59 63 68
 18 40 47 58 59 61 62 68
 18 40 47 57 58 63 68
 18 40 47 57 58 61 62 68
 18 36 58 59 67 68 74
 18 36 58 59 67 68 72 73
 18 36 58 59 65 66 68 74
 18 36 58 59 65 66 68 72 73
 18 36 57 58 67 68 74
 18 36 57 58 67 68 72 73
 18 36 57 58 65 66 68 74
 18 36 57 58 65 66 68 72 73
 18 36 47 58 59 67 68
 18 36 47 58 59 65 66 68
 18 36 47 57 58 67 68
 18 36 47 57 58 65 66 68
 18 36 40 58 59 68 74
 18 36 40 58 59 68 72 73
 18 36 40 57 58 68 74
 18 36 40 57 58 68 72 73
 18 36 40 47 58 59 68
 18 36 40 47 57 58 68
 18 32 58 63 67 68 74
 18 32 58 63 67 68 72 73
 18 32 58 63 65 66 68 74
 18 32 58 63 65 66 68 72 73
 18 32 58 61 62 67 68 74
 18 32 58 61 62 67 68 72 73
 18 32 58 61 62 65 66 68 74
 18 32 58 61 62 65 66 68 72 73
 18 32 47 58 63 67 68
 18 32 47 58 63 65 66 68
 18 32 47 58 61 62 67 68
 18 32 47 58 61 62 65 66 68
 18 32 40 58 63 68 74
 18 32 40 58 63 68 72 73
 18 32 40 58 61 62 68 74
 18 32 40 58 61 62 68 72 73
 18 32 40 47 58 63 68
 18 32 40 47 58 61 62 68
 18 32 36 58 67 68 74
 18 32 36 58 67 68 72 73
 18 32 36 58 65 66 68 74
 18 32 36 58 65 66 68 72 73
 18 32 36 47 58 67 68
 18 32 36 47 58 65 66 68
 18 32 36 40 58 68 74
 18 32 36 40 58 68 72 73
 18 32 36 40 47 58 68
 18 26 58 59 63 67 74
 18 26 58 59 63 67 72 73
 18 26 58 59 63 65 66 74
 18 26 58 59 63 65 66 72 73
 18 26 58 59 61 62 67 74
 18 26 58 59 61 62 67 72 73
 18 26 58 59 61 62 65 66 74
 18 26 58 59 61 62 65 66 72 73
 18 26 57 58 63 67 74
 18 26 57 58 63 67 72 73
 18 26 57 58 63 65 66 74
 18 26 57 58 63 65 66 72 73
 18 26 57 58 61 62 67 74
 18 26 57 58 61 62 67 72 73
 18 26 57 58 61 62 65 66 74
 18 26 57 58 61 62 65 66 72 73
 18 26 47 58 59 63 67
 18 26 47 58 59 63 65 66
 18 26 47 58 59 61 62 67
 18 26 47 58 59 61 62 65 66
 18 26 47 57 58 63 67
 18 26 47 57 58 63 65 66
 18 26 47 57 58 61 62 67
 18 26 47 57 58 61 62 65 66
 18 26 40 58 59 63 74
 18 26 40 58 59 63 72 73
 18 26 40 58 59 61 62 74
 18 26 40 58 59 61 62 72 73
 18 26 40 57 58 63 74
 18 26 40 57 58 63 72 73
 18 26 40 57 58 61 62 74
 18 26 40 57 58 61 62 72 73
 18 26 40 47 58 59 63
 18 26 40 47 58 59 61 62
 18 26 40 47 57 58 63
 18 26 40 47 57 58 61 62
 18 26 36 58 59 67 74
 18 26 36 58 59 67 72 73
 18 26 36 58 59 65 66 74
 18 26 36 58 59 65 66 72 73
 18 26 36 57 58 67 74
 18 26 36 57 58 67 72 73
 18 26 36 57 58 65 66 74
 18 26 36 57 58 65 66 72 73
 18 26 36 47 58 59 67
 18 26 36 47 58 59 65 66
 18 26 36 47 57 58 67
 18 26 36 47 57 58 65 66
 18 26 36 40 58 59 74
 18 26 36 40 58 59 72 73
 18 26 36 40 57 58 74
 18 26 36 40 57 58 72 73
 18 26 36 40 47 58 59
 18 26 36 40 47 57 58
 18 26 32 58 63 67 74
 18 26 32 58 63 67 72 73
 18 26 32 58 63 65 66 74
 18 26 32 58 63 65 66 72 73
 18 26 32 58 61 62 67 74
 18 26 32 58 61 62 67 72 73
 18 26 32 58 61 62 65 66 74
 18 26 32 58 61 62 65 66 72 73
 18 26 32 47 58 63 67
 18 26 32 47 58 63 65 66
 18 26 32 47 58 61 62 67
 18 26 32 47 58 61 62 65 66
 18 26 32 40 58 63 74
 18 26 32 40 58 63 72 73
 18 26 32 40 58 61 62 74
 18 26 32 40 58 61 62 72 73
 18 26 32 40 47 58 63
 18 26 32 40 47 58 61 62
 18 26 32 36 58 67 74
 18 26 32 36 58 67 72 73
 18 26 32 36 58 65 66 74
 18 26 32 36 58 65 66 72 73
 18 26 32 36 47 58 67
 18 26 32 36 47 58 65 66
 18 26 32 36 40 58 74
 18 26 32 36 40 58 72 73
 18 26 32 36 40 47 58
 18 24 25 58 59 63 67 74
 18 24 25 58 59 63 67 72 73
 18 24 25 58 59 63 65 66 74
 18 24 25 58 59 63 65 66 72 73
 18 24 25 58 59 61 62 67 74
 18 24 25 58 59 61 62 67 72 73
 18 24 25 58 59 61 62 65 66 74
 18 24 25 58 59 61 62 65 66 72 73
 18 24 25 57 58 63 67 74
 18 24 25 57 58 63 67 72 73
 18 24 25 57 58 63 65 66 74
 18 24 25 57 58 63 65 66 72 73
 18 24 25 57 58 61 62 67 74
 18 24 25 57 58 61 62 67 72 73
 18 24 25 57 58 61 62 65 66 74
 18 24 25 57 58 61 62 65 66 72 73
 18 24 25 47 58 59 63 67
 18 24 25 47 58 59 63 65 66
 18 24 25 47 58 59 61 62 67
 18 24 25 47 58 59 61 62 65 66
 18 24 25 47 57 58 63 67
 18 24 25 47 57 58 63 65 66
 18 24 25 47 57 58 61 62 67
 18 24 25 47 57 58 61 62 65 66
 18 24 25 40 58 59 63 74
 18 24 25 40 58 59 63 72 73
 18 24 25 40 58 59 61 62 74
 18 24 25 40 58 59 61 62 72 73
 18 24 25 40 57 58 63 74
 18 24 25 40 57 58 63 72 73
 18 24 25 40 57 58 61 62 74
 18 24 25 40 57 58 61 62 72 73
 18 24 25 40 47 58 59 63
 18 24 25 40 47 58 59 61 62
 18 24 25 40 47 57 58 63
 18 24 25 40 47 57 58 61 62
 18 24 25 36 58 59 67 74
 18 24 25 36 58 59 67 72 73
 18 24 25 36 58 59 65 66 74
 18 24 25 36 58 59 65 66 72 73
 18 24 25 36 57 58 67 74
 18 24 25 36 57 58 67 72 73
 18 24 25 36 57 58 65 66 74
 18 24 25 36 57 58 65 66 72 73
 18 24 25 36 47 58 59 67
 18 24 25 36 47 58 59 65 66
 18 24 25 36 47 57 58 67
 18 24 25 36 47 57 58 65 66
 18 24 25 36 40 58 59 74
 18 24 25 36 40 58 59 72 73
 18 24 25 36 40 57 58 74
 18 24 25 36 40 57 58 72 73
 18 24 25 36 40 47 58 59
 18 24 25 36 40 47 57 58
 18 24 25 32 58 63 67 74
 18 24 25 32 58 63 67 72 73
 18 24 25 32 58 63 65 66 74
 18 24 25 32 58 63 65 66 72 73
 18 24 25 32 58 61 62 67 74
 18 24 25 32 58 61 62 67 72 73
 18 24 25 32 58 61 62 65 66 74
 18 24 25 32 58 61 62 65 66 72 73
 18 24 25 32 47 58 63 67
 18 24 25 32 47 58 63 65 66
 18 24 25 32 47 58 61 62 67
 18 24 25 32 47 58 61 62 65 66
 18 24 25 32 40 58 63 74
 18 24 25 32 40 58 63 72 73
 18 24 25 32 40 58 61 62 74
 18 24 25 32 40 58 61 62 72 73
 18 24 25 32 40 47 58 63
 18 24 25 32 40 47 58 61 62
 18 24 25 32 36 58 67 74
 18 24 25 32 36 58 67 72 73
 18 24 25 32 36 58 65 66 74
 18 24 25 32 36 58 65 66 72 73
 18 24 25 32 36 47 58 67
 18 24 25 32 36 47 58 65 66
 18 24 25 32 36 40 58 74
 18 24 25 32 36 40 58 72 73
 18 24 25 32 36 40 47 58
 16 17 58 59 63 67 68 74
 16 17 58 59 63 67 68 72 73
 16 17 58 59 63 65 66 68 74
 16 17 58 59 63 65 66 68 72 73
 16 17 58 59 61 62 67 68 74
 16 17 58 59 61 62 67 68 72 73
 16 17 58 59 61 62 65 66 68 74
 16 17 58 59 61 62 65 66 68 72 73
 16 17 57 58 63 67 68 74
 16 17 57 58 63 67 68 72 73
 16 17 57 58 63 65 66 68 74
 16 17 57 58 63 65 66 68 72 73
 16 17 57 58 61 62 67 68 74
 16 17 57 58 61 62 67 68 72 73
 16 17 57 58 61 62 65 66 68 74
 16 17 57 58 61 62 65 66 68 72 73
 16 17 47 58 59 63 67 68
 16 17 47 58 59 63 65 66 68
 16 17 47 58 59 61 62 67 68
 16 17 47 58 59 61 62 65 66 68
 16 17 47 57 58 63 67 68
 16 17 47 57 58 63 65 66 68
 16 17 47 57 58 61 62 67 68
 16 17 47 57 58 61 62 65 66 68
 16 17 40 58 59 63 68 74
 16 17 40 58 59 63 68 72 73
 16 17 40 58 59 61 62 68 74
 16 17 40 58 59 61 62 68 72 73
 16 17 40 57 58 63 68 74
 16 17 40 57 58 63 68 72 73
 16 17 40 57 58 61 62 68 74
 16 17 40 57 58 61 62 68 72 73
 16 17 40 47 58 59 63 68
 16 17 40 47 58 59 61 62 68
 16 17 40 47 57 58 63 68
 16 17 40 47 57 58 61 62 68
 16 17 36 58 59 67 68 74
 16 17 36 58 59 67 68 72 73
 16 17 36 58 59 65 66 68 74
 16 17 36 58 59 65 66 68 72 73
 16 17 36 57 58 67 68 74
 16 17 36 57 58 67 68 72 73
 16 17 36 57 58 65 66 68 74
 16 17 36 57 58 65 66 68 72 73
 16 17 36 47 58 59 67 68
 16 17 36 47 58 59 65 66 68
 16 17 36 47 57 58 67 68
 16 17 36 47 57 58 65 66 68
 16 17 36 40 58 59 68 74
 16 17 36 40 58 59 68 72 73
 16 17 36 40 57 58 68 74
 16 17 36 40 57 58 68 72 73
 16 17 36 40 47 58 59 68
 16 17 36 40 47 57 58 68
 16 17 32 58 63 67 68 74
 16 17 32 58 63 67 68 72 73
 16 17 32 58 63 65 66 68 74
 16 17 32 58 63 65 66 68 72 73
 16 17 32 58 61 62 67 68 74
 16 17 32 58 61 62 67 68 72 73
 16 17 32 58 61 62 65 66 68 74
 16 17 32 58 61 62 65 66 68 72 73
 16 17 32 47 58 63 67 68
 16 17 32 47 58 63 65 66 68
 16 17 32 47 58 61 62 67 68
 16 17 32 47 58 61 62 65 66 68
 16 17 32 40 58 63 68 74
 16 17 32 40 58 63 68 72 73
 16 17 32 40 58 61 62 68 74
 16 17 32 40 58 61 62 68 72 73
 16 17 32 40 47 58 63 68
 16 17 32 40 47 58 61 62 68
 16 17 32 36 58 67 68 74
 16 17 32 36 58 67 68 72 73
 16 17 32 36 58 65 66 68 74
 16 17 32 36 58 65 66 68 72 73
 16 17 32 36 47 58 67 68
 16 17 32 36 47 58 65 66 68
 16 17 32 36 40 58 68 74
 16 17 32 36 40 58 68 72 73
 16 17 32 36 40 47 58 68
 16 17 26 58 59 63 67 74
 16 17 26 58 59 63 67 72 73
 16 17 26 58 59 63 65 66 74
 16 17 26 58 59 63 65 66 72 73
 16 17 26 58 59 61 62 67 74
 16 17 26 58 59 61 62 67 72 73
 16 17 26 58 59 61 62 65 66 74
 16 17 26 58 59 61 62 65 66 72 73
 16 17 26 57 58 63 67 74
 16 17 26 57 58 63 67 72 73
 16 17 26 57 58 63 65 66 74
 16 17 26 57 58 63 65 66 72 73
 16 17 26 57 58 61 62 67 74
 16 17 26 57 58 61 62 67 72 73
 16 17 26 57 58 61 62 65 66 74
 16 17 26 57 58 61 62 65 66 72 73
 16 17 26 47 58 59 63 67
 16 17 26 47 58 59 63 65 66
 16 17 26 47 58 59 61 62 67
 16 17 26 47 58 59 61 62 65 66
 16 17 26 47 57 58 63 67
 16 17 26 47 57 58 63 65 66
 16 17 26 47 57 58 61 62 67
 16 17 26 47 57 58 61 62 65 66
 16 17 26 40 58 59 63 74
 16 17 26 40 58 59 63 72 73
 16 17 26 40 58 59 61 62 74
 16 17 26 40 58 59 61 62 72 73
 16 17 26 40 57 58 63 74
 16 17 26 40 57 58 63 72 73
 16 17 26 40 57 58 61 62 74
 16 17 26 40 57 58 61 62 72 73
 16 17 26 40 47 58 59 63
 16 17 26 40 47 58 59 61 62
 16 17 26 40 47 57 58 63
 16 17 26 40 47 57 58 61 62
 16 17 26 36 58 59 67 74
 16 17 26 36 58 59 67 72 73
 16 17 26 36 58 59 65 66 74
 16 17 26 36 58 59 65 66 72 73
 16 17 26 36 57 58 67 74
 16 17 26 36 57 58 67 72 73
 16 17 26 36 57 58 65 66 74
 16 17 26 36 57 58 65 66 72 73
 16 17 26 36 47 58 59 67
 16 17 26 36 47 58 59 65 66
 16 17 26 36 47 57 58 67
 16 17 26 36 47 57 58 65 66
 16 17 26 36 40 58 59 74
 16 17 26 36 40 58 59 72 73
 16 17 26 36 40 57 58 74
 16 17 26 36 40 57 58 72 73
 16 17 26 36 40 47 58 59
 16 17 26 36 40 47 57 58
 16 17 26 32 58 63 67 74
 16 17 26 32 58 63 67 72 73
 16 17 26 32 58 63 65 66 74
 16 17 26 32 58 63 65 66 72 73
 16 17 26 32 58 61 62 67 74
 16 17 26 32 58 61 62 67 72 73
 16 17 26 32 58 61 62 65 66 74
 16 17 26 32 58 61 62 65 66 72 73
 16 17 26 32 47 58 63 67
 16 17 26 32 47 58 63 65 66
 16 17 26 32 47 58 61 62 67
 16 17 26 32 47 58 61 62 65 66
 16 17 26 32 40 58 63 74
 16 17 26 32 40 58 63 72 73
 16 17 26 32 40 58 61 62 74
 16 17 26 32 40 58 61 62 72 73
 16 17 26 32 40 47 58 63
 16 17 26 32 40 47 58 61 62
 16 17 26 32 36 58 67 74
 16 17 26 32 36 58 67 72 73
 16 17 26 32 36 58 65 66 74
 16 17 26 32 36 58 65 66 72 73
 16 17 26 32 36 47 58 67
 16 17 26 32 36 47 58 65 66
 16 17 26 32 36 40 58 74
 16 17 26 32 36 40 58 72 73
 16 17 26 32 36 40 47 58
 16 17 24 25 58 59 63 67 74
 16 17 24 25 58 59 63 67 72 73
 16 17 24 25 58 59 63 65 66 74
 16 17 24 25 58 59 63 65 66 72 73
 16 17 24 25 58 59 61 62 67 74
 16 17 24 25 58 59 61 62 67 72 73
 16 17 24 25 58 59 61 62 65 66 74
 16 17 24 25 58 59 61 62 65 66 72 73
 16 17 24 25 57 58 63 67 74
 16 17 24 25 57 58 63 67 72 73
 16 17 24 25 57 58 63 65 66 74
 16 17 24 25 57 58 63 65 66 72 73
 16 17 24 25 57 58 61 62 67 74
 16 17 24 25 57 58 61 62 67 72 73
 16 17 24 25 57 58 61 62 65 66 74
 16 17 24 25 57 58 61 62 65 66 72 73
 16 17 24 25 47 58 59 63 67
 16 17 24 25 47 58 59 63 65 66
 16 17 24 25 47 58 59 61 62 67
 16 17 24 25 47 58 59 61 62 65 66
 16 17 24 25 47 57 58 63 67
 16 17 24 25 47 57 58 63 65 66
 16 17 24 25 47 57 58 61 62 67
 16 17 24 25 47 57 58 61 62 65 66
 16 17 24 25 40 58 59 63 74
 16 17 24 25 40 58 59 63 72 73
 16 17 24 25 40 58 59 61 62 74
 16 17 24 25 40 58 59 61 62 72 73
 16 17 24 25 40 57 58 63 74
 16 17 24 25 40 57 58 63 72 73
 16 17 24 25 40 57 58 61 62 74
 16 17 24 25 40 57 58 61 62 72 73
 16 17 24 25 40 47 58 59 63
 16 17 24 25 40 47 58 59 61 62
 16 17 24 25 40 47 57 58 63
 16 17 24 25 40 47 57 58 61 62
 16 17 24 25 36 58 59 67 74
 16 17 24 25 36 58 59 67 72 73
 16 17 24 25 36 58 59 65 66 74
 16 17 24 25 36 58 59 65 66 72 73
 16 17 24 25 36 57 58 67 74
 16 17 24 25 36 57 58 67 72 73
 16 17 24 25 36 57 58 65 66 74
 16 17 24 25 36 57 58 65 66 72 73
 16 17 24 25 36 47 58 59 67
 16 17 24 25 36 47 58 59 65 66
 16 17 24 25 36 47 57 58 67
 16 17 24 25 36 47 57 58 65 66
 16 17 24 25 36 40 58 59 74
 16 17 24 25 36 40 58 59 72 73
 16 17 24 25 36 40 57 58 74
 16 17 24 25 36 40 57 58 72 73
 16 17 24 25 36 40 47 58 59
 16 17 24 25 36 40 47 57 58
 16 17 24 25 32 58 63 67 74
 16 17 24 25 32 58 63 67 72 73
 16 17 24 25 32 58 63 65 66 74
 16 17 24 25 32 58 63 65 66 72 73
 16 17 24 25 32 58 61 62 67 74
 16 17 24 25 32 58 61 62 67 72 73
 16 17 24 25 32 58 61 62 65 66 74
 16 17 24 25 32 58 61 62 65 66 72 73
 16 17 24 25 32 47 58 63 67
 16 17 24 25 32 47 58 63 65 66
 16 17 24 25 32 47 58 61 62 67
 16 17 24 25 32 47 58 61 62 65 66
 16 17 24 25 32 40 58 63 74
 16 17 24 25 32 40 58 63 72 73
 16 17 24 25 32 40 58 61 62 74
 16 17 24 25 32 40 58 61 62 72 73
 16 17 24 25 32 40 47 58 63
 16 17 24 25 32 40 47 58 61 62
 16 17 24 25 32 36 58 67 74
 16 17 24 25 32 36 58 67 72 73
 16 17 24 25 32 36 58 65 66 74
 16 17 24 25 32 36 58 65 66 72 73
 16 17 24 25 32 36 47 58 67
 16 17 24 25 32 36 47 58 65 66
 16 17 24 25 32 36 40 58 74
 16 17 24 25 32 36 40 58 72 73
 16 17 24 25 32 36 40 47 58
