 48 74
 48 72 73
 48 63 74
 48 63 72 73
 48 61 62 74
 48 61 62 72 73
 48 59
 48 59 63
 48 59 61 62
 48 58 60 62 74
 48 58 60 62 72 73
 48 58 59 60 61
 48 58 59 60 61 74
 48 58 59 60 61 72 73
 48 57 58
 48 57 58 74
 48 57 58 72 73
 48 57 58 63
 48 57 58 61 74
 48 57 58 61 72 73
 48 57 58 61 62
 48 57 58 60 74
 48 57 58 60 72 73
 48 57 58 59 74
 48 57 58 59 72 73
 48 57 58 59 61 74
 48 57 58 59 61 72 73
 48 57 58 59 60 74
 48 57 58 59 60 72 73
 48 57 58 59 60 61
 48 57 58 59 60 61 74
 48 57 58 59 60 61 72 73
 47 48
 47 48 63
 47 48 61 62
 47 48 58 60 62
 47 48 58 59 60 61
 47 48 57 58
 47 48 57 58 61
 47 48 57 58 60
 47 48 57 58 59
 47 48 57 58 59 61
 47 48 57 58 59 60
 47 48 57 58 59 60 61
 46 59 61 74
 46 59 61 72 73
 46 59 60 74
 46 59 60 72 73
 46 58 60
 46 58 60 74
 46 58 60 72 73
 46 58 59 60 74
 46 58 59 60 72 73
 46 57 58 61 74
 46 57 58 61 72 73
 46 57 58 60 74
 46 57 58 60 72 73
 46 57 58 59 60 74
 46 57 58 59 60 72 73
 46 47
 46 47 74
 46 47 72 73
 46 47 63
 46 47 63 74
 46 47 63 72 73
 46 47 61 62
 46 47 61 62 74
 46 47 61 62 72 73
 46 47 59
 46 47 59 63
 46 47 59 61
 46 47 59 61 62
 46 47 59 60
 46 47 58 60
 46 47 58 60 62
 46 47 58 60 62 74
 46 47 58 60 62 72 73
 46 47 58 59 60
 46 47 58 59 60 61 74
 46 47 58 59 60 61 72 73
 46 47 57 58 74
 46 47 57 58 72 73
 46 47 57 58 63
 46 47 57 58 61 74
 46 47 57 58 61 72 73
 46 47 57 58 61 62
 46 47 57 58 60 74
 46 47 57 58 60 72 73
 46 47 57 58 59
 46 47 57 58 59 74
 46 47 57 58 59 72 73
 46 47 57 58 59 61
 46 47 57 58 59 61 74
 46 47 57 58 59 61 72 73
 46 47 57 58 59 60 74
 46 47 57 58 59 60 72 73
 46 47 57 58 59 60 61 74
 46 47 57 58 59 60 61 72 73
 44 48 58 60 74
 44 48 58 60 72 73
 44 47 48 58 60
 44 46 47 58 60
 44 46 47 58 60 74
 44 46 47 58 60 72 73
 44 45 59 61 74
 44 45 59 61 72 73
 44 45 59 60 74
 44 45 59 60 72 73
 44 45 58 60
 44 45 58 60 74
 44 45 58 60 72 73
 44 45 58 59 60 74
 44 45 58 59 60 72 73
 44 45 57 58 61 74
 44 45 57 58 61 72 73
 44 45 57 58 60 74
 44 45 57 58 60 72 73
 44 45 57 58 59 60 74
 44 45 57 58 59 60 72 73
 44 45 47 59 61
 44 45 47 59 60
 44 45 47 58 60
 44 45 47 58 59 60
 44 45 47 57 58 61
 44 45 47 57 58 60
 44 45 47 57 58 59 60
 42 43 48 58 60 74
 42 43 48 58 60 72 73
 42 43 47 48 58 60
 42 43 46 47 58 60
 42 43 46 47 58 60 74
 42 43 46 47 58 60 72 73
 36 48 74
 36 48 72 73
 36 48 59
 36 48 57 58
 36 47 48
 36 46 47
 36 46 47 74
 36 46 47 72 73
 36 46 47 59
 36 46 47 57 58
 34 48 58 59 60
 34 48 58 59 60 74
 34 48 58 59 60 72 73
 34 48 57 58 74
 34 48 57 58 72 73
 34 48 57 58 59 74
 34 48 57 58 59 72 73
 34 48 57 58 59 60
 34 48 57 58 59 60 74
 34 48 57 58 59 60 72 73
 34 47 48 58 59 60
 34 47 48 57 58
 34 47 48 57 58 59
 34 47 48 57 58 59 60
 34 46 59 74
 34 46 59 72 73
 34 46 57 58 74
 34 46 57 58 72 73
 34 46 47 59
 34 46 47 58 59 60 74
 34 46 47 58 59 60 72 73
 34 46 47 57 58 74
 34 46 47 57 58 72 73
 34 46 47 57 58 59
 34 46 47 57 58 59 74
 34 46 47 57 58 59 72 73
 34 46 47 57 58 59 60 74
 34 46 47 57 58 59 60 72 73
 34 44 45 59 74
 34 44 45 59 72 73
 34 44 45 57 58 74
 34 44 45 57 58 72 73
 34 44 45 47 59
 34 44 45 47 57 58
 32 48
 32 48 63
 32 48 61 62
 32 48 58 60
 32 48 58 60 74
 32 48 58 60 72 73
 32 48 58 60 61
 32 48 58 60 61 74
 32 48 58 60 61 72 73
 32 48 58 59 60
 32 48 58 59 60 74
 32 48 58 59 60 72 73
 32 48 57 58 74
 32 48 57 58 72 73
 32 48 57 58 61 74
 32 48 57 58 61 72 73
 32 48 57 58 60
 32 48 57 58 60 61
 32 48 57 58 60 61 74
 32 48 57 58 60 61 72 73
 32 48 57 58 59 60
 32 47 48 58 60
 32 47 48 58 60 61
 32 47 48 58 59 60
 32 47 48 57 58
 32 47 48 57 58 61
 32 47 48 57 58 60 61
 32 46 61 74
 32 46 61 72 73
 32 46 59 60 74
 32 46 59 60 72 73
 32 46 58 60 74
 32 46 58 60 72 73
 32 46 47
 32 46 47 63
 32 46 47 61
 32 46 47 61 62
 32 46 47 59 60
 32 46 47 58 60
 32 46 47 58 60 74
 32 46 47 58 60 72 73
 32 46 47 58 60 61 74
 32 46 47 58 60 61 72 73
 32 46 47 58 59 60 74
 32 46 47 58 59 60 72 73
 32 46 47 57 58
 32 46 47 57 58 74
 32 46 47 57 58 72 73
 32 46 47 57 58 61
 32 46 47 57 58 61 74
 32 46 47 57 58 61 72 73
 32 46 47 57 58 60
 32 46 47 57 58 60 61 74
 32 46 47 57 58 60 61 72 73
 32 46 47 57 58 59 60
 32 44 45 61 74
 32 44 45 61 72 73
 32 44 45 59 60 74
 32 44 45 59 60 72 73
 32 44 45 58 60 74
 32 44 45 58 60 72 73
 32 44 45 47 61
 32 44 45 47 59 60
 32 44 45 47 58 60
 32 36 48
 32 36 46 47
 32 34 48 58 60
 32 34 48 58 60 74
 32 34 48 58 60 72 73
 32 34 48 57 58 74
 32 34 48 57 58 72 73
 32 34 48 57 58 60
 32 34 48 57 58 60 74
 32 34 48 57 58 60 72 73
 32 34 47 48 58 60
 32 34 47 48 57 58
 32 34 47 48 57 58 60
 32 34 46 74
 32 34 46 72 73
 32 34 46 47
 32 34 46 47 58 60 74
 32 34 46 47 58 60 72 73
 32 34 46 47 57 58
 32 34 46 47 57 58 74
 32 34 46 47 57 58 72 73
 32 34 46 47 57 58 60 74
 32 34 46 47 57 58 60 72 73
 32 34 44 45 74
 32 34 44 45 72 73
 32 34 44 45 47
 27 48 74
 27 48 72 73
 27 47 48
 27 46 47
 27 46 47 74
 27 46 47 72 73
 25 26 48 74
 25 26 48 72 73
 25 26 47 48
 25 26 46 47
 25 26 46 47 74
 25 26 46 47 72 73
 21 74
 21 72 73
 21 63 74
 21 63 72 73
 21 61 62 74
 21 61 62 72 73
 21 59
 21 59 63
 21 59 61 62
 21 58 60 62 74
 21 58 60 62 72 73
 21 58 59 60 61
 21 58 59 60 61 74
 21 58 59 60 61 72 73
 21 57 58
 21 57 58 74
 21 57 58 72 73
 21 57 58 63
 21 57 58 61 74
 21 57 58 61 72 73
 21 57 58 61 62
 21 57 58 60 74
 21 57 58 60 72 73
 21 57 58 59 74
 21 57 58 59 72 73
 21 57 58 59 61 74
 21 57 58 59 61 72 73
 21 57 58 59 60 74
 21 57 58 59 60 72 73
 21 57 58 59 60 61
 21 57 58 59 60 61 74
 21 57 58 59 60 61 72 73
 21 47
 21 47 63
 21 47 61 62
 21 47 58 60 62
 21 47 58 59 60 61
 21 47 57 58
 21 47 57 58 61
 21 47 57 58 60
 21 47 57 58 59
 21 47 57 58 59 61
 21 47 57 58 59 60
 21 47 57 58 59 60 61
 21 44 58 60 74
 21 44 58 60 72 73
 21 44 47 58 60
 21 42 43 58 60 74
 21 42 43 58 60 72 73
 21 42 43 47 58 60
 21 36 74
 21 36 72 73
 21 36 59
 21 36 57 58
 21 36 47
 21 34 58 59 60
 21 34 58 59 60 74
 21 34 58 59 60 72 73
 21 34 57 58 74
 21 34 57 58 72 73
 21 34 57 58 59 74
 21 34 57 58 59 72 73
 21 34 57 58 59 60
 21 34 57 58 59 60 74
 21 34 57 58 59 60 72 73
 21 34 47 58 59 60
 21 34 47 57 58
 21 34 47 57 58 59
 21 34 47 57 58 59 60
 21 32
 21 32 63
 21 32 61 62
 21 32 58 60
 21 32 58 60 74
 21 32 58 60 72 73
 21 32 58 60 61
 21 32 58 60 61 74
 21 32 58 60 61 72 73
 21 32 58 59 60
 21 32 58 59 60 74
 21 32 58 59 60 72 73
 21 32 57 58 74
 21 32 57 58 72 73
 21 32 57 58 61 74
 21 32 57 58 61 72 73
 21 32 57 58 60
 21 32 57 58 60 61
 21 32 57 58 60 61 74
 21 32 57 58 60 61 72 73
 21 32 57 58 59 60
 21 32 47 58 60
 21 32 47 58 60 61
 21 32 47 58 59 60
 21 32 47 57 58
 21 32 47 57 58 61
 21 32 47 57 58 60 61
 21 32 36
 21 32 34 58 60
 21 32 34 58 60 74
 21 32 34 58 60 72 73
 21 32 34 57 58 74
 21 32 34 57 58 72 73
 21 32 34 57 58 60
 21 32 34 57 58 60 74
 21 32 34 57 58 60 72 73
 21 32 34 47 58 60
 21 32 34 47 57 58
 21 32 34 47 57 58 60
 21 27 74
 21 27 72 73
 21 27 47
 21 25 26 74
 21 25 26 72 73
 21 25 26 47
 19 59 61 74
 19 59 61 72 73
 19 59 60 74
 19 59 60 72 73
 19 58 60
 19 58 60 74
 19 58 60 72 73
 19 58 59 60 74
 19 58 59 60 72 73
 19 57 58 61 74
 19 57 58 61 72 73
 19 57 58 60 74
 19 57 58 60 72 73
 19 57 58 59 60 74
 19 57 58 59 60 72 73
 19 47 59 61
 19 47 59 60
 19 47 58 60
 19 47 58 59 60
 19 47 57 58 61
 19 47 57 58 60
 19 47 57 58 59 60
 19 34 59 74
 19 34 59 72 73
 19 34 57 58 74
 19 34 57 58 72 73
 19 34 47 59
 19 34 47 57 58
 19 32 61 74
 19 32 61 72 73
 19 32 59 60 74
 19 32 59 60 72 73
 19 32 58 60 74
 19 32 58 60 72 73
 19 32 47 61
 19 32 47 59 60
 19 32 47 58 60
 19 32 34 74
 19 32 34 72 73
 19 32 34 47
 17 48 58 60 74
 17 48 58 60 72 73
 17 47 48 58 60
 17 46 47 58 60
 17 46 47 58 60 74
 17 46 47 58 60 72 73
 17 21 58 60 74
 17 21 58 60 72 73
 17 21 47 58 60
 16 48 58 74
 16 48 58 72 73
 16 48 58 59 74
 16 48 58 59 72 73
 16 48 57 58 74
 16 48 57 58 72 73
 16 47 48 58
 16 47 48 58 59
 16 47 48 57 58
 16 46 47 58
 16 46 47 58 74
 16 46 47 58 72 73
 16 46 47 58 59
 16 46 47 58 59 74
 16 46 47 58 59 72 73
 16 46 47 57 58
 16 46 47 57 58 74
 16 46 47 57 58 72 73
 16 32 48 58 74
 16 32 48 58 72 73
 16 32 47 48 58
 16 32 46 47 58
 16 32 46 47 58 74
 16 32 46 47 58 72 73
 16 21 58 74
 16 21 58 72 73
 16 21 58 59 74
 16 21 58 59 72 73
 16 21 57 58 74
 16 21 57 58 72 73
 16 21 47 58
 16 21 47 58 59
 16 21 47 57 58
 16 21 32 58 74
 16 21 32 58 72 73
 16 21 32 47 58
 15 48 58 59 74
 15 48 58 59 72 73
 15 48 58 59 61 74
 15 48 58 59 61 72 73
 15 48 58 59 60 61
 15 48 58 59 60 61 74
 15 48 58 59 60 61 72 73
 15 48 57 58 74
 15 48 57 58 72 73
 15 48 57 58 61 74
 15 48 57 58 61 72 73
 15 48 57 58 60
 15 48 57 58 60 61
 15 48 57 58 60 61 74
 15 48 57 58 60 61 72 73
 15 48 57 58 59 60
 15 47 48 58 59
 15 47 48 58 59 61
 15 47 48 58 59 60 61
 15 47 48 57 58
 15 47 48 57 58 61
 15 47 48 57 58 60 61
 15 46 47 58 59
 15 46 47 58 59 74
 15 46 47 58 59 72 73
 15 46 47 58 59 61
 15 46 47 58 59 61 74
 15 46 47 58 59 61 72 73
 15 46 47 58 59 60 61 74
 15 46 47 58 59 60 61 72 73
 15 46 47 57 58
 15 46 47 57 58 74
 15 46 47 57 58 72 73
 15 46 47 57 58 61
 15 46 47 57 58 61 74
 15 46 47 57 58 61 72 73
 15 46 47 57 58 60
 15 46 47 57 58 60 61 74
 15 46 47 57 58 60 61 72 73
 15 46 47 57 58 59 60
 15 34 48 58 59 74
 15 34 48 58 59 72 73
 15 34 48 58 59 60
 15 34 48 58 59 60 74
 15 34 48 58 59 60 72 73
 15 34 48 57 58 74
 15 34 48 57 58 72 73
 15 34 48 57 58 60
 15 34 48 57 58 60 74
 15 34 48 57 58 60 72 73
 15 34 47 48 58 59
 15 34 47 48 58 59 60
 15 34 47 48 57 58
 15 34 47 48 57 58 60
 15 34 46 47 58 59
 15 34 46 47 58 59 74
 15 34 46 47 58 59 72 73
 15 34 46 47 58 59 60 74
 15 34 46 47 58 59 60 72 73
 15 34 46 47 57 58
 15 34 46 47 57 58 74
 15 34 46 47 57 58 72 73
 15 34 46 47 57 58 60 74
 15 34 46 47 57 58 60 72 73
 15 32 48 58 74
 15 32 48 58 72 73
 15 32 48 58 61 74
 15 32 48 58 61 72 73
 15 32 48 58 60
 15 32 48 58 60 61
 15 32 48 58 60 61 74
 15 32 48 58 60 61 72 73
 15 32 48 58 59 60
 15 32 47 48 58
 15 32 47 48 58 61
 15 32 47 48 58 60 61
 15 32 46 47 58
 15 32 46 47 58 74
 15 32 46 47 58 72 73
 15 32 46 47 58 61
 15 32 46 47 58 61 74
 15 32 46 47 58 61 72 73
 15 32 46 47 58 60
 15 32 46 47 58 60 61 74
 15 32 46 47 58 60 61 72 73
 15 32 46 47 58 59 60
 15 32 34 48 58 74
 15 32 34 48 58 72 73
 15 32 34 48 58 60
 15 32 34 48 58 60 74
 15 32 34 48 58 60 72 73
 15 32 34 47 48 58
 15 32 34 47 48 58 60
 15 32 34 46 47 58
 15 32 34 46 47 58 74
 15 32 34 46 47 58 72 73
 15 32 34 46 47 58 60 74
 15 32 34 46 47 58 60 72 73
 15 21 58 59 74
 15 21 58 59 72 73
 15 21 58 59 61 74
 15 21 58 59 61 72 73
 15 21 58 59 60 61
 15 21 58 59 60 61 74
 15 21 58 59 60 61 72 73
 15 21 57 58 74
 15 21 57 58 72 73
 15 21 57 58 61 74
 15 21 57 58 61 72 73
 15 21 57 58 60
 15 21 57 58 60 61
 15 21 57 58 60 61 74
 15 21 57 58 60 61 72 73
 15 21 57 58 59 60
 15 21 47 58 59
 15 21 47 58 59 61
 15 21 47 58 59 60 61
 15 21 47 57 58
 15 21 47 57 58 61
 15 21 47 57 58 60 61
 15 21 34 58 59 74
 15 21 34 58 59 72 73
 15 21 34 58 59 60
 15 21 34 58 59 60 74
 15 21 34 58 59 60 72 73
 15 21 34 57 58 74
 15 21 34 57 58 72 73
 15 21 34 57 58 60
 15 21 34 57 58 60 74
 15 21 34 57 58 60 72 73
 15 21 34 47 58 59
 15 21 34 47 58 59 60
 15 21 34 47 57 58
 15 21 34 47 57 58 60
 15 21 32 58 74
 15 21 32 58 72 73
 15 21 32 58 61 74
 15 21 32 58 61 72 73
 15 21 32 58 60
 15 21 32 58 60 61
 15 21 32 58 60 61 74
 15 21 32 58 60 61 72 73
 15 21 32 58 59 60
 15 21 32 47 58
 15 21 32 47 58 61
 15 21 32 47 58 60 61
 15 21 32 34 58 74
 15 21 32 34 58 72 73
 15 21 32 34 58 60
 15 21 32 34 58 60 74
 15 21 32 34 58 60 72 73
 15 21 32 34 47 58
 15 21 32 34 47 58 60
 14 15 48 58 74
 14 15 48 58 72 73
 14 15 48 58 59 74
 14 15 48 58 59 72 73
 14 15 48 57 58 74
 14 15 48 57 58 72 73
 14 15 47 48 58
 14 15 47 48 58 59
 14 15 47 48 57 58
 14 15 46 47 58
 14 15 46 47 58 74
 14 15 46 47 58 72 73
 14 15 46 47 58 59
 14 15 46 47 58 59 74
 14 15 46 47 58 59 72 73
 14 15 46 47 57 58
 14 15 46 47 57 58 74
 14 15 46 47 57 58 72 73
 14 15 32 48 58 74
 14 15 32 48 58 72 73
 14 15 32 47 48 58
 14 15 32 46 47 58
 14 15 32 46 47 58 74
 14 15 32 46 47 58 72 73
 14 15 21 58 74
 14 15 21 58 72 73
 14 15 21 58 59 74
 14 15 21 58 59 72 73
 14 15 21 57 58 74
 14 15 21 57 58 72 73
 14 15 21 47 58
 14 15 21 47 58 59
 14 15 21 47 57 58
 14 15 21 32 58 74
 14 15 21 32 58 72 73
 14 15 21 32 47 58
 13 14 48 58 59 74
 13 14 48 58 59 72 73
 13 14 48 58 59 61 74
 13 14 48 58 59 61 72 73
 13 14 48 58 59 60 61
 13 14 48 58 59 60 61 74
 13 14 48 58 59 60 61 72 73
 13 14 48 57 58 74
 13 14 48 57 58 72 73
 13 14 48 57 58 61 74
 13 14 48 57 58 61 72 73
 13 14 48 57 58 60
 13 14 48 57 58 60 61
 13 14 48 57 58 60 61 74
 13 14 48 57 58 60 61 72 73
 13 14 48 57 58 59 60
 13 14 47 48 58 59
 13 14 47 48 58 59 61
 13 14 47 48 58 59 60 61
 13 14 47 48 57 58
 13 14 47 48 57 58 61
 13 14 47 48 57 58 60 61
 13 14 46 47 58 59
 13 14 46 47 58 59 74
 13 14 46 47 58 59 72 73
 13 14 46 47 58 59 61
 13 14 46 47 58 59 61 74
 13 14 46 47 58 59 61 72 73
 13 14 46 47 58 59 60 61 74
 13 14 46 47 58 59 60 61 72 73
 13 14 46 47 57 58
 13 14 46 47 57 58 74
 13 14 46 47 57 58 72 73
 13 14 46 47 57 58 61
 13 14 46 47 57 58 61 74
 13 14 46 47 57 58 61 72 73
 13 14 46 47 57 58 60
 13 14 46 47 57 58 60 61 74
 13 14 46 47 57 58 60 61 72 73
 13 14 46 47 57 58 59 60
 13 14 34 48 58 59 74
 13 14 34 48 58 59 72 73
 13 14 34 48 58 59 60
 13 14 34 48 58 59 60 74
 13 14 34 48 58 59 60 72 73
 13 14 34 48 57 58 74
 13 14 34 48 57 58 72 73
 13 14 34 48 57 58 60
 13 14 34 48 57 58 60 74
 13 14 34 48 57 58 60 72 73
 13 14 34 47 48 58 59
 13 14 34 47 48 58 59 60
 13 14 34 47 48 57 58
 13 14 34 47 48 57 58 60
 13 14 34 46 47 58 59
 13 14 34 46 47 58 59 74
 13 14 34 46 47 58 59 72 73
 13 14 34 46 47 58 59 60 74
 13 14 34 46 47 58 59 60 72 73
 13 14 34 46 47 57 58
 13 14 34 46 47 57 58 74
 13 14 34 46 47 57 58 72 73
 13 14 34 46 47 57 58 60 74
 13 14 34 46 47 57 58 60 72 73
 13 14 32 48 58 74
 13 14 32 48 58 72 73
 13 14 32 48 58 61 74
 13 14 32 48 58 61 72 73
 13 14 32 48 58 60
 13 14 32 48 58 60 61
 13 14 32 48 58 60 61 74
 13 14 32 48 58 60 61 72 73
 13 14 32 48 58 59 60
 13 14 32 47 48 58
 13 14 32 47 48 58 61
 13 14 32 47 48 58 60 61
 13 14 32 46 47 58
 13 14 32 46 47 58 74
 13 14 32 46 47 58 72 73
 13 14 32 46 47 58 61
 13 14 32 46 47 58 61 74
 13 14 32 46 47 58 61 72 73
 13 14 32 46 47 58 60
 13 14 32 46 47 58 60 61 74
 13 14 32 46 47 58 60 61 72 73
 13 14 32 46 47 58 59 60
 13 14 32 34 48 58 74
 13 14 32 34 48 58 72 73
 13 14 32 34 48 58 60
 13 14 32 34 48 58 60 74
 13 14 32 34 48 58 60 72 73
 13 14 32 34 47 48 58
 13 14 32 34 47 48 58 60
 13 14 32 34 46 47 58
 13 14 32 34 46 47 58 74
 13 14 32 34 46 47 58 72 73
 13 14 32 34 46 47 58 60 74
 13 14 32 34 46 47 58 60 72 73
 13 14 21 58 59 74
 13 14 21 58 59 72 73
 13 14 21 58 59 61 74
 13 14 21 58 59 61 72 73
 13 14 21 58 59 60 61
 13 14 21 58 59 60 61 74
 13 14 21 58 59 60 61 72 73
 13 14 21 57 58 74
 13 14 21 57 58 72 73
 13 14 21 57 58 61 74
 13 14 21 57 58 61 72 73
 13 14 21 57 58 60
 13 14 21 57 58 60 61
 13 14 21 57 58 60 61 74
 13 14 21 57 58 60 61 72 73
 13 14 21 57 58 59 60
 13 14 21 47 58 59
 13 14 21 47 58 59 61
 13 14 21 47 58 59 60 61
 13 14 21 47 57 58
 13 14 21 47 57 58 61
 13 14 21 47 57 58 60 61
 13 14 21 34 58 59 74
 13 14 21 34 58 59 72 73
 13 14 21 34 58 59 60
 13 14 21 34 58 59 60 74
 13 14 21 34 58 59 60 72 73
 13 14 21 34 57 58 74
 13 14 21 34 57 58 72 73
 13 14 21 34 57 58 60
 13 14 21 34 57 58 60 74
 13 14 21 34 57 58 60 72 73
 13 14 21 34 47 58 59
 13 14 21 34 47 58 59 60
 13 14 21 34 47 57 58
 13 14 21 34 47 57 58 60
 13 14 21 32 58 74
 13 14 21 32 58 72 73
 13 14 21 32 58 61 74
 13 14 21 32 58 61 72 73
 13 14 21 32 58 60
 13 14 21 32 58 60 61
 13 14 21 32 58 60 61 74
 13 14 21 32 58 60 61 72 73
 13 14 21 32 58 59 60
 13 14 21 32 47 58
 13 14 21 32 47 58 61
 13 14 21 32 47 58 60 61
 13 14 21 32 34 58 74
 13 14 21 32 34 58 72 73
 13 14 21 32 34 58 60
 13 14 21 32 34 58 60 74
 13 14 21 32 34 58 60 72 73
 13 14 21 32 34 47 58
 13 14 21 32 34 47 58 60
 0 48 74
 0 48 72 73
 0 47 48
 0 46 47
 0 46 47 74
 0 46 47 72 73
 0 21 74
 0 21 72 73
 0 21 47
