 58 63 71 74
 58 63 71 72 73
 58 63 69 70 74
 58 63 69 70 72 73
 58 61 62 71 74
 58 61 62 71 72 73
 58 61 62 69 70 74
 58 61 62 69 70 72 73
 58 59 63 74
 58 59 63 72 73
 58 59 63 64
 58 59 63 64 71
 58 59 63 64 69 70
 58 59 61 62 74
 58 59 61 62 72 73
 58 59 61 62 64
 58 59 61 62 64 71
 58 59 61 62 64 69 70
 57 58 63 74
 57 58 63 72 73
 57 58 63 64
 57 58 63 64 71
 57 58 63 64 69 70
 57 58 61 62 74
 57 58 61 62 72 73
 57 58 61 62 64
 57 58 61 62 64 71
 57 58 61 62 64 69 70
 47 58 63 71
 47 58 63 69 70
 47 58 61 62 71
 47 58 61 62 69 70
 47 58 59 63
 47 58 59 61 62
 47 57 58 63
 47 57 58 61 62
 46
 46 68
 46 64
 46 64 78 79
 46 64 71 78 79
 46 64 69 70 78 79
 46 62
 46 62 71
 46 62 69 70
 46 59 64 78 79
 46 59 62
 46 58 64 78 79
 46 58 63 71
 46 58 63 69
 46 58 63 69 70
 46 58 63 67 68
 46 58 62
 46 58 61 62 71
 46 58 61 62 69
 46 58 61 62 69 70
 46 58 61 62 67 68
 46 58 59 63
 46 58 59 61 62
 46 57 58 64 78 79
 46 57 58 63
 46 57 58 63 69
 46 57 58 63 67 68
 46 57 58 62
 46 57 58 61 62
 46 57 58 61 62 69
 46 57 58 61 62 67 68
 46 56 58 63 69
 46 56 58 63 67 68
 46 56 58 61 62 69
 46 56 58 61 62 67 68
 46 55 62
 46 55 62 71
 46 55 62 69 70
 46 55 59 62
 46 55 58 63 69
 46 55 58 63 67 68
 46 55 58 62
 46 55 58 61 62 69
 46 55 58 61 62 67 68
 46 55 57 58 62
 46 55 56 58 63 69
 46 55 56 58 63 67 68
 46 55 56 58 61 62 69
 46 55 56 58 61 62 67 68
 46 53 64
 46 53 64 71
 46 53 64 69 70
 46 53 59 64
 46 53 58 64
 46 53 57 58 64
 44 58 63 74
 44 58 63 72 73
 44 58 61 62 74
 44 58 61 62 72 73
 44 58 59 63 64
 44 58 59 61 62 64
 44 57 58 63 64
 44 57 58 61 62 64
 44 47 58 63
 44 47 58 61 62
 44 46 64 78 79
 44 46 64 71
 44 46 64 69 70
 44 46 62
 44 46 59 64
 44 46 58
 44 46 58 71
 44 46 58 69 70
 44 46 58 64
 44 46 58 63
 44 46 58 61 62
 44 46 58 59
 44 46 57 58
 44 46 57 58 64
 44 46 55 62
 44 46 53 64
 44 45
 44 45 68
 44 45 64
 44 45 64 71
 44 45 64 71 78 79
 44 45 64 69 70
 44 45 64 69 70 78 79
 44 45 59 64
 44 45 59 64 78 79
 44 45 58
 44 45 58 71
 44 45 58 69 70
 44 45 58 64
 44 45 58 64 78 79
 44 45 58 63
 44 45 58 63 71
 44 45 58 63 69
 44 45 58 63 69 70
 44 45 58 63 67 68
 44 45 58 61 62
 44 45 58 61 62 71
 44 45 58 61 62 69
 44 45 58 61 62 69 70
 44 45 58 61 62 67 68
 44 45 58 59
 44 45 58 59 63
 44 45 58 59 61 62
 44 45 57 58
 44 45 57 58 64
 44 45 57 58 64 78 79
 44 45 57 58 63
 44 45 57 58 63 69
 44 45 57 58 63 67 68
 44 45 57 58 61 62
 44 45 57 58 61 62 69
 44 45 57 58 61 62 67 68
 44 45 56 58 63 69
 44 45 56 58 63 67 68
 44 45 56 58 61 62 69
 44 45 56 58 61 62 67 68
 44 45 55 62 71
 44 45 55 62 69 70
 44 45 55 59 62
 44 45 55 58 63 69
 44 45 55 58 63 67 68
 44 45 55 58 62
 44 45 55 58 61 62 69
 44 45 55 58 61 62 67 68
 44 45 55 57 58 62
 44 45 55 56 58 63 69
 44 45 55 56 58 63 67 68
 44 45 55 56 58 61 62 69
 44 45 55 56 58 61 62 67 68
 44 45 53 64 71
 44 45 53 64 69 70
 44 45 53 59 64
 44 45 53 58 64
 44 45 53 57 58 64
 44 45 46 62 71
 44 45 46 62 69 70
 44 45 46 59 62
 44 45 46 58 62
 44 45 46 57 58 62
 42 46 58 63
 42 46 58 61 62
 42 46 57 58 63
 42 46 57 58 61 62
 42 46 56 58 63
 42 46 56 58 61 62
 42 46 55 58 63
 42 46 55 58 61 62
 42 46 55 56 58 63
 42 46 55 56 58 61 62
 42 44 45 58 63
 42 44 45 58 61 62
 42 44 45 57 58 63
 42 44 45 57 58 61 62
 42 44 45 56 58 63
 42 44 45 56 58 61 62
 42 44 45 55 58 63
 42 44 45 55 58 61 62
 42 44 45 55 56 58 63
 42 44 45 55 56 58 61 62
 36 58 71 74
 36 58 71 72 73
 36 58 69 70 74
 36 58 69 70 72 73
 36 58 59 74
 36 58 59 72 73
 36 58 59 64
 36 58 59 64 71
 36 58 59 64 69 70
 36 57 58 74
 36 57 58 72 73
 36 57 58 64
 36 57 58 64 71
 36 57 58 64 69 70
 36 47 58 71
 36 47 58 69 70
 36 47 58 59
 36 47 57 58
 36 46 58 71
 36 46 58 69
 36 46 58 69 70
 36 46 58 67 68
 36 46 58 59
 36 46 57 58
 36 46 57 58 69
 36 46 57 58 67 68
 36 46 56 58 69
 36 46 56 58 67 68
 36 46 55 58 69
 36 46 55 58 67 68
 36 46 55 56 58 69
 36 46 55 56 58 67 68
 36 44 58 74
 36 44 58 72 73
 36 44 58 59 64
 36 44 57 58 64
 36 44 47 58
 36 44 46 58
 36 44 45 58
 36 44 45 58 71
 36 44 45 58 69
 36 44 45 58 69 70
 36 44 45 58 67 68
 36 44 45 58 59
 36 44 45 57 58
 36 44 45 57 58 69
 36 44 45 57 58 67 68
 36 44 45 56 58 69
 36 44 45 56 58 67 68
 36 44 45 55 58 69
 36 44 45 55 58 67 68
 36 44 45 55 56 58 69
 36 44 45 55 56 58 67 68
 36 42 46 58
 36 42 46 57 58
 36 42 46 56 58
 36 42 46 55 58
 36 42 46 55 56 58
 36 42 44 45 58
 36 42 44 45 57 58
 36 42 44 45 56 58
 36 42 44 45 55 58
 36 42 44 45 55 56 58
 32 58 63 64 71
 32 58 63 64 69 70
 32 58 61 62 64 71
 32 58 61 62 64 69 70
 32 58 59 63 64
 32 58 59 61 62 64
 32 57 58 63 64
 32 57 58 61 62 64
 32 44 58 63 64
 32 44 58 61 62 64
 32 36 58 64 71
 32 36 58 64 69 70
 32 36 58 59 64
 32 36 57 58 64
 32 36 44 58 64
 26 46
 26 44 45
 24 25 46
 24 25 44 45
 19
 19 68
 19 64
 19 64 78 79
 19 64 71 78 79
 19 64 69 70 78 79
 19 59 64 78 79
 19 58 64 78 79
 19 58 63 71
 19 58 63 69
 19 58 63 69 70
 19 58 63 67 68
 19 58 61 62 71
 19 58 61 62 69
 19 58 61 62 69 70
 19 58 61 62 67 68
 19 58 59 63
 19 58 59 61 62
 19 57 58 64 78 79
 19 57 58 63
 19 57 58 63 69
 19 57 58 63 67 68
 19 57 58 61 62
 19 57 58 61 62 69
 19 57 58 61 62 67 68
 19 56 58 63 69
 19 56 58 63 67 68
 19 56 58 61 62 69
 19 56 58 61 62 67 68
 19 55 62
 19 55 62 71
 19 55 62 69 70
 19 55 59 62
 19 55 58 63 69
 19 55 58 63 67 68
 19 55 58 62
 19 55 58 61 62 69
 19 55 58 61 62 67 68
 19 55 57 58 62
 19 55 56 58 63 69
 19 55 56 58 63 67 68
 19 55 56 58 61 62 69
 19 55 56 58 61 62 67 68
 19 53 64
 19 53 64 71
 19 53 64 69 70
 19 53 59 64
 19 53 58 64
 19 53 57 58 64
 19 46 62
 19 46 62 71
 19 46 62 69 70
 19 46 59 62
 19 46 58 62
 19 46 57 58 62
 19 44 64 78 79
 19 44 64 71
 19 44 64 69 70
 19 44 59 64
 19 44 58
 19 44 58 71
 19 44 58 69 70
 19 44 58 64
 19 44 58 63
 19 44 58 61 62
 19 44 58 59
 19 44 57 58
 19 44 57 58 64
 19 44 55 62
 19 44 53 64
 19 44 46 62
 19 42 58 63
 19 42 58 61 62
 19 42 57 58 63
 19 42 57 58 61 62
 19 42 56 58 63
 19 42 56 58 61 62
 19 42 55 58 63
 19 42 55 58 61 62
 19 42 55 56 58 63
 19 42 55 56 58 61 62
 19 36 58 71
 19 36 58 69
 19 36 58 69 70
 19 36 58 67 68
 19 36 58 59
 19 36 57 58
 19 36 57 58 69
 19 36 57 58 67 68
 19 36 56 58 69
 19 36 56 58 67 68
 19 36 55 58 69
 19 36 55 58 67 68
 19 36 55 56 58 69
 19 36 55 56 58 67 68
 19 36 44 58
 19 36 42 58
 19 36 42 57 58
 19 36 42 56 58
 19 36 42 55 58
 19 36 42 55 56 58
 19 26
 19 24 25
 4 46 62
 4 46 62 71
 4 46 62 69 70
 4 46 59 62
 4 46 58 62
 4 46 57 58 62
 4 44 46 62
 4 44 45 62 71
 4 44 45 62 69 70
 4 44 45 59 62
 4 44 45 58 62
 4 44 45 57 58 62
 4 19 62
 4 19 62 71
 4 19 62 69 70
 4 19 59 62
 4 19 58 62
 4 19 57 58 62
 4 19 44 62
 2 46 64
 2 46 64 71
 2 46 64 69 70
 2 46 59 64
 2 46 58 71
 2 46 58 69 70
 2 46 58 64
 2 46 58 59
 2 46 57 58
 2 46 57 58 64
 2 44 46 64
 2 44 46 58
 2 44 45 64 71
 2 44 45 64 69 70
 2 44 45 59 64
 2 44 45 58
 2 44 45 58 71
 2 44 45 58 69 70
 2 44 45 58 64
 2 44 45 58 59
 2 44 45 57 58
 2 44 45 57 58 64
 2 19 64
 2 19 64 71
 2 19 64 69 70
 2 19 59 64
 2 19 58 71
 2 19 58 69 70
 2 19 58 64
 2 19 58 59
 2 19 57 58
 2 19 57 58 64
 2 19 44 64
 2 19 44 58
 2 3 46 62
 2 3 46 62 71
 2 3 46 62 69 70
 2 3 46 59 62
 2 3 46 58 62
 2 3 46 57 58 62
 2 3 44 46 62
 2 3 44 45 62 71
 2 3 44 45 62 69 70
 2 3 44 45 59 62
 2 3 44 45 58 62
 2 3 44 45 57 58 62
 2 3 19 62
 2 3 19 62 71
 2 3 19 62 69 70
 2 3 19 59 62
 2 3 19 58 62
 2 3 19 57 58 62
 2 3 19 44 62
 0 1 46 64
 0 1 46 64 71
 0 1 46 64 69 70
 0 1 46 59 64
 0 1 46 58 71
 0 1 46 58 69 70
 0 1 46 58 64
 0 1 46 58 59
 0 1 46 57 58
 0 1 46 57 58 64
 0 1 44 46 64
 0 1 44 46 58
 0 1 44 45 64 71
 0 1 44 45 64 69 70
 0 1 44 45 59 64
 0 1 44 45 58
 0 1 44 45 58 71
 0 1 44 45 58 69 70
 0 1 44 45 58 64
 0 1 44 45 58 59
 0 1 44 45 57 58
 0 1 44 45 57 58 64
 0 1 19 64
 0 1 19 64 71
 0 1 19 64 69 70
 0 1 19 59 64
 0 1 19 58 71
 0 1 19 58 69 70
 0 1 19 58 64
 0 1 19 58 59
 0 1 19 57 58
 0 1 19 57 58 64
 0 1 19 44 64
 0 1 19 44 58
