 48 61 64 72
 48 61 64 70 71
 48 59 60 64 72
 48 59 60 64 70 71
 46 58 72
 46 58 70 71
 46 58 63 64 72
 46 58 63 64 70 71
 46 58 61 62 64 72
 46 58 61 62 64 70 71
 46 47 61 64 72
 46 47 61 64 70 71
 46 47 59 60 64 72
 46 47 59 60 64 70 71
 45 48 61 64
 45 48 59 60 64
 45 46 58
 45 46 58 63 64
 45 46 58 61 62 64
 45 46 47 61 64
 45 46 47 59 60 64
 44 45 58
 44 45 58 72
 44 45 58 70 71
 44 45 58 63 64
 44 45 58 63 64 72
 44 45 58 63 64 70 71
 44 45 58 61 62 64
 44 45 58 61 62 64 72
 44 45 58 61 62 64 70 71
 36 46 58 64 72
 36 46 58 64 70 71
 36 45 46 58 64
 36 44 45 58 64
 36 44 45 58 64 72
 36 44 45 58 64 70 71
 34 48 64 72
 34 48 64 70 71
 34 46 47 64 72
 34 46 47 64 70 71
 34 45 48 64
 34 45 46 47 64
 29 59 64 65
 29 59 61 62 64
 29 57 58 64 65
 29 57 58 61 62 64
 29 46 65
 29 46 63
 29 46 63 64
 29 46 61 62
 29 44 45 65
 29 44 45 63
 29 44 45 63 64
 29 44 45 61 62
 29 38 59 64
 29 38 57 58 64
 29 38 46
 29 38 44 45
 29 36 59 64
 29 36 57 58 64
 29 36 46
 29 36 44 45
 29 32 64 65
 29 32 61 62 64
 29 32 38 64
 29 32 36 64
 27 48 62 72
 27 48 62 72 78 79
 27 48 62 70 71
 27 48 62 70 71 78 79
 27 48 55 62 72
 27 48 55 62 70 71
 27 48 54 62 72
 27 48 54 62 70 71
 27 48 53 62 72
 27 48 53 62 70 71
 27 48 52 53 62 72
 27 48 52 53 62 70 71
 27 46 62 72
 27 46 62 70 71
 27 46 58 62 72
 27 46 58 62 70 71
 27 46 54 62 72
 27 46 54 62 70 71
 27 46 52 53 62 72
 27 46 52 53 62 70 71
 27 46 47 62 72
 27 46 47 62 72 78 79
 27 46 47 62 70 71
 27 46 47 62 70 71 78 79
 27 46 47 55 62 72
 27 46 47 55 62 70 71
 27 46 47 54 62 72
 27 46 47 54 62 70 71
 27 46 47 53 62 72
 27 46 47 53 62 70 71
 27 46 47 52 53 62 72
 27 46 47 52 53 62 70 71
 27 45 48 62
 27 45 48 62 78 79
 27 45 48 55 62
 27 45 48 54 62
 27 45 48 53 62
 27 45 48 52 53 62
 27 45 46 62
 27 45 46 58 62
 27 45 46 54 62
 27 45 46 52 53 62
 27 45 46 47 62
 27 45 46 47 62 78 79
 27 45 46 47 55 62
 27 45 46 47 54 62
 27 45 46 47 53 62
 27 45 46 47 52 53 62
 27 44 45 62
 27 44 45 62 72
 27 44 45 62 70 71
 27 44 45 58 62
 27 44 45 58 62 72
 27 44 45 58 62 70 71
 27 44 45 54 62
 27 44 45 54 62 72
 27 44 45 54 62 70 71
 27 44 45 52 53 62
 27 44 45 52 53 62 72
 27 44 45 52 53 62 70 71
 27 39 48 62 72 78 79
 27 39 48 62 70 71 78 79
 27 39 48 54 62 72
 27 39 48 54 62 70 71
 27 39 48 53 62 72
 27 39 48 53 62 70 71
 27 39 48 52 53 62 72
 27 39 48 52 53 62 70 71
 27 39 46 47 62 72 78 79
 27 39 46 47 62 70 71 78 79
 27 39 46 47 54 62 72
 27 39 46 47 54 62 70 71
 27 39 46 47 53 62 72
 27 39 46 47 53 62 70 71
 27 39 46 47 52 53 62 72
 27 39 46 47 52 53 62 70 71
 27 39 45 48 62 78 79
 27 39 45 48 54 62
 27 39 45 48 53 62
 27 39 45 48 52 53 62
 27 39 45 46 47 62 78 79
 27 39 45 46 47 54 62
 27 39 45 46 47 53 62
 27 39 45 46 47 52 53 62
 27 37 38 48 62 72 78 79
 27 37 38 48 62 70 71 78 79
 27 37 38 48 54 62 72
 27 37 38 48 54 62 70 71
 27 37 38 48 53 62 72
 27 37 38 48 53 62 70 71
 27 37 38 48 52 53 62 72
 27 37 38 48 52 53 62 70 71
 27 37 38 46 47 62 72 78 79
 27 37 38 46 47 62 70 71 78 79
 27 37 38 46 47 54 62 72
 27 37 38 46 47 54 62 70 71
 27 37 38 46 47 53 62 72
 27 37 38 46 47 53 62 70 71
 27 37 38 46 47 52 53 62 72
 27 37 38 46 47 52 53 62 70 71
 27 37 38 45 48 62 78 79
 27 37 38 45 48 54 62
 27 37 38 45 48 53 62
 27 37 38 45 48 52 53 62
 27 37 38 45 46 47 62 78 79
 27 37 38 45 46 47 54 62
 27 37 38 45 46 47 53 62
 27 37 38 45 46 47 52 53 62
 27 28 59 64 65
 27 28 59 61 62 64
 27 28 57 58 64 65
 27 28 57 58 61 62 64
 27 28 46 65
 27 28 46 63
 27 28 46 63 64
 27 28 46 61 62
 27 28 44 45 65
 27 28 44 45 63
 27 28 44 45 63 64
 27 28 44 45 61 62
 27 28 38 59 64
 27 28 38 57 58 64
 27 28 38 46
 27 28 38 44 45
 27 28 36 59 64
 27 28 36 57 58 64
 27 28 36 46
 27 28 36 44 45
 27 28 32 64 65
 27 28 32 61 62 64
 27 28 32 38 64
 27 28 32 36 64
 25 26 48 62 72 78 79
 25 26 48 62 70 71 78 79
 25 26 48 55 62 72
 25 26 48 55 62 70 71
 25 26 48 54 62 72
 25 26 48 54 62 70 71
 25 26 48 53 62 72
 25 26 48 53 62 70 71
 25 26 48 52 53 62 72
 25 26 48 52 53 62 70 71
 25 26 46 58 62 72
 25 26 46 58 62 70 71
 25 26 46 54 62 72
 25 26 46 54 62 70 71
 25 26 46 52 53 62 72
 25 26 46 52 53 62 70 71
 25 26 46 47 62 72 78 79
 25 26 46 47 62 70 71 78 79
 25 26 46 47 55 62 72
 25 26 46 47 55 62 70 71
 25 26 46 47 54 62 72
 25 26 46 47 54 62 70 71
 25 26 46 47 53 62 72
 25 26 46 47 53 62 70 71
 25 26 46 47 52 53 62 72
 25 26 46 47 52 53 62 70 71
 25 26 45 48 62 78 79
 25 26 45 48 55 62
 25 26 45 48 54 62
 25 26 45 48 53 62
 25 26 45 48 52 53 62
 25 26 45 46 58 62
 25 26 45 46 54 62
 25 26 45 46 52 53 62
 25 26 45 46 47 62 78 79
 25 26 45 46 47 55 62
 25 26 45 46 47 54 62
 25 26 45 46 47 53 62
 25 26 45 46 47 52 53 62
 25 26 44 45 58 62
 25 26 44 45 58 62 72
 25 26 44 45 58 62 70 71
 25 26 44 45 54 62
 25 26 44 45 54 62 72
 25 26 44 45 54 62 70 71
 25 26 44 45 52 53 62
 25 26 44 45 52 53 62 72
 25 26 44 45 52 53 62 70 71
 25 26 39 48 62 72
 25 26 39 48 62 72 78 79
 25 26 39 48 62 70 71
 25 26 39 48 62 70 71 78 79
 25 26 39 48 54 62 72
 25 26 39 48 54 62 70 71
 25 26 39 48 53 62 72
 25 26 39 48 53 62 70 71
 25 26 39 48 52 53 62 72
 25 26 39 48 52 53 62 70 71
 25 26 39 46 47 62 72
 25 26 39 46 47 62 72 78 79
 25 26 39 46 47 62 70 71
 25 26 39 46 47 62 70 71 78 79
 25 26 39 46 47 54 62 72
 25 26 39 46 47 54 62 70 71
 25 26 39 46 47 53 62 72
 25 26 39 46 47 53 62 70 71
 25 26 39 46 47 52 53 62 72
 25 26 39 46 47 52 53 62 70 71
 25 26 39 45 48 62
 25 26 39 45 48 62 78 79
 25 26 39 45 48 54 62
 25 26 39 45 48 53 62
 25 26 39 45 48 52 53 62
 25 26 39 45 46 47 62
 25 26 39 45 46 47 62 78 79
 25 26 39 45 46 47 54 62
 25 26 39 45 46 47 53 62
 25 26 39 45 46 47 52 53 62
 25 26 37 38 48 62 72
 25 26 37 38 48 62 72 78 79
 25 26 37 38 48 62 70 71
 25 26 37 38 48 62 70 71 78 79
 25 26 37 38 48 54 62 72
 25 26 37 38 48 54 62 70 71
 25 26 37 38 48 53 62 72
 25 26 37 38 48 53 62 70 71
 25 26 37 38 48 52 53 62 72
 25 26 37 38 48 52 53 62 70 71
 25 26 37 38 46 47 62 72
 25 26 37 38 46 47 62 72 78 79
 25 26 37 38 46 47 62 70 71
 25 26 37 38 46 47 62 70 71 78 79
 25 26 37 38 46 47 54 62 72
 25 26 37 38 46 47 54 62 70 71
 25 26 37 38 46 47 53 62 72
 25 26 37 38 46 47 53 62 70 71
 25 26 37 38 46 47 52 53 62 72
 25 26 37 38 46 47 52 53 62 70 71
 25 26 37 38 45 48 62
 25 26 37 38 45 48 62 78 79
 25 26 37 38 45 48 54 62
 25 26 37 38 45 48 53 62
 25 26 37 38 45 48 52 53 62
 25 26 37 38 45 46 47 62
 25 26 37 38 45 46 47 62 78 79
 25 26 37 38 45 46 47 54 62
 25 26 37 38 45 46 47 53 62
 25 26 37 38 45 46 47 52 53 62
 25 26 27 48 62 72
 25 26 27 48 62 70 71
 25 26 27 46 62 72
 25 26 27 46 62 70 71
 25 26 27 46 47 62 72
 25 26 27 46 47 62 70 71
 25 26 27 45 48 62
 25 26 27 45 46 62
 25 26 27 45 46 47 62
 25 26 27 44 45 62
 25 26 27 44 45 62 72
 25 26 27 44 45 62 70 71
 25 26 27 39 48 62 72
 25 26 27 39 48 62 70 71
 25 26 27 39 46 47 62 72
 25 26 27 39 46 47 62 70 71
 25 26 27 39 45 48 62
 25 26 27 39 45 46 47 62
 25 26 27 37 38 48 62 72
 25 26 27 37 38 48 62 70 71
 25 26 27 37 38 46 47 62 72
 25 26 27 37 38 46 47 62 70 71
 25 26 27 37 38 45 48 62
 25 26 27 37 38 45 46 47 62
 21 61 64 72
 21 61 64 70 71
 21 59 60 64 72
 21 59 60 64 70 71
 21 45 61 64
 21 45 59 60 64
 21 34 64 72
 21 34 64 70 71
 21 34 45 64
 21 27 62 72
 21 27 62 72 78 79
 21 27 62 70 71
 21 27 62 70 71 78 79
 21 27 55 62 72
 21 27 55 62 70 71
 21 27 54 62 72
 21 27 54 62 70 71
 21 27 53 62 72
 21 27 53 62 70 71
 21 27 52 53 62 72
 21 27 52 53 62 70 71
 21 27 45 62
 21 27 45 62 78 79
 21 27 45 55 62
 21 27 45 54 62
 21 27 45 53 62
 21 27 45 52 53 62
 21 27 39 62 72 78 79
 21 27 39 62 70 71 78 79
 21 27 39 54 62 72
 21 27 39 54 62 70 71
 21 27 39 53 62 72
 21 27 39 53 62 70 71
 21 27 39 52 53 62 72
 21 27 39 52 53 62 70 71
 21 27 39 45 62 78 79
 21 27 39 45 54 62
 21 27 39 45 53 62
 21 27 39 45 52 53 62
 21 27 37 38 62 72 78 79
 21 27 37 38 62 70 71 78 79
 21 27 37 38 54 62 72
 21 27 37 38 54 62 70 71
 21 27 37 38 53 62 72
 21 27 37 38 53 62 70 71
 21 27 37 38 52 53 62 72
 21 27 37 38 52 53 62 70 71
 21 27 37 38 45 62 78 79
 21 27 37 38 45 54 62
 21 27 37 38 45 53 62
 21 27 37 38 45 52 53 62
 21 25 26 62 72 78 79
 21 25 26 62 70 71 78 79
 21 25 26 55 62 72
 21 25 26 55 62 70 71
 21 25 26 54 62 72
 21 25 26 54 62 70 71
 21 25 26 53 62 72
 21 25 26 53 62 70 71
 21 25 26 52 53 62 72
 21 25 26 52 53 62 70 71
 21 25 26 45 62 78 79
 21 25 26 45 55 62
 21 25 26 45 54 62
 21 25 26 45 53 62
 21 25 26 45 52 53 62
 21 25 26 39 62 72
 21 25 26 39 62 72 78 79
 21 25 26 39 62 70 71
 21 25 26 39 62 70 71 78 79
 21 25 26 39 54 62 72
 21 25 26 39 54 62 70 71
 21 25 26 39 53 62 72
 21 25 26 39 53 62 70 71
 21 25 26 39 52 53 62 72
 21 25 26 39 52 53 62 70 71
 21 25 26 39 45 62
 21 25 26 39 45 62 78 79
 21 25 26 39 45 54 62
 21 25 26 39 45 53 62
 21 25 26 39 45 52 53 62
 21 25 26 37 38 62 72
 21 25 26 37 38 62 72 78 79
 21 25 26 37 38 62 70 71
 21 25 26 37 38 62 70 71 78 79
 21 25 26 37 38 54 62 72
 21 25 26 37 38 54 62 70 71
 21 25 26 37 38 53 62 72
 21 25 26 37 38 53 62 70 71
 21 25 26 37 38 52 53 62 72
 21 25 26 37 38 52 53 62 70 71
 21 25 26 37 38 45 62
 21 25 26 37 38 45 62 78 79
 21 25 26 37 38 45 54 62
 21 25 26 37 38 45 53 62
 21 25 26 37 38 45 52 53 62
 21 25 26 27 62 72
 21 25 26 27 62 70 71
 21 25 26 27 45 62
 21 25 26 27 39 62 72
 21 25 26 27 39 62 70 71
 21 25 26 27 39 45 62
 21 25 26 27 37 38 62 72
 21 25 26 27 37 38 62 70 71
 21 25 26 27 37 38 45 62
 19 58 72
 19 58 70 71
 19 58 63 64 72
 19 58 63 64 70 71
 19 58 61 62 64 72
 19 58 61 62 64 70 71
 19 45 58
 19 45 58 63 64
 19 45 58 61 62 64
 19 36 58 64 72
 19 36 58 64 70 71
 19 36 45 58 64
 19 29 65
 19 29 63
 19 29 63 64
 19 29 61 62
 19 29 38
 19 29 36
 19 27 62 72
 19 27 62 70 71
 19 27 58 62 72
 19 27 58 62 70 71
 19 27 54 62 72
 19 27 54 62 70 71
 19 27 52 53 62 72
 19 27 52 53 62 70 71
 19 27 45 62
 19 27 45 58 62
 19 27 45 54 62
 19 27 45 52 53 62
 19 27 28 65
 19 27 28 63
 19 27 28 63 64
 19 27 28 61 62
 19 27 28 38
 19 27 28 36
 19 25 26 58 62 72
 19 25 26 58 62 70 71
 19 25 26 54 62 72
 19 25 26 54 62 70 71
 19 25 26 52 53 62 72
 19 25 26 52 53 62 70 71
 19 25 26 45 58 62
 19 25 26 45 54 62
 19 25 26 45 52 53 62
 19 25 26 27 62 72
 19 25 26 27 62 70 71
 19 25 26 27 45 62
 12 27 48 62 72 78 79
 12 27 48 62 70 71 78 79
 12 27 48 54 62 72
 12 27 48 54 62 70 71
 12 27 48 53 62 72
 12 27 48 53 62 70 71
 12 27 48 52 53 62 72
 12 27 48 52 53 62 70 71
 12 27 46 47 62 72 78 79
 12 27 46 47 62 70 71 78 79
 12 27 46 47 54 62 72
 12 27 46 47 54 62 70 71
 12 27 46 47 53 62 72
 12 27 46 47 53 62 70 71
 12 27 46 47 52 53 62 72
 12 27 46 47 52 53 62 70 71
 12 27 45 48 62 78 79
 12 27 45 48 54 62
 12 27 45 48 53 62
 12 27 45 48 52 53 62
 12 27 45 46 47 62 78 79
 12 27 45 46 47 54 62
 12 27 45 46 47 53 62
 12 27 45 46 47 52 53 62
 12 25 26 48 62 72
 12 25 26 48 62 72 78 79
 12 25 26 48 62 70 71
 12 25 26 48 62 70 71 78 79
 12 25 26 48 54 62 72
 12 25 26 48 54 62 70 71
 12 25 26 48 53 62 72
 12 25 26 48 53 62 70 71
 12 25 26 48 52 53 62 72
 12 25 26 48 52 53 62 70 71
 12 25 26 46 47 62 72
 12 25 26 46 47 62 72 78 79
 12 25 26 46 47 62 70 71
 12 25 26 46 47 62 70 71 78 79
 12 25 26 46 47 54 62 72
 12 25 26 46 47 54 62 70 71
 12 25 26 46 47 53 62 72
 12 25 26 46 47 53 62 70 71
 12 25 26 46 47 52 53 62 72
 12 25 26 46 47 52 53 62 70 71
 12 25 26 45 48 62
 12 25 26 45 48 62 78 79
 12 25 26 45 48 54 62
 12 25 26 45 48 53 62
 12 25 26 45 48 52 53 62
 12 25 26 45 46 47 62
 12 25 26 45 46 47 62 78 79
 12 25 26 45 46 47 54 62
 12 25 26 45 46 47 53 62
 12 25 26 45 46 47 52 53 62
 12 25 26 27 48 62 72
 12 25 26 27 48 62 70 71
 12 25 26 27 46 47 62 72
 12 25 26 27 46 47 62 70 71
 12 25 26 27 45 48 62
 12 25 26 27 45 46 47 62
 12 21 27 62 72 78 79
 12 21 27 62 70 71 78 79
 12 21 27 54 62 72
 12 21 27 54 62 70 71
 12 21 27 53 62 72
 12 21 27 53 62 70 71
 12 21 27 52 53 62 72
 12 21 27 52 53 62 70 71
 12 21 27 45 62 78 79
 12 21 27 45 54 62
 12 21 27 45 53 62
 12 21 27 45 52 53 62
 12 21 25 26 62 72
 12 21 25 26 62 72 78 79
 12 21 25 26 62 70 71
 12 21 25 26 62 70 71 78 79
 12 21 25 26 54 62 72
 12 21 25 26 54 62 70 71
 12 21 25 26 53 62 72
 12 21 25 26 53 62 70 71
 12 21 25 26 52 53 62 72
 12 21 25 26 52 53 62 70 71
 12 21 25 26 45 62
 12 21 25 26 45 62 78 79
 12 21 25 26 45 54 62
 12 21 25 26 45 53 62
 12 21 25 26 45 52 53 62
 12 21 25 26 27 62 72
 12 21 25 26 27 62 70 71
 12 21 25 26 27 45 62
 2 59 64 65
 2 59 61 62 64
 2 57 58 64 65
 2 57 58 61 62 64
 2 46 65
 2 46 63
 2 46 63 64
 2 46 61 62
 2 44 45 65
 2 44 45 63
 2 44 45 63 64
 2 44 45 61 62
 2 38 59 64
 2 38 57 58 64
 2 38 46
 2 38 44 45
 2 36 59 64
 2 36 57 58 64
 2 36 46
 2 36 44 45
 2 32 64 65
 2 32 61 62 64
 2 32 38 64
 2 32 36 64
 2 19 65
 2 19 63
 2 19 63 64
 2 19 61 62
 2 19 38
 2 19 36
 0 48 62 72 78 79
 0 48 62 70 71 78 79
 0 48 55 62 72
 0 48 55 62 70 71
 0 48 54 62 72
 0 48 54 62 70 71
 0 48 53 62 72
 0 48 53 62 70 71
 0 48 52 53 62 72
 0 48 52 53 62 70 71
 0 46 58 62 72
 0 46 58 62 70 71
 0 46 54 62 72
 0 46 54 62 70 71
 0 46 52 53 62 72
 0 46 52 53 62 70 71
 0 46 47 62 72 78 79
 0 46 47 62 70 71 78 79
 0 46 47 55 62 72
 0 46 47 55 62 70 71
 0 46 47 54 62 72
 0 46 47 54 62 70 71
 0 46 47 53 62 72
 0 46 47 53 62 70 71
 0 46 47 52 53 62 72
 0 46 47 52 53 62 70 71
 0 45 48 62 78 79
 0 45 48 55 62
 0 45 48 54 62
 0 45 48 53 62
 0 45 48 52 53 62
 0 45 46 58 62
 0 45 46 54 62
 0 45 46 52 53 62
 0 45 46 47 62 78 79
 0 45 46 47 55 62
 0 45 46 47 54 62
 0 45 46 47 53 62
 0 45 46 47 52 53 62
 0 44 45 58 62
 0 44 45 58 62 72
 0 44 45 58 62 70 71
 0 44 45 54 62
 0 44 45 54 62 72
 0 44 45 54 62 70 71
 0 44 45 52 53 62
 0 44 45 52 53 62 72
 0 44 45 52 53 62 70 71
 0 39 48 62 72
 0 39 48 62 72 78 79
 0 39 48 62 70 71
 0 39 48 62 70 71 78 79
 0 39 48 54 62 72
 0 39 48 54 62 70 71
 0 39 48 53 62 72
 0 39 48 53 62 70 71
 0 39 48 52 53 62 72
 0 39 48 52 53 62 70 71
 0 39 46 47 62 72
 0 39 46 47 62 72 78 79
 0 39 46 47 62 70 71
 0 39 46 47 62 70 71 78 79
 0 39 46 47 54 62 72
 0 39 46 47 54 62 70 71
 0 39 46 47 53 62 72
 0 39 46 47 53 62 70 71
 0 39 46 47 52 53 62 72
 0 39 46 47 52 53 62 70 71
 0 39 45 48 62
 0 39 45 48 62 78 79
 0 39 45 48 54 62
 0 39 45 48 53 62
 0 39 45 48 52 53 62
 0 39 45 46 47 62
 0 39 45 46 47 62 78 79
 0 39 45 46 47 54 62
 0 39 45 46 47 53 62
 0 39 45 46 47 52 53 62
 0 37 38 48 62 72
 0 37 38 48 62 72 78 79
 0 37 38 48 62 70 71
 0 37 38 48 62 70 71 78 79
 0 37 38 48 54 62 72
 0 37 38 48 54 62 70 71
 0 37 38 48 53 62 72
 0 37 38 48 53 62 70 71
 0 37 38 48 52 53 62 72
 0 37 38 48 52 53 62 70 71
 0 37 38 46 47 62 72
 0 37 38 46 47 62 72 78 79
 0 37 38 46 47 62 70 71
 0 37 38 46 47 62 70 71 78 79
 0 37 38 46 47 54 62 72
 0 37 38 46 47 54 62 70 71
 0 37 38 46 47 53 62 72
 0 37 38 46 47 53 62 70 71
 0 37 38 46 47 52 53 62 72
 0 37 38 46 47 52 53 62 70 71
 0 37 38 45 48 62
 0 37 38 45 48 62 78 79
 0 37 38 45 48 54 62
 0 37 38 45 48 53 62
 0 37 38 45 48 52 53 62
 0 37 38 45 46 47 62
 0 37 38 45 46 47 62 78 79
 0 37 38 45 46 47 54 62
 0 37 38 45 46 47 53 62
 0 37 38 45 46 47 52 53 62
 0 27 48 62 72
 0 27 48 62 70 71
 0 27 46 62 72
 0 27 46 62 70 71
 0 27 46 47 62 72
 0 27 46 47 62 70 71
 0 27 45 48 62
 0 27 45 46 62
 0 27 45 46 47 62
 0 27 44 45 62
 0 27 44 45 62 72
 0 27 44 45 62 70 71
 0 27 39 48 62 72
 0 27 39 48 62 70 71
 0 27 39 46 47 62 72
 0 27 39 46 47 62 70 71
 0 27 39 45 48 62
 0 27 39 45 46 47 62
 0 27 37 38 48 62 72
 0 27 37 38 48 62 70 71
 0 27 37 38 46 47 62 72
 0 27 37 38 46 47 62 70 71
 0 27 37 38 45 48 62
 0 27 37 38 45 46 47 62
 0 21 62 72 78 79
 0 21 62 70 71 78 79
 0 21 55 62 72
 0 21 55 62 70 71
 0 21 54 62 72
 0 21 54 62 70 71
 0 21 53 62 72
 0 21 53 62 70 71
 0 21 52 53 62 72
 0 21 52 53 62 70 71
 0 21 45 62 78 79
 0 21 45 55 62
 0 21 45 54 62
 0 21 45 53 62
 0 21 45 52 53 62
 0 21 39 62 72
 0 21 39 62 72 78 79
 0 21 39 62 70 71
 0 21 39 62 70 71 78 79
 0 21 39 54 62 72
 0 21 39 54 62 70 71
 0 21 39 53 62 72
 0 21 39 53 62 70 71
 0 21 39 52 53 62 72
 0 21 39 52 53 62 70 71
 0 21 39 45 62
 0 21 39 45 62 78 79
 0 21 39 45 54 62
 0 21 39 45 53 62
 0 21 39 45 52 53 62
 0 21 37 38 62 72
 0 21 37 38 62 72 78 79
 0 21 37 38 62 70 71
 0 21 37 38 62 70 71 78 79
 0 21 37 38 54 62 72
 0 21 37 38 54 62 70 71
 0 21 37 38 53 62 72
 0 21 37 38 53 62 70 71
 0 21 37 38 52 53 62 72
 0 21 37 38 52 53 62 70 71
 0 21 37 38 45 62
 0 21 37 38 45 62 78 79
 0 21 37 38 45 54 62
 0 21 37 38 45 53 62
 0 21 37 38 45 52 53 62
 0 21 27 62 72
 0 21 27 62 70 71
 0 21 27 45 62
 0 21 27 39 62 72
 0 21 27 39 62 70 71
 0 21 27 39 45 62
 0 21 27 37 38 62 72
 0 21 27 37 38 62 70 71
 0 21 27 37 38 45 62
 0 19 58 62 72
 0 19 58 62 70 71
 0 19 54 62 72
 0 19 54 62 70 71
 0 19 52 53 62 72
 0 19 52 53 62 70 71
 0 19 45 58 62
 0 19 45 54 62
 0 19 45 52 53 62
 0 19 27 62 72
 0 19 27 62 70 71
 0 19 27 45 62
 0 12 48 62 72
 0 12 48 62 72 78 79
 0 12 48 62 70 71
 0 12 48 62 70 71 78 79
 0 12 48 54 62 72
 0 12 48 54 62 70 71
 0 12 48 53 62 72
 0 12 48 53 62 70 71
 0 12 48 52 53 62 72
 0 12 48 52 53 62 70 71
 0 12 46 47 62 72
 0 12 46 47 62 72 78 79
 0 12 46 47 62 70 71
 0 12 46 47 62 70 71 78 79
 0 12 46 47 54 62 72
 0 12 46 47 54 62 70 71
 0 12 46 47 53 62 72
 0 12 46 47 53 62 70 71
 0 12 46 47 52 53 62 72
 0 12 46 47 52 53 62 70 71
 0 12 45 48 62
 0 12 45 48 62 78 79
 0 12 45 48 54 62
 0 12 45 48 53 62
 0 12 45 48 52 53 62
 0 12 45 46 47 62
 0 12 45 46 47 62 78 79
 0 12 45 46 47 54 62
 0 12 45 46 47 53 62
 0 12 45 46 47 52 53 62
 0 12 27 48 62 72
 0 12 27 48 62 70 71
 0 12 27 46 47 62 72
 0 12 27 46 47 62 70 71
 0 12 27 45 48 62
 0 12 27 45 46 47 62
 0 12 21 62 72
 0 12 21 62 72 78 79
 0 12 21 62 70 71
 0 12 21 62 70 71 78 79
 0 12 21 54 62 72
 0 12 21 54 62 70 71
 0 12 21 53 62 72
 0 12 21 53 62 70 71
 0 12 21 52 53 62 72
 0 12 21 52 53 62 70 71
 0 12 21 45 62
 0 12 21 45 62 78 79
 0 12 21 45 54 62
 0 12 21 45 53 62
 0 12 21 45 52 53 62
 0 12 21 27 62 72
 0 12 21 27 62 70 71
 0 12 21 27 45 62
