 58 60 61 63 74
 58 60 61 63 72 73
 58 60 61 62 74
 58 60 61 62 72 73
 58 59 60 63 74
 58 59 60 63 72 73
 58 59 60 61 62 74
 58 59 60 61 62 72 73
 48 58 67
 48 58 65 66
 48 58 63 64 72 74
 48 58 63 64 72 73
 48 58 63 64 70 71 74
 48 58 63 64 70 71 72 73
 48 58 61 67
 48 58 61 67 74
 48 58 61 67 72 73
 48 58 61 65 66
 48 58 61 65 66 74
 48 58 61 65 66 72 73
 48 58 61 62 64 72 74
 48 58 61 62 64 72 73
 48 58 61 62 64 70 71 74
 48 58 61 62 64 70 71 72 73
 48 58 60 63 67
 48 58 60 63 65 66
 48 58 60 61 63 67
 48 58 60 61 63 67 74
 48 58 60 61 63 67 72 73
 48 58 60 61 63 65 66
 48 58 60 61 63 65 66 74
 48 58 60 61 63 65 66 72 73
 48 58 60 61 62 67 74
 48 58 60 61 62 67 72 73
 48 58 60 61 62 65 66 74
 48 58 60 61 62 65 66 72 73
 48 58 59 60 67
 48 58 59 60 67 74
 48 58 59 60 67 72 73
 48 58 59 60 65 66
 48 58 59 60 65 66 74
 48 58 59 60 65 66 72 73
 48 58 59 60 63 67
 48 58 59 60 63 67 74
 48 58 59 60 63 67 72 73
 48 58 59 60 63 65 66
 48 58 59 60 63 65 66 74
 48 58 59 60 63 65 66 72 73
 48 58 59 60 61 62 67
 48 58 59 60 61 62 67 74
 48 58 59 60 61 62 67 72 73
 48 58 59 60 61 62 65 66
 48 58 59 60 61 62 65 66 74
 48 58 59 60 61 62 65 66 72 73
 47 58 60 61 63
 47 58 60 61 62
 47 58 59 60 63
 47 58 59 60 61 62
 47 48 58 63 64 72
 47 48 58 63 64 70 71
 47 48 58 61 67
 47 48 58 61 65 66
 47 48 58 61 62 64 72
 47 48 58 61 62 64 70 71
 47 48 58 60 61 63 67
 47 48 58 60 61 63 65 66
 47 48 58 60 61 62 67
 47 48 58 60 61 62 65 66
 47 48 58 59 60 67
 47 48 58 59 60 65 66
 47 48 58 59 60 63 67
 47 48 58 59 60 63 65 66
 47 48 58 59 60 61 62 67
 47 48 58 59 60 61 62 65 66
 46 47 58 67
 46 47 58 65 66
 46 47 58 63 64 72
 46 47 58 63 64 72 74
 46 47 58 63 64 72 73
 46 47 58 63 64 70 71
 46 47 58 63 64 70 71 74
 46 47 58 63 64 70 71 72 73
 46 47 58 61 67 74
 46 47 58 61 67 72 73
 46 47 58 61 65 66 74
 46 47 58 61 65 66 72 73
 46 47 58 61 62 64 72
 46 47 58 61 62 64 72 74
 46 47 58 61 62 64 72 73
 46 47 58 61 62 64 70 71
 46 47 58 61 62 64 70 71 74
 46 47 58 61 62 64 70 71 72 73
 46 47 58 60 63 67
 46 47 58 60 63 65 66
 46 47 58 60 61 63 67 74
 46 47 58 60 61 63 67 72 73
 46 47 58 60 61 63 65 66 74
 46 47 58 60 61 63 65 66 72 73
 46 47 58 60 61 62 67
 46 47 58 60 61 62 67 74
 46 47 58 60 61 62 67 72 73
 46 47 58 60 61 62 65 66
 46 47 58 60 61 62 65 66 74
 46 47 58 60 61 62 65 66 72 73
 46 47 58 59 60 67 74
 46 47 58 59 60 67 72 73
 46 47 58 59 60 65 66 74
 46 47 58 59 60 65 66 72 73
 46 47 58 59 60 63 67 74
 46 47 58 59 60 63 67 72 73
 46 47 58 59 60 63 65 66 74
 46 47 58 59 60 63 65 66 72 73
 46 47 58 59 60 61 62 67 74
 46 47 58 59 60 61 62 67 72 73
 46 47 58 59 60 61 62 65 66 74
 46 47 58 59 60 61 62 65 66 72 73
 45 48 58 63 64 74
 45 48 58 63 64 72 73
 45 48 58 61 62 64 74
 45 48 58 61 62 64 72 73
 45 47 48 58 63 64
 45 47 48 58 61 62 64
 45 46 47 58 63 64
 45 46 47 58 63 64 74
 45 46 47 58 63 64 72 73
 45 46 47 58 61 62 64
 45 46 47 58 61 62 64 74
 45 46 47 58 61 62 64 72 73
 42 48 58 61 64 72
 42 48 58 61 64 70 71
 42 48 58 59 60 64 72
 42 48 58 59 60 64 70 71
 42 46 47 58 61 64 72
 42 46 47 58 61 64 70 71
 42 46 47 58 59 60 64 72
 42 46 47 58 59 60 64 70 71
 42 45 48 58 61 64
 42 45 48 58 59 60 64
 42 45 46 47 58 61 64
 42 45 46 47 58 59 60 64
 40 48 58
 40 48 58 61
 40 48 58 61 74
 40 48 58 61 72 73
 40 48 58 60 63
 40 48 58 60 61 63
 40 48 58 60 61 63 74
 40 48 58 60 61 63 72 73
 40 48 58 60 61 62 74
 40 48 58 60 61 62 72 73
 40 48 58 59 60
 40 48 58 59 60 74
 40 48 58 59 60 72 73
 40 48 58 59 60 63
 40 48 58 59 60 63 74
 40 48 58 59 60 63 72 73
 40 48 58 59 60 61 62
 40 48 58 59 60 61 62 74
 40 48 58 59 60 61 62 72 73
 40 47 48 58 61
 40 47 48 58 60 61 63
 40 47 48 58 60 61 62
 40 47 48 58 59 60
 40 47 48 58 59 60 63
 40 47 48 58 59 60 61 62
 40 46 47 58
 40 46 47 58 61 74
 40 46 47 58 61 72 73
 40 46 47 58 60 63
 40 46 47 58 60 61 63 74
 40 46 47 58 60 61 63 72 73
 40 46 47 58 60 61 62
 40 46 47 58 60 61 62 74
 40 46 47 58 60 61 62 72 73
 40 46 47 58 59 60 74
 40 46 47 58 59 60 72 73
 40 46 47 58 59 60 63 74
 40 46 47 58 59 60 63 72 73
 40 46 47 58 59 60 61 62 74
 40 46 47 58 59 60 61 62 72 73
 40 41 48 58 61 64 72
 40 41 48 58 61 64 70 71
 40 41 48 58 59 60 64 72
 40 41 48 58 59 60 64 70 71
 40 41 46 47 58 61 64 72
 40 41 46 47 58 61 64 70 71
 40 41 46 47 58 59 60 64 72
 40 41 46 47 58 59 60 64 70 71
 40 41 45 48 58 61 64
 40 41 45 48 58 59 60 64
 40 41 45 46 47 58 61 64
 40 41 45 46 47 58 59 60 64
 39 48 58 63 64 72
 39 48 58 63 64 70 71
 39 48 58 61 62 64 72
 39 48 58 61 62 64 70 71
 39 46 47 58 63 64 72
 39 46 47 58 63 64 70 71
 39 46 47 58 61 62 64 72
 39 46 47 58 61 62 64 70 71
 39 45 48 58 63 64
 39 45 48 58 61 62 64
 39 45 46 47 58 63 64
 39 45 46 47 58 61 62 64
 37 38 48 58 63 64 72
 37 38 48 58 63 64 70 71
 37 38 48 58 61 62 64 72
 37 38 48 58 61 62 64 70 71
 37 38 46 47 58 63 64 72
 37 38 46 47 58 63 64 70 71
 37 38 46 47 58 61 62 64 72
 37 38 46 47 58 61 62 64 70 71
 37 38 45 48 58 63 64
 37 38 45 48 58 61 62 64
 37 38 45 46 47 58 63 64
 37 38 45 46 47 58 61 62 64
 36 58 60 61 74
 36 58 60 61 72 73
 36 58 59 60 74
 36 58 59 60 72 73
 36 48 58 64 72 74
 36 48 58 64 72 73
 36 48 58 64 70 71 74
 36 48 58 64 70 71 72 73
 36 48 58 60 67
 36 48 58 60 65 66
 36 48 58 60 61 67
 36 48 58 60 61 67 74
 36 48 58 60 61 67 72 73
 36 48 58 60 61 65 66
 36 48 58 60 61 65 66 74
 36 48 58 60 61 65 66 72 73
 36 48 58 59 60 67
 36 48 58 59 60 67 74
 36 48 58 59 60 67 72 73
 36 48 58 59 60 65 66
 36 48 58 59 60 65 66 74
 36 48 58 59 60 65 66 72 73
 36 47 58 60 61
 36 47 58 59 60
 36 47 48 58 64 72
 36 47 48 58 64 70 71
 36 47 48 58 60 61 67
 36 47 48 58 60 61 65 66
 36 47 48 58 59 60 67
 36 47 48 58 59 60 65 66
 36 46 47 58 64 72
 36 46 47 58 64 72 74
 36 46 47 58 64 72 73
 36 46 47 58 64 70 71
 36 46 47 58 64 70 71 74
 36 46 47 58 64 70 71 72 73
 36 46 47 58 60 67
 36 46 47 58 60 65 66
 36 46 47 58 60 61 67 74
 36 46 47 58 60 61 67 72 73
 36 46 47 58 60 61 65 66 74
 36 46 47 58 60 61 65 66 72 73
 36 46 47 58 59 60 67 74
 36 46 47 58 59 60 67 72 73
 36 46 47 58 59 60 65 66 74
 36 46 47 58 59 60 65 66 72 73
 36 45 48 58 64 74
 36 45 48 58 64 72 73
 36 45 47 48 58 64
 36 45 46 47 58 64
 36 45 46 47 58 64 74
 36 45 46 47 58 64 72 73
 36 40 48 58 60
 36 40 48 58 60 61
 36 40 48 58 60 61 74
 36 40 48 58 60 61 72 73
 36 40 48 58 59 60
 36 40 48 58 59 60 74
 36 40 48 58 59 60 72 73
 36 40 47 48 58 60 61
 36 40 47 48 58 59 60
 36 40 46 47 58 60
 36 40 46 47 58 60 61 74
 36 40 46 47 58 60 61 72 73
 36 40 46 47 58 59 60 74
 36 40 46 47 58 59 60 72 73
 36 39 48 58 64 72
 36 39 48 58 64 70 71
 36 39 46 47 58 64 72
 36 39 46 47 58 64 70 71
 36 39 45 48 58 64
 36 39 45 46 47 58 64
 36 37 38 48 58 64 72
 36 37 38 48 58 64 70 71
 36 37 38 46 47 58 64 72
 36 37 38 46 47 58 64 70 71
 36 37 38 45 48 58 64
 36 37 38 45 46 47 58 64
 34 58 60 63 74
 34 58 60 63 72 73
 34 58 60 61 62 74
 34 58 60 61 62 72 73
 34 48 58 67
 34 48 58 67 74
 34 48 58 67 72 73
 34 48 58 65 66
 34 48 58 65 66 74
 34 48 58 65 66 72 73
 34 48 58 60 63 67
 34 48 58 60 63 67 74
 34 48 58 60 63 67 72 73
 34 48 58 60 63 65 66
 34 48 58 60 63 65 66 74
 34 48 58 60 63 65 66 72 73
 34 48 58 60 61 62 67
 34 48 58 60 61 62 67 74
 34 48 58 60 61 62 67 72 73
 34 48 58 60 61 62 65 66
 34 48 58 60 61 62 65 66 74
 34 48 58 60 61 62 65 66 72 73
 34 47 58 60 63
 34 47 58 60 61 62
 34 47 48 58 67
 34 47 48 58 65 66
 34 47 48 58 60 63 67
 34 47 48 58 60 63 65 66
 34 47 48 58 60 61 62 67
 34 47 48 58 60 61 62 65 66
 34 46 47 58 67 74
 34 46 47 58 67 72 73
 34 46 47 58 65 66 74
 34 46 47 58 65 66 72 73
 34 46 47 58 60 63 67 74
 34 46 47 58 60 63 67 72 73
 34 46 47 58 60 63 65 66 74
 34 46 47 58 60 63 65 66 72 73
 34 46 47 58 60 61 62 67 74
 34 46 47 58 60 61 62 67 72 73
 34 46 47 58 60 61 62 65 66 74
 34 46 47 58 60 61 62 65 66 72 73
 34 42 48 58 64 72
 34 42 48 58 64 70 71
 34 42 46 47 58 64 72
 34 42 46 47 58 64 70 71
 34 42 45 48 58 64
 34 42 45 46 47 58 64
 34 40 48 58
 34 40 48 58 74
 34 40 48 58 72 73
 34 40 48 58 60 63
 34 40 48 58 60 63 74
 34 40 48 58 60 63 72 73
 34 40 48 58 60 61 62
 34 40 48 58 60 61 62 74
 34 40 48 58 60 61 62 72 73
 34 40 47 48 58
 34 40 47 48 58 60 63
 34 40 47 48 58 60 61 62
 34 40 46 47 58 74
 34 40 46 47 58 72 73
 34 40 46 47 58 60 63 74
 34 40 46 47 58 60 63 72 73
 34 40 46 47 58 60 61 62 74
 34 40 46 47 58 60 61 62 72 73
 34 40 41 48 58 64 72
 34 40 41 48 58 64 70 71
 34 40 41 46 47 58 64 72
 34 40 41 46 47 58 64 70 71
 34 40 41 45 48 58 64
 34 40 41 45 46 47 58 64
 34 36 58 60 74
 34 36 58 60 72 73
 34 36 48 58 60 67
 34 36 48 58 60 67 74
 34 36 48 58 60 67 72 73
 34 36 48 58 60 65 66
 34 36 48 58 60 65 66 74
 34 36 48 58 60 65 66 72 73
 34 36 47 58 60
 34 36 47 48 58 60 67
 34 36 47 48 58 60 65 66
 34 36 46 47 58 60 67 74
 34 36 46 47 58 60 67 72 73
 34 36 46 47 58 60 65 66 74
 34 36 46 47 58 60 65 66 72 73
 34 36 40 48 58 60
 34 36 40 48 58 60 74
 34 36 40 48 58 60 72 73
 34 36 40 47 48 58 60
 34 36 40 46 47 58 60 74
 34 36 40 46 47 58 60 72 73
 21 58 67
 21 58 65 66
 21 58 63 64 72 74
 21 58 63 64 72 73
 21 58 63 64 70 71 74
 21 58 63 64 70 71 72 73
 21 58 61 67
 21 58 61 67 74
 21 58 61 67 72 73
 21 58 61 65 66
 21 58 61 65 66 74
 21 58 61 65 66 72 73
 21 58 61 62 64 72 74
 21 58 61 62 64 72 73
 21 58 61 62 64 70 71 74
 21 58 61 62 64 70 71 72 73
 21 58 60 63 67
 21 58 60 63 65 66
 21 58 60 61 63 67
 21 58 60 61 63 67 74
 21 58 60 61 63 67 72 73
 21 58 60 61 63 65 66
 21 58 60 61 63 65 66 74
 21 58 60 61 63 65 66 72 73
 21 58 60 61 62 67 74
 21 58 60 61 62 67 72 73
 21 58 60 61 62 65 66 74
 21 58 60 61 62 65 66 72 73
 21 58 59 60 67
 21 58 59 60 67 74
 21 58 59 60 67 72 73
 21 58 59 60 65 66
 21 58 59 60 65 66 74
 21 58 59 60 65 66 72 73
 21 58 59 60 63 67
 21 58 59 60 63 67 74
 21 58 59 60 63 67 72 73
 21 58 59 60 63 65 66
 21 58 59 60 63 65 66 74
 21 58 59 60 63 65 66 72 73
 21 58 59 60 61 62 67
 21 58 59 60 61 62 67 74
 21 58 59 60 61 62 67 72 73
 21 58 59 60 61 62 65 66
 21 58 59 60 61 62 65 66 74
 21 58 59 60 61 62 65 66 72 73
 21 47 58 63 64 72
 21 47 58 63 64 70 71
 21 47 58 61 67
 21 47 58 61 65 66
 21 47 58 61 62 64 72
 21 47 58 61 62 64 70 71
 21 47 58 60 61 63 67
 21 47 58 60 61 63 65 66
 21 47 58 60 61 62 67
 21 47 58 60 61 62 65 66
 21 47 58 59 60 67
 21 47 58 59 60 65 66
 21 47 58 59 60 63 67
 21 47 58 59 60 63 65 66
 21 47 58 59 60 61 62 67
 21 47 58 59 60 61 62 65 66
 21 45 58 63 64 74
 21 45 58 63 64 72 73
 21 45 58 61 62 64 74
 21 45 58 61 62 64 72 73
 21 45 47 58 63 64
 21 45 47 58 61 62 64
 21 42 58 61 64 72
 21 42 58 61 64 70 71
 21 42 58 59 60 64 72
 21 42 58 59 60 64 70 71
 21 42 45 58 61 64
 21 42 45 58 59 60 64
 21 40 58
 21 40 58 61
 21 40 58 61 74
 21 40 58 61 72 73
 21 40 58 60 63
 21 40 58 60 61 63
 21 40 58 60 61 63 74
 21 40 58 60 61 63 72 73
 21 40 58 60 61 62 74
 21 40 58 60 61 62 72 73
 21 40 58 59 60
 21 40 58 59 60 74
 21 40 58 59 60 72 73
 21 40 58 59 60 63
 21 40 58 59 60 63 74
 21 40 58 59 60 63 72 73
 21 40 58 59 60 61 62
 21 40 58 59 60 61 62 74
 21 40 58 59 60 61 62 72 73
 21 40 47 58 61
 21 40 47 58 60 61 63
 21 40 47 58 60 61 62
 21 40 47 58 59 60
 21 40 47 58 59 60 63
 21 40 47 58 59 60 61 62
 21 40 41 58 61 64 72
 21 40 41 58 61 64 70 71
 21 40 41 58 59 60 64 72
 21 40 41 58 59 60 64 70 71
 21 40 41 45 58 61 64
 21 40 41 45 58 59 60 64
 21 39 58 63 64 72
 21 39 58 63 64 70 71
 21 39 58 61 62 64 72
 21 39 58 61 62 64 70 71
 21 39 45 58 63 64
 21 39 45 58 61 62 64
 21 37 38 58 63 64 72
 21 37 38 58 63 64 70 71
 21 37 38 58 61 62 64 72
 21 37 38 58 61 62 64 70 71
 21 37 38 45 58 63 64
 21 37 38 45 58 61 62 64
 21 36 58 64 72 74
 21 36 58 64 72 73
 21 36 58 64 70 71 74
 21 36 58 64 70 71 72 73
 21 36 58 60 67
 21 36 58 60 65 66
 21 36 58 60 61 67
 21 36 58 60 61 67 74
 21 36 58 60 61 67 72 73
 21 36 58 60 61 65 66
 21 36 58 60 61 65 66 74
 21 36 58 60 61 65 66 72 73
 21 36 58 59 60 67
 21 36 58 59 60 67 74
 21 36 58 59 60 67 72 73
 21 36 58 59 60 65 66
 21 36 58 59 60 65 66 74
 21 36 58 59 60 65 66 72 73
 21 36 47 58 64 72
 21 36 47 58 64 70 71
 21 36 47 58 60 61 67
 21 36 47 58 60 61 65 66
 21 36 47 58 59 60 67
 21 36 47 58 59 60 65 66
 21 36 45 58 64 74
 21 36 45 58 64 72 73
 21 36 45 47 58 64
 21 36 40 58 60
 21 36 40 58 60 61
 21 36 40 58 60 61 74
 21 36 40 58 60 61 72 73
 21 36 40 58 59 60
 21 36 40 58 59 60 74
 21 36 40 58 59 60 72 73
 21 36 40 47 58 60 61
 21 36 40 47 58 59 60
 21 36 39 58 64 72
 21 36 39 58 64 70 71
 21 36 39 45 58 64
 21 36 37 38 58 64 72
 21 36 37 38 58 64 70 71
 21 36 37 38 45 58 64
 21 34 58 67
 21 34 58 67 74
 21 34 58 67 72 73
 21 34 58 65 66
 21 34 58 65 66 74
 21 34 58 65 66 72 73
 21 34 58 60 63 67
 21 34 58 60 63 67 74
 21 34 58 60 63 67 72 73
 21 34 58 60 63 65 66
 21 34 58 60 63 65 66 74
 21 34 58 60 63 65 66 72 73
 21 34 58 60 61 62 67
 21 34 58 60 61 62 67 74
 21 34 58 60 61 62 67 72 73
 21 34 58 60 61 62 65 66
 21 34 58 60 61 62 65 66 74
 21 34 58 60 61 62 65 66 72 73
 21 34 47 58 67
 21 34 47 58 65 66
 21 34 47 58 60 63 67
 21 34 47 58 60 63 65 66
 21 34 47 58 60 61 62 67
 21 34 47 58 60 61 62 65 66
 21 34 42 58 64 72
 21 34 42 58 64 70 71
 21 34 42 45 58 64
 21 34 40 58
 21 34 40 58 74
 21 34 40 58 72 73
 21 34 40 58 60 63
 21 34 40 58 60 63 74
 21 34 40 58 60 63 72 73
 21 34 40 58 60 61 62
 21 34 40 58 60 61 62 74
 21 34 40 58 60 61 62 72 73
 21 34 40 47 58
 21 34 40 47 58 60 63
 21 34 40 47 58 60 61 62
 21 34 40 41 58 64 72
 21 34 40 41 58 64 70 71
 21 34 40 41 45 58 64
 21 34 36 58 60 67
 21 34 36 58 60 67 74
 21 34 36 58 60 67 72 73
 21 34 36 58 60 65 66
 21 34 36 58 60 65 66 74
 21 34 36 58 60 65 66 72 73
 21 34 36 47 58 60 67
 21 34 36 47 58 60 65 66
 21 34 36 40 58 60
 21 34 36 40 58 60 74
 21 34 36 40 58 60 72 73
 21 34 36 40 47 58 60
 18 48 58 63 67
 18 48 58 63 65 66
 18 48 58 61 63 67
 18 48 58 61 63 67 74
 18 48 58 61 63 67 72 73
 18 48 58 61 63 65 66
 18 48 58 61 63 65 66 74
 18 48 58 61 63 65 66 72 73
 18 48 58 61 62 67 74
 18 48 58 61 62 67 72 73
 18 48 58 61 62 65 66 74
 18 48 58 61 62 65 66 72 73
 18 48 58 59 60 63 67
 18 48 58 59 60 63 67 74
 18 48 58 59 60 63 67 72 73
 18 48 58 59 60 63 65 66
 18 48 58 59 60 63 65 66 74
 18 48 58 59 60 63 65 66 72 73
 18 48 58 59 60 61 62 67
 18 48 58 59 60 61 62 67 74
 18 48 58 59 60 61 62 67 72 73
 18 48 58 59 60 61 62 65 66
 18 48 58 59 60 61 62 65 66 74
 18 48 58 59 60 61 62 65 66 72 73
 18 47 48 58 61 63 67
 18 47 48 58 61 63 65 66
 18 47 48 58 61 62 67
 18 47 48 58 61 62 65 66
 18 47 48 58 59 60 63 67
 18 47 48 58 59 60 63 65 66
 18 47 48 58 59 60 61 62 67
 18 47 48 58 59 60 61 62 65 66
 18 46 47 58 63 67
 18 46 47 58 63 65 66
 18 46 47 58 61 63 67 74
 18 46 47 58 61 63 67 72 73
 18 46 47 58 61 63 65 66 74
 18 46 47 58 61 63 65 66 72 73
 18 46 47 58 61 62 67
 18 46 47 58 61 62 67 74
 18 46 47 58 61 62 67 72 73
 18 46 47 58 61 62 65 66
 18 46 47 58 61 62 65 66 74
 18 46 47 58 61 62 65 66 72 73
 18 46 47 58 59 60 63 67 74
 18 46 47 58 59 60 63 67 72 73
 18 46 47 58 59 60 63 65 66 74
 18 46 47 58 59 60 63 65 66 72 73
 18 46 47 58 59 60 61 62 67 74
 18 46 47 58 59 60 61 62 67 72 73
 18 46 47 58 59 60 61 62 65 66 74
 18 46 47 58 59 60 61 62 65 66 72 73
 18 40 48 58 63
 18 40 48 58 61 63
 18 40 48 58 61 63 74
 18 40 48 58 61 63 72 73
 18 40 48 58 61 62 74
 18 40 48 58 61 62 72 73
 18 40 48 58 59 60 63
 18 40 48 58 59 60 63 74
 18 40 48 58 59 60 63 72 73
 18 40 48 58 59 60 61 62
 18 40 48 58 59 60 61 62 74
 18 40 48 58 59 60 61 62 72 73
 18 40 47 48 58 61 63
 18 40 47 48 58 61 62
 18 40 47 48 58 59 60 63
 18 40 47 48 58 59 60 61 62
 18 40 46 47 58 63
 18 40 46 47 58 61 63 74
 18 40 46 47 58 61 63 72 73
 18 40 46 47 58 61 62
 18 40 46 47 58 61 62 74
 18 40 46 47 58 61 62 72 73
 18 40 46 47 58 59 60 63 74
 18 40 46 47 58 59 60 63 72 73
 18 40 46 47 58 59 60 61 62 74
 18 40 46 47 58 59 60 61 62 72 73
 18 36 48 58 67
 18 36 48 58 65 66
 18 36 48 58 61 67
 18 36 48 58 61 67 74
 18 36 48 58 61 67 72 73
 18 36 48 58 61 65 66
 18 36 48 58 61 65 66 74
 18 36 48 58 61 65 66 72 73
 18 36 48 58 59 60 67
 18 36 48 58 59 60 67 74
 18 36 48 58 59 60 67 72 73
 18 36 48 58 59 60 65 66
 18 36 48 58 59 60 65 66 74
 18 36 48 58 59 60 65 66 72 73
 18 36 47 48 58 61 67
 18 36 47 48 58 61 65 66
 18 36 47 48 58 59 60 67
 18 36 47 48 58 59 60 65 66
 18 36 46 47 58 67
 18 36 46 47 58 65 66
 18 36 46 47 58 61 67 74
 18 36 46 47 58 61 67 72 73
 18 36 46 47 58 61 65 66 74
 18 36 46 47 58 61 65 66 72 73
 18 36 46 47 58 59 60 67 74
 18 36 46 47 58 59 60 67 72 73
 18 36 46 47 58 59 60 65 66 74
 18 36 46 47 58 59 60 65 66 72 73
 18 36 40 48 58
 18 36 40 48 58 61
 18 36 40 48 58 61 74
 18 36 40 48 58 61 72 73
 18 36 40 48 58 59 60
 18 36 40 48 58 59 60 74
 18 36 40 48 58 59 60 72 73
 18 36 40 47 48 58 61
 18 36 40 47 48 58 59 60
 18 36 40 46 47 58
 18 36 40 46 47 58 61 74
 18 36 40 46 47 58 61 72 73
 18 36 40 46 47 58 59 60 74
 18 36 40 46 47 58 59 60 72 73
 18 34 48 58 63 67
 18 34 48 58 63 67 74
 18 34 48 58 63 67 72 73
 18 34 48 58 63 65 66
 18 34 48 58 63 65 66 74
 18 34 48 58 63 65 66 72 73
 18 34 48 58 61 62 67
 18 34 48 58 61 62 67 74
 18 34 48 58 61 62 67 72 73
 18 34 48 58 61 62 65 66
 18 34 48 58 61 62 65 66 74
 18 34 48 58 61 62 65 66 72 73
 18 34 47 48 58 63 67
 18 34 47 48 58 63 65 66
 18 34 47 48 58 61 62 67
 18 34 47 48 58 61 62 65 66
 18 34 46 47 58 63 67 74
 18 34 46 47 58 63 67 72 73
 18 34 46 47 58 63 65 66 74
 18 34 46 47 58 63 65 66 72 73
 18 34 46 47 58 61 62 67 74
 18 34 46 47 58 61 62 67 72 73
 18 34 46 47 58 61 62 65 66 74
 18 34 46 47 58 61 62 65 66 72 73
 18 34 40 48 58 63
 18 34 40 48 58 63 74
 18 34 40 48 58 63 72 73
 18 34 40 48 58 61 62
 18 34 40 48 58 61 62 74
 18 34 40 48 58 61 62 72 73
 18 34 40 47 48 58 63
 18 34 40 47 48 58 61 62
 18 34 40 46 47 58 63 74
 18 34 40 46 47 58 63 72 73
 18 34 40 46 47 58 61 62 74
 18 34 40 46 47 58 61 62 72 73
 18 34 36 48 58 67
 18 34 36 48 58 67 74
 18 34 36 48 58 67 72 73
 18 34 36 48 58 65 66
 18 34 36 48 58 65 66 74
 18 34 36 48 58 65 66 72 73
 18 34 36 47 48 58 67
 18 34 36 47 48 58 65 66
 18 34 36 46 47 58 67 74
 18 34 36 46 47 58 67 72 73
 18 34 36 46 47 58 65 66 74
 18 34 36 46 47 58 65 66 72 73
 18 34 36 40 48 58
 18 34 36 40 48 58 74
 18 34 36 40 48 58 72 73
 18 34 36 40 47 48 58
 18 34 36 40 46 47 58 74
 18 34 36 40 46 47 58 72 73
 18 21 58 63 67
 18 21 58 63 65 66
 18 21 58 61 63 67
 18 21 58 61 63 67 74
 18 21 58 61 63 67 72 73
 18 21 58 61 63 65 66
 18 21 58 61 63 65 66 74
 18 21 58 61 63 65 66 72 73
 18 21 58 61 62 67 74
 18 21 58 61 62 67 72 73
 18 21 58 61 62 65 66 74
 18 21 58 61 62 65 66 72 73
 18 21 58 59 60 63 67
 18 21 58 59 60 63 67 74
 18 21 58 59 60 63 67 72 73
 18 21 58 59 60 63 65 66
 18 21 58 59 60 63 65 66 74
 18 21 58 59 60 63 65 66 72 73
 18 21 58 59 60 61 62 67
 18 21 58 59 60 61 62 67 74
 18 21 58 59 60 61 62 67 72 73
 18 21 58 59 60 61 62 65 66
 18 21 58 59 60 61 62 65 66 74
 18 21 58 59 60 61 62 65 66 72 73
 18 21 47 58 61 63 67
 18 21 47 58 61 63 65 66
 18 21 47 58 61 62 67
 18 21 47 58 61 62 65 66
 18 21 47 58 59 60 63 67
 18 21 47 58 59 60 63 65 66
 18 21 47 58 59 60 61 62 67
 18 21 47 58 59 60 61 62 65 66
 18 21 40 58 63
 18 21 40 58 61 63
 18 21 40 58 61 63 74
 18 21 40 58 61 63 72 73
 18 21 40 58 61 62 74
 18 21 40 58 61 62 72 73
 18 21 40 58 59 60 63
 18 21 40 58 59 60 63 74
 18 21 40 58 59 60 63 72 73
 18 21 40 58 59 60 61 62
 18 21 40 58 59 60 61 62 74
 18 21 40 58 59 60 61 62 72 73
 18 21 40 47 58 61 63
 18 21 40 47 58 61 62
 18 21 40 47 58 59 60 63
 18 21 40 47 58 59 60 61 62
 18 21 36 58 67
 18 21 36 58 65 66
 18 21 36 58 61 67
 18 21 36 58 61 67 74
 18 21 36 58 61 67 72 73
 18 21 36 58 61 65 66
 18 21 36 58 61 65 66 74
 18 21 36 58 61 65 66 72 73
 18 21 36 58 59 60 67
 18 21 36 58 59 60 67 74
 18 21 36 58 59 60 67 72 73
 18 21 36 58 59 60 65 66
 18 21 36 58 59 60 65 66 74
 18 21 36 58 59 60 65 66 72 73
 18 21 36 47 58 61 67
 18 21 36 47 58 61 65 66
 18 21 36 47 58 59 60 67
 18 21 36 47 58 59 60 65 66
 18 21 36 40 58
 18 21 36 40 58 61
 18 21 36 40 58 61 74
 18 21 36 40 58 61 72 73
 18 21 36 40 58 59 60
 18 21 36 40 58 59 60 74
 18 21 36 40 58 59 60 72 73
 18 21 36 40 47 58 61
 18 21 36 40 47 58 59 60
 18 21 34 58 63 67
 18 21 34 58 63 67 74
 18 21 34 58 63 67 72 73
 18 21 34 58 63 65 66
 18 21 34 58 63 65 66 74
 18 21 34 58 63 65 66 72 73
 18 21 34 58 61 62 67
 18 21 34 58 61 62 67 74
 18 21 34 58 61 62 67 72 73
 18 21 34 58 61 62 65 66
 18 21 34 58 61 62 65 66 74
 18 21 34 58 61 62 65 66 72 73
 18 21 34 47 58 63 67
 18 21 34 47 58 63 65 66
 18 21 34 47 58 61 62 67
 18 21 34 47 58 61 62 65 66
 18 21 34 40 58 63
 18 21 34 40 58 63 74
 18 21 34 40 58 63 72 73
 18 21 34 40 58 61 62
 18 21 34 40 58 61 62 74
 18 21 34 40 58 61 62 72 73
 18 21 34 40 47 58 63
 18 21 34 40 47 58 61 62
 18 21 34 36 58 67
 18 21 34 36 58 67 74
 18 21 34 36 58 67 72 73
 18 21 34 36 58 65 66
 18 21 34 36 58 65 66 74
 18 21 34 36 58 65 66 72 73
 18 21 34 36 47 58 67
 18 21 34 36 47 58 65 66
 18 21 34 36 40 58
 18 21 34 36 40 58 74
 18 21 34 36 40 58 72 73
 18 21 34 36 40 47 58
 16 17 48 58 63 67
 16 17 48 58 63 65 66
 16 17 48 58 61 63 67
 16 17 48 58 61 63 67 74
 16 17 48 58 61 63 67 72 73
 16 17 48 58 61 63 65 66
 16 17 48 58 61 63 65 66 74
 16 17 48 58 61 63 65 66 72 73
 16 17 48 58 61 62 67 74
 16 17 48 58 61 62 67 72 73
 16 17 48 58 61 62 65 66 74
 16 17 48 58 61 62 65 66 72 73
 16 17 48 58 59 60 63 67
 16 17 48 58 59 60 63 67 74
 16 17 48 58 59 60 63 67 72 73
 16 17 48 58 59 60 63 65 66
 16 17 48 58 59 60 63 65 66 74
 16 17 48 58 59 60 63 65 66 72 73
 16 17 48 58 59 60 61 62 67
 16 17 48 58 59 60 61 62 67 74
 16 17 48 58 59 60 61 62 67 72 73
 16 17 48 58 59 60 61 62 65 66
 16 17 48 58 59 60 61 62 65 66 74
 16 17 48 58 59 60 61 62 65 66 72 73
 16 17 47 48 58 61 63 67
 16 17 47 48 58 61 63 65 66
 16 17 47 48 58 61 62 67
 16 17 47 48 58 61 62 65 66
 16 17 47 48 58 59 60 63 67
 16 17 47 48 58 59 60 63 65 66
 16 17 47 48 58 59 60 61 62 67
 16 17 47 48 58 59 60 61 62 65 66
 16 17 46 47 58 63 67
 16 17 46 47 58 63 65 66
 16 17 46 47 58 61 63 67 74
 16 17 46 47 58 61 63 67 72 73
 16 17 46 47 58 61 63 65 66 74
 16 17 46 47 58 61 63 65 66 72 73
 16 17 46 47 58 61 62 67
 16 17 46 47 58 61 62 67 74
 16 17 46 47 58 61 62 67 72 73
 16 17 46 47 58 61 62 65 66
 16 17 46 47 58 61 62 65 66 74
 16 17 46 47 58 61 62 65 66 72 73
 16 17 46 47 58 59 60 63 67 74
 16 17 46 47 58 59 60 63 67 72 73
 16 17 46 47 58 59 60 63 65 66 74
 16 17 46 47 58 59 60 63 65 66 72 73
 16 17 46 47 58 59 60 61 62 67 74
 16 17 46 47 58 59 60 61 62 67 72 73
 16 17 46 47 58 59 60 61 62 65 66 74
 16 17 46 47 58 59 60 61 62 65 66 72 73
 16 17 40 48 58 63
 16 17 40 48 58 61 63
 16 17 40 48 58 61 63 74
 16 17 40 48 58 61 63 72 73
 16 17 40 48 58 61 62 74
 16 17 40 48 58 61 62 72 73
 16 17 40 48 58 59 60 63
 16 17 40 48 58 59 60 63 74
 16 17 40 48 58 59 60 63 72 73
 16 17 40 48 58 59 60 61 62
 16 17 40 48 58 59 60 61 62 74
 16 17 40 48 58 59 60 61 62 72 73
 16 17 40 47 48 58 61 63
 16 17 40 47 48 58 61 62
 16 17 40 47 48 58 59 60 63
 16 17 40 47 48 58 59 60 61 62
 16 17 40 46 47 58 63
 16 17 40 46 47 58 61 63 74
 16 17 40 46 47 58 61 63 72 73
 16 17 40 46 47 58 61 62
 16 17 40 46 47 58 61 62 74
 16 17 40 46 47 58 61 62 72 73
 16 17 40 46 47 58 59 60 63 74
 16 17 40 46 47 58 59 60 63 72 73
 16 17 40 46 47 58 59 60 61 62 74
 16 17 40 46 47 58 59 60 61 62 72 73
 16 17 36 48 58 67
 16 17 36 48 58 65 66
 16 17 36 48 58 61 67
 16 17 36 48 58 61 67 74
 16 17 36 48 58 61 67 72 73
 16 17 36 48 58 61 65 66
 16 17 36 48 58 61 65 66 74
 16 17 36 48 58 61 65 66 72 73
 16 17 36 48 58 59 60 67
 16 17 36 48 58 59 60 67 74
 16 17 36 48 58 59 60 67 72 73
 16 17 36 48 58 59 60 65 66
 16 17 36 48 58 59 60 65 66 74
 16 17 36 48 58 59 60 65 66 72 73
 16 17 36 47 48 58 61 67
 16 17 36 47 48 58 61 65 66
 16 17 36 47 48 58 59 60 67
 16 17 36 47 48 58 59 60 65 66
 16 17 36 46 47 58 67
 16 17 36 46 47 58 65 66
 16 17 36 46 47 58 61 67 74
 16 17 36 46 47 58 61 67 72 73
 16 17 36 46 47 58 61 65 66 74
 16 17 36 46 47 58 61 65 66 72 73
 16 17 36 46 47 58 59 60 67 74
 16 17 36 46 47 58 59 60 67 72 73
 16 17 36 46 47 58 59 60 65 66 74
 16 17 36 46 47 58 59 60 65 66 72 73
 16 17 36 40 48 58
 16 17 36 40 48 58 61
 16 17 36 40 48 58 61 74
 16 17 36 40 48 58 61 72 73
 16 17 36 40 48 58 59 60
 16 17 36 40 48 58 59 60 74
 16 17 36 40 48 58 59 60 72 73
 16 17 36 40 47 48 58 61
 16 17 36 40 47 48 58 59 60
 16 17 36 40 46 47 58
 16 17 36 40 46 47 58 61 74
 16 17 36 40 46 47 58 61 72 73
 16 17 36 40 46 47 58 59 60 74
 16 17 36 40 46 47 58 59 60 72 73
 16 17 34 48 58 63 67
 16 17 34 48 58 63 67 74
 16 17 34 48 58 63 67 72 73
 16 17 34 48 58 63 65 66
 16 17 34 48 58 63 65 66 74
 16 17 34 48 58 63 65 66 72 73
 16 17 34 48 58 61 62 67
 16 17 34 48 58 61 62 67 74
 16 17 34 48 58 61 62 67 72 73
 16 17 34 48 58 61 62 65 66
 16 17 34 48 58 61 62 65 66 74
 16 17 34 48 58 61 62 65 66 72 73
 16 17 34 47 48 58 63 67
 16 17 34 47 48 58 63 65 66
 16 17 34 47 48 58 61 62 67
 16 17 34 47 48 58 61 62 65 66
 16 17 34 46 47 58 63 67 74
 16 17 34 46 47 58 63 67 72 73
 16 17 34 46 47 58 63 65 66 74
 16 17 34 46 47 58 63 65 66 72 73
 16 17 34 46 47 58 61 62 67 74
 16 17 34 46 47 58 61 62 67 72 73
 16 17 34 46 47 58 61 62 65 66 74
 16 17 34 46 47 58 61 62 65 66 72 73
 16 17 34 40 48 58 63
 16 17 34 40 48 58 63 74
 16 17 34 40 48 58 63 72 73
 16 17 34 40 48 58 61 62
 16 17 34 40 48 58 61 62 74
 16 17 34 40 48 58 61 62 72 73
 16 17 34 40 47 48 58 63
 16 17 34 40 47 48 58 61 62
 16 17 34 40 46 47 58 63 74
 16 17 34 40 46 47 58 63 72 73
 16 17 34 40 46 47 58 61 62 74
 16 17 34 40 46 47 58 61 62 72 73
 16 17 34 36 48 58 67
 16 17 34 36 48 58 67 74
 16 17 34 36 48 58 67 72 73
 16 17 34 36 48 58 65 66
 16 17 34 36 48 58 65 66 74
 16 17 34 36 48 58 65 66 72 73
 16 17 34 36 47 48 58 67
 16 17 34 36 47 48 58 65 66
 16 17 34 36 46 47 58 67 74
 16 17 34 36 46 47 58 67 72 73
 16 17 34 36 46 47 58 65 66 74
 16 17 34 36 46 47 58 65 66 72 73
 16 17 34 36 40 48 58
 16 17 34 36 40 48 58 74
 16 17 34 36 40 48 58 72 73
 16 17 34 36 40 47 48 58
 16 17 34 36 40 46 47 58 74
 16 17 34 36 40 46 47 58 72 73
 16 17 21 58 63 67
 16 17 21 58 63 65 66
 16 17 21 58 61 63 67
 16 17 21 58 61 63 67 74
 16 17 21 58 61 63 67 72 73
 16 17 21 58 61 63 65 66
 16 17 21 58 61 63 65 66 74
 16 17 21 58 61 63 65 66 72 73
 16 17 21 58 61 62 67 74
 16 17 21 58 61 62 67 72 73
 16 17 21 58 61 62 65 66 74
 16 17 21 58 61 62 65 66 72 73
 16 17 21 58 59 60 63 67
 16 17 21 58 59 60 63 67 74
 16 17 21 58 59 60 63 67 72 73
 16 17 21 58 59 60 63 65 66
 16 17 21 58 59 60 63 65 66 74
 16 17 21 58 59 60 63 65 66 72 73
 16 17 21 58 59 60 61 62 67
 16 17 21 58 59 60 61 62 67 74
 16 17 21 58 59 60 61 62 67 72 73
 16 17 21 58 59 60 61 62 65 66
 16 17 21 58 59 60 61 62 65 66 74
 16 17 21 58 59 60 61 62 65 66 72 73
 16 17 21 47 58 61 63 67
 16 17 21 47 58 61 63 65 66
 16 17 21 47 58 61 62 67
 16 17 21 47 58 61 62 65 66
 16 17 21 47 58 59 60 63 67
 16 17 21 47 58 59 60 63 65 66
 16 17 21 47 58 59 60 61 62 67
 16 17 21 47 58 59 60 61 62 65 66
 16 17 21 40 58 63
 16 17 21 40 58 61 63
 16 17 21 40 58 61 63 74
 16 17 21 40 58 61 63 72 73
 16 17 21 40 58 61 62 74
 16 17 21 40 58 61 62 72 73
 16 17 21 40 58 59 60 63
 16 17 21 40 58 59 60 63 74
 16 17 21 40 58 59 60 63 72 73
 16 17 21 40 58 59 60 61 62
 16 17 21 40 58 59 60 61 62 74
 16 17 21 40 58 59 60 61 62 72 73
 16 17 21 40 47 58 61 63
 16 17 21 40 47 58 61 62
 16 17 21 40 47 58 59 60 63
 16 17 21 40 47 58 59 60 61 62
 16 17 21 36 58 67
 16 17 21 36 58 65 66
 16 17 21 36 58 61 67
 16 17 21 36 58 61 67 74
 16 17 21 36 58 61 67 72 73
 16 17 21 36 58 61 65 66
 16 17 21 36 58 61 65 66 74
 16 17 21 36 58 61 65 66 72 73
 16 17 21 36 58 59 60 67
 16 17 21 36 58 59 60 67 74
 16 17 21 36 58 59 60 67 72 73
 16 17 21 36 58 59 60 65 66
 16 17 21 36 58 59 60 65 66 74
 16 17 21 36 58 59 60 65 66 72 73
 16 17 21 36 47 58 61 67
 16 17 21 36 47 58 61 65 66
 16 17 21 36 47 58 59 60 67
 16 17 21 36 47 58 59 60 65 66
 16 17 21 36 40 58
 16 17 21 36 40 58 61
 16 17 21 36 40 58 61 74
 16 17 21 36 40 58 61 72 73
 16 17 21 36 40 58 59 60
 16 17 21 36 40 58 59 60 74
 16 17 21 36 40 58 59 60 72 73
 16 17 21 36 40 47 58 61
 16 17 21 36 40 47 58 59 60
 16 17 21 34 58 63 67
 16 17 21 34 58 63 67 74
 16 17 21 34 58 63 67 72 73
 16 17 21 34 58 63 65 66
 16 17 21 34 58 63 65 66 74
 16 17 21 34 58 63 65 66 72 73
 16 17 21 34 58 61 62 67
 16 17 21 34 58 61 62 67 74
 16 17 21 34 58 61 62 67 72 73
 16 17 21 34 58 61 62 65 66
 16 17 21 34 58 61 62 65 66 74
 16 17 21 34 58 61 62 65 66 72 73
 16 17 21 34 47 58 63 67
 16 17 21 34 47 58 63 65 66
 16 17 21 34 47 58 61 62 67
 16 17 21 34 47 58 61 62 65 66
 16 17 21 34 40 58 63
 16 17 21 34 40 58 63 74
 16 17 21 34 40 58 63 72 73
 16 17 21 34 40 58 61 62
 16 17 21 34 40 58 61 62 74
 16 17 21 34 40 58 61 62 72 73
 16 17 21 34 40 47 58 63
 16 17 21 34 40 47 58 61 62
 16 17 21 34 36 58 67
 16 17 21 34 36 58 67 74
 16 17 21 34 36 58 67 72 73
 16 17 21 34 36 58 65 66
 16 17 21 34 36 58 65 66 74
 16 17 21 34 36 58 65 66 72 73
 16 17 21 34 36 47 58 67
 16 17 21 34 36 47 58 65 66
 16 17 21 34 36 40 58
 16 17 21 34 36 40 58 74
 16 17 21 34 36 40 58 72 73
 16 17 21 34 36 40 47 58
 15 48 58 61 64 72
 15 48 58 61 64 70 71
 15 48 58 59 60 64 72
 15 48 58 59 60 64 70 71
 15 46 47 58 61 64 72
 15 46 47 58 61 64 70 71
 15 46 47 58 59 60 64 72
 15 46 47 58 59 60 64 70 71
 15 45 48 58 61 64
 15 45 48 58 59 60 64
 15 45 46 47 58 61 64
 15 45 46 47 58 59 60 64
 15 34 48 58 64 72
 15 34 48 58 64 70 71
 15 34 46 47 58 64 72
 15 34 46 47 58 64 70 71
 15 34 45 48 58 64
 15 34 45 46 47 58 64
 15 21 58 61 64 72
 15 21 58 61 64 70 71
 15 21 58 59 60 64 72
 15 21 58 59 60 64 70 71
 15 21 45 58 61 64
 15 21 45 58 59 60 64
 15 21 34 58 64 72
 15 21 34 58 64 70 71
 15 21 34 45 58 64
 12 48 58 63 64 72
 12 48 58 63 64 70 71
 12 48 58 61 62 64 72
 12 48 58 61 62 64 70 71
 12 46 47 58 63 64 72
 12 46 47 58 63 64 70 71
 12 46 47 58 61 62 64 72
 12 46 47 58 61 62 64 70 71
 12 45 48 58 63 64
 12 45 48 58 61 62 64
 12 45 46 47 58 63 64
 12 45 46 47 58 61 62 64
 12 36 48 58 64 72
 12 36 48 58 64 70 71
 12 36 46 47 58 64 72
 12 36 46 47 58 64 70 71
 12 36 45 48 58 64
 12 36 45 46 47 58 64
 12 21 58 63 64 72
 12 21 58 63 64 70 71
 12 21 58 61 62 64 72
 12 21 58 61 62 64 70 71
 12 21 45 58 63 64
 12 21 45 58 61 62 64
 12 21 36 58 64 72
 12 21 36 58 64 70 71
 12 21 36 45 58 64
