 48 72
 48 70 71
 48 64 72
 48 64 70 71
 48 63 64 72 74
 48 63 64 72 73
 48 63 64 70 71 74
 48 63 64 70 71 72 73
 48 61 72
 48 61 70 71
 48 61 64 72
 48 61 64 70 71
 48 61 63 64 72
 48 61 63 64 70 71
 48 61 62 64 72
 48 61 62 64 72 74
 48 61 62 64 72 73
 48 61 62 64 70 71
 48 61 62 64 70 71 74
 48 61 62 64 70 71 72 73
 48 60 72
 48 60 72 74
 48 60 72 73
 48 60 70 71
 48 60 70 71 74
 48 60 70 71 72 73
 48 60 64 72
 48 60 64 70 71
 48 60 63 72
 48 60 63 70 71
 48 60 61 72
 48 60 61 70 71
 48 60 61 63 72
 48 60 61 63 70 71
 48 59 60 64 72
 48 59 60 64 70 71
 48 59 60 63 72
 48 59 60 63 70 71
 48 59 60 63 64 72
 48 59 60 63 64 70 71
 48 59 60 61 62 72
 48 59 60 61 62 70 71
 48 59 60 61 62 64 72
 48 59 60 61 62 64 70 71
 48 58 63 72
 48 58 63 70 71
 48 58 63 64 72
 48 58 63 64 70 71
 48 58 61 63 72
 48 58 61 63 70 71
 48 58 61 62 64 72
 48 58 61 62 64 70 71
 48 58 60 72
 48 58 60 70 71
 48 58 60 64 72
 48 58 60 64 70 71
 48 58 60 61 63 72
 48 58 60 61 63 70 71
 48 58 60 61 62 72
 48 58 60 61 62 70 71
 47 48 63 64 72
 47 48 63 64 70 71
 47 48 61 62 64 72
 47 48 61 62 64 70 71
 47 48 60 72
 47 48 60 70 71
 46 60 63 74
 46 60 63 72 73
 46 60 61 62 74
 46 60 61 62 72 73
 46 58 64 65 72
 46 58 64 65 70 71
 46 58 61 62 64 72
 46 58 61 62 64 70 71
 46 58 59 60 65
 46 58 59 60 63
 46 58 59 60 63 64
 46 58 59 60 61 62
 46 57 58 60 65
 46 57 58 60 63
 46 57 58 60 63 64
 46 57 58 60 61 62
 46 54 63
 46 54 61 62
 46 52 63 72 74
 46 52 63 72 73
 46 52 63 70 71 74
 46 52 63 70 71 72 73
 46 52 61 62 72 74
 46 52 61 62 72 73
 46 52 61 62 70 71 74
 46 52 61 62 70 71 72 73
 46 52 58 64 72
 46 52 58 64 70 71
 46 52 58 63 64 72 74
 46 52 58 63 64 72 73
 46 52 58 63 64 70 71 74
 46 52 58 63 64 70 71 72 73
 46 52 58 61 62 64 72 74
 46 52 58 61 62 64 72 73
 46 52 58 61 62 64 70 71 74
 46 52 58 61 62 64 70 71 72 73
 46 52 53 63
 46 52 53 61 62
 46 50 51 63 72 74
 46 50 51 63 72 73
 46 50 51 63 70 71 74
 46 50 51 63 70 71 72 73
 46 50 51 61 62 72 74
 46 50 51 61 62 72 73
 46 50 51 61 62 70 71 74
 46 50 51 61 62 70 71 72 73
 46 50 51 58 64 72
 46 50 51 58 64 70 71
 46 50 51 58 63 64 72 74
 46 50 51 58 63 64 72 73
 46 50 51 58 63 64 70 71 74
 46 50 51 58 63 64 70 71 72 73
 46 50 51 58 61 62 64 72 74
 46 50 51 58 61 62 64 72 73
 46 50 51 58 61 62 64 70 71 74
 46 50 51 58 61 62 64 70 71 72 73
 46 47 72
 46 47 70 71
 46 47 64 72
 46 47 64 70 71
 46 47 63 64 72
 46 47 63 64 72 74
 46 47 63 64 72 73
 46 47 63 64 70 71
 46 47 63 64 70 71 74
 46 47 63 64 70 71 72 73
 46 47 61 72
 46 47 61 70 71
 46 47 61 64 72
 46 47 61 64 70 71
 46 47 61 63 64 72
 46 47 61 63 64 70 71
 46 47 61 62 64 72 74
 46 47 61 62 64 72 73
 46 47 61 62 64 70 71 74
 46 47 61 62 64 70 71 72 73
 46 47 60 72 74
 46 47 60 72 73
 46 47 60 70 71 74
 46 47 60 70 71 72 73
 46 47 60 64 72
 46 47 60 64 70 71
 46 47 60 63
 46 47 60 63 72
 46 47 60 63 70 71
 46 47 60 61 72
 46 47 60 61 70 71
 46 47 60 61 63 72
 46 47 60 61 63 70 71
 46 47 60 61 62
 46 47 59 60 64 72
 46 47 59 60 64 70 71
 46 47 59 60 63 72
 46 47 59 60 63 70 71
 46 47 59 60 63 64 72
 46 47 59 60 63 64 70 71
 46 47 59 60 61 62 72
 46 47 59 60 61 62 70 71
 46 47 59 60 61 62 64 72
 46 47 59 60 61 62 64 70 71
 46 47 58 63 72
 46 47 58 63 70 71
 46 47 58 63 64 72
 46 47 58 63 64 70 71
 46 47 58 61 63 72
 46 47 58 61 63 70 71
 46 47 58 61 62 64 72
 46 47 58 61 62 64 70 71
 46 47 58 60 72
 46 47 58 60 70 71
 46 47 58 60 64 72
 46 47 58 60 64 70 71
 46 47 58 60 61 63 72
 46 47 58 60 61 63 70 71
 46 47 58 60 61 62 72
 46 47 58 60 61 62 70 71
 46 47 52 63 72
 46 47 52 63 70 71
 46 47 52 61 62 72
 46 47 52 61 62 70 71
 46 47 52 58 63 64 72
 46 47 52 58 63 64 70 71
 46 47 52 58 61 62 64 72
 46 47 52 58 61 62 64 70 71
 46 47 50 51 63 72
 46 47 50 51 63 70 71
 46 47 50 51 61 62 72
 46 47 50 51 61 62 70 71
 46 47 50 51 58 63 64 72
 46 47 50 51 58 63 64 70 71
 46 47 50 51 58 61 62 64 72
 46 47 50 51 58 61 62 64 70 71
 45 48
 45 48 64
 45 48 63 64 74
 45 48 63 64 72 73
 45 48 61
 45 48 61 64
 45 48 61 63 64
 45 48 61 62 64
 45 48 61 62 64 74
 45 48 61 62 64 72 73
 45 48 60
 45 48 60 74
 45 48 60 72 73
 45 48 60 64
 45 48 60 63
 45 48 60 61
 45 48 60 61 63
 45 48 59 60 64
 45 48 59 60 63
 45 48 59 60 63 64
 45 48 59 60 61 62
 45 48 59 60 61 62 64
 45 48 58 63
 45 48 58 63 64
 45 48 58 61 63
 45 48 58 61 62 64
 45 48 58 60
 45 48 58 60 64
 45 48 58 60 61 63
 45 48 58 60 61 62
 45 47 48 63 64
 45 47 48 61 62 64
 45 47 48 60
 45 46 58 64 65
 45 46 58 61 62 64
 45 46 52 63 74
 45 46 52 63 72 73
 45 46 52 61 62 74
 45 46 52 61 62 72 73
 45 46 52 58 64
 45 46 52 58 63 64 74
 45 46 52 58 63 64 72 73
 45 46 52 58 61 62 64 74
 45 46 52 58 61 62 64 72 73
 45 46 50 51 63 74
 45 46 50 51 63 72 73
 45 46 50 51 61 62 74
 45 46 50 51 61 62 72 73
 45 46 50 51 58 64
 45 46 50 51 58 63 64 74
 45 46 50 51 58 63 64 72 73
 45 46 50 51 58 61 62 64 74
 45 46 50 51 58 61 62 64 72 73
 45 46 47
 45 46 47 64
 45 46 47 63 64
 45 46 47 63 64 74
 45 46 47 63 64 72 73
 45 46 47 61
 45 46 47 61 64
 45 46 47 61 63 64
 45 46 47 61 62 64 74
 45 46 47 61 62 64 72 73
 45 46 47 60 74
 45 46 47 60 72 73
 45 46 47 60 64
 45 46 47 60 63
 45 46 47 60 61
 45 46 47 60 61 63
 45 46 47 59 60 64
 45 46 47 59 60 63
 45 46 47 59 60 63 64
 45 46 47 59 60 61 62
 45 46 47 59 60 61 62 64
 45 46 47 58 63
 45 46 47 58 63 64
 45 46 47 58 61 63
 45 46 47 58 61 62 64
 45 46 47 58 60
 45 46 47 58 60 64
 45 46 47 58 60 61 63
 45 46 47 58 60 61 62
 45 46 47 52 63
 45 46 47 52 61 62
 45 46 47 52 58 63 64
 45 46 47 52 58 61 62 64
 45 46 47 50 51 63
 45 46 47 50 51 61 62
 45 46 47 50 51 58 63 64
 45 46 47 50 51 58 61 62 64
 44 48 61 64 72
 44 48 61 64 70 71
 44 48 60 63 72 74
 44 48 60 63 72 73
 44 48 60 63 70 71 74
 44 48 60 63 70 71 72 73
 44 48 60 61 62 72 74
 44 48 60 61 62 72 73
 44 48 60 61 62 70 71 74
 44 48 60 61 62 70 71 72 73
 44 48 59 60 64 72
 44 48 59 60 64 70 71
 44 47 48 60 63 72
 44 47 48 60 63 70 71
 44 47 48 60 61 62 72
 44 47 48 60 61 62 70 71
 44 46 47 61 64 72
 44 46 47 61 64 70 71
 44 46 47 60 63 72
 44 46 47 60 63 72 74
 44 46 47 60 63 72 73
 44 46 47 60 63 70 71
 44 46 47 60 63 70 71 74
 44 46 47 60 63 70 71 72 73
 44 46 47 60 61 62 72
 44 46 47 60 61 62 72 74
 44 46 47 60 61 62 72 73
 44 46 47 60 61 62 70 71
 44 46 47 60 61 62 70 71 74
 44 46 47 60 61 62 70 71 72 73
 44 46 47 59 60 64 72
 44 46 47 59 60 64 70 71
 44 45 60 63 74
 44 45 60 63 72 73
 44 45 60 61 62 74
 44 45 60 61 62 72 73
 44 45 58 64 65
 44 45 58 64 65 72
 44 45 58 64 65 70 71
 44 45 58 61 62 64
 44 45 58 61 62 64 72
 44 45 58 61 62 64 70 71
 44 45 58 59 60 65
 44 45 58 59 60 63
 44 45 58 59 60 63 64
 44 45 58 59 60 61 62
 44 45 57 58 60 65
 44 45 57 58 60 63
 44 45 57 58 60 63 64
 44 45 57 58 60 61 62
 44 45 54 63
 44 45 54 61 62
 44 45 52 63 74
 44 45 52 63 72 74
 44 45 52 63 70 71 74
 44 45 52 63 70 71 72 73
 44 45 52 61 62 74
 44 45 52 61 62 72 74
 44 45 52 61 62 70 71 74
 44 45 52 61 62 70 71 72 73
 44 45 52 58 64
 44 45 52 58 64 72
 44 45 52 58 64 70 71
 44 45 52 58 63 64 74
 44 45 52 58 63 64 72 74
 44 45 52 58 63 64 70 71 74
 44 45 52 58 63 64 70 71 72 73
 44 45 52 58 61 62 64 74
 44 45 52 58 61 62 64 72 74
 44 45 52 58 61 62 64 70 71 74
 44 45 52 58 61 62 64 70 71 72 73
 44 45 52 53 63
 44 45 52 53 61 62
 44 45 50 51 63 74
 44 45 50 51 63 72 74
 44 45 50 51 63 70 71 74
 44 45 50 51 63 70 71 72 73
 44 45 50 51 61 62 74
 44 45 50 51 61 62 72 74
 44 45 50 51 61 62 70 71 74
 44 45 50 51 61 62 70 71 72 73
 44 45 50 51 58 64
 44 45 50 51 58 64 72
 44 45 50 51 58 64 70 71
 44 45 50 51 58 63 64 74
 44 45 50 51 58 63 64 72 74
 44 45 50 51 58 63 64 70 71 74
 44 45 50 51 58 63 64 70 71 72 73
 44 45 50 51 58 61 62 64 74
 44 45 50 51 58 61 62 64 72 74
 44 45 50 51 58 61 62 64 70 71 74
 44 45 50 51 58 61 62 64 70 71 72 73
 44 45 48 61 64
 44 45 48 60 63 74
 44 45 48 60 63 72 73
 44 45 48 60 61 62 74
 44 45 48 60 61 62 72 73
 44 45 48 59 60 64
 44 45 47 60 63
 44 45 47 60 61 62
 44 45 47 52 63
 44 45 47 52 63 72
 44 45 47 52 63 70 71
 44 45 47 52 61 62
 44 45 47 52 61 62 72
 44 45 47 52 61 62 70 71
 44 45 47 52 58 63 64
 44 45 47 52 58 63 64 72
 44 45 47 52 58 63 64 70 71
 44 45 47 52 58 61 62 64
 44 45 47 52 58 61 62 64 72
 44 45 47 52 58 61 62 64 70 71
 44 45 47 50 51 63
 44 45 47 50 51 63 72
 44 45 47 50 51 63 70 71
 44 45 47 50 51 61 62
 44 45 47 50 51 61 62 72
 44 45 47 50 51 61 62 70 71
 44 45 47 50 51 58 63 64
 44 45 47 50 51 58 63 64 72
 44 45 47 50 51 58 63 64 70 71
 44 45 47 50 51 58 61 62 64
 44 45 47 50 51 58 61 62 64 72
 44 45 47 50 51 58 61 62 64 70 71
 44 45 47 48 60 63
 44 45 47 48 60 61 62
 44 45 46 47 61 64
 44 45 46 47 60 63
 44 45 46 47 60 63 74
 44 45 46 47 60 63 72 73
 44 45 46 47 60 61 62
 44 45 46 47 60 61 62 74
 44 45 46 47 60 61 62 72 73
 44 45 46 47 59 60 64
 42 43 48 61 64 72
 42 43 48 61 64 70 71
 42 43 48 60 63 72 74
 42 43 48 60 63 72 73
 42 43 48 60 63 70 71 74
 42 43 48 60 63 70 71 72 73
 42 43 48 60 61 62 72 74
 42 43 48 60 61 62 72 73
 42 43 48 60 61 62 70 71 74
 42 43 48 60 61 62 70 71 72 73
 42 43 48 59 60 64 72
 42 43 48 59 60 64 70 71
 42 43 47 48 60 63 72
 42 43 47 48 60 63 70 71
 42 43 47 48 60 61 62 72
 42 43 47 48 60 61 62 70 71
 42 43 46 47 61 64 72
 42 43 46 47 61 64 70 71
 42 43 46 47 60 63 72
 42 43 46 47 60 63 72 74
 42 43 46 47 60 63 72 73
 42 43 46 47 60 63 70 71
 42 43 46 47 60 63 70 71 74
 42 43 46 47 60 63 70 71 72 73
 42 43 46 47 60 61 62 72
 42 43 46 47 60 61 62 72 74
 42 43 46 47 60 61 62 72 73
 42 43 46 47 60 61 62 70 71
 42 43 46 47 60 61 62 70 71 74
 42 43 46 47 60 61 62 70 71 72 73
 42 43 46 47 59 60 64 72
 42 43 46 47 59 60 64 70 71
 42 43 45 48 61 64
 42 43 45 48 60 63 74
 42 43 45 48 60 63 72 73
 42 43 45 48 60 61 62 74
 42 43 45 48 60 61 62 72 73
 42 43 45 48 59 60 64
 42 43 45 47 48 60 63
 42 43 45 47 48 60 61 62
 42 43 45 46 47 61 64
 42 43 45 46 47 60 63
 42 43 45 46 47 60 63 74
 42 43 45 46 47 60 63 72 73
 42 43 45 46 47 60 61 62
 42 43 45 46 47 60 61 62 74
 42 43 45 46 47 60 61 62 72 73
 42 43 45 46 47 59 60 64
 38 46 58 64 72
 38 46 58 64 70 71
 38 46 58 59 60
 38 46 57 58 60
 38 45 46 58 64
 38 44 45 58 64
 38 44 45 58 64 72
 38 44 45 58 64 70 71
 38 44 45 58 59 60
 38 44 45 57 58 60
 36 48 64 72 74
 36 48 64 72 73
 36 48 64 70 71 74
 36 48 64 70 71 72 73
 36 48 61 64 72
 36 48 61 64 70 71
 36 48 60 72
 36 48 60 70 71
 36 48 60 61 72
 36 48 60 61 70 71
 36 48 59 60 72
 36 48 59 60 70 71
 36 48 59 60 64 72
 36 48 59 60 64 70 71
 36 48 58 72
 36 48 58 70 71
 36 48 58 64 72
 36 48 58 64 70 71
 36 48 58 61 72
 36 48 58 61 70 71
 36 48 58 60 61 72
 36 48 58 60 61 70 71
 36 47 48 64 72
 36 47 48 64 70 71
 36 46 60 74
 36 46 60 72 73
 36 46 58 64 72
 36 46 58 64 70 71
 36 46 58 59 60
 36 46 57 58 60
 36 46 54
 36 46 52 72 74
 36 46 52 72 73
 36 46 52 70 71 74
 36 46 52 70 71 72 73
 36 46 52 58 64 72 74
 36 46 52 58 64 72 73
 36 46 52 58 64 70 71 74
 36 46 52 58 64 70 71 72 73
 36 46 52 53
 36 46 50 51 72 74
 36 46 50 51 72 73
 36 46 50 51 70 71 74
 36 46 50 51 70 71 72 73
 36 46 50 51 58 64 72 74
 36 46 50 51 58 64 72 73
 36 46 50 51 58 64 70 71 74
 36 46 50 51 58 64 70 71 72 73
 36 46 47 64 72
 36 46 47 64 72 74
 36 46 47 64 72 73
 36 46 47 64 70 71
 36 46 47 64 70 71 74
 36 46 47 64 70 71 72 73
 36 46 47 61 64 72
 36 46 47 61 64 70 71
 36 46 47 60
 36 46 47 60 72
 36 46 47 60 70 71
 36 46 47 60 61 72
 36 46 47 60 61 70 71
 36 46 47 59 60 72
 36 46 47 59 60 70 71
 36 46 47 59 60 64 72
 36 46 47 59 60 64 70 71
 36 46 47 58 72
 36 46 47 58 70 71
 36 46 47 58 64 72
 36 46 47 58 64 70 71
 36 46 47 58 61 72
 36 46 47 58 61 70 71
 36 46 47 58 60 61 72
 36 46 47 58 60 61 70 71
 36 46 47 52 72
 36 46 47 52 70 71
 36 46 47 52 58 64 72
 36 46 47 52 58 64 70 71
 36 46 47 50 51 72
 36 46 47 50 51 70 71
 36 46 47 50 51 58 64 72
 36 46 47 50 51 58 64 70 71
 36 45 48 64 74
 36 45 48 64 72 73
 36 45 48 61 64
 36 45 48 60
 36 45 48 60 61
 36 45 48 59 60
 36 45 48 59 60 64
 36 45 48 58
 36 45 48 58 64
 36 45 48 58 61
 36 45 48 58 60 61
 36 45 47 48 64
 36 45 46 58 64
 36 45 46 52 74
 36 45 46 52 72 73
 36 45 46 52 58 64 74
 36 45 46 52 58 64 72 73
 36 45 46 50 51 74
 36 45 46 50 51 72 73
 36 45 46 50 51 58 64 74
 36 45 46 50 51 58 64 72 73
 36 45 46 47 64
 36 45 46 47 64 74
 36 45 46 47 64 72 73
 36 45 46 47 61 64
 36 45 46 47 60
 36 45 46 47 60 61
 36 45 46 47 59 60
 36 45 46 47 59 60 64
 36 45 46 47 58
 36 45 46 47 58 64
 36 45 46 47 58 61
 36 45 46 47 58 60 61
 36 45 46 47 52
 36 45 46 47 52 58 64
 36 45 46 47 50 51
 36 45 46 47 50 51 58 64
 36 44 48 60 72 74
 36 44 48 60 72 73
 36 44 48 60 70 71 74
 36 44 48 60 70 71 72 73
 36 44 47 48 60 72
 36 44 47 48 60 70 71
 36 44 46 47 60 72
 36 44 46 47 60 72 74
 36 44 46 47 60 72 73
 36 44 46 47 60 70 71
 36 44 46 47 60 70 71 74
 36 44 46 47 60 70 71 72 73
 36 44 45 60 74
 36 44 45 60 72 73
 36 44 45 58 64
 36 44 45 58 64 72
 36 44 45 58 64 70 71
 36 44 45 58 59 60
 36 44 45 57 58 60
 36 44 45 54
 36 44 45 52 74
 36 44 45 52 72 74
 36 44 45 52 70 71 74
 36 44 45 52 70 71 72 73
 36 44 45 52 58 64 74
 36 44 45 52 58 64 72 74
 36 44 45 52 58 64 70 71 74
 36 44 45 52 58 64 70 71 72 73
 36 44 45 52 53
 36 44 45 50 51 74
 36 44 45 50 51 72 74
 36 44 45 50 51 70 71 74
 36 44 45 50 51 70 71 72 73
 36 44 45 50 51 58 64 74
 36 44 45 50 51 58 64 72 74
 36 44 45 50 51 58 64 70 71 74
 36 44 45 50 51 58 64 70 71 72 73
 36 44 45 48 60 74
 36 44 45 48 60 72 73
 36 44 45 47 60
 36 44 45 47 52
 36 44 45 47 52 72
 36 44 45 47 52 70 71
 36 44 45 47 52 58 64
 36 44 45 47 52 58 64 72
 36 44 45 47 52 58 64 70 71
 36 44 45 47 50 51
 36 44 45 47 50 51 72
 36 44 45 47 50 51 70 71
 36 44 45 47 50 51 58 64
 36 44 45 47 50 51 58 64 72
 36 44 45 47 50 51 58 64 70 71
 36 44 45 47 48 60
 36 44 45 46 47 60
 36 44 45 46 47 60 74
 36 44 45 46 47 60 72 73
 36 42 43 48 60 72 74
 36 42 43 48 60 72 73
 36 42 43 48 60 70 71 74
 36 42 43 48 60 70 71 72 73
 36 42 43 47 48 60 72
 36 42 43 47 48 60 70 71
 36 42 43 46 47 60 72
 36 42 43 46 47 60 72 74
 36 42 43 46 47 60 72 73
 36 42 43 46 47 60 70 71
 36 42 43 46 47 60 70 71 74
 36 42 43 46 47 60 70 71 72 73
 36 42 43 45 48 60 74
 36 42 43 45 48 60 72 73
 36 42 43 45 47 48 60
 36 42 43 45 46 47 60
 36 42 43 45 46 47 60 74
 36 42 43 45 46 47 60 72 73
 34 48 72
 34 48 70 71
 34 48 64 72
 34 48 64 70 71
 34 48 63 64 72
 34 48 63 64 70 71
 34 48 61 62 64 72
 34 48 61 62 64 70 71
 34 48 60 72
 34 48 60 70 71
 34 48 60 63 72
 34 48 60 63 70 71
 34 48 60 61 62 72
 34 48 60 61 62 70 71
 34 48 58 63 72
 34 48 58 63 70 71
 34 48 58 61 62 72
 34 48 58 61 62 70 71
 34 48 58 60 63 72
 34 48 58 60 63 70 71
 34 48 58 60 61 62 72
 34 48 58 60 61 62 70 71
 34 46 47 72
 34 46 47 70 71
 34 46 47 64 72
 34 46 47 64 70 71
 34 46 47 63 64 72
 34 46 47 63 64 70 71
 34 46 47 61 62 64 72
 34 46 47 61 62 64 70 71
 34 46 47 60 72
 34 46 47 60 70 71
 34 46 47 60 63 72
 34 46 47 60 63 70 71
 34 46 47 60 61 62 72
 34 46 47 60 61 62 70 71
 34 46 47 58 63 72
 34 46 47 58 63 70 71
 34 46 47 58 61 62 72
 34 46 47 58 61 62 70 71
 34 46 47 58 60 63 72
 34 46 47 58 60 63 70 71
 34 46 47 58 60 61 62 72
 34 46 47 58 60 61 62 70 71
 34 45 48
 34 45 48 64
 34 45 48 63 64
 34 45 48 61 62 64
 34 45 48 60
 34 45 48 60 63
 34 45 48 60 61 62
 34 45 48 58 63
 34 45 48 58 61 62
 34 45 48 58 60 63
 34 45 48 58 60 61 62
 34 45 46 47
 34 45 46 47 64
 34 45 46 47 63 64
 34 45 46 47 61 62 64
 34 45 46 47 60
 34 45 46 47 60 63
 34 45 46 47 60 61 62
 34 45 46 47 58 63
 34 45 46 47 58 61 62
 34 45 46 47 58 60 63
 34 45 46 47 58 60 61 62
 34 44 48 64 72
 34 44 48 64 70 71
 34 44 46 47 64 72
 34 44 46 47 64 70 71
 34 44 45 48 64
 34 44 45 46 47 64
 34 42 43 48 64 72
 34 42 43 48 64 70 71
 34 42 43 46 47 64 72
 34 42 43 46 47 64 70 71
 34 42 43 45 48 64
 34 42 43 45 46 47 64
 34 36 48 64 72
 34 36 48 64 70 71
 34 36 48 60 72
 34 36 48 60 70 71
 34 36 48 58 72
 34 36 48 58 70 71
 34 36 48 58 60 72
 34 36 48 58 60 70 71
 34 36 46 47 64 72
 34 36 46 47 64 70 71
 34 36 46 47 60 72
 34 36 46 47 60 70 71
 34 36 46 47 58 72
 34 36 46 47 58 70 71
 34 36 46 47 58 60 72
 34 36 46 47 58 60 70 71
 34 36 45 48 64
 34 36 45 48 60
 34 36 45 48 58
 34 36 45 48 58 60
 34 36 45 46 47 64
 34 36 45 46 47 60
 34 36 45 46 47 58
 34 36 45 46 47 58 60
 32 46 58 60 65
 32 46 58 60 63
 32 46 58 60 63 64
 32 46 58 60 61 62
 32 44 45 58 60 65
 32 44 45 58 60 63
 32 44 45 58 60 63 64
 32 44 45 58 60 61 62
 32 38 46 58 60
 32 38 44 45 58 60
 32 36 46 58 60
 32 36 44 45 58 60
 27 46 63
 27 46 61 62
 27 44 45 63
 27 44 45 61 62
 27 36 46
 27 36 44 45
 25 46 63 72 74
 25 46 63 72 73
 25 46 63 70 71 74
 25 46 63 70 71 72 73
 25 46 61 62 72 74
 25 46 61 62 72 73
 25 46 61 62 70 71 74
 25 46 61 62 70 71 72 73
 25 46 58 64 72
 25 46 58 64 70 71
 25 46 58 63 64 72 74
 25 46 58 63 64 72 73
 25 46 58 63 64 70 71 74
 25 46 58 63 64 70 71 72 73
 25 46 58 61 62 64 72 74
 25 46 58 61 62 64 72 73
 25 46 58 61 62 64 70 71 74
 25 46 58 61 62 64 70 71 72 73
 25 46 47 63 72
 25 46 47 63 70 71
 25 46 47 61 62 72
 25 46 47 61 62 70 71
 25 46 47 58 63 64 72
 25 46 47 58 63 64 70 71
 25 46 47 58 61 62 64 72
 25 46 47 58 61 62 64 70 71
 25 45 46 63 74
 25 45 46 63 72 73
 25 45 46 61 62 74
 25 45 46 61 62 72 73
 25 45 46 58 64
 25 45 46 58 63 64 74
 25 45 46 58 63 64 72 73
 25 45 46 58 61 62 64 74
 25 45 46 58 61 62 64 72 73
 25 45 46 47 63
 25 45 46 47 61 62
 25 45 46 47 58 63 64
 25 45 46 47 58 61 62 64
 25 44 45 63 74
 25 44 45 63 72 74
 25 44 45 63 70 71 74
 25 44 45 63 70 71 72 73
 25 44 45 61 62 74
 25 44 45 61 62 72 74
 25 44 45 61 62 70 71 74
 25 44 45 61 62 70 71 72 73
 25 44 45 58 64
 25 44 45 58 64 72
 25 44 45 58 64 70 71
 25 44 45 58 63 64 74
 25 44 45 58 63 64 72 74
 25 44 45 58 63 64 70 71 74
 25 44 45 58 63 64 70 71 72 73
 25 44 45 58 61 62 64 74
 25 44 45 58 61 62 64 72 74
 25 44 45 58 61 62 64 70 71 74
 25 44 45 58 61 62 64 70 71 72 73
 25 44 45 47 63
 25 44 45 47 63 72
 25 44 45 47 63 70 71
 25 44 45 47 61 62
 25 44 45 47 61 62 72
 25 44 45 47 61 62 70 71
 25 44 45 47 58 63 64
 25 44 45 47 58 63 64 72
 25 44 45 47 58 63 64 70 71
 25 44 45 47 58 61 62 64
 25 44 45 47 58 61 62 64 72
 25 44 45 47 58 61 62 64 70 71
 25 36 46 72 74
 25 36 46 72 73
 25 36 46 70 71 74
 25 36 46 70 71 72 73
 25 36 46 58 64 72 74
 25 36 46 58 64 72 73
 25 36 46 58 64 70 71 74
 25 36 46 58 64 70 71 72 73
 25 36 46 47 72
 25 36 46 47 70 71
 25 36 46 47 58 64 72
 25 36 46 47 58 64 70 71
 25 36 45 46 74
 25 36 45 46 72 73
 25 36 45 46 58 64 74
 25 36 45 46 58 64 72 73
 25 36 45 46 47
 25 36 45 46 47 58 64
 25 36 44 45 74
 25 36 44 45 72 74
 25 36 44 45 70 71 74
 25 36 44 45 70 71 72 73
 25 36 44 45 58 64 74
 25 36 44 45 58 64 72 74
 25 36 44 45 58 64 70 71 74
 25 36 44 45 58 64 70 71 72 73
 25 36 44 45 47
 25 36 44 45 47 72
 25 36 44 45 47 70 71
 25 36 44 45 47 58 64
 25 36 44 45 47 58 64 72
 25 36 44 45 47 58 64 70 71
 21 72
 21 70 71
 21 64 72
 21 64 70 71
 21 63 64 72 74
 21 63 64 72 73
 21 63 64 70 71 74
 21 63 64 70 71 72 73
 21 61 72
 21 61 70 71
 21 61 64 72
 21 61 64 70 71
 21 61 63 64 72
 21 61 63 64 70 71
 21 61 62 64 72
 21 61 62 64 72 74
 21 61 62 64 72 73
 21 61 62 64 70 71
 21 61 62 64 70 71 74
 21 61 62 64 70 71 72 73
 21 60 72
 21 60 72 74
 21 60 72 73
 21 60 70 71
 21 60 70 71 74
 21 60 70 71 72 73
 21 60 64 72
 21 60 64 70 71
 21 60 63 72
 21 60 63 70 71
 21 60 61 72
 21 60 61 70 71
 21 60 61 63 72
 21 60 61 63 70 71
 21 59 60 64 72
 21 59 60 64 70 71
 21 59 60 63 72
 21 59 60 63 70 71
 21 59 60 63 64 72
 21 59 60 63 64 70 71
 21 59 60 61 62 72
 21 59 60 61 62 70 71
 21 59 60 61 62 64 72
 21 59 60 61 62 64 70 71
 21 58 63 72
 21 58 63 70 71
 21 58 63 64 72
 21 58 63 64 70 71
 21 58 61 63 72
 21 58 61 63 70 71
 21 58 61 62 64 72
 21 58 61 62 64 70 71
 21 58 60 72
 21 58 60 70 71
 21 58 60 64 72
 21 58 60 64 70 71
 21 58 60 61 63 72
 21 58 60 61 63 70 71
 21 58 60 61 62 72
 21 58 60 61 62 70 71
 21 47 63 64 72
 21 47 63 64 70 71
 21 47 61 62 64 72
 21 47 61 62 64 70 71
 21 47 60 72
 21 47 60 70 71
 21 45
 21 45 64
 21 45 63 64 74
 21 45 63 64 72 73
 21 45 61
 21 45 61 64
 21 45 61 63 64
 21 45 61 62 64
 21 45 61 62 64 74
 21 45 61 62 64 72 73
 21 45 60
 21 45 60 74
 21 45 60 72 73
 21 45 60 64
 21 45 60 63
 21 45 60 61
 21 45 60 61 63
 21 45 59 60 64
 21 45 59 60 63
 21 45 59 60 63 64
 21 45 59 60 61 62
 21 45 59 60 61 62 64
 21 45 58 63
 21 45 58 63 64
 21 45 58 61 63
 21 45 58 61 62 64
 21 45 58 60
 21 45 58 60 64
 21 45 58 60 61 63
 21 45 58 60 61 62
 21 45 47 63 64
 21 45 47 61 62 64
 21 45 47 60
 21 44 61 64 72
 21 44 61 64 70 71
 21 44 60 63 72 74
 21 44 60 63 72 73
 21 44 60 63 70 71 74
 21 44 60 63 70 71 72 73
 21 44 60 61 62 72 74
 21 44 60 61 62 72 73
 21 44 60 61 62 70 71 74
 21 44 60 61 62 70 71 72 73
 21 44 59 60 64 72
 21 44 59 60 64 70 71
 21 44 47 60 63 72
 21 44 47 60 63 70 71
 21 44 47 60 61 62 72
 21 44 47 60 61 62 70 71
 21 44 45 61 64
 21 44 45 60 63 74
 21 44 45 60 63 72 73
 21 44 45 60 61 62 74
 21 44 45 60 61 62 72 73
 21 44 45 59 60 64
 21 44 45 47 60 63
 21 44 45 47 60 61 62
 21 42 43 61 64 72
 21 42 43 61 64 70 71
 21 42 43 60 63 72 74
 21 42 43 60 63 72 73
 21 42 43 60 63 70 71 74
 21 42 43 60 63 70 71 72 73
 21 42 43 60 61 62 72 74
 21 42 43 60 61 62 72 73
 21 42 43 60 61 62 70 71 74
 21 42 43 60 61 62 70 71 72 73
 21 42 43 59 60 64 72
 21 42 43 59 60 64 70 71
 21 42 43 47 60 63 72
 21 42 43 47 60 63 70 71
 21 42 43 47 60 61 62 72
 21 42 43 47 60 61 62 70 71
 21 42 43 45 61 64
 21 42 43 45 60 63 74
 21 42 43 45 60 63 72 73
 21 42 43 45 60 61 62 74
 21 42 43 45 60 61 62 72 73
 21 42 43 45 59 60 64
 21 42 43 45 47 60 63
 21 42 43 45 47 60 61 62
 21 36 64 72 74
 21 36 64 72 73
 21 36 64 70 71 74
 21 36 64 70 71 72 73
 21 36 61 64 72
 21 36 61 64 70 71
 21 36 60 72
 21 36 60 70 71
 21 36 60 61 72
 21 36 60 61 70 71
 21 36 59 60 72
 21 36 59 60 70 71
 21 36 59 60 64 72
 21 36 59 60 64 70 71
 21 36 58 72
 21 36 58 70 71
 21 36 58 64 72
 21 36 58 64 70 71
 21 36 58 61 72
 21 36 58 61 70 71
 21 36 58 60 61 72
 21 36 58 60 61 70 71
 21 36 47 64 72
 21 36 47 64 70 71
 21 36 45 64 74
 21 36 45 64 72 73
 21 36 45 61 64
 21 36 45 60
 21 36 45 60 61
 21 36 45 59 60
 21 36 45 59 60 64
 21 36 45 58
 21 36 45 58 64
 21 36 45 58 61
 21 36 45 58 60 61
 21 36 45 47 64
 21 36 44 60 72 74
 21 36 44 60 72 73
 21 36 44 60 70 71 74
 21 36 44 60 70 71 72 73
 21 36 44 47 60 72
 21 36 44 47 60 70 71
 21 36 44 45 60 74
 21 36 44 45 60 72 73
 21 36 44 45 47 60
 21 36 42 43 60 72 74
 21 36 42 43 60 72 73
 21 36 42 43 60 70 71 74
 21 36 42 43 60 70 71 72 73
 21 36 42 43 47 60 72
 21 36 42 43 47 60 70 71
 21 36 42 43 45 60 74
 21 36 42 43 45 60 72 73
 21 36 42 43 45 47 60
 21 34 72
 21 34 70 71
 21 34 64 72
 21 34 64 70 71
 21 34 63 64 72
 21 34 63 64 70 71
 21 34 61 62 64 72
 21 34 61 62 64 70 71
 21 34 60 72
 21 34 60 70 71
 21 34 60 63 72
 21 34 60 63 70 71
 21 34 60 61 62 72
 21 34 60 61 62 70 71
 21 34 58 63 72
 21 34 58 63 70 71
 21 34 58 61 62 72
 21 34 58 61 62 70 71
 21 34 58 60 63 72
 21 34 58 60 63 70 71
 21 34 58 60 61 62 72
 21 34 58 60 61 62 70 71
 21 34 45
 21 34 45 64
 21 34 45 63 64
 21 34 45 61 62 64
 21 34 45 60
 21 34 45 60 63
 21 34 45 60 61 62
 21 34 45 58 63
 21 34 45 58 61 62
 21 34 45 58 60 63
 21 34 45 58 60 61 62
 21 34 44 64 72
 21 34 44 64 70 71
 21 34 44 45 64
 21 34 42 43 64 72
 21 34 42 43 64 70 71
 21 34 42 43 45 64
 21 34 36 64 72
 21 34 36 64 70 71
 21 34 36 60 72
 21 34 36 60 70 71
 21 34 36 58 72
 21 34 36 58 70 71
 21 34 36 58 60 72
 21 34 36 58 60 70 71
 21 34 36 45 64
 21 34 36 45 60
 21 34 36 45 58
 21 34 36 45 58 60
 19 60 63 74
 19 60 63 72 73
 19 60 61 62 74
 19 60 61 62 72 73
 19 58 64 65 72
 19 58 64 65 70 71
 19 58 61 62 64 72
 19 58 61 62 64 70 71
 19 58 59 60 65
 19 58 59 60 63
 19 58 59 60 63 64
 19 58 59 60 61 62
 19 57 58 60 65
 19 57 58 60 63
 19 57 58 60 63 64
 19 57 58 60 61 62
 19 54 63
 19 54 61 62
 19 52 63 72 74
 19 52 63 72 73
 19 52 63 70 71 74
 19 52 63 70 71 72 73
 19 52 61 62 72 74
 19 52 61 62 72 73
 19 52 61 62 70 71 74
 19 52 61 62 70 71 72 73
 19 52 58 64 72
 19 52 58 64 70 71
 19 52 58 63 64 72 74
 19 52 58 63 64 72 73
 19 52 58 63 64 70 71 74
 19 52 58 63 64 70 71 72 73
 19 52 58 61 62 64 72 74
 19 52 58 61 62 64 72 73
 19 52 58 61 62 64 70 71 74
 19 52 58 61 62 64 70 71 72 73
 19 52 53 63
 19 52 53 61 62
 19 50 51 63 72 74
 19 50 51 63 72 73
 19 50 51 63 70 71 74
 19 50 51 63 70 71 72 73
 19 50 51 61 62 72 74
 19 50 51 61 62 72 73
 19 50 51 61 62 70 71 74
 19 50 51 61 62 70 71 72 73
 19 50 51 58 64 72
 19 50 51 58 64 70 71
 19 50 51 58 63 64 72 74
 19 50 51 58 63 64 72 73
 19 50 51 58 63 64 70 71 74
 19 50 51 58 63 64 70 71 72 73
 19 50 51 58 61 62 64 72 74
 19 50 51 58 61 62 64 72 73
 19 50 51 58 61 62 64 70 71 74
 19 50 51 58 61 62 64 70 71 72 73
 19 47 60 63
 19 47 60 61 62
 19 47 52 63 72
 19 47 52 63 70 71
 19 47 52 61 62 72
 19 47 52 61 62 70 71
 19 47 52 58 63 64 72
 19 47 52 58 63 64 70 71
 19 47 52 58 61 62 64 72
 19 47 52 58 61 62 64 70 71
 19 47 50 51 63 72
 19 47 50 51 63 70 71
 19 47 50 51 61 62 72
 19 47 50 51 61 62 70 71
 19 47 50 51 58 63 64 72
 19 47 50 51 58 63 64 70 71
 19 47 50 51 58 61 62 64 72
 19 47 50 51 58 61 62 64 70 71
 19 45 58 64 65
 19 45 58 61 62 64
 19 45 52 63 74
 19 45 52 63 72 73
 19 45 52 61 62 74
 19 45 52 61 62 72 73
 19 45 52 58 64
 19 45 52 58 63 64 74
 19 45 52 58 63 64 72 73
 19 45 52 58 61 62 64 74
 19 45 52 58 61 62 64 72 73
 19 45 50 51 63 74
 19 45 50 51 63 72 73
 19 45 50 51 61 62 74
 19 45 50 51 61 62 72 73
 19 45 50 51 58 64
 19 45 50 51 58 63 64 74
 19 45 50 51 58 63 64 72 73
 19 45 50 51 58 61 62 64 74
 19 45 50 51 58 61 62 64 72 73
 19 45 47 52 63
 19 45 47 52 61 62
 19 45 47 52 58 63 64
 19 45 47 52 58 61 62 64
 19 45 47 50 51 63
 19 45 47 50 51 61 62
 19 45 47 50 51 58 63 64
 19 45 47 50 51 58 61 62 64
 19 38 58 64 72
 19 38 58 64 70 71
 19 38 58 59 60
 19 38 57 58 60
 19 38 45 58 64
 19 36 60 74
 19 36 60 72 73
 19 36 58 64 72
 19 36 58 64 70 71
 19 36 58 59 60
 19 36 57 58 60
 19 36 54
 19 36 52 72 74
 19 36 52 72 73
 19 36 52 70 71 74
 19 36 52 70 71 72 73
 19 36 52 58 64 72 74
 19 36 52 58 64 72 73
 19 36 52 58 64 70 71 74
 19 36 52 58 64 70 71 72 73
 19 36 52 53
 19 36 50 51 72 74
 19 36 50 51 72 73
 19 36 50 51 70 71 74
 19 36 50 51 70 71 72 73
 19 36 50 51 58 64 72 74
 19 36 50 51 58 64 72 73
 19 36 50 51 58 64 70 71 74
 19 36 50 51 58 64 70 71 72 73
 19 36 47 60
 19 36 47 52 72
 19 36 47 52 70 71
 19 36 47 52 58 64 72
 19 36 47 52 58 64 70 71
 19 36 47 50 51 72
 19 36 47 50 51 70 71
 19 36 47 50 51 58 64 72
 19 36 47 50 51 58 64 70 71
 19 36 45 58 64
 19 36 45 52 74
 19 36 45 52 72 73
 19 36 45 52 58 64 74
 19 36 45 52 58 64 72 73
 19 36 45 50 51 74
 19 36 45 50 51 72 73
 19 36 45 50 51 58 64 74
 19 36 45 50 51 58 64 72 73
 19 36 45 47 52
 19 36 45 47 52 58 64
 19 36 45 47 50 51
 19 36 45 47 50 51 58 64
 19 32 58 60 65
 19 32 58 60 63
 19 32 58 60 63 64
 19 32 58 60 61 62
 19 32 38 58 60
 19 32 36 58 60
 19 27 63
 19 27 61 62
 19 27 36
 19 25 63 72 74
 19 25 63 72 73
 19 25 63 70 71 74
 19 25 63 70 71 72 73
 19 25 61 62 72 74
 19 25 61 62 72 73
 19 25 61 62 70 71 74
 19 25 61 62 70 71 72 73
 19 25 58 64 72
 19 25 58 64 70 71
 19 25 58 63 64 72 74
 19 25 58 63 64 72 73
 19 25 58 63 64 70 71 74
 19 25 58 63 64 70 71 72 73
 19 25 58 61 62 64 72 74
 19 25 58 61 62 64 72 73
 19 25 58 61 62 64 70 71 74
 19 25 58 61 62 64 70 71 72 73
 19 25 47 63 72
 19 25 47 63 70 71
 19 25 47 61 62 72
 19 25 47 61 62 70 71
 19 25 47 58 63 64 72
 19 25 47 58 63 64 70 71
 19 25 47 58 61 62 64 72
 19 25 47 58 61 62 64 70 71
 19 25 45 63 74
 19 25 45 63 72 73
 19 25 45 61 62 74
 19 25 45 61 62 72 73
 19 25 45 58 64
 19 25 45 58 63 64 74
 19 25 45 58 63 64 72 73
 19 25 45 58 61 62 64 74
 19 25 45 58 61 62 64 72 73
 19 25 45 47 63
 19 25 45 47 61 62
 19 25 45 47 58 63 64
 19 25 45 47 58 61 62 64
 19 25 36 72 74
 19 25 36 72 73
 19 25 36 70 71 74
 19 25 36 70 71 72 73
 19 25 36 58 64 72 74
 19 25 36 58 64 72 73
 19 25 36 58 64 70 71 74
 19 25 36 58 64 70 71 72 73
 19 25 36 47 72
 19 25 36 47 70 71
 19 25 36 47 58 64 72
 19 25 36 47 58 64 70 71
 19 25 36 45 74
 19 25 36 45 72 73
 19 25 36 45 58 64 74
 19 25 36 45 58 64 72 73
 19 25 36 45 47
 19 25 36 45 47 58 64
 17 48 61 64 72
 17 48 61 64 70 71
 17 48 60 63 72 74
 17 48 60 63 72 73
 17 48 60 63 70 71 74
 17 48 60 63 70 71 72 73
 17 48 60 61 62 72 74
 17 48 60 61 62 72 73
 17 48 60 61 62 70 71 74
 17 48 60 61 62 70 71 72 73
 17 48 59 60 64 72
 17 48 59 60 64 70 71
 17 47 48 60 63 72
 17 47 48 60 63 70 71
 17 47 48 60 61 62 72
 17 47 48 60 61 62 70 71
 17 46 47 61 64 72
 17 46 47 61 64 70 71
 17 46 47 60 63 72
 17 46 47 60 63 72 74
 17 46 47 60 63 72 73
 17 46 47 60 63 70 71
 17 46 47 60 63 70 71 74
 17 46 47 60 63 70 71 72 73
 17 46 47 60 61 62 72
 17 46 47 60 61 62 72 74
 17 46 47 60 61 62 72 73
 17 46 47 60 61 62 70 71
 17 46 47 60 61 62 70 71 74
 17 46 47 60 61 62 70 71 72 73
 17 46 47 59 60 64 72
 17 46 47 59 60 64 70 71
 17 45 48 61 64
 17 45 48 60 63 74
 17 45 48 60 63 72 73
 17 45 48 60 61 62 74
 17 45 48 60 61 62 72 73
 17 45 48 59 60 64
 17 45 47 48 60 63
 17 45 47 48 60 61 62
 17 45 46 47 61 64
 17 45 46 47 60 63
 17 45 46 47 60 63 74
 17 45 46 47 60 63 72 73
 17 45 46 47 60 61 62
 17 45 46 47 60 61 62 74
 17 45 46 47 60 61 62 72 73
 17 45 46 47 59 60 64
 17 36 48 60 72 74
 17 36 48 60 72 73
 17 36 48 60 70 71 74
 17 36 48 60 70 71 72 73
 17 36 47 48 60 72
 17 36 47 48 60 70 71
 17 36 46 47 60 72
 17 36 46 47 60 72 74
 17 36 46 47 60 72 73
 17 36 46 47 60 70 71
 17 36 46 47 60 70 71 74
 17 36 46 47 60 70 71 72 73
 17 36 45 48 60 74
 17 36 45 48 60 72 73
 17 36 45 47 48 60
 17 36 45 46 47 60
 17 36 45 46 47 60 74
 17 36 45 46 47 60 72 73
 17 34 48 64 72
 17 34 48 64 70 71
 17 34 46 47 64 72
 17 34 46 47 64 70 71
 17 34 45 48 64
 17 34 45 46 47 64
 17 21 61 64 72
 17 21 61 64 70 71
 17 21 60 63 72 74
 17 21 60 63 72 73
 17 21 60 63 70 71 74
 17 21 60 63 70 71 72 73
 17 21 60 61 62 72 74
 17 21 60 61 62 72 73
 17 21 60 61 62 70 71 74
 17 21 60 61 62 70 71 72 73
 17 21 59 60 64 72
 17 21 59 60 64 70 71
 17 21 47 60 63 72
 17 21 47 60 63 70 71
 17 21 47 60 61 62 72
 17 21 47 60 61 62 70 71
 17 21 45 61 64
 17 21 45 60 63 74
 17 21 45 60 63 72 73
 17 21 45 60 61 62 74
 17 21 45 60 61 62 72 73
 17 21 45 59 60 64
 17 21 45 47 60 63
 17 21 45 47 60 61 62
 17 21 36 60 72 74
 17 21 36 60 72 73
 17 21 36 60 70 71 74
 17 21 36 60 70 71 72 73
 17 21 36 47 60 72
 17 21 36 47 60 70 71
 17 21 36 45 60 74
 17 21 36 45 60 72 73
 17 21 36 45 47 60
 17 21 34 64 72
 17 21 34 64 70 71
 17 21 34 45 64
 16 48 63 64 72
 16 48 63 64 70 71
 16 48 61 62 64 72
 16 48 61 62 64 70 71
 16 46 47 63 64 72
 16 46 47 63 64 70 71
 16 46 47 61 62 64 72
 16 46 47 61 62 64 70 71
 16 45 48 63 64
 16 45 48 61 62 64
 16 45 46 47 63 64
 16 45 46 47 61 62 64
 16 36 48 64 72
 16 36 48 64 70 71
 16 36 46 47 64 72
 16 36 46 47 64 70 71
 16 36 45 48 64
 16 36 45 46 47 64
 16 21 63 64 72
 16 21 63 64 70 71
 16 21 61 62 64 72
 16 21 61 62 64 70 71
 16 21 45 63 64
 16 21 45 61 62 64
 16 21 36 64 72
 16 21 36 64 70 71
 16 21 36 45 64
 14 15 48 63 64 72
 14 15 48 63 64 70 71
 14 15 48 61 62 64 72
 14 15 48 61 62 64 70 71
 14 15 46 47 63 64 72
 14 15 46 47 63 64 70 71
 14 15 46 47 61 62 64 72
 14 15 46 47 61 62 64 70 71
 14 15 45 48 63 64
 14 15 45 48 61 62 64
 14 15 45 46 47 63 64
 14 15 45 46 47 61 62 64
 14 15 36 48 64 72
 14 15 36 48 64 70 71
 14 15 36 46 47 64 72
 14 15 36 46 47 64 70 71
 14 15 36 45 48 64
 14 15 36 45 46 47 64
 14 15 21 63 64 72
 14 15 21 63 64 70 71
 14 15 21 61 62 64 72
 14 15 21 61 62 64 70 71
 14 15 21 45 63 64
 14 15 21 45 61 62 64
 14 15 21 36 64 72
 14 15 21 36 64 70 71
 14 15 21 36 45 64
