
 67 78
 67 76 77
 67 68 78
 67 68 76 77
 65 66 78
 65 66 76 77
 65 66 68 78
 65 66 68 76 77
 63
 63 69
 63 68
 63 68 69
 61 62
 61 62 69
 61 62 68
 61 62 68 69
 60
 60 69 74
 60 69 72 73
 60 67 68 74
 60 67 68 72 73
 60 63 78
 60 63 76 77
 60 61 62 78
 60 61 62 76 77
 59 62 69 74 78 79
 59 62 69 72 73 78 79
 59 62 67 68 74 78 79
 59 62 67 68 72 73 78 79
 58 67 78
 58 67 76 77
 58 67 68 78
 58 67 68 76 77
 58 65 66 78
 58 65 66 76 77
 58 65 66 68 78
 58 65 66 68 76 77
 58 63 69
 58 63 68
 58 63 68 69
 58 61
 58 61 63 68
 58 61 62 69
 58 61 62 68 69
 58 60
 58 60 69
 58 60 67 68
 58 60 63
 58 60 63 69
 58 60 63 67 68
 58 60 61
 58 60 61 69
 58 60 61 69 74
 58 60 61 69 72 73
 58 60 61 67 68
 58 60 61 67 68 74
 58 60 61 67 68 72 73
 58 60 61 63
 58 60 61 63 78
 58 60 61 63 76 77
 58 60 61 62 78
 58 60 61 62 76 77
 58 60 61 62 69
 58 60 61 62 67 68
 58 59 74 78
 58 59 74 76 77
 58 59 72 73 78
 58 59 72 73 76 77
 58 59 62 69 74 78 79
 58 59 62 69 72 73 78 79
 58 59 62 67 68 74 78 79
 58 59 62 67 68 72 73 78 79
 58 59 60
 58 59 60 78
 58 59 60 76 77
 58 59 60 69
 58 59 60 69 74
 58 59 60 69 72 73
 58 59 60 67 68
 58 59 60 67 68 74
 58 59 60 67 68 72 73
 58 59 60 63
 58 59 60 63 78
 58 59 60 63 76 77
 58 59 60 63 68
 58 59 60 62 69 74 78 79
 58 59 60 62 69 72 73 78 79
 58 59 60 62 67 68 74 78 79
 58 59 60 62 67 68 72 73 78 79
 58 59 60 61 62
 58 59 60 61 62 78
 58 59 60 61 62 76 77
 58 59 60 61 62 68
 57 58 74 78
 57 58 74 76 77
 57 58 72 73 78
 57 58 72 73 76 77
 57 58 60
 57 58 60 78
 57 58 60 76 77
 57 58 60 62 69 74 78 79
 57 58 60 62 69 72 73 78 79
 57 58 60 62 67 68 74 78 79
 57 58 60 62 67 68 72 73 78 79
 56 59 69
 56 59 67 68
 56 57 58 69
 56 57 58 67 68
 54 58 60 61 69
 54 58 60 61 67 68
 54 58 59 60 69
 54 58 59 60 67 68
 53 59 62 69 74
 53 59 62 69 72 73
 53 59 62 67 68 74
 53 59 62 67 68 72 73
 53 58 59 62 69 74
 53 58 59 62 69 72 73
 53 58 59 62 67 68 74
 53 58 59 62 67 68 72 73
 53 58 59 60 62 69 74
 53 58 59 60 62 69 72 73
 53 58 59 60 62 67 68 74
 53 58 59 60 62 67 68 72 73
 53 57 58 60 62 69 74
 53 57 58 60 62 69 72 73
 53 57 58 60 62 67 68 74
 53 57 58 60 62 67 68 72 73
 52 58 60 63 69
 52 58 60 63 67 68
 52 58 60 61 62 69
 52 58 60 61 62 67 68
 52 53 58 60 61 69
 52 53 58 60 61 67 68
 52 53 58 59 60 69
 52 53 58 59 60 67 68
 51 67
 51 67 68
 51 65 66
 51 65 66 68
 51 60 63
 51 60 61 62
 51 58 67
 51 58 67 68
 51 58 65 66
 51 58 65 66 68
 51 58 60 61 63
 51 58 60 61 62
 51 58 59 74
 51 58 59 72 73
 51 58 59 60
 51 58 59 60 63
 51 58 59 60 61 62
 51 57 58 74
 51 57 58 72 73
 51 57 58 60
 50 51 58 60 63 69
 50 51 58 60 63 67 68
 50 51 58 60 61 62 69
 50 51 58 60 61 62 67 68
 48 59 69
 48 59 69 74
 48 59 69 72 73
 48 59 67 68
 48 59 67 68 74
 48 59 67 68 72 73
 48 59 60 69
 48 59 60 69 74
 48 59 60 69 72 73
 48 59 60 67 68
 48 59 60 67 68 74
 48 59 60 67 68 72 73
 48 57 58 69
 48 57 58 69 74
 48 57 58 69 72 73
 48 57 58 67 68
 48 57 58 67 68 74
 48 57 58 67 68 72 73
 48 57 58 60 69
 48 57 58 60 69 74
 48 57 58 60 69 72 73
 48 57 58 60 67 68
 48 57 58 60 67 68 74
 48 57 58 60 67 68 72 73
 47 60 69
 47 60 67 68
 47 59 62 69 78 79
 47 59 62 67 68 78 79
 47 58 60 61 69
 47 58 60 61 67 68
 47 58 59 78
 47 58 59 76 77
 47 58 59 62 69 78 79
 47 58 59 62 67 68 78 79
 47 58 59 60 69
 47 58 59 60 67 68
 47 58 59 60 62 69 78 79
 47 58 59 60 62 67 68 78 79
 47 57 58 78
 47 57 58 76 77
 47 57 58 60 62 69 78 79
 47 57 58 60 62 67 68 78 79
 47 53 59 62 69
 47 53 59 62 67 68
 47 53 58 59 62 69
 47 53 58 59 62 67 68
 47 53 58 59 60 62 69
 47 53 58 59 60 62 67 68
 47 53 57 58 60 62 69
 47 53 57 58 60 62 67 68
 47 51 58 59
 47 51 57 58
 47 48 59 69
 47 48 59 67 68
 47 48 59 60 69
 47 48 59 60 67 68
 47 48 57 58 69
 47 48 57 58 67 68
 47 48 57 58 60 69
 47 48 57 58 60 67 68
 46 47 59 69 74
 46 47 59 69 72 73
 46 47 59 67 68 74
 46 47 59 67 68 72 73
 46 47 59 60 69 74
 46 47 59 60 69 72 73
 46 47 59 60 67 68 74
 46 47 59 60 67 68 72 73
 46 47 57 58 69 74
 46 47 57 58 69 72 73
 46 47 57 58 67 68 74
 46 47 57 58 67 68 72 73
 46 47 57 58 60 69 74
 46 47 57 58 60 69 72 73
 46 47 57 58 60 67 68 74
 46 47 57 58 60 67 68 72 73
 44 59 69 74
 44 59 69 72 73
 44 59 67 68 74
 44 59 67 68 72 73
 44 59 62 69 74
 44 59 62 69 72 73
 44 59 62 67 68 74
 44 59 62 67 68 72 73
 44 58 59 69 74
 44 58 59 69 72 73
 44 58 59 67 68 74
 44 58 59 67 68 72 73
 44 58 59 62 69 74
 44 58 59 62 69 72 73
 44 58 59 62 67 68 74
 44 58 59 62 67 68 72 73
 44 58 59 60 69 74
 44 58 59 60 69 72 73
 44 58 59 60 67 68 74
 44 58 59 60 67 68 72 73
 44 58 59 60 62 69 74
 44 58 59 60 62 69 72 73
 44 58 59 60 62 67 68 74
 44 58 59 60 62 67 68 72 73
 44 57 58 60 69 74
 44 57 58 60 69 72 73
 44 57 58 60 67 68 74
 44 57 58 60 67 68 72 73
 44 57 58 60 62 69 74
 44 57 58 60 62 69 72 73
 44 57 58 60 62 67 68 74
 44 57 58 60 62 67 68 72 73
 44 47 59 69
 44 47 59 67 68
 44 47 59 62 69
 44 47 59 62 67 68
 44 47 58 59 69
 44 47 58 59 67 68
 44 47 58 59 62 69
 44 47 58 59 62 67 68
 44 47 58 59 60 69
 44 47 58 59 60 67 68
 44 47 58 59 60 62 69
 44 47 58 59 60 62 67 68
 44 47 57 58 60 69
 44 47 57 58 60 67 68
 44 47 57 58 60 62 69
 44 47 57 58 60 62 67 68
 43 58 59 74 78
 43 58 59 74 76 77
 43 58 59 72 73 78
 43 58 59 72 73 76 77
 43 57 58 74 78
 43 57 58 74 76 77
 43 57 58 72 73 78
 43 57 58 72 73 76 77
 43 51 58 59 74
 43 51 58 59 72 73
 43 51 57 58 74
 43 51 57 58 72 73
 43 47 58 59 78
 43 47 58 59 76 77
 43 47 57 58 78
 43 47 57 58 76 77
 43 47 51 58 59
 43 47 51 57 58
 42 63
 42 63 68
 42 61 62
 42 61 62 68
 42 60 74
 42 60 72 73
 42 59 62 74 78 79
 42 59 62 72 73 78 79
 42 58 63
 42 58 63 68
 42 58 61 62
 42 58 61 62 68
 42 58 60
 42 58 60 63
 42 58 60 61
 42 58 60 61 74
 42 58 60 61 72 73
 42 58 60 61 62
 42 58 59 74 78
 42 58 59 74 76 77
 42 58 59 72 73 78
 42 58 59 72 73 76 77
 42 58 59 62 74 78 79
 42 58 59 62 72 73 78 79
 42 58 59 60
 42 58 59 60 74
 42 58 59 60 72 73
 42 58 59 60 62 74 78 79
 42 58 59 60 62 72 73 78 79
 42 57 58 74 78
 42 57 58 74 76 77
 42 57 58 72 73 78
 42 57 58 72 73 76 77
 42 57 58 60 62 74 78 79
 42 57 58 60 62 72 73 78 79
 42 56 59
 42 56 57 58
 42 54 58 60 61
 42 54 58 59 60
 42 53 59 62 74
 42 53 59 62 72 73
 42 53 58 59 62 74
 42 53 58 59 62 72 73
 42 53 58 59 60 62 74
 42 53 58 59 60 62 72 73
 42 53 57 58 60 62 74
 42 53 57 58 60 62 72 73
 42 52 58 60 63
 42 52 58 60 61 62
 42 52 53 58 60 61
 42 52 53 58 59 60
 42 51 58 59 74
 42 51 58 59 72 73
 42 51 57 58 74
 42 51 57 58 72 73
 42 50 51 58 60 63
 42 50 51 58 60 61 62
 42 48 59
 42 48 59 74
 42 48 59 72 73
 42 48 59 60
 42 48 59 60 74
 42 48 59 60 72 73
 42 48 57 58
 42 48 57 58 74
 42 48 57 58 72 73
 42 48 57 58 60
 42 48 57 58 60 74
 42 48 57 58 60 72 73
 42 47 60
 42 47 59 62 78 79
 42 47 58 60 61
 42 47 58 59 78
 42 47 58 59 76 77
 42 47 58 59 62 78 79
 42 47 58 59 60
 42 47 58 59 60 62 78 79
 42 47 57 58 78
 42 47 57 58 76 77
 42 47 57 58 60 62 78 79
 42 47 53 59 62
 42 47 53 58 59 62
 42 47 53 58 59 60 62
 42 47 53 57 58 60 62
 42 47 51 58 59
 42 47 51 57 58
 42 47 48 59
 42 47 48 59 60
 42 47 48 57 58
 42 47 48 57 58 60
 42 46 47 59 74
 42 46 47 59 72 73
 42 46 47 59 60 74
 42 46 47 59 60 72 73
 42 46 47 57 58 74
 42 46 47 57 58 72 73
 42 46 47 57 58 60 74
 42 46 47 57 58 60 72 73
 42 44 59 74
 42 44 59 72 73
 42 44 59 62 74
 42 44 59 62 72 73
 42 44 58 59 74
 42 44 58 59 72 73
 42 44 58 59 62 74
 42 44 58 59 62 72 73
 42 44 58 59 60 74
 42 44 58 59 60 72 73
 42 44 58 59 60 62 74
 42 44 58 59 60 62 72 73
 42 44 57 58 60 74
 42 44 57 58 60 72 73
 42 44 57 58 60 62 74
 42 44 57 58 60 62 72 73
 42 44 47 59
 42 44 47 59 62
 42 44 47 58 59
 42 44 47 58 59 62
 42 44 47 58 59 60
 42 44 47 58 59 60 62
 42 44 47 57 58 60
 42 44 47 57 58 60 62
 40 78
 40 76 77
 40 68 78
 40 68 76 77
 40 58 78
 40 58 76 77
 40 58 68 78
 40 58 68 76 77
 40 51
 40 51 68
 40 51 58
 40 51 58 68
 39 40 42 58 59 74 78
 39 40 42 58 59 74 76 77
 39 40 42 58 59 72 73 78
 39 40 42 58 59 72 73 76 77
 39 40 42 57 58 74 78
 39 40 42 57 58 74 76 77
 39 40 42 57 58 72 73 78
 39 40 42 57 58 72 73 76 77
 39 40 42 51 58 59 74
 39 40 42 51 58 59 72 73
 39 40 42 51 57 58 74
 39 40 42 51 57 58 72 73
 39 40 42 47 58 59 78
 39 40 42 47 58 59 76 77
 39 40 42 47 57 58 78
 39 40 42 47 57 58 76 77
 39 40 42 47 51 58 59
 39 40 42 47 51 57 58
 39 40 41 58 59 74 78
 39 40 41 58 59 74 76 77
 39 40 41 58 59 72 73 78
 39 40 41 58 59 72 73 76 77
 39 40 41 57 58 74 78
 39 40 41 57 58 74 76 77
 39 40 41 57 58 72 73 78
 39 40 41 57 58 72 73 76 77
 39 40 41 51 58 59 74
 39 40 41 51 58 59 72 73
 39 40 41 51 57 58 74
 39 40 41 51 57 58 72 73
 39 40 41 47 58 59 78
 39 40 41 47 58 59 76 77
 39 40 41 47 57 58 78
 39 40 41 47 57 58 76 77
 39 40 41 47 51 58 59
 39 40 41 47 51 57 58
 36
 36 69
 36 68
 36 68 69
 36 60 78
 36 60 76 77
 36 58 69
 36 58 68
 36 58 68 69
 36 58 61 68
 36 58 60
 36 58 60 69
 36 58 60 67 68
 36 58 60 61
 36 58 60 61 78
 36 58 60 61 76 77
 36 58 59 60
 36 58 59 60 78
 36 58 59 60 76 77
 36 58 59 60 68
 36 52 58 60 69
 36 52 58 60 67 68
 36 51 60
 36 51 58 60 61
 36 51 58 59 60
 36 50 51 58 60 69
 36 50 51 58 60 67 68
 36 42
 36 42 68
 36 42 58
 36 42 58 68
 36 42 58 60
 36 42 52 58 60
 36 42 50 51 58 60
 35 78
 35 76 77
 35 68 78
 35 68 76 77
 35 51
 35 51 68
 34 58
 34 58 63 68
 34 58 61 62 68
 34 58 60
 34 58 60 69
 34 58 60 69 74
 34 58 60 69 72 73
 34 58 60 67 68
 34 58 60 67 68 74
 34 58 60 67 68 72 73
 34 58 60 63
 34 58 60 63 78
 34 58 60 63 76 77
 34 58 60 61 62
 34 58 60 61 62 78
 34 58 60 61 62 76 77
 34 54 58 60 69
 34 54 58 60 67 68
 34 52 53 58 60 69
 34 52 53 58 60 67 68
 34 51 58 60 63
 34 51 58 60 61 62
 34 47 58 60 69
 34 47 58 60 67 68
 34 42 58 60
 34 42 58 60 74
 34 42 58 60 72 73
 34 42 54 58 60
 34 42 52 53 58 60
 34 42 47 58 60
 34 36 58 68
 34 36 58 60
 34 36 58 60 78
 34 36 58 60 76 77
 34 36 51 58 60
 33 34 78
 33 34 76 77
 33 34 68 78
 33 34 68 76 77
 33 34 51
 33 34 51 68
 32 62 69 74 78 79
 32 62 69 72 73 78 79
 32 62 67 68 74 78 79
 32 62 67 68 72 73 78 79
 32 58 74 78
 32 58 74 76 77
 32 58 72 73 78
 32 58 72 73 76 77
 32 58 62 69 74 78 79
 32 58 62 69 72 73 78 79
 32 58 62 67 68 74 78 79
 32 58 62 67 68 72 73 78 79
 32 58 60
 32 58 60 78
 32 58 60 76 77
 32 58 60 62 69 74 78 79
 32 58 60 62 69 72 73 78 79
 32 58 60 62 67 68 74 78 79
 32 58 60 62 67 68 72 73 78 79
 32 56 69
 32 56 67 68
 32 53 62 69 74
 32 53 62 69 72 73
 32 53 62 67 68 74
 32 53 62 67 68 72 73
 32 53 58 62 69 74
 32 53 58 62 69 72 73
 32 53 58 62 67 68 74
 32 53 58 62 67 68 72 73
 32 53 58 60 62 69 74
 32 53 58 60 62 69 72 73
 32 53 58 60 62 67 68 74
 32 53 58 60 62 67 68 72 73
 32 51 58 74
 32 51 58 72 73
 32 51 58 60
 32 48 69
 32 48 69 74
 32 48 69 72 73
 32 48 67 68
 32 48 67 68 74
 32 48 67 68 72 73
 32 48 60 69
 32 48 60 69 74
 32 48 60 69 72 73
 32 48 60 67 68
 32 48 60 67 68 74
 32 48 60 67 68 72 73
 32 47 62 69 78 79
 32 47 62 67 68 78 79
 32 47 58 78
 32 47 58 76 77
 32 47 58 62 69 78 79
 32 47 58 62 67 68 78 79
 32 47 58 60 62 69 78 79
 32 47 58 60 62 67 68 78 79
 32 47 53 62 69
 32 47 53 62 67 68
 32 47 53 58 62 69
 32 47 53 58 62 67 68
 32 47 53 58 60 62 69
 32 47 53 58 60 62 67 68
 32 47 51 58
 32 47 48 69
 32 47 48 67 68
 32 47 48 60 69
 32 47 48 60 67 68
 32 46 47 69 74
 32 46 47 69 72 73
 32 46 47 67 68 74
 32 46 47 67 68 72 73
 32 46 47 60 69 74
 32 46 47 60 69 72 73
 32 46 47 60 67 68 74
 32 46 47 60 67 68 72 73
 32 44 69 74
 32 44 69 72 73
 32 44 67 68 74
 32 44 67 68 72 73
 32 44 62 69 74
 32 44 62 69 72 73
 32 44 62 67 68 74
 32 44 62 67 68 72 73
 32 44 58 69 74
 32 44 58 69 72 73
 32 44 58 67 68 74
 32 44 58 67 68 72 73
 32 44 58 62 69 74
 32 44 58 62 69 72 73
 32 44 58 62 67 68 74
 32 44 58 62 67 68 72 73
 32 44 58 60 69 74
 32 44 58 60 69 72 73
 32 44 58 60 67 68 74
 32 44 58 60 67 68 72 73
 32 44 58 60 62 69 74
 32 44 58 60 62 69 72 73
 32 44 58 60 62 67 68 74
 32 44 58 60 62 67 68 72 73
 32 44 47 69
 32 44 47 67 68
 32 44 47 62 69
 32 44 47 62 67 68
 32 44 47 58 69
 32 44 47 58 67 68
 32 44 47 58 62 69
 32 44 47 58 62 67 68
 32 44 47 58 60 69
 32 44 47 58 60 67 68
 32 44 47 58 60 62 69
 32 44 47 58 60 62 67 68
 32 43 58 74 78
 32 43 58 74 76 77
 32 43 58 72 73 78
 32 43 58 72 73 76 77
 32 43 51 58 74
 32 43 51 58 72 73
 32 43 47 58 78
 32 43 47 58 76 77
 32 43 47 51 58
 32 42 62 74 78 79
 32 42 62 72 73 78 79
 32 42 58 74 78
 32 42 58 74 76 77
 32 42 58 72 73 78
 32 42 58 72 73 76 77
 32 42 58 62 74 78 79
 32 42 58 62 72 73 78 79
 32 42 58 60 62 74 78 79
 32 42 58 60 62 72 73 78 79
 32 42 56
 32 42 53 62 74
 32 42 53 62 72 73
 32 42 53 58 62 74
 32 42 53 58 62 72 73
 32 42 53 58 60 62 74
 32 42 53 58 60 62 72 73
 32 42 51 58 74
 32 42 51 58 72 73
 32 42 48
 32 42 48 74
 32 42 48 72 73
 32 42 48 60
 32 42 48 60 74
 32 42 48 60 72 73
 32 42 47 62 78 79
 32 42 47 58 78
 32 42 47 58 76 77
 32 42 47 58 62 78 79
 32 42 47 58 60 62 78 79
 32 42 47 53 62
 32 42 47 53 58 62
 32 42 47 53 58 60 62
 32 42 47 51 58
 32 42 47 48
 32 42 47 48 60
 32 42 46 47 74
 32 42 46 47 72 73
 32 42 46 47 60 74
 32 42 46 47 60 72 73
 32 42 44 74
 32 42 44 72 73
 32 42 44 62 74
 32 42 44 62 72 73
 32 42 44 58 74
 32 42 44 58 72 73
 32 42 44 58 62 74
 32 42 44 58 62 72 73
 32 42 44 58 60 74
 32 42 44 58 60 72 73
 32 42 44 58 60 62 74
 32 42 44 58 60 62 72 73
 32 42 44 47
 32 42 44 47 62
 32 42 44 47 58
 32 42 44 47 58 62
 32 42 44 47 58 60
 32 42 44 47 58 60 62
 32 39 40 42 58 74 78
 32 39 40 42 58 74 76 77
 32 39 40 42 58 72 73 78
 32 39 40 42 58 72 73 76 77
 32 39 40 42 51 58 74
 32 39 40 42 51 58 72 73
 32 39 40 42 47 58 78
 32 39 40 42 47 58 76 77
 32 39 40 42 47 51 58
 32 39 40 41 58 74 78
 32 39 40 41 58 74 76 77
 32 39 40 41 58 72 73 78
 32 39 40 41 58 72 73 76 77
 32 39 40 41 51 58 74
 32 39 40 41 51 58 72 73
 32 39 40 41 47 58 78
 32 39 40 41 47 58 76 77
 32 39 40 41 47 51 58
 29 60 69
 29 60 67 68
 29 59 69
 29 59 67 68
 29 58 60 69
 29 58 60 67 68
 29 58 60 61 69
 29 58 60 61 67 68
 29 58 59 60 69
 29 58 59 60 67 68
 29 57 58 69
 29 57 58 67 68
 29 42 60
 29 42 59
 29 42 58 60
 29 42 58 60 61
 29 42 58 59 60
 29 42 57 58
 29 34 58 60 69
 29 34 58 60 67 68
 29 34 42 58 60
 29 32 69
 29 32 67 68
 29 32 42
 28 59 69
 28 59 67 68
 28 58 59 74 78
 28 58 59 74 76 77
 28 58 59 72 73 78
 28 58 59 72 73 76 77
 28 57 58 74 78
 28 57 58 74 76 77
 28 57 58 72 73 78
 28 57 58 72 73 76 77
 28 57 58 69
 28 57 58 67 68
 28 51 58 59 74
 28 51 58 59 72 73
 28 51 57 58 74
 28 51 57 58 72 73
 28 47 58 59 78
 28 47 58 59 76 77
 28 47 57 58 78
 28 47 57 58 76 77
 28 47 51 58 59
 28 47 51 57 58
 28 42 59
 28 42 57 58
 28 35 63
 28 35 61 62
 28 35 36
 28 33 34 63
 28 33 34 61 62
 28 33 34 36
 28 32 69
 28 32 67 68
 28 32 58 74 78
 28 32 58 74 76 77
 28 32 58 72 73 78
 28 32 58 72 73 76 77
 28 32 51 58 74
 28 32 51 58 72 73
 28 32 47 58 78
 28 32 47 58 76 77
 28 32 47 51 58
 28 32 42
 27 58 60 61 69
 27 58 60 61 67 68
 27 58 59 60 69
 27 58 59 60 67 68
 27 42 58 60 61
 27 42 58 59 60
 27 34 58 60 69
 27 34 58 60 67 68
 27 34 42 58 60
 27 28 60 69
 27 28 60 67 68
 27 28 59 69
 27 28 59 67 68
 27 28 58 60 69
 27 28 58 60 67 68
 27 28 58 60 61 69
 27 28 58 60 61 67 68
 27 28 58 59 60 69
 27 28 58 59 60 67 68
 27 28 57 58 69
 27 28 57 58 67 68
 27 28 42 60
 27 28 42 59
 27 28 42 58 60
 27 28 42 58 60 61
 27 28 42 58 59 60
 27 28 42 57 58
 27 28 34 58 60 69
 27 28 34 58 60 67 68
 27 28 34 42 58 60
 27 28 32 69
 27 28 32 67 68
 27 28 32 42
 26 67 78
 26 67 76 77
 26 65 66 78
 26 65 66 76 77
 26 63
 26 63 69
 26 63 67 68
 26 61 62
 26 61 62 69
 26 61 62 67 68
 26 58 67 78
 26 58 67 76 77
 26 58 65 66 78
 26 58 65 66 76 77
 26 58 63
 26 58 63 69
 26 58 63 67 68
 26 58 61 63
 26 58 61 62 69
 26 58 61 62 67 68
 26 58 59 60 63
 26 58 59 60 61 62
 26 51 67
 26 51 65 66
 26 51 58 67
 26 51 58 65 66
 26 42 63
 26 42 61 62
 26 42 58 63
 26 42 58 61 62
 26 40 78
 26 40 76 77
 26 40 58 78
 26 40 58 76 77
 26 40 51
 26 40 51 58
 26 36
 26 36 69
 26 36 67 68
 26 36 58
 26 36 58 69
 26 36 58 67 68
 26 36 58 61
 26 36 58 59 60
 26 36 42
 26 36 42 58
 26 35 78
 26 35 76 77
 26 35 51
 26 34 58 63
 26 34 58 61 62
 26 34 36 58
 26 33 34 78
 26 33 34 76 77
 26 33 34 51
 26 27 59 69
 26 27 59 67 68
 26 27 58 59 74 78
 26 27 58 59 74 76 77
 26 27 58 59 72 73 78
 26 27 58 59 72 73 76 77
 26 27 57 58 74 78
 26 27 57 58 74 76 77
 26 27 57 58 72 73 78
 26 27 57 58 72 73 76 77
 26 27 57 58 69
 26 27 57 58 67 68
 26 27 51 58 59 74
 26 27 51 58 59 72 73
 26 27 51 57 58 74
 26 27 51 57 58 72 73
 26 27 47 58 59 78
 26 27 47 58 59 76 77
 26 27 47 57 58 78
 26 27 47 57 58 76 77
 26 27 47 51 58 59
 26 27 47 51 57 58
 26 27 42 59
 26 27 42 57 58
 26 27 35 63
 26 27 35 61 62
 26 27 35 36
 26 27 33 34 63
 26 27 33 34 61 62
 26 27 33 34 36
 26 27 32 69
 26 27 32 67 68
 26 27 32 58 74 78
 26 27 32 58 74 76 77
 26 27 32 58 72 73 78
 26 27 32 58 72 73 76 77
 26 27 32 51 58 74
 26 27 32 51 58 72 73
 26 27 32 47 58 78
 26 27 32 47 58 76 77
 26 27 32 47 51 58
 26 27 32 42
 25 58 60 63 69
 25 58 60 63 67 68
 25 58 60 61 62 69
 25 58 60 61 62 67 68
 25 42 58 60 63
 25 42 58 60 61 62
 25 36 58 60 69
 25 36 58 60 67 68
 25 36 42 58 60
 24 25 67 78
 24 25 67 76 77
 24 25 65 66 78
 24 25 65 66 76 77
 24 25 63
 24 25 63 69
 24 25 63 67 68
 24 25 61 62
 24 25 61 62 69
 24 25 61 62 67 68
 24 25 58 67 78
 24 25 58 67 76 77
 24 25 58 65 66 78
 24 25 58 65 66 76 77
 24 25 58 63
 24 25 58 63 69
 24 25 58 63 67 68
 24 25 58 61 63
 24 25 58 61 62 69
 24 25 58 61 62 67 68
 24 25 58 59 60 63
 24 25 58 59 60 61 62
 24 25 51 67
 24 25 51 65 66
 24 25 51 58 67
 24 25 51 58 65 66
 24 25 42 63
 24 25 42 61 62
 24 25 42 58 63
 24 25 42 58 61 62
 24 25 40 78
 24 25 40 76 77
 24 25 40 58 78
 24 25 40 58 76 77
 24 25 40 51
 24 25 40 51 58
 24 25 36
 24 25 36 69
 24 25 36 67 68
 24 25 36 58
 24 25 36 58 69
 24 25 36 58 67 68
 24 25 36 58 61
 24 25 36 58 59 60
 24 25 36 42
 24 25 36 42 58
 24 25 35 78
 24 25 35 76 77
 24 25 35 51
 24 25 34 58 63
 24 25 34 58 61 62
 24 25 34 36 58
 24 25 33 34 78
 24 25 33 34 76 77
 24 25 33 34 51
 21 59 69
 21 59 69 74
 21 59 69 72 73
 21 59 67 68
 21 59 67 68 74
 21 59 67 68 72 73
 21 59 60 69
 21 59 60 69 74
 21 59 60 69 72 73
 21 59 60 67 68
 21 59 60 67 68 74
 21 59 60 67 68 72 73
 21 57 58 69
 21 57 58 69 74
 21 57 58 69 72 73
 21 57 58 67 68
 21 57 58 67 68 74
 21 57 58 67 68 72 73
 21 57 58 60 69
 21 57 58 60 69 74
 21 57 58 60 69 72 73
 21 57 58 60 67 68
 21 57 58 60 67 68 74
 21 57 58 60 67 68 72 73
 21 47 59 69
 21 47 59 67 68
 21 47 59 60 69
 21 47 59 60 67 68
 21 47 57 58 69
 21 47 57 58 67 68
 21 47 57 58 60 69
 21 47 57 58 60 67 68
 21 42 59
 21 42 59 74
 21 42 59 72 73
 21 42 59 60
 21 42 59 60 74
 21 42 59 60 72 73
 21 42 57 58
 21 42 57 58 74
 21 42 57 58 72 73
 21 42 57 58 60
 21 42 57 58 60 74
 21 42 57 58 60 72 73
 21 42 47 59
 21 42 47 59 60
 21 42 47 57 58
 21 42 47 57 58 60
 21 32 69
 21 32 69 74
 21 32 69 72 73
 21 32 67 68
 21 32 67 68 74
 21 32 67 68 72 73
 21 32 60 69
 21 32 60 69 74
 21 32 60 69 72 73
 21 32 60 67 68
 21 32 60 67 68 74
 21 32 60 67 68 72 73
 21 32 47 69
 21 32 47 67 68
 21 32 47 60 69
 21 32 47 60 67 68
 21 32 42
 21 32 42 74
 21 32 42 72 73
 21 32 42 60
 21 32 42 60 74
 21 32 42 60 72 73
 21 32 42 47
 21 32 42 47 60
 16 67 78
 16 67 76 77
 16 67 68 78
 16 67 68 76 77
 16 65 66 78
 16 65 66 76 77
 16 65 66 68 78
 16 65 66 68 76 77
 16 63 69
 16 63 68 69
 16 61 62 69
 16 61 62 68 69
 16 58 59 74 78
 16 58 59 74 76 77
 16 58 59 72 73 78
 16 58 59 72 73 76 77
 16 57 58 74 78
 16 57 58 74 76 77
 16 57 58 72 73 78
 16 57 58 72 73 76 77
 16 51 67
 16 51 67 68
 16 51 65 66
 16 51 65 66 68
 16 51 58 59 74
 16 51 58 59 72 73
 16 51 57 58 74
 16 51 57 58 72 73
 16 47 58 59 78
 16 47 58 59 76 77
 16 47 57 58 78
 16 47 57 58 76 77
 16 47 51 58 59
 16 47 51 57 58
 16 42 63
 16 42 63 68
 16 42 61 62
 16 42 61 62 68
 16 40 78
 16 40 76 77
 16 40 68 78
 16 40 68 76 77
 16 40 51
 16 40 51 68
 16 36 69
 16 36 68 69
 16 36 42
 16 36 42 68
 16 32 58 74 78
 16 32 58 74 76 77
 16 32 58 72 73 78
 16 32 58 72 73 76 77
 16 32 51 58 74
 16 32 51 58 72 73
 16 32 47 58 78
 16 32 47 58 76 77
 16 32 47 51 58
 16 26 67 78
 16 26 67 76 77
 16 26 65 66 78
 16 26 65 66 76 77
 16 26 63 69
 16 26 63 67 68
 16 26 61 62 69
 16 26 61 62 67 68
 16 26 51 67
 16 26 51 65 66
 16 26 42 63
 16 26 42 61 62
 16 26 40 78
 16 26 40 76 77
 16 26 40 51
 16 26 36 69
 16 26 36 67 68
 16 26 36 42
 16 24 25 67 78
 16 24 25 67 76 77
 16 24 25 65 66 78
 16 24 25 65 66 76 77
 16 24 25 63 69
 16 24 25 63 67 68
 16 24 25 61 62 69
 16 24 25 61 62 67 68
 16 24 25 51 67
 16 24 25 51 65 66
 16 24 25 42 63
 16 24 25 42 61 62
 16 24 25 40 78
 16 24 25 40 76 77
 16 24 25 40 51
 16 24 25 36 69
 16 24 25 36 67 68
 16 24 25 36 42
 15 58 59 74 78
 15 58 59 74 76 77
 15 58 59 72 73 78
 15 58 59 72 73 76 77
 15 57 58 74 78
 15 57 58 74 76 77
 15 57 58 72 73 78
 15 57 58 72 73 76 77
 15 51 58 59 74
 15 51 58 59 72 73
 15 51 57 58 74
 15 51 57 58 72 73
 15 47 58 59 78
 15 47 58 59 76 77
 15 47 57 58 78
 15 47 57 58 76 77
 15 47 51 58 59
 15 47 51 57 58
 15 41 58 59 74 78
 15 41 58 59 74 76 77
 15 41 58 59 72 73 78
 15 41 58 59 72 73 76 77
 15 41 57 58 74 78
 15 41 57 58 74 76 77
 15 41 57 58 72 73 78
 15 41 57 58 72 73 76 77
 15 41 51 58 59 74
 15 41 51 58 59 72 73
 15 41 51 57 58 74
 15 41 51 57 58 72 73
 15 41 47 58 59 78
 15 41 47 58 59 76 77
 15 41 47 57 58 78
 15 41 47 57 58 76 77
 15 41 47 51 58 59
 15 41 47 51 57 58
 15 39 40 58 59 74 78
 15 39 40 58 59 74 76 77
 15 39 40 58 59 72 73 78
 15 39 40 58 59 72 73 76 77
 15 39 40 57 58 74 78
 15 39 40 57 58 74 76 77
 15 39 40 57 58 72 73 78
 15 39 40 57 58 72 73 76 77
 15 39 40 51 58 59 74
 15 39 40 51 58 59 72 73
 15 39 40 51 57 58 74
 15 39 40 51 57 58 72 73
 15 39 40 47 58 59 78
 15 39 40 47 58 59 76 77
 15 39 40 47 57 58 78
 15 39 40 47 57 58 76 77
 15 39 40 47 51 58 59
 15 39 40 47 51 57 58
 15 32 58 74 78
 15 32 58 74 76 77
 15 32 58 72 73 78
 15 32 58 72 73 76 77
 15 32 51 58 74
 15 32 51 58 72 73
 15 32 47 58 78
 15 32 47 58 76 77
 15 32 47 51 58
 15 32 41 58 74 78
 15 32 41 58 74 76 77
 15 32 41 58 72 73 78
 15 32 41 58 72 73 76 77
 15 32 41 51 58 74
 15 32 41 51 58 72 73
 15 32 41 47 58 78
 15 32 41 47 58 76 77
 15 32 41 47 51 58
 15 32 39 40 58 74 78
 15 32 39 40 58 74 76 77
 15 32 39 40 58 72 73 78
 15 32 39 40 58 72 73 76 77
 15 32 39 40 51 58 74
 15 32 39 40 51 58 72 73
 15 32 39 40 47 58 78
 15 32 39 40 47 58 76 77
 15 32 39 40 47 51 58
 14 59 69
 14 59 67 68
 14 57 58 69
 14 57 58 67 68
 14 42 59
 14 42 58 59 74 78
 14 42 58 59 74 76 77
 14 42 58 59 72 73 78
 14 42 58 59 72 73 76 77
 14 42 57 58
 14 42 57 58 74 78
 14 42 57 58 74 76 77
 14 42 57 58 72 73 78
 14 42 57 58 72 73 76 77
 14 42 51 58 59 74
 14 42 51 58 59 72 73
 14 42 51 57 58 74
 14 42 51 57 58 72 73
 14 42 47 58 59 78
 14 42 47 58 59 76 77
 14 42 47 57 58 78
 14 42 47 57 58 76 77
 14 42 47 51 58 59
 14 42 47 51 57 58
 14 40 41 58 59 74 78
 14 40 41 58 59 74 76 77
 14 40 41 58 59 72 73 78
 14 40 41 58 59 72 73 76 77
 14 40 41 57 58 74 78
 14 40 41 57 58 74 76 77
 14 40 41 57 58 72 73 78
 14 40 41 57 58 72 73 76 77
 14 40 41 51 58 59 74
 14 40 41 51 58 59 72 73
 14 40 41 51 57 58 74
 14 40 41 51 57 58 72 73
 14 40 41 47 58 59 78
 14 40 41 47 58 59 76 77
 14 40 41 47 57 58 78
 14 40 41 47 57 58 76 77
 14 40 41 47 51 58 59
 14 40 41 47 51 57 58
 14 32 69
 14 32 67 68
 14 32 42
 14 32 42 58 74 78
 14 32 42 58 74 76 77
 14 32 42 58 72 73 78
 14 32 42 58 72 73 76 77
 14 32 42 51 58 74
 14 32 42 51 58 72 73
 14 32 42 47 58 78
 14 32 42 47 58 76 77
 14 32 42 47 51 58
 14 32 40 41 58 74 78
 14 32 40 41 58 74 76 77
 14 32 40 41 58 72 73 78
 14 32 40 41 58 72 73 76 77
 14 32 40 41 51 58 74
 14 32 40 41 51 58 72 73
 14 32 40 41 47 58 78
 14 32 40 41 47 58 76 77
 14 32 40 41 47 51 58
 14 15 67 78
 14 15 67 76 77
 14 15 67 68 78
 14 15 67 68 76 77
 14 15 65 66 78
 14 15 65 66 76 77
 14 15 65 66 68 78
 14 15 65 66 68 76 77
 14 15 63 69
 14 15 63 68 69
 14 15 61 62 69
 14 15 61 62 68 69
 14 15 58 59 74 78
 14 15 58 59 74 76 77
 14 15 58 59 72 73 78
 14 15 58 59 72 73 76 77
 14 15 57 58 74 78
 14 15 57 58 74 76 77
 14 15 57 58 72 73 78
 14 15 57 58 72 73 76 77
 14 15 51 67
 14 15 51 67 68
 14 15 51 65 66
 14 15 51 65 66 68
 14 15 51 58 59 74
 14 15 51 58 59 72 73
 14 15 51 57 58 74
 14 15 51 57 58 72 73
 14 15 47 58 59 78
 14 15 47 58 59 76 77
 14 15 47 57 58 78
 14 15 47 57 58 76 77
 14 15 47 51 58 59
 14 15 47 51 57 58
 14 15 42 63
 14 15 42 63 68
 14 15 42 61 62
 14 15 42 61 62 68
 14 15 40 78
 14 15 40 76 77
 14 15 40 68 78
 14 15 40 68 76 77
 14 15 40 51
 14 15 40 51 68
 14 15 36 69
 14 15 36 68 69
 14 15 36 42
 14 15 36 42 68
 14 15 32 58 74 78
 14 15 32 58 74 76 77
 14 15 32 58 72 73 78
 14 15 32 58 72 73 76 77
 14 15 32 51 58 74
 14 15 32 51 58 72 73
 14 15 32 47 58 78
 14 15 32 47 58 76 77
 14 15 32 47 51 58
 14 15 26 67 78
 14 15 26 67 76 77
 14 15 26 65 66 78
 14 15 26 65 66 76 77
 14 15 26 63 69
 14 15 26 63 67 68
 14 15 26 61 62 69
 14 15 26 61 62 67 68
 14 15 26 51 67
 14 15 26 51 65 66
 14 15 26 42 63
 14 15 26 42 61 62
 14 15 26 40 78
 14 15 26 40 76 77
 14 15 26 40 51
 14 15 26 36 69
 14 15 26 36 67 68
 14 15 26 36 42
 14 15 24 25 67 78
 14 15 24 25 67 76 77
 14 15 24 25 65 66 78
 14 15 24 25 65 66 76 77
 14 15 24 25 63 69
 14 15 24 25 63 67 68
 14 15 24 25 61 62 69
 14 15 24 25 61 62 67 68
 14 15 24 25 51 67
 14 15 24 25 51 65 66
 14 15 24 25 42 63
 14 15 24 25 42 61 62
 14 15 24 25 40 78
 14 15 24 25 40 76 77
 14 15 24 25 40 51
 14 15 24 25 36 69
 14 15 24 25 36 67 68
 14 15 24 25 36 42
 12 13 59 69
 12 13 59 67 68
 12 13 57 58 69
 12 13 57 58 67 68
 12 13 42 59
 12 13 42 57 58
 12 13 32 69
 12 13 32 67 68
 12 13 32 42
 8 78
 8 76 77
 8 68 78
 8 68 76 77
 8 51
 8 51 68
 8 28 63
 8 28 61 62
 8 28 36
 8 26 78
 8 26 76 77
 8 26 51
 8 26 27 63
 8 26 27 61 62
 8 26 27 36
 8 24 25 78
 8 24 25 76 77
 8 24 25 51
 2 60 69
 2 60 67 68
 2 59 69
 2 59 69 74
 2 59 69 72 73
 2 59 67 68
 2 59 67 68 74
 2 59 67 68 72 73
 2 59 62 69 74
 2 59 62 69 72 73
 2 59 62 67 68 74
 2 59 62 67 68 72 73
 2 58 60 69
 2 58 60 67 68
 2 58 60 61 69
 2 58 60 61 67 68
 2 58 59 69 74
 2 58 59 69 72 73
 2 58 59 67 68 74
 2 58 59 67 68 72 73
 2 58 59 62 69 74
 2 58 59 62 69 72 73
 2 58 59 62 67 68 74
 2 58 59 62 67 68 72 73
 2 58 59 60 69
 2 58 59 60 69 74
 2 58 59 60 69 72 73
 2 58 59 60 67 68
 2 58 59 60 67 68 74
 2 58 59 60 67 68 72 73
 2 58 59 60 62 69 74
 2 58 59 60 62 69 72 73
 2 58 59 60 62 67 68 74
 2 58 59 60 62 67 68 72 73
 2 57 58 69
 2 57 58 67 68
 2 57 58 60 69 74
 2 57 58 60 69 72 73
 2 57 58 60 67 68 74
 2 57 58 60 67 68 72 73
 2 57 58 60 62 69 74
 2 57 58 60 62 69 72 73
 2 57 58 60 62 67 68 74
 2 57 58 60 62 67 68 72 73
 2 47 59 69
 2 47 59 67 68
 2 47 59 62 69
 2 47 59 62 67 68
 2 47 58 59 69
 2 47 58 59 67 68
 2 47 58 59 62 69
 2 47 58 59 62 67 68
 2 47 58 59 60 69
 2 47 58 59 60 67 68
 2 47 58 59 60 62 69
 2 47 58 59 60 62 67 68
 2 47 57 58 60 69
 2 47 57 58 60 67 68
 2 47 57 58 60 62 69
 2 47 57 58 60 62 67 68
 2 42 60
 2 42 59
 2 42 59 74
 2 42 59 72 73
 2 42 59 62 74
 2 42 59 62 72 73
 2 42 58 60
 2 42 58 60 61
 2 42 58 59 74
 2 42 58 59 72 73
 2 42 58 59 62 74
 2 42 58 59 62 72 73
 2 42 58 59 60
 2 42 58 59 60 74
 2 42 58 59 60 72 73
 2 42 58 59 60 62 74
 2 42 58 59 60 62 72 73
 2 42 57 58
 2 42 57 58 60 74
 2 42 57 58 60 72 73
 2 42 57 58 60 62 74
 2 42 57 58 60 62 72 73
 2 42 47 59
 2 42 47 59 62
 2 42 47 58 59
 2 42 47 58 59 62
 2 42 47 58 59 60
 2 42 47 58 59 60 62
 2 42 47 57 58 60
 2 42 47 57 58 60 62
 2 34 58 60 69
 2 34 58 60 67 68
 2 34 42 58 60
 2 32 69
 2 32 69 74
 2 32 69 72 73
 2 32 67 68
 2 32 67 68 74
 2 32 67 68 72 73
 2 32 62 69 74
 2 32 62 69 72 73
 2 32 62 67 68 74
 2 32 62 67 68 72 73
 2 32 58 69 74
 2 32 58 69 72 73
 2 32 58 67 68 74
 2 32 58 67 68 72 73
 2 32 58 62 69 74
 2 32 58 62 69 72 73
 2 32 58 62 67 68 74
 2 32 58 62 67 68 72 73
 2 32 58 60 69 74
 2 32 58 60 69 72 73
 2 32 58 60 67 68 74
 2 32 58 60 67 68 72 73
 2 32 58 60 62 69 74
 2 32 58 60 62 69 72 73
 2 32 58 60 62 67 68 74
 2 32 58 60 62 67 68 72 73
 2 32 47 69
 2 32 47 67 68
 2 32 47 62 69
 2 32 47 62 67 68
 2 32 47 58 69
 2 32 47 58 67 68
 2 32 47 58 62 69
 2 32 47 58 62 67 68
 2 32 47 58 60 69
 2 32 47 58 60 67 68
 2 32 47 58 60 62 69
 2 32 47 58 60 62 67 68
 2 32 42
 2 32 42 74
 2 32 42 72 73
 2 32 42 62 74
 2 32 42 62 72 73
 2 32 42 58 74
 2 32 42 58 72 73
 2 32 42 58 62 74
 2 32 42 58 62 72 73
 2 32 42 58 60 74
 2 32 42 58 60 72 73
 2 32 42 58 60 62 74
 2 32 42 58 60 62 72 73
 2 32 42 47
 2 32 42 47 62
 2 32 42 47 58
 2 32 42 47 58 62
 2 32 42 47 58 60
 2 32 42 47 58 60 62
 1 59 69
 1 59 67 68
 1 58 59 74 78
 1 58 59 74 76 77
 1 58 59 72 73 78
 1 58 59 72 73 76 77
 1 57 58 74 78
 1 57 58 74 76 77
 1 57 58 72 73 78
 1 57 58 72 73 76 77
 1 57 58 69
 1 57 58 67 68
 1 51 58 59 74
 1 51 58 59 72 73
 1 51 57 58 74
 1 51 57 58 72 73
 1 47 58 59 78
 1 47 58 59 76 77
 1 47 57 58 78
 1 47 57 58 76 77
 1 47 51 58 59
 1 47 51 57 58
 1 42 59
 1 42 57 58
 1 35 63
 1 35 61 62
 1 35 36
 1 33 34 63
 1 33 34 61 62
 1 33 34 36
 1 32 69
 1 32 67 68
 1 32 58 74 78
 1 32 58 74 76 77
 1 32 58 72 73 78
 1 32 58 72 73 76 77
 1 32 51 58 74
 1 32 51 58 72 73
 1 32 47 58 78
 1 32 47 58 76 77
 1 32 47 51 58
 1 32 42
 1 8 63
 1 8 61 62
 1 8 36
 0 1 59 69 74
 0 1 59 69 72 73
 0 1 59 67 68 74
 0 1 59 67 68 72 73
 0 1 59 62 69 74
 0 1 59 62 69 72 73
 0 1 59 62 67 68 74
 0 1 59 62 67 68 72 73
 0 1 58 59 69 74
 0 1 58 59 69 72 73
 0 1 58 59 67 68 74
 0 1 58 59 67 68 72 73
 0 1 58 59 62 69 74
 0 1 58 59 62 69 72 73
 0 1 58 59 62 67 68 74
 0 1 58 59 62 67 68 72 73
 0 1 58 59 60 69 74
 0 1 58 59 60 69 72 73
 0 1 58 59 60 67 68 74
 0 1 58 59 60 67 68 72 73
 0 1 58 59 60 62 69 74
 0 1 58 59 60 62 69 72 73
 0 1 58 59 60 62 67 68 74
 0 1 58 59 60 62 67 68 72 73
 0 1 57 58 60 69 74
 0 1 57 58 60 69 72 73
 0 1 57 58 60 67 68 74
 0 1 57 58 60 67 68 72 73
 0 1 57 58 60 62 69 74
 0 1 57 58 60 62 69 72 73
 0 1 57 58 60 62 67 68 74
 0 1 57 58 60 62 67 68 72 73
 0 1 47 59 69
 0 1 47 59 67 68
 0 1 47 59 62 69
 0 1 47 59 62 67 68
 0 1 47 58 59 69
 0 1 47 58 59 67 68
 0 1 47 58 59 62 69
 0 1 47 58 59 62 67 68
 0 1 47 58 59 60 69
 0 1 47 58 59 60 67 68
 0 1 47 58 59 60 62 69
 0 1 47 58 59 60 62 67 68
 0 1 47 57 58 60 69
 0 1 47 57 58 60 67 68
 0 1 47 57 58 60 62 69
 0 1 47 57 58 60 62 67 68
 0 1 42 59 74
 0 1 42 59 72 73
 0 1 42 59 62 74
 0 1 42 59 62 72 73
 0 1 42 58 59 74
 0 1 42 58 59 72 73
 0 1 42 58 59 62 74
 0 1 42 58 59 62 72 73
 0 1 42 58 59 60 74
 0 1 42 58 59 60 72 73
 0 1 42 58 59 60 62 74
 0 1 42 58 59 60 62 72 73
 0 1 42 57 58 60 74
 0 1 42 57 58 60 72 73
 0 1 42 57 58 60 62 74
 0 1 42 57 58 60 62 72 73
 0 1 42 47 59
 0 1 42 47 59 62
 0 1 42 47 58 59
 0 1 42 47 58 59 62
 0 1 42 47 58 59 60
 0 1 42 47 58 59 60 62
 0 1 42 47 57 58 60
 0 1 42 47 57 58 60 62
 0 1 32 69 74
 0 1 32 69 72 73
 0 1 32 67 68 74
 0 1 32 67 68 72 73
 0 1 32 62 69 74
 0 1 32 62 69 72 73
 0 1 32 62 67 68 74
 0 1 32 62 67 68 72 73
 0 1 32 58 69 74
 0 1 32 58 69 72 73
 0 1 32 58 67 68 74
 0 1 32 58 67 68 72 73
 0 1 32 58 62 69 74
 0 1 32 58 62 69 72 73
 0 1 32 58 62 67 68 74
 0 1 32 58 62 67 68 72 73
 0 1 32 58 60 69 74
 0 1 32 58 60 69 72 73
 0 1 32 58 60 67 68 74
 0 1 32 58 60 67 68 72 73
 0 1 32 58 60 62 69 74
 0 1 32 58 60 62 69 72 73
 0 1 32 58 60 62 67 68 74
 0 1 32 58 60 62 67 68 72 73
 0 1 32 47 69
 0 1 32 47 67 68
 0 1 32 47 62 69
 0 1 32 47 62 67 68
 0 1 32 47 58 69
 0 1 32 47 58 67 68
 0 1 32 47 58 62 69
 0 1 32 47 58 62 67 68
 0 1 32 47 58 60 69
 0 1 32 47 58 60 67 68
 0 1 32 47 58 60 62 69
 0 1 32 47 58 60 62 67 68
 0 1 32 42 74
 0 1 32 42 72 73
 0 1 32 42 62 74
 0 1 32 42 62 72 73
 0 1 32 42 58 74
 0 1 32 42 58 72 73
 0 1 32 42 58 62 74
 0 1 32 42 58 62 72 73
 0 1 32 42 58 60 74
 0 1 32 42 58 60 72 73
 0 1 32 42 58 60 62 74
 0 1 32 42 58 60 62 72 73
 0 1 32 42 47
 0 1 32 42 47 62
 0 1 32 42 47 58
 0 1 32 42 47 58 62
 0 1 32 42 47 58 60
 0 1 32 42 47 58 60 62
