 58 63 74
 58 63 72
 58 63 72 73
 58 63 70 71
 58 62 78 79
 58 61 62 78 79
 58 61 62 74
 58 61 62 72
 58 61 62 72 73
 58 61 62 70 71
 58 59 63 74
 58 59 63 72 73
 58 59 61 62 74
 58 59 61 62 72 73
 58 59 60 62 78 79
 57 58 63 74
 57 58 63 72 73
 57 58 61 62 74
 57 58 61 62 72 73
 54 58 59 78
 54 58 59 76 77
 54 58 59 63
 54 58 59 61 62
 54 57 58 78
 54 57 58 76 77
 54 57 58 63
 54 57 58 61 62
 53 58 62
 53 58 61 62
 53 58 59 60 62
 52 59 69
 52 59 67 68
 52 57 58 69
 52 57 58 67 68
 52 53 58 59 78
 52 53 58 59 76 77
 52 53 58 59 63
 52 53 58 59 61 62
 52 53 57 58 78
 52 53 57 58 76 77
 52 53 57 58 63
 52 53 57 58 61 62
 51 54 58 59
 51 54 57 58
 51 52 53 58 59
 51 52 53 57 58
 50 51 59 69
 50 51 59 67 68
 50 51 57 58 69
 50 51 57 58 67 68
 47 58 63
 47 58 61 62
 47 58 59 63
 47 58 59 61 62
 47 57 58 63
 47 57 58 61 62
 45 58 63
 45 58 61 62
 44 58 62
 44 58 61 62
 44 58 59 60 62
 42 52 59
 42 52 57 58
 42 50 51 59
 42 50 51 57 58
 36 58 74
 36 58 72
 36 58 72 73
 36 58 70 71
 36 58 59 74
 36 58 59 72 73
 36 57 58 74
 36 57 58 72 73
 36 54 58 59
 36 54 57 58
 36 52 53 58 59
 36 52 53 57 58
 36 47 58
 36 47 58 59
 36 47 57 58
 36 45 58
 34 58 62 78 79
 34 53 58 62
 34 44 58 62
 32 58 63 74
 32 58 63 72 73
 32 58 61 62 74
 32 58 61 62 72 73
 32 54 58 78
 32 54 58 76 77
 32 54 58 63
 32 54 58 61 62
 32 52 69
 32 52 67 68
 32 52 53 58 78
 32 52 53 58 76 77
 32 52 53 58 63
 32 52 53 58 61 62
 32 51 54 58
 32 51 52 53 58
 32 50 51 69
 32 50 51 67 68
 32 47 58 63
 32 47 58 61 62
 32 42 52
 32 42 50 51
 32 36 58 74
 32 36 58 72 73
 32 36 54 58
 32 36 52 53 58
 32 36 47 58
 29 52 58 59 78
 29 52 58 59 76 77
 29 52 58 59 63
 29 52 58 59 61 62
 29 52 57 58 78
 29 52 57 58 76 77
 29 52 57 58 63
 29 52 57 58 61 62
 29 51 52 58 59
 29 51 52 57 58
 29 50 51 58 59
 29 50 51 58 59 78
 29 50 51 58 59 76 77
 29 50 51 58 59 63
 29 50 51 58 59 61 62
 29 50 51 57 58
 29 50 51 57 58 78
 29 50 51 57 58 76 77
 29 50 51 57 58 63
 29 50 51 57 58 61 62
 29 36 52 58 59
 29 36 52 57 58
 29 36 50 51 58 59
 29 36 50 51 57 58
 29 32 52 58 78
 29 32 52 58 76 77
 29 32 52 58 63
 29 32 52 58 61 62
 29 32 51 52 58
 29 32 50 51 58
 29 32 50 51 58 78
 29 32 50 51 58 76 77
 29 32 50 51 58 63
 29 32 50 51 58 61 62
 29 32 36 52 58
 29 32 36 50 51 58
 27 58 59 78
 27 58 59 76 77
 27 58 59 63
 27 58 59 61 62
 27 57 58 78
 27 57 58 76 77
 27 57 58 63
 27 57 58 61 62
 27 51 58 59
 27 51 57 58
 27 48 55 62 72
 27 48 55 62 70 71
 27 46 47 55 62 72
 27 46 47 55 62 70 71
 27 45 48 55 62
 27 45 46 47 55 62
 27 39 48 62 72
 27 39 48 62 70 71
 27 39 46 47 62 72
 27 39 46 47 62 70 71
 27 39 45 48 62
 27 39 45 46 47 62
 27 37 38 48 62 72
 27 37 38 48 62 70 71
 27 37 38 46 47 62 72
 27 37 38 46 47 62 70 71
 27 37 38 45 48 62
 27 37 38 45 46 47 62
 27 36 58 59
 27 36 57 58
 27 32 58 78
 27 32 58 76 77
 27 32 58 63
 27 32 58 61 62
 27 32 51 58
 27 32 36 58
 27 28 52 58 59 78
 27 28 52 58 59 76 77
 27 28 52 58 59 63
 27 28 52 58 59 61 62
 27 28 52 57 58 78
 27 28 52 57 58 76 77
 27 28 52 57 58 63
 27 28 52 57 58 61 62
 27 28 51 52 58 59
 27 28 51 52 57 58
 27 28 50 51 58 59
 27 28 50 51 58 59 78
 27 28 50 51 58 59 76 77
 27 28 50 51 58 59 63
 27 28 50 51 58 59 61 62
 27 28 50 51 57 58
 27 28 50 51 57 58 78
 27 28 50 51 57 58 76 77
 27 28 50 51 57 58 63
 27 28 50 51 57 58 61 62
 27 28 36 52 58 59
 27 28 36 52 57 58
 27 28 36 50 51 58 59
 27 28 36 50 51 57 58
 27 28 32 52 58 78
 27 28 32 52 58 76 77
 27 28 32 52 58 63
 27 28 32 52 58 61 62
 27 28 32 51 52 58
 27 28 32 50 51 58
 27 28 32 50 51 58 78
 27 28 32 50 51 58 76 77
 27 28 32 50 51 58 63
 27 28 32 50 51 58 61 62
 27 28 32 36 52 58
 27 28 32 36 50 51 58
 25 59 69
 25 59 67 68
 25 57 58 69
 25 57 58 67 68
 25 42 59
 25 42 57 58
 25 32 69
 25 32 67 68
 25 32 42
 25 29 58 59 78
 25 29 58 59 76 77
 25 29 58 59 63
 25 29 58 59 61 62
 25 29 57 58 78
 25 29 57 58 76 77
 25 29 57 58 63
 25 29 57 58 61 62
 25 29 51 58 59
 25 29 51 57 58
 25 29 36 58 59
 25 29 36 57 58
 25 29 32 58 78
 25 29 32 58 76 77
 25 29 32 58 63
 25 29 32 58 61 62
 25 29 32 51 58
 25 29 32 36 58
 25 27 28 58 59 78
 25 27 28 58 59 76 77
 25 27 28 58 59 63
 25 27 28 58 59 61 62
 25 27 28 57 58 78
 25 27 28 57 58 76 77
 25 27 28 57 58 63
 25 27 28 57 58 61 62
 25 27 28 51 58 59
 25 27 28 51 57 58
 25 27 28 36 58 59
 25 27 28 36 57 58
 25 27 28 32 58 78
 25 27 28 32 58 76 77
 25 27 28 32 58 63
 25 27 28 32 58 61 62
 25 27 28 32 51 58
 25 27 28 32 36 58
 25 26 48 55 62 72
 25 26 48 55 62 70 71
 25 26 46 47 55 62 72
 25 26 46 47 55 62 70 71
 25 26 45 48 55 62
 25 26 45 46 47 55 62
 25 26 39 48 62 72
 25 26 39 48 62 70 71
 25 26 39 46 47 62 72
 25 26 39 46 47 62 70 71
 25 26 39 45 48 62
 25 26 39 45 46 47 62
 25 26 37 38 48 62 72
 25 26 37 38 48 62 70 71
 25 26 37 38 46 47 62 72
 25 26 37 38 46 47 62 70 71
 25 26 37 38 45 48 62
 25 26 37 38 45 46 47 62
 21 27 55 62 72
 21 27 55 62 70 71
 21 27 45 55 62
 21 27 39 62 72
 21 27 39 62 70 71
 21 27 39 45 62
 21 27 37 38 62 72
 21 27 37 38 62 70 71
 21 27 37 38 45 62
 21 25 26 55 62 72
 21 25 26 55 62 70 71
 21 25 26 45 55 62
 21 25 26 39 62 72
 21 25 26 39 62 70 71
 21 25 26 39 45 62
 21 25 26 37 38 62 72
 21 25 26 37 38 62 70 71
 21 25 26 37 38 45 62
 12 27 48 62 72
 12 27 48 62 70 71
 12 27 46 47 62 72
 12 27 46 47 62 70 71
 12 27 45 48 62
 12 27 45 46 47 62
 12 25 26 48 62 72
 12 25 26 48 62 70 71
 12 25 26 46 47 62 72
 12 25 26 46 47 62 70 71
 12 25 26 45 48 62
 12 25 26 45 46 47 62
 12 21 27 62 72
 12 21 27 62 70 71
 12 21 27 45 62
 12 21 25 26 62 72
 12 21 25 26 62 70 71
 12 21 25 26 45 62
 2 58 62
 2 58 61 62
 2 58 59 60 62
 2 52 58 59 78
 2 52 58 59 76 77
 2 52 58 59 63
 2 52 58 59 61 62
 2 52 57 58 78
 2 52 57 58 76 77
 2 52 57 58 63
 2 52 57 58 61 62
 2 51 52 58 59
 2 51 52 57 58
 2 50 51 58 59
 2 50 51 58 59 78
 2 50 51 58 59 76 77
 2 50 51 58 59 63
 2 50 51 58 59 61 62
 2 50 51 57 58
 2 50 51 57 58 78
 2 50 51 57 58 76 77
 2 50 51 57 58 63
 2 50 51 57 58 61 62
 2 36 52 58 59
 2 36 52 57 58
 2 36 50 51 58 59
 2 36 50 51 57 58
 2 34 58 62
 2 32 52 58 78
 2 32 52 58 76 77
 2 32 52 58 63
 2 32 52 58 61 62
 2 32 51 52 58
 2 32 50 51 58
 2 32 50 51 58 78
 2 32 50 51 58 76 77
 2 32 50 51 58 63
 2 32 50 51 58 61 62
 2 32 36 52 58
 2 32 36 50 51 58
 2 25 58 59 78
 2 25 58 59 76 77
 2 25 58 59 63
 2 25 58 59 61 62
 2 25 57 58 78
 2 25 57 58 76 77
 2 25 57 58 63
 2 25 57 58 61 62
 2 25 51 58 59
 2 25 51 57 58
 2 25 36 58 59
 2 25 36 57 58
 2 25 32 58 78
 2 25 32 58 76 77
 2 25 32 58 63
 2 25 32 58 61 62
 2 25 32 51 58
 2 25 32 36 58
 0 48 55 62 72
 0 48 55 62 70 71
 0 46 47 55 62 72
 0 46 47 55 62 70 71
 0 45 48 55 62
 0 45 46 47 55 62
 0 39 48 62 72
 0 39 48 62 70 71
 0 39 46 47 62 72
 0 39 46 47 62 70 71
 0 39 45 48 62
 0 39 45 46 47 62
 0 37 38 48 62 72
 0 37 38 48 62 70 71
 0 37 38 46 47 62 72
 0 37 38 46 47 62 70 71
 0 37 38 45 48 62
 0 37 38 45 46 47 62
 0 21 55 62 72
 0 21 55 62 70 71
 0 21 45 55 62
 0 21 39 62 72
 0 21 39 62 70 71
 0 21 39 45 62
 0 21 37 38 62 72
 0 21 37 38 62 70 71
 0 21 37 38 45 62
 0 12 48 62 72
 0 12 48 62 70 71
 0 12 46 47 62 72
 0 12 46 47 62 70 71
 0 12 45 48 62
 0 12 45 46 47 62
 0 12 21 62 72
 0 12 21 62 70 71
 0 12 21 45 62
 0 1 58 62
 0 1 58 61 62
 0 1 58 59 60 62
 0 1 34 58 62
