 58 63 64 74
 58 63 64 72 73
 58 61 62 64 74
 58 61 62 64 72 73
 58 59 63 64
 58 59 61 62 64
 57 58 63 64
 57 58 61 62 64
 48 62 72
 48 62 72 78 79
 48 62 70 71
 48 62 70 71 78 79
 48 54 62 72
 48 54 62 70 71
 48 53 62 72
 48 53 62 70 71
 48 52 53 62 72
 48 52 53 62 70 71
 47 58 63 64
 47 58 61 62 64
 46 63
 46 61 62
 46 58 63
 46 58 62 72
 46 58 62 70 71
 46 58 61 62
 46 54 62 72
 46 54 62 70 71
 46 52 53 62 72
 46 52 53 62 70 71
 46 47 62 72
 46 47 62 72 78 79
 46 47 62 70 71
 46 47 62 70 71 78 79
 46 47 54 62 72
 46 47 54 62 70 71
 46 47 53 62 72
 46 47 53 62 70 71
 46 47 52 53 62 72
 46 47 52 53 62 70 71
 45 48 62
 45 48 62 78 79
 45 48 54 62
 45 48 53 62
 45 48 52 53 62
 45 46 58 62
 45 46 54 62
 45 46 52 53 62
 45 46 47 62
 45 46 47 62 78 79
 45 46 47 54 62
 45 46 47 53 62
 45 46 47 52 53 62
 44 45 63
 44 45 61 62
 44 45 58 63
 44 45 58 62
 44 45 58 62 72
 44 45 58 62 70 71
 44 45 58 61 62
 44 45 54 62
 44 45 54 62 72
 44 45 54 62 70 71
 44 45 52 53 62
 44 45 52 53 62 72
 44 45 52 53 62 70 71
 39 48 62 72
 39 48 62 72 78 79
 39 48 62 70 71
 39 48 62 70 71 78 79
 39 48 54 62 72
 39 48 54 62 70 71
 39 48 53 62 72
 39 48 53 62 70 71
 39 48 52 53 62 72
 39 48 52 53 62 70 71
 39 46 63 74
 39 46 63 72 73
 39 46 61 62 74
 39 46 61 62 72 73
 39 46 59 63
 39 46 59 61 63
 39 46 59 60 63
 39 46 59 60 61 62
 39 46 57 58 63
 39 46 57 58 61 63
 39 46 57 58 59 60 63
 39 46 57 58 59 60 61 62
 39 46 47 63
 39 46 47 62 72
 39 46 47 62 72 78 79
 39 46 47 62 70 71
 39 46 47 62 70 71 78 79
 39 46 47 61 62
 39 46 47 54 62 72
 39 46 47 54 62 70 71
 39 46 47 53 62 72
 39 46 47 53 62 70 71
 39 46 47 52 53 62 72
 39 46 47 52 53 62 70 71
 39 45 48 62
 39 45 48 62 78 79
 39 45 48 54 62
 39 45 48 53 62
 39 45 48 52 53 62
 39 45 46 47 62
 39 45 46 47 62 78 79
 39 45 46 47 54 62
 39 45 46 47 53 62
 39 45 46 47 52 53 62
 39 44 45 63 74
 39 44 45 63 72 73
 39 44 45 61 62 74
 39 44 45 61 62 72 73
 39 44 45 59 63
 39 44 45 59 61 63
 39 44 45 59 60 63
 39 44 45 59 60 61 62
 39 44 45 57 58 63
 39 44 45 57 58 61 63
 39 44 45 57 58 59 60 63
 39 44 45 57 58 59 60 61 62
 39 44 45 47 63
 39 44 45 47 61 62
 37 38 48 62 72
 37 38 48 62 72 78 79
 37 38 48 62 70 71
 37 38 48 62 70 71 78 79
 37 38 48 54 62 72
 37 38 48 54 62 70 71
 37 38 48 53 62 72
 37 38 48 53 62 70 71
 37 38 48 52 53 62 72
 37 38 48 52 53 62 70 71
 37 38 46 63 74
 37 38 46 63 72 73
 37 38 46 61 62 74
 37 38 46 61 62 72 73
 37 38 46 59 63
 37 38 46 59 61 63
 37 38 46 59 60 63
 37 38 46 59 60 61 62
 37 38 46 57 58 63
 37 38 46 57 58 61 63
 37 38 46 57 58 59 60 63
 37 38 46 57 58 59 60 61 62
 37 38 46 47 63
 37 38 46 47 62 72
 37 38 46 47 62 72 78 79
 37 38 46 47 62 70 71
 37 38 46 47 62 70 71 78 79
 37 38 46 47 61 62
 37 38 46 47 54 62 72
 37 38 46 47 54 62 70 71
 37 38 46 47 53 62 72
 37 38 46 47 53 62 70 71
 37 38 46 47 52 53 62 72
 37 38 46 47 52 53 62 70 71
 37 38 45 48 62
 37 38 45 48 62 78 79
 37 38 45 48 54 62
 37 38 45 48 53 62
 37 38 45 48 52 53 62
 37 38 45 46 47 62
 37 38 45 46 47 62 78 79
 37 38 45 46 47 54 62
 37 38 45 46 47 53 62
 37 38 45 46 47 52 53 62
 37 38 44 45 63 74
 37 38 44 45 63 72 73
 37 38 44 45 61 62 74
 37 38 44 45 61 62 72 73
 37 38 44 45 59 63
 37 38 44 45 59 61 63
 37 38 44 45 59 60 63
 37 38 44 45 59 60 61 62
 37 38 44 45 57 58 63
 37 38 44 45 57 58 61 63
 37 38 44 45 57 58 59 60 63
 37 38 44 45 57 58 59 60 61 62
 37 38 44 45 47 63
 37 38 44 45 47 61 62
 36 58 64 74
 36 58 64 72 73
 36 58 59 64
 36 57 58 64
 36 47 58 64
 36 46
 36 46 58
 36 44 45
 36 44 45 58
 36 39 46 74
 36 39 46 72 73
 36 39 46 59
 36 39 46 59 61
 36 39 46 59 60
 36 39 46 57 58
 36 39 46 57 58 61
 36 39 46 57 58 59 60
 36 39 46 47
 36 39 44 45 74
 36 39 44 45 72 73
 36 39 44 45 59
 36 39 44 45 59 61
 36 39 44 45 59 60
 36 39 44 45 57 58
 36 39 44 45 57 58 61
 36 39 44 45 57 58 59 60
 36 39 44 45 47
 36 37 38 46 74
 36 37 38 46 72 73
 36 37 38 46 59
 36 37 38 46 59 61
 36 37 38 46 59 60
 36 37 38 46 57 58
 36 37 38 46 57 58 61
 36 37 38 46 57 58 59 60
 36 37 38 46 47
 36 37 38 44 45 74
 36 37 38 44 45 72 73
 36 37 38 44 45 59
 36 37 38 44 45 59 61
 36 37 38 44 45 59 60
 36 37 38 44 45 57 58
 36 37 38 44 45 57 58 61
 36 37 38 44 45 57 58 59 60
 36 37 38 44 45 47
 34 39 46 59 63
 34 39 46 59 61 62
 34 39 46 57 58 63
 34 39 46 57 58 61 62
 34 39 44 45 59 63
 34 39 44 45 59 61 62
 34 39 44 45 57 58 63
 34 39 44 45 57 58 61 62
 34 37 38 46 59 63
 34 37 38 46 59 61 62
 34 37 38 46 57 58 63
 34 37 38 46 57 58 61 62
 34 37 38 44 45 59 63
 34 37 38 44 45 59 61 62
 34 37 38 44 45 57 58 63
 34 37 38 44 45 57 58 61 62
 34 36 39 46 59
 34 36 39 46 57 58
 34 36 39 44 45 59
 34 36 39 44 45 57 58
 34 36 37 38 46 59
 34 36 37 38 46 57 58
 34 36 37 38 44 45 59
 34 36 37 38 44 45 57 58
 32 58 63 64
 32 58 61 62 64
 32 39 46 63
 32 39 46 61 63
 32 39 46 59 60 63
 32 39 46 59 60 61 62
 32 39 44 45 63
 32 39 44 45 61 63
 32 39 44 45 59 60 63
 32 39 44 45 59 60 61 62
 32 37 38 46 63
 32 37 38 46 61 63
 32 37 38 46 59 60 63
 32 37 38 46 59 60 61 62
 32 37 38 44 45 63
 32 37 38 44 45 61 63
 32 37 38 44 45 59 60 63
 32 37 38 44 45 59 60 61 62
 32 36 58 64
 32 36 39 46
 32 36 39 46 61
 32 36 39 46 59 60
 32 36 39 44 45
 32 36 39 44 45 61
 32 36 39 44 45 59 60
 32 36 37 38 46
 32 36 37 38 46 61
 32 36 37 38 46 59 60
 32 36 37 38 44 45
 32 36 37 38 44 45 61
 32 36 37 38 44 45 59 60
 32 34 39 46 63
 32 34 39 46 61 62
 32 34 39 44 45 63
 32 34 39 44 45 61 62
 32 34 37 38 46 63
 32 34 37 38 46 61 62
 32 34 37 38 44 45 63
 32 34 37 38 44 45 61 62
 32 34 36 39 46
 32 34 36 39 44 45
 32 34 36 37 38 46
 32 34 36 37 38 44 45
 27 48 62 72
 27 48 62 70 71
 27 46 63
 27 46 62 72
 27 46 62 70 71
 27 46 61 62
 27 46 47 62 72
 27 46 47 62 70 71
 27 45 48 62
 27 45 46 62
 27 45 46 47 62
 27 44 45 63
 27 44 45 62
 27 44 45 62 72
 27 44 45 62 70 71
 27 44 45 61 62
 27 39 48 62 72
 27 39 48 62 70 71
 27 39 46 63 74
 27 39 46 63 72 73
 27 39 46 61 62 74
 27 39 46 61 62 72 73
 27 39 46 59 63
 27 39 46 59 61 63
 27 39 46 59 60 63
 27 39 46 59 60 61 62
 27 39 46 57 58 63
 27 39 46 57 58 61 63
 27 39 46 57 58 59 60 63
 27 39 46 57 58 59 60 61 62
 27 39 46 47 63
 27 39 46 47 62 72
 27 39 46 47 62 70 71
 27 39 46 47 61 62
 27 39 45 48 62
 27 39 45 46 47 62
 27 39 44 45 63 74
 27 39 44 45 63 72 73
 27 39 44 45 61 62 74
 27 39 44 45 61 62 72 73
 27 39 44 45 59 63
 27 39 44 45 59 61 63
 27 39 44 45 59 60 63
 27 39 44 45 59 60 61 62
 27 39 44 45 57 58 63
 27 39 44 45 57 58 61 63
 27 39 44 45 57 58 59 60 63
 27 39 44 45 57 58 59 60 61 62
 27 39 44 45 47 63
 27 39 44 45 47 61 62
 27 37 38 48 62 72
 27 37 38 48 62 70 71
 27 37 38 46 63 74
 27 37 38 46 63 72 73
 27 37 38 46 61 62 74
 27 37 38 46 61 62 72 73
 27 37 38 46 59 63
 27 37 38 46 59 61 63
 27 37 38 46 59 60 63
 27 37 38 46 59 60 61 62
 27 37 38 46 57 58 63
 27 37 38 46 57 58 61 63
 27 37 38 46 57 58 59 60 63
 27 37 38 46 57 58 59 60 61 62
 27 37 38 46 47 63
 27 37 38 46 47 62 72
 27 37 38 46 47 62 70 71
 27 37 38 46 47 61 62
 27 37 38 45 48 62
 27 37 38 45 46 47 62
 27 37 38 44 45 63 74
 27 37 38 44 45 63 72 73
 27 37 38 44 45 61 62 74
 27 37 38 44 45 61 62 72 73
 27 37 38 44 45 59 63
 27 37 38 44 45 59 61 63
 27 37 38 44 45 59 60 63
 27 37 38 44 45 59 60 61 62
 27 37 38 44 45 57 58 63
 27 37 38 44 45 57 58 61 63
 27 37 38 44 45 57 58 59 60 63
 27 37 38 44 45 57 58 59 60 61 62
 27 37 38 44 45 47 63
 27 37 38 44 45 47 61 62
 27 36 46
 27 36 44 45
 27 36 39 46 74
 27 36 39 46 72 73
 27 36 39 46 59
 27 36 39 46 59 61
 27 36 39 46 59 60
 27 36 39 46 57 58
 27 36 39 46 57 58 61
 27 36 39 46 57 58 59 60
 27 36 39 46 47
 27 36 39 44 45 74
 27 36 39 44 45 72 73
 27 36 39 44 45 59
 27 36 39 44 45 59 61
 27 36 39 44 45 59 60
 27 36 39 44 45 57 58
 27 36 39 44 45 57 58 61
 27 36 39 44 45 57 58 59 60
 27 36 39 44 45 47
 27 36 37 38 46 74
 27 36 37 38 46 72 73
 27 36 37 38 46 59
 27 36 37 38 46 59 61
 27 36 37 38 46 59 60
 27 36 37 38 46 57 58
 27 36 37 38 46 57 58 61
 27 36 37 38 46 57 58 59 60
 27 36 37 38 46 47
 27 36 37 38 44 45 74
 27 36 37 38 44 45 72 73
 27 36 37 38 44 45 59
 27 36 37 38 44 45 59 61
 27 36 37 38 44 45 59 60
 27 36 37 38 44 45 57 58
 27 36 37 38 44 45 57 58 61
 27 36 37 38 44 45 57 58 59 60
 27 36 37 38 44 45 47
 27 34 39 46 59 63
 27 34 39 46 59 61 62
 27 34 39 46 57 58 63
 27 34 39 46 57 58 61 62
 27 34 39 44 45 59 63
 27 34 39 44 45 59 61 62
 27 34 39 44 45 57 58 63
 27 34 39 44 45 57 58 61 62
 27 34 37 38 46 59 63
 27 34 37 38 46 59 61 62
 27 34 37 38 46 57 58 63
 27 34 37 38 46 57 58 61 62
 27 34 37 38 44 45 59 63
 27 34 37 38 44 45 59 61 62
 27 34 37 38 44 45 57 58 63
 27 34 37 38 44 45 57 58 61 62
 27 34 36 39 46 59
 27 34 36 39 46 57 58
 27 34 36 39 44 45 59
 27 34 36 39 44 45 57 58
 27 34 36 37 38 46 59
 27 34 36 37 38 46 57 58
 27 34 36 37 38 44 45 59
 27 34 36 37 38 44 45 57 58
 27 32 39 46 63
 27 32 39 46 61 63
 27 32 39 46 59 60 63
 27 32 39 46 59 60 61 62
 27 32 39 44 45 63
 27 32 39 44 45 61 63
 27 32 39 44 45 59 60 63
 27 32 39 44 45 59 60 61 62
 27 32 37 38 46 63
 27 32 37 38 46 61 63
 27 32 37 38 46 59 60 63
 27 32 37 38 46 59 60 61 62
 27 32 37 38 44 45 63
 27 32 37 38 44 45 61 63
 27 32 37 38 44 45 59 60 63
 27 32 37 38 44 45 59 60 61 62
 27 32 36 39 46
 27 32 36 39 46 61
 27 32 36 39 46 59 60
 27 32 36 39 44 45
 27 32 36 39 44 45 61
 27 32 36 39 44 45 59 60
 27 32 36 37 38 46
 27 32 36 37 38 46 61
 27 32 36 37 38 46 59 60
 27 32 36 37 38 44 45
 27 32 36 37 38 44 45 61
 27 32 36 37 38 44 45 59 60
 27 32 34 39 46 63
 27 32 34 39 46 61 62
 27 32 34 39 44 45 63
 27 32 34 39 44 45 61 62
 27 32 34 37 38 46 63
 27 32 34 37 38 46 61 62
 27 32 34 37 38 44 45 63
 27 32 34 37 38 44 45 61 62
 27 32 34 36 39 46
 27 32 34 36 39 44 45
 27 32 34 36 37 38 46
 27 32 34 36 37 38 44 45
 25 26 46 63
 25 26 46 61 62
 25 26 44 45 63
 25 26 44 45 61 62
 25 26 39 46 63 74
 25 26 39 46 63 72 73
 25 26 39 46 61 62 74
 25 26 39 46 61 62 72 73
 25 26 39 46 59 63
 25 26 39 46 59 61 63
 25 26 39 46 59 60 63
 25 26 39 46 59 60 61 62
 25 26 39 46 57 58 63
 25 26 39 46 57 58 61 63
 25 26 39 46 57 58 59 60 63
 25 26 39 46 57 58 59 60 61 62
 25 26 39 46 47 63
 25 26 39 46 47 61 62
 25 26 39 44 45 63 74
 25 26 39 44 45 63 72 73
 25 26 39 44 45 61 62 74
 25 26 39 44 45 61 62 72 73
 25 26 39 44 45 59 63
 25 26 39 44 45 59 61 63
 25 26 39 44 45 59 60 63
 25 26 39 44 45 59 60 61 62
 25 26 39 44 45 57 58 63
 25 26 39 44 45 57 58 61 63
 25 26 39 44 45 57 58 59 60 63
 25 26 39 44 45 57 58 59 60 61 62
 25 26 39 44 45 47 63
 25 26 39 44 45 47 61 62
 25 26 37 38 46 63 74
 25 26 37 38 46 63 72 73
 25 26 37 38 46 61 62 74
 25 26 37 38 46 61 62 72 73
 25 26 37 38 46 59 63
 25 26 37 38 46 59 61 63
 25 26 37 38 46 59 60 63
 25 26 37 38 46 59 60 61 62
 25 26 37 38 46 57 58 63
 25 26 37 38 46 57 58 61 63
 25 26 37 38 46 57 58 59 60 63
 25 26 37 38 46 57 58 59 60 61 62
 25 26 37 38 46 47 63
 25 26 37 38 46 47 61 62
 25 26 37 38 44 45 63 74
 25 26 37 38 44 45 63 72 73
 25 26 37 38 44 45 61 62 74
 25 26 37 38 44 45 61 62 72 73
 25 26 37 38 44 45 59 63
 25 26 37 38 44 45 59 61 63
 25 26 37 38 44 45 59 60 63
 25 26 37 38 44 45 59 60 61 62
 25 26 37 38 44 45 57 58 63
 25 26 37 38 44 45 57 58 61 63
 25 26 37 38 44 45 57 58 59 60 63
 25 26 37 38 44 45 57 58 59 60 61 62
 25 26 37 38 44 45 47 63
 25 26 37 38 44 45 47 61 62
 25 26 36 46
 25 26 36 44 45
 25 26 36 39 46 74
 25 26 36 39 46 72 73
 25 26 36 39 46 59
 25 26 36 39 46 59 61
 25 26 36 39 46 59 60
 25 26 36 39 46 57 58
 25 26 36 39 46 57 58 61
 25 26 36 39 46 57 58 59 60
 25 26 36 39 46 47
 25 26 36 39 44 45 74
 25 26 36 39 44 45 72 73
 25 26 36 39 44 45 59
 25 26 36 39 44 45 59 61
 25 26 36 39 44 45 59 60
 25 26 36 39 44 45 57 58
 25 26 36 39 44 45 57 58 61
 25 26 36 39 44 45 57 58 59 60
 25 26 36 39 44 45 47
 25 26 36 37 38 46 74
 25 26 36 37 38 46 72 73
 25 26 36 37 38 46 59
 25 26 36 37 38 46 59 61
 25 26 36 37 38 46 59 60
 25 26 36 37 38 46 57 58
 25 26 36 37 38 46 57 58 61
 25 26 36 37 38 46 57 58 59 60
 25 26 36 37 38 46 47
 25 26 36 37 38 44 45 74
 25 26 36 37 38 44 45 72 73
 25 26 36 37 38 44 45 59
 25 26 36 37 38 44 45 59 61
 25 26 36 37 38 44 45 59 60
 25 26 36 37 38 44 45 57 58
 25 26 36 37 38 44 45 57 58 61
 25 26 36 37 38 44 45 57 58 59 60
 25 26 36 37 38 44 45 47
 25 26 34 39 46 59 63
 25 26 34 39 46 59 61 62
 25 26 34 39 46 57 58 63
 25 26 34 39 46 57 58 61 62
 25 26 34 39 44 45 59 63
 25 26 34 39 44 45 59 61 62
 25 26 34 39 44 45 57 58 63
 25 26 34 39 44 45 57 58 61 62
 25 26 34 37 38 46 59 63
 25 26 34 37 38 46 59 61 62
 25 26 34 37 38 46 57 58 63
 25 26 34 37 38 46 57 58 61 62
 25 26 34 37 38 44 45 59 63
 25 26 34 37 38 44 45 59 61 62
 25 26 34 37 38 44 45 57 58 63
 25 26 34 37 38 44 45 57 58 61 62
 25 26 34 36 39 46 59
 25 26 34 36 39 46 57 58
 25 26 34 36 39 44 45 59
 25 26 34 36 39 44 45 57 58
 25 26 34 36 37 38 46 59
 25 26 34 36 37 38 46 57 58
 25 26 34 36 37 38 44 45 59
 25 26 34 36 37 38 44 45 57 58
 25 26 32 39 46 63
 25 26 32 39 46 61 63
 25 26 32 39 46 59 60 63
 25 26 32 39 46 59 60 61 62
 25 26 32 39 44 45 63
 25 26 32 39 44 45 61 63
 25 26 32 39 44 45 59 60 63
 25 26 32 39 44 45 59 60 61 62
 25 26 32 37 38 46 63
 25 26 32 37 38 46 61 63
 25 26 32 37 38 46 59 60 63
 25 26 32 37 38 46 59 60 61 62
 25 26 32 37 38 44 45 63
 25 26 32 37 38 44 45 61 63
 25 26 32 37 38 44 45 59 60 63
 25 26 32 37 38 44 45 59 60 61 62
 25 26 32 36 39 46
 25 26 32 36 39 46 61
 25 26 32 36 39 46 59 60
 25 26 32 36 39 44 45
 25 26 32 36 39 44 45 61
 25 26 32 36 39 44 45 59 60
 25 26 32 36 37 38 46
 25 26 32 36 37 38 46 61
 25 26 32 36 37 38 46 59 60
 25 26 32 36 37 38 44 45
 25 26 32 36 37 38 44 45 61
 25 26 32 36 37 38 44 45 59 60
 25 26 32 34 39 46 63
 25 26 32 34 39 46 61 62
 25 26 32 34 39 44 45 63
 25 26 32 34 39 44 45 61 62
 25 26 32 34 37 38 46 63
 25 26 32 34 37 38 46 61 62
 25 26 32 34 37 38 44 45 63
 25 26 32 34 37 38 44 45 61 62
 25 26 32 34 36 39 46
 25 26 32 34 36 39 44 45
 25 26 32 34 36 37 38 46
 25 26 32 34 36 37 38 44 45
 21 62 72
 21 62 72 78 79
 21 62 70 71
 21 62 70 71 78 79
 21 54 62 72
 21 54 62 70 71
 21 53 62 72
 21 53 62 70 71
 21 52 53 62 72
 21 52 53 62 70 71
 21 45 62
 21 45 62 78 79
 21 45 54 62
 21 45 53 62
 21 45 52 53 62
 21 39 62 72
 21 39 62 72 78 79
 21 39 62 70 71
 21 39 62 70 71 78 79
 21 39 54 62 72
 21 39 54 62 70 71
 21 39 53 62 72
 21 39 53 62 70 71
 21 39 52 53 62 72
 21 39 52 53 62 70 71
 21 39 45 62
 21 39 45 62 78 79
 21 39 45 54 62
 21 39 45 53 62
 21 39 45 52 53 62
 21 37 38 62 72
 21 37 38 62 72 78 79
 21 37 38 62 70 71
 21 37 38 62 70 71 78 79
 21 37 38 54 62 72
 21 37 38 54 62 70 71
 21 37 38 53 62 72
 21 37 38 53 62 70 71
 21 37 38 52 53 62 72
 21 37 38 52 53 62 70 71
 21 37 38 45 62
 21 37 38 45 62 78 79
 21 37 38 45 54 62
 21 37 38 45 53 62
 21 37 38 45 52 53 62
 21 27 62 72
 21 27 62 70 71
 21 27 45 62
 21 27 39 62 72
 21 27 39 62 70 71
 21 27 39 45 62
 21 27 37 38 62 72
 21 27 37 38 62 70 71
 21 27 37 38 45 62
 19 63
 19 61 62
 19 58 63
 19 58 62 72
 19 58 62 70 71
 19 58 61 62
 19 54 62 72
 19 54 62 70 71
 19 52 53 62 72
 19 52 53 62 70 71
 19 45 58 62
 19 45 54 62
 19 45 52 53 62
 19 39 63 74
 19 39 63 72 73
 19 39 61 62 74
 19 39 61 62 72 73
 19 39 59 63
 19 39 59 61 63
 19 39 59 60 63
 19 39 59 60 61 62
 19 39 57 58 63
 19 39 57 58 61 63
 19 39 57 58 59 60 63
 19 39 57 58 59 60 61 62
 19 39 47 63
 19 39 47 61 62
 19 37 38 63 74
 19 37 38 63 72 73
 19 37 38 61 62 74
 19 37 38 61 62 72 73
 19 37 38 59 63
 19 37 38 59 61 63
 19 37 38 59 60 63
 19 37 38 59 60 61 62
 19 37 38 57 58 63
 19 37 38 57 58 61 63
 19 37 38 57 58 59 60 63
 19 37 38 57 58 59 60 61 62
 19 37 38 47 63
 19 37 38 47 61 62
 19 36
 19 36 58
 19 36 39 74
 19 36 39 72 73
 19 36 39 59
 19 36 39 59 61
 19 36 39 59 60
 19 36 39 57 58
 19 36 39 57 58 61
 19 36 39 57 58 59 60
 19 36 39 47
 19 36 37 38 74
 19 36 37 38 72 73
 19 36 37 38 59
 19 36 37 38 59 61
 19 36 37 38 59 60
 19 36 37 38 57 58
 19 36 37 38 57 58 61
 19 36 37 38 57 58 59 60
 19 36 37 38 47
 19 34 39 59 63
 19 34 39 59 61 62
 19 34 39 57 58 63
 19 34 39 57 58 61 62
 19 34 37 38 59 63
 19 34 37 38 59 61 62
 19 34 37 38 57 58 63
 19 34 37 38 57 58 61 62
 19 34 36 39 59
 19 34 36 39 57 58
 19 34 36 37 38 59
 19 34 36 37 38 57 58
 19 32 39 63
 19 32 39 61 63
 19 32 39 59 60 63
 19 32 39 59 60 61 62
 19 32 37 38 63
 19 32 37 38 61 63
 19 32 37 38 59 60 63
 19 32 37 38 59 60 61 62
 19 32 36 39
 19 32 36 39 61
 19 32 36 39 59 60
 19 32 36 37 38
 19 32 36 37 38 61
 19 32 36 37 38 59 60
 19 32 34 39 63
 19 32 34 39 61 62
 19 32 34 37 38 63
 19 32 34 37 38 61 62
 19 32 34 36 39
 19 32 34 36 37 38
 19 27 63
 19 27 62 72
 19 27 62 70 71
 19 27 61 62
 19 27 45 62
 19 27 39 63 74
 19 27 39 63 72 73
 19 27 39 61 62 74
 19 27 39 61 62 72 73
 19 27 39 59 63
 19 27 39 59 61 63
 19 27 39 59 60 63
 19 27 39 59 60 61 62
 19 27 39 57 58 63
 19 27 39 57 58 61 63
 19 27 39 57 58 59 60 63
 19 27 39 57 58 59 60 61 62
 19 27 39 47 63
 19 27 39 47 61 62
 19 27 37 38 63 74
 19 27 37 38 63 72 73
 19 27 37 38 61 62 74
 19 27 37 38 61 62 72 73
 19 27 37 38 59 63
 19 27 37 38 59 61 63
 19 27 37 38 59 60 63
 19 27 37 38 59 60 61 62
 19 27 37 38 57 58 63
 19 27 37 38 57 58 61 63
 19 27 37 38 57 58 59 60 63
 19 27 37 38 57 58 59 60 61 62
 19 27 37 38 47 63
 19 27 37 38 47 61 62
 19 27 36
 19 27 36 39 74
 19 27 36 39 72 73
 19 27 36 39 59
 19 27 36 39 59 61
 19 27 36 39 59 60
 19 27 36 39 57 58
 19 27 36 39 57 58 61
 19 27 36 39 57 58 59 60
 19 27 36 39 47
 19 27 36 37 38 74
 19 27 36 37 38 72 73
 19 27 36 37 38 59
 19 27 36 37 38 59 61
 19 27 36 37 38 59 60
 19 27 36 37 38 57 58
 19 27 36 37 38 57 58 61
 19 27 36 37 38 57 58 59 60
 19 27 36 37 38 47
 19 27 34 39 59 63
 19 27 34 39 59 61 62
 19 27 34 39 57 58 63
 19 27 34 39 57 58 61 62
 19 27 34 37 38 59 63
 19 27 34 37 38 59 61 62
 19 27 34 37 38 57 58 63
 19 27 34 37 38 57 58 61 62
 19 27 34 36 39 59
 19 27 34 36 39 57 58
 19 27 34 36 37 38 59
 19 27 34 36 37 38 57 58
 19 27 32 39 63
 19 27 32 39 61 63
 19 27 32 39 59 60 63
 19 27 32 39 59 60 61 62
 19 27 32 37 38 63
 19 27 32 37 38 61 63
 19 27 32 37 38 59 60 63
 19 27 32 37 38 59 60 61 62
 19 27 32 36 39
 19 27 32 36 39 61
 19 27 32 36 39 59 60
 19 27 32 36 37 38
 19 27 32 36 37 38 61
 19 27 32 36 37 38 59 60
 19 27 32 34 39 63
 19 27 32 34 39 61 62
 19 27 32 34 37 38 63
 19 27 32 34 37 38 61 62
 19 27 32 34 36 39
 19 27 32 34 36 37 38
 19 25 26 63
 19 25 26 61 62
 19 25 26 39 63 74
 19 25 26 39 63 72 73
 19 25 26 39 61 62 74
 19 25 26 39 61 62 72 73
 19 25 26 39 59 63
 19 25 26 39 59 61 63
 19 25 26 39 59 60 63
 19 25 26 39 59 60 61 62
 19 25 26 39 57 58 63
 19 25 26 39 57 58 61 63
 19 25 26 39 57 58 59 60 63
 19 25 26 39 57 58 59 60 61 62
 19 25 26 39 47 63
 19 25 26 39 47 61 62
 19 25 26 37 38 63 74
 19 25 26 37 38 63 72 73
 19 25 26 37 38 61 62 74
 19 25 26 37 38 61 62 72 73
 19 25 26 37 38 59 63
 19 25 26 37 38 59 61 63
 19 25 26 37 38 59 60 63
 19 25 26 37 38 59 60 61 62
 19 25 26 37 38 57 58 63
 19 25 26 37 38 57 58 61 63
 19 25 26 37 38 57 58 59 60 63
 19 25 26 37 38 57 58 59 60 61 62
 19 25 26 37 38 47 63
 19 25 26 37 38 47 61 62
 19 25 26 36
 19 25 26 36 39 74
 19 25 26 36 39 72 73
 19 25 26 36 39 59
 19 25 26 36 39 59 61
 19 25 26 36 39 59 60
 19 25 26 36 39 57 58
 19 25 26 36 39 57 58 61
 19 25 26 36 39 57 58 59 60
 19 25 26 36 39 47
 19 25 26 36 37 38 74
 19 25 26 36 37 38 72 73
 19 25 26 36 37 38 59
 19 25 26 36 37 38 59 61
 19 25 26 36 37 38 59 60
 19 25 26 36 37 38 57 58
 19 25 26 36 37 38 57 58 61
 19 25 26 36 37 38 57 58 59 60
 19 25 26 36 37 38 47
 19 25 26 34 39 59 63
 19 25 26 34 39 59 61 62
 19 25 26 34 39 57 58 63
 19 25 26 34 39 57 58 61 62
 19 25 26 34 37 38 59 63
 19 25 26 34 37 38 59 61 62
 19 25 26 34 37 38 57 58 63
 19 25 26 34 37 38 57 58 61 62
 19 25 26 34 36 39 59
 19 25 26 34 36 39 57 58
 19 25 26 34 36 37 38 59
 19 25 26 34 36 37 38 57 58
 19 25 26 32 39 63
 19 25 26 32 39 61 63
 19 25 26 32 39 59 60 63
 19 25 26 32 39 59 60 61 62
 19 25 26 32 37 38 63
 19 25 26 32 37 38 61 63
 19 25 26 32 37 38 59 60 63
 19 25 26 32 37 38 59 60 61 62
 19 25 26 32 36 39
 19 25 26 32 36 39 61
 19 25 26 32 36 39 59 60
 19 25 26 32 36 37 38
 19 25 26 32 36 37 38 61
 19 25 26 32 36 37 38 59 60
 19 25 26 32 34 39 63
 19 25 26 32 34 39 61 62
 19 25 26 32 34 37 38 63
 19 25 26 32 34 37 38 61 62
 19 25 26 32 34 36 39
 19 25 26 32 34 36 37 38
 12 48 62 72
 12 48 62 72 78 79
 12 48 62 70 71
 12 48 62 70 71 78 79
 12 48 54 62 72
 12 48 54 62 70 71
 12 48 53 62 72
 12 48 53 62 70 71
 12 48 52 53 62 72
 12 48 52 53 62 70 71
 12 46 63 74
 12 46 63 72 73
 12 46 61 62 74
 12 46 61 62 72 73
 12 46 59 63
 12 46 59 61 63
 12 46 59 60 63
 12 46 59 60 61 62
 12 46 57 58 63
 12 46 57 58 61 63
 12 46 57 58 59 60 63
 12 46 57 58 59 60 61 62
 12 46 47 63
 12 46 47 62 72
 12 46 47 62 72 78 79
 12 46 47 62 70 71
 12 46 47 62 70 71 78 79
 12 46 47 61 62
 12 46 47 54 62 72
 12 46 47 54 62 70 71
 12 46 47 53 62 72
 12 46 47 53 62 70 71
 12 46 47 52 53 62 72
 12 46 47 52 53 62 70 71
 12 45 48 62
 12 45 48 62 78 79
 12 45 48 54 62
 12 45 48 53 62
 12 45 48 52 53 62
 12 45 46 47 62
 12 45 46 47 62 78 79
 12 45 46 47 54 62
 12 45 46 47 53 62
 12 45 46 47 52 53 62
 12 44 45 63 74
 12 44 45 63 72 73
 12 44 45 61 62 74
 12 44 45 61 62 72 73
 12 44 45 59 63
 12 44 45 59 61 63
 12 44 45 59 60 63
 12 44 45 59 60 61 62
 12 44 45 57 58 63
 12 44 45 57 58 61 63
 12 44 45 57 58 59 60 63
 12 44 45 57 58 59 60 61 62
 12 44 45 47 63
 12 44 45 47 61 62
 12 36 46 74
 12 36 46 72 73
 12 36 46 59
 12 36 46 59 61
 12 36 46 59 60
 12 36 46 57 58
 12 36 46 57 58 61
 12 36 46 57 58 59 60
 12 36 46 47
 12 36 44 45 74
 12 36 44 45 72 73
 12 36 44 45 59
 12 36 44 45 59 61
 12 36 44 45 59 60
 12 36 44 45 57 58
 12 36 44 45 57 58 61
 12 36 44 45 57 58 59 60
 12 36 44 45 47
 12 34 46 59 63
 12 34 46 59 61 62
 12 34 46 57 58 63
 12 34 46 57 58 61 62
 12 34 44 45 59 63
 12 34 44 45 59 61 62
 12 34 44 45 57 58 63
 12 34 44 45 57 58 61 62
 12 34 36 46 59
 12 34 36 46 57 58
 12 34 36 44 45 59
 12 34 36 44 45 57 58
 12 32 46 63
 12 32 46 61 63
 12 32 46 59 60 63
 12 32 46 59 60 61 62
 12 32 44 45 63
 12 32 44 45 61 63
 12 32 44 45 59 60 63
 12 32 44 45 59 60 61 62
 12 32 36 46
 12 32 36 46 61
 12 32 36 46 59 60
 12 32 36 44 45
 12 32 36 44 45 61
 12 32 36 44 45 59 60
 12 32 34 46 63
 12 32 34 46 61 62
 12 32 34 44 45 63
 12 32 34 44 45 61 62
 12 32 34 36 46
 12 32 34 36 44 45
 12 27 48 62 72
 12 27 48 62 70 71
 12 27 46 63 74
 12 27 46 63 72 73
 12 27 46 61 62 74
 12 27 46 61 62 72 73
 12 27 46 59 63
 12 27 46 59 61 63
 12 27 46 59 60 63
 12 27 46 59 60 61 62
 12 27 46 57 58 63
 12 27 46 57 58 61 63
 12 27 46 57 58 59 60 63
 12 27 46 57 58 59 60 61 62
 12 27 46 47 63
 12 27 46 47 62 72
 12 27 46 47 62 70 71
 12 27 46 47 61 62
 12 27 45 48 62
 12 27 45 46 47 62
 12 27 44 45 63 74
 12 27 44 45 63 72 73
 12 27 44 45 61 62 74
 12 27 44 45 61 62 72 73
 12 27 44 45 59 63
 12 27 44 45 59 61 63
 12 27 44 45 59 60 63
 12 27 44 45 59 60 61 62
 12 27 44 45 57 58 63
 12 27 44 45 57 58 61 63
 12 27 44 45 57 58 59 60 63
 12 27 44 45 57 58 59 60 61 62
 12 27 44 45 47 63
 12 27 44 45 47 61 62
 12 27 36 46 74
 12 27 36 46 72 73
 12 27 36 46 59
 12 27 36 46 59 61
 12 27 36 46 59 60
 12 27 36 46 57 58
 12 27 36 46 57 58 61
 12 27 36 46 57 58 59 60
 12 27 36 46 47
 12 27 36 44 45 74
 12 27 36 44 45 72 73
 12 27 36 44 45 59
 12 27 36 44 45 59 61
 12 27 36 44 45 59 60
 12 27 36 44 45 57 58
 12 27 36 44 45 57 58 61
 12 27 36 44 45 57 58 59 60
 12 27 36 44 45 47
 12 27 34 46 59 63
 12 27 34 46 59 61 62
 12 27 34 46 57 58 63
 12 27 34 46 57 58 61 62
 12 27 34 44 45 59 63
 12 27 34 44 45 59 61 62
 12 27 34 44 45 57 58 63
 12 27 34 44 45 57 58 61 62
 12 27 34 36 46 59
 12 27 34 36 46 57 58
 12 27 34 36 44 45 59
 12 27 34 36 44 45 57 58
 12 27 32 46 63
 12 27 32 46 61 63
 12 27 32 46 59 60 63
 12 27 32 46 59 60 61 62
 12 27 32 44 45 63
 12 27 32 44 45 61 63
 12 27 32 44 45 59 60 63
 12 27 32 44 45 59 60 61 62
 12 27 32 36 46
 12 27 32 36 46 61
 12 27 32 36 46 59 60
 12 27 32 36 44 45
 12 27 32 36 44 45 61
 12 27 32 36 44 45 59 60
 12 27 32 34 46 63
 12 27 32 34 46 61 62
 12 27 32 34 44 45 63
 12 27 32 34 44 45 61 62
 12 27 32 34 36 46
 12 27 32 34 36 44 45
 12 25 26 46 63 74
 12 25 26 46 63 72 73
 12 25 26 46 61 62 74
 12 25 26 46 61 62 72 73
 12 25 26 46 59 63
 12 25 26 46 59 61 63
 12 25 26 46 59 60 63
 12 25 26 46 59 60 61 62
 12 25 26 46 57 58 63
 12 25 26 46 57 58 61 63
 12 25 26 46 57 58 59 60 63
 12 25 26 46 57 58 59 60 61 62
 12 25 26 46 47 63
 12 25 26 46 47 61 62
 12 25 26 44 45 63 74
 12 25 26 44 45 63 72 73
 12 25 26 44 45 61 62 74
 12 25 26 44 45 61 62 72 73
 12 25 26 44 45 59 63
 12 25 26 44 45 59 61 63
 12 25 26 44 45 59 60 63
 12 25 26 44 45 59 60 61 62
 12 25 26 44 45 57 58 63
 12 25 26 44 45 57 58 61 63
 12 25 26 44 45 57 58 59 60 63
 12 25 26 44 45 57 58 59 60 61 62
 12 25 26 44 45 47 63
 12 25 26 44 45 47 61 62
 12 25 26 36 46 74
 12 25 26 36 46 72 73
 12 25 26 36 46 59
 12 25 26 36 46 59 61
 12 25 26 36 46 59 60
 12 25 26 36 46 57 58
 12 25 26 36 46 57 58 61
 12 25 26 36 46 57 58 59 60
 12 25 26 36 46 47
 12 25 26 36 44 45 74
 12 25 26 36 44 45 72 73
 12 25 26 36 44 45 59
 12 25 26 36 44 45 59 61
 12 25 26 36 44 45 59 60
 12 25 26 36 44 45 57 58
 12 25 26 36 44 45 57 58 61
 12 25 26 36 44 45 57 58 59 60
 12 25 26 36 44 45 47
 12 25 26 34 46 59 63
 12 25 26 34 46 59 61 62
 12 25 26 34 46 57 58 63
 12 25 26 34 46 57 58 61 62
 12 25 26 34 44 45 59 63
 12 25 26 34 44 45 59 61 62
 12 25 26 34 44 45 57 58 63
 12 25 26 34 44 45 57 58 61 62
 12 25 26 34 36 46 59
 12 25 26 34 36 46 57 58
 12 25 26 34 36 44 45 59
 12 25 26 34 36 44 45 57 58
 12 25 26 32 46 63
 12 25 26 32 46 61 63
 12 25 26 32 46 59 60 63
 12 25 26 32 46 59 60 61 62
 12 25 26 32 44 45 63
 12 25 26 32 44 45 61 63
 12 25 26 32 44 45 59 60 63
 12 25 26 32 44 45 59 60 61 62
 12 25 26 32 36 46
 12 25 26 32 36 46 61
 12 25 26 32 36 46 59 60
 12 25 26 32 36 44 45
 12 25 26 32 36 44 45 61
 12 25 26 32 36 44 45 59 60
 12 25 26 32 34 46 63
 12 25 26 32 34 46 61 62
 12 25 26 32 34 44 45 63
 12 25 26 32 34 44 45 61 62
 12 25 26 32 34 36 46
 12 25 26 32 34 36 44 45
 12 21 62 72
 12 21 62 72 78 79
 12 21 62 70 71
 12 21 62 70 71 78 79
 12 21 54 62 72
 12 21 54 62 70 71
 12 21 53 62 72
 12 21 53 62 70 71
 12 21 52 53 62 72
 12 21 52 53 62 70 71
 12 21 45 62
 12 21 45 62 78 79
 12 21 45 54 62
 12 21 45 53 62
 12 21 45 52 53 62
 12 21 27 62 72
 12 21 27 62 70 71
 12 21 27 45 62
 12 19 63 74
 12 19 63 72 73
 12 19 61 62 74
 12 19 61 62 72 73
 12 19 59 63
 12 19 59 61 63
 12 19 59 60 63
 12 19 59 60 61 62
 12 19 57 58 63
 12 19 57 58 61 63
 12 19 57 58 59 60 63
 12 19 57 58 59 60 61 62
 12 19 47 63
 12 19 47 61 62
 12 19 36 74
 12 19 36 72 73
 12 19 36 59
 12 19 36 59 61
 12 19 36 59 60
 12 19 36 57 58
 12 19 36 57 58 61
 12 19 36 57 58 59 60
 12 19 36 47
 12 19 34 59 63
 12 19 34 59 61 62
 12 19 34 57 58 63
 12 19 34 57 58 61 62
 12 19 34 36 59
 12 19 34 36 57 58
 12 19 32 63
 12 19 32 61 63
 12 19 32 59 60 63
 12 19 32 59 60 61 62
 12 19 32 36
 12 19 32 36 61
 12 19 32 36 59 60
 12 19 32 34 63
 12 19 32 34 61 62
 12 19 32 34 36
 12 19 27 63 74
 12 19 27 63 72 73
 12 19 27 61 62 74
 12 19 27 61 62 72 73
 12 19 27 59 63
 12 19 27 59 61 63
 12 19 27 59 60 63
 12 19 27 59 60 61 62
 12 19 27 57 58 63
 12 19 27 57 58 61 63
 12 19 27 57 58 59 60 63
 12 19 27 57 58 59 60 61 62
 12 19 27 47 63
 12 19 27 47 61 62
 12 19 27 36 74
 12 19 27 36 72 73
 12 19 27 36 59
 12 19 27 36 59 61
 12 19 27 36 59 60
 12 19 27 36 57 58
 12 19 27 36 57 58 61
 12 19 27 36 57 58 59 60
 12 19 27 36 47
 12 19 27 34 59 63
 12 19 27 34 59 61 62
 12 19 27 34 57 58 63
 12 19 27 34 57 58 61 62
 12 19 27 34 36 59
 12 19 27 34 36 57 58
 12 19 27 32 63
 12 19 27 32 61 63
 12 19 27 32 59 60 63
 12 19 27 32 59 60 61 62
 12 19 27 32 36
 12 19 27 32 36 61
 12 19 27 32 36 59 60
 12 19 27 32 34 63
 12 19 27 32 34 61 62
 12 19 27 32 34 36
 12 19 25 26 63 74
 12 19 25 26 63 72 73
 12 19 25 26 61 62 74
 12 19 25 26 61 62 72 73
 12 19 25 26 59 63
 12 19 25 26 59 61 63
 12 19 25 26 59 60 63
 12 19 25 26 59 60 61 62
 12 19 25 26 57 58 63
 12 19 25 26 57 58 61 63
 12 19 25 26 57 58 59 60 63
 12 19 25 26 57 58 59 60 61 62
 12 19 25 26 47 63
 12 19 25 26 47 61 62
 12 19 25 26 36 74
 12 19 25 26 36 72 73
 12 19 25 26 36 59
 12 19 25 26 36 59 61
 12 19 25 26 36 59 60
 12 19 25 26 36 57 58
 12 19 25 26 36 57 58 61
 12 19 25 26 36 57 58 59 60
 12 19 25 26 36 47
 12 19 25 26 34 59 63
 12 19 25 26 34 59 61 62
 12 19 25 26 34 57 58 63
 12 19 25 26 34 57 58 61 62
 12 19 25 26 34 36 59
 12 19 25 26 34 36 57 58
 12 19 25 26 32 63
 12 19 25 26 32 61 63
 12 19 25 26 32 59 60 63
 12 19 25 26 32 59 60 61 62
 12 19 25 26 32 36
 12 19 25 26 32 36 61
 12 19 25 26 32 36 59 60
 12 19 25 26 32 34 63
 12 19 25 26 32 34 61 62
 12 19 25 26 32 34 36
 0 46 63
 0 46 61 62
 0 44 45 63
 0 44 45 61 62
 0 39 46 63 74
 0 39 46 63 72 73
 0 39 46 61 62 74
 0 39 46 61 62 72 73
 0 39 46 59 63
 0 39 46 59 61 63
 0 39 46 59 60 63
 0 39 46 59 60 61 62
 0 39 46 57 58 63
 0 39 46 57 58 61 63
 0 39 46 57 58 59 60 63
 0 39 46 57 58 59 60 61 62
 0 39 46 47 63
 0 39 46 47 61 62
 0 39 44 45 63 74
 0 39 44 45 63 72 73
 0 39 44 45 61 62 74
 0 39 44 45 61 62 72 73
 0 39 44 45 59 63
 0 39 44 45 59 61 63
 0 39 44 45 59 60 63
 0 39 44 45 59 60 61 62
 0 39 44 45 57 58 63
 0 39 44 45 57 58 61 63
 0 39 44 45 57 58 59 60 63
 0 39 44 45 57 58 59 60 61 62
 0 39 44 45 47 63
 0 39 44 45 47 61 62
 0 37 38 46 63 74
 0 37 38 46 63 72 73
 0 37 38 46 61 62 74
 0 37 38 46 61 62 72 73
 0 37 38 46 59 63
 0 37 38 46 59 61 63
 0 37 38 46 59 60 63
 0 37 38 46 59 60 61 62
 0 37 38 46 57 58 63
 0 37 38 46 57 58 61 63
 0 37 38 46 57 58 59 60 63
 0 37 38 46 57 58 59 60 61 62
 0 37 38 46 47 63
 0 37 38 46 47 61 62
 0 37 38 44 45 63 74
 0 37 38 44 45 63 72 73
 0 37 38 44 45 61 62 74
 0 37 38 44 45 61 62 72 73
 0 37 38 44 45 59 63
 0 37 38 44 45 59 61 63
 0 37 38 44 45 59 60 63
 0 37 38 44 45 59 60 61 62
 0 37 38 44 45 57 58 63
 0 37 38 44 45 57 58 61 63
 0 37 38 44 45 57 58 59 60 63
 0 37 38 44 45 57 58 59 60 61 62
 0 37 38 44 45 47 63
 0 37 38 44 45 47 61 62
 0 36 46
 0 36 44 45
 0 36 39 46 74
 0 36 39 46 72 73
 0 36 39 46 59
 0 36 39 46 59 61
 0 36 39 46 59 60
 0 36 39 46 57 58
 0 36 39 46 57 58 61
 0 36 39 46 57 58 59 60
 0 36 39 46 47
 0 36 39 44 45 74
 0 36 39 44 45 72 73
 0 36 39 44 45 59
 0 36 39 44 45 59 61
 0 36 39 44 45 59 60
 0 36 39 44 45 57 58
 0 36 39 44 45 57 58 61
 0 36 39 44 45 57 58 59 60
 0 36 39 44 45 47
 0 36 37 38 46 74
 0 36 37 38 46 72 73
 0 36 37 38 46 59
 0 36 37 38 46 59 61
 0 36 37 38 46 59 60
 0 36 37 38 46 57 58
 0 36 37 38 46 57 58 61
 0 36 37 38 46 57 58 59 60
 0 36 37 38 46 47
 0 36 37 38 44 45 74
 0 36 37 38 44 45 72 73
 0 36 37 38 44 45 59
 0 36 37 38 44 45 59 61
 0 36 37 38 44 45 59 60
 0 36 37 38 44 45 57 58
 0 36 37 38 44 45 57 58 61
 0 36 37 38 44 45 57 58 59 60
 0 36 37 38 44 45 47
 0 34 39 46 59 63
 0 34 39 46 59 61 62
 0 34 39 46 57 58 63
 0 34 39 46 57 58 61 62
 0 34 39 44 45 59 63
 0 34 39 44 45 59 61 62
 0 34 39 44 45 57 58 63
 0 34 39 44 45 57 58 61 62
 0 34 37 38 46 59 63
 0 34 37 38 46 59 61 62
 0 34 37 38 46 57 58 63
 0 34 37 38 46 57 58 61 62
 0 34 37 38 44 45 59 63
 0 34 37 38 44 45 59 61 62
 0 34 37 38 44 45 57 58 63
 0 34 37 38 44 45 57 58 61 62
 0 34 36 39 46 59
 0 34 36 39 46 57 58
 0 34 36 39 44 45 59
 0 34 36 39 44 45 57 58
 0 34 36 37 38 46 59
 0 34 36 37 38 46 57 58
 0 34 36 37 38 44 45 59
 0 34 36 37 38 44 45 57 58
 0 32 39 46 63
 0 32 39 46 61 63
 0 32 39 46 59 60 63
 0 32 39 46 59 60 61 62
 0 32 39 44 45 63
 0 32 39 44 45 61 63
 0 32 39 44 45 59 60 63
 0 32 39 44 45 59 60 61 62
 0 32 37 38 46 63
 0 32 37 38 46 61 63
 0 32 37 38 46 59 60 63
 0 32 37 38 46 59 60 61 62
 0 32 37 38 44 45 63
 0 32 37 38 44 45 61 63
 0 32 37 38 44 45 59 60 63
 0 32 37 38 44 45 59 60 61 62
 0 32 36 39 46
 0 32 36 39 46 61
 0 32 36 39 46 59 60
 0 32 36 39 44 45
 0 32 36 39 44 45 61
 0 32 36 39 44 45 59 60
 0 32 36 37 38 46
 0 32 36 37 38 46 61
 0 32 36 37 38 46 59 60
 0 32 36 37 38 44 45
 0 32 36 37 38 44 45 61
 0 32 36 37 38 44 45 59 60
 0 32 34 39 46 63
 0 32 34 39 46 61 62
 0 32 34 39 44 45 63
 0 32 34 39 44 45 61 62
 0 32 34 37 38 46 63
 0 32 34 37 38 46 61 62
 0 32 34 37 38 44 45 63
 0 32 34 37 38 44 45 61 62
 0 32 34 36 39 46
 0 32 34 36 39 44 45
 0 32 34 36 37 38 46
 0 32 34 36 37 38 44 45
 0 19 63
 0 19 61 62
 0 19 39 63 74
 0 19 39 63 72 73
 0 19 39 61 62 74
 0 19 39 61 62 72 73
 0 19 39 59 63
 0 19 39 59 61 63
 0 19 39 59 60 63
 0 19 39 59 60 61 62
 0 19 39 57 58 63
 0 19 39 57 58 61 63
 0 19 39 57 58 59 60 63
 0 19 39 57 58 59 60 61 62
 0 19 39 47 63
 0 19 39 47 61 62
 0 19 37 38 63 74
 0 19 37 38 63 72 73
 0 19 37 38 61 62 74
 0 19 37 38 61 62 72 73
 0 19 37 38 59 63
 0 19 37 38 59 61 63
 0 19 37 38 59 60 63
 0 19 37 38 59 60 61 62
 0 19 37 38 57 58 63
 0 19 37 38 57 58 61 63
 0 19 37 38 57 58 59 60 63
 0 19 37 38 57 58 59 60 61 62
 0 19 37 38 47 63
 0 19 37 38 47 61 62
 0 19 36
 0 19 36 39 74
 0 19 36 39 72 73
 0 19 36 39 59
 0 19 36 39 59 61
 0 19 36 39 59 60
 0 19 36 39 57 58
 0 19 36 39 57 58 61
 0 19 36 39 57 58 59 60
 0 19 36 39 47
 0 19 36 37 38 74
 0 19 36 37 38 72 73
 0 19 36 37 38 59
 0 19 36 37 38 59 61
 0 19 36 37 38 59 60
 0 19 36 37 38 57 58
 0 19 36 37 38 57 58 61
 0 19 36 37 38 57 58 59 60
 0 19 36 37 38 47
 0 19 34 39 59 63
 0 19 34 39 59 61 62
 0 19 34 39 57 58 63
 0 19 34 39 57 58 61 62
 0 19 34 37 38 59 63
 0 19 34 37 38 59 61 62
 0 19 34 37 38 57 58 63
 0 19 34 37 38 57 58 61 62
 0 19 34 36 39 59
 0 19 34 36 39 57 58
 0 19 34 36 37 38 59
 0 19 34 36 37 38 57 58
 0 19 32 39 63
 0 19 32 39 61 63
 0 19 32 39 59 60 63
 0 19 32 39 59 60 61 62
 0 19 32 37 38 63
 0 19 32 37 38 61 63
 0 19 32 37 38 59 60 63
 0 19 32 37 38 59 60 61 62
 0 19 32 36 39
 0 19 32 36 39 61
 0 19 32 36 39 59 60
 0 19 32 36 37 38
 0 19 32 36 37 38 61
 0 19 32 36 37 38 59 60
 0 19 32 34 39 63
 0 19 32 34 39 61 62
 0 19 32 34 37 38 63
 0 19 32 34 37 38 61 62
 0 19 32 34 36 39
 0 19 32 34 36 37 38
 0 12 46 63 74
 0 12 46 63 72 73
 0 12 46 61 62 74
 0 12 46 61 62 72 73
 0 12 46 59 63
 0 12 46 59 61 63
 0 12 46 59 60 63
 0 12 46 59 60 61 62
 0 12 46 57 58 63
 0 12 46 57 58 61 63
 0 12 46 57 58 59 60 63
 0 12 46 57 58 59 60 61 62
 0 12 46 47 63
 0 12 46 47 61 62
 0 12 44 45 63 74
 0 12 44 45 63 72 73
 0 12 44 45 61 62 74
 0 12 44 45 61 62 72 73
 0 12 44 45 59 63
 0 12 44 45 59 61 63
 0 12 44 45 59 60 63
 0 12 44 45 59 60 61 62
 0 12 44 45 57 58 63
 0 12 44 45 57 58 61 63
 0 12 44 45 57 58 59 60 63
 0 12 44 45 57 58 59 60 61 62
 0 12 44 45 47 63
 0 12 44 45 47 61 62
 0 12 36 46 74
 0 12 36 46 72 73
 0 12 36 46 59
 0 12 36 46 59 61
 0 12 36 46 59 60
 0 12 36 46 57 58
 0 12 36 46 57 58 61
 0 12 36 46 57 58 59 60
 0 12 36 46 47
 0 12 36 44 45 74
 0 12 36 44 45 72 73
 0 12 36 44 45 59
 0 12 36 44 45 59 61
 0 12 36 44 45 59 60
 0 12 36 44 45 57 58
 0 12 36 44 45 57 58 61
 0 12 36 44 45 57 58 59 60
 0 12 36 44 45 47
 0 12 34 46 59 63
 0 12 34 46 59 61 62
 0 12 34 46 57 58 63
 0 12 34 46 57 58 61 62
 0 12 34 44 45 59 63
 0 12 34 44 45 59 61 62
 0 12 34 44 45 57 58 63
 0 12 34 44 45 57 58 61 62
 0 12 34 36 46 59
 0 12 34 36 46 57 58
 0 12 34 36 44 45 59
 0 12 34 36 44 45 57 58
 0 12 32 46 63
 0 12 32 46 61 63
 0 12 32 46 59 60 63
 0 12 32 46 59 60 61 62
 0 12 32 44 45 63
 0 12 32 44 45 61 63
 0 12 32 44 45 59 60 63
 0 12 32 44 45 59 60 61 62
 0 12 32 36 46
 0 12 32 36 46 61
 0 12 32 36 46 59 60
 0 12 32 36 44 45
 0 12 32 36 44 45 61
 0 12 32 36 44 45 59 60
 0 12 32 34 46 63
 0 12 32 34 46 61 62
 0 12 32 34 44 45 63
 0 12 32 34 44 45 61 62
 0 12 32 34 36 46
 0 12 32 34 36 44 45
 0 12 19 63 74
 0 12 19 63 72 73
 0 12 19 61 62 74
 0 12 19 61 62 72 73
 0 12 19 59 63
 0 12 19 59 61 63
 0 12 19 59 60 63
 0 12 19 59 60 61 62
 0 12 19 57 58 63
 0 12 19 57 58 61 63
 0 12 19 57 58 59 60 63
 0 12 19 57 58 59 60 61 62
 0 12 19 47 63
 0 12 19 47 61 62
 0 12 19 36 74
 0 12 19 36 72 73
 0 12 19 36 59
 0 12 19 36 59 61
 0 12 19 36 59 60
 0 12 19 36 57 58
 0 12 19 36 57 58 61
 0 12 19 36 57 58 59 60
 0 12 19 36 47
 0 12 19 34 59 63
 0 12 19 34 59 61 62
 0 12 19 34 57 58 63
 0 12 19 34 57 58 61 62
 0 12 19 34 36 59
 0 12 19 34 36 57 58
 0 12 19 32 63
 0 12 19 32 61 63
 0 12 19 32 59 60 63
 0 12 19 32 59 60 61 62
 0 12 19 32 36
 0 12 19 32 36 61
 0 12 19 32 36 59 60
 0 12 19 32 34 63
 0 12 19 32 34 61 62
 0 12 19 32 34 36
