 46 60 68 77
 46 60 68 75 76
 46 60 68 71 77
 46 60 68 71 75 76
 46 60 68 69 70 77
 46 60 68 69 70 75 76
 46 59 60 68 77
 46 59 60 68 75 76
 46 58 68 77
 46 58 68 75 76
 46 58 60 68 77
 46 58 60 68 75 76
 46 57 58 60 68 77
 46 57 58 60 68 75 76
 46 50 60 68
 46 50 60 68 71
 46 50 60 68 69 70
 46 50 59 60 68
 46 50 58 68
 46 50 58 60 68
 46 50 57 58 60 68
 44 46 60 68 77
 44 46 60 68 75 76
 44 46 50 60 68
 44 45 60 68 71 77
 44 45 60 68 71 75 76
 44 45 60 68 69 70 77
 44 45 60 68 69 70 75 76
 44 45 59 60 68 77
 44 45 59 60 68 75 76
 44 45 58 68 77
 44 45 58 68 75 76
 44 45 58 60 68 77
 44 45 58 60 68 75 76
 44 45 57 58 60 68 77
 44 45 57 58 60 68 75 76
 44 45 50 60 68 71
 44 45 50 60 68 69 70
 44 45 50 59 60 68
 44 45 50 58 68
 44 45 50 58 60 68
 44 45 50 57 58 60 68
 33 46 59 63 68
 33 46 59 63 68 74
 33 46 59 63 68 72 73
 33 46 59 63 67 68
 33 46 59 63 65 66 68
 33 46 59 62 63 68
 33 46 59 61 62 68 74
 33 46 59 61 62 68 72 73
 33 46 59 61 62 67 68
 33 46 59 61 62 65 66 68
 33 46 59 60 63 68
 33 46 59 60 61 62 68
 33 46 57 59 63 67 68
 33 46 57 59 63 65 66 68
 33 46 57 59 61 62 67 68
 33 46 57 59 61 62 65 66 68
 33 46 57 58 63 68
 33 46 57 58 63 68 74
 33 46 57 58 63 68 72 73
 33 46 57 58 62 63 68
 33 46 57 58 61 62 68 74
 33 46 57 58 61 62 68 72 73
 33 46 57 58 60 63 68
 33 46 57 58 60 61 62 68
 33 46 55 56 59 63 67 68
 33 46 55 56 59 63 65 66 68
 33 46 55 56 59 61 62 67 68
 33 46 55 56 59 61 62 65 66 68
 33 46 55 56 57 58 63 67 68
 33 46 55 56 57 58 63 65 66 68
 33 46 55 56 57 58 61 62 67 68
 33 46 55 56 57 58 61 62 65 66 68
 33 46 47 59 63 68
 33 46 47 59 61 62 68
 33 46 47 57 58 63 68
 33 46 47 57 58 61 62 68
 33 44 45 59 63 68
 33 44 45 59 63 68 74
 33 44 45 59 63 68 72 73
 33 44 45 59 63 67 68
 33 44 45 59 63 65 66 68
 33 44 45 59 62 63 68
 33 44 45 59 61 62 68 74
 33 44 45 59 61 62 68 72 73
 33 44 45 59 61 62 67 68
 33 44 45 59 61 62 65 66 68
 33 44 45 59 60 63 68
 33 44 45 59 60 61 62 68
 33 44 45 57 59 63 67 68
 33 44 45 57 59 63 65 66 68
 33 44 45 57 59 61 62 67 68
 33 44 45 57 59 61 62 65 66 68
 33 44 45 57 58 63 68
 33 44 45 57 58 63 68 74
 33 44 45 57 58 63 68 72 73
 33 44 45 57 58 62 63 68
 33 44 45 57 58 61 62 68 74
 33 44 45 57 58 61 62 68 72 73
 33 44 45 57 58 60 63 68
 33 44 45 57 58 60 61 62 68
 33 44 45 55 56 59 63 67 68
 33 44 45 55 56 59 63 65 66 68
 33 44 45 55 56 59 61 62 67 68
 33 44 45 55 56 59 61 62 65 66 68
 33 44 45 55 56 57 58 63 67 68
 33 44 45 55 56 57 58 63 65 66 68
 33 44 45 55 56 57 58 61 62 67 68
 33 44 45 55 56 57 58 61 62 65 66 68
 33 44 45 47 59 63 68
 33 44 45 47 59 61 62 68
 33 44 45 47 57 58 63 68
 33 44 45 47 57 58 61 62 68
 33 40 46 59 63 68
 33 40 46 59 61 62 68
 33 40 46 57 59 63 68
 33 40 46 57 59 61 62 68
 33 40 46 55 56 59 63 68
 33 40 46 55 56 59 61 62 68
 33 40 46 55 56 57 58 63 68
 33 40 46 55 56 57 58 61 62 68
 33 40 44 45 59 63 68
 33 40 44 45 59 61 62 68
 33 40 44 45 57 59 63 68
 33 40 44 45 57 59 61 62 68
 33 40 44 45 55 56 59 63 68
 33 40 44 45 55 56 59 61 62 68
 33 40 44 45 55 56 57 58 63 68
 33 40 44 45 55 56 57 58 61 62 68
 33 36 46 59 68
 33 36 46 59 68 74
 33 36 46 59 68 72 73
 33 36 46 59 67 68
 33 36 46 59 65 66 68
 33 36 46 59 62 68
 33 36 46 59 60 68
 33 36 46 57 59 67 68
 33 36 46 57 59 65 66 68
 33 36 46 57 58 68
 33 36 46 57 58 68 74
 33 36 46 57 58 68 72 73
 33 36 46 57 58 62 68
 33 36 46 57 58 60 68
 33 36 46 55 56 59 67 68
 33 36 46 55 56 59 65 66 68
 33 36 46 55 56 57 58 67 68
 33 36 46 55 56 57 58 65 66 68
 33 36 46 47 59 68
 33 36 46 47 57 58 68
 33 36 44 45 59 68
 33 36 44 45 59 68 74
 33 36 44 45 59 68 72 73
 33 36 44 45 59 67 68
 33 36 44 45 59 65 66 68
 33 36 44 45 59 62 68
 33 36 44 45 59 60 68
 33 36 44 45 57 59 67 68
 33 36 44 45 57 59 65 66 68
 33 36 44 45 57 58 68
 33 36 44 45 57 58 68 74
 33 36 44 45 57 58 68 72 73
 33 36 44 45 57 58 62 68
 33 36 44 45 57 58 60 68
 33 36 44 45 55 56 59 67 68
 33 36 44 45 55 56 59 65 66 68
 33 36 44 45 55 56 57 58 67 68
 33 36 44 45 55 56 57 58 65 66 68
 33 36 44 45 47 59 68
 33 36 44 45 47 57 58 68
 33 36 40 46 59 68
 33 36 40 46 57 59 68
 33 36 40 46 55 56 59 68
 33 36 40 46 55 56 57 58 68
 33 36 40 44 45 59 68
 33 36 40 44 45 57 59 68
 33 36 40 44 45 55 56 59 68
 33 36 40 44 45 55 56 57 58 68
 32 33 46 63 68
 32 33 46 63 68 74
 32 33 46 63 68 72 73
 32 33 46 63 67 68
 32 33 46 63 65 66 68
 32 33 46 62 63 68
 32 33 46 61 62 68 74
 32 33 46 61 62 68 72 73
 32 33 46 61 62 67 68
 32 33 46 61 62 65 66 68
 32 33 46 60 63 68
 32 33 46 60 61 62 68
 32 33 46 57 63 67 68
 32 33 46 57 63 65 66 68
 32 33 46 57 61 62 67 68
 32 33 46 57 61 62 65 66 68
 32 33 46 55 56 63 67 68
 32 33 46 55 56 63 65 66 68
 32 33 46 55 56 61 62 67 68
 32 33 46 55 56 61 62 65 66 68
 32 33 46 47 63 68
 32 33 46 47 61 62 68
 32 33 44 45 63 68
 32 33 44 45 63 68 74
 32 33 44 45 63 68 72 73
 32 33 44 45 63 67 68
 32 33 44 45 63 65 66 68
 32 33 44 45 62 63 68
 32 33 44 45 61 62 68 74
 32 33 44 45 61 62 68 72 73
 32 33 44 45 61 62 67 68
 32 33 44 45 61 62 65 66 68
 32 33 44 45 60 63 68
 32 33 44 45 60 61 62 68
 32 33 44 45 57 63 67 68
 32 33 44 45 57 63 65 66 68
 32 33 44 45 57 61 62 67 68
 32 33 44 45 57 61 62 65 66 68
 32 33 44 45 55 56 63 67 68
 32 33 44 45 55 56 63 65 66 68
 32 33 44 45 55 56 61 62 67 68
 32 33 44 45 55 56 61 62 65 66 68
 32 33 44 45 47 63 68
 32 33 44 45 47 61 62 68
 32 33 40 46 63 68
 32 33 40 46 61 62 68
 32 33 40 46 57 63 68
 32 33 40 46 57 61 62 68
 32 33 40 46 55 56 63 68
 32 33 40 46 55 56 61 62 68
 32 33 40 44 45 63 68
 32 33 40 44 45 61 62 68
 32 33 40 44 45 57 63 68
 32 33 40 44 45 57 61 62 68
 32 33 40 44 45 55 56 63 68
 32 33 40 44 45 55 56 61 62 68
 32 33 36 46 68
 32 33 36 46 68 74
 32 33 36 46 68 72 73
 32 33 36 46 67 68
 32 33 36 46 65 66 68
 32 33 36 46 62 68
 32 33 36 46 60 68
 32 33 36 46 57 67 68
 32 33 36 46 57 65 66 68
 32 33 36 46 55 56 67 68
 32 33 36 46 55 56 65 66 68
 32 33 36 46 47 68
 32 33 36 44 45 68
 32 33 36 44 45 68 74
 32 33 36 44 45 68 72 73
 32 33 36 44 45 67 68
 32 33 36 44 45 65 66 68
 32 33 36 44 45 62 68
 32 33 36 44 45 60 68
 32 33 36 44 45 57 67 68
 32 33 36 44 45 57 65 66 68
 32 33 36 44 45 55 56 67 68
 32 33 36 44 45 55 56 65 66 68
 32 33 36 44 45 47 68
 32 33 36 40 46 68
 32 33 36 40 46 57 68
 32 33 36 40 46 55 56 68
 32 33 36 40 44 45 68
 32 33 36 40 44 45 57 68
 32 33 36 40 44 45 55 56 68
 31 32 46 63 68
 31 32 46 63 68 74
 31 32 46 63 68 72 73
 31 32 46 63 67 68
 31 32 46 63 65 66 68
 31 32 46 62 63 68
 31 32 46 61 62 68 74
 31 32 46 61 62 68 72 73
 31 32 46 61 62 67 68
 31 32 46 61 62 65 66 68
 31 32 46 60 63 68
 31 32 46 60 61 62 68
 31 32 46 59 63 68
 31 32 46 59 63 68 74
 31 32 46 59 63 68 72 73
 31 32 46 59 63 67 68
 31 32 46 59 63 65 66 68
 31 32 46 59 62 63 68
 31 32 46 59 61 62 68 74
 31 32 46 59 61 62 68 72 73
 31 32 46 59 61 62 67 68
 31 32 46 59 61 62 65 66 68
 31 32 46 59 60 63 68
 31 32 46 59 60 61 62 68
 31 32 46 57 63 67 68
 31 32 46 57 63 65 66 68
 31 32 46 57 61 62 67 68
 31 32 46 57 61 62 65 66 68
 31 32 46 57 59 63 67 68
 31 32 46 57 59 63 65 66 68
 31 32 46 57 59 61 62 67 68
 31 32 46 57 59 61 62 65 66 68
 31 32 46 57 58 63 68
 31 32 46 57 58 63 68 74
 31 32 46 57 58 63 68 72 73
 31 32 46 57 58 62 63 68
 31 32 46 57 58 61 62 68 74
 31 32 46 57 58 61 62 68 72 73
 31 32 46 57 58 60 63 68
 31 32 46 57 58 60 61 62 68
 31 32 46 55 56 63 67 68
 31 32 46 55 56 63 65 66 68
 31 32 46 55 56 61 62 67 68
 31 32 46 55 56 61 62 65 66 68
 31 32 46 55 56 59 63 67 68
 31 32 46 55 56 59 63 65 66 68
 31 32 46 55 56 59 61 62 67 68
 31 32 46 55 56 59 61 62 65 66 68
 31 32 46 55 56 57 58 63 67 68
 31 32 46 55 56 57 58 63 65 66 68
 31 32 46 55 56 57 58 61 62 67 68
 31 32 46 55 56 57 58 61 62 65 66 68
 31 32 46 47 63 68
 31 32 46 47 61 62 68
 31 32 46 47 59 63 68
 31 32 46 47 59 61 62 68
 31 32 46 47 57 58 63 68
 31 32 46 47 57 58 61 62 68
 31 32 44 45 63 68
 31 32 44 45 63 68 74
 31 32 44 45 63 68 72 73
 31 32 44 45 63 67 68
 31 32 44 45 63 65 66 68
 31 32 44 45 62 63 68
 31 32 44 45 61 62 68 74
 31 32 44 45 61 62 68 72 73
 31 32 44 45 61 62 67 68
 31 32 44 45 61 62 65 66 68
 31 32 44 45 60 63 68
 31 32 44 45 60 61 62 68
 31 32 44 45 59 63 68
 31 32 44 45 59 63 68 74
 31 32 44 45 59 63 68 72 73
 31 32 44 45 59 63 67 68
 31 32 44 45 59 63 65 66 68
 31 32 44 45 59 62 63 68
 31 32 44 45 59 61 62 68 74
 31 32 44 45 59 61 62 68 72 73
 31 32 44 45 59 61 62 67 68
 31 32 44 45 59 61 62 65 66 68
 31 32 44 45 59 60 63 68
 31 32 44 45 59 60 61 62 68
 31 32 44 45 57 63 67 68
 31 32 44 45 57 63 65 66 68
 31 32 44 45 57 61 62 67 68
 31 32 44 45 57 61 62 65 66 68
 31 32 44 45 57 59 63 67 68
 31 32 44 45 57 59 63 65 66 68
 31 32 44 45 57 59 61 62 67 68
 31 32 44 45 57 59 61 62 65 66 68
 31 32 44 45 57 58 63 68
 31 32 44 45 57 58 63 68 74
 31 32 44 45 57 58 63 68 72 73
 31 32 44 45 57 58 62 63 68
 31 32 44 45 57 58 61 62 68 74
 31 32 44 45 57 58 61 62 68 72 73
 31 32 44 45 57 58 60 63 68
 31 32 44 45 57 58 60 61 62 68
 31 32 44 45 55 56 63 67 68
 31 32 44 45 55 56 63 65 66 68
 31 32 44 45 55 56 61 62 67 68
 31 32 44 45 55 56 61 62 65 66 68
 31 32 44 45 55 56 59 63 67 68
 31 32 44 45 55 56 59 63 65 66 68
 31 32 44 45 55 56 59 61 62 67 68
 31 32 44 45 55 56 59 61 62 65 66 68
 31 32 44 45 55 56 57 58 63 67 68
 31 32 44 45 55 56 57 58 63 65 66 68
 31 32 44 45 55 56 57 58 61 62 67 68
 31 32 44 45 55 56 57 58 61 62 65 66 68
 31 32 44 45 47 63 68
 31 32 44 45 47 61 62 68
 31 32 44 45 47 59 63 68
 31 32 44 45 47 59 61 62 68
 31 32 44 45 47 57 58 63 68
 31 32 44 45 47 57 58 61 62 68
 31 32 40 46 63 68
 31 32 40 46 61 62 68
 31 32 40 46 59 63 68
 31 32 40 46 59 61 62 68
 31 32 40 46 57 63 68
 31 32 40 46 57 61 62 68
 31 32 40 46 57 59 63 68
 31 32 40 46 57 59 61 62 68
 31 32 40 46 55 56 63 68
 31 32 40 46 55 56 61 62 68
 31 32 40 46 55 56 59 63 68
 31 32 40 46 55 56 59 61 62 68
 31 32 40 46 55 56 57 58 63 68
 31 32 40 46 55 56 57 58 61 62 68
 31 32 40 44 45 63 68
 31 32 40 44 45 61 62 68
 31 32 40 44 45 59 63 68
 31 32 40 44 45 59 61 62 68
 31 32 40 44 45 57 63 68
 31 32 40 44 45 57 61 62 68
 31 32 40 44 45 57 59 63 68
 31 32 40 44 45 57 59 61 62 68
 31 32 40 44 45 55 56 63 68
 31 32 40 44 45 55 56 61 62 68
 31 32 40 44 45 55 56 59 63 68
 31 32 40 44 45 55 56 59 61 62 68
 31 32 40 44 45 55 56 57 58 63 68
 31 32 40 44 45 55 56 57 58 61 62 68
 31 32 36 46 68
 31 32 36 46 68 74
 31 32 36 46 68 72 73
 31 32 36 46 67 68
 31 32 36 46 65 66 68
 31 32 36 46 62 68
 31 32 36 46 60 68
 31 32 36 46 59 68
 31 32 36 46 59 68 74
 31 32 36 46 59 68 72 73
 31 32 36 46 59 67 68
 31 32 36 46 59 65 66 68
 31 32 36 46 59 62 68
 31 32 36 46 59 60 68
 31 32 36 46 57 67 68
 31 32 36 46 57 65 66 68
 31 32 36 46 57 59 67 68
 31 32 36 46 57 59 65 66 68
 31 32 36 46 57 58 68
 31 32 36 46 57 58 68 74
 31 32 36 46 57 58 68 72 73
 31 32 36 46 57 58 62 68
 31 32 36 46 57 58 60 68
 31 32 36 46 55 56 67 68
 31 32 36 46 55 56 65 66 68
 31 32 36 46 55 56 59 67 68
 31 32 36 46 55 56 59 65 66 68
 31 32 36 46 55 56 57 58 67 68
 31 32 36 46 55 56 57 58 65 66 68
 31 32 36 46 47 68
 31 32 36 46 47 59 68
 31 32 36 46 47 57 58 68
 31 32 36 44 45 68
 31 32 36 44 45 68 74
 31 32 36 44 45 68 72 73
 31 32 36 44 45 67 68
 31 32 36 44 45 65 66 68
 31 32 36 44 45 62 68
 31 32 36 44 45 60 68
 31 32 36 44 45 59 68
 31 32 36 44 45 59 68 74
 31 32 36 44 45 59 68 72 73
 31 32 36 44 45 59 67 68
 31 32 36 44 45 59 65 66 68
 31 32 36 44 45 59 62 68
 31 32 36 44 45 59 60 68
 31 32 36 44 45 57 67 68
 31 32 36 44 45 57 65 66 68
 31 32 36 44 45 57 59 67 68
 31 32 36 44 45 57 59 65 66 68
 31 32 36 44 45 57 58 68
 31 32 36 44 45 57 58 68 74
 31 32 36 44 45 57 58 68 72 73
 31 32 36 44 45 57 58 62 68
 31 32 36 44 45 57 58 60 68
 31 32 36 44 45 55 56 67 68
 31 32 36 44 45 55 56 65 66 68
 31 32 36 44 45 55 56 59 67 68
 31 32 36 44 45 55 56 59 65 66 68
 31 32 36 44 45 55 56 57 58 67 68
 31 32 36 44 45 55 56 57 58 65 66 68
 31 32 36 44 45 47 68
 31 32 36 44 45 47 59 68
 31 32 36 44 45 47 57 58 68
 31 32 36 40 46 68
 31 32 36 40 46 59 68
 31 32 36 40 46 57 68
 31 32 36 40 46 57 59 68
 31 32 36 40 46 55 56 68
 31 32 36 40 46 55 56 59 68
 31 32 36 40 46 55 56 57 58 68
 31 32 36 40 44 45 68
 31 32 36 40 44 45 59 68
 31 32 36 40 44 45 57 68
 31 32 36 40 44 45 57 59 68
 31 32 36 40 44 45 55 56 68
 31 32 36 40 44 45 55 56 59 68
 31 32 36 40 44 45 55 56 57 58 68
 30 33 46 59 63 67 68
 30 33 46 59 63 65 66 68
 30 33 46 59 61 62 67 68
 30 33 46 59 61 62 65 66 68
 30 33 46 57 58 63 67 68
 30 33 46 57 58 63 65 66 68
 30 33 46 57 58 61 62 67 68
 30 33 46 57 58 61 62 65 66 68
 30 33 44 45 59 63 67 68
 30 33 44 45 59 63 65 66 68
 30 33 44 45 59 61 62 67 68
 30 33 44 45 59 61 62 65 66 68
 30 33 44 45 57 58 63 67 68
 30 33 44 45 57 58 63 65 66 68
 30 33 44 45 57 58 61 62 67 68
 30 33 44 45 57 58 61 62 65 66 68
 30 33 40 46 59 63 68
 30 33 40 46 59 61 62 68
 30 33 40 46 57 58 63 68
 30 33 40 46 57 58 61 62 68
 30 33 40 44 45 59 63 68
 30 33 40 44 45 59 61 62 68
 30 33 40 44 45 57 58 63 68
 30 33 40 44 45 57 58 61 62 68
 30 33 36 46 59 67 68
 30 33 36 46 59 65 66 68
 30 33 36 46 57 58 67 68
 30 33 36 46 57 58 65 66 68
 30 33 36 44 45 59 67 68
 30 33 36 44 45 59 65 66 68
 30 33 36 44 45 57 58 67 68
 30 33 36 44 45 57 58 65 66 68
 30 33 36 40 46 59 68
 30 33 36 40 46 57 58 68
 30 33 36 40 44 45 59 68
 30 33 36 40 44 45 57 58 68
 30 32 33 46 63 67 68
 30 32 33 46 63 65 66 68
 30 32 33 46 61 62 67 68
 30 32 33 46 61 62 65 66 68
 30 32 33 44 45 63 67 68
 30 32 33 44 45 63 65 66 68
 30 32 33 44 45 61 62 67 68
 30 32 33 44 45 61 62 65 66 68
 30 32 33 40 46 63 68
 30 32 33 40 46 61 62 68
 30 32 33 40 44 45 63 68
 30 32 33 40 44 45 61 62 68
 30 32 33 36 46 67 68
 30 32 33 36 46 65 66 68
 30 32 33 36 44 45 67 68
 30 32 33 36 44 45 65 66 68
 30 32 33 36 40 46 68
 30 32 33 36 40 44 45 68
 30 31 32 46 63 67 68
 30 31 32 46 63 65 66 68
 30 31 32 46 61 62 67 68
 30 31 32 46 61 62 65 66 68
 30 31 32 46 59 63 67 68
 30 31 32 46 59 63 65 66 68
 30 31 32 46 59 61 62 67 68
 30 31 32 46 59 61 62 65 66 68
 30 31 32 46 57 58 63 67 68
 30 31 32 46 57 58 63 65 66 68
 30 31 32 46 57 58 61 62 67 68
 30 31 32 46 57 58 61 62 65 66 68
 30 31 32 44 45 63 67 68
 30 31 32 44 45 63 65 66 68
 30 31 32 44 45 61 62 67 68
 30 31 32 44 45 61 62 65 66 68
 30 31 32 44 45 59 63 67 68
 30 31 32 44 45 59 63 65 66 68
 30 31 32 44 45 59 61 62 67 68
 30 31 32 44 45 59 61 62 65 66 68
 30 31 32 44 45 57 58 63 67 68
 30 31 32 44 45 57 58 63 65 66 68
 30 31 32 44 45 57 58 61 62 67 68
 30 31 32 44 45 57 58 61 62 65 66 68
 30 31 32 40 46 63 68
 30 31 32 40 46 61 62 68
 30 31 32 40 46 59 63 68
 30 31 32 40 46 59 61 62 68
 30 31 32 40 46 57 58 63 68
 30 31 32 40 46 57 58 61 62 68
 30 31 32 40 44 45 63 68
 30 31 32 40 44 45 61 62 68
 30 31 32 40 44 45 59 63 68
 30 31 32 40 44 45 59 61 62 68
 30 31 32 40 44 45 57 58 63 68
 30 31 32 40 44 45 57 58 61 62 68
 30 31 32 36 46 67 68
 30 31 32 36 46 65 66 68
 30 31 32 36 46 59 67 68
 30 31 32 36 46 59 65 66 68
 30 31 32 36 46 57 58 67 68
 30 31 32 36 46 57 58 65 66 68
 30 31 32 36 44 45 67 68
 30 31 32 36 44 45 65 66 68
 30 31 32 36 44 45 59 67 68
 30 31 32 36 44 45 59 65 66 68
 30 31 32 36 44 45 57 58 67 68
 30 31 32 36 44 45 57 58 65 66 68
 30 31 32 36 40 46 68
 30 31 32 36 40 46 59 68
 30 31 32 36 40 46 57 58 68
 30 31 32 36 40 44 45 68
 30 31 32 36 40 44 45 59 68
 30 31 32 36 40 44 45 57 58 68
 26 46 60 77
 26 46 60 75 76
 26 46 60 71 77
 26 46 60 71 75 76
 26 46 60 69 70 77
 26 46 60 69 70 75 76
 26 46 59 60 77
 26 46 59 60 75 76
 26 46 58 77
 26 46 58 75 76
 26 46 58 60 77
 26 46 58 60 75 76
 26 46 57 58 60 77
 26 46 57 58 60 75 76
 26 46 50 60
 26 46 50 60 71
 26 46 50 60 69 70
 26 46 50 59 60
 26 46 50 58
 26 46 50 58 60
 26 46 50 57 58 60
 26 44 46 60 77
 26 44 46 60 75 76
 26 44 46 50 60
 26 44 45 60 71 77
 26 44 45 60 71 75 76
 26 44 45 60 69 70 77
 26 44 45 60 69 70 75 76
 26 44 45 59 60 77
 26 44 45 59 60 75 76
 26 44 45 58 77
 26 44 45 58 75 76
 26 44 45 58 60 77
 26 44 45 58 60 75 76
 26 44 45 57 58 60 77
 26 44 45 57 58 60 75 76
 26 44 45 50 60 71
 26 44 45 50 60 69 70
 26 44 45 50 59 60
 26 44 45 50 58
 26 44 45 50 58 60
 26 44 45 50 57 58 60
 26 33 46 59 63
 26 33 46 59 63 74
 26 33 46 59 63 72 73
 26 33 46 59 63 67
 26 33 46 59 63 65 66
 26 33 46 59 62 63
 26 33 46 59 61 62 74
 26 33 46 59 61 62 72 73
 26 33 46 59 61 62 67
 26 33 46 59 61 62 65 66
 26 33 46 59 60 63
 26 33 46 59 60 61 62
 26 33 46 57 59 63 67
 26 33 46 57 59 63 65 66
 26 33 46 57 59 61 62 67
 26 33 46 57 59 61 62 65 66
 26 33 46 57 58 63
 26 33 46 57 58 63 74
 26 33 46 57 58 63 72 73
 26 33 46 57 58 62 63
 26 33 46 57 58 61 62 74
 26 33 46 57 58 61 62 72 73
 26 33 46 57 58 60 63
 26 33 46 57 58 60 61 62
 26 33 46 55 56 59 63 67
 26 33 46 55 56 59 63 65 66
 26 33 46 55 56 59 61 62 67
 26 33 46 55 56 59 61 62 65 66
 26 33 46 55 56 57 58 63 67
 26 33 46 55 56 57 58 63 65 66
 26 33 46 55 56 57 58 61 62 67
 26 33 46 55 56 57 58 61 62 65 66
 26 33 46 47 59 63
 26 33 46 47 59 61 62
 26 33 46 47 57 58 63
 26 33 46 47 57 58 61 62
 26 33 44 45 59 63
 26 33 44 45 59 63 74
 26 33 44 45 59 63 72 73
 26 33 44 45 59 63 67
 26 33 44 45 59 63 65 66
 26 33 44 45 59 62 63
 26 33 44 45 59 61 62 74
 26 33 44 45 59 61 62 72 73
 26 33 44 45 59 61 62 67
 26 33 44 45 59 61 62 65 66
 26 33 44 45 59 60 63
 26 33 44 45 59 60 61 62
 26 33 44 45 57 59 63 67
 26 33 44 45 57 59 63 65 66
 26 33 44 45 57 59 61 62 67
 26 33 44 45 57 59 61 62 65 66
 26 33 44 45 57 58 63
 26 33 44 45 57 58 63 74
 26 33 44 45 57 58 63 72 73
 26 33 44 45 57 58 62 63
 26 33 44 45 57 58 61 62 74
 26 33 44 45 57 58 61 62 72 73
 26 33 44 45 57 58 60 63
 26 33 44 45 57 58 60 61 62
 26 33 44 45 55 56 59 63 67
 26 33 44 45 55 56 59 63 65 66
 26 33 44 45 55 56 59 61 62 67
 26 33 44 45 55 56 59 61 62 65 66
 26 33 44 45 55 56 57 58 63 67
 26 33 44 45 55 56 57 58 63 65 66
 26 33 44 45 55 56 57 58 61 62 67
 26 33 44 45 55 56 57 58 61 62 65 66
 26 33 44 45 47 59 63
 26 33 44 45 47 59 61 62
 26 33 44 45 47 57 58 63
 26 33 44 45 47 57 58 61 62
 26 33 40 46 59 63
 26 33 40 46 59 61 62
 26 33 40 46 57 59 63
 26 33 40 46 57 59 61 62
 26 33 40 46 55 56 59 63
 26 33 40 46 55 56 59 61 62
 26 33 40 46 55 56 57 58 63
 26 33 40 46 55 56 57 58 61 62
 26 33 40 44 45 59 63
 26 33 40 44 45 59 61 62
 26 33 40 44 45 57 59 63
 26 33 40 44 45 57 59 61 62
 26 33 40 44 45 55 56 59 63
 26 33 40 44 45 55 56 59 61 62
 26 33 40 44 45 55 56 57 58 63
 26 33 40 44 45 55 56 57 58 61 62
 26 33 36 46 59
 26 33 36 46 59 74
 26 33 36 46 59 72 73
 26 33 36 46 59 67
 26 33 36 46 59 65 66
 26 33 36 46 59 62
 26 33 36 46 59 60
 26 33 36 46 57 59 67
 26 33 36 46 57 59 65 66
 26 33 36 46 57 58
 26 33 36 46 57 58 74
 26 33 36 46 57 58 72 73
 26 33 36 46 57 58 62
 26 33 36 46 57 58 60
 26 33 36 46 55 56 59 67
 26 33 36 46 55 56 59 65 66
 26 33 36 46 55 56 57 58 67
 26 33 36 46 55 56 57 58 65 66
 26 33 36 46 47 59
 26 33 36 46 47 57 58
 26 33 36 44 45 59
 26 33 36 44 45 59 74
 26 33 36 44 45 59 72 73
 26 33 36 44 45 59 67
 26 33 36 44 45 59 65 66
 26 33 36 44 45 59 62
 26 33 36 44 45 59 60
 26 33 36 44 45 57 59 67
 26 33 36 44 45 57 59 65 66
 26 33 36 44 45 57 58
 26 33 36 44 45 57 58 74
 26 33 36 44 45 57 58 72 73
 26 33 36 44 45 57 58 62
 26 33 36 44 45 57 58 60
 26 33 36 44 45 55 56 59 67
 26 33 36 44 45 55 56 59 65 66
 26 33 36 44 45 55 56 57 58 67
 26 33 36 44 45 55 56 57 58 65 66
 26 33 36 44 45 47 59
 26 33 36 44 45 47 57 58
 26 33 36 40 46 59
 26 33 36 40 46 57 59
 26 33 36 40 46 55 56 59
 26 33 36 40 46 55 56 57 58
 26 33 36 40 44 45 59
 26 33 36 40 44 45 57 59
 26 33 36 40 44 45 55 56 59
 26 33 36 40 44 45 55 56 57 58
 26 32 33 46 63
 26 32 33 46 63 74
 26 32 33 46 63 72 73
 26 32 33 46 63 67
 26 32 33 46 63 65 66
 26 32 33 46 62 63
 26 32 33 46 61 62 74
 26 32 33 46 61 62 72 73
 26 32 33 46 61 62 67
 26 32 33 46 61 62 65 66
 26 32 33 46 60 63
 26 32 33 46 60 61 62
 26 32 33 46 57 63 67
 26 32 33 46 57 63 65 66
 26 32 33 46 57 61 62 67
 26 32 33 46 57 61 62 65 66
 26 32 33 46 55 56 63 67
 26 32 33 46 55 56 63 65 66
 26 32 33 46 55 56 61 62 67
 26 32 33 46 55 56 61 62 65 66
 26 32 33 46 47 63
 26 32 33 46 47 61 62
 26 32 33 44 45 63
 26 32 33 44 45 63 74
 26 32 33 44 45 63 72 73
 26 32 33 44 45 63 67
 26 32 33 44 45 63 65 66
 26 32 33 44 45 62 63
 26 32 33 44 45 61 62 74
 26 32 33 44 45 61 62 72 73
 26 32 33 44 45 61 62 67
 26 32 33 44 45 61 62 65 66
 26 32 33 44 45 60 63
 26 32 33 44 45 60 61 62
 26 32 33 44 45 57 63 67
 26 32 33 44 45 57 63 65 66
 26 32 33 44 45 57 61 62 67
 26 32 33 44 45 57 61 62 65 66
 26 32 33 44 45 55 56 63 67
 26 32 33 44 45 55 56 63 65 66
 26 32 33 44 45 55 56 61 62 67
 26 32 33 44 45 55 56 61 62 65 66
 26 32 33 44 45 47 63
 26 32 33 44 45 47 61 62
 26 32 33 40 46 63
 26 32 33 40 46 61 62
 26 32 33 40 46 57 63
 26 32 33 40 46 57 61 62
 26 32 33 40 46 55 56 63
 26 32 33 40 46 55 56 61 62
 26 32 33 40 44 45 63
 26 32 33 40 44 45 61 62
 26 32 33 40 44 45 57 63
 26 32 33 40 44 45 57 61 62
 26 32 33 40 44 45 55 56 63
 26 32 33 40 44 45 55 56 61 62
 26 32 33 36 46
 26 32 33 36 46 74
 26 32 33 36 46 72 73
 26 32 33 36 46 67
 26 32 33 36 46 65 66
 26 32 33 36 46 62
 26 32 33 36 46 60
 26 32 33 36 46 57 67
 26 32 33 36 46 57 65 66
 26 32 33 36 46 55 56 67
 26 32 33 36 46 55 56 65 66
 26 32 33 36 46 47
 26 32 33 36 44 45
 26 32 33 36 44 45 74
 26 32 33 36 44 45 72 73
 26 32 33 36 44 45 67
 26 32 33 36 44 45 65 66
 26 32 33 36 44 45 62
 26 32 33 36 44 45 60
 26 32 33 36 44 45 57 67
 26 32 33 36 44 45 57 65 66
 26 32 33 36 44 45 55 56 67
 26 32 33 36 44 45 55 56 65 66
 26 32 33 36 44 45 47
 26 32 33 36 40 46
 26 32 33 36 40 46 57
 26 32 33 36 40 46 55 56
 26 32 33 36 40 44 45
 26 32 33 36 40 44 45 57
 26 32 33 36 40 44 45 55 56
 26 31 32 46 63
 26 31 32 46 63 74
 26 31 32 46 63 72 73
 26 31 32 46 63 67
 26 31 32 46 63 65 66
 26 31 32 46 62 63
 26 31 32 46 61 62 74
 26 31 32 46 61 62 72 73
 26 31 32 46 61 62 67
 26 31 32 46 61 62 65 66
 26 31 32 46 60 63
 26 31 32 46 60 61 62
 26 31 32 46 59 63
 26 31 32 46 59 63 74
 26 31 32 46 59 63 72 73
 26 31 32 46 59 63 67
 26 31 32 46 59 63 65 66
 26 31 32 46 59 62 63
 26 31 32 46 59 61 62 74
 26 31 32 46 59 61 62 72 73
 26 31 32 46 59 61 62 67
 26 31 32 46 59 61 62 65 66
 26 31 32 46 59 60 63
 26 31 32 46 59 60 61 62
 26 31 32 46 57 63 67
 26 31 32 46 57 63 65 66
 26 31 32 46 57 61 62 67
 26 31 32 46 57 61 62 65 66
 26 31 32 46 57 59 63 67
 26 31 32 46 57 59 63 65 66
 26 31 32 46 57 59 61 62 67
 26 31 32 46 57 59 61 62 65 66
 26 31 32 46 57 58 63
 26 31 32 46 57 58 63 74
 26 31 32 46 57 58 63 72 73
 26 31 32 46 57 58 62 63
 26 31 32 46 57 58 61 62 74
 26 31 32 46 57 58 61 62 72 73
 26 31 32 46 57 58 60 63
 26 31 32 46 57 58 60 61 62
 26 31 32 46 55 56 63 67
 26 31 32 46 55 56 63 65 66
 26 31 32 46 55 56 61 62 67
 26 31 32 46 55 56 61 62 65 66
 26 31 32 46 55 56 59 63 67
 26 31 32 46 55 56 59 63 65 66
 26 31 32 46 55 56 59 61 62 67
 26 31 32 46 55 56 59 61 62 65 66
 26 31 32 46 55 56 57 58 63 67
 26 31 32 46 55 56 57 58 63 65 66
 26 31 32 46 55 56 57 58 61 62 67
 26 31 32 46 55 56 57 58 61 62 65 66
 26 31 32 46 47 63
 26 31 32 46 47 61 62
 26 31 32 46 47 59 63
 26 31 32 46 47 59 61 62
 26 31 32 46 47 57 58 63
 26 31 32 46 47 57 58 61 62
 26 31 32 44 45 63
 26 31 32 44 45 63 74
 26 31 32 44 45 63 72 73
 26 31 32 44 45 63 67
 26 31 32 44 45 63 65 66
 26 31 32 44 45 62 63
 26 31 32 44 45 61 62 74
 26 31 32 44 45 61 62 72 73
 26 31 32 44 45 61 62 67
 26 31 32 44 45 61 62 65 66
 26 31 32 44 45 60 63
 26 31 32 44 45 60 61 62
 26 31 32 44 45 59 63
 26 31 32 44 45 59 63 74
 26 31 32 44 45 59 63 72 73
 26 31 32 44 45 59 63 67
 26 31 32 44 45 59 63 65 66
 26 31 32 44 45 59 62 63
 26 31 32 44 45 59 61 62 74
 26 31 32 44 45 59 61 62 72 73
 26 31 32 44 45 59 61 62 67
 26 31 32 44 45 59 61 62 65 66
 26 31 32 44 45 59 60 63
 26 31 32 44 45 59 60 61 62
 26 31 32 44 45 57 63 67
 26 31 32 44 45 57 63 65 66
 26 31 32 44 45 57 61 62 67
 26 31 32 44 45 57 61 62 65 66
 26 31 32 44 45 57 59 63 67
 26 31 32 44 45 57 59 63 65 66
 26 31 32 44 45 57 59 61 62 67
 26 31 32 44 45 57 59 61 62 65 66
 26 31 32 44 45 57 58 63
 26 31 32 44 45 57 58 63 74
 26 31 32 44 45 57 58 63 72 73
 26 31 32 44 45 57 58 62 63
 26 31 32 44 45 57 58 61 62 74
 26 31 32 44 45 57 58 61 62 72 73
 26 31 32 44 45 57 58 60 63
 26 31 32 44 45 57 58 60 61 62
 26 31 32 44 45 55 56 63 67
 26 31 32 44 45 55 56 63 65 66
 26 31 32 44 45 55 56 61 62 67
 26 31 32 44 45 55 56 61 62 65 66
 26 31 32 44 45 55 56 59 63 67
 26 31 32 44 45 55 56 59 63 65 66
 26 31 32 44 45 55 56 59 61 62 67
 26 31 32 44 45 55 56 59 61 62 65 66
 26 31 32 44 45 55 56 57 58 63 67
 26 31 32 44 45 55 56 57 58 63 65 66
 26 31 32 44 45 55 56 57 58 61 62 67
 26 31 32 44 45 55 56 57 58 61 62 65 66
 26 31 32 44 45 47 63
 26 31 32 44 45 47 61 62
 26 31 32 44 45 47 59 63
 26 31 32 44 45 47 59 61 62
 26 31 32 44 45 47 57 58 63
 26 31 32 44 45 47 57 58 61 62
 26 31 32 40 46 63
 26 31 32 40 46 61 62
 26 31 32 40 46 59 63
 26 31 32 40 46 59 61 62
 26 31 32 40 46 57 63
 26 31 32 40 46 57 61 62
 26 31 32 40 46 57 59 63
 26 31 32 40 46 57 59 61 62
 26 31 32 40 46 55 56 63
 26 31 32 40 46 55 56 61 62
 26 31 32 40 46 55 56 59 63
 26 31 32 40 46 55 56 59 61 62
 26 31 32 40 46 55 56 57 58 63
 26 31 32 40 46 55 56 57 58 61 62
 26 31 32 40 44 45 63
 26 31 32 40 44 45 61 62
 26 31 32 40 44 45 59 63
 26 31 32 40 44 45 59 61 62
 26 31 32 40 44 45 57 63
 26 31 32 40 44 45 57 61 62
 26 31 32 40 44 45 57 59 63
 26 31 32 40 44 45 57 59 61 62
 26 31 32 40 44 45 55 56 63
 26 31 32 40 44 45 55 56 61 62
 26 31 32 40 44 45 55 56 59 63
 26 31 32 40 44 45 55 56 59 61 62
 26 31 32 40 44 45 55 56 57 58 63
 26 31 32 40 44 45 55 56 57 58 61 62
 26 31 32 36 46
 26 31 32 36 46 74
 26 31 32 36 46 72 73
 26 31 32 36 46 67
 26 31 32 36 46 65 66
 26 31 32 36 46 62
 26 31 32 36 46 60
 26 31 32 36 46 59
 26 31 32 36 46 59 74
 26 31 32 36 46 59 72 73
 26 31 32 36 46 59 67
 26 31 32 36 46 59 65 66
 26 31 32 36 46 59 62
 26 31 32 36 46 59 60
 26 31 32 36 46 57 67
 26 31 32 36 46 57 65 66
 26 31 32 36 46 57 59 67
 26 31 32 36 46 57 59 65 66
 26 31 32 36 46 57 58
 26 31 32 36 46 57 58 74
 26 31 32 36 46 57 58 72 73
 26 31 32 36 46 57 58 62
 26 31 32 36 46 57 58 60
 26 31 32 36 46 55 56 67
 26 31 32 36 46 55 56 65 66
 26 31 32 36 46 55 56 59 67
 26 31 32 36 46 55 56 59 65 66
 26 31 32 36 46 55 56 57 58 67
 26 31 32 36 46 55 56 57 58 65 66
 26 31 32 36 46 47
 26 31 32 36 46 47 59
 26 31 32 36 46 47 57 58
 26 31 32 36 44 45
 26 31 32 36 44 45 74
 26 31 32 36 44 45 72 73
 26 31 32 36 44 45 67
 26 31 32 36 44 45 65 66
 26 31 32 36 44 45 62
 26 31 32 36 44 45 60
 26 31 32 36 44 45 59
 26 31 32 36 44 45 59 74
 26 31 32 36 44 45 59 72 73
 26 31 32 36 44 45 59 67
 26 31 32 36 44 45 59 65 66
 26 31 32 36 44 45 59 62
 26 31 32 36 44 45 59 60
 26 31 32 36 44 45 57 67
 26 31 32 36 44 45 57 65 66
 26 31 32 36 44 45 57 59 67
 26 31 32 36 44 45 57 59 65 66
 26 31 32 36 44 45 57 58
 26 31 32 36 44 45 57 58 74
 26 31 32 36 44 45 57 58 72 73
 26 31 32 36 44 45 57 58 62
 26 31 32 36 44 45 57 58 60
 26 31 32 36 44 45 55 56 67
 26 31 32 36 44 45 55 56 65 66
 26 31 32 36 44 45 55 56 59 67
 26 31 32 36 44 45 55 56 59 65 66
 26 31 32 36 44 45 55 56 57 58 67
 26 31 32 36 44 45 55 56 57 58 65 66
 26 31 32 36 44 45 47
 26 31 32 36 44 45 47 59
 26 31 32 36 44 45 47 57 58
 26 31 32 36 40 46
 26 31 32 36 40 46 59
 26 31 32 36 40 46 57
 26 31 32 36 40 46 57 59
 26 31 32 36 40 46 55 56
 26 31 32 36 40 46 55 56 59
 26 31 32 36 40 46 55 56 57 58
 26 31 32 36 40 44 45
 26 31 32 36 40 44 45 59
 26 31 32 36 40 44 45 57
 26 31 32 36 40 44 45 57 59
 26 31 32 36 40 44 45 55 56
 26 31 32 36 40 44 45 55 56 59
 26 31 32 36 40 44 45 55 56 57 58
 26 30 33 46 59 63 67
 26 30 33 46 59 63 65 66
 26 30 33 46 59 61 62 67
 26 30 33 46 59 61 62 65 66
 26 30 33 46 57 58 63 67
 26 30 33 46 57 58 63 65 66
 26 30 33 46 57 58 61 62 67
 26 30 33 46 57 58 61 62 65 66
 26 30 33 44 45 59 63 67
 26 30 33 44 45 59 63 65 66
 26 30 33 44 45 59 61 62 67
 26 30 33 44 45 59 61 62 65 66
 26 30 33 44 45 57 58 63 67
 26 30 33 44 45 57 58 63 65 66
 26 30 33 44 45 57 58 61 62 67
 26 30 33 44 45 57 58 61 62 65 66
 26 30 33 40 46 59 63
 26 30 33 40 46 59 61 62
 26 30 33 40 46 57 58 63
 26 30 33 40 46 57 58 61 62
 26 30 33 40 44 45 59 63
 26 30 33 40 44 45 59 61 62
 26 30 33 40 44 45 57 58 63
 26 30 33 40 44 45 57 58 61 62
 26 30 33 36 46 59 67
 26 30 33 36 46 59 65 66
 26 30 33 36 46 57 58 67
 26 30 33 36 46 57 58 65 66
 26 30 33 36 44 45 59 67
 26 30 33 36 44 45 59 65 66
 26 30 33 36 44 45 57 58 67
 26 30 33 36 44 45 57 58 65 66
 26 30 33 36 40 46 59
 26 30 33 36 40 46 57 58
 26 30 33 36 40 44 45 59
 26 30 33 36 40 44 45 57 58
 26 30 32 33 46 63 67
 26 30 32 33 46 63 65 66
 26 30 32 33 46 61 62 67
 26 30 32 33 46 61 62 65 66
 26 30 32 33 44 45 63 67
 26 30 32 33 44 45 63 65 66
 26 30 32 33 44 45 61 62 67
 26 30 32 33 44 45 61 62 65 66
 26 30 32 33 40 46 63
 26 30 32 33 40 46 61 62
 26 30 32 33 40 44 45 63
 26 30 32 33 40 44 45 61 62
 26 30 32 33 36 46 67
 26 30 32 33 36 46 65 66
 26 30 32 33 36 44 45 67
 26 30 32 33 36 44 45 65 66
 26 30 32 33 36 40 46
 26 30 32 33 36 40 44 45
 26 30 31 32 46 63 67
 26 30 31 32 46 63 65 66
 26 30 31 32 46 61 62 67
 26 30 31 32 46 61 62 65 66
 26 30 31 32 46 59 63 67
 26 30 31 32 46 59 63 65 66
 26 30 31 32 46 59 61 62 67
 26 30 31 32 46 59 61 62 65 66
 26 30 31 32 46 57 58 63 67
 26 30 31 32 46 57 58 63 65 66
 26 30 31 32 46 57 58 61 62 67
 26 30 31 32 46 57 58 61 62 65 66
 26 30 31 32 44 45 63 67
 26 30 31 32 44 45 63 65 66
 26 30 31 32 44 45 61 62 67
 26 30 31 32 44 45 61 62 65 66
 26 30 31 32 44 45 59 63 67
 26 30 31 32 44 45 59 63 65 66
 26 30 31 32 44 45 59 61 62 67
 26 30 31 32 44 45 59 61 62 65 66
 26 30 31 32 44 45 57 58 63 67
 26 30 31 32 44 45 57 58 63 65 66
 26 30 31 32 44 45 57 58 61 62 67
 26 30 31 32 44 45 57 58 61 62 65 66
 26 30 31 32 40 46 63
 26 30 31 32 40 46 61 62
 26 30 31 32 40 46 59 63
 26 30 31 32 40 46 59 61 62
 26 30 31 32 40 46 57 58 63
 26 30 31 32 40 46 57 58 61 62
 26 30 31 32 40 44 45 63
 26 30 31 32 40 44 45 61 62
 26 30 31 32 40 44 45 59 63
 26 30 31 32 40 44 45 59 61 62
 26 30 31 32 40 44 45 57 58 63
 26 30 31 32 40 44 45 57 58 61 62
 26 30 31 32 36 46 67
 26 30 31 32 36 46 65 66
 26 30 31 32 36 46 59 67
 26 30 31 32 36 46 59 65 66
 26 30 31 32 36 46 57 58 67
 26 30 31 32 36 46 57 58 65 66
 26 30 31 32 36 44 45 67
 26 30 31 32 36 44 45 65 66
 26 30 31 32 36 44 45 59 67
 26 30 31 32 36 44 45 59 65 66
 26 30 31 32 36 44 45 57 58 67
 26 30 31 32 36 44 45 57 58 65 66
 26 30 31 32 36 40 46
 26 30 31 32 36 40 46 59
 26 30 31 32 36 40 46 57 58
 26 30 31 32 36 40 44 45
 26 30 31 32 36 40 44 45 59
 26 30 31 32 36 40 44 45 57 58
 24 25 46 60 77
 24 25 46 60 75 76
 24 25 46 60 71 77
 24 25 46 60 71 75 76
 24 25 46 60 69 70 77
 24 25 46 60 69 70 75 76
 24 25 46 59 60 77
 24 25 46 59 60 75 76
 24 25 46 58 77
 24 25 46 58 75 76
 24 25 46 58 60 77
 24 25 46 58 60 75 76
 24 25 46 57 58 60 77
 24 25 46 57 58 60 75 76
 24 25 46 50 60
 24 25 46 50 60 71
 24 25 46 50 60 69 70
 24 25 46 50 59 60
 24 25 46 50 58
 24 25 46 50 58 60
 24 25 46 50 57 58 60
 24 25 44 46 60 77
 24 25 44 46 60 75 76
 24 25 44 46 50 60
 24 25 44 45 60 71 77
 24 25 44 45 60 71 75 76
 24 25 44 45 60 69 70 77
 24 25 44 45 60 69 70 75 76
 24 25 44 45 59 60 77
 24 25 44 45 59 60 75 76
 24 25 44 45 58 77
 24 25 44 45 58 75 76
 24 25 44 45 58 60 77
 24 25 44 45 58 60 75 76
 24 25 44 45 57 58 60 77
 24 25 44 45 57 58 60 75 76
 24 25 44 45 50 60 71
 24 25 44 45 50 60 69 70
 24 25 44 45 50 59 60
 24 25 44 45 50 58
 24 25 44 45 50 58 60
 24 25 44 45 50 57 58 60
 24 25 33 46 59 63
 24 25 33 46 59 63 74
 24 25 33 46 59 63 72 73
 24 25 33 46 59 63 67
 24 25 33 46 59 63 65 66
 24 25 33 46 59 62 63
 24 25 33 46 59 61 62 74
 24 25 33 46 59 61 62 72 73
 24 25 33 46 59 61 62 67
 24 25 33 46 59 61 62 65 66
 24 25 33 46 59 60 63
 24 25 33 46 59 60 61 62
 24 25 33 46 57 59 63 67
 24 25 33 46 57 59 63 65 66
 24 25 33 46 57 59 61 62 67
 24 25 33 46 57 59 61 62 65 66
 24 25 33 46 57 58 63
 24 25 33 46 57 58 63 74
 24 25 33 46 57 58 63 72 73
 24 25 33 46 57 58 62 63
 24 25 33 46 57 58 61 62 74
 24 25 33 46 57 58 61 62 72 73
 24 25 33 46 57 58 60 63
 24 25 33 46 57 58 60 61 62
 24 25 33 46 55 56 59 63 67
 24 25 33 46 55 56 59 63 65 66
 24 25 33 46 55 56 59 61 62 67
 24 25 33 46 55 56 59 61 62 65 66
 24 25 33 46 55 56 57 58 63 67
 24 25 33 46 55 56 57 58 63 65 66
 24 25 33 46 55 56 57 58 61 62 67
 24 25 33 46 55 56 57 58 61 62 65 66
 24 25 33 46 47 59 63
 24 25 33 46 47 59 61 62
 24 25 33 46 47 57 58 63
 24 25 33 46 47 57 58 61 62
 24 25 33 44 45 59 63
 24 25 33 44 45 59 63 74
 24 25 33 44 45 59 63 72 73
 24 25 33 44 45 59 63 67
 24 25 33 44 45 59 63 65 66
 24 25 33 44 45 59 62 63
 24 25 33 44 45 59 61 62 74
 24 25 33 44 45 59 61 62 72 73
 24 25 33 44 45 59 61 62 67
 24 25 33 44 45 59 61 62 65 66
 24 25 33 44 45 59 60 63
 24 25 33 44 45 59 60 61 62
 24 25 33 44 45 57 59 63 67
 24 25 33 44 45 57 59 63 65 66
 24 25 33 44 45 57 59 61 62 67
 24 25 33 44 45 57 59 61 62 65 66
 24 25 33 44 45 57 58 63
 24 25 33 44 45 57 58 63 74
 24 25 33 44 45 57 58 63 72 73
 24 25 33 44 45 57 58 62 63
 24 25 33 44 45 57 58 61 62 74
 24 25 33 44 45 57 58 61 62 72 73
 24 25 33 44 45 57 58 60 63
 24 25 33 44 45 57 58 60 61 62
 24 25 33 44 45 55 56 59 63 67
 24 25 33 44 45 55 56 59 63 65 66
 24 25 33 44 45 55 56 59 61 62 67
 24 25 33 44 45 55 56 59 61 62 65 66
 24 25 33 44 45 55 56 57 58 63 67
 24 25 33 44 45 55 56 57 58 63 65 66
 24 25 33 44 45 55 56 57 58 61 62 67
 24 25 33 44 45 55 56 57 58 61 62 65 66
 24 25 33 44 45 47 59 63
 24 25 33 44 45 47 59 61 62
 24 25 33 44 45 47 57 58 63
 24 25 33 44 45 47 57 58 61 62
 24 25 33 40 46 59 63
 24 25 33 40 46 59 61 62
 24 25 33 40 46 57 59 63
 24 25 33 40 46 57 59 61 62
 24 25 33 40 46 55 56 59 63
 24 25 33 40 46 55 56 59 61 62
 24 25 33 40 46 55 56 57 58 63
 24 25 33 40 46 55 56 57 58 61 62
 24 25 33 40 44 45 59 63
 24 25 33 40 44 45 59 61 62
 24 25 33 40 44 45 57 59 63
 24 25 33 40 44 45 57 59 61 62
 24 25 33 40 44 45 55 56 59 63
 24 25 33 40 44 45 55 56 59 61 62
 24 25 33 40 44 45 55 56 57 58 63
 24 25 33 40 44 45 55 56 57 58 61 62
 24 25 33 36 46 59
 24 25 33 36 46 59 74
 24 25 33 36 46 59 72 73
 24 25 33 36 46 59 67
 24 25 33 36 46 59 65 66
 24 25 33 36 46 59 62
 24 25 33 36 46 59 60
 24 25 33 36 46 57 59 67
 24 25 33 36 46 57 59 65 66
 24 25 33 36 46 57 58
 24 25 33 36 46 57 58 74
 24 25 33 36 46 57 58 72 73
 24 25 33 36 46 57 58 62
 24 25 33 36 46 57 58 60
 24 25 33 36 46 55 56 59 67
 24 25 33 36 46 55 56 59 65 66
 24 25 33 36 46 55 56 57 58 67
 24 25 33 36 46 55 56 57 58 65 66
 24 25 33 36 46 47 59
 24 25 33 36 46 47 57 58
 24 25 33 36 44 45 59
 24 25 33 36 44 45 59 74
 24 25 33 36 44 45 59 72 73
 24 25 33 36 44 45 59 67
 24 25 33 36 44 45 59 65 66
 24 25 33 36 44 45 59 62
 24 25 33 36 44 45 59 60
 24 25 33 36 44 45 57 59 67
 24 25 33 36 44 45 57 59 65 66
 24 25 33 36 44 45 57 58
 24 25 33 36 44 45 57 58 74
 24 25 33 36 44 45 57 58 72 73
 24 25 33 36 44 45 57 58 62
 24 25 33 36 44 45 57 58 60
 24 25 33 36 44 45 55 56 59 67
 24 25 33 36 44 45 55 56 59 65 66
 24 25 33 36 44 45 55 56 57 58 67
 24 25 33 36 44 45 55 56 57 58 65 66
 24 25 33 36 44 45 47 59
 24 25 33 36 44 45 47 57 58
 24 25 33 36 40 46 59
 24 25 33 36 40 46 57 59
 24 25 33 36 40 46 55 56 59
 24 25 33 36 40 46 55 56 57 58
 24 25 33 36 40 44 45 59
 24 25 33 36 40 44 45 57 59
 24 25 33 36 40 44 45 55 56 59
 24 25 33 36 40 44 45 55 56 57 58
 24 25 32 33 46 63
 24 25 32 33 46 63 74
 24 25 32 33 46 63 72 73
 24 25 32 33 46 63 67
 24 25 32 33 46 63 65 66
 24 25 32 33 46 62 63
 24 25 32 33 46 61 62 74
 24 25 32 33 46 61 62 72 73
 24 25 32 33 46 61 62 67
 24 25 32 33 46 61 62 65 66
 24 25 32 33 46 60 63
 24 25 32 33 46 60 61 62
 24 25 32 33 46 57 63 67
 24 25 32 33 46 57 63 65 66
 24 25 32 33 46 57 61 62 67
 24 25 32 33 46 57 61 62 65 66
 24 25 32 33 46 55 56 63 67
 24 25 32 33 46 55 56 63 65 66
 24 25 32 33 46 55 56 61 62 67
 24 25 32 33 46 55 56 61 62 65 66
 24 25 32 33 46 47 63
 24 25 32 33 46 47 61 62
 24 25 32 33 44 45 63
 24 25 32 33 44 45 63 74
 24 25 32 33 44 45 63 72 73
 24 25 32 33 44 45 63 67
 24 25 32 33 44 45 63 65 66
 24 25 32 33 44 45 62 63
 24 25 32 33 44 45 61 62 74
 24 25 32 33 44 45 61 62 72 73
 24 25 32 33 44 45 61 62 67
 24 25 32 33 44 45 61 62 65 66
 24 25 32 33 44 45 60 63
 24 25 32 33 44 45 60 61 62
 24 25 32 33 44 45 57 63 67
 24 25 32 33 44 45 57 63 65 66
 24 25 32 33 44 45 57 61 62 67
 24 25 32 33 44 45 57 61 62 65 66
 24 25 32 33 44 45 55 56 63 67
 24 25 32 33 44 45 55 56 63 65 66
 24 25 32 33 44 45 55 56 61 62 67
 24 25 32 33 44 45 55 56 61 62 65 66
 24 25 32 33 44 45 47 63
 24 25 32 33 44 45 47 61 62
 24 25 32 33 40 46 63
 24 25 32 33 40 46 61 62
 24 25 32 33 40 46 57 63
 24 25 32 33 40 46 57 61 62
 24 25 32 33 40 46 55 56 63
 24 25 32 33 40 46 55 56 61 62
 24 25 32 33 40 44 45 63
 24 25 32 33 40 44 45 61 62
 24 25 32 33 40 44 45 57 63
 24 25 32 33 40 44 45 57 61 62
 24 25 32 33 40 44 45 55 56 63
 24 25 32 33 40 44 45 55 56 61 62
 24 25 32 33 36 46
 24 25 32 33 36 46 74
 24 25 32 33 36 46 72 73
 24 25 32 33 36 46 67
 24 25 32 33 36 46 65 66
 24 25 32 33 36 46 62
 24 25 32 33 36 46 60
 24 25 32 33 36 46 57 67
 24 25 32 33 36 46 57 65 66
 24 25 32 33 36 46 55 56 67
 24 25 32 33 36 46 55 56 65 66
 24 25 32 33 36 46 47
 24 25 32 33 36 44 45
 24 25 32 33 36 44 45 74
 24 25 32 33 36 44 45 72 73
 24 25 32 33 36 44 45 67
 24 25 32 33 36 44 45 65 66
 24 25 32 33 36 44 45 62
 24 25 32 33 36 44 45 60
 24 25 32 33 36 44 45 57 67
 24 25 32 33 36 44 45 57 65 66
 24 25 32 33 36 44 45 55 56 67
 24 25 32 33 36 44 45 55 56 65 66
 24 25 32 33 36 44 45 47
 24 25 32 33 36 40 46
 24 25 32 33 36 40 46 57
 24 25 32 33 36 40 46 55 56
 24 25 32 33 36 40 44 45
 24 25 32 33 36 40 44 45 57
 24 25 32 33 36 40 44 45 55 56
 24 25 31 32 46 63
 24 25 31 32 46 63 74
 24 25 31 32 46 63 72 73
 24 25 31 32 46 63 67
 24 25 31 32 46 63 65 66
 24 25 31 32 46 62 63
 24 25 31 32 46 61 62 74
 24 25 31 32 46 61 62 72 73
 24 25 31 32 46 61 62 67
 24 25 31 32 46 61 62 65 66
 24 25 31 32 46 60 63
 24 25 31 32 46 60 61 62
 24 25 31 32 46 59 63
 24 25 31 32 46 59 63 74
 24 25 31 32 46 59 63 72 73
 24 25 31 32 46 59 63 67
 24 25 31 32 46 59 63 65 66
 24 25 31 32 46 59 62 63
 24 25 31 32 46 59 61 62 74
 24 25 31 32 46 59 61 62 72 73
 24 25 31 32 46 59 61 62 67
 24 25 31 32 46 59 61 62 65 66
 24 25 31 32 46 59 60 63
 24 25 31 32 46 59 60 61 62
 24 25 31 32 46 57 63 67
 24 25 31 32 46 57 63 65 66
 24 25 31 32 46 57 61 62 67
 24 25 31 32 46 57 61 62 65 66
 24 25 31 32 46 57 59 63 67
 24 25 31 32 46 57 59 63 65 66
 24 25 31 32 46 57 59 61 62 67
 24 25 31 32 46 57 59 61 62 65 66
 24 25 31 32 46 57 58 63
 24 25 31 32 46 57 58 63 74
 24 25 31 32 46 57 58 63 72 73
 24 25 31 32 46 57 58 62 63
 24 25 31 32 46 57 58 61 62 74
 24 25 31 32 46 57 58 61 62 72 73
 24 25 31 32 46 57 58 60 63
 24 25 31 32 46 57 58 60 61 62
 24 25 31 32 46 55 56 63 67
 24 25 31 32 46 55 56 63 65 66
 24 25 31 32 46 55 56 61 62 67
 24 25 31 32 46 55 56 61 62 65 66
 24 25 31 32 46 55 56 59 63 67
 24 25 31 32 46 55 56 59 63 65 66
 24 25 31 32 46 55 56 59 61 62 67
 24 25 31 32 46 55 56 59 61 62 65 66
 24 25 31 32 46 55 56 57 58 63 67
 24 25 31 32 46 55 56 57 58 63 65 66
 24 25 31 32 46 55 56 57 58 61 62 67
 24 25 31 32 46 55 56 57 58 61 62 65 66
 24 25 31 32 46 47 63
 24 25 31 32 46 47 61 62
 24 25 31 32 46 47 59 63
 24 25 31 32 46 47 59 61 62
 24 25 31 32 46 47 57 58 63
 24 25 31 32 46 47 57 58 61 62
 24 25 31 32 44 45 63
 24 25 31 32 44 45 63 74
 24 25 31 32 44 45 63 72 73
 24 25 31 32 44 45 63 67
 24 25 31 32 44 45 63 65 66
 24 25 31 32 44 45 62 63
 24 25 31 32 44 45 61 62 74
 24 25 31 32 44 45 61 62 72 73
 24 25 31 32 44 45 61 62 67
 24 25 31 32 44 45 61 62 65 66
 24 25 31 32 44 45 60 63
 24 25 31 32 44 45 60 61 62
 24 25 31 32 44 45 59 63
 24 25 31 32 44 45 59 63 74
 24 25 31 32 44 45 59 63 72 73
 24 25 31 32 44 45 59 63 67
 24 25 31 32 44 45 59 63 65 66
 24 25 31 32 44 45 59 62 63
 24 25 31 32 44 45 59 61 62 74
 24 25 31 32 44 45 59 61 62 72 73
 24 25 31 32 44 45 59 61 62 67
 24 25 31 32 44 45 59 61 62 65 66
 24 25 31 32 44 45 59 60 63
 24 25 31 32 44 45 59 60 61 62
 24 25 31 32 44 45 57 63 67
 24 25 31 32 44 45 57 63 65 66
 24 25 31 32 44 45 57 61 62 67
 24 25 31 32 44 45 57 61 62 65 66
 24 25 31 32 44 45 57 59 63 67
 24 25 31 32 44 45 57 59 63 65 66
 24 25 31 32 44 45 57 59 61 62 67
 24 25 31 32 44 45 57 59 61 62 65 66
 24 25 31 32 44 45 57 58 63
 24 25 31 32 44 45 57 58 63 74
 24 25 31 32 44 45 57 58 63 72 73
 24 25 31 32 44 45 57 58 62 63
 24 25 31 32 44 45 57 58 61 62 74
 24 25 31 32 44 45 57 58 61 62 72 73
 24 25 31 32 44 45 57 58 60 63
 24 25 31 32 44 45 57 58 60 61 62
 24 25 31 32 44 45 55 56 63 67
 24 25 31 32 44 45 55 56 63 65 66
 24 25 31 32 44 45 55 56 61 62 67
 24 25 31 32 44 45 55 56 61 62 65 66
 24 25 31 32 44 45 55 56 59 63 67
 24 25 31 32 44 45 55 56 59 63 65 66
 24 25 31 32 44 45 55 56 59 61 62 67
 24 25 31 32 44 45 55 56 59 61 62 65 66
 24 25 31 32 44 45 55 56 57 58 63 67
 24 25 31 32 44 45 55 56 57 58 63 65 66
 24 25 31 32 44 45 55 56 57 58 61 62 67
 24 25 31 32 44 45 55 56 57 58 61 62 65 66
 24 25 31 32 44 45 47 63
 24 25 31 32 44 45 47 61 62
 24 25 31 32 44 45 47 59 63
 24 25 31 32 44 45 47 59 61 62
 24 25 31 32 44 45 47 57 58 63
 24 25 31 32 44 45 47 57 58 61 62
 24 25 31 32 40 46 63
 24 25 31 32 40 46 61 62
 24 25 31 32 40 46 59 63
 24 25 31 32 40 46 59 61 62
 24 25 31 32 40 46 57 63
 24 25 31 32 40 46 57 61 62
 24 25 31 32 40 46 57 59 63
 24 25 31 32 40 46 57 59 61 62
 24 25 31 32 40 46 55 56 63
 24 25 31 32 40 46 55 56 61 62
 24 25 31 32 40 46 55 56 59 63
 24 25 31 32 40 46 55 56 59 61 62
 24 25 31 32 40 46 55 56 57 58 63
 24 25 31 32 40 46 55 56 57 58 61 62
 24 25 31 32 40 44 45 63
 24 25 31 32 40 44 45 61 62
 24 25 31 32 40 44 45 59 63
 24 25 31 32 40 44 45 59 61 62
 24 25 31 32 40 44 45 57 63
 24 25 31 32 40 44 45 57 61 62
 24 25 31 32 40 44 45 57 59 63
 24 25 31 32 40 44 45 57 59 61 62
 24 25 31 32 40 44 45 55 56 63
 24 25 31 32 40 44 45 55 56 61 62
 24 25 31 32 40 44 45 55 56 59 63
 24 25 31 32 40 44 45 55 56 59 61 62
 24 25 31 32 40 44 45 55 56 57 58 63
 24 25 31 32 40 44 45 55 56 57 58 61 62
 24 25 31 32 36 46
 24 25 31 32 36 46 74
 24 25 31 32 36 46 72 73
 24 25 31 32 36 46 67
 24 25 31 32 36 46 65 66
 24 25 31 32 36 46 62
 24 25 31 32 36 46 60
 24 25 31 32 36 46 59
 24 25 31 32 36 46 59 74
 24 25 31 32 36 46 59 72 73
 24 25 31 32 36 46 59 67
 24 25 31 32 36 46 59 65 66
 24 25 31 32 36 46 59 62
 24 25 31 32 36 46 59 60
 24 25 31 32 36 46 57 67
 24 25 31 32 36 46 57 65 66
 24 25 31 32 36 46 57 59 67
 24 25 31 32 36 46 57 59 65 66
 24 25 31 32 36 46 57 58
 24 25 31 32 36 46 57 58 74
 24 25 31 32 36 46 57 58 72 73
 24 25 31 32 36 46 57 58 62
 24 25 31 32 36 46 57 58 60
 24 25 31 32 36 46 55 56 67
 24 25 31 32 36 46 55 56 65 66
 24 25 31 32 36 46 55 56 59 67
 24 25 31 32 36 46 55 56 59 65 66
 24 25 31 32 36 46 55 56 57 58 67
 24 25 31 32 36 46 55 56 57 58 65 66
 24 25 31 32 36 46 47
 24 25 31 32 36 46 47 59
 24 25 31 32 36 46 47 57 58
 24 25 31 32 36 44 45
 24 25 31 32 36 44 45 74
 24 25 31 32 36 44 45 72 73
 24 25 31 32 36 44 45 67
 24 25 31 32 36 44 45 65 66
 24 25 31 32 36 44 45 62
 24 25 31 32 36 44 45 60
 24 25 31 32 36 44 45 59
 24 25 31 32 36 44 45 59 74
 24 25 31 32 36 44 45 59 72 73
 24 25 31 32 36 44 45 59 67
 24 25 31 32 36 44 45 59 65 66
 24 25 31 32 36 44 45 59 62
 24 25 31 32 36 44 45 59 60
 24 25 31 32 36 44 45 57 67
 24 25 31 32 36 44 45 57 65 66
 24 25 31 32 36 44 45 57 59 67
 24 25 31 32 36 44 45 57 59 65 66
 24 25 31 32 36 44 45 57 58
 24 25 31 32 36 44 45 57 58 74
 24 25 31 32 36 44 45 57 58 72 73
 24 25 31 32 36 44 45 57 58 62
 24 25 31 32 36 44 45 57 58 60
 24 25 31 32 36 44 45 55 56 67
 24 25 31 32 36 44 45 55 56 65 66
 24 25 31 32 36 44 45 55 56 59 67
 24 25 31 32 36 44 45 55 56 59 65 66
 24 25 31 32 36 44 45 55 56 57 58 67
 24 25 31 32 36 44 45 55 56 57 58 65 66
 24 25 31 32 36 44 45 47
 24 25 31 32 36 44 45 47 59
 24 25 31 32 36 44 45 47 57 58
 24 25 31 32 36 40 46
 24 25 31 32 36 40 46 59
 24 25 31 32 36 40 46 57
 24 25 31 32 36 40 46 57 59
 24 25 31 32 36 40 46 55 56
 24 25 31 32 36 40 46 55 56 59
 24 25 31 32 36 40 46 55 56 57 58
 24 25 31 32 36 40 44 45
 24 25 31 32 36 40 44 45 59
 24 25 31 32 36 40 44 45 57
 24 25 31 32 36 40 44 45 57 59
 24 25 31 32 36 40 44 45 55 56
 24 25 31 32 36 40 44 45 55 56 59
 24 25 31 32 36 40 44 45 55 56 57 58
 24 25 30 33 46 59 63 67
 24 25 30 33 46 59 63 65 66
 24 25 30 33 46 59 61 62 67
 24 25 30 33 46 59 61 62 65 66
 24 25 30 33 46 57 58 63 67
 24 25 30 33 46 57 58 63 65 66
 24 25 30 33 46 57 58 61 62 67
 24 25 30 33 46 57 58 61 62 65 66
 24 25 30 33 44 45 59 63 67
 24 25 30 33 44 45 59 63 65 66
 24 25 30 33 44 45 59 61 62 67
 24 25 30 33 44 45 59 61 62 65 66
 24 25 30 33 44 45 57 58 63 67
 24 25 30 33 44 45 57 58 63 65 66
 24 25 30 33 44 45 57 58 61 62 67
 24 25 30 33 44 45 57 58 61 62 65 66
 24 25 30 33 40 46 59 63
 24 25 30 33 40 46 59 61 62
 24 25 30 33 40 46 57 58 63
 24 25 30 33 40 46 57 58 61 62
 24 25 30 33 40 44 45 59 63
 24 25 30 33 40 44 45 59 61 62
 24 25 30 33 40 44 45 57 58 63
 24 25 30 33 40 44 45 57 58 61 62
 24 25 30 33 36 46 59 67
 24 25 30 33 36 46 59 65 66
 24 25 30 33 36 46 57 58 67
 24 25 30 33 36 46 57 58 65 66
 24 25 30 33 36 44 45 59 67
 24 25 30 33 36 44 45 59 65 66
 24 25 30 33 36 44 45 57 58 67
 24 25 30 33 36 44 45 57 58 65 66
 24 25 30 33 36 40 46 59
 24 25 30 33 36 40 46 57 58
 24 25 30 33 36 40 44 45 59
 24 25 30 33 36 40 44 45 57 58
 24 25 30 32 33 46 63 67
 24 25 30 32 33 46 63 65 66
 24 25 30 32 33 46 61 62 67
 24 25 30 32 33 46 61 62 65 66
 24 25 30 32 33 44 45 63 67
 24 25 30 32 33 44 45 63 65 66
 24 25 30 32 33 44 45 61 62 67
 24 25 30 32 33 44 45 61 62 65 66
 24 25 30 32 33 40 46 63
 24 25 30 32 33 40 46 61 62
 24 25 30 32 33 40 44 45 63
 24 25 30 32 33 40 44 45 61 62
 24 25 30 32 33 36 46 67
 24 25 30 32 33 36 46 65 66
 24 25 30 32 33 36 44 45 67
 24 25 30 32 33 36 44 45 65 66
 24 25 30 32 33 36 40 46
 24 25 30 32 33 36 40 44 45
 24 25 30 31 32 46 63 67
 24 25 30 31 32 46 63 65 66
 24 25 30 31 32 46 61 62 67
 24 25 30 31 32 46 61 62 65 66
 24 25 30 31 32 46 59 63 67
 24 25 30 31 32 46 59 63 65 66
 24 25 30 31 32 46 59 61 62 67
 24 25 30 31 32 46 59 61 62 65 66
 24 25 30 31 32 46 57 58 63 67
 24 25 30 31 32 46 57 58 63 65 66
 24 25 30 31 32 46 57 58 61 62 67
 24 25 30 31 32 46 57 58 61 62 65 66
 24 25 30 31 32 44 45 63 67
 24 25 30 31 32 44 45 63 65 66
 24 25 30 31 32 44 45 61 62 67
 24 25 30 31 32 44 45 61 62 65 66
 24 25 30 31 32 44 45 59 63 67
 24 25 30 31 32 44 45 59 63 65 66
 24 25 30 31 32 44 45 59 61 62 67
 24 25 30 31 32 44 45 59 61 62 65 66
 24 25 30 31 32 44 45 57 58 63 67
 24 25 30 31 32 44 45 57 58 63 65 66
 24 25 30 31 32 44 45 57 58 61 62 67
 24 25 30 31 32 44 45 57 58 61 62 65 66
 24 25 30 31 32 40 46 63
 24 25 30 31 32 40 46 61 62
 24 25 30 31 32 40 46 59 63
 24 25 30 31 32 40 46 59 61 62
 24 25 30 31 32 40 46 57 58 63
 24 25 30 31 32 40 46 57 58 61 62
 24 25 30 31 32 40 44 45 63
 24 25 30 31 32 40 44 45 61 62
 24 25 30 31 32 40 44 45 59 63
 24 25 30 31 32 40 44 45 59 61 62
 24 25 30 31 32 40 44 45 57 58 63
 24 25 30 31 32 40 44 45 57 58 61 62
 24 25 30 31 32 36 46 67
 24 25 30 31 32 36 46 65 66
 24 25 30 31 32 36 46 59 67
 24 25 30 31 32 36 46 59 65 66
 24 25 30 31 32 36 46 57 58 67
 24 25 30 31 32 36 46 57 58 65 66
 24 25 30 31 32 36 44 45 67
 24 25 30 31 32 36 44 45 65 66
 24 25 30 31 32 36 44 45 59 67
 24 25 30 31 32 36 44 45 59 65 66
 24 25 30 31 32 36 44 45 57 58 67
 24 25 30 31 32 36 44 45 57 58 65 66
 24 25 30 31 32 36 40 46
 24 25 30 31 32 36 40 46 59
 24 25 30 31 32 36 40 46 57 58
 24 25 30 31 32 36 40 44 45
 24 25 30 31 32 36 40 44 45 59
 24 25 30 31 32 36 40 44 45 57 58
 19 60 68 77
 19 60 68 75 76
 19 60 68 71 77
 19 60 68 71 75 76
 19 60 68 69 70 77
 19 60 68 69 70 75 76
 19 59 60 68 77
 19 59 60 68 75 76
 19 58 68 77
 19 58 68 75 76
 19 58 60 68 77
 19 58 60 68 75 76
 19 57 58 60 68 77
 19 57 58 60 68 75 76
 19 50 60 68
 19 50 60 68 71
 19 50 60 68 69 70
 19 50 59 60 68
 19 50 58 68
 19 50 58 60 68
 19 50 57 58 60 68
 19 44 60 68 77
 19 44 60 68 75 76
 19 44 50 60 68
 19 33 59 63 68
 19 33 59 63 68 74
 19 33 59 63 68 72 73
 19 33 59 63 67 68
 19 33 59 63 65 66 68
 19 33 59 62 63 68
 19 33 59 61 62 68 74
 19 33 59 61 62 68 72 73
 19 33 59 61 62 67 68
 19 33 59 61 62 65 66 68
 19 33 59 60 63 68
 19 33 59 60 61 62 68
 19 33 57 59 63 67 68
 19 33 57 59 63 65 66 68
 19 33 57 59 61 62 67 68
 19 33 57 59 61 62 65 66 68
 19 33 57 58 63 68
 19 33 57 58 63 68 74
 19 33 57 58 63 68 72 73
 19 33 57 58 62 63 68
 19 33 57 58 61 62 68 74
 19 33 57 58 61 62 68 72 73
 19 33 57 58 60 63 68
 19 33 57 58 60 61 62 68
 19 33 55 56 59 63 67 68
 19 33 55 56 59 63 65 66 68
 19 33 55 56 59 61 62 67 68
 19 33 55 56 59 61 62 65 66 68
 19 33 55 56 57 58 63 67 68
 19 33 55 56 57 58 63 65 66 68
 19 33 55 56 57 58 61 62 67 68
 19 33 55 56 57 58 61 62 65 66 68
 19 33 47 59 63 68
 19 33 47 59 61 62 68
 19 33 47 57 58 63 68
 19 33 47 57 58 61 62 68
 19 33 40 59 63 68
 19 33 40 59 61 62 68
 19 33 40 57 59 63 68
 19 33 40 57 59 61 62 68
 19 33 40 55 56 59 63 68
 19 33 40 55 56 59 61 62 68
 19 33 40 55 56 57 58 63 68
 19 33 40 55 56 57 58 61 62 68
 19 33 36 59 68
 19 33 36 59 68 74
 19 33 36 59 68 72 73
 19 33 36 59 67 68
 19 33 36 59 65 66 68
 19 33 36 59 62 68
 19 33 36 59 60 68
 19 33 36 57 59 67 68
 19 33 36 57 59 65 66 68
 19 33 36 57 58 68
 19 33 36 57 58 68 74
 19 33 36 57 58 68 72 73
 19 33 36 57 58 62 68
 19 33 36 57 58 60 68
 19 33 36 55 56 59 67 68
 19 33 36 55 56 59 65 66 68
 19 33 36 55 56 57 58 67 68
 19 33 36 55 56 57 58 65 66 68
 19 33 36 47 59 68
 19 33 36 47 57 58 68
 19 33 36 40 59 68
 19 33 36 40 57 59 68
 19 33 36 40 55 56 59 68
 19 33 36 40 55 56 57 58 68
 19 32 33 63 68
 19 32 33 63 68 74
 19 32 33 63 68 72 73
 19 32 33 63 67 68
 19 32 33 63 65 66 68
 19 32 33 62 63 68
 19 32 33 61 62 68 74
 19 32 33 61 62 68 72 73
 19 32 33 61 62 67 68
 19 32 33 61 62 65 66 68
 19 32 33 60 63 68
 19 32 33 60 61 62 68
 19 32 33 57 63 67 68
 19 32 33 57 63 65 66 68
 19 32 33 57 61 62 67 68
 19 32 33 57 61 62 65 66 68
 19 32 33 55 56 63 67 68
 19 32 33 55 56 63 65 66 68
 19 32 33 55 56 61 62 67 68
 19 32 33 55 56 61 62 65 66 68
 19 32 33 47 63 68
 19 32 33 47 61 62 68
 19 32 33 40 63 68
 19 32 33 40 61 62 68
 19 32 33 40 57 63 68
 19 32 33 40 57 61 62 68
 19 32 33 40 55 56 63 68
 19 32 33 40 55 56 61 62 68
 19 32 33 36 68
 19 32 33 36 68 74
 19 32 33 36 68 72 73
 19 32 33 36 67 68
 19 32 33 36 65 66 68
 19 32 33 36 62 68
 19 32 33 36 60 68
 19 32 33 36 57 67 68
 19 32 33 36 57 65 66 68
 19 32 33 36 55 56 67 68
 19 32 33 36 55 56 65 66 68
 19 32 33 36 47 68
 19 32 33 36 40 68
 19 32 33 36 40 57 68
 19 32 33 36 40 55 56 68
 19 31 32 63 68
 19 31 32 63 68 74
 19 31 32 63 68 72 73
 19 31 32 63 67 68
 19 31 32 63 65 66 68
 19 31 32 62 63 68
 19 31 32 61 62 68 74
 19 31 32 61 62 68 72 73
 19 31 32 61 62 67 68
 19 31 32 61 62 65 66 68
 19 31 32 60 63 68
 19 31 32 60 61 62 68
 19 31 32 59 63 68
 19 31 32 59 63 68 74
 19 31 32 59 63 68 72 73
 19 31 32 59 63 67 68
 19 31 32 59 63 65 66 68
 19 31 32 59 62 63 68
 19 31 32 59 61 62 68 74
 19 31 32 59 61 62 68 72 73
 19 31 32 59 61 62 67 68
 19 31 32 59 61 62 65 66 68
 19 31 32 59 60 63 68
 19 31 32 59 60 61 62 68
 19 31 32 57 63 67 68
 19 31 32 57 63 65 66 68
 19 31 32 57 61 62 67 68
 19 31 32 57 61 62 65 66 68
 19 31 32 57 59 63 67 68
 19 31 32 57 59 63 65 66 68
 19 31 32 57 59 61 62 67 68
 19 31 32 57 59 61 62 65 66 68
 19 31 32 57 58 63 68
 19 31 32 57 58 63 68 74
 19 31 32 57 58 63 68 72 73
 19 31 32 57 58 62 63 68
 19 31 32 57 58 61 62 68 74
 19 31 32 57 58 61 62 68 72 73
 19 31 32 57 58 60 63 68
 19 31 32 57 58 60 61 62 68
 19 31 32 55 56 63 67 68
 19 31 32 55 56 63 65 66 68
 19 31 32 55 56 61 62 67 68
 19 31 32 55 56 61 62 65 66 68
 19 31 32 55 56 59 63 67 68
 19 31 32 55 56 59 63 65 66 68
 19 31 32 55 56 59 61 62 67 68
 19 31 32 55 56 59 61 62 65 66 68
 19 31 32 55 56 57 58 63 67 68
 19 31 32 55 56 57 58 63 65 66 68
 19 31 32 55 56 57 58 61 62 67 68
 19 31 32 55 56 57 58 61 62 65 66 68
 19 31 32 47 63 68
 19 31 32 47 61 62 68
 19 31 32 47 59 63 68
 19 31 32 47 59 61 62 68
 19 31 32 47 57 58 63 68
 19 31 32 47 57 58 61 62 68
 19 31 32 40 63 68
 19 31 32 40 61 62 68
 19 31 32 40 59 63 68
 19 31 32 40 59 61 62 68
 19 31 32 40 57 63 68
 19 31 32 40 57 61 62 68
 19 31 32 40 57 59 63 68
 19 31 32 40 57 59 61 62 68
 19 31 32 40 55 56 63 68
 19 31 32 40 55 56 61 62 68
 19 31 32 40 55 56 59 63 68
 19 31 32 40 55 56 59 61 62 68
 19 31 32 40 55 56 57 58 63 68
 19 31 32 40 55 56 57 58 61 62 68
 19 31 32 36 68
 19 31 32 36 68 74
 19 31 32 36 68 72 73
 19 31 32 36 67 68
 19 31 32 36 65 66 68
 19 31 32 36 62 68
 19 31 32 36 60 68
 19 31 32 36 59 68
 19 31 32 36 59 68 74
 19 31 32 36 59 68 72 73
 19 31 32 36 59 67 68
 19 31 32 36 59 65 66 68
 19 31 32 36 59 62 68
 19 31 32 36 59 60 68
 19 31 32 36 57 67 68
 19 31 32 36 57 65 66 68
 19 31 32 36 57 59 67 68
 19 31 32 36 57 59 65 66 68
 19 31 32 36 57 58 68
 19 31 32 36 57 58 68 74
 19 31 32 36 57 58 68 72 73
 19 31 32 36 57 58 62 68
 19 31 32 36 57 58 60 68
 19 31 32 36 55 56 67 68
 19 31 32 36 55 56 65 66 68
 19 31 32 36 55 56 59 67 68
 19 31 32 36 55 56 59 65 66 68
 19 31 32 36 55 56 57 58 67 68
 19 31 32 36 55 56 57 58 65 66 68
 19 31 32 36 47 68
 19 31 32 36 47 59 68
 19 31 32 36 47 57 58 68
 19 31 32 36 40 68
 19 31 32 36 40 59 68
 19 31 32 36 40 57 68
 19 31 32 36 40 57 59 68
 19 31 32 36 40 55 56 68
 19 31 32 36 40 55 56 59 68
 19 31 32 36 40 55 56 57 58 68
 19 30 33 59 63 67 68
 19 30 33 59 63 65 66 68
 19 30 33 59 61 62 67 68
 19 30 33 59 61 62 65 66 68
 19 30 33 57 58 63 67 68
 19 30 33 57 58 63 65 66 68
 19 30 33 57 58 61 62 67 68
 19 30 33 57 58 61 62 65 66 68
 19 30 33 40 59 63 68
 19 30 33 40 59 61 62 68
 19 30 33 40 57 58 63 68
 19 30 33 40 57 58 61 62 68
 19 30 33 36 59 67 68
 19 30 33 36 59 65 66 68
 19 30 33 36 57 58 67 68
 19 30 33 36 57 58 65 66 68
 19 30 33 36 40 59 68
 19 30 33 36 40 57 58 68
 19 30 32 33 63 67 68
 19 30 32 33 63 65 66 68
 19 30 32 33 61 62 67 68
 19 30 32 33 61 62 65 66 68
 19 30 32 33 40 63 68
 19 30 32 33 40 61 62 68
 19 30 32 33 36 67 68
 19 30 32 33 36 65 66 68
 19 30 32 33 36 40 68
 19 30 31 32 63 67 68
 19 30 31 32 63 65 66 68
 19 30 31 32 61 62 67 68
 19 30 31 32 61 62 65 66 68
 19 30 31 32 59 63 67 68
 19 30 31 32 59 63 65 66 68
 19 30 31 32 59 61 62 67 68
 19 30 31 32 59 61 62 65 66 68
 19 30 31 32 57 58 63 67 68
 19 30 31 32 57 58 63 65 66 68
 19 30 31 32 57 58 61 62 67 68
 19 30 31 32 57 58 61 62 65 66 68
 19 30 31 32 40 63 68
 19 30 31 32 40 61 62 68
 19 30 31 32 40 59 63 68
 19 30 31 32 40 59 61 62 68
 19 30 31 32 40 57 58 63 68
 19 30 31 32 40 57 58 61 62 68
 19 30 31 32 36 67 68
 19 30 31 32 36 65 66 68
 19 30 31 32 36 59 67 68
 19 30 31 32 36 59 65 66 68
 19 30 31 32 36 57 58 67 68
 19 30 31 32 36 57 58 65 66 68
 19 30 31 32 36 40 68
 19 30 31 32 36 40 59 68
 19 30 31 32 36 40 57 58 68
 19 26 60 77
 19 26 60 75 76
 19 26 60 71 77
 19 26 60 71 75 76
 19 26 60 69 70 77
 19 26 60 69 70 75 76
 19 26 59 60 77
 19 26 59 60 75 76
 19 26 58 77
 19 26 58 75 76
 19 26 58 60 77
 19 26 58 60 75 76
 19 26 57 58 60 77
 19 26 57 58 60 75 76
 19 26 50 60
 19 26 50 60 71
 19 26 50 60 69 70
 19 26 50 59 60
 19 26 50 58
 19 26 50 58 60
 19 26 50 57 58 60
 19 26 44 60 77
 19 26 44 60 75 76
 19 26 44 50 60
 19 26 33 59 63
 19 26 33 59 63 74
 19 26 33 59 63 72 73
 19 26 33 59 63 67
 19 26 33 59 63 65 66
 19 26 33 59 62 63
 19 26 33 59 61 62 74
 19 26 33 59 61 62 72 73
 19 26 33 59 61 62 67
 19 26 33 59 61 62 65 66
 19 26 33 59 60 63
 19 26 33 59 60 61 62
 19 26 33 57 59 63 67
 19 26 33 57 59 63 65 66
 19 26 33 57 59 61 62 67
 19 26 33 57 59 61 62 65 66
 19 26 33 57 58 63
 19 26 33 57 58 63 74
 19 26 33 57 58 63 72 73
 19 26 33 57 58 62 63
 19 26 33 57 58 61 62 74
 19 26 33 57 58 61 62 72 73
 19 26 33 57 58 60 63
 19 26 33 57 58 60 61 62
 19 26 33 55 56 59 63 67
 19 26 33 55 56 59 63 65 66
 19 26 33 55 56 59 61 62 67
 19 26 33 55 56 59 61 62 65 66
 19 26 33 55 56 57 58 63 67
 19 26 33 55 56 57 58 63 65 66
 19 26 33 55 56 57 58 61 62 67
 19 26 33 55 56 57 58 61 62 65 66
 19 26 33 47 59 63
 19 26 33 47 59 61 62
 19 26 33 47 57 58 63
 19 26 33 47 57 58 61 62
 19 26 33 40 59 63
 19 26 33 40 59 61 62
 19 26 33 40 57 59 63
 19 26 33 40 57 59 61 62
 19 26 33 40 55 56 59 63
 19 26 33 40 55 56 59 61 62
 19 26 33 40 55 56 57 58 63
 19 26 33 40 55 56 57 58 61 62
 19 26 33 36 59
 19 26 33 36 59 74
 19 26 33 36 59 72 73
 19 26 33 36 59 67
 19 26 33 36 59 65 66
 19 26 33 36 59 62
 19 26 33 36 59 60
 19 26 33 36 57 59 67
 19 26 33 36 57 59 65 66
 19 26 33 36 57 58
 19 26 33 36 57 58 74
 19 26 33 36 57 58 72 73
 19 26 33 36 57 58 62
 19 26 33 36 57 58 60
 19 26 33 36 55 56 59 67
 19 26 33 36 55 56 59 65 66
 19 26 33 36 55 56 57 58 67
 19 26 33 36 55 56 57 58 65 66
 19 26 33 36 47 59
 19 26 33 36 47 57 58
 19 26 33 36 40 59
 19 26 33 36 40 57 59
 19 26 33 36 40 55 56 59
 19 26 33 36 40 55 56 57 58
 19 26 32 33 63
 19 26 32 33 63 74
 19 26 32 33 63 72 73
 19 26 32 33 63 67
 19 26 32 33 63 65 66
 19 26 32 33 62 63
 19 26 32 33 61 62 74
 19 26 32 33 61 62 72 73
 19 26 32 33 61 62 67
 19 26 32 33 61 62 65 66
 19 26 32 33 60 63
 19 26 32 33 60 61 62
 19 26 32 33 57 63 67
 19 26 32 33 57 63 65 66
 19 26 32 33 57 61 62 67
 19 26 32 33 57 61 62 65 66
 19 26 32 33 55 56 63 67
 19 26 32 33 55 56 63 65 66
 19 26 32 33 55 56 61 62 67
 19 26 32 33 55 56 61 62 65 66
 19 26 32 33 47 63
 19 26 32 33 47 61 62
 19 26 32 33 40 63
 19 26 32 33 40 61 62
 19 26 32 33 40 57 63
 19 26 32 33 40 57 61 62
 19 26 32 33 40 55 56 63
 19 26 32 33 40 55 56 61 62
 19 26 32 33 36
 19 26 32 33 36 74
 19 26 32 33 36 72 73
 19 26 32 33 36 67
 19 26 32 33 36 65 66
 19 26 32 33 36 62
 19 26 32 33 36 60
 19 26 32 33 36 57 67
 19 26 32 33 36 57 65 66
 19 26 32 33 36 55 56 67
 19 26 32 33 36 55 56 65 66
 19 26 32 33 36 47
 19 26 32 33 36 40
 19 26 32 33 36 40 57
 19 26 32 33 36 40 55 56
 19 26 31 32 63
 19 26 31 32 63 74
 19 26 31 32 63 72 73
 19 26 31 32 63 67
 19 26 31 32 63 65 66
 19 26 31 32 62 63
 19 26 31 32 61 62 74
 19 26 31 32 61 62 72 73
 19 26 31 32 61 62 67
 19 26 31 32 61 62 65 66
 19 26 31 32 60 63
 19 26 31 32 60 61 62
 19 26 31 32 59 63
 19 26 31 32 59 63 74
 19 26 31 32 59 63 72 73
 19 26 31 32 59 63 67
 19 26 31 32 59 63 65 66
 19 26 31 32 59 62 63
 19 26 31 32 59 61 62 74
 19 26 31 32 59 61 62 72 73
 19 26 31 32 59 61 62 67
 19 26 31 32 59 61 62 65 66
 19 26 31 32 59 60 63
 19 26 31 32 59 60 61 62
 19 26 31 32 57 63 67
 19 26 31 32 57 63 65 66
 19 26 31 32 57 61 62 67
 19 26 31 32 57 61 62 65 66
 19 26 31 32 57 59 63 67
 19 26 31 32 57 59 63 65 66
 19 26 31 32 57 59 61 62 67
 19 26 31 32 57 59 61 62 65 66
 19 26 31 32 57 58 63
 19 26 31 32 57 58 63 74
 19 26 31 32 57 58 63 72 73
 19 26 31 32 57 58 62 63
 19 26 31 32 57 58 61 62 74
 19 26 31 32 57 58 61 62 72 73
 19 26 31 32 57 58 60 63
 19 26 31 32 57 58 60 61 62
 19 26 31 32 55 56 63 67
 19 26 31 32 55 56 63 65 66
 19 26 31 32 55 56 61 62 67
 19 26 31 32 55 56 61 62 65 66
 19 26 31 32 55 56 59 63 67
 19 26 31 32 55 56 59 63 65 66
 19 26 31 32 55 56 59 61 62 67
 19 26 31 32 55 56 59 61 62 65 66
 19 26 31 32 55 56 57 58 63 67
 19 26 31 32 55 56 57 58 63 65 66
 19 26 31 32 55 56 57 58 61 62 67
 19 26 31 32 55 56 57 58 61 62 65 66
 19 26 31 32 47 63
 19 26 31 32 47 61 62
 19 26 31 32 47 59 63
 19 26 31 32 47 59 61 62
 19 26 31 32 47 57 58 63
 19 26 31 32 47 57 58 61 62
 19 26 31 32 40 63
 19 26 31 32 40 61 62
 19 26 31 32 40 59 63
 19 26 31 32 40 59 61 62
 19 26 31 32 40 57 63
 19 26 31 32 40 57 61 62
 19 26 31 32 40 57 59 63
 19 26 31 32 40 57 59 61 62
 19 26 31 32 40 55 56 63
 19 26 31 32 40 55 56 61 62
 19 26 31 32 40 55 56 59 63
 19 26 31 32 40 55 56 59 61 62
 19 26 31 32 40 55 56 57 58 63
 19 26 31 32 40 55 56 57 58 61 62
 19 26 31 32 36
 19 26 31 32 36 74
 19 26 31 32 36 72 73
 19 26 31 32 36 67
 19 26 31 32 36 65 66
 19 26 31 32 36 62
 19 26 31 32 36 60
 19 26 31 32 36 59
 19 26 31 32 36 59 74
 19 26 31 32 36 59 72 73
 19 26 31 32 36 59 67
 19 26 31 32 36 59 65 66
 19 26 31 32 36 59 62
 19 26 31 32 36 59 60
 19 26 31 32 36 57 67
 19 26 31 32 36 57 65 66
 19 26 31 32 36 57 59 67
 19 26 31 32 36 57 59 65 66
 19 26 31 32 36 57 58
 19 26 31 32 36 57 58 74
 19 26 31 32 36 57 58 72 73
 19 26 31 32 36 57 58 62
 19 26 31 32 36 57 58 60
 19 26 31 32 36 55 56 67
 19 26 31 32 36 55 56 65 66
 19 26 31 32 36 55 56 59 67
 19 26 31 32 36 55 56 59 65 66
 19 26 31 32 36 55 56 57 58 67
 19 26 31 32 36 55 56 57 58 65 66
 19 26 31 32 36 47
 19 26 31 32 36 47 59
 19 26 31 32 36 47 57 58
 19 26 31 32 36 40
 19 26 31 32 36 40 59
 19 26 31 32 36 40 57
 19 26 31 32 36 40 57 59
 19 26 31 32 36 40 55 56
 19 26 31 32 36 40 55 56 59
 19 26 31 32 36 40 55 56 57 58
 19 26 30 33 59 63 67
 19 26 30 33 59 63 65 66
 19 26 30 33 59 61 62 67
 19 26 30 33 59 61 62 65 66
 19 26 30 33 57 58 63 67
 19 26 30 33 57 58 63 65 66
 19 26 30 33 57 58 61 62 67
 19 26 30 33 57 58 61 62 65 66
 19 26 30 33 40 59 63
 19 26 30 33 40 59 61 62
 19 26 30 33 40 57 58 63
 19 26 30 33 40 57 58 61 62
 19 26 30 33 36 59 67
 19 26 30 33 36 59 65 66
 19 26 30 33 36 57 58 67
 19 26 30 33 36 57 58 65 66
 19 26 30 33 36 40 59
 19 26 30 33 36 40 57 58
 19 26 30 32 33 63 67
 19 26 30 32 33 63 65 66
 19 26 30 32 33 61 62 67
 19 26 30 32 33 61 62 65 66
 19 26 30 32 33 40 63
 19 26 30 32 33 40 61 62
 19 26 30 32 33 36 67
 19 26 30 32 33 36 65 66
 19 26 30 32 33 36 40
 19 26 30 31 32 63 67
 19 26 30 31 32 63 65 66
 19 26 30 31 32 61 62 67
 19 26 30 31 32 61 62 65 66
 19 26 30 31 32 59 63 67
 19 26 30 31 32 59 63 65 66
 19 26 30 31 32 59 61 62 67
 19 26 30 31 32 59 61 62 65 66
 19 26 30 31 32 57 58 63 67
 19 26 30 31 32 57 58 63 65 66
 19 26 30 31 32 57 58 61 62 67
 19 26 30 31 32 57 58 61 62 65 66
 19 26 30 31 32 40 63
 19 26 30 31 32 40 61 62
 19 26 30 31 32 40 59 63
 19 26 30 31 32 40 59 61 62
 19 26 30 31 32 40 57 58 63
 19 26 30 31 32 40 57 58 61 62
 19 26 30 31 32 36 67
 19 26 30 31 32 36 65 66
 19 26 30 31 32 36 59 67
 19 26 30 31 32 36 59 65 66
 19 26 30 31 32 36 57 58 67
 19 26 30 31 32 36 57 58 65 66
 19 26 30 31 32 36 40
 19 26 30 31 32 36 40 59
 19 26 30 31 32 36 40 57 58
 19 24 25 60 77
 19 24 25 60 75 76
 19 24 25 60 71 77
 19 24 25 60 71 75 76
 19 24 25 60 69 70 77
 19 24 25 60 69 70 75 76
 19 24 25 59 60 77
 19 24 25 59 60 75 76
 19 24 25 58 77
 19 24 25 58 75 76
 19 24 25 58 60 77
 19 24 25 58 60 75 76
 19 24 25 57 58 60 77
 19 24 25 57 58 60 75 76
 19 24 25 50 60
 19 24 25 50 60 71
 19 24 25 50 60 69 70
 19 24 25 50 59 60
 19 24 25 50 58
 19 24 25 50 58 60
 19 24 25 50 57 58 60
 19 24 25 44 60 77
 19 24 25 44 60 75 76
 19 24 25 44 50 60
 19 24 25 33 59 63
 19 24 25 33 59 63 74
 19 24 25 33 59 63 72 73
 19 24 25 33 59 63 67
 19 24 25 33 59 63 65 66
 19 24 25 33 59 62 63
 19 24 25 33 59 61 62 74
 19 24 25 33 59 61 62 72 73
 19 24 25 33 59 61 62 67
 19 24 25 33 59 61 62 65 66
 19 24 25 33 59 60 63
 19 24 25 33 59 60 61 62
 19 24 25 33 57 59 63 67
 19 24 25 33 57 59 63 65 66
 19 24 25 33 57 59 61 62 67
 19 24 25 33 57 59 61 62 65 66
 19 24 25 33 57 58 63
 19 24 25 33 57 58 63 74
 19 24 25 33 57 58 63 72 73
 19 24 25 33 57 58 62 63
 19 24 25 33 57 58 61 62 74
 19 24 25 33 57 58 61 62 72 73
 19 24 25 33 57 58 60 63
 19 24 25 33 57 58 60 61 62
 19 24 25 33 55 56 59 63 67
 19 24 25 33 55 56 59 63 65 66
 19 24 25 33 55 56 59 61 62 67
 19 24 25 33 55 56 59 61 62 65 66
 19 24 25 33 55 56 57 58 63 67
 19 24 25 33 55 56 57 58 63 65 66
 19 24 25 33 55 56 57 58 61 62 67
 19 24 25 33 55 56 57 58 61 62 65 66
 19 24 25 33 47 59 63
 19 24 25 33 47 59 61 62
 19 24 25 33 47 57 58 63
 19 24 25 33 47 57 58 61 62
 19 24 25 33 40 59 63
 19 24 25 33 40 59 61 62
 19 24 25 33 40 57 59 63
 19 24 25 33 40 57 59 61 62
 19 24 25 33 40 55 56 59 63
 19 24 25 33 40 55 56 59 61 62
 19 24 25 33 40 55 56 57 58 63
 19 24 25 33 40 55 56 57 58 61 62
 19 24 25 33 36 59
 19 24 25 33 36 59 74
 19 24 25 33 36 59 72 73
 19 24 25 33 36 59 67
 19 24 25 33 36 59 65 66
 19 24 25 33 36 59 62
 19 24 25 33 36 59 60
 19 24 25 33 36 57 59 67
 19 24 25 33 36 57 59 65 66
 19 24 25 33 36 57 58
 19 24 25 33 36 57 58 74
 19 24 25 33 36 57 58 72 73
 19 24 25 33 36 57 58 62
 19 24 25 33 36 57 58 60
 19 24 25 33 36 55 56 59 67
 19 24 25 33 36 55 56 59 65 66
 19 24 25 33 36 55 56 57 58 67
 19 24 25 33 36 55 56 57 58 65 66
 19 24 25 33 36 47 59
 19 24 25 33 36 47 57 58
 19 24 25 33 36 40 59
 19 24 25 33 36 40 57 59
 19 24 25 33 36 40 55 56 59
 19 24 25 33 36 40 55 56 57 58
 19 24 25 32 33 63
 19 24 25 32 33 63 74
 19 24 25 32 33 63 72 73
 19 24 25 32 33 63 67
 19 24 25 32 33 63 65 66
 19 24 25 32 33 62 63
 19 24 25 32 33 61 62 74
 19 24 25 32 33 61 62 72 73
 19 24 25 32 33 61 62 67
 19 24 25 32 33 61 62 65 66
 19 24 25 32 33 60 63
 19 24 25 32 33 60 61 62
 19 24 25 32 33 57 63 67
 19 24 25 32 33 57 63 65 66
 19 24 25 32 33 57 61 62 67
 19 24 25 32 33 57 61 62 65 66
 19 24 25 32 33 55 56 63 67
 19 24 25 32 33 55 56 63 65 66
 19 24 25 32 33 55 56 61 62 67
 19 24 25 32 33 55 56 61 62 65 66
 19 24 25 32 33 47 63
 19 24 25 32 33 47 61 62
 19 24 25 32 33 40 63
 19 24 25 32 33 40 61 62
 19 24 25 32 33 40 57 63
 19 24 25 32 33 40 57 61 62
 19 24 25 32 33 40 55 56 63
 19 24 25 32 33 40 55 56 61 62
 19 24 25 32 33 36
 19 24 25 32 33 36 74
 19 24 25 32 33 36 72 73
 19 24 25 32 33 36 67
 19 24 25 32 33 36 65 66
 19 24 25 32 33 36 62
 19 24 25 32 33 36 60
 19 24 25 32 33 36 57 67
 19 24 25 32 33 36 57 65 66
 19 24 25 32 33 36 55 56 67
 19 24 25 32 33 36 55 56 65 66
 19 24 25 32 33 36 47
 19 24 25 32 33 36 40
 19 24 25 32 33 36 40 57
 19 24 25 32 33 36 40 55 56
 19 24 25 31 32 63
 19 24 25 31 32 63 74
 19 24 25 31 32 63 72 73
 19 24 25 31 32 63 67
 19 24 25 31 32 63 65 66
 19 24 25 31 32 62 63
 19 24 25 31 32 61 62 74
 19 24 25 31 32 61 62 72 73
 19 24 25 31 32 61 62 67
 19 24 25 31 32 61 62 65 66
 19 24 25 31 32 60 63
 19 24 25 31 32 60 61 62
 19 24 25 31 32 59 63
 19 24 25 31 32 59 63 74
 19 24 25 31 32 59 63 72 73
 19 24 25 31 32 59 63 67
 19 24 25 31 32 59 63 65 66
 19 24 25 31 32 59 62 63
 19 24 25 31 32 59 61 62 74
 19 24 25 31 32 59 61 62 72 73
 19 24 25 31 32 59 61 62 67
 19 24 25 31 32 59 61 62 65 66
 19 24 25 31 32 59 60 63
 19 24 25 31 32 59 60 61 62
 19 24 25 31 32 57 63 67
 19 24 25 31 32 57 63 65 66
 19 24 25 31 32 57 61 62 67
 19 24 25 31 32 57 61 62 65 66
 19 24 25 31 32 57 59 63 67
 19 24 25 31 32 57 59 63 65 66
 19 24 25 31 32 57 59 61 62 67
 19 24 25 31 32 57 59 61 62 65 66
 19 24 25 31 32 57 58 63
 19 24 25 31 32 57 58 63 74
 19 24 25 31 32 57 58 63 72 73
 19 24 25 31 32 57 58 62 63
 19 24 25 31 32 57 58 61 62 74
 19 24 25 31 32 57 58 61 62 72 73
 19 24 25 31 32 57 58 60 63
 19 24 25 31 32 57 58 60 61 62
 19 24 25 31 32 55 56 63 67
 19 24 25 31 32 55 56 63 65 66
 19 24 25 31 32 55 56 61 62 67
 19 24 25 31 32 55 56 61 62 65 66
 19 24 25 31 32 55 56 59 63 67
 19 24 25 31 32 55 56 59 63 65 66
 19 24 25 31 32 55 56 59 61 62 67
 19 24 25 31 32 55 56 59 61 62 65 66
 19 24 25 31 32 55 56 57 58 63 67
 19 24 25 31 32 55 56 57 58 63 65 66
 19 24 25 31 32 55 56 57 58 61 62 67
 19 24 25 31 32 55 56 57 58 61 62 65 66
 19 24 25 31 32 47 63
 19 24 25 31 32 47 61 62
 19 24 25 31 32 47 59 63
 19 24 25 31 32 47 59 61 62
 19 24 25 31 32 47 57 58 63
 19 24 25 31 32 47 57 58 61 62
 19 24 25 31 32 40 63
 19 24 25 31 32 40 61 62
 19 24 25 31 32 40 59 63
 19 24 25 31 32 40 59 61 62
 19 24 25 31 32 40 57 63
 19 24 25 31 32 40 57 61 62
 19 24 25 31 32 40 57 59 63
 19 24 25 31 32 40 57 59 61 62
 19 24 25 31 32 40 55 56 63
 19 24 25 31 32 40 55 56 61 62
 19 24 25 31 32 40 55 56 59 63
 19 24 25 31 32 40 55 56 59 61 62
 19 24 25 31 32 40 55 56 57 58 63
 19 24 25 31 32 40 55 56 57 58 61 62
 19 24 25 31 32 36
 19 24 25 31 32 36 74
 19 24 25 31 32 36 72 73
 19 24 25 31 32 36 67
 19 24 25 31 32 36 65 66
 19 24 25 31 32 36 62
 19 24 25 31 32 36 60
 19 24 25 31 32 36 59
 19 24 25 31 32 36 59 74
 19 24 25 31 32 36 59 72 73
 19 24 25 31 32 36 59 67
 19 24 25 31 32 36 59 65 66
 19 24 25 31 32 36 59 62
 19 24 25 31 32 36 59 60
 19 24 25 31 32 36 57 67
 19 24 25 31 32 36 57 65 66
 19 24 25 31 32 36 57 59 67
 19 24 25 31 32 36 57 59 65 66
 19 24 25 31 32 36 57 58
 19 24 25 31 32 36 57 58 74
 19 24 25 31 32 36 57 58 72 73
 19 24 25 31 32 36 57 58 62
 19 24 25 31 32 36 57 58 60
 19 24 25 31 32 36 55 56 67
 19 24 25 31 32 36 55 56 65 66
 19 24 25 31 32 36 55 56 59 67
 19 24 25 31 32 36 55 56 59 65 66
 19 24 25 31 32 36 55 56 57 58 67
 19 24 25 31 32 36 55 56 57 58 65 66
 19 24 25 31 32 36 47
 19 24 25 31 32 36 47 59
 19 24 25 31 32 36 47 57 58
 19 24 25 31 32 36 40
 19 24 25 31 32 36 40 59
 19 24 25 31 32 36 40 57
 19 24 25 31 32 36 40 57 59
 19 24 25 31 32 36 40 55 56
 19 24 25 31 32 36 40 55 56 59
 19 24 25 31 32 36 40 55 56 57 58
 19 24 25 30 33 59 63 67
 19 24 25 30 33 59 63 65 66
 19 24 25 30 33 59 61 62 67
 19 24 25 30 33 59 61 62 65 66
 19 24 25 30 33 57 58 63 67
 19 24 25 30 33 57 58 63 65 66
 19 24 25 30 33 57 58 61 62 67
 19 24 25 30 33 57 58 61 62 65 66
 19 24 25 30 33 40 59 63
 19 24 25 30 33 40 59 61 62
 19 24 25 30 33 40 57 58 63
 19 24 25 30 33 40 57 58 61 62
 19 24 25 30 33 36 59 67
 19 24 25 30 33 36 59 65 66
 19 24 25 30 33 36 57 58 67
 19 24 25 30 33 36 57 58 65 66
 19 24 25 30 33 36 40 59
 19 24 25 30 33 36 40 57 58
 19 24 25 30 32 33 63 67
 19 24 25 30 32 33 63 65 66
 19 24 25 30 32 33 61 62 67
 19 24 25 30 32 33 61 62 65 66
 19 24 25 30 32 33 40 63
 19 24 25 30 32 33 40 61 62
 19 24 25 30 32 33 36 67
 19 24 25 30 32 33 36 65 66
 19 24 25 30 32 33 36 40
 19 24 25 30 31 32 63 67
 19 24 25 30 31 32 63 65 66
 19 24 25 30 31 32 61 62 67
 19 24 25 30 31 32 61 62 65 66
 19 24 25 30 31 32 59 63 67
 19 24 25 30 31 32 59 63 65 66
 19 24 25 30 31 32 59 61 62 67
 19 24 25 30 31 32 59 61 62 65 66
 19 24 25 30 31 32 57 58 63 67
 19 24 25 30 31 32 57 58 63 65 66
 19 24 25 30 31 32 57 58 61 62 67
 19 24 25 30 31 32 57 58 61 62 65 66
 19 24 25 30 31 32 40 63
 19 24 25 30 31 32 40 61 62
 19 24 25 30 31 32 40 59 63
 19 24 25 30 31 32 40 59 61 62
 19 24 25 30 31 32 40 57 58 63
 19 24 25 30 31 32 40 57 58 61 62
 19 24 25 30 31 32 36 67
 19 24 25 30 31 32 36 65 66
 19 24 25 30 31 32 36 59 67
 19 24 25 30 31 32 36 59 65 66
 19 24 25 30 31 32 36 57 58 67
 19 24 25 30 31 32 36 57 58 65 66
 19 24 25 30 31 32 36 40
 19 24 25 30 31 32 36 40 59
 19 24 25 30 31 32 36 40 57 58
 6 46 59 63 68
 6 46 59 63 68 74
 6 46 59 63 68 72 73
 6 46 59 63 67 68
 6 46 59 63 65 66 68
 6 46 59 62 63 68
 6 46 59 61 62 68 74
 6 46 59 61 62 68 72 73
 6 46 59 61 62 67 68
 6 46 59 61 62 65 66 68
 6 46 59 60 63 68
 6 46 59 60 61 62 68
 6 46 57 59 63 67 68
 6 46 57 59 63 65 66 68
 6 46 57 59 61 62 67 68
 6 46 57 59 61 62 65 66 68
 6 46 57 58 63 68
 6 46 57 58 63 68 74
 6 46 57 58 63 68 72 73
 6 46 57 58 62 63 68
 6 46 57 58 61 62 68 74
 6 46 57 58 61 62 68 72 73
 6 46 57 58 60 63 68
 6 46 57 58 60 61 62 68
 6 46 55 56 59 63 67 68
 6 46 55 56 59 63 65 66 68
 6 46 55 56 59 61 62 67 68
 6 46 55 56 59 61 62 65 66 68
 6 46 55 56 57 58 63 67 68
 6 46 55 56 57 58 63 65 66 68
 6 46 55 56 57 58 61 62 67 68
 6 46 55 56 57 58 61 62 65 66 68
 6 46 47 59 63 68
 6 46 47 59 61 62 68
 6 46 47 57 58 63 68
 6 46 47 57 58 61 62 68
 6 44 45 59 63 68
 6 44 45 59 63 68 74
 6 44 45 59 63 68 72 73
 6 44 45 59 63 67 68
 6 44 45 59 63 65 66 68
 6 44 45 59 62 63 68
 6 44 45 59 61 62 68 74
 6 44 45 59 61 62 68 72 73
 6 44 45 59 61 62 67 68
 6 44 45 59 61 62 65 66 68
 6 44 45 59 60 63 68
 6 44 45 59 60 61 62 68
 6 44 45 57 59 63 67 68
 6 44 45 57 59 63 65 66 68
 6 44 45 57 59 61 62 67 68
 6 44 45 57 59 61 62 65 66 68
 6 44 45 57 58 63 68
 6 44 45 57 58 63 68 74
 6 44 45 57 58 63 68 72 73
 6 44 45 57 58 62 63 68
 6 44 45 57 58 61 62 68 74
 6 44 45 57 58 61 62 68 72 73
 6 44 45 57 58 60 63 68
 6 44 45 57 58 60 61 62 68
 6 44 45 55 56 59 63 67 68
 6 44 45 55 56 59 63 65 66 68
 6 44 45 55 56 59 61 62 67 68
 6 44 45 55 56 59 61 62 65 66 68
 6 44 45 55 56 57 58 63 67 68
 6 44 45 55 56 57 58 63 65 66 68
 6 44 45 55 56 57 58 61 62 67 68
 6 44 45 55 56 57 58 61 62 65 66 68
 6 44 45 47 59 63 68
 6 44 45 47 59 61 62 68
 6 44 45 47 57 58 63 68
 6 44 45 47 57 58 61 62 68
 6 40 46 59 63 68
 6 40 46 59 61 62 68
 6 40 46 57 59 63 68
 6 40 46 57 59 61 62 68
 6 40 46 55 56 59 63 68
 6 40 46 55 56 59 61 62 68
 6 40 46 55 56 57 58 63 68
 6 40 46 55 56 57 58 61 62 68
 6 40 44 45 59 63 68
 6 40 44 45 59 61 62 68
 6 40 44 45 57 59 63 68
 6 40 44 45 57 59 61 62 68
 6 40 44 45 55 56 59 63 68
 6 40 44 45 55 56 59 61 62 68
 6 40 44 45 55 56 57 58 63 68
 6 40 44 45 55 56 57 58 61 62 68
 6 36 46 59 68
 6 36 46 59 68 74
 6 36 46 59 68 72 73
 6 36 46 59 67 68
 6 36 46 59 65 66 68
 6 36 46 59 62 68
 6 36 46 59 60 68
 6 36 46 57 59 67 68
 6 36 46 57 59 65 66 68
 6 36 46 57 58 68
 6 36 46 57 58 68 74
 6 36 46 57 58 68 72 73
 6 36 46 57 58 62 68
 6 36 46 57 58 60 68
 6 36 46 55 56 59 67 68
 6 36 46 55 56 59 65 66 68
 6 36 46 55 56 57 58 67 68
 6 36 46 55 56 57 58 65 66 68
 6 36 46 47 59 68
 6 36 46 47 57 58 68
 6 36 44 45 59 68
 6 36 44 45 59 68 74
 6 36 44 45 59 68 72 73
 6 36 44 45 59 67 68
 6 36 44 45 59 65 66 68
 6 36 44 45 59 62 68
 6 36 44 45 59 60 68
 6 36 44 45 57 59 67 68
 6 36 44 45 57 59 65 66 68
 6 36 44 45 57 58 68
 6 36 44 45 57 58 68 74
 6 36 44 45 57 58 68 72 73
 6 36 44 45 57 58 62 68
 6 36 44 45 57 58 60 68
 6 36 44 45 55 56 59 67 68
 6 36 44 45 55 56 59 65 66 68
 6 36 44 45 55 56 57 58 67 68
 6 36 44 45 55 56 57 58 65 66 68
 6 36 44 45 47 59 68
 6 36 44 45 47 57 58 68
 6 36 40 46 59 68
 6 36 40 46 57 59 68
 6 36 40 46 55 56 59 68
 6 36 40 46 55 56 57 58 68
 6 36 40 44 45 59 68
 6 36 40 44 45 57 59 68
 6 36 40 44 45 55 56 59 68
 6 36 40 44 45 55 56 57 58 68
 6 32 46 63 68
 6 32 46 63 68 74
 6 32 46 63 68 72 73
 6 32 46 63 67 68
 6 32 46 63 65 66 68
 6 32 46 62 63 68
 6 32 46 61 62 68 74
 6 32 46 61 62 68 72 73
 6 32 46 61 62 67 68
 6 32 46 61 62 65 66 68
 6 32 46 60 63 68
 6 32 46 60 61 62 68
 6 32 46 57 63 67 68
 6 32 46 57 63 65 66 68
 6 32 46 57 61 62 67 68
 6 32 46 57 61 62 65 66 68
 6 32 46 55 56 63 67 68
 6 32 46 55 56 63 65 66 68
 6 32 46 55 56 61 62 67 68
 6 32 46 55 56 61 62 65 66 68
 6 32 46 47 63 68
 6 32 46 47 61 62 68
 6 32 44 45 63 68
 6 32 44 45 63 68 74
 6 32 44 45 63 68 72 73
 6 32 44 45 63 67 68
 6 32 44 45 63 65 66 68
 6 32 44 45 62 63 68
 6 32 44 45 61 62 68 74
 6 32 44 45 61 62 68 72 73
 6 32 44 45 61 62 67 68
 6 32 44 45 61 62 65 66 68
 6 32 44 45 60 63 68
 6 32 44 45 60 61 62 68
 6 32 44 45 57 63 67 68
 6 32 44 45 57 63 65 66 68
 6 32 44 45 57 61 62 67 68
 6 32 44 45 57 61 62 65 66 68
 6 32 44 45 55 56 63 67 68
 6 32 44 45 55 56 63 65 66 68
 6 32 44 45 55 56 61 62 67 68
 6 32 44 45 55 56 61 62 65 66 68
 6 32 44 45 47 63 68
 6 32 44 45 47 61 62 68
 6 32 40 46 63 68
 6 32 40 46 61 62 68
 6 32 40 46 57 63 68
 6 32 40 46 57 61 62 68
 6 32 40 46 55 56 63 68
 6 32 40 46 55 56 61 62 68
 6 32 40 44 45 63 68
 6 32 40 44 45 61 62 68
 6 32 40 44 45 57 63 68
 6 32 40 44 45 57 61 62 68
 6 32 40 44 45 55 56 63 68
 6 32 40 44 45 55 56 61 62 68
 6 32 36 46 68
 6 32 36 46 68 74
 6 32 36 46 68 72 73
 6 32 36 46 67 68
 6 32 36 46 65 66 68
 6 32 36 46 62 68
 6 32 36 46 60 68
 6 32 36 46 57 67 68
 6 32 36 46 57 65 66 68
 6 32 36 46 55 56 67 68
 6 32 36 46 55 56 65 66 68
 6 32 36 46 47 68
 6 32 36 44 45 68
 6 32 36 44 45 68 74
 6 32 36 44 45 68 72 73
 6 32 36 44 45 67 68
 6 32 36 44 45 65 66 68
 6 32 36 44 45 62 68
 6 32 36 44 45 60 68
 6 32 36 44 45 57 67 68
 6 32 36 44 45 57 65 66 68
 6 32 36 44 45 55 56 67 68
 6 32 36 44 45 55 56 65 66 68
 6 32 36 44 45 47 68
 6 32 36 40 46 68
 6 32 36 40 46 57 68
 6 32 36 40 46 55 56 68
 6 32 36 40 44 45 68
 6 32 36 40 44 45 57 68
 6 32 36 40 44 45 55 56 68
 6 30 46 59 63 67 68
 6 30 46 59 63 65 66 68
 6 30 46 59 61 62 67 68
 6 30 46 59 61 62 65 66 68
 6 30 46 57 58 63 67 68
 6 30 46 57 58 63 65 66 68
 6 30 46 57 58 61 62 67 68
 6 30 46 57 58 61 62 65 66 68
 6 30 44 45 59 63 67 68
 6 30 44 45 59 63 65 66 68
 6 30 44 45 59 61 62 67 68
 6 30 44 45 59 61 62 65 66 68
 6 30 44 45 57 58 63 67 68
 6 30 44 45 57 58 63 65 66 68
 6 30 44 45 57 58 61 62 67 68
 6 30 44 45 57 58 61 62 65 66 68
 6 30 40 46 59 63 68
 6 30 40 46 59 61 62 68
 6 30 40 46 57 58 63 68
 6 30 40 46 57 58 61 62 68
 6 30 40 44 45 59 63 68
 6 30 40 44 45 59 61 62 68
 6 30 40 44 45 57 58 63 68
 6 30 40 44 45 57 58 61 62 68
 6 30 36 46 59 67 68
 6 30 36 46 59 65 66 68
 6 30 36 46 57 58 67 68
 6 30 36 46 57 58 65 66 68
 6 30 36 44 45 59 67 68
 6 30 36 44 45 59 65 66 68
 6 30 36 44 45 57 58 67 68
 6 30 36 44 45 57 58 65 66 68
 6 30 36 40 46 59 68
 6 30 36 40 46 57 58 68
 6 30 36 40 44 45 59 68
 6 30 36 40 44 45 57 58 68
 6 30 32 46 63 67 68
 6 30 32 46 63 65 66 68
 6 30 32 46 61 62 67 68
 6 30 32 46 61 62 65 66 68
 6 30 32 44 45 63 67 68
 6 30 32 44 45 63 65 66 68
 6 30 32 44 45 61 62 67 68
 6 30 32 44 45 61 62 65 66 68
 6 30 32 40 46 63 68
 6 30 32 40 46 61 62 68
 6 30 32 40 44 45 63 68
 6 30 32 40 44 45 61 62 68
 6 30 32 36 46 67 68
 6 30 32 36 46 65 66 68
 6 30 32 36 44 45 67 68
 6 30 32 36 44 45 65 66 68
 6 30 32 36 40 46 68
 6 30 32 36 40 44 45 68
 6 26 46 59 63
 6 26 46 59 63 74
 6 26 46 59 63 72 73
 6 26 46 59 63 67
 6 26 46 59 63 65 66
 6 26 46 59 62 63
 6 26 46 59 61 62 74
 6 26 46 59 61 62 72 73
 6 26 46 59 61 62 67
 6 26 46 59 61 62 65 66
 6 26 46 59 60 63
 6 26 46 59 60 61 62
 6 26 46 57 59 63 67
 6 26 46 57 59 63 65 66
 6 26 46 57 59 61 62 67
 6 26 46 57 59 61 62 65 66
 6 26 46 57 58 63
 6 26 46 57 58 63 74
 6 26 46 57 58 63 72 73
 6 26 46 57 58 62 63
 6 26 46 57 58 61 62 74
 6 26 46 57 58 61 62 72 73
 6 26 46 57 58 60 63
 6 26 46 57 58 60 61 62
 6 26 46 55 56 59 63 67
 6 26 46 55 56 59 63 65 66
 6 26 46 55 56 59 61 62 67
 6 26 46 55 56 59 61 62 65 66
 6 26 46 55 56 57 58 63 67
 6 26 46 55 56 57 58 63 65 66
 6 26 46 55 56 57 58 61 62 67
 6 26 46 55 56 57 58 61 62 65 66
 6 26 46 47 59 63
 6 26 46 47 59 61 62
 6 26 46 47 57 58 63
 6 26 46 47 57 58 61 62
 6 26 44 45 59 63
 6 26 44 45 59 63 74
 6 26 44 45 59 63 72 73
 6 26 44 45 59 63 67
 6 26 44 45 59 63 65 66
 6 26 44 45 59 62 63
 6 26 44 45 59 61 62 74
 6 26 44 45 59 61 62 72 73
 6 26 44 45 59 61 62 67
 6 26 44 45 59 61 62 65 66
 6 26 44 45 59 60 63
 6 26 44 45 59 60 61 62
 6 26 44 45 57 59 63 67
 6 26 44 45 57 59 63 65 66
 6 26 44 45 57 59 61 62 67
 6 26 44 45 57 59 61 62 65 66
 6 26 44 45 57 58 63
 6 26 44 45 57 58 63 74
 6 26 44 45 57 58 63 72 73
 6 26 44 45 57 58 62 63
 6 26 44 45 57 58 61 62 74
 6 26 44 45 57 58 61 62 72 73
 6 26 44 45 57 58 60 63
 6 26 44 45 57 58 60 61 62
 6 26 44 45 55 56 59 63 67
 6 26 44 45 55 56 59 63 65 66
 6 26 44 45 55 56 59 61 62 67
 6 26 44 45 55 56 59 61 62 65 66
 6 26 44 45 55 56 57 58 63 67
 6 26 44 45 55 56 57 58 63 65 66
 6 26 44 45 55 56 57 58 61 62 67
 6 26 44 45 55 56 57 58 61 62 65 66
 6 26 44 45 47 59 63
 6 26 44 45 47 59 61 62
 6 26 44 45 47 57 58 63
 6 26 44 45 47 57 58 61 62
 6 26 40 46 59 63
 6 26 40 46 59 61 62
 6 26 40 46 57 59 63
 6 26 40 46 57 59 61 62
 6 26 40 46 55 56 59 63
 6 26 40 46 55 56 59 61 62
 6 26 40 46 55 56 57 58 63
 6 26 40 46 55 56 57 58 61 62
 6 26 40 44 45 59 63
 6 26 40 44 45 59 61 62
 6 26 40 44 45 57 59 63
 6 26 40 44 45 57 59 61 62
 6 26 40 44 45 55 56 59 63
 6 26 40 44 45 55 56 59 61 62
 6 26 40 44 45 55 56 57 58 63
 6 26 40 44 45 55 56 57 58 61 62
 6 26 36 46 59
 6 26 36 46 59 74
 6 26 36 46 59 72 73
 6 26 36 46 59 67
 6 26 36 46 59 65 66
 6 26 36 46 59 62
 6 26 36 46 59 60
 6 26 36 46 57 59 67
 6 26 36 46 57 59 65 66
 6 26 36 46 57 58
 6 26 36 46 57 58 74
 6 26 36 46 57 58 72 73
 6 26 36 46 57 58 62
 6 26 36 46 57 58 60
 6 26 36 46 55 56 59 67
 6 26 36 46 55 56 59 65 66
 6 26 36 46 55 56 57 58 67
 6 26 36 46 55 56 57 58 65 66
 6 26 36 46 47 59
 6 26 36 46 47 57 58
 6 26 36 44 45 59
 6 26 36 44 45 59 74
 6 26 36 44 45 59 72 73
 6 26 36 44 45 59 67
 6 26 36 44 45 59 65 66
 6 26 36 44 45 59 62
 6 26 36 44 45 59 60
 6 26 36 44 45 57 59 67
 6 26 36 44 45 57 59 65 66
 6 26 36 44 45 57 58
 6 26 36 44 45 57 58 74
 6 26 36 44 45 57 58 72 73
 6 26 36 44 45 57 58 62
 6 26 36 44 45 57 58 60
 6 26 36 44 45 55 56 59 67
 6 26 36 44 45 55 56 59 65 66
 6 26 36 44 45 55 56 57 58 67
 6 26 36 44 45 55 56 57 58 65 66
 6 26 36 44 45 47 59
 6 26 36 44 45 47 57 58
 6 26 36 40 46 59
 6 26 36 40 46 57 59
 6 26 36 40 46 55 56 59
 6 26 36 40 46 55 56 57 58
 6 26 36 40 44 45 59
 6 26 36 40 44 45 57 59
 6 26 36 40 44 45 55 56 59
 6 26 36 40 44 45 55 56 57 58
 6 26 32 46 63
 6 26 32 46 63 74
 6 26 32 46 63 72 73
 6 26 32 46 63 67
 6 26 32 46 63 65 66
 6 26 32 46 62 63
 6 26 32 46 61 62 74
 6 26 32 46 61 62 72 73
 6 26 32 46 61 62 67
 6 26 32 46 61 62 65 66
 6 26 32 46 60 63
 6 26 32 46 60 61 62
 6 26 32 46 57 63 67
 6 26 32 46 57 63 65 66
 6 26 32 46 57 61 62 67
 6 26 32 46 57 61 62 65 66
 6 26 32 46 55 56 63 67
 6 26 32 46 55 56 63 65 66
 6 26 32 46 55 56 61 62 67
 6 26 32 46 55 56 61 62 65 66
 6 26 32 46 47 63
 6 26 32 46 47 61 62
 6 26 32 44 45 63
 6 26 32 44 45 63 74
 6 26 32 44 45 63 72 73
 6 26 32 44 45 63 67
 6 26 32 44 45 63 65 66
 6 26 32 44 45 62 63
 6 26 32 44 45 61 62 74
 6 26 32 44 45 61 62 72 73
 6 26 32 44 45 61 62 67
 6 26 32 44 45 61 62 65 66
 6 26 32 44 45 60 63
 6 26 32 44 45 60 61 62
 6 26 32 44 45 57 63 67
 6 26 32 44 45 57 63 65 66
 6 26 32 44 45 57 61 62 67
 6 26 32 44 45 57 61 62 65 66
 6 26 32 44 45 55 56 63 67
 6 26 32 44 45 55 56 63 65 66
 6 26 32 44 45 55 56 61 62 67
 6 26 32 44 45 55 56 61 62 65 66
 6 26 32 44 45 47 63
 6 26 32 44 45 47 61 62
 6 26 32 40 46 63
 6 26 32 40 46 61 62
 6 26 32 40 46 57 63
 6 26 32 40 46 57 61 62
 6 26 32 40 46 55 56 63
 6 26 32 40 46 55 56 61 62
 6 26 32 40 44 45 63
 6 26 32 40 44 45 61 62
 6 26 32 40 44 45 57 63
 6 26 32 40 44 45 57 61 62
 6 26 32 40 44 45 55 56 63
 6 26 32 40 44 45 55 56 61 62
 6 26 32 36 46
 6 26 32 36 46 74
 6 26 32 36 46 72 73
 6 26 32 36 46 67
 6 26 32 36 46 65 66
 6 26 32 36 46 62
 6 26 32 36 46 60
 6 26 32 36 46 57 67
 6 26 32 36 46 57 65 66
 6 26 32 36 46 55 56 67
 6 26 32 36 46 55 56 65 66
 6 26 32 36 46 47
 6 26 32 36 44 45
 6 26 32 36 44 45 74
 6 26 32 36 44 45 72 73
 6 26 32 36 44 45 67
 6 26 32 36 44 45 65 66
 6 26 32 36 44 45 62
 6 26 32 36 44 45 60
 6 26 32 36 44 45 57 67
 6 26 32 36 44 45 57 65 66
 6 26 32 36 44 45 55 56 67
 6 26 32 36 44 45 55 56 65 66
 6 26 32 36 44 45 47
 6 26 32 36 40 46
 6 26 32 36 40 46 57
 6 26 32 36 40 46 55 56
 6 26 32 36 40 44 45
 6 26 32 36 40 44 45 57
 6 26 32 36 40 44 45 55 56
 6 26 30 46 59 63 67
 6 26 30 46 59 63 65 66
 6 26 30 46 59 61 62 67
 6 26 30 46 59 61 62 65 66
 6 26 30 46 57 58 63 67
 6 26 30 46 57 58 63 65 66
 6 26 30 46 57 58 61 62 67
 6 26 30 46 57 58 61 62 65 66
 6 26 30 44 45 59 63 67
 6 26 30 44 45 59 63 65 66
 6 26 30 44 45 59 61 62 67
 6 26 30 44 45 59 61 62 65 66
 6 26 30 44 45 57 58 63 67
 6 26 30 44 45 57 58 63 65 66
 6 26 30 44 45 57 58 61 62 67
 6 26 30 44 45 57 58 61 62 65 66
 6 26 30 40 46 59 63
 6 26 30 40 46 59 61 62
 6 26 30 40 46 57 58 63
 6 26 30 40 46 57 58 61 62
 6 26 30 40 44 45 59 63
 6 26 30 40 44 45 59 61 62
 6 26 30 40 44 45 57 58 63
 6 26 30 40 44 45 57 58 61 62
 6 26 30 36 46 59 67
 6 26 30 36 46 59 65 66
 6 26 30 36 46 57 58 67
 6 26 30 36 46 57 58 65 66
 6 26 30 36 44 45 59 67
 6 26 30 36 44 45 59 65 66
 6 26 30 36 44 45 57 58 67
 6 26 30 36 44 45 57 58 65 66
 6 26 30 36 40 46 59
 6 26 30 36 40 46 57 58
 6 26 30 36 40 44 45 59
 6 26 30 36 40 44 45 57 58
 6 26 30 32 46 63 67
 6 26 30 32 46 63 65 66
 6 26 30 32 46 61 62 67
 6 26 30 32 46 61 62 65 66
 6 26 30 32 44 45 63 67
 6 26 30 32 44 45 63 65 66
 6 26 30 32 44 45 61 62 67
 6 26 30 32 44 45 61 62 65 66
 6 26 30 32 40 46 63
 6 26 30 32 40 46 61 62
 6 26 30 32 40 44 45 63
 6 26 30 32 40 44 45 61 62
 6 26 30 32 36 46 67
 6 26 30 32 36 46 65 66
 6 26 30 32 36 44 45 67
 6 26 30 32 36 44 45 65 66
 6 26 30 32 36 40 46
 6 26 30 32 36 40 44 45
 6 24 25 46 59 63
 6 24 25 46 59 63 74
 6 24 25 46 59 63 72 73
 6 24 25 46 59 63 67
 6 24 25 46 59 63 65 66
 6 24 25 46 59 62 63
 6 24 25 46 59 61 62 74
 6 24 25 46 59 61 62 72 73
 6 24 25 46 59 61 62 67
 6 24 25 46 59 61 62 65 66
 6 24 25 46 59 60 63
 6 24 25 46 59 60 61 62
 6 24 25 46 57 59 63 67
 6 24 25 46 57 59 63 65 66
 6 24 25 46 57 59 61 62 67
 6 24 25 46 57 59 61 62 65 66
 6 24 25 46 57 58 63
 6 24 25 46 57 58 63 74
 6 24 25 46 57 58 63 72 73
 6 24 25 46 57 58 62 63
 6 24 25 46 57 58 61 62 74
 6 24 25 46 57 58 61 62 72 73
 6 24 25 46 57 58 60 63
 6 24 25 46 57 58 60 61 62
 6 24 25 46 55 56 59 63 67
 6 24 25 46 55 56 59 63 65 66
 6 24 25 46 55 56 59 61 62 67
 6 24 25 46 55 56 59 61 62 65 66
 6 24 25 46 55 56 57 58 63 67
 6 24 25 46 55 56 57 58 63 65 66
 6 24 25 46 55 56 57 58 61 62 67
 6 24 25 46 55 56 57 58 61 62 65 66
 6 24 25 46 47 59 63
 6 24 25 46 47 59 61 62
 6 24 25 46 47 57 58 63
 6 24 25 46 47 57 58 61 62
 6 24 25 44 45 59 63
 6 24 25 44 45 59 63 74
 6 24 25 44 45 59 63 72 73
 6 24 25 44 45 59 63 67
 6 24 25 44 45 59 63 65 66
 6 24 25 44 45 59 62 63
 6 24 25 44 45 59 61 62 74
 6 24 25 44 45 59 61 62 72 73
 6 24 25 44 45 59 61 62 67
 6 24 25 44 45 59 61 62 65 66
 6 24 25 44 45 59 60 63
 6 24 25 44 45 59 60 61 62
 6 24 25 44 45 57 59 63 67
 6 24 25 44 45 57 59 63 65 66
 6 24 25 44 45 57 59 61 62 67
 6 24 25 44 45 57 59 61 62 65 66
 6 24 25 44 45 57 58 63
 6 24 25 44 45 57 58 63 74
 6 24 25 44 45 57 58 63 72 73
 6 24 25 44 45 57 58 62 63
 6 24 25 44 45 57 58 61 62 74
 6 24 25 44 45 57 58 61 62 72 73
 6 24 25 44 45 57 58 60 63
 6 24 25 44 45 57 58 60 61 62
 6 24 25 44 45 55 56 59 63 67
 6 24 25 44 45 55 56 59 63 65 66
 6 24 25 44 45 55 56 59 61 62 67
 6 24 25 44 45 55 56 59 61 62 65 66
 6 24 25 44 45 55 56 57 58 63 67
 6 24 25 44 45 55 56 57 58 63 65 66
 6 24 25 44 45 55 56 57 58 61 62 67
 6 24 25 44 45 55 56 57 58 61 62 65 66
 6 24 25 44 45 47 59 63
 6 24 25 44 45 47 59 61 62
 6 24 25 44 45 47 57 58 63
 6 24 25 44 45 47 57 58 61 62
 6 24 25 40 46 59 63
 6 24 25 40 46 59 61 62
 6 24 25 40 46 57 59 63
 6 24 25 40 46 57 59 61 62
 6 24 25 40 46 55 56 59 63
 6 24 25 40 46 55 56 59 61 62
 6 24 25 40 46 55 56 57 58 63
 6 24 25 40 46 55 56 57 58 61 62
 6 24 25 40 44 45 59 63
 6 24 25 40 44 45 59 61 62
 6 24 25 40 44 45 57 59 63
 6 24 25 40 44 45 57 59 61 62
 6 24 25 40 44 45 55 56 59 63
 6 24 25 40 44 45 55 56 59 61 62
 6 24 25 40 44 45 55 56 57 58 63
 6 24 25 40 44 45 55 56 57 58 61 62
 6 24 25 36 46 59
 6 24 25 36 46 59 74
 6 24 25 36 46 59 72 73
 6 24 25 36 46 59 67
 6 24 25 36 46 59 65 66
 6 24 25 36 46 59 62
 6 24 25 36 46 59 60
 6 24 25 36 46 57 59 67
 6 24 25 36 46 57 59 65 66
 6 24 25 36 46 57 58
 6 24 25 36 46 57 58 74
 6 24 25 36 46 57 58 72 73
 6 24 25 36 46 57 58 62
 6 24 25 36 46 57 58 60
 6 24 25 36 46 55 56 59 67
 6 24 25 36 46 55 56 59 65 66
 6 24 25 36 46 55 56 57 58 67
 6 24 25 36 46 55 56 57 58 65 66
 6 24 25 36 46 47 59
 6 24 25 36 46 47 57 58
 6 24 25 36 44 45 59
 6 24 25 36 44 45 59 74
 6 24 25 36 44 45 59 72 73
 6 24 25 36 44 45 59 67
 6 24 25 36 44 45 59 65 66
 6 24 25 36 44 45 59 62
 6 24 25 36 44 45 59 60
 6 24 25 36 44 45 57 59 67
 6 24 25 36 44 45 57 59 65 66
 6 24 25 36 44 45 57 58
 6 24 25 36 44 45 57 58 74
 6 24 25 36 44 45 57 58 72 73
 6 24 25 36 44 45 57 58 62
 6 24 25 36 44 45 57 58 60
 6 24 25 36 44 45 55 56 59 67
 6 24 25 36 44 45 55 56 59 65 66
 6 24 25 36 44 45 55 56 57 58 67
 6 24 25 36 44 45 55 56 57 58 65 66
 6 24 25 36 44 45 47 59
 6 24 25 36 44 45 47 57 58
 6 24 25 36 40 46 59
 6 24 25 36 40 46 57 59
 6 24 25 36 40 46 55 56 59
 6 24 25 36 40 46 55 56 57 58
 6 24 25 36 40 44 45 59
 6 24 25 36 40 44 45 57 59
 6 24 25 36 40 44 45 55 56 59
 6 24 25 36 40 44 45 55 56 57 58
 6 24 25 32 46 63
 6 24 25 32 46 63 74
 6 24 25 32 46 63 72 73
 6 24 25 32 46 63 67
 6 24 25 32 46 63 65 66
 6 24 25 32 46 62 63
 6 24 25 32 46 61 62 74
 6 24 25 32 46 61 62 72 73
 6 24 25 32 46 61 62 67
 6 24 25 32 46 61 62 65 66
 6 24 25 32 46 60 63
 6 24 25 32 46 60 61 62
 6 24 25 32 46 57 63 67
 6 24 25 32 46 57 63 65 66
 6 24 25 32 46 57 61 62 67
 6 24 25 32 46 57 61 62 65 66
 6 24 25 32 46 55 56 63 67
 6 24 25 32 46 55 56 63 65 66
 6 24 25 32 46 55 56 61 62 67
 6 24 25 32 46 55 56 61 62 65 66
 6 24 25 32 46 47 63
 6 24 25 32 46 47 61 62
 6 24 25 32 44 45 63
 6 24 25 32 44 45 63 74
 6 24 25 32 44 45 63 72 73
 6 24 25 32 44 45 63 67
 6 24 25 32 44 45 63 65 66
 6 24 25 32 44 45 62 63
 6 24 25 32 44 45 61 62 74
 6 24 25 32 44 45 61 62 72 73
 6 24 25 32 44 45 61 62 67
 6 24 25 32 44 45 61 62 65 66
 6 24 25 32 44 45 60 63
 6 24 25 32 44 45 60 61 62
 6 24 25 32 44 45 57 63 67
 6 24 25 32 44 45 57 63 65 66
 6 24 25 32 44 45 57 61 62 67
 6 24 25 32 44 45 57 61 62 65 66
 6 24 25 32 44 45 55 56 63 67
 6 24 25 32 44 45 55 56 63 65 66
 6 24 25 32 44 45 55 56 61 62 67
 6 24 25 32 44 45 55 56 61 62 65 66
 6 24 25 32 44 45 47 63
 6 24 25 32 44 45 47 61 62
 6 24 25 32 40 46 63
 6 24 25 32 40 46 61 62
 6 24 25 32 40 46 57 63
 6 24 25 32 40 46 57 61 62
 6 24 25 32 40 46 55 56 63
 6 24 25 32 40 46 55 56 61 62
 6 24 25 32 40 44 45 63
 6 24 25 32 40 44 45 61 62
 6 24 25 32 40 44 45 57 63
 6 24 25 32 40 44 45 57 61 62
 6 24 25 32 40 44 45 55 56 63
 6 24 25 32 40 44 45 55 56 61 62
 6 24 25 32 36 46
 6 24 25 32 36 46 74
 6 24 25 32 36 46 72 73
 6 24 25 32 36 46 67
 6 24 25 32 36 46 65 66
 6 24 25 32 36 46 62
 6 24 25 32 36 46 60
 6 24 25 32 36 46 57 67
 6 24 25 32 36 46 57 65 66
 6 24 25 32 36 46 55 56 67
 6 24 25 32 36 46 55 56 65 66
 6 24 25 32 36 46 47
 6 24 25 32 36 44 45
 6 24 25 32 36 44 45 74
 6 24 25 32 36 44 45 72 73
 6 24 25 32 36 44 45 67
 6 24 25 32 36 44 45 65 66
 6 24 25 32 36 44 45 62
 6 24 25 32 36 44 45 60
 6 24 25 32 36 44 45 57 67
 6 24 25 32 36 44 45 57 65 66
 6 24 25 32 36 44 45 55 56 67
 6 24 25 32 36 44 45 55 56 65 66
 6 24 25 32 36 44 45 47
 6 24 25 32 36 40 46
 6 24 25 32 36 40 46 57
 6 24 25 32 36 40 46 55 56
 6 24 25 32 36 40 44 45
 6 24 25 32 36 40 44 45 57
 6 24 25 32 36 40 44 45 55 56
 6 24 25 30 46 59 63 67
 6 24 25 30 46 59 63 65 66
 6 24 25 30 46 59 61 62 67
 6 24 25 30 46 59 61 62 65 66
 6 24 25 30 46 57 58 63 67
 6 24 25 30 46 57 58 63 65 66
 6 24 25 30 46 57 58 61 62 67
 6 24 25 30 46 57 58 61 62 65 66
 6 24 25 30 44 45 59 63 67
 6 24 25 30 44 45 59 63 65 66
 6 24 25 30 44 45 59 61 62 67
 6 24 25 30 44 45 59 61 62 65 66
 6 24 25 30 44 45 57 58 63 67
 6 24 25 30 44 45 57 58 63 65 66
 6 24 25 30 44 45 57 58 61 62 67
 6 24 25 30 44 45 57 58 61 62 65 66
 6 24 25 30 40 46 59 63
 6 24 25 30 40 46 59 61 62
 6 24 25 30 40 46 57 58 63
 6 24 25 30 40 46 57 58 61 62
 6 24 25 30 40 44 45 59 63
 6 24 25 30 40 44 45 59 61 62
 6 24 25 30 40 44 45 57 58 63
 6 24 25 30 40 44 45 57 58 61 62
 6 24 25 30 36 46 59 67
 6 24 25 30 36 46 59 65 66
 6 24 25 30 36 46 57 58 67
 6 24 25 30 36 46 57 58 65 66
 6 24 25 30 36 44 45 59 67
 6 24 25 30 36 44 45 59 65 66
 6 24 25 30 36 44 45 57 58 67
 6 24 25 30 36 44 45 57 58 65 66
 6 24 25 30 36 40 46 59
 6 24 25 30 36 40 46 57 58
 6 24 25 30 36 40 44 45 59
 6 24 25 30 36 40 44 45 57 58
 6 24 25 30 32 46 63 67
 6 24 25 30 32 46 63 65 66
 6 24 25 30 32 46 61 62 67
 6 24 25 30 32 46 61 62 65 66
 6 24 25 30 32 44 45 63 67
 6 24 25 30 32 44 45 63 65 66
 6 24 25 30 32 44 45 61 62 67
 6 24 25 30 32 44 45 61 62 65 66
 6 24 25 30 32 40 46 63
 6 24 25 30 32 40 46 61 62
 6 24 25 30 32 40 44 45 63
 6 24 25 30 32 40 44 45 61 62
 6 24 25 30 32 36 46 67
 6 24 25 30 32 36 46 65 66
 6 24 25 30 32 36 44 45 67
 6 24 25 30 32 36 44 45 65 66
 6 24 25 30 32 36 40 46
 6 24 25 30 32 36 40 44 45
 6 19 59 63 68
 6 19 59 63 68 74
 6 19 59 63 68 72 73
 6 19 59 63 67 68
 6 19 59 63 65 66 68
 6 19 59 62 63 68
 6 19 59 61 62 68 74
 6 19 59 61 62 68 72 73
 6 19 59 61 62 67 68
 6 19 59 61 62 65 66 68
 6 19 59 60 63 68
 6 19 59 60 61 62 68
 6 19 57 59 63 67 68
 6 19 57 59 63 65 66 68
 6 19 57 59 61 62 67 68
 6 19 57 59 61 62 65 66 68
 6 19 57 58 63 68
 6 19 57 58 63 68 74
 6 19 57 58 63 68 72 73
 6 19 57 58 62 63 68
 6 19 57 58 61 62 68 74
 6 19 57 58 61 62 68 72 73
 6 19 57 58 60 63 68
 6 19 57 58 60 61 62 68
 6 19 55 56 59 63 67 68
 6 19 55 56 59 63 65 66 68
 6 19 55 56 59 61 62 67 68
 6 19 55 56 59 61 62 65 66 68
 6 19 55 56 57 58 63 67 68
 6 19 55 56 57 58 63 65 66 68
 6 19 55 56 57 58 61 62 67 68
 6 19 55 56 57 58 61 62 65 66 68
 6 19 47 59 63 68
 6 19 47 59 61 62 68
 6 19 47 57 58 63 68
 6 19 47 57 58 61 62 68
 6 19 40 59 63 68
 6 19 40 59 61 62 68
 6 19 40 57 59 63 68
 6 19 40 57 59 61 62 68
 6 19 40 55 56 59 63 68
 6 19 40 55 56 59 61 62 68
 6 19 40 55 56 57 58 63 68
 6 19 40 55 56 57 58 61 62 68
 6 19 36 59 68
 6 19 36 59 68 74
 6 19 36 59 68 72 73
 6 19 36 59 67 68
 6 19 36 59 65 66 68
 6 19 36 59 62 68
 6 19 36 59 60 68
 6 19 36 57 59 67 68
 6 19 36 57 59 65 66 68
 6 19 36 57 58 68
 6 19 36 57 58 68 74
 6 19 36 57 58 68 72 73
 6 19 36 57 58 62 68
 6 19 36 57 58 60 68
 6 19 36 55 56 59 67 68
 6 19 36 55 56 59 65 66 68
 6 19 36 55 56 57 58 67 68
 6 19 36 55 56 57 58 65 66 68
 6 19 36 47 59 68
 6 19 36 47 57 58 68
 6 19 36 40 59 68
 6 19 36 40 57 59 68
 6 19 36 40 55 56 59 68
 6 19 36 40 55 56 57 58 68
 6 19 32 63 68
 6 19 32 63 68 74
 6 19 32 63 68 72 73
 6 19 32 63 67 68
 6 19 32 63 65 66 68
 6 19 32 62 63 68
 6 19 32 61 62 68 74
 6 19 32 61 62 68 72 73
 6 19 32 61 62 67 68
 6 19 32 61 62 65 66 68
 6 19 32 60 63 68
 6 19 32 60 61 62 68
 6 19 32 57 63 67 68
 6 19 32 57 63 65 66 68
 6 19 32 57 61 62 67 68
 6 19 32 57 61 62 65 66 68
 6 19 32 55 56 63 67 68
 6 19 32 55 56 63 65 66 68
 6 19 32 55 56 61 62 67 68
 6 19 32 55 56 61 62 65 66 68
 6 19 32 47 63 68
 6 19 32 47 61 62 68
 6 19 32 40 63 68
 6 19 32 40 61 62 68
 6 19 32 40 57 63 68
 6 19 32 40 57 61 62 68
 6 19 32 40 55 56 63 68
 6 19 32 40 55 56 61 62 68
 6 19 32 36 68
 6 19 32 36 68 74
 6 19 32 36 68 72 73
 6 19 32 36 67 68
 6 19 32 36 65 66 68
 6 19 32 36 62 68
 6 19 32 36 60 68
 6 19 32 36 57 67 68
 6 19 32 36 57 65 66 68
 6 19 32 36 55 56 67 68
 6 19 32 36 55 56 65 66 68
 6 19 32 36 47 68
 6 19 32 36 40 68
 6 19 32 36 40 57 68
 6 19 32 36 40 55 56 68
 6 19 30 59 63 67 68
 6 19 30 59 63 65 66 68
 6 19 30 59 61 62 67 68
 6 19 30 59 61 62 65 66 68
 6 19 30 57 58 63 67 68
 6 19 30 57 58 63 65 66 68
 6 19 30 57 58 61 62 67 68
 6 19 30 57 58 61 62 65 66 68
 6 19 30 40 59 63 68
 6 19 30 40 59 61 62 68
 6 19 30 40 57 58 63 68
 6 19 30 40 57 58 61 62 68
 6 19 30 36 59 67 68
 6 19 30 36 59 65 66 68
 6 19 30 36 57 58 67 68
 6 19 30 36 57 58 65 66 68
 6 19 30 36 40 59 68
 6 19 30 36 40 57 58 68
 6 19 30 32 63 67 68
 6 19 30 32 63 65 66 68
 6 19 30 32 61 62 67 68
 6 19 30 32 61 62 65 66 68
 6 19 30 32 40 63 68
 6 19 30 32 40 61 62 68
 6 19 30 32 36 67 68
 6 19 30 32 36 65 66 68
 6 19 30 32 36 40 68
 6 19 26 59 63
 6 19 26 59 63 74
 6 19 26 59 63 72 73
 6 19 26 59 63 67
 6 19 26 59 63 65 66
 6 19 26 59 62 63
 6 19 26 59 61 62 74
 6 19 26 59 61 62 72 73
 6 19 26 59 61 62 67
 6 19 26 59 61 62 65 66
 6 19 26 59 60 63
 6 19 26 59 60 61 62
 6 19 26 57 59 63 67
 6 19 26 57 59 63 65 66
 6 19 26 57 59 61 62 67
 6 19 26 57 59 61 62 65 66
 6 19 26 57 58 63
 6 19 26 57 58 63 74
 6 19 26 57 58 63 72 73
 6 19 26 57 58 62 63
 6 19 26 57 58 61 62 74
 6 19 26 57 58 61 62 72 73
 6 19 26 57 58 60 63
 6 19 26 57 58 60 61 62
 6 19 26 55 56 59 63 67
 6 19 26 55 56 59 63 65 66
 6 19 26 55 56 59 61 62 67
 6 19 26 55 56 59 61 62 65 66
 6 19 26 55 56 57 58 63 67
 6 19 26 55 56 57 58 63 65 66
 6 19 26 55 56 57 58 61 62 67
 6 19 26 55 56 57 58 61 62 65 66
 6 19 26 47 59 63
 6 19 26 47 59 61 62
 6 19 26 47 57 58 63
 6 19 26 47 57 58 61 62
 6 19 26 40 59 63
 6 19 26 40 59 61 62
 6 19 26 40 57 59 63
 6 19 26 40 57 59 61 62
 6 19 26 40 55 56 59 63
 6 19 26 40 55 56 59 61 62
 6 19 26 40 55 56 57 58 63
 6 19 26 40 55 56 57 58 61 62
 6 19 26 36 59
 6 19 26 36 59 74
 6 19 26 36 59 72 73
 6 19 26 36 59 67
 6 19 26 36 59 65 66
 6 19 26 36 59 62
 6 19 26 36 59 60
 6 19 26 36 57 59 67
 6 19 26 36 57 59 65 66
 6 19 26 36 57 58
 6 19 26 36 57 58 74
 6 19 26 36 57 58 72 73
 6 19 26 36 57 58 62
 6 19 26 36 57 58 60
 6 19 26 36 55 56 59 67
 6 19 26 36 55 56 59 65 66
 6 19 26 36 55 56 57 58 67
 6 19 26 36 55 56 57 58 65 66
 6 19 26 36 47 59
 6 19 26 36 47 57 58
 6 19 26 36 40 59
 6 19 26 36 40 57 59
 6 19 26 36 40 55 56 59
 6 19 26 36 40 55 56 57 58
 6 19 26 32 63
 6 19 26 32 63 74
 6 19 26 32 63 72 73
 6 19 26 32 63 67
 6 19 26 32 63 65 66
 6 19 26 32 62 63
 6 19 26 32 61 62 74
 6 19 26 32 61 62 72 73
 6 19 26 32 61 62 67
 6 19 26 32 61 62 65 66
 6 19 26 32 60 63
 6 19 26 32 60 61 62
 6 19 26 32 57 63 67
 6 19 26 32 57 63 65 66
 6 19 26 32 57 61 62 67
 6 19 26 32 57 61 62 65 66
 6 19 26 32 55 56 63 67
 6 19 26 32 55 56 63 65 66
 6 19 26 32 55 56 61 62 67
 6 19 26 32 55 56 61 62 65 66
 6 19 26 32 47 63
 6 19 26 32 47 61 62
 6 19 26 32 40 63
 6 19 26 32 40 61 62
 6 19 26 32 40 57 63
 6 19 26 32 40 57 61 62
 6 19 26 32 40 55 56 63
 6 19 26 32 40 55 56 61 62
 6 19 26 32 36
 6 19 26 32 36 74
 6 19 26 32 36 72 73
 6 19 26 32 36 67
 6 19 26 32 36 65 66
 6 19 26 32 36 62
 6 19 26 32 36 60
 6 19 26 32 36 57 67
 6 19 26 32 36 57 65 66
 6 19 26 32 36 55 56 67
 6 19 26 32 36 55 56 65 66
 6 19 26 32 36 47
 6 19 26 32 36 40
 6 19 26 32 36 40 57
 6 19 26 32 36 40 55 56
 6 19 26 30 59 63 67
 6 19 26 30 59 63 65 66
 6 19 26 30 59 61 62 67
 6 19 26 30 59 61 62 65 66
 6 19 26 30 57 58 63 67
 6 19 26 30 57 58 63 65 66
 6 19 26 30 57 58 61 62 67
 6 19 26 30 57 58 61 62 65 66
 6 19 26 30 40 59 63
 6 19 26 30 40 59 61 62
 6 19 26 30 40 57 58 63
 6 19 26 30 40 57 58 61 62
 6 19 26 30 36 59 67
 6 19 26 30 36 59 65 66
 6 19 26 30 36 57 58 67
 6 19 26 30 36 57 58 65 66
 6 19 26 30 36 40 59
 6 19 26 30 36 40 57 58
 6 19 26 30 32 63 67
 6 19 26 30 32 63 65 66
 6 19 26 30 32 61 62 67
 6 19 26 30 32 61 62 65 66
 6 19 26 30 32 40 63
 6 19 26 30 32 40 61 62
 6 19 26 30 32 36 67
 6 19 26 30 32 36 65 66
 6 19 26 30 32 36 40
 6 19 24 25 59 63
 6 19 24 25 59 63 74
 6 19 24 25 59 63 72 73
 6 19 24 25 59 63 67
 6 19 24 25 59 63 65 66
 6 19 24 25 59 62 63
 6 19 24 25 59 61 62 74
 6 19 24 25 59 61 62 72 73
 6 19 24 25 59 61 62 67
 6 19 24 25 59 61 62 65 66
 6 19 24 25 59 60 63
 6 19 24 25 59 60 61 62
 6 19 24 25 57 59 63 67
 6 19 24 25 57 59 63 65 66
 6 19 24 25 57 59 61 62 67
 6 19 24 25 57 59 61 62 65 66
 6 19 24 25 57 58 63
 6 19 24 25 57 58 63 74
 6 19 24 25 57 58 63 72 73
 6 19 24 25 57 58 62 63
 6 19 24 25 57 58 61 62 74
 6 19 24 25 57 58 61 62 72 73
 6 19 24 25 57 58 60 63
 6 19 24 25 57 58 60 61 62
 6 19 24 25 55 56 59 63 67
 6 19 24 25 55 56 59 63 65 66
 6 19 24 25 55 56 59 61 62 67
 6 19 24 25 55 56 59 61 62 65 66
 6 19 24 25 55 56 57 58 63 67
 6 19 24 25 55 56 57 58 63 65 66
 6 19 24 25 55 56 57 58 61 62 67
 6 19 24 25 55 56 57 58 61 62 65 66
 6 19 24 25 47 59 63
 6 19 24 25 47 59 61 62
 6 19 24 25 47 57 58 63
 6 19 24 25 47 57 58 61 62
 6 19 24 25 40 59 63
 6 19 24 25 40 59 61 62
 6 19 24 25 40 57 59 63
 6 19 24 25 40 57 59 61 62
 6 19 24 25 40 55 56 59 63
 6 19 24 25 40 55 56 59 61 62
 6 19 24 25 40 55 56 57 58 63
 6 19 24 25 40 55 56 57 58 61 62
 6 19 24 25 36 59
 6 19 24 25 36 59 74
 6 19 24 25 36 59 72 73
 6 19 24 25 36 59 67
 6 19 24 25 36 59 65 66
 6 19 24 25 36 59 62
 6 19 24 25 36 59 60
 6 19 24 25 36 57 59 67
 6 19 24 25 36 57 59 65 66
 6 19 24 25 36 57 58
 6 19 24 25 36 57 58 74
 6 19 24 25 36 57 58 72 73
 6 19 24 25 36 57 58 62
 6 19 24 25 36 57 58 60
 6 19 24 25 36 55 56 59 67
 6 19 24 25 36 55 56 59 65 66
 6 19 24 25 36 55 56 57 58 67
 6 19 24 25 36 55 56 57 58 65 66
 6 19 24 25 36 47 59
 6 19 24 25 36 47 57 58
 6 19 24 25 36 40 59
 6 19 24 25 36 40 57 59
 6 19 24 25 36 40 55 56 59
 6 19 24 25 36 40 55 56 57 58
 6 19 24 25 32 63
 6 19 24 25 32 63 74
 6 19 24 25 32 63 72 73
 6 19 24 25 32 63 67
 6 19 24 25 32 63 65 66
 6 19 24 25 32 62 63
 6 19 24 25 32 61 62 74
 6 19 24 25 32 61 62 72 73
 6 19 24 25 32 61 62 67
 6 19 24 25 32 61 62 65 66
 6 19 24 25 32 60 63
 6 19 24 25 32 60 61 62
 6 19 24 25 32 57 63 67
 6 19 24 25 32 57 63 65 66
 6 19 24 25 32 57 61 62 67
 6 19 24 25 32 57 61 62 65 66
 6 19 24 25 32 55 56 63 67
 6 19 24 25 32 55 56 63 65 66
 6 19 24 25 32 55 56 61 62 67
 6 19 24 25 32 55 56 61 62 65 66
 6 19 24 25 32 47 63
 6 19 24 25 32 47 61 62
 6 19 24 25 32 40 63
 6 19 24 25 32 40 61 62
 6 19 24 25 32 40 57 63
 6 19 24 25 32 40 57 61 62
 6 19 24 25 32 40 55 56 63
 6 19 24 25 32 40 55 56 61 62
 6 19 24 25 32 36
 6 19 24 25 32 36 74
 6 19 24 25 32 36 72 73
 6 19 24 25 32 36 67
 6 19 24 25 32 36 65 66
 6 19 24 25 32 36 62
 6 19 24 25 32 36 60
 6 19 24 25 32 36 57 67
 6 19 24 25 32 36 57 65 66
 6 19 24 25 32 36 55 56 67
 6 19 24 25 32 36 55 56 65 66
 6 19 24 25 32 36 47
 6 19 24 25 32 36 40
 6 19 24 25 32 36 40 57
 6 19 24 25 32 36 40 55 56
 6 19 24 25 30 59 63 67
 6 19 24 25 30 59 63 65 66
 6 19 24 25 30 59 61 62 67
 6 19 24 25 30 59 61 62 65 66
 6 19 24 25 30 57 58 63 67
 6 19 24 25 30 57 58 63 65 66
 6 19 24 25 30 57 58 61 62 67
 6 19 24 25 30 57 58 61 62 65 66
 6 19 24 25 30 40 59 63
 6 19 24 25 30 40 59 61 62
 6 19 24 25 30 40 57 58 63
 6 19 24 25 30 40 57 58 61 62
 6 19 24 25 30 36 59 67
 6 19 24 25 30 36 59 65 66
 6 19 24 25 30 36 57 58 67
 6 19 24 25 30 36 57 58 65 66
 6 19 24 25 30 36 40 59
 6 19 24 25 30 36 40 57 58
 6 19 24 25 30 32 63 67
 6 19 24 25 30 32 63 65 66
 6 19 24 25 30 32 61 62 67
 6 19 24 25 30 32 61 62 65 66
 6 19 24 25 30 32 40 63
 6 19 24 25 30 32 40 61 62
 6 19 24 25 30 32 36 67
 6 19 24 25 30 32 36 65 66
 6 19 24 25 30 32 36 40
