 48 74
 48 72 73
 47 48
 46 74
 46 72 73
 46 61
 46 61 74
 46 61 72 73
 46 59 60
 46 59 60 74
 46 59 60 72 73
 46 47 74
 46 47 72 73
 46 47 61
 46 47 59 60
 44 45 74
 44 45 72 73
 44 45 61
 44 45 61 74
 44 45 61 72 73
 44 45 59 60
 44 45 59 60 74
 44 45 59 60 72 73
 44 45 47
 44 45 47 61
 44 45 47 59 60
 34 46
 34 46 74
 34 46 72 73
 34 46 47
 34 44 45
 34 44 45 74
 34 44 45 72 73
 34 44 45 47
 21 74
 21 72 73
 21 47
 19 74
 19 72 73
 19 61
 19 61 74
 19 61 72 73
 19 59 60
 19 59 60 74
 19 59 60 72 73
 19 47
 19 47 61
 19 47 59 60
 19 34
 19 34 74
 19 34 72 73
 19 34 47
 17 48
 17 46
 17 46 74
 17 46 72 73
 17 46 59
 17 46 59 61
 17 46 59 60
 17 46 57 58
 17 46 57 58 61
 17 46 57 58 59 60
 17 44 45
 17 44 45 74
 17 44 45 72 73
 17 44 45 59
 17 44 45 59 61
 17 44 45 59 60
 17 44 45 57 58
 17 44 45 57 58 61
 17 44 45 57 58 59 60
 17 44 45 47
 17 34 46 59
 17 34 46 57 58
 17 34 44 45 59
 17 34 44 45 57 58
 17 32 46
 17 32 46 61
 17 32 46 59 60
 17 32 44 45
 17 32 44 45 61
 17 32 44 45 59 60
 17 32 34 46
 17 32 34 44 45
 17 21
 17 19
 17 19 74
 17 19 72 73
 17 19 59
 17 19 59 61
 17 19 59 60
 17 19 57 58
 17 19 57 58 61
 17 19 57 58 59 60
 17 19 47
 17 19 34 59
 17 19 34 57 58
 17 19 32
 17 19 32 61
 17 19 32 59 60
 17 19 32 34
