 58 61 76
 58 61 74 75
 58 61 67 76
 58 61 67 74 75
 58 61 65 66 76
 58 61 65 66 74 75
 58 59 61 76
 58 59 61 74 75
 58 59 61 68 76
 58 59 61 68 74 75
 58 59 60 68 76
 58 59 60 68 74 75
 58 59 60 67 76
 58 59 60 67 74 75
 58 59 60 65 66 76
 58 59 60 65 66 74 75
 57 58 61 76
 57 58 61 74 75
 57 58 61 68 76
 57 58 61 68 74 75
 57 58 59 60 76
 57 58 59 60 74 75
 57 58 59 60 68 76
 57 58 59 60 68 74 75
 49 58 61
 49 58 61 67
 49 58 61 65 66
 49 58 59 61
 49 58 59 61 68
 49 58 59 60 68
 49 58 59 60 67
 49 58 59 60 65 66
 49 57 58 61
 49 57 58 61 68
 49 57 58 59 60
 49 57 58 59 60 68
 40 58 61 76
 40 58 61 74 75
 40 58 59 60 76
 40 58 59 60 74 75
 40 49 58 61
 40 49 58 59 60
 34 58 76
 34 58 74 75
 34 58 67 76
 34 58 67 74 75
 34 58 65 66 76
 34 58 65 66 74 75
 34 58 59 76
 34 58 59 74 75
 34 58 59 68 76
 34 58 59 68 74 75
 34 57 58 76
 34 57 58 74 75
 34 57 58 68 76
 34 57 58 68 74 75
 34 49 58
 34 49 58 67
 34 49 58 65 66
 34 49 58 59
 34 49 58 59 68
 34 49 57 58
 34 49 57 58 68
 34 40 58 76
 34 40 58 74 75
 34 40 49 58
 32 58 61 76
 32 58 61 74 75
 32 58 61 68 76
 32 58 61 68 74 75
 32 58 59 60 76
 32 58 59 60 74 75
 32 58 59 60 68 76
 32 58 59 60 68 74 75
 32 49 58 61
 32 49 58 61 68
 32 49 58 59 60
 32 49 58 59 60 68
 32 34 58 76
 32 34 58 74 75
 32 34 58 68 76
 32 34 58 68 74 75
 32 34 49 58
 32 34 49 58 68
 26 58 59 61 76
 26 58 59 61 74 75
 26 58 59 60 76
 26 58 59 60 74 75
 26 57 58 61 76
 26 57 58 61 74 75
 26 57 58 59 60 76
 26 57 58 59 60 74 75
 26 49 58 59 61
 26 49 58 59 60
 26 49 57 58 61
 26 49 57 58 59 60
 26 34 58 59 76
 26 34 58 59 74 75
 26 34 57 58 76
 26 34 57 58 74 75
 26 34 49 58 59
 26 34 49 57 58
 26 32 58 61 76
 26 32 58 61 74 75
 26 32 58 59 60 76
 26 32 58 59 60 74 75
 26 32 49 58 61
 26 32 49 58 59 60
 26 32 34 58 76
 26 32 34 58 74 75
 26 32 34 49 58
 24 25 58 59 61 76
 24 25 58 59 61 74 75
 24 25 58 59 60 76
 24 25 58 59 60 74 75
 24 25 57 58 61 76
 24 25 57 58 61 74 75
 24 25 57 58 59 60 76
 24 25 57 58 59 60 74 75
 24 25 49 58 59 61
 24 25 49 58 59 60
 24 25 49 57 58 61
 24 25 49 57 58 59 60
 24 25 34 58 59 76
 24 25 34 58 59 74 75
 24 25 34 57 58 76
 24 25 34 57 58 74 75
 24 25 34 49 58 59
 24 25 34 49 57 58
 24 25 32 58 61 76
 24 25 32 58 61 74 75
 24 25 32 58 59 60 76
 24 25 32 58 59 60 74 75
 24 25 32 49 58 61
 24 25 32 49 58 59 60
 24 25 32 34 58 76
 24 25 32 34 58 74 75
 24 25 32 34 49 58
