 58 63 74
 58 63 70 71
 58 63 70 71 73
 58 63 70 71 72
 58 63 69 70 72
 58 63 69 70 71
 58 63 64 72
 58 63 64 70 71
 58 61 62 74
 58 61 62 70 71
 58 61 62 70 71 73
 58 61 62 70 71 72
 58 61 62 69 70 72
 58 61 62 69 70 71
 58 61 62 64 72
 58 61 62 64 70 71
 58 59 63
 58 59 63 76
 58 59 63 74 75
 58 59 61 63
 58 59 61 62 76
 58 59 61 62 74 75
 58 59 60 63
 58 59 60 61 62
 57 58 63 76
 57 58 63 74 75
 57 58 61 63
 57 58 61 62
 57 58 61 62 76
 57 58 61 62 74 75
 57 58 59 60 63
 57 58 59 60 61 62
 56 57 58 63 72
 56 57 58 63 70 71
 56 57 58 61 62 72
 56 57 58 61 62 70 71
 55 56 58 63
 55 56 58 61 62
 52 57 58 63
 52 57 58 61 62
 52 55 56 58 63
 52 55 56 58 61 62
 50 51 57 58 63
 50 51 57 58 61 62
 50 51 55 56 58 63
 50 51 55 56 58 61 62
 49 58 59 63
 49 58 59 61 62
 49 57 58 63
 49 57 58 61 62
 48 56 72
 48 56 70 71
 47 58 63
 47 58 61 62
 46 58 63
 46 58 63 72
 46 58 63 70 71
 46 58 61 62
 46 58 61 62 72
 46 58 61 62 70 71
 46 58 59 63
 46 58 59 61 63
 46 58 59 60 63
 46 58 59 60 61 62
 46 57 58 63
 46 57 58 61 63
 46 57 58 59 60 63
 46 57 58 59 60 61 62
 46 56 63
 46 56 61 62
 46 56 58 62 74 78 79
 46 56 58 62 72 78 79
 46 56 58 62 72 73 78 79
 46 56 58 62 70 71 78 79
 46 56 58 59 62 78 79
 46 56 58 59 61
 46 56 58 59 60
 46 56 57 58 62 78 79
 46 56 57 58 61
 46 56 57 58 59 60
 46 54 72
 46 54 70 71
 46 54 61 72
 46 54 61 70 71
 46 54 59 60 72
 46 54 59 60 70 71
 46 53 56 58 62 74
 46 53 56 58 62 72
 46 53 56 58 62 72 73
 46 53 56 58 62 70 71
 46 53 56 58 59 62
 46 53 56 57 58 62
 46 52 56 72
 46 52 56 70 71
 46 52 56 61 72
 46 52 56 61 70 71
 46 52 56 59 60 72
 46 52 56 59 60 70 71
 46 52 53 72
 46 52 53 70 71
 46 52 53 61 72
 46 52 53 61 70 71
 46 52 53 59 60 72
 46 52 53 59 60 70 71
 46 50 51 56 72
 46 50 51 56 70 71
 46 50 51 56 61 72
 46 50 51 56 61 70 71
 46 50 51 56 59 60 72
 46 50 51 56 59 60 70 71
 46 47 56 72
 46 47 56 70 71
 46 47 56 58 62 78 79
 46 47 53 56 58 62
 45 58 63 73
 45 58 63 71
 45 58 63 71 72
 45 58 63 69 70
 45 58 63 64
 45 58 61 62 73
 45 58 61 62 71
 45 58 61 62 71 72
 45 58 61 62 69 70
 45 58 61 62 64
 45 56 57 58 63
 45 56 57 58 61 62
 45 48 56
 45 46 58 63
 45 46 58 61 62
 45 46 56 58 62 78 79
 45 46 54
 45 46 54 61
 45 46 54 59 60
 45 46 53 56 58 62
 45 46 52 56
 45 46 52 56 61
 45 46 52 56 59 60
 45 46 52 53
 45 46 52 53 61
 45 46 52 53 59 60
 45 46 50 51 56
 45 46 50 51 56 61
 45 46 50 51 56 59 60
 45 46 47 56
 44 58 63 72
 44 58 63 70 71
 44 58 61 62 72
 44 58 61 62 70 71
 44 46 56 58 62 74
 44 46 56 58 62 72
 44 46 56 58 62 72 73
 44 46 56 58 62 70 71
 44 46 56 58 59 62
 44 46 56 57 58 62
 44 46 47 56 58 62
 44 45 58 59 63
 44 45 58 59 61 63
 44 45 58 59 60 63
 44 45 58 59 60 61 62
 44 45 57 58 63
 44 45 57 58 61 63
 44 45 57 58 59 60 63
 44 45 57 58 59 60 61 62
 44 45 56 63
 44 45 56 61 62
 44 45 56 58 62
 44 45 56 58 62 78 79
 44 45 56 58 62 74
 44 45 56 58 62 74 78 79
 44 45 56 58 62 72
 44 45 56 58 62 72 78 79
 44 45 56 58 62 72 73
 44 45 56 58 62 72 73 78 79
 44 45 56 58 62 70 71
 44 45 56 58 62 70 71 78 79
 44 45 56 58 59 62
 44 45 56 58 59 62 78 79
 44 45 56 58 59 61
 44 45 56 58 59 60
 44 45 56 57 58 62
 44 45 56 57 58 62 78 79
 44 45 56 57 58 61
 44 45 56 57 58 59 60
 44 45 54
 44 45 54 72
 44 45 54 70 71
 44 45 54 61
 44 45 54 61 72
 44 45 54 61 70 71
 44 45 54 59 60
 44 45 54 59 60 72
 44 45 54 59 60 70 71
 44 45 53 56 58 62
 44 45 53 56 58 62 74
 44 45 53 56 58 62 72
 44 45 53 56 58 62 72 73
 44 45 53 56 58 62 70 71
 44 45 53 56 58 59 62
 44 45 53 56 57 58 62
 44 45 52 56
 44 45 52 56 72
 44 45 52 56 70 71
 44 45 52 56 61
 44 45 52 56 61 72
 44 45 52 56 61 70 71
 44 45 52 56 59 60
 44 45 52 56 59 60 72
 44 45 52 56 59 60 70 71
 44 45 52 53
 44 45 52 53 72
 44 45 52 53 70 71
 44 45 52 53 61
 44 45 52 53 61 72
 44 45 52 53 61 70 71
 44 45 52 53 59 60
 44 45 52 53 59 60 72
 44 45 52 53 59 60 70 71
 44 45 50 51 56
 44 45 50 51 56 72
 44 45 50 51 56 70 71
 44 45 50 51 56 61
 44 45 50 51 56 61 72
 44 45 50 51 56 61 70 71
 44 45 50 51 56 59 60
 44 45 50 51 56 59 60 72
 44 45 50 51 56 59 60 70 71
 44 45 47 56 58 62
 44 45 47 56 58 62 78 79
 44 45 47 53 56 58 62
 44 45 46 56 58 62
 36 58 74
 36 58 70 71
 36 58 70 71 73
 36 58 70 71 72
 36 58 69 70 72
 36 58 69 70 71
 36 58 64 72
 36 58 64 70 71
 36 58 59
 36 58 59 76
 36 58 59 74 75
 36 58 59 61
 36 58 59 60
 36 57 58 76
 36 57 58 74 75
 36 57 58 61
 36 57 58 59 60
 36 56 57 58 72
 36 56 57 58 70 71
 36 55 56 58
 36 52 57 58
 36 52 55 56 58
 36 50 51 57 58
 36 50 51 55 56 58
 36 49 58 59
 36 49 57 58
 36 47 58
 36 46 58
 36 46 58 72
 36 46 58 70 71
 36 46 58 59
 36 46 58 59 61
 36 46 58 59 60
 36 46 57 58
 36 46 57 58 61
 36 46 57 58 59 60
 36 46 56
 36 45 58 73
 36 45 58 71
 36 45 58 71 72
 36 45 58 69 70
 36 45 58 64
 36 45 56 57 58
 36 45 46 58
 36 44 58 72
 36 44 58 70 71
 36 44 45 58 59
 36 44 45 58 59 61
 36 44 45 58 59 60
 36 44 45 57 58
 36 44 45 57 58 61
 36 44 45 57 58 59 60
 36 44 45 56
 34 58 59 63
 34 58 59 61 62
 34 57 58 63
 34 57 58 61 62
 34 46 58 59 63
 34 46 58 59 61 62
 34 46 57 58 63
 34 46 57 58 61 62
 34 46 56 58 59
 34 46 56 57 58
 34 46 54 72
 34 46 54 70 71
 34 46 52 56 72
 34 46 52 56 70 71
 34 46 52 53 72
 34 46 52 53 70 71
 34 46 50 51 56 72
 34 46 50 51 56 70 71
 34 45 46 54
 34 45 46 52 56
 34 45 46 52 53
 34 45 46 50 51 56
 34 44 45 58 59 63
 34 44 45 58 59 61 62
 34 44 45 57 58 63
 34 44 45 57 58 61 62
 34 44 45 56 58 59
 34 44 45 56 57 58
 34 44 45 54
 34 44 45 54 72
 34 44 45 54 70 71
 34 44 45 52 56
 34 44 45 52 56 72
 34 44 45 52 56 70 71
 34 44 45 52 53
 34 44 45 52 53 72
 34 44 45 52 53 70 71
 34 44 45 50 51 56
 34 44 45 50 51 56 72
 34 44 45 50 51 56 70 71
 34 36 58 59
 34 36 57 58
 34 36 46 58 59
 34 36 46 57 58
 34 36 44 45 58 59
 34 36 44 45 57 58
 33 44 46 58 60 61 62
 33 44 46 58 60 61 62 67
 33 44 46 58 60 61 62 65 66
 33 44 46 58 59 60 62
 33 44 46 58 59 60 62 67
 33 44 46 58 59 60 62 65 66
 33 44 45 58 60 61 62
 33 44 45 58 60 61 62 67
 33 44 45 58 60 61 62 65 66
 33 44 45 58 59 60 62
 33 44 45 58 59 60 62 67
 33 44 45 58 59 60 62 65 66
 33 42 43 46 58 60 61 62
 33 42 43 46 58 60 61 62 67
 33 42 43 46 58 60 61 62 65 66
 33 42 43 46 58 59 60 62
 33 42 43 46 58 59 60 62 67
 33 42 43 46 58 59 60 62 65 66
 33 42 43 44 45 58 60 61 62
 33 42 43 44 45 58 60 61 62 67
 33 42 43 44 45 58 60 61 62 65 66
 33 42 43 44 45 58 59 60 62
 33 42 43 44 45 58 59 60 62 67
 33 42 43 44 45 58 59 60 62 65 66
 33 40 44 46 58 60 61 62
 33 40 44 46 58 59 60 62
 33 40 44 45 58 60 61 62
 33 40 44 45 58 59 60 62
 33 40 42 43 46 58 60 61 62
 33 40 42 43 46 58 59 60 62
 33 40 42 43 44 45 58 60 61 62
 33 40 42 43 44 45 58 59 60 62
 33 34 44 46 58 60 62
 33 34 44 46 58 60 62 67
 33 34 44 46 58 60 62 65 66
 33 34 44 45 58 60 62
 33 34 44 45 58 60 62 67
 33 34 44 45 58 60 62 65 66
 33 34 42 43 46 58 60 62
 33 34 42 43 46 58 60 62 67
 33 34 42 43 46 58 60 62 65 66
 33 34 42 43 44 45 58 60 62
 33 34 42 43 44 45 58 60 62 67
 33 34 42 43 44 45 58 60 62 65 66
 33 34 40 44 46 58 60 62
 33 34 40 44 45 58 60 62
 33 34 40 42 43 46 58 60 62
 33 34 40 42 43 44 45 58 60 62
 32 58 63
 32 58 63 76
 32 58 63 74 75
 32 58 61 63
 32 58 61 62 76
 32 58 61 62 74 75
 32 58 59 60 63
 32 58 59 60 61 62
 32 49 58 63
 32 49 58 61 62
 32 46 58 63
 32 46 58 61 63
 32 46 58 59 60 63
 32 46 58 59 60 61 62
 32 46 56 58 62 78 79
 32 46 56 58 61
 32 46 56 58 59 60
 32 46 53 56 58 62
 32 44 46 56 58 62
 32 44 45 58 63
 32 44 45 58 61 63
 32 44 45 58 59 60 63
 32 44 45 58 59 60 61 62
 32 44 45 56 58 62
 32 44 45 56 58 62 78 79
 32 44 45 56 58 61
 32 44 45 56 58 59 60
 32 44 45 53 56 58 62
 32 36 58
 32 36 58 76
 32 36 58 74 75
 32 36 58 61
 32 36 58 59 60
 32 36 49 58
 32 36 46 58
 32 36 46 58 61
 32 36 46 58 59 60
 32 36 44 45 58
 32 36 44 45 58 61
 32 36 44 45 58 59 60
 32 34 58 63
 32 34 58 61 62
 32 34 46 58 63
 32 34 46 58 61 62
 32 34 46 56 58
 32 34 44 45 58 63
 32 34 44 45 58 61 62
 32 34 44 45 56 58
 32 34 36 58
 32 34 36 46 58
 32 34 36 44 45 58
 31 58 63 72
 31 58 63 70 71
 31 58 61 62 72
 31 58 61 62 70 71
 31 45 58 63
 31 45 58 61 62
 31 36 58 72
 31 36 58 70 71
 31 36 45 58
 31 32 44 46 58 60 61 62
 31 32 44 46 58 60 61 62 67
 31 32 44 46 58 60 61 62 65 66
 31 32 44 46 58 59 60 62
 31 32 44 46 58 59 60 62 67
 31 32 44 46 58 59 60 62 65 66
 31 32 44 45 58 60 61 62
 31 32 44 45 58 60 61 62 67
 31 32 44 45 58 60 61 62 65 66
 31 32 44 45 58 59 60 62
 31 32 44 45 58 59 60 62 67
 31 32 44 45 58 59 60 62 65 66
 31 32 42 43 46 58 60 61 62
 31 32 42 43 46 58 60 61 62 67
 31 32 42 43 46 58 60 61 62 65 66
 31 32 42 43 46 58 59 60 62
 31 32 42 43 46 58 59 60 62 67
 31 32 42 43 46 58 59 60 62 65 66
 31 32 42 43 44 45 58 60 61 62
 31 32 42 43 44 45 58 60 61 62 67
 31 32 42 43 44 45 58 60 61 62 65 66
 31 32 42 43 44 45 58 59 60 62
 31 32 42 43 44 45 58 59 60 62 67
 31 32 42 43 44 45 58 59 60 62 65 66
 31 32 40 44 46 58 60 61 62
 31 32 40 44 46 58 59 60 62
 31 32 40 44 45 58 60 61 62
 31 32 40 44 45 58 59 60 62
 31 32 40 42 43 46 58 60 61 62
 31 32 40 42 43 46 58 59 60 62
 31 32 40 42 43 44 45 58 60 61 62
 31 32 40 42 43 44 45 58 59 60 62
 31 32 34 44 46 58 60 62
 31 32 34 44 46 58 60 62 67
 31 32 34 44 46 58 60 62 65 66
 31 32 34 44 45 58 60 62
 31 32 34 44 45 58 60 62 67
 31 32 34 44 45 58 60 62 65 66
 31 32 34 42 43 46 58 60 62
 31 32 34 42 43 46 58 60 62 67
 31 32 34 42 43 46 58 60 62 65 66
 31 32 34 42 43 44 45 58 60 62
 31 32 34 42 43 44 45 58 60 62 67
 31 32 34 42 43 44 45 58 60 62 65 66
 31 32 34 40 44 46 58 60 62
 31 32 34 40 44 45 58 60 62
 31 32 34 40 42 43 46 58 60 62
 31 32 34 40 42 43 44 45 58 60 62
 30 58 63
 30 58 61 62
 30 52 58 63
 30 52 58 61 62
 30 50 51 58 63
 30 50 51 58 61 62
 30 36 58
 30 36 52 58
 30 36 50 51 58
 29 46 56 72
 29 46 56 70 71
 29 46 56 61 72
 29 46 56 61 70 71
 29 46 56 59 60 72
 29 46 56 59 60 70 71
 29 46 52 56 72
 29 46 52 56 70 71
 29 46 52 56 61 72
 29 46 52 56 61 70 71
 29 46 52 56 59 60 72
 29 46 52 56 59 60 70 71
 29 46 50 51 56 72
 29 46 50 51 56 70 71
 29 46 50 51 56 61 72
 29 46 50 51 56 61 70 71
 29 46 50 51 56 59 60 72
 29 46 50 51 56 59 60 70 71
 29 45 46 56
 29 45 46 56 61
 29 45 46 56 59 60
 29 45 46 52 56
 29 45 46 52 56 61
 29 45 46 52 56 59 60
 29 45 46 50 51 56
 29 45 46 50 51 56 61
 29 45 46 50 51 56 59 60
 29 44 45 56
 29 44 45 56 72
 29 44 45 56 70 71
 29 44 45 56 61
 29 44 45 56 61 72
 29 44 45 56 61 70 71
 29 44 45 56 59 60
 29 44 45 56 59 60 72
 29 44 45 56 59 60 70 71
 29 44 45 52 56
 29 44 45 52 56 72
 29 44 45 52 56 70 71
 29 44 45 52 56 61
 29 44 45 52 56 61 72
 29 44 45 52 56 61 70 71
 29 44 45 52 56 59 60
 29 44 45 52 56 59 60 72
 29 44 45 52 56 59 60 70 71
 29 44 45 50 51 56
 29 44 45 50 51 56 72
 29 44 45 50 51 56 70 71
 29 44 45 50 51 56 61
 29 44 45 50 51 56 61 72
 29 44 45 50 51 56 61 70 71
 29 44 45 50 51 56 59 60
 29 44 45 50 51 56 59 60 72
 29 44 45 50 51 56 59 60 70 71
 29 34 46 56 72
 29 34 46 56 70 71
 29 34 46 52 56 72
 29 34 46 52 56 70 71
 29 34 46 50 51 56 72
 29 34 46 50 51 56 70 71
 29 34 45 46 56
 29 34 45 46 52 56
 29 34 45 46 50 51 56
 29 34 44 45 56
 29 34 44 45 56 72
 29 34 44 45 56 70 71
 29 34 44 45 52 56
 29 34 44 45 52 56 72
 29 34 44 45 52 56 70 71
 29 34 44 45 50 51 56
 29 34 44 45 50 51 56 72
 29 34 44 45 50 51 56 70 71
 27 48 56 72
 27 48 56 70 71
 27 46 72
 27 46 70 71
 27 46 61 72
 27 46 61 70 71
 27 46 59 60 72
 27 46 59 60 70 71
 27 46 58 72
 27 46 58 70 71
 27 46 58 61 72
 27 46 58 61 70 71
 27 46 58 59 60 72
 27 46 58 59 60 70 71
 27 46 56 72
 27 46 56 70 71
 27 46 56 61 72
 27 46 56 61 70 71
 27 46 56 59 60 72
 27 46 56 59 60 70 71
 27 46 52 58 72
 27 46 52 58 70 71
 27 46 52 58 61 72
 27 46 52 58 61 70 71
 27 46 52 58 59 60 72
 27 46 52 58 59 60 70 71
 27 46 52 56 72
 27 46 52 56 70 71
 27 46 52 56 61 72
 27 46 52 56 61 70 71
 27 46 52 56 59 60 72
 27 46 52 56 59 60 70 71
 27 46 50 51 58 72
 27 46 50 51 58 70 71
 27 46 50 51 58 61 72
 27 46 50 51 58 61 70 71
 27 46 50 51 58 59 60 72
 27 46 50 51 58 59 60 70 71
 27 46 50 51 56 72
 27 46 50 51 56 70 71
 27 46 50 51 56 61 72
 27 46 50 51 56 61 70 71
 27 46 50 51 56 59 60 72
 27 46 50 51 56 59 60 70 71
 27 46 47 56 72
 27 46 47 56 70 71
 27 45 48 56
 27 45 46
 27 45 46 61
 27 45 46 59 60
 27 45 46 58
 27 45 46 58 61
 27 45 46 58 59 60
 27 45 46 56
 27 45 46 56 61
 27 45 46 56 59 60
 27 45 46 52 58
 27 45 46 52 58 61
 27 45 46 52 58 59 60
 27 45 46 52 56
 27 45 46 52 56 61
 27 45 46 52 56 59 60
 27 45 46 50 51 58
 27 45 46 50 51 58 61
 27 45 46 50 51 58 59 60
 27 45 46 50 51 56
 27 45 46 50 51 56 61
 27 45 46 50 51 56 59 60
 27 45 46 47 56
 27 44 45
 27 44 45 72
 27 44 45 70 71
 27 44 45 61
 27 44 45 61 72
 27 44 45 61 70 71
 27 44 45 59 60
 27 44 45 59 60 72
 27 44 45 59 60 70 71
 27 44 45 58
 27 44 45 58 72
 27 44 45 58 70 71
 27 44 45 58 61
 27 44 45 58 61 72
 27 44 45 58 61 70 71
 27 44 45 58 59 60
 27 44 45 58 59 60 72
 27 44 45 58 59 60 70 71
 27 44 45 56
 27 44 45 56 72
 27 44 45 56 70 71
 27 44 45 56 61
 27 44 45 56 61 72
 27 44 45 56 61 70 71
 27 44 45 56 59 60
 27 44 45 56 59 60 72
 27 44 45 56 59 60 70 71
 27 44 45 52 58
 27 44 45 52 58 72
 27 44 45 52 58 70 71
 27 44 45 52 58 61
 27 44 45 52 58 61 72
 27 44 45 52 58 61 70 71
 27 44 45 52 58 59 60
 27 44 45 52 58 59 60 72
 27 44 45 52 58 59 60 70 71
 27 44 45 52 56
 27 44 45 52 56 72
 27 44 45 52 56 70 71
 27 44 45 52 56 61
 27 44 45 52 56 61 72
 27 44 45 52 56 61 70 71
 27 44 45 52 56 59 60
 27 44 45 52 56 59 60 72
 27 44 45 52 56 59 60 70 71
 27 44 45 50 51 58
 27 44 45 50 51 58 72
 27 44 45 50 51 58 70 71
 27 44 45 50 51 58 61
 27 44 45 50 51 58 61 72
 27 44 45 50 51 58 61 70 71
 27 44 45 50 51 58 59 60
 27 44 45 50 51 58 59 60 72
 27 44 45 50 51 58 59 60 70 71
 27 44 45 50 51 56
 27 44 45 50 51 56 72
 27 44 45 50 51 56 70 71
 27 44 45 50 51 56 61
 27 44 45 50 51 56 61 72
 27 44 45 50 51 56 61 70 71
 27 44 45 50 51 56 59 60
 27 44 45 50 51 56 59 60 72
 27 44 45 50 51 56 59 60 70 71
 27 34 46 72
 27 34 46 70 71
 27 34 46 58 72
 27 34 46 58 70 71
 27 34 46 56 72
 27 34 46 56 70 71
 27 34 46 52 58 72
 27 34 46 52 58 70 71
 27 34 46 52 56 72
 27 34 46 52 56 70 71
 27 34 46 50 51 58 72
 27 34 46 50 51 58 70 71
 27 34 46 50 51 56 72
 27 34 46 50 51 56 70 71
 27 34 45 46
 27 34 45 46 58
 27 34 45 46 56
 27 34 45 46 52 58
 27 34 45 46 52 56
 27 34 45 46 50 51 58
 27 34 45 46 50 51 56
 27 34 44 45
 27 34 44 45 72
 27 34 44 45 70 71
 27 34 44 45 58
 27 34 44 45 58 72
 27 34 44 45 58 70 71
 27 34 44 45 56
 27 34 44 45 56 72
 27 34 44 45 56 70 71
 27 34 44 45 52 58
 27 34 44 45 52 58 72
 27 34 44 45 52 58 70 71
 27 34 44 45 52 56
 27 34 44 45 52 56 72
 27 34 44 45 52 56 70 71
 27 34 44 45 50 51 58
 27 34 44 45 50 51 58 72
 27 34 44 45 50 51 58 70 71
 27 34 44 45 50 51 56
 27 34 44 45 50 51 56 72
 27 34 44 45 50 51 56 70 71
 27 28 46 56 72
 27 28 46 56 70 71
 27 28 46 56 61 72
 27 28 46 56 61 70 71
 27 28 46 56 59 60 72
 27 28 46 56 59 60 70 71
 27 28 46 52 56 72
 27 28 46 52 56 70 71
 27 28 46 52 56 61 72
 27 28 46 52 56 61 70 71
 27 28 46 52 56 59 60 72
 27 28 46 52 56 59 60 70 71
 27 28 46 50 51 56 72
 27 28 46 50 51 56 70 71
 27 28 46 50 51 56 61 72
 27 28 46 50 51 56 61 70 71
 27 28 46 50 51 56 59 60 72
 27 28 46 50 51 56 59 60 70 71
 27 28 45 46 56
 27 28 45 46 56 61
 27 28 45 46 56 59 60
 27 28 45 46 52 56
 27 28 45 46 52 56 61
 27 28 45 46 52 56 59 60
 27 28 45 46 50 51 56
 27 28 45 46 50 51 56 61
 27 28 45 46 50 51 56 59 60
 27 28 44 45 56
 27 28 44 45 56 72
 27 28 44 45 56 70 71
 27 28 44 45 56 61
 27 28 44 45 56 61 72
 27 28 44 45 56 61 70 71
 27 28 44 45 56 59 60
 27 28 44 45 56 59 60 72
 27 28 44 45 56 59 60 70 71
 27 28 44 45 52 56
 27 28 44 45 52 56 72
 27 28 44 45 52 56 70 71
 27 28 44 45 52 56 61
 27 28 44 45 52 56 61 72
 27 28 44 45 52 56 61 70 71
 27 28 44 45 52 56 59 60
 27 28 44 45 52 56 59 60 72
 27 28 44 45 52 56 59 60 70 71
 27 28 44 45 50 51 56
 27 28 44 45 50 51 56 72
 27 28 44 45 50 51 56 70 71
 27 28 44 45 50 51 56 61
 27 28 44 45 50 51 56 61 72
 27 28 44 45 50 51 56 61 70 71
 27 28 44 45 50 51 56 59 60
 27 28 44 45 50 51 56 59 60 72
 27 28 44 45 50 51 56 59 60 70 71
 27 28 34 46 56 72
 27 28 34 46 56 70 71
 27 28 34 46 52 56 72
 27 28 34 46 52 56 70 71
 27 28 34 46 50 51 56 72
 27 28 34 46 50 51 56 70 71
 27 28 34 45 46 56
 27 28 34 45 46 52 56
 27 28 34 45 46 50 51 56
 27 28 34 44 45 56
 27 28 34 44 45 56 72
 27 28 34 44 45 56 70 71
 27 28 34 44 45 52 56
 27 28 34 44 45 52 56 72
 27 28 34 44 45 52 56 70 71
 27 28 34 44 45 50 51 56
 27 28 34 44 45 50 51 56 72
 27 28 34 44 45 50 51 56 70 71
 25 57 58 63
 25 57 58 61 62
 25 55 56 58 63
 25 55 56 58 61 62
 25 46 56 72
 25 46 56 70 71
 25 46 56 61 72
 25 46 56 61 70 71
 25 46 56 59 60 72
 25 46 56 59 60 70 71
 25 45 46 56
 25 45 46 56 61
 25 45 46 56 59 60
 25 44 45 56
 25 44 45 56 72
 25 44 45 56 70 71
 25 44 45 56 61
 25 44 45 56 61 72
 25 44 45 56 61 70 71
 25 44 45 56 59 60
 25 44 45 56 59 60 72
 25 44 45 56 59 60 70 71
 25 36 57 58
 25 36 55 56 58
 25 34 46 56 72
 25 34 46 56 70 71
 25 34 45 46 56
 25 34 44 45 56
 25 34 44 45 56 72
 25 34 44 45 56 70 71
 25 30 58 63
 25 30 58 61 62
 25 30 36 58
 25 29 46 56 72
 25 29 46 56 70 71
 25 29 46 56 61 72
 25 29 46 56 61 70 71
 25 29 46 56 59 60 72
 25 29 46 56 59 60 70 71
 25 29 45 46 56
 25 29 45 46 56 61
 25 29 45 46 56 59 60
 25 29 44 45 56
 25 29 44 45 56 72
 25 29 44 45 56 70 71
 25 29 44 45 56 61
 25 29 44 45 56 61 72
 25 29 44 45 56 61 70 71
 25 29 44 45 56 59 60
 25 29 44 45 56 59 60 72
 25 29 44 45 56 59 60 70 71
 25 29 34 46 56 72
 25 29 34 46 56 70 71
 25 29 34 45 46 56
 25 29 34 44 45 56
 25 29 34 44 45 56 72
 25 29 34 44 45 56 70 71
 25 27 46 58 72
 25 27 46 58 70 71
 25 27 46 58 61 72
 25 27 46 58 61 70 71
 25 27 46 58 59 60 72
 25 27 46 58 59 60 70 71
 25 27 46 56 72
 25 27 46 56 70 71
 25 27 46 56 61 72
 25 27 46 56 61 70 71
 25 27 46 56 59 60 72
 25 27 46 56 59 60 70 71
 25 27 45 46 58
 25 27 45 46 58 61
 25 27 45 46 58 59 60
 25 27 45 46 56
 25 27 45 46 56 61
 25 27 45 46 56 59 60
 25 27 44 45 58
 25 27 44 45 58 72
 25 27 44 45 58 70 71
 25 27 44 45 58 61
 25 27 44 45 58 61 72
 25 27 44 45 58 61 70 71
 25 27 44 45 58 59 60
 25 27 44 45 58 59 60 72
 25 27 44 45 58 59 60 70 71
 25 27 44 45 56
 25 27 44 45 56 72
 25 27 44 45 56 70 71
 25 27 44 45 56 61
 25 27 44 45 56 61 72
 25 27 44 45 56 61 70 71
 25 27 44 45 56 59 60
 25 27 44 45 56 59 60 72
 25 27 44 45 56 59 60 70 71
 25 27 34 46 58 72
 25 27 34 46 58 70 71
 25 27 34 46 56 72
 25 27 34 46 56 70 71
 25 27 34 45 46 58
 25 27 34 45 46 56
 25 27 34 44 45 58
 25 27 34 44 45 58 72
 25 27 34 44 45 58 70 71
 25 27 34 44 45 56
 25 27 34 44 45 56 72
 25 27 34 44 45 56 70 71
 25 27 28 46 56 72
 25 27 28 46 56 70 71
 25 27 28 46 56 61 72
 25 27 28 46 56 61 70 71
 25 27 28 46 56 59 60 72
 25 27 28 46 56 59 60 70 71
 25 27 28 45 46 56
 25 27 28 45 46 56 61
 25 27 28 45 46 56 59 60
 25 27 28 44 45 56
 25 27 28 44 45 56 72
 25 27 28 44 45 56 70 71
 25 27 28 44 45 56 61
 25 27 28 44 45 56 61 72
 25 27 28 44 45 56 61 70 71
 25 27 28 44 45 56 59 60
 25 27 28 44 45 56 59 60 72
 25 27 28 44 45 56 59 60 70 71
 25 27 28 34 46 56 72
 25 27 28 34 46 56 70 71
 25 27 28 34 45 46 56
 25 27 28 34 44 45 56
 25 27 28 34 44 45 56 72
 25 27 28 34 44 45 56 70 71
 25 26 48 56 72
 25 26 48 56 70 71
 25 26 46 52 58 72
 25 26 46 52 58 70 71
 25 26 46 52 58 61 72
 25 26 46 52 58 61 70 71
 25 26 46 52 58 59 60 72
 25 26 46 52 58 59 60 70 71
 25 26 46 52 56 72
 25 26 46 52 56 70 71
 25 26 46 52 56 61 72
 25 26 46 52 56 61 70 71
 25 26 46 52 56 59 60 72
 25 26 46 52 56 59 60 70 71
 25 26 46 50 51 58 72
 25 26 46 50 51 58 70 71
 25 26 46 50 51 58 61 72
 25 26 46 50 51 58 61 70 71
 25 26 46 50 51 58 59 60 72
 25 26 46 50 51 58 59 60 70 71
 25 26 46 50 51 56 72
 25 26 46 50 51 56 70 71
 25 26 46 50 51 56 61 72
 25 26 46 50 51 56 61 70 71
 25 26 46 50 51 56 59 60 72
 25 26 46 50 51 56 59 60 70 71
 25 26 46 47 56 72
 25 26 46 47 56 70 71
 25 26 45 48 56
 25 26 45 46 52 58
 25 26 45 46 52 58 61
 25 26 45 46 52 58 59 60
 25 26 45 46 52 56
 25 26 45 46 52 56 61
 25 26 45 46 52 56 59 60
 25 26 45 46 50 51 58
 25 26 45 46 50 51 58 61
 25 26 45 46 50 51 58 59 60
 25 26 45 46 50 51 56
 25 26 45 46 50 51 56 61
 25 26 45 46 50 51 56 59 60
 25 26 45 46 47 56
 25 26 44 45 52 58
 25 26 44 45 52 58 72
 25 26 44 45 52 58 70 71
 25 26 44 45 52 58 61
 25 26 44 45 52 58 61 72
 25 26 44 45 52 58 61 70 71
 25 26 44 45 52 58 59 60
 25 26 44 45 52 58 59 60 72
 25 26 44 45 52 58 59 60 70 71
 25 26 44 45 52 56
 25 26 44 45 52 56 72
 25 26 44 45 52 56 70 71
 25 26 44 45 52 56 61
 25 26 44 45 52 56 61 72
 25 26 44 45 52 56 61 70 71
 25 26 44 45 52 56 59 60
 25 26 44 45 52 56 59 60 72
 25 26 44 45 52 56 59 60 70 71
 25 26 44 45 50 51 58
 25 26 44 45 50 51 58 72
 25 26 44 45 50 51 58 70 71
 25 26 44 45 50 51 58 61
 25 26 44 45 50 51 58 61 72
 25 26 44 45 50 51 58 61 70 71
 25 26 44 45 50 51 58 59 60
 25 26 44 45 50 51 58 59 60 72
 25 26 44 45 50 51 58 59 60 70 71
 25 26 44 45 50 51 56
 25 26 44 45 50 51 56 72
 25 26 44 45 50 51 56 70 71
 25 26 44 45 50 51 56 61
 25 26 44 45 50 51 56 61 72
 25 26 44 45 50 51 56 61 70 71
 25 26 44 45 50 51 56 59 60
 25 26 44 45 50 51 56 59 60 72
 25 26 44 45 50 51 56 59 60 70 71
 25 26 34 46 52 58 72
 25 26 34 46 52 58 70 71
 25 26 34 46 52 56 72
 25 26 34 46 52 56 70 71
 25 26 34 46 50 51 58 72
 25 26 34 46 50 51 58 70 71
 25 26 34 46 50 51 56 72
 25 26 34 46 50 51 56 70 71
 25 26 34 45 46 52 58
 25 26 34 45 46 52 56
 25 26 34 45 46 50 51 58
 25 26 34 45 46 50 51 56
 25 26 34 44 45 52 58
 25 26 34 44 45 52 58 72
 25 26 34 44 45 52 58 70 71
 25 26 34 44 45 52 56
 25 26 34 44 45 52 56 72
 25 26 34 44 45 52 56 70 71
 25 26 34 44 45 50 51 58
 25 26 34 44 45 50 51 58 72
 25 26 34 44 45 50 51 58 70 71
 25 26 34 44 45 50 51 56
 25 26 34 44 45 50 51 56 72
 25 26 34 44 45 50 51 56 70 71
 21 56 72
 21 56 70 71
 21 45 56
 21 27 56 72
 21 27 56 70 71
 21 27 45 56
 21 25 26 56 72
 21 25 26 56 70 71
 21 25 26 45 56
 19 58 63
 19 58 61 62
 19 58 59 63
 19 58 59 61 63
 19 58 59 60 63
 19 58 59 60 61 62
 19 57 58 63
 19 57 58 61 63
 19 57 58 59 60 63
 19 57 58 59 60 61 62
 19 56 63
 19 56 61 62
 19 56 58 62 74 78 79
 19 56 58 62 72 78 79
 19 56 58 62 72 73 78 79
 19 56 58 62 70 71 78 79
 19 56 58 59 62 78 79
 19 56 58 59 61
 19 56 58 59 60
 19 56 57 58 62 78 79
 19 56 57 58 61
 19 56 57 58 59 60
 19 54 72
 19 54 70 71
 19 54 61 72
 19 54 61 70 71
 19 54 59 60 72
 19 54 59 60 70 71
 19 53 56 58 62 74
 19 53 56 58 62 72
 19 53 56 58 62 72 73
 19 53 56 58 62 70 71
 19 53 56 58 59 62
 19 53 56 57 58 62
 19 52 56 72
 19 52 56 70 71
 19 52 56 61 72
 19 52 56 61 70 71
 19 52 56 59 60 72
 19 52 56 59 60 70 71
 19 52 53 72
 19 52 53 70 71
 19 52 53 61 72
 19 52 53 61 70 71
 19 52 53 59 60 72
 19 52 53 59 60 70 71
 19 50 51 56 72
 19 50 51 56 70 71
 19 50 51 56 61 72
 19 50 51 56 61 70 71
 19 50 51 56 59 60 72
 19 50 51 56 59 60 70 71
 19 47 56 58 62 78 79
 19 47 53 56 58 62
 19 45 56 58 62 78 79
 19 45 54
 19 45 54 61
 19 45 54 59 60
 19 45 53 56 58 62
 19 45 52 56
 19 45 52 56 61
 19 45 52 56 59 60
 19 45 52 53
 19 45 52 53 61
 19 45 52 53 59 60
 19 45 50 51 56
 19 45 50 51 56 61
 19 45 50 51 56 59 60
 19 44 56 58 62 74
 19 44 56 58 62 72
 19 44 56 58 62 72 73
 19 44 56 58 62 70 71
 19 44 56 58 59 62
 19 44 56 57 58 62
 19 44 47 56 58 62
 19 44 45 56 58 62
 19 36 58
 19 36 58 59
 19 36 58 59 61
 19 36 58 59 60
 19 36 57 58
 19 36 57 58 61
 19 36 57 58 59 60
 19 36 56
 19 34 58 59 63
 19 34 58 59 61 62
 19 34 57 58 63
 19 34 57 58 61 62
 19 34 56 58 59
 19 34 56 57 58
 19 34 54 72
 19 34 54 70 71
 19 34 52 56 72
 19 34 52 56 70 71
 19 34 52 53 72
 19 34 52 53 70 71
 19 34 50 51 56 72
 19 34 50 51 56 70 71
 19 34 45 54
 19 34 45 52 56
 19 34 45 52 53
 19 34 45 50 51 56
 19 34 36 58 59
 19 34 36 57 58
 19 33 44 58 60 61 62
 19 33 44 58 60 61 62 67
 19 33 44 58 60 61 62 65 66
 19 33 44 58 59 60 62
 19 33 44 58 59 60 62 67
 19 33 44 58 59 60 62 65 66
 19 33 42 43 58 60 61 62
 19 33 42 43 58 60 61 62 67
 19 33 42 43 58 60 61 62 65 66
 19 33 42 43 58 59 60 62
 19 33 42 43 58 59 60 62 67
 19 33 42 43 58 59 60 62 65 66
 19 33 40 44 58 60 61 62
 19 33 40 44 58 59 60 62
 19 33 40 42 43 58 60 61 62
 19 33 40 42 43 58 59 60 62
 19 33 34 44 58 60 62
 19 33 34 44 58 60 62 67
 19 33 34 44 58 60 62 65 66
 19 33 34 42 43 58 60 62
 19 33 34 42 43 58 60 62 67
 19 33 34 42 43 58 60 62 65 66
 19 33 34 40 44 58 60 62
 19 33 34 40 42 43 58 60 62
 19 32 58 63
 19 32 58 61 63
 19 32 58 59 60 63
 19 32 58 59 60 61 62
 19 32 56 58 62 78 79
 19 32 56 58 61
 19 32 56 58 59 60
 19 32 53 56 58 62
 19 32 44 56 58 62
 19 32 36 58
 19 32 36 58 61
 19 32 36 58 59 60
 19 32 34 58 63
 19 32 34 58 61 62
 19 32 34 56 58
 19 32 34 36 58
 19 31 32 44 58 60 61 62
 19 31 32 44 58 60 61 62 67
 19 31 32 44 58 60 61 62 65 66
 19 31 32 44 58 59 60 62
 19 31 32 44 58 59 60 62 67
 19 31 32 44 58 59 60 62 65 66
 19 31 32 42 43 58 60 61 62
 19 31 32 42 43 58 60 61 62 67
 19 31 32 42 43 58 60 61 62 65 66
 19 31 32 42 43 58 59 60 62
 19 31 32 42 43 58 59 60 62 67
 19 31 32 42 43 58 59 60 62 65 66
 19 31 32 40 44 58 60 61 62
 19 31 32 40 44 58 59 60 62
 19 31 32 40 42 43 58 60 61 62
 19 31 32 40 42 43 58 59 60 62
 19 31 32 34 44 58 60 62
 19 31 32 34 44 58 60 62 67
 19 31 32 34 44 58 60 62 65 66
 19 31 32 34 42 43 58 60 62
 19 31 32 34 42 43 58 60 62 67
 19 31 32 34 42 43 58 60 62 65 66
 19 31 32 34 40 44 58 60 62
 19 31 32 34 40 42 43 58 60 62
 19 29 56 72
 19 29 56 70 71
 19 29 56 61 72
 19 29 56 61 70 71
 19 29 56 59 60 72
 19 29 56 59 60 70 71
 19 29 52 56 72
 19 29 52 56 70 71
 19 29 52 56 61 72
 19 29 52 56 61 70 71
 19 29 52 56 59 60 72
 19 29 52 56 59 60 70 71
 19 29 50 51 56 72
 19 29 50 51 56 70 71
 19 29 50 51 56 61 72
 19 29 50 51 56 61 70 71
 19 29 50 51 56 59 60 72
 19 29 50 51 56 59 60 70 71
 19 29 45 56
 19 29 45 56 61
 19 29 45 56 59 60
 19 29 45 52 56
 19 29 45 52 56 61
 19 29 45 52 56 59 60
 19 29 45 50 51 56
 19 29 45 50 51 56 61
 19 29 45 50 51 56 59 60
 19 29 34 56 72
 19 29 34 56 70 71
 19 29 34 52 56 72
 19 29 34 52 56 70 71
 19 29 34 50 51 56 72
 19 29 34 50 51 56 70 71
 19 29 34 45 56
 19 29 34 45 52 56
 19 29 34 45 50 51 56
 19 27 72
 19 27 70 71
 19 27 61 72
 19 27 61 70 71
 19 27 59 60 72
 19 27 59 60 70 71
 19 27 58 72
 19 27 58 70 71
 19 27 58 61 72
 19 27 58 61 70 71
 19 27 58 59 60 72
 19 27 58 59 60 70 71
 19 27 56 72
 19 27 56 70 71
 19 27 56 61 72
 19 27 56 61 70 71
 19 27 56 59 60 72
 19 27 56 59 60 70 71
 19 27 52 58 72
 19 27 52 58 70 71
 19 27 52 58 61 72
 19 27 52 58 61 70 71
 19 27 52 58 59 60 72
 19 27 52 58 59 60 70 71
 19 27 52 56 72
 19 27 52 56 70 71
 19 27 52 56 61 72
 19 27 52 56 61 70 71
 19 27 52 56 59 60 72
 19 27 52 56 59 60 70 71
 19 27 50 51 58 72
 19 27 50 51 58 70 71
 19 27 50 51 58 61 72
 19 27 50 51 58 61 70 71
 19 27 50 51 58 59 60 72
 19 27 50 51 58 59 60 70 71
 19 27 50 51 56 72
 19 27 50 51 56 70 71
 19 27 50 51 56 61 72
 19 27 50 51 56 61 70 71
 19 27 50 51 56 59 60 72
 19 27 50 51 56 59 60 70 71
 19 27 45
 19 27 45 61
 19 27 45 59 60
 19 27 45 58
 19 27 45 58 61
 19 27 45 58 59 60
 19 27 45 56
 19 27 45 56 61
 19 27 45 56 59 60
 19 27 45 52 58
 19 27 45 52 58 61
 19 27 45 52 58 59 60
 19 27 45 52 56
 19 27 45 52 56 61
 19 27 45 52 56 59 60
 19 27 45 50 51 58
 19 27 45 50 51 58 61
 19 27 45 50 51 58 59 60
 19 27 45 50 51 56
 19 27 45 50 51 56 61
 19 27 45 50 51 56 59 60
 19 27 34 72
 19 27 34 70 71
 19 27 34 58 72
 19 27 34 58 70 71
 19 27 34 56 72
 19 27 34 56 70 71
 19 27 34 52 58 72
 19 27 34 52 58 70 71
 19 27 34 52 56 72
 19 27 34 52 56 70 71
 19 27 34 50 51 58 72
 19 27 34 50 51 58 70 71
 19 27 34 50 51 56 72
 19 27 34 50 51 56 70 71
 19 27 34 45
 19 27 34 45 58
 19 27 34 45 56
 19 27 34 45 52 58
 19 27 34 45 52 56
 19 27 34 45 50 51 58
 19 27 34 45 50 51 56
 19 27 28 56 72
 19 27 28 56 70 71
 19 27 28 56 61 72
 19 27 28 56 61 70 71
 19 27 28 56 59 60 72
 19 27 28 56 59 60 70 71
 19 27 28 52 56 72
 19 27 28 52 56 70 71
 19 27 28 52 56 61 72
 19 27 28 52 56 61 70 71
 19 27 28 52 56 59 60 72
 19 27 28 52 56 59 60 70 71
 19 27 28 50 51 56 72
 19 27 28 50 51 56 70 71
 19 27 28 50 51 56 61 72
 19 27 28 50 51 56 61 70 71
 19 27 28 50 51 56 59 60 72
 19 27 28 50 51 56 59 60 70 71
 19 27 28 45 56
 19 27 28 45 56 61
 19 27 28 45 56 59 60
 19 27 28 45 52 56
 19 27 28 45 52 56 61
 19 27 28 45 52 56 59 60
 19 27 28 45 50 51 56
 19 27 28 45 50 51 56 61
 19 27 28 45 50 51 56 59 60
 19 27 28 34 56 72
 19 27 28 34 56 70 71
 19 27 28 34 52 56 72
 19 27 28 34 52 56 70 71
 19 27 28 34 50 51 56 72
 19 27 28 34 50 51 56 70 71
 19 27 28 34 45 56
 19 27 28 34 45 52 56
 19 27 28 34 45 50 51 56
 19 25 56 72
 19 25 56 70 71
 19 25 56 61 72
 19 25 56 61 70 71
 19 25 56 59 60 72
 19 25 56 59 60 70 71
 19 25 45 56
 19 25 45 56 61
 19 25 45 56 59 60
 19 25 34 56 72
 19 25 34 56 70 71
 19 25 34 45 56
 19 25 29 56 72
 19 25 29 56 70 71
 19 25 29 56 61 72
 19 25 29 56 61 70 71
 19 25 29 56 59 60 72
 19 25 29 56 59 60 70 71
 19 25 29 45 56
 19 25 29 45 56 61
 19 25 29 45 56 59 60
 19 25 29 34 56 72
 19 25 29 34 56 70 71
 19 25 29 34 45 56
 19 25 27 58 72
 19 25 27 58 70 71
 19 25 27 58 61 72
 19 25 27 58 61 70 71
 19 25 27 58 59 60 72
 19 25 27 58 59 60 70 71
 19 25 27 56 72
 19 25 27 56 70 71
 19 25 27 56 61 72
 19 25 27 56 61 70 71
 19 25 27 56 59 60 72
 19 25 27 56 59 60 70 71
 19 25 27 45 58
 19 25 27 45 58 61
 19 25 27 45 58 59 60
 19 25 27 45 56
 19 25 27 45 56 61
 19 25 27 45 56 59 60
 19 25 27 34 58 72
 19 25 27 34 58 70 71
 19 25 27 34 56 72
 19 25 27 34 56 70 71
 19 25 27 34 45 58
 19 25 27 34 45 56
 19 25 27 28 56 72
 19 25 27 28 56 70 71
 19 25 27 28 56 61 72
 19 25 27 28 56 61 70 71
 19 25 27 28 56 59 60 72
 19 25 27 28 56 59 60 70 71
 19 25 27 28 45 56
 19 25 27 28 45 56 61
 19 25 27 28 45 56 59 60
 19 25 27 28 34 56 72
 19 25 27 28 34 56 70 71
 19 25 27 28 34 45 56
 19 25 26 52 58 72
 19 25 26 52 58 70 71
 19 25 26 52 58 61 72
 19 25 26 52 58 61 70 71
 19 25 26 52 58 59 60 72
 19 25 26 52 58 59 60 70 71
 19 25 26 52 56 72
 19 25 26 52 56 70 71
 19 25 26 52 56 61 72
 19 25 26 52 56 61 70 71
 19 25 26 52 56 59 60 72
 19 25 26 52 56 59 60 70 71
 19 25 26 50 51 58 72
 19 25 26 50 51 58 70 71
 19 25 26 50 51 58 61 72
 19 25 26 50 51 58 61 70 71
 19 25 26 50 51 58 59 60 72
 19 25 26 50 51 58 59 60 70 71
 19 25 26 50 51 56 72
 19 25 26 50 51 56 70 71
 19 25 26 50 51 56 61 72
 19 25 26 50 51 56 61 70 71
 19 25 26 50 51 56 59 60 72
 19 25 26 50 51 56 59 60 70 71
 19 25 26 45 52 58
 19 25 26 45 52 58 61
 19 25 26 45 52 58 59 60
 19 25 26 45 52 56
 19 25 26 45 52 56 61
 19 25 26 45 52 56 59 60
 19 25 26 45 50 51 58
 19 25 26 45 50 51 58 61
 19 25 26 45 50 51 58 59 60
 19 25 26 45 50 51 56
 19 25 26 45 50 51 56 61
 19 25 26 45 50 51 56 59 60
 19 25 26 34 52 58 72
 19 25 26 34 52 58 70 71
 19 25 26 34 52 56 72
 19 25 26 34 52 56 70 71
 19 25 26 34 50 51 58 72
 19 25 26 34 50 51 58 70 71
 19 25 26 34 50 51 56 72
 19 25 26 34 50 51 56 70 71
 19 25 26 34 45 52 58
 19 25 26 34 45 52 56
 19 25 26 34 45 50 51 58
 19 25 26 34 45 50 51 56
 17 33 46 58 60 61 62
 17 33 46 58 60 61 62 67
 17 33 46 58 60 61 62 65 66
 17 33 46 58 59 60 62
 17 33 46 58 59 60 62 67
 17 33 46 58 59 60 62 65 66
 17 33 44 45 58 60 61 62
 17 33 44 45 58 60 61 62 67
 17 33 44 45 58 60 61 62 65 66
 17 33 44 45 58 59 60 62
 17 33 44 45 58 59 60 62 67
 17 33 44 45 58 59 60 62 65 66
 17 33 40 46 58 60 61 62
 17 33 40 46 58 59 60 62
 17 33 40 44 45 58 60 61 62
 17 33 40 44 45 58 59 60 62
 17 33 34 46 58 60 62
 17 33 34 46 58 60 62 67
 17 33 34 46 58 60 62 65 66
 17 33 34 44 45 58 60 62
 17 33 34 44 45 58 60 62 67
 17 33 34 44 45 58 60 62 65 66
 17 33 34 40 46 58 60 62
 17 33 34 40 44 45 58 60 62
 17 31 32 46 58 60 61 62
 17 31 32 46 58 60 61 62 67
 17 31 32 46 58 60 61 62 65 66
 17 31 32 46 58 59 60 62
 17 31 32 46 58 59 60 62 67
 17 31 32 46 58 59 60 62 65 66
 17 31 32 44 45 58 60 61 62
 17 31 32 44 45 58 60 61 62 67
 17 31 32 44 45 58 60 61 62 65 66
 17 31 32 44 45 58 59 60 62
 17 31 32 44 45 58 59 60 62 67
 17 31 32 44 45 58 59 60 62 65 66
 17 31 32 40 46 58 60 61 62
 17 31 32 40 46 58 59 60 62
 17 31 32 40 44 45 58 60 61 62
 17 31 32 40 44 45 58 59 60 62
 17 31 32 34 46 58 60 62
 17 31 32 34 46 58 60 62 67
 17 31 32 34 46 58 60 62 65 66
 17 31 32 34 44 45 58 60 62
 17 31 32 34 44 45 58 60 62 67
 17 31 32 34 44 45 58 60 62 65 66
 17 31 32 34 40 46 58 60 62
 17 31 32 34 40 44 45 58 60 62
 17 19 33 58 60 61 62
 17 19 33 58 60 61 62 67
 17 19 33 58 60 61 62 65 66
 17 19 33 58 59 60 62
 17 19 33 58 59 60 62 67
 17 19 33 58 59 60 62 65 66
 17 19 33 40 58 60 61 62
 17 19 33 40 58 59 60 62
 17 19 33 34 58 60 62
 17 19 33 34 58 60 62 67
 17 19 33 34 58 60 62 65 66
 17 19 33 34 40 58 60 62
 17 19 31 32 58 60 61 62
 17 19 31 32 58 60 61 62 67
 17 19 31 32 58 60 61 62 65 66
 17 19 31 32 58 59 60 62
 17 19 31 32 58 59 60 62 67
 17 19 31 32 58 59 60 62 65 66
 17 19 31 32 40 58 60 61 62
 17 19 31 32 40 58 59 60 62
 17 19 31 32 34 58 60 62
 17 19 31 32 34 58 60 62 67
 17 19 31 32 34 58 60 62 65 66
 17 19 31 32 34 40 58 60 62
 6 44 46 58 60 61 62
 6 44 46 58 60 61 62 67
 6 44 46 58 60 61 62 65 66
 6 44 46 58 59 60 62
 6 44 46 58 59 60 62 67
 6 44 46 58 59 60 62 65 66
 6 44 45 58 60 61 62
 6 44 45 58 60 61 62 67
 6 44 45 58 60 61 62 65 66
 6 44 45 58 59 60 62
 6 44 45 58 59 60 62 67
 6 44 45 58 59 60 62 65 66
 6 42 43 46 58 60 61 62
 6 42 43 46 58 60 61 62 67
 6 42 43 46 58 60 61 62 65 66
 6 42 43 46 58 59 60 62
 6 42 43 46 58 59 60 62 67
 6 42 43 46 58 59 60 62 65 66
 6 42 43 44 45 58 60 61 62
 6 42 43 44 45 58 60 61 62 67
 6 42 43 44 45 58 60 61 62 65 66
 6 42 43 44 45 58 59 60 62
 6 42 43 44 45 58 59 60 62 67
 6 42 43 44 45 58 59 60 62 65 66
 6 40 44 46 58 60 61 62
 6 40 44 46 58 59 60 62
 6 40 44 45 58 60 61 62
 6 40 44 45 58 59 60 62
 6 40 42 43 46 58 60 61 62
 6 40 42 43 46 58 59 60 62
 6 40 42 43 44 45 58 60 61 62
 6 40 42 43 44 45 58 59 60 62
 6 34 44 46 58 60 62
 6 34 44 46 58 60 62 67
 6 34 44 46 58 60 62 65 66
 6 34 44 45 58 60 62
 6 34 44 45 58 60 62 67
 6 34 44 45 58 60 62 65 66
 6 34 42 43 46 58 60 62
 6 34 42 43 46 58 60 62 67
 6 34 42 43 46 58 60 62 65 66
 6 34 42 43 44 45 58 60 62
 6 34 42 43 44 45 58 60 62 67
 6 34 42 43 44 45 58 60 62 65 66
 6 34 40 44 46 58 60 62
 6 34 40 44 45 58 60 62
 6 34 40 42 43 46 58 60 62
 6 34 40 42 43 44 45 58 60 62
 6 19 44 58 60 61 62
 6 19 44 58 60 61 62 67
 6 19 44 58 60 61 62 65 66
 6 19 44 58 59 60 62
 6 19 44 58 59 60 62 67
 6 19 44 58 59 60 62 65 66
 6 19 42 43 58 60 61 62
 6 19 42 43 58 60 61 62 67
 6 19 42 43 58 60 61 62 65 66
 6 19 42 43 58 59 60 62
 6 19 42 43 58 59 60 62 67
 6 19 42 43 58 59 60 62 65 66
 6 19 40 44 58 60 61 62
 6 19 40 44 58 59 60 62
 6 19 40 42 43 58 60 61 62
 6 19 40 42 43 58 59 60 62
 6 19 34 44 58 60 62
 6 19 34 44 58 60 62 67
 6 19 34 44 58 60 62 65 66
 6 19 34 42 43 58 60 62
 6 19 34 42 43 58 60 62 67
 6 19 34 42 43 58 60 62 65 66
 6 19 34 40 44 58 60 62
 6 19 34 40 42 43 58 60 62
 6 17 46 58 60 61 62
 6 17 46 58 60 61 62 67
 6 17 46 58 60 61 62 65 66
 6 17 46 58 59 60 62
 6 17 46 58 59 60 62 67
 6 17 46 58 59 60 62 65 66
 6 17 44 45 58 60 61 62
 6 17 44 45 58 60 61 62 67
 6 17 44 45 58 60 61 62 65 66
 6 17 44 45 58 59 60 62
 6 17 44 45 58 59 60 62 67
 6 17 44 45 58 59 60 62 65 66
 6 17 40 46 58 60 61 62
 6 17 40 46 58 59 60 62
 6 17 40 44 45 58 60 61 62
 6 17 40 44 45 58 59 60 62
 6 17 34 46 58 60 62
 6 17 34 46 58 60 62 67
 6 17 34 46 58 60 62 65 66
 6 17 34 44 45 58 60 62
 6 17 34 44 45 58 60 62 67
 6 17 34 44 45 58 60 62 65 66
 6 17 34 40 46 58 60 62
 6 17 34 40 44 45 58 60 62
 6 17 19 58 60 61 62
 6 17 19 58 60 61 62 67
 6 17 19 58 60 61 62 65 66
 6 17 19 58 59 60 62
 6 17 19 58 59 60 62 67
 6 17 19 58 59 60 62 65 66
 6 17 19 40 58 60 61 62
 6 17 19 40 58 59 60 62
 6 17 19 34 58 60 62
 6 17 19 34 58 60 62 67
 6 17 19 34 58 60 62 65 66
 6 17 19 34 40 58 60 62
 2 46 56 72
 2 46 56 70 71
 2 46 56 61 72
 2 46 56 61 70 71
 2 46 56 59 60 72
 2 46 56 59 60 70 71
 2 46 56 58 62 74
 2 46 56 58 62 72
 2 46 56 58 62 72 73
 2 46 56 58 62 70 71
 2 46 56 58 59 62
 2 46 56 57 58 62
 2 46 52 56 72
 2 46 52 56 70 71
 2 46 52 56 61 72
 2 46 52 56 61 70 71
 2 46 52 56 59 60 72
 2 46 52 56 59 60 70 71
 2 46 50 51 56 72
 2 46 50 51 56 70 71
 2 46 50 51 56 61 72
 2 46 50 51 56 61 70 71
 2 46 50 51 56 59 60 72
 2 46 50 51 56 59 60 70 71
 2 46 47 56 58 62
 2 45 46 56
 2 45 46 56 61
 2 45 46 56 59 60
 2 45 46 56 58 62
 2 45 46 52 56
 2 45 46 52 56 61
 2 45 46 52 56 59 60
 2 45 46 50 51 56
 2 45 46 50 51 56 61
 2 45 46 50 51 56 59 60
 2 44 45 56
 2 44 45 56 72
 2 44 45 56 70 71
 2 44 45 56 61
 2 44 45 56 61 72
 2 44 45 56 61 70 71
 2 44 45 56 59 60
 2 44 45 56 59 60 72
 2 44 45 56 59 60 70 71
 2 44 45 56 58 62
 2 44 45 56 58 62 74
 2 44 45 56 58 62 72
 2 44 45 56 58 62 72 73
 2 44 45 56 58 62 70 71
 2 44 45 56 58 59 62
 2 44 45 56 57 58 62
 2 44 45 52 56
 2 44 45 52 56 72
 2 44 45 52 56 70 71
 2 44 45 52 56 61
 2 44 45 52 56 61 72
 2 44 45 52 56 61 70 71
 2 44 45 52 56 59 60
 2 44 45 52 56 59 60 72
 2 44 45 52 56 59 60 70 71
 2 44 45 50 51 56
 2 44 45 50 51 56 72
 2 44 45 50 51 56 70 71
 2 44 45 50 51 56 61
 2 44 45 50 51 56 61 72
 2 44 45 50 51 56 61 70 71
 2 44 45 50 51 56 59 60
 2 44 45 50 51 56 59 60 72
 2 44 45 50 51 56 59 60 70 71
 2 44 45 47 56 58 62
 2 34 46 56 72
 2 34 46 56 70 71
 2 34 46 52 56 72
 2 34 46 52 56 70 71
 2 34 46 50 51 56 72
 2 34 46 50 51 56 70 71
 2 34 45 46 56
 2 34 45 46 52 56
 2 34 45 46 50 51 56
 2 34 44 45 56
 2 34 44 45 56 72
 2 34 44 45 56 70 71
 2 34 44 45 52 56
 2 34 44 45 52 56 72
 2 34 44 45 52 56 70 71
 2 34 44 45 50 51 56
 2 34 44 45 50 51 56 72
 2 34 44 45 50 51 56 70 71
 2 32 46 56 58 62
 2 32 44 45 56 58 62
 2 25 46 56 72
 2 25 46 56 70 71
 2 25 46 56 61 72
 2 25 46 56 61 70 71
 2 25 46 56 59 60 72
 2 25 46 56 59 60 70 71
 2 25 45 46 56
 2 25 45 46 56 61
 2 25 45 46 56 59 60
 2 25 44 45 56
 2 25 44 45 56 72
 2 25 44 45 56 70 71
 2 25 44 45 56 61
 2 25 44 45 56 61 72
 2 25 44 45 56 61 70 71
 2 25 44 45 56 59 60
 2 25 44 45 56 59 60 72
 2 25 44 45 56 59 60 70 71
 2 25 34 46 56 72
 2 25 34 46 56 70 71
 2 25 34 45 46 56
 2 25 34 44 45 56
 2 25 34 44 45 56 72
 2 25 34 44 45 56 70 71
 2 19 56 72
 2 19 56 70 71
 2 19 56 61 72
 2 19 56 61 70 71
 2 19 56 59 60 72
 2 19 56 59 60 70 71
 2 19 56 58 62 74
 2 19 56 58 62 72
 2 19 56 58 62 72 73
 2 19 56 58 62 70 71
 2 19 56 58 59 62
 2 19 56 57 58 62
 2 19 52 56 72
 2 19 52 56 70 71
 2 19 52 56 61 72
 2 19 52 56 61 70 71
 2 19 52 56 59 60 72
 2 19 52 56 59 60 70 71
 2 19 50 51 56 72
 2 19 50 51 56 70 71
 2 19 50 51 56 61 72
 2 19 50 51 56 61 70 71
 2 19 50 51 56 59 60 72
 2 19 50 51 56 59 60 70 71
 2 19 47 56 58 62
 2 19 45 56
 2 19 45 56 61
 2 19 45 56 59 60
 2 19 45 56 58 62
 2 19 45 52 56
 2 19 45 52 56 61
 2 19 45 52 56 59 60
 2 19 45 50 51 56
 2 19 45 50 51 56 61
 2 19 45 50 51 56 59 60
 2 19 34 56 72
 2 19 34 56 70 71
 2 19 34 52 56 72
 2 19 34 52 56 70 71
 2 19 34 50 51 56 72
 2 19 34 50 51 56 70 71
 2 19 34 45 56
 2 19 34 45 52 56
 2 19 34 45 50 51 56
 2 19 32 56 58 62
 2 19 25 56 72
 2 19 25 56 70 71
 2 19 25 56 61 72
 2 19 25 56 61 70 71
 2 19 25 56 59 60 72
 2 19 25 56 59 60 70 71
 2 19 25 45 56
 2 19 25 45 56 61
 2 19 25 45 56 59 60
 2 19 25 34 56 72
 2 19 25 34 56 70 71
 2 19 25 34 45 56
 1 58 63 72
 1 58 63 70 71
 1 58 61 62 72
 1 58 61 62 70 71
 1 45 58 63
 1 45 58 61 62
 1 36 58 72
 1 36 58 70 71
 1 36 45 58
 0 48 56 72
 0 48 56 70 71
 0 46 58 72
 0 46 58 70 71
 0 46 58 61 72
 0 46 58 61 70 71
 0 46 58 59 60 72
 0 46 58 59 60 70 71
 0 46 56 72
 0 46 56 70 71
 0 46 56 61 72
 0 46 56 61 70 71
 0 46 56 59 60 72
 0 46 56 59 60 70 71
 0 46 52 58 72
 0 46 52 58 70 71
 0 46 52 58 61 72
 0 46 52 58 61 70 71
 0 46 52 58 59 60 72
 0 46 52 58 59 60 70 71
 0 46 52 56 72
 0 46 52 56 70 71
 0 46 52 56 61 72
 0 46 52 56 61 70 71
 0 46 52 56 59 60 72
 0 46 52 56 59 60 70 71
 0 46 50 51 58 72
 0 46 50 51 58 70 71
 0 46 50 51 58 61 72
 0 46 50 51 58 61 70 71
 0 46 50 51 58 59 60 72
 0 46 50 51 58 59 60 70 71
 0 46 50 51 56 72
 0 46 50 51 56 70 71
 0 46 50 51 56 61 72
 0 46 50 51 56 61 70 71
 0 46 50 51 56 59 60 72
 0 46 50 51 56 59 60 70 71
 0 46 47 56 72
 0 46 47 56 70 71
 0 45 48 56
 0 45 46 58
 0 45 46 58 61
 0 45 46 58 59 60
 0 45 46 56
 0 45 46 56 61
 0 45 46 56 59 60
 0 45 46 52 58
 0 45 46 52 58 61
 0 45 46 52 58 59 60
 0 45 46 52 56
 0 45 46 52 56 61
 0 45 46 52 56 59 60
 0 45 46 50 51 58
 0 45 46 50 51 58 61
 0 45 46 50 51 58 59 60
 0 45 46 50 51 56
 0 45 46 50 51 56 61
 0 45 46 50 51 56 59 60
 0 45 46 47 56
 0 44 45 58
 0 44 45 58 72
 0 44 45 58 70 71
 0 44 45 58 61
 0 44 45 58 61 72
 0 44 45 58 61 70 71
 0 44 45 58 59 60
 0 44 45 58 59 60 72
 0 44 45 58 59 60 70 71
 0 44 45 56
 0 44 45 56 72
 0 44 45 56 70 71
 0 44 45 56 61
 0 44 45 56 61 72
 0 44 45 56 61 70 71
 0 44 45 56 59 60
 0 44 45 56 59 60 72
 0 44 45 56 59 60 70 71
 0 44 45 52 58
 0 44 45 52 58 72
 0 44 45 52 58 70 71
 0 44 45 52 58 61
 0 44 45 52 58 61 72
 0 44 45 52 58 61 70 71
 0 44 45 52 58 59 60
 0 44 45 52 58 59 60 72
 0 44 45 52 58 59 60 70 71
 0 44 45 52 56
 0 44 45 52 56 72
 0 44 45 52 56 70 71
 0 44 45 52 56 61
 0 44 45 52 56 61 72
 0 44 45 52 56 61 70 71
 0 44 45 52 56 59 60
 0 44 45 52 56 59 60 72
 0 44 45 52 56 59 60 70 71
 0 44 45 50 51 58
 0 44 45 50 51 58 72
 0 44 45 50 51 58 70 71
 0 44 45 50 51 58 61
 0 44 45 50 51 58 61 72
 0 44 45 50 51 58 61 70 71
 0 44 45 50 51 58 59 60
 0 44 45 50 51 58 59 60 72
 0 44 45 50 51 58 59 60 70 71
 0 44 45 50 51 56
 0 44 45 50 51 56 72
 0 44 45 50 51 56 70 71
 0 44 45 50 51 56 61
 0 44 45 50 51 56 61 72
 0 44 45 50 51 56 61 70 71
 0 44 45 50 51 56 59 60
 0 44 45 50 51 56 59 60 72
 0 44 45 50 51 56 59 60 70 71
 0 34 46 58 72
 0 34 46 58 70 71
 0 34 46 56 72
 0 34 46 56 70 71
 0 34 46 52 58 72
 0 34 46 52 58 70 71
 0 34 46 52 56 72
 0 34 46 52 56 70 71
 0 34 46 50 51 58 72
 0 34 46 50 51 58 70 71
 0 34 46 50 51 56 72
 0 34 46 50 51 56 70 71
 0 34 45 46 58
 0 34 45 46 56
 0 34 45 46 52 58
 0 34 45 46 52 56
 0 34 45 46 50 51 58
 0 34 45 46 50 51 56
 0 34 44 45 58
 0 34 44 45 58 72
 0 34 44 45 58 70 71
 0 34 44 45 56
 0 34 44 45 56 72
 0 34 44 45 56 70 71
 0 34 44 45 52 58
 0 34 44 45 52 58 72
 0 34 44 45 52 58 70 71
 0 34 44 45 52 56
 0 34 44 45 52 56 72
 0 34 44 45 52 56 70 71
 0 34 44 45 50 51 58
 0 34 44 45 50 51 58 72
 0 34 44 45 50 51 58 70 71
 0 34 44 45 50 51 56
 0 34 44 45 50 51 56 72
 0 34 44 45 50 51 56 70 71
 0 25 46 58 72
 0 25 46 58 70 71
 0 25 46 58 61 72
 0 25 46 58 61 70 71
 0 25 46 58 59 60 72
 0 25 46 58 59 60 70 71
 0 25 46 56 72
 0 25 46 56 70 71
 0 25 46 56 61 72
 0 25 46 56 61 70 71
 0 25 46 56 59 60 72
 0 25 46 56 59 60 70 71
 0 25 45 46 58
 0 25 45 46 58 61
 0 25 45 46 58 59 60
 0 25 45 46 56
 0 25 45 46 56 61
 0 25 45 46 56 59 60
 0 25 44 45 58
 0 25 44 45 58 72
 0 25 44 45 58 70 71
 0 25 44 45 58 61
 0 25 44 45 58 61 72
 0 25 44 45 58 61 70 71
 0 25 44 45 58 59 60
 0 25 44 45 58 59 60 72
 0 25 44 45 58 59 60 70 71
 0 25 44 45 56
 0 25 44 45 56 72
 0 25 44 45 56 70 71
 0 25 44 45 56 61
 0 25 44 45 56 61 72
 0 25 44 45 56 61 70 71
 0 25 44 45 56 59 60
 0 25 44 45 56 59 60 72
 0 25 44 45 56 59 60 70 71
 0 25 34 46 58 72
 0 25 34 46 58 70 71
 0 25 34 46 56 72
 0 25 34 46 56 70 71
 0 25 34 45 46 58
 0 25 34 45 46 56
 0 25 34 44 45 58
 0 25 34 44 45 58 72
 0 25 34 44 45 58 70 71
 0 25 34 44 45 56
 0 25 34 44 45 56 72
 0 25 34 44 45 56 70 71
 0 21 56 72
 0 21 56 70 71
 0 21 45 56
 0 19 58 72
 0 19 58 70 71
 0 19 58 61 72
 0 19 58 61 70 71
 0 19 58 59 60 72
 0 19 58 59 60 70 71
 0 19 56 72
 0 19 56 70 71
 0 19 56 61 72
 0 19 56 61 70 71
 0 19 56 59 60 72
 0 19 56 59 60 70 71
 0 19 52 58 72
 0 19 52 58 70 71
 0 19 52 58 61 72
 0 19 52 58 61 70 71
 0 19 52 58 59 60 72
 0 19 52 58 59 60 70 71
 0 19 52 56 72
 0 19 52 56 70 71
 0 19 52 56 61 72
 0 19 52 56 61 70 71
 0 19 52 56 59 60 72
 0 19 52 56 59 60 70 71
 0 19 50 51 58 72
 0 19 50 51 58 70 71
 0 19 50 51 58 61 72
 0 19 50 51 58 61 70 71
 0 19 50 51 58 59 60 72
 0 19 50 51 58 59 60 70 71
 0 19 50 51 56 72
 0 19 50 51 56 70 71
 0 19 50 51 56 61 72
 0 19 50 51 56 61 70 71
 0 19 50 51 56 59 60 72
 0 19 50 51 56 59 60 70 71
 0 19 45 58
 0 19 45 58 61
 0 19 45 58 59 60
 0 19 45 56
 0 19 45 56 61
 0 19 45 56 59 60
 0 19 45 52 58
 0 19 45 52 58 61
 0 19 45 52 58 59 60
 0 19 45 52 56
 0 19 45 52 56 61
 0 19 45 52 56 59 60
 0 19 45 50 51 58
 0 19 45 50 51 58 61
 0 19 45 50 51 58 59 60
 0 19 45 50 51 56
 0 19 45 50 51 56 61
 0 19 45 50 51 56 59 60
 0 19 34 58 72
 0 19 34 58 70 71
 0 19 34 56 72
 0 19 34 56 70 71
 0 19 34 52 58 72
 0 19 34 52 58 70 71
 0 19 34 52 56 72
 0 19 34 52 56 70 71
 0 19 34 50 51 58 72
 0 19 34 50 51 58 70 71
 0 19 34 50 51 56 72
 0 19 34 50 51 56 70 71
 0 19 34 45 58
 0 19 34 45 56
 0 19 34 45 52 58
 0 19 34 45 52 56
 0 19 34 45 50 51 58
 0 19 34 45 50 51 56
 0 19 25 58 72
 0 19 25 58 70 71
 0 19 25 58 61 72
 0 19 25 58 61 70 71
 0 19 25 58 59 60 72
 0 19 25 58 59 60 70 71
 0 19 25 56 72
 0 19 25 56 70 71
 0 19 25 56 61 72
 0 19 25 56 61 70 71
 0 19 25 56 59 60 72
 0 19 25 56 59 60 70 71
 0 19 25 45 58
 0 19 25 45 58 61
 0 19 25 45 58 59 60
 0 19 25 45 56
 0 19 25 45 56 61
 0 19 25 45 56 59 60
 0 19 25 34 58 72
 0 19 25 34 58 70 71
 0 19 25 34 56 72
 0 19 25 34 56 70 71
 0 19 25 34 45 58
 0 19 25 34 45 56
 0 1 46 56 58 62 74
 0 1 46 56 58 62 72
 0 1 46 56 58 62 72 73
 0 1 46 56 58 62 70 71
 0 1 46 56 58 59 62
 0 1 46 56 57 58 62
 0 1 46 47 56 58 62
 0 1 45 46 56 58 62
 0 1 44 45 56 58 62
 0 1 44 45 56 58 62 74
 0 1 44 45 56 58 62 72
 0 1 44 45 56 58 62 72 73
 0 1 44 45 56 58 62 70 71
 0 1 44 45 56 58 59 62
 0 1 44 45 56 57 58 62
 0 1 44 45 47 56 58 62
 0 1 32 46 56 58 62
 0 1 32 44 45 56 58 62
 0 1 19 56 58 62 74
 0 1 19 56 58 62 72
 0 1 19 56 58 62 72 73
 0 1 19 56 58 62 70 71
 0 1 19 56 58 59 62
 0 1 19 56 57 58 62
 0 1 19 47 56 58 62
 0 1 19 45 56 58 62
 0 1 19 32 56 58 62
