 60 61
 59 60
 58 60 64
 58 60 61 74
 58 60 61 72 73
 58 60 61 64
 58 59 60 74
 58 59 60 72 73
 58 59 60 64
 56 58 60 68
 56 58 60 61 68
 56 58 59 60 68
 47 58 60 61
 47 58 59 60
 44 56 58 59 60 63
 44 56 58 59 60 63 68
 44 56 58 59 60 61 62
 44 56 58 59 60 61 62 68
 44 56 57 58 60 63
 44 56 57 58 60 63 68
 44 56 57 58 60 61 62
 44 56 57 58 60 61 62 68
 42 43 56 58 59 60 63
 42 43 56 58 59 60 63 68
 42 43 56 58 59 60 61 62
 42 43 56 58 59 60 61 62 68
 42 43 56 57 58 60 63
 42 43 56 57 58 60 63 68
 42 43 56 57 58 60 61 62
 42 43 56 57 58 60 61 62 68
 36 44 56 58 59 60
 36 44 56 58 59 60 68
 36 44 56 57 58 60
 36 44 56 57 58 60 68
 36 42 43 56 58 59 60
 36 42 43 56 58 59 60 68
 36 42 43 56 57 58 60
 36 42 43 56 57 58 60 68
 35 44 58 61 62
 35 44 58 61 62 78 79
 35 44 58 59 60 63
 35 44 58 59 60 62
 35 44 58 59 60 62 78 79
 35 44 58 59 60 61 62
 35 44 57 58 60 63
 35 44 57 58 60 61 62
 35 44 54 58 59 60
 35 44 54 57 58 60
 35 44 53 58 61 62
 35 44 53 58 59 60 62
 35 44 52 53 58 59 60
 35 44 52 53 57 58 60
 35 44 48 60 61
 35 44 48 59 60
 35 44 46 58 60 61
 35 44 46 58 60 61 68
 35 44 46 58 59 60
 35 44 46 58 59 60 68
 35 44 46 47 60 61
 35 44 46 47 59 60
 35 44 45 58 60 61
 35 44 45 58 60 61 68
 35 44 45 58 59 60
 35 44 45 58 59 60 68
 35 42 43 58 61 62 78 79
 35 42 43 58 59 60 63
 35 42 43 58 59 60 62 78 79
 35 42 43 58 59 60 61 62
 35 42 43 57 58 60 63
 35 42 43 57 58 60 61 62
 35 42 43 54 58 59 60
 35 42 43 54 57 58 60
 35 42 43 53 58 61 62
 35 42 43 53 58 59 60 62
 35 42 43 52 53 58 59 60
 35 42 43 52 53 57 58 60
 35 42 43 48 60 61
 35 42 43 48 59 60
 35 42 43 46 58 60 61
 35 42 43 46 58 60 61 68
 35 42 43 46 58 59 60
 35 42 43 46 58 59 60 68
 35 42 43 46 47 60 61
 35 42 43 46 47 59 60
 35 42 43 44 58 61 62
 35 42 43 44 58 59 60 62
 35 42 43 44 45 58 60 61
 35 42 43 44 45 58 60 61 68
 35 42 43 44 45 58 59 60
 35 42 43 44 45 58 59 60 68
 35 36 44 58 59 60
 35 36 44 57 58 60
 35 36 42 43 58 59 60
 35 36 42 43 57 58 60
 34 60
 34 58 60 74
 34 58 60 72 73
 34 58 60 64
 34 56 58 60 68
 34 47 58 60
 34 35 44 58 62
 34 35 44 58 62 78 79
 34 35 44 53 58 62
 34 35 44 48 60
 34 35 44 46 58 60
 34 35 44 46 58 60 68
 34 35 44 46 47 60
 34 35 44 45 58 60
 34 35 44 45 58 60 68
 34 35 42 43 58 62 78 79
 34 35 42 43 53 58 62
 34 35 42 43 48 60
 34 35 42 43 46 58 60
 34 35 42 43 46 58 60 68
 34 35 42 43 46 47 60
 34 35 42 43 44 58 62
 34 35 42 43 44 45 58 60
 34 35 42 43 44 45 58 60 68
 33 44 58 60 61 62
 33 44 58 59 60 61 62
 33 44 57 58 60 61 62
 33 44 57 58 59 60 62
 33 44 56 58 60 61
 33 44 56 58 60 61 67
 33 44 56 58 60 61 65 66
 33 44 56 58 59 60
 33 44 56 58 59 60 67
 33 44 56 58 59 60 65 66
 33 42 43 58 60 61 62
 33 42 43 58 59 60 61 62
 33 42 43 57 58 60 61 62
 33 42 43 57 58 59 60 62
 33 42 43 56 58 60 61
 33 42 43 56 58 60 61 67
 33 42 43 56 58 60 61 65 66
 33 42 43 56 58 59 60
 33 42 43 56 58 59 60 67
 33 42 43 56 58 59 60 65 66
 33 40 44 56 58 60 61
 33 40 44 56 58 59 60
 33 40 42 43 56 58 60 61
 33 40 42 43 56 58 59 60
 33 34 44 58 62
 33 34 44 58 62 78 79
 33 34 44 58 61 62
 33 34 44 58 61 62 78 79
 33 34 44 58 60 62
 33 34 44 58 59 60 63
 33 34 44 58 59 60 62 78 79
 33 34 44 58 59 60 61 62
 33 34 44 57 58 60 63
 33 34 44 57 58 60 62
 33 34 44 57 58 60 61 62
 33 34 44 56 58 60
 33 34 44 56 58 60 67
 33 34 44 56 58 60 65 66
 33 34 44 54 58 59 60
 33 34 44 54 57 58 60
 33 34 44 53 58 62
 33 34 44 53 58 61 62
 33 34 44 53 58 59 60 62
 33 34 44 52 53 58 59 60
 33 34 44 52 53 57 58 60
 33 34 44 48 60
 33 34 44 48 60 61
 33 34 44 48 59 60
 33 34 44 46 58 60
 33 34 44 46 58 60 68
 33 34 44 46 58 60 61
 33 34 44 46 58 60 61 68
 33 34 44 46 58 59 60
 33 34 44 46 58 59 60 68
 33 34 44 46 47 60
 33 34 44 46 47 60 61
 33 34 44 46 47 59 60
 33 34 44 45 58 60
 33 34 44 45 58 60 68
 33 34 44 45 58 60 61
 33 34 44 45 58 60 61 68
 33 34 44 45 58 59 60
 33 34 44 45 58 59 60 68
 33 34 42 43 58 62 78 79
 33 34 42 43 58 61 62 78 79
 33 34 42 43 58 60 62
 33 34 42 43 58 59 60 63
 33 34 42 43 58 59 60 62
 33 34 42 43 58 59 60 62 78 79
 33 34 42 43 58 59 60 61 62
 33 34 42 43 57 58 60 63
 33 34 42 43 57 58 60 62
 33 34 42 43 57 58 60 61 62
 33 34 42 43 56 58 60
 33 34 42 43 56 58 60 67
 33 34 42 43 56 58 60 65 66
 33 34 42 43 54 58 59 60
 33 34 42 43 54 57 58 60
 33 34 42 43 53 58 62
 33 34 42 43 53 58 61 62
 33 34 42 43 53 58 59 60 62
 33 34 42 43 52 53 58 59 60
 33 34 42 43 52 53 57 58 60
 33 34 42 43 48 60
 33 34 42 43 48 60 61
 33 34 42 43 48 59 60
 33 34 42 43 46 58 60
 33 34 42 43 46 58 60 68
 33 34 42 43 46 58 60 61
 33 34 42 43 46 58 60 61 68
 33 34 42 43 46 58 59 60
 33 34 42 43 46 58 59 60 68
 33 34 42 43 46 47 60
 33 34 42 43 46 47 60 61
 33 34 42 43 46 47 59 60
 33 34 42 43 44 58 62
 33 34 42 43 44 58 61 62
 33 34 42 43 44 58 59 60 62
 33 34 42 43 44 45 58 60
 33 34 42 43 44 45 58 60 68
 33 34 42 43 44 45 58 60 61
 33 34 42 43 44 45 58 60 61 68
 33 34 42 43 44 45 58 59 60
 33 34 42 43 44 45 58 59 60 68
 33 34 40 44 56 58 60
 33 34 40 42 43 56 58 60
 33 34 36 44 58 59 60
 33 34 36 44 57 58 60
 33 34 36 42 43 58 59 60
 33 34 36 42 43 57 58 60
 32 44 56 58 60 63
 32 44 56 58 60 63 68
 32 44 56 58 60 61 62
 32 44 56 58 60 61 62 68
 32 42 43 56 58 60 63
 32 42 43 56 58 60 63 68
 32 42 43 56 58 60 61 62
 32 42 43 56 58 60 61 62 68
 32 36 44 56 58 60
 32 36 44 56 58 60 68
 32 36 42 43 56 58 60
 32 36 42 43 56 58 60 68
 32 35 44 58 60 63
 32 35 44 58 60 61 62
 32 35 44 54 58 60
 32 35 44 52 53 58 60
 32 35 42 43 58 60 63
 32 35 42 43 58 60 61 62
 32 35 42 43 54 58 60
 32 35 42 43 52 53 58 60
 32 35 36 44 58 60
 32 35 36 42 43 58 60
 32 33 44 58 60 61 62
 32 33 44 58 59 60 62
 32 33 42 43 58 60 61 62
 32 33 42 43 58 59 60 62
 32 33 34 44 58 60 63
 32 33 34 44 58 60 62
 32 33 34 44 58 60 61 62
 32 33 34 44 54 58 60
 32 33 34 44 52 53 58 60
 32 33 34 42 43 58 60 63
 32 33 34 42 43 58 60 62
 32 33 34 42 43 58 60 61 62
 32 33 34 42 43 54 58 60
 32 33 34 42 43 52 53 58 60
 32 33 34 36 44 58 60
 32 33 34 36 42 43 58 60
 31 32 44 58 59 60 62
 31 32 44 58 59 60 61 62
 31 32 44 57 58 60 61 62
 31 32 44 57 58 59 60 62
 31 32 44 56 58 60 61
 31 32 44 56 58 60 61 67
 31 32 44 56 58 60 61 65 66
 31 32 44 56 58 59 60
 31 32 44 56 58 59 60 67
 31 32 44 56 58 59 60 65 66
 31 32 42 43 58 59 60 62
 31 32 42 43 58 59 60 61 62
 31 32 42 43 57 58 60 61 62
 31 32 42 43 57 58 59 60 62
 31 32 42 43 56 58 60 61
 31 32 42 43 56 58 60 61 67
 31 32 42 43 56 58 60 61 65 66
 31 32 42 43 56 58 59 60
 31 32 42 43 56 58 59 60 67
 31 32 42 43 56 58 59 60 65 66
 31 32 40 44 56 58 60 61
 31 32 40 44 56 58 59 60
 31 32 40 42 43 56 58 60 61
 31 32 40 42 43 56 58 59 60
 31 32 34 44 58 59 60 62
 31 32 34 44 57 58 60 62
 31 32 34 44 56 58 60
 31 32 34 44 56 58 60 67
 31 32 34 44 56 58 60 65 66
 31 32 34 42 43 58 59 60 62
 31 32 34 42 43 57 58 60 62
 31 32 34 42 43 56 58 60
 31 32 34 42 43 56 58 60 67
 31 32 34 42 43 56 58 60 65 66
 31 32 34 40 44 56 58 60
 31 32 34 40 42 43 56 58 60
 29 58 60
 29 58 60 61
 29 58 59 60
 29 34 58 60
 27 35 44 58 59 60
 27 35 44 57 58 60
 27 35 42 43 58 59 60
 27 35 42 43 57 58 60
 27 33 34 44 58 59 60
 27 33 34 44 57 58 60
 27 33 34 42 43 58 59 60
 27 33 34 42 43 57 58 60
 27 32 35 44 58 60
 27 32 35 42 43 58 60
 27 32 33 34 44 58 60
 27 32 33 34 42 43 58 60
 27 28 58 60
 27 28 58 60 61
 27 28 58 59 60
 27 28 34 58 60
 26 56 58 60
 26 56 58 60 61
 26 56 58 59 60
 26 44 56 58 59 60 63
 26 44 56 58 59 60 61 62
 26 44 56 57 58 60 63
 26 44 56 57 58 60 61 62
 26 42 43 56 58 59 60 63
 26 42 43 56 58 59 60 61 62
 26 42 43 56 57 58 60 63
 26 42 43 56 57 58 60 61 62
 26 36 44 56 58 59 60
 26 36 44 56 57 58 60
 26 36 42 43 56 58 59 60
 26 36 42 43 56 57 58 60
 26 35 44 46 58 60 61
 26 35 44 46 58 59 60
 26 35 44 45 58 60 61
 26 35 44 45 58 59 60
 26 35 42 43 46 58 60 61
 26 35 42 43 46 58 59 60
 26 35 42 43 44 45 58 60 61
 26 35 42 43 44 45 58 59 60
 26 34 56 58 60
 26 34 35 44 46 58 60
 26 34 35 44 45 58 60
 26 34 35 42 43 46 58 60
 26 34 35 42 43 44 45 58 60
 26 33 34 44 46 58 60
 26 33 34 44 46 58 60 61
 26 33 34 44 46 58 59 60
 26 33 34 44 45 58 60
 26 33 34 44 45 58 60 61
 26 33 34 44 45 58 59 60
 26 33 34 42 43 46 58 60
 26 33 34 42 43 46 58 60 61
 26 33 34 42 43 46 58 59 60
 26 33 34 42 43 44 45 58 60
 26 33 34 42 43 44 45 58 60 61
 26 33 34 42 43 44 45 58 59 60
 26 32 44 56 58 60 63
 26 32 44 56 58 60 61 62
 26 32 42 43 56 58 60 63
 26 32 42 43 56 58 60 61 62
 26 32 36 44 56 58 60
 26 32 36 42 43 56 58 60
 24 25 56 58 60
 24 25 56 58 60 61
 24 25 56 58 59 60
 24 25 44 56 58 59 60 63
 24 25 44 56 58 59 60 61 62
 24 25 44 56 57 58 60 63
 24 25 44 56 57 58 60 61 62
 24 25 42 43 56 58 59 60 63
 24 25 42 43 56 58 59 60 61 62
 24 25 42 43 56 57 58 60 63
 24 25 42 43 56 57 58 60 61 62
 24 25 36 44 56 58 59 60
 24 25 36 44 56 57 58 60
 24 25 36 42 43 56 58 59 60
 24 25 36 42 43 56 57 58 60
 24 25 35 44 46 58 60 61
 24 25 35 44 46 58 59 60
 24 25 35 44 45 58 60 61
 24 25 35 44 45 58 59 60
 24 25 35 42 43 46 58 60 61
 24 25 35 42 43 46 58 59 60
 24 25 35 42 43 44 45 58 60 61
 24 25 35 42 43 44 45 58 59 60
 24 25 34 56 58 60
 24 25 34 35 44 46 58 60
 24 25 34 35 44 45 58 60
 24 25 34 35 42 43 46 58 60
 24 25 34 35 42 43 44 45 58 60
 24 25 33 34 44 46 58 60
 24 25 33 34 44 46 58 60 61
 24 25 33 34 44 46 58 59 60
 24 25 33 34 44 45 58 60
 24 25 33 34 44 45 58 60 61
 24 25 33 34 44 45 58 59 60
 24 25 33 34 42 43 46 58 60
 24 25 33 34 42 43 46 58 60 61
 24 25 33 34 42 43 46 58 59 60
 24 25 33 34 42 43 44 45 58 60
 24 25 33 34 42 43 44 45 58 60 61
 24 25 33 34 42 43 44 45 58 59 60
 24 25 32 44 56 58 60 63
 24 25 32 44 56 58 60 61 62
 24 25 32 42 43 56 58 60 63
 24 25 32 42 43 56 58 60 61 62
 24 25 32 36 44 56 58 60
 24 25 32 36 42 43 56 58 60
 21 35 44 60 61
 21 35 44 59 60
 21 35 42 43 60 61
 21 35 42 43 59 60
 21 34 35 44 60
 21 34 35 42 43 60
 21 33 34 44 60
 21 33 34 44 60 61
 21 33 34 44 59 60
 21 33 34 42 43 60
 21 33 34 42 43 60 61
 21 33 34 42 43 59 60
 19 60 61
 19 59 60
 19 58 60 64
 19 58 60 61 74
 19 58 60 61 72 73
 19 58 60 61 64
 19 58 59 60 74
 19 58 59 60 72 73
 19 58 59 60 64
 19 56 58 60 68
 19 56 58 60 61 68
 19 56 58 59 60 68
 19 47 58 60 61
 19 47 58 59 60
 19 35 44 58 60 61
 19 35 44 58 60 61 68
 19 35 44 58 59 60
 19 35 44 58 59 60 68
 19 35 42 43 58 60 61
 19 35 42 43 58 60 61 68
 19 35 42 43 58 59 60
 19 35 42 43 58 59 60 68
 19 34 60
 19 34 58 60 74
 19 34 58 60 72 73
 19 34 58 60 64
 19 34 56 58 60 68
 19 34 47 58 60
 19 34 35 44 58 60
 19 34 35 44 58 60 68
 19 34 35 42 43 58 60
 19 34 35 42 43 58 60 68
 19 33 34 44 58 60
 19 33 34 44 58 60 68
 19 33 34 44 58 60 61
 19 33 34 44 58 60 61 68
 19 33 34 44 58 59 60
 19 33 34 44 58 59 60 68
 19 33 34 42 43 58 60
 19 33 34 42 43 58 60 68
 19 33 34 42 43 58 60 61
 19 33 34 42 43 58 60 61 68
 19 33 34 42 43 58 59 60
 19 33 34 42 43 58 59 60 68
 19 29 58 60
 19 29 58 60 61
 19 29 58 59 60
 19 29 34 58 60
 19 27 28 58 60
 19 27 28 58 60 61
 19 27 28 58 59 60
 19 27 28 34 58 60
 19 26 56 58 60
 19 26 56 58 60 61
 19 26 56 58 59 60
 19 26 35 44 58 60 61
 19 26 35 44 58 59 60
 19 26 35 42 43 58 60 61
 19 26 35 42 43 58 59 60
 19 26 34 56 58 60
 19 26 34 35 44 58 60
 19 26 34 35 42 43 58 60
 19 26 33 34 44 58 60
 19 26 33 34 44 58 60 61
 19 26 33 34 44 58 59 60
 19 26 33 34 42 43 58 60
 19 26 33 34 42 43 58 60 61
 19 26 33 34 42 43 58 59 60
 19 24 25 56 58 60
 19 24 25 56 58 60 61
 19 24 25 56 58 59 60
 19 24 25 35 44 58 60 61
 19 24 25 35 44 58 59 60
 19 24 25 35 42 43 58 60 61
 19 24 25 35 42 43 58 59 60
 19 24 25 34 56 58 60
 19 24 25 34 35 44 58 60
 19 24 25 34 35 42 43 58 60
 19 24 25 33 34 44 58 60
 19 24 25 33 34 44 58 60 61
 19 24 25 33 34 44 58 59 60
 19 24 25 33 34 42 43 58 60
 19 24 25 33 34 42 43 58 60 61
 19 24 25 33 34 42 43 58 59 60
 17 56 58 59 60 63
 17 56 58 59 60 63 68
 17 56 58 59 60 61 62
 17 56 58 59 60 61 62 68
 17 56 57 58 60 63
 17 56 57 58 60 63 68
 17 56 57 58 60 61 62
 17 56 57 58 60 61 62 68
 17 36 56 58 59 60
 17 36 56 58 59 60 68
 17 36 56 57 58 60
 17 36 56 57 58 60 68
 17 35 58 61 62 78 79
 17 35 58 59 60 63
 17 35 58 59 60 62 78 79
 17 35 58 59 60 61 62
 17 35 57 58 60 63
 17 35 57 58 60 61 62
 17 35 54 58 59 60
 17 35 54 57 58 60
 17 35 53 58 61 62
 17 35 53 58 59 60 62
 17 35 52 53 58 59 60
 17 35 52 53 57 58 60
 17 35 48 60 61
 17 35 48 59 60
 17 35 46 58 60 61
 17 35 46 58 60 61 68
 17 35 46 58 59 60
 17 35 46 58 59 60 68
 17 35 46 47 60 61
 17 35 46 47 59 60
 17 35 44 58 61 62
 17 35 44 58 59 60 62
 17 35 44 45 58 60 61
 17 35 44 45 58 60 61 68
 17 35 44 45 58 59 60
 17 35 44 45 58 59 60 68
 17 35 36 58 59 60
 17 35 36 57 58 60
 17 34 35 58 62 78 79
 17 34 35 53 58 62
 17 34 35 48 60
 17 34 35 46 58 60
 17 34 35 46 58 60 68
 17 34 35 46 47 60
 17 34 35 44 58 62
 17 34 35 44 45 58 60
 17 34 35 44 45 58 60 68
 17 33 58 60 61 62
 17 33 58 59 60 61 62
 17 33 57 58 60 61 62
 17 33 57 58 59 60 62
 17 33 56 58 60 61
 17 33 56 58 60 61 67
 17 33 56 58 60 61 65 66
 17 33 56 58 59 60
 17 33 56 58 59 60 67
 17 33 56 58 59 60 65 66
 17 33 40 56 58 60 61
 17 33 40 56 58 59 60
 17 33 34 58 62 78 79
 17 33 34 58 61 62 78 79
 17 33 34 58 60 62
 17 33 34 58 59 60 63
 17 33 34 58 59 60 62
 17 33 34 58 59 60 62 78 79
 17 33 34 58 59 60 61 62
 17 33 34 57 58 60 63
 17 33 34 57 58 60 62
 17 33 34 57 58 60 61 62
 17 33 34 56 58 60
 17 33 34 56 58 60 67
 17 33 34 56 58 60 65 66
 17 33 34 54 58 59 60
 17 33 34 54 57 58 60
 17 33 34 53 58 62
 17 33 34 53 58 61 62
 17 33 34 53 58 59 60 62
 17 33 34 52 53 58 59 60
 17 33 34 52 53 57 58 60
 17 33 34 48 60
 17 33 34 48 60 61
 17 33 34 48 59 60
 17 33 34 46 58 60
 17 33 34 46 58 60 68
 17 33 34 46 58 60 61
 17 33 34 46 58 60 61 68
 17 33 34 46 58 59 60
 17 33 34 46 58 59 60 68
 17 33 34 46 47 60
 17 33 34 46 47 60 61
 17 33 34 46 47 59 60
 17 33 34 44 58 62
 17 33 34 44 58 61 62
 17 33 34 44 58 59 60 62
 17 33 34 44 45 58 60
 17 33 34 44 45 58 60 68
 17 33 34 44 45 58 60 61
 17 33 34 44 45 58 60 61 68
 17 33 34 44 45 58 59 60
 17 33 34 44 45 58 59 60 68
 17 33 34 40 56 58 60
 17 33 34 36 58 59 60
 17 33 34 36 57 58 60
 17 32 56 58 60 63
 17 32 56 58 60 63 68
 17 32 56 58 60 61 62
 17 32 56 58 60 61 62 68
 17 32 36 56 58 60
 17 32 36 56 58 60 68
 17 32 35 58 60 63
 17 32 35 58 60 61 62
 17 32 35 54 58 60
 17 32 35 52 53 58 60
 17 32 35 36 58 60
 17 32 33 58 60 61 62
 17 32 33 58 59 60 62
 17 32 33 34 58 60 63
 17 32 33 34 58 60 62
 17 32 33 34 58 60 61 62
 17 32 33 34 54 58 60
 17 32 33 34 52 53 58 60
 17 32 33 34 36 58 60
 17 31 32 58 59 60 62
 17 31 32 58 59 60 61 62
 17 31 32 57 58 60 61 62
 17 31 32 57 58 59 60 62
 17 31 32 56 58 60 61
 17 31 32 56 58 60 61 67
 17 31 32 56 58 60 61 65 66
 17 31 32 56 58 59 60
 17 31 32 56 58 59 60 67
 17 31 32 56 58 59 60 65 66
 17 31 32 40 56 58 60 61
 17 31 32 40 56 58 59 60
 17 31 32 34 58 59 60 62
 17 31 32 34 57 58 60 62
 17 31 32 34 56 58 60
 17 31 32 34 56 58 60 67
 17 31 32 34 56 58 60 65 66
 17 31 32 34 40 56 58 60
 17 27 35 58 59 60
 17 27 35 57 58 60
 17 27 33 34 58 59 60
 17 27 33 34 57 58 60
 17 27 32 35 58 60
 17 27 32 33 34 58 60
 17 26 56 58 59 60 63
 17 26 56 58 59 60 61 62
 17 26 56 57 58 60 63
 17 26 56 57 58 60 61 62
 17 26 36 56 58 59 60
 17 26 36 56 57 58 60
 17 26 35 46 58 60 61
 17 26 35 46 58 59 60
 17 26 35 44 45 58 60 61
 17 26 35 44 45 58 59 60
 17 26 34 35 46 58 60
 17 26 34 35 44 45 58 60
 17 26 33 34 46 58 60
 17 26 33 34 46 58 60 61
 17 26 33 34 46 58 59 60
 17 26 33 34 44 45 58 60
 17 26 33 34 44 45 58 60 61
 17 26 33 34 44 45 58 59 60
 17 26 32 56 58 60 63
 17 26 32 56 58 60 61 62
 17 26 32 36 56 58 60
 17 24 25 56 58 59 60 63
 17 24 25 56 58 59 60 61 62
 17 24 25 56 57 58 60 63
 17 24 25 56 57 58 60 61 62
 17 24 25 36 56 58 59 60
 17 24 25 36 56 57 58 60
 17 24 25 35 46 58 60 61
 17 24 25 35 46 58 59 60
 17 24 25 35 44 45 58 60 61
 17 24 25 35 44 45 58 59 60
 17 24 25 34 35 46 58 60
 17 24 25 34 35 44 45 58 60
 17 24 25 33 34 46 58 60
 17 24 25 33 34 46 58 60 61
 17 24 25 33 34 46 58 59 60
 17 24 25 33 34 44 45 58 60
 17 24 25 33 34 44 45 58 60 61
 17 24 25 33 34 44 45 58 59 60
 17 24 25 32 56 58 60 63
 17 24 25 32 56 58 60 61 62
 17 24 25 32 36 56 58 60
 17 21 35 60 61
 17 21 35 59 60
 17 21 34 35 60
 17 21 33 34 60
 17 21 33 34 60 61
 17 21 33 34 59 60
 17 19 35 58 60 61
 17 19 35 58 60 61 68
 17 19 35 58 59 60
 17 19 35 58 59 60 68
 17 19 34 35 58 60
 17 19 34 35 58 60 68
 17 19 33 34 58 60
 17 19 33 34 58 60 68
 17 19 33 34 58 60 61
 17 19 33 34 58 60 61 68
 17 19 33 34 58 59 60
 17 19 33 34 58 59 60 68
 17 19 26 35 58 60 61
 17 19 26 35 58 59 60
 17 19 26 34 35 58 60
 17 19 26 33 34 58 60
 17 19 26 33 34 58 60 61
 17 19 26 33 34 58 59 60
 17 19 24 25 35 58 60 61
 17 19 24 25 35 58 59 60
 17 19 24 25 34 35 58 60
 17 19 24 25 33 34 58 60
 17 19 24 25 33 34 58 60 61
 17 19 24 25 33 34 58 59 60
 15 48 58 74
 15 48 58 72 73
 15 47 48 58
 15 46 47 58
 15 46 47 58 74
 15 46 47 58 72 73
 15 21 58 74
 15 21 58 72 73
 15 21 47 58
 8 44 58 61 62
 8 44 58 61 62 78 79
 8 44 58 59 60 63
 8 44 58 59 60 62
 8 44 58 59 60 62 78 79
 8 44 58 59 60 61 62
 8 44 57 58 60 63
 8 44 57 58 60 61 62
 8 44 54 58 59 60
 8 44 54 57 58 60
 8 44 53 58 61 62
 8 44 53 58 59 60 62
 8 44 52 53 58 59 60
 8 44 52 53 57 58 60
 8 44 48 60 61
 8 44 48 59 60
 8 44 46 58 60 61
 8 44 46 58 60 61 68
 8 44 46 58 59 60
 8 44 46 58 59 60 68
 8 44 46 47 60 61
 8 44 46 47 59 60
 8 44 45 58 60 61
 8 44 45 58 60 61 68
 8 44 45 58 59 60
 8 44 45 58 59 60 68
 8 42 43 58 61 62 78 79
 8 42 43 58 59 60 63
 8 42 43 58 59 60 62 78 79
 8 42 43 58 59 60 61 62
 8 42 43 57 58 60 63
 8 42 43 57 58 60 61 62
 8 42 43 54 58 59 60
 8 42 43 54 57 58 60
 8 42 43 53 58 61 62
 8 42 43 53 58 59 60 62
 8 42 43 52 53 58 59 60
 8 42 43 52 53 57 58 60
 8 42 43 48 60 61
 8 42 43 48 59 60
 8 42 43 46 58 60 61
 8 42 43 46 58 60 61 68
 8 42 43 46 58 59 60
 8 42 43 46 58 59 60 68
 8 42 43 46 47 60 61
 8 42 43 46 47 59 60
 8 42 43 44 58 61 62
 8 42 43 44 58 59 60 62
 8 42 43 44 45 58 60 61
 8 42 43 44 45 58 60 61 68
 8 42 43 44 45 58 59 60
 8 42 43 44 45 58 59 60 68
 8 36 44 58 59 60
 8 36 44 57 58 60
 8 36 42 43 58 59 60
 8 36 42 43 57 58 60
 8 34 44 58 62
 8 34 44 58 62 78 79
 8 34 44 53 58 62
 8 34 44 48 60
 8 34 44 46 58 60
 8 34 44 46 58 60 68
 8 34 44 46 47 60
 8 34 44 45 58 60
 8 34 44 45 58 60 68
 8 34 42 43 58 62 78 79
 8 34 42 43 53 58 62
 8 34 42 43 48 60
 8 34 42 43 46 58 60
 8 34 42 43 46 58 60 68
 8 34 42 43 46 47 60
 8 34 42 43 44 58 62
 8 34 42 43 44 45 58 60
 8 34 42 43 44 45 58 60 68
 8 32 44 58 60 63
 8 32 44 58 60 61 62
 8 32 44 54 58 60
 8 32 44 52 53 58 60
 8 32 42 43 58 60 63
 8 32 42 43 58 60 61 62
 8 32 42 43 54 58 60
 8 32 42 43 52 53 58 60
 8 32 36 44 58 60
 8 32 36 42 43 58 60
 8 27 44 58 59 60
 8 27 44 57 58 60
 8 27 42 43 58 59 60
 8 27 42 43 57 58 60
 8 27 32 44 58 60
 8 27 32 42 43 58 60
 8 26 44 46 58 60 61
 8 26 44 46 58 59 60
 8 26 44 45 58 60 61
 8 26 44 45 58 59 60
 8 26 42 43 46 58 60 61
 8 26 42 43 46 58 59 60
 8 26 42 43 44 45 58 60 61
 8 26 42 43 44 45 58 59 60
 8 26 34 44 46 58 60
 8 26 34 44 45 58 60
 8 26 34 42 43 46 58 60
 8 26 34 42 43 44 45 58 60
 8 24 25 44 46 58 60 61
 8 24 25 44 46 58 59 60
 8 24 25 44 45 58 60 61
 8 24 25 44 45 58 59 60
 8 24 25 42 43 46 58 60 61
 8 24 25 42 43 46 58 59 60
 8 24 25 42 43 44 45 58 60 61
 8 24 25 42 43 44 45 58 59 60
 8 24 25 34 44 46 58 60
 8 24 25 34 44 45 58 60
 8 24 25 34 42 43 46 58 60
 8 24 25 34 42 43 44 45 58 60
 8 21 44 60 61
 8 21 44 59 60
 8 21 42 43 60 61
 8 21 42 43 59 60
 8 21 34 44 60
 8 21 34 42 43 60
 8 19 44 58 60 61
 8 19 44 58 60 61 68
 8 19 44 58 59 60
 8 19 44 58 59 60 68
 8 19 42 43 58 60 61
 8 19 42 43 58 60 61 68
 8 19 42 43 58 59 60
 8 19 42 43 58 59 60 68
 8 19 34 44 58 60
 8 19 34 44 58 60 68
 8 19 34 42 43 58 60
 8 19 34 42 43 58 60 68
 8 19 26 44 58 60 61
 8 19 26 44 58 59 60
 8 19 26 42 43 58 60 61
 8 19 26 42 43 58 59 60
 8 19 26 34 44 58 60
 8 19 26 34 42 43 58 60
 8 19 24 25 44 58 60 61
 8 19 24 25 44 58 59 60
 8 19 24 25 42 43 58 60 61
 8 19 24 25 42 43 58 59 60
 8 19 24 25 34 44 58 60
 8 19 24 25 34 42 43 58 60
 8 17 58 61 62 78 79
 8 17 58 59 60 63
 8 17 58 59 60 62 78 79
 8 17 58 59 60 61 62
 8 17 57 58 60 63
 8 17 57 58 60 61 62
 8 17 54 58 59 60
 8 17 54 57 58 60
 8 17 53 58 61 62
 8 17 53 58 59 60 62
 8 17 52 53 58 59 60
 8 17 52 53 57 58 60
 8 17 48 60 61
 8 17 48 59 60
 8 17 46 58 60 61
 8 17 46 58 60 61 68
 8 17 46 58 59 60
 8 17 46 58 59 60 68
 8 17 46 47 60 61
 8 17 46 47 59 60
 8 17 44 58 61 62
 8 17 44 58 59 60 62
 8 17 44 45 58 60 61
 8 17 44 45 58 60 61 68
 8 17 44 45 58 59 60
 8 17 44 45 58 59 60 68
 8 17 36 58 59 60
 8 17 36 57 58 60
 8 17 34 58 62 78 79
 8 17 34 53 58 62
 8 17 34 48 60
 8 17 34 46 58 60
 8 17 34 46 58 60 68
 8 17 34 46 47 60
 8 17 34 44 58 62
 8 17 34 44 45 58 60
 8 17 34 44 45 58 60 68
 8 17 32 58 60 63
 8 17 32 58 60 61 62
 8 17 32 54 58 60
 8 17 32 52 53 58 60
 8 17 32 36 58 60
 8 17 27 58 59 60
 8 17 27 57 58 60
 8 17 27 32 58 60
 8 17 26 46 58 60 61
 8 17 26 46 58 59 60
 8 17 26 44 45 58 60 61
 8 17 26 44 45 58 59 60
 8 17 26 34 46 58 60
 8 17 26 34 44 45 58 60
 8 17 24 25 46 58 60 61
 8 17 24 25 46 58 59 60
 8 17 24 25 44 45 58 60 61
 8 17 24 25 44 45 58 59 60
 8 17 24 25 34 46 58 60
 8 17 24 25 34 44 45 58 60
 8 17 21 60 61
 8 17 21 59 60
 8 17 21 34 60
 8 17 19 58 60 61
 8 17 19 58 60 61 68
 8 17 19 58 59 60
 8 17 19 58 59 60 68
 8 17 19 34 58 60
 8 17 19 34 58 60 68
 8 17 19 26 58 60 61
 8 17 19 26 58 59 60
 8 17 19 26 34 58 60
 8 17 19 24 25 58 60 61
 8 17 19 24 25 58 59 60
 8 17 19 24 25 34 58 60
 6 44 58 60 61 62
 6 44 58 59 60 61 62
 6 44 57 58 60 61 62
 6 44 57 58 59 60 62
 6 44 56 58 60 61
 6 44 56 58 60 61 67
 6 44 56 58 60 61 65 66
 6 44 56 58 59 60
 6 44 56 58 59 60 67
 6 44 56 58 59 60 65 66
 6 42 43 58 60 61 62
 6 42 43 58 59 60 61 62
 6 42 43 57 58 60 61 62
 6 42 43 57 58 59 60 62
 6 42 43 56 58 60 61
 6 42 43 56 58 60 61 67
 6 42 43 56 58 60 61 65 66
 6 42 43 56 58 59 60
 6 42 43 56 58 59 60 67
 6 42 43 56 58 59 60 65 66
 6 40 44 56 58 60 61
 6 40 44 56 58 59 60
 6 40 42 43 56 58 60 61
 6 40 42 43 56 58 59 60
 6 34 44 58 60 62
 6 34 44 58 59 60 62
 6 34 44 57 58 60 62
 6 34 44 56 58 60
 6 34 44 56 58 60 67
 6 34 44 56 58 60 65 66
 6 34 42 43 58 60 62
 6 34 42 43 58 59 60 62
 6 34 42 43 57 58 60 62
 6 34 42 43 56 58 60
 6 34 42 43 56 58 60 67
 6 34 42 43 56 58 60 65 66
 6 34 40 44 56 58 60
 6 34 40 42 43 56 58 60
 6 32 44 58 60 61 62
 6 32 44 58 59 60 62
 6 32 42 43 58 60 61 62
 6 32 42 43 58 59 60 62
 6 32 34 44 58 60 62
 6 32 34 42 43 58 60 62
 6 17 58 60 61 62
 6 17 58 59 60 61 62
 6 17 57 58 60 61 62
 6 17 57 58 59 60 62
 6 17 56 58 60 61
 6 17 56 58 60 61 67
 6 17 56 58 60 61 65 66
 6 17 56 58 59 60
 6 17 56 58 59 60 67
 6 17 56 58 59 60 65 66
 6 17 40 56 58 60 61
 6 17 40 56 58 59 60
 6 17 34 58 60 62
 6 17 34 58 59 60 62
 6 17 34 57 58 60 62
 6 17 34 56 58 60
 6 17 34 56 58 60 67
 6 17 34 56 58 60 65 66
 6 17 34 40 56 58 60
 6 17 32 58 60 61 62
 6 17 32 58 59 60 62
 6 17 32 34 58 60 62
 2 58 60
 2 58 60 61
 2 58 59 60
 2 35 44 58 61 62
 2 35 44 58 59 60 62
 2 35 42 43 58 61 62
 2 35 42 43 58 59 60 62
 2 34 58 60
 2 34 35 44 58 62
 2 34 35 42 43 58 62
 2 33 34 44 58 62
 2 33 34 44 58 61 62
 2 33 34 44 58 59 60 62
 2 33 34 42 43 58 62
 2 33 34 42 43 58 61 62
 2 33 34 42 43 58 59 60 62
 2 19 58 60
 2 19 58 60 61
 2 19 58 59 60
 2 19 34 58 60
 2 17 35 58 61 62
 2 17 35 58 59 60 62
 2 17 34 35 58 62
 2 17 33 34 58 62
 2 17 33 34 58 61 62
 2 17 33 34 58 59 60 62
 2 8 44 58 61 62
 2 8 44 58 59 60 62
 2 8 42 43 58 61 62
 2 8 42 43 58 59 60 62
 2 8 34 44 58 62
 2 8 34 42 43 58 62
 2 8 17 58 61 62
 2 8 17 58 59 60 62
 2 8 17 34 58 62
 0 1 35 44 58 61 62
 0 1 35 44 58 59 60 62
 0 1 35 42 43 58 61 62
 0 1 35 42 43 58 59 60 62
 0 1 34 35 44 58 62
 0 1 34 35 42 43 58 62
 0 1 33 34 44 58 62
 0 1 33 34 44 58 61 62
 0 1 33 34 44 58 59 60 62
 0 1 33 34 42 43 58 62
 0 1 33 34 42 43 58 61 62
 0 1 33 34 42 43 58 59 60 62
 0 1 17 35 58 61 62
 0 1 17 35 58 59 60 62
 0 1 17 34 35 58 62
 0 1 17 33 34 58 62
 0 1 17 33 34 58 61 62
 0 1 17 33 34 58 59 60 62
 0 1 8 44 58 61 62
 0 1 8 44 58 59 60 62
 0 1 8 42 43 58 61 62
 0 1 8 42 43 58 59 60 62
 0 1 8 34 44 58 62
 0 1 8 34 42 43 58 62
 0 1 8 17 58 61 62
 0 1 8 17 58 59 60 62
 0 1 8 17 34 58 62
