 59 63
 59 63 76
 59 63 74 75
 59 61 62
 59 61 62 76
 59 61 62 74 75
 57 63
 57 61 62
 57 58 63
 57 58 63 76
 57 58 63 74 75
 57 58 61 62
 57 58 61 62 76
 57 58 61 62 74 75
 55 56 63
 55 56 61 62
 49 59 63
 49 59 61 62
 49 57 58 63
 49 57 58 61 62
 48 62 76 78 79
 48 62 74 75 78 79
 48 58 62 74 76 78 79
 48 58 62 74 75 78 79
 48 58 62 72 73 76 78 79
 48 58 62 72 73 74 75 78 79
 48 57 58 62 74 78 79
 48 57 58 62 72 73 78 79
 48 57 58 61 62 74 78 79
 48 57 58 61 62 72 73 78 79
 48 57 58 59 60 62 74 78 79
 48 57 58 59 60 62 72 73 78 79
 48 55 56 58 62 74 78 79
 48 55 56 58 62 72 73 78 79
 48 55 56 58 61 62 74 78 79
 48 55 56 58 61 62 72 73 78 79
 48 55 56 58 59 60 62 74 78 79
 48 55 56 58 59 60 62 72 73 78 79
 48 53 62 76
 48 53 62 74 75
 48 53 58 62 74 76
 48 53 58 62 74 75
 48 53 58 62 72 73 76
 48 53 58 62 72 73 74 75
 48 53 57 58 62 74
 48 53 57 58 62 72 73
 48 53 57 58 61 62 74
 48 53 57 58 61 62 72 73
 48 53 57 58 59 60 62 74
 48 53 57 58 59 60 62 72 73
 48 53 55 56 58 62 74
 48 53 55 56 58 62 72 73
 48 53 55 56 58 61 62 74
 48 53 55 56 58 61 62 72 73
 48 53 55 56 58 59 60 62 74
 48 53 55 56 58 59 60 62 72 73
 48 49 62 78 79
 48 49 58 62 74 78 79
 48 49 58 62 72 73 78 79
 48 49 53 62
 48 49 53 58 62 74
 48 49 53 58 62 72 73
 47 48 58 62 76 78 79
 47 48 58 62 74 75 78 79
 47 48 57 58 62 78 79
 47 48 57 58 61 62 78 79
 47 48 57 58 59 60 62 78 79
 47 48 55 56 58 62 78 79
 47 48 55 56 58 61 62 78 79
 47 48 55 56 58 59 60 62 78 79
 47 48 53 58 62 76
 47 48 53 58 62 74 75
 47 48 53 57 58 62
 47 48 53 57 58 61 62
 47 48 53 57 58 59 60 62
 47 48 53 55 56 58 62
 47 48 53 55 56 58 61 62
 47 48 53 55 56 58 59 60 62
 47 48 49 58 62 78 79
 47 48 49 53 58 62
 46 68 72 78 79
 46 68 70 71 78 79
 46 63
 46 63 76
 46 63 74 75
 46 62 76 78 79
 46 62 74 75 78 79
 46 61 68 72 78 79
 46 61 68 70 71 78 79
 46 61 62
 46 61 62 76
 46 61 62 74 75
 46 59 62 74 78 79
 46 59 62 72 73 78 79
 46 59 60 68 72 78 79
 46 59 60 68 70 71 78 79
 46 57 58 62 74 78 79
 46 57 58 62 72 73 78 79
 46 53 68 72
 46 53 68 70 71
 46 53 62 76
 46 53 62 74 75
 46 53 61 68 72
 46 53 61 68 70 71
 46 53 59 62 74
 46 53 59 62 72 73
 46 53 59 60 68 72
 46 53 59 60 68 70 71
 46 53 57 58 62 74
 46 53 57 58 62 72 73
 46 49 63
 46 49 62 78 79
 46 49 61 62
 46 49 53 62
 46 47 62 76 78 79
 46 47 62 74 75 78 79
 46 47 59 62 78 79
 46 47 58 62 76 78 79
 46 47 58 62 74 76 78 79
 46 47 58 62 72 73 76 78 79
 46 47 58 62 72 73 74 75 78 79
 46 47 57 58 62 74 78 79
 46 47 57 58 62 72 73 78 79
 46 47 57 58 61 62 78 79
 46 47 57 58 61 62 74 78 79
 46 47 57 58 61 62 72 73 78 79
 46 47 57 58 59 60 62 78 79
 46 47 57 58 59 60 62 74 78 79
 46 47 57 58 59 60 62 72 73 78 79
 46 47 55 56 58 62 78 79
 46 47 55 56 58 62 74 78 79
 46 47 55 56 58 62 72 73 78 79
 46 47 55 56 58 61 62 78 79
 46 47 55 56 58 61 62 74 78 79
 46 47 55 56 58 61 62 72 73 78 79
 46 47 55 56 58 59 60 62 78 79
 46 47 55 56 58 59 60 62 74 78 79
 46 47 55 56 58 59 60 62 72 73 78 79
 46 47 53 62 76
 46 47 53 62 74 75
 46 47 53 59 62
 46 47 53 58 62 76
 46 47 53 58 62 74 76
 46 47 53 58 62 72 73 76
 46 47 53 58 62 72 73 74 75
 46 47 53 57 58 62 74
 46 47 53 57 58 62 72 73
 46 47 53 57 58 61 62
 46 47 53 57 58 61 62 74
 46 47 53 57 58 61 62 72 73
 46 47 53 57 58 59 60 62
 46 47 53 57 58 59 60 62 74
 46 47 53 57 58 59 60 62 72 73
 46 47 53 55 56 58 62
 46 47 53 55 56 58 62 74
 46 47 53 55 56 58 62 72 73
 46 47 53 55 56 58 61 62
 46 47 53 55 56 58 61 62 74
 46 47 53 55 56 58 61 62 72 73
 46 47 53 55 56 58 59 60 62
 46 47 53 55 56 58 59 60 62 74
 46 47 53 55 56 58 59 60 62 72 73
 46 47 49 62 78 79
 46 47 49 58 62 78 79
 46 47 49 58 62 74 78 79
 46 47 49 58 62 72 73 78 79
 46 47 49 53 62
 46 47 49 53 58 62
 46 47 49 53 58 62 74
 46 47 49 53 58 62 72 73
 45 46 68 78 79
 45 46 61 68 78 79
 45 46 59 60 68 78 79
 45 46 53 68
 45 46 53 61 68
 45 46 53 59 60 68
 44 48
 44 48 74 76
 44 48 74 75
 44 48 72 73 76
 44 48 72 73 74 75
 44 48 62 76
 44 48 62 74 75
 44 48 58 62 74 76
 44 48 58 62 74 75
 44 48 58 62 72 73 76
 44 48 58 62 72 73 74 75
 44 48 57 58 62 74
 44 48 57 58 62 72 73
 44 48 57 58 61 62 74
 44 48 57 58 61 62 72 73
 44 48 57 58 59 60 62 74
 44 48 57 58 59 60 62 72 73
 44 48 55 56 58 62 74
 44 48 55 56 58 62 72 73
 44 48 55 56 58 61 62 74
 44 48 55 56 58 61 62 72 73
 44 48 55 56 58 59 60 62 74
 44 48 55 56 58 59 60 62 72 73
 44 48 49 74
 44 48 49 72 73
 44 48 49 62
 44 48 49 58 62 74
 44 48 49 58 62 72 73
 44 47 48 76
 44 47 48 74 75
 44 47 48 58 62 76
 44 47 48 58 62 74 75
 44 47 48 57 58 62
 44 47 48 57 58 61 62
 44 47 48 57 58 59 60 62
 44 47 48 55 56 58 62
 44 47 48 55 56 58 61 62
 44 47 48 55 56 58 59 60 62
 44 47 48 49
 44 47 48 49 58 62
 44 46 76
 44 46 74 75
 44 46 62 76
 44 46 62 74 75
 44 46 59 62 74
 44 46 59 62 72 73
 44 46 58 74 76
 44 46 58 74 75
 44 46 58 72 73 76
 44 46 58 72 73 74 75
 44 46 57 58 62 74
 44 46 57 58 62 72 73
 44 46 49
 44 46 49 62
 44 46 49 58 74
 44 46 49 58 72 73
 44 46 47
 44 46 47 76
 44 46 47 74 76
 44 46 47 72 73 76
 44 46 47 72 73 74 75
 44 46 47 62 76
 44 46 47 62 74 75
 44 46 47 59 62
 44 46 47 58 76
 44 46 47 58 74 75
 44 46 47 58 62 76
 44 46 47 58 62 74 76
 44 46 47 58 62 72 73 76
 44 46 47 58 62 72 73 74 75
 44 46 47 57 58 62 74
 44 46 47 57 58 62 72 73
 44 46 47 57 58 61 62
 44 46 47 57 58 61 62 74
 44 46 47 57 58 61 62 72 73
 44 46 47 57 58 59 60 62
 44 46 47 57 58 59 60 62 74
 44 46 47 57 58 59 60 62 72 73
 44 46 47 55 56 58 62
 44 46 47 55 56 58 62 74
 44 46 47 55 56 58 62 72 73
 44 46 47 55 56 58 61 62
 44 46 47 55 56 58 61 62 74
 44 46 47 55 56 58 61 62 72 73
 44 46 47 55 56 58 59 60 62
 44 46 47 55 56 58 59 60 62 74
 44 46 47 55 56 58 59 60 62 72 73
 44 46 47 49
 44 46 47 49 74
 44 46 47 49 72 73
 44 46 47 49 62
 44 46 47 49 58
 44 46 47 49 58 62
 44 46 47 49 58 62 74
 44 46 47 49 58 62 72 73
 44 45 76
 44 45 74 75
 44 45 68 78 79
 44 45 68 72 78 79
 44 45 68 70 71 78 79
 44 45 63
 44 45 63 76
 44 45 63 74 75
 44 45 62 76
 44 45 62 76 78 79
 44 45 62 74 75
 44 45 62 74 75 78 79
 44 45 61 68 78 79
 44 45 61 68 72 78 79
 44 45 61 68 70 71 78 79
 44 45 61 62
 44 45 61 62 76
 44 45 61 62 74 75
 44 45 59 62 74
 44 45 59 62 74 78 79
 44 45 59 62 72 73
 44 45 59 62 72 73 78 79
 44 45 59 60 68 78 79
 44 45 59 60 68 72 78 79
 44 45 59 60 68 70 71 78 79
 44 45 58 74 76
 44 45 58 74 75
 44 45 58 72 73 76
 44 45 58 72 73 74 75
 44 45 57 58 62 74
 44 45 57 58 62 74 78 79
 44 45 57 58 62 72 73
 44 45 57 58 62 72 73 78 79
 44 45 53 68
 44 45 53 68 72
 44 45 53 68 70 71
 44 45 53 62 76
 44 45 53 62 74 75
 44 45 53 61 68
 44 45 53 61 68 72
 44 45 53 61 68 70 71
 44 45 53 59 62 74
 44 45 53 59 62 72 73
 44 45 53 59 60 68
 44 45 53 59 60 68 72
 44 45 53 59 60 68 70 71
 44 45 53 57 58 62 74
 44 45 53 57 58 62 72 73
 44 45 49
 44 45 49 63
 44 45 49 62
 44 45 49 62 78 79
 44 45 49 61 62
 44 45 49 58 74
 44 45 49 58 72 73
 44 45 49 53 62
 44 45 47 59 62
 44 45 47 59 62 78 79
 44 45 47 58 76
 44 45 47 58 74 75
 44 45 47 57 58 62
 44 45 47 57 58 62 78 79
 44 45 47 53 59 62
 44 45 47 53 57 58 62
 44 45 47 49 58
 36 59
 36 59 76
 36 59 74 75
 36 57
 36 57 58
 36 57 58 76
 36 57 58 74 75
 36 55 56
 36 49 59
 36 49 57 58
 36 46
 36 46 76
 36 46 74 75
 36 46 49
 36 44 45
 36 44 45 76
 36 44 45 74 75
 36 44 45 49
 35 39 46 55 59 63
 35 39 46 55 59 61 62
 35 39 46 55 57 58 63
 35 39 46 55 57 58 61 62
 35 39 44 45 55 59 63
 35 39 44 45 55 59 61 62
 35 39 44 45 55 57 58 63
 35 39 44 45 55 57 58 61 62
 35 37 38 46 55 59 63
 35 37 38 46 55 59 61 62
 35 37 38 46 55 57 58 63
 35 37 38 46 55 57 58 61 62
 35 37 38 44 45 55 59 63
 35 37 38 44 45 55 59 61 62
 35 37 38 44 45 55 57 58 63
 35 37 38 44 45 55 57 58 61 62
 35 36 39 46 55 59
 35 36 39 46 55 57 58
 35 36 39 44 45 55 59
 35 36 39 44 45 55 57 58
 35 36 37 38 46 55 59
 35 36 37 38 46 55 57 58
 35 36 37 38 44 45 55 59
 35 36 37 38 44 45 55 57 58
 34 48 57 58 62 74 78 79
 34 48 57 58 62 72 73 78 79
 34 48 55 56 58 62 74 78 79
 34 48 55 56 58 62 72 73 78 79
 34 48 53 57 58 62 74
 34 48 53 57 58 62 72 73
 34 48 53 55 56 58 62 74
 34 48 53 55 56 58 62 72 73
 34 47 48 57 58 62 78 79
 34 47 48 55 56 58 62 78 79
 34 47 48 53 57 58 62
 34 47 48 53 55 56 58 62
 34 46 68 72 78 79
 34 46 68 70 71 78 79
 34 46 53 68 72
 34 46 53 68 70 71
 34 46 47 57 58 62 78 79
 34 46 47 57 58 62 74 78 79
 34 46 47 57 58 62 72 73 78 79
 34 46 47 55 56 58 62 78 79
 34 46 47 55 56 58 62 74 78 79
 34 46 47 55 56 58 62 72 73 78 79
 34 46 47 53 57 58 62
 34 46 47 53 57 58 62 74
 34 46 47 53 57 58 62 72 73
 34 46 47 53 55 56 58 62
 34 46 47 53 55 56 58 62 74
 34 46 47 53 55 56 58 62 72 73
 34 45 46 68 78 79
 34 45 46 53 68
 34 44 48 57 58 62 74
 34 44 48 57 58 62 72 73
 34 44 48 55 56 58 62 74
 34 44 48 55 56 58 62 72 73
 34 44 47 48 57 58 62
 34 44 47 48 55 56 58 62
 34 44 46 47 57 58 62
 34 44 46 47 57 58 62 74
 34 44 46 47 57 58 62 72 73
 34 44 46 47 55 56 58 62
 34 44 46 47 55 56 58 62 74
 34 44 46 47 55 56 58 62 72 73
 34 44 45 68 78 79
 34 44 45 68 72 78 79
 34 44 45 68 70 71 78 79
 34 44 45 53 68
 34 44 45 53 68 72
 34 44 45 53 68 70 71
 33 34 39 46 55 59 63
 33 34 39 46 55 59 61 62
 33 34 39 46 55 57 58 63
 33 34 39 46 55 57 58 61 62
 33 34 39 44 45 55 59 63
 33 34 39 44 45 55 59 61 62
 33 34 39 44 45 55 57 58 63
 33 34 39 44 45 55 57 58 61 62
 33 34 37 38 46 55 59 63
 33 34 37 38 46 55 59 61 62
 33 34 37 38 46 55 57 58 63
 33 34 37 38 46 55 57 58 61 62
 33 34 37 38 44 45 55 59 63
 33 34 37 38 44 45 55 59 61 62
 33 34 37 38 44 45 55 57 58 63
 33 34 37 38 44 45 55 57 58 61 62
 33 34 36 39 46 55 59
 33 34 36 39 46 55 57 58
 33 34 36 39 44 45 55 59
 33 34 36 39 44 45 55 57 58
 33 34 36 37 38 46 55 59
 33 34 36 37 38 46 55 57 58
 33 34 36 37 38 44 45 55 59
 33 34 36 37 38 44 45 55 57 58
 32 63
 32 63 76
 32 63 74 75
 32 61 62
 32 61 62 76
 32 61 62 74 75
 32 49 63
 32 49 61 62
 32 46 62 74 78 79
 32 46 62 72 73 78 79
 32 46 53 62 74
 32 46 53 62 72 73
 32 46 47 62 78 79
 32 46 47 53 62
 32 44 46 62 74
 32 44 46 62 72 73
 32 44 46 47 62
 32 44 45 62 74
 32 44 45 62 74 78 79
 32 44 45 62 72 73
 32 44 45 62 72 73 78 79
 32 44 45 53 62 74
 32 44 45 53 62 72 73
 32 44 45 47 62
 32 44 45 47 62 78 79
 32 44 45 47 53 62
 32 36
 32 36 76
 32 36 74 75
 32 36 49
 32 35 39 46 55 63
 32 35 39 46 55 61 62
 32 35 39 44 45 55 63
 32 35 39 44 45 55 61 62
 32 35 37 38 46 55 63
 32 35 37 38 46 55 61 62
 32 35 37 38 44 45 55 63
 32 35 37 38 44 45 55 61 62
 32 35 36 39 46 55
 32 35 36 39 44 45 55
 32 35 36 37 38 46 55
 32 35 36 37 38 44 45 55
 32 33 34 39 46 55 63
 32 33 34 39 46 55 61 62
 32 33 34 39 44 45 55 63
 32 33 34 39 44 45 55 61 62
 32 33 34 37 38 46 55 63
 32 33 34 37 38 46 55 61 62
 32 33 34 37 38 44 45 55 63
 32 33 34 37 38 44 45 55 61 62
 32 33 34 36 39 46 55
 32 33 34 36 39 44 45 55
 32 33 34 36 37 38 46 55
 32 33 34 36 37 38 44 45 55
 30 63
 30 61 62
 30 48 58 62 74 78 79
 30 48 58 62 72 73 78 79
 30 48 58 61 62 74 78 79
 30 48 58 61 62 72 73 78 79
 30 48 58 59 60 62 74 78 79
 30 48 58 59 60 62 72 73 78 79
 30 48 53 58 62 74
 30 48 53 58 62 72 73
 30 48 53 58 61 62 74
 30 48 53 58 61 62 72 73
 30 48 53 58 59 60 62 74
 30 48 53 58 59 60 62 72 73
 30 47 48 58 62 78 79
 30 47 48 58 61 62 78 79
 30 47 48 58 59 60 62 78 79
 30 47 48 53 58 62
 30 47 48 53 58 61 62
 30 47 48 53 58 59 60 62
 30 46 47 58 62 78 79
 30 46 47 58 62 74 78 79
 30 46 47 58 62 72 73 78 79
 30 46 47 58 61 62 78 79
 30 46 47 58 61 62 74 78 79
 30 46 47 58 61 62 72 73 78 79
 30 46 47 58 59 60 62 78 79
 30 46 47 58 59 60 62 74 78 79
 30 46 47 58 59 60 62 72 73 78 79
 30 46 47 53 58 62
 30 46 47 53 58 62 74
 30 46 47 53 58 62 72 73
 30 46 47 53 58 61 62
 30 46 47 53 58 61 62 74
 30 46 47 53 58 61 62 72 73
 30 46 47 53 58 59 60 62
 30 46 47 53 58 59 60 62 74
 30 46 47 53 58 59 60 62 72 73
 30 44 48 58 62 74
 30 44 48 58 62 72 73
 30 44 48 58 61 62 74
 30 44 48 58 61 62 72 73
 30 44 48 58 59 60 62 74
 30 44 48 58 59 60 62 72 73
 30 44 47 48 58 62
 30 44 47 48 58 61 62
 30 44 47 48 58 59 60 62
 30 44 46 47 58 62
 30 44 46 47 58 62 74
 30 44 46 47 58 62 72 73
 30 44 46 47 58 61 62
 30 44 46 47 58 61 62 74
 30 44 46 47 58 61 62 72 73
 30 44 46 47 58 59 60 62
 30 44 46 47 58 59 60 62 74
 30 44 46 47 58 59 60 62 72 73
 30 36
 30 34 48 58 62 74 78 79
 30 34 48 58 62 72 73 78 79
 30 34 48 53 58 62 74
 30 34 48 53 58 62 72 73
 30 34 47 48 58 62 78 79
 30 34 47 48 53 58 62
 30 34 46 47 58 62 78 79
 30 34 46 47 58 62 74 78 79
 30 34 46 47 58 62 72 73 78 79
 30 34 46 47 53 58 62
 30 34 46 47 53 58 62 74
 30 34 46 47 53 58 62 72 73
 30 34 44 48 58 62 74
 30 34 44 48 58 62 72 73
 30 34 44 47 48 58 62
 30 34 44 46 47 58 62
 30 34 44 46 47 58 62 74
 30 34 44 46 47 58 62 72 73
 26 46 72 78 79
 26 46 70 71 78 79
 26 46 61 72 78 79
 26 46 61 70 71 78 79
 26 46 59 60 72 78 79
 26 46 59 60 70 71 78 79
 26 46 53 72
 26 46 53 70 71
 26 46 53 61 72
 26 46 53 61 70 71
 26 46 53 59 60 72
 26 46 53 59 60 70 71
 26 45 46 78 79
 26 45 46 61 78 79
 26 45 46 59 60 78 79
 26 45 46 53
 26 45 46 53 61
 26 45 46 53 59 60
 26 44 45 78 79
 26 44 45 72 78 79
 26 44 45 70 71 78 79
 26 44 45 61 78 79
 26 44 45 61 72 78 79
 26 44 45 61 70 71 78 79
 26 44 45 59 60 78 79
 26 44 45 59 60 72 78 79
 26 44 45 59 60 70 71 78 79
 26 44 45 53
 26 44 45 53 72
 26 44 45 53 70 71
 26 44 45 53 61
 26 44 45 53 61 72
 26 44 45 53 61 70 71
 26 44 45 53 59 60
 26 44 45 53 59 60 72
 26 44 45 53 59 60 70 71
 26 34 46 72 78 79
 26 34 46 70 71 78 79
 26 34 46 53 72
 26 34 46 53 70 71
 26 34 45 46 78 79
 26 34 45 46 53
 26 34 44 45 78 79
 26 34 44 45 72 78 79
 26 34 44 45 70 71 78 79
 26 34 44 45 53
 26 34 44 45 53 72
 26 34 44 45 53 70 71
 24 25 46 72 78 79
 24 25 46 70 71 78 79
 24 25 46 61 72 78 79
 24 25 46 61 70 71 78 79
 24 25 46 59 60 72 78 79
 24 25 46 59 60 70 71 78 79
 24 25 46 53 72
 24 25 46 53 70 71
 24 25 46 53 61 72
 24 25 46 53 61 70 71
 24 25 46 53 59 60 72
 24 25 46 53 59 60 70 71
 24 25 45 46 78 79
 24 25 45 46 61 78 79
 24 25 45 46 59 60 78 79
 24 25 45 46 53
 24 25 45 46 53 61
 24 25 45 46 53 59 60
 24 25 44 45 78 79
 24 25 44 45 72 78 79
 24 25 44 45 70 71 78 79
 24 25 44 45 61 78 79
 24 25 44 45 61 72 78 79
 24 25 44 45 61 70 71 78 79
 24 25 44 45 59 60 78 79
 24 25 44 45 59 60 72 78 79
 24 25 44 45 59 60 70 71 78 79
 24 25 44 45 53
 24 25 44 45 53 72
 24 25 44 45 53 70 71
 24 25 44 45 53 61
 24 25 44 45 53 61 72
 24 25 44 45 53 61 70 71
 24 25 44 45 53 59 60
 24 25 44 45 53 59 60 72
 24 25 44 45 53 59 60 70 71
 24 25 34 46 72 78 79
 24 25 34 46 70 71 78 79
 24 25 34 46 53 72
 24 25 34 46 53 70 71
 24 25 34 45 46 78 79
 24 25 34 45 46 53
 24 25 34 44 45 78 79
 24 25 34 44 45 72 78 79
 24 25 34 44 45 70 71 78 79
 24 25 34 44 45 53
 24 25 34 44 45 53 72
 24 25 34 44 45 53 70 71
 21 62 76 78 79
 21 62 74 75 78 79
 21 58 62 74 76 78 79
 21 58 62 74 75 78 79
 21 58 62 72 73 76 78 79
 21 58 62 72 73 74 75 78 79
 21 57 58 62 74 78 79
 21 57 58 62 72 73 78 79
 21 57 58 61 62 74 78 79
 21 57 58 61 62 72 73 78 79
 21 57 58 59 60 62 74 78 79
 21 57 58 59 60 62 72 73 78 79
 21 55 56 58 62 74 78 79
 21 55 56 58 62 72 73 78 79
 21 55 56 58 61 62 74 78 79
 21 55 56 58 61 62 72 73 78 79
 21 55 56 58 59 60 62 74 78 79
 21 55 56 58 59 60 62 72 73 78 79
 21 53 62 76
 21 53 62 74 75
 21 53 58 62 74 76
 21 53 58 62 74 75
 21 53 58 62 72 73 76
 21 53 58 62 72 73 74 75
 21 53 57 58 62 74
 21 53 57 58 62 72 73
 21 53 57 58 61 62 74
 21 53 57 58 61 62 72 73
 21 53 57 58 59 60 62 74
 21 53 57 58 59 60 62 72 73
 21 53 55 56 58 62 74
 21 53 55 56 58 62 72 73
 21 53 55 56 58 61 62 74
 21 53 55 56 58 61 62 72 73
 21 53 55 56 58 59 60 62 74
 21 53 55 56 58 59 60 62 72 73
 21 49 62 78 79
 21 49 58 62 74 78 79
 21 49 58 62 72 73 78 79
 21 49 53 62
 21 49 53 58 62 74
 21 49 53 58 62 72 73
 21 47 58 62 76 78 79
 21 47 58 62 74 75 78 79
 21 47 57 58 62 78 79
 21 47 57 58 61 62 78 79
 21 47 57 58 59 60 62 78 79
 21 47 55 56 58 62 78 79
 21 47 55 56 58 61 62 78 79
 21 47 55 56 58 59 60 62 78 79
 21 47 53 58 62 76
 21 47 53 58 62 74 75
 21 47 53 57 58 62
 21 47 53 57 58 61 62
 21 47 53 57 58 59 60 62
 21 47 53 55 56 58 62
 21 47 53 55 56 58 61 62
 21 47 53 55 56 58 59 60 62
 21 47 49 58 62 78 79
 21 47 49 53 58 62
 21 44
 21 44 74 76
 21 44 74 75
 21 44 72 73 76
 21 44 72 73 74 75
 21 44 62 76
 21 44 62 74 75
 21 44 58 62 74 76
 21 44 58 62 74 75
 21 44 58 62 72 73 76
 21 44 58 62 72 73 74 75
 21 44 57 58 62 74
 21 44 57 58 62 72 73
 21 44 57 58 61 62 74
 21 44 57 58 61 62 72 73
 21 44 57 58 59 60 62 74
 21 44 57 58 59 60 62 72 73
 21 44 55 56 58 62 74
 21 44 55 56 58 62 72 73
 21 44 55 56 58 61 62 74
 21 44 55 56 58 61 62 72 73
 21 44 55 56 58 59 60 62 74
 21 44 55 56 58 59 60 62 72 73
 21 44 49 74
 21 44 49 72 73
 21 44 49 62
 21 44 49 58 62 74
 21 44 49 58 62 72 73
 21 44 47 76
 21 44 47 74 75
 21 44 47 58 62 76
 21 44 47 58 62 74 75
 21 44 47 57 58 62
 21 44 47 57 58 61 62
 21 44 47 57 58 59 60 62
 21 44 47 55 56 58 62
 21 44 47 55 56 58 61 62
 21 44 47 55 56 58 59 60 62
 21 44 47 49
 21 44 47 49 58 62
 21 34 57 58 62 74 78 79
 21 34 57 58 62 72 73 78 79
 21 34 55 56 58 62 74 78 79
 21 34 55 56 58 62 72 73 78 79
 21 34 53 57 58 62 74
 21 34 53 57 58 62 72 73
 21 34 53 55 56 58 62 74
 21 34 53 55 56 58 62 72 73
 21 34 47 57 58 62 78 79
 21 34 47 55 56 58 62 78 79
 21 34 47 53 57 58 62
 21 34 47 53 55 56 58 62
 21 34 44 57 58 62 74
 21 34 44 57 58 62 72 73
 21 34 44 55 56 58 62 74
 21 34 44 55 56 58 62 72 73
 21 34 44 47 57 58 62
 21 34 44 47 55 56 58 62
 21 30 58 62 74 78 79
 21 30 58 62 72 73 78 79
 21 30 58 61 62 74 78 79
 21 30 58 61 62 72 73 78 79
 21 30 58 59 60 62 74 78 79
 21 30 58 59 60 62 72 73 78 79
 21 30 53 58 62 74
 21 30 53 58 62 72 73
 21 30 53 58 61 62 74
 21 30 53 58 61 62 72 73
 21 30 53 58 59 60 62 74
 21 30 53 58 59 60 62 72 73
 21 30 47 58 62 78 79
 21 30 47 58 61 62 78 79
 21 30 47 58 59 60 62 78 79
 21 30 47 53 58 62
 21 30 47 53 58 61 62
 21 30 47 53 58 59 60 62
 21 30 44 58 62 74
 21 30 44 58 62 72 73
 21 30 44 58 61 62 74
 21 30 44 58 61 62 72 73
 21 30 44 58 59 60 62 74
 21 30 44 58 59 60 62 72 73
 21 30 44 47 58 62
 21 30 44 47 58 61 62
 21 30 44 47 58 59 60 62
 21 30 34 58 62 74 78 79
 21 30 34 58 62 72 73 78 79
 21 30 34 53 58 62 74
 21 30 34 53 58 62 72 73
 21 30 34 47 58 62 78 79
 21 30 34 47 53 58 62
 21 30 34 44 58 62 74
 21 30 34 44 58 62 72 73
 21 30 34 44 47 58 62
 19 68 72 78 79
 19 68 70 71 78 79
 19 63
 19 63 76
 19 63 74 75
 19 62 76 78 79
 19 62 74 75 78 79
 19 61 68 72 78 79
 19 61 68 70 71 78 79
 19 61 62
 19 61 62 76
 19 61 62 74 75
 19 59 62 74 78 79
 19 59 62 72 73 78 79
 19 59 60 68 72 78 79
 19 59 60 68 70 71 78 79
 19 57 58 62 74 78 79
 19 57 58 62 72 73 78 79
 19 53 68 72
 19 53 68 70 71
 19 53 62 76
 19 53 62 74 75
 19 53 61 68 72
 19 53 61 68 70 71
 19 53 59 62 74
 19 53 59 62 72 73
 19 53 59 60 68 72
 19 53 59 60 68 70 71
 19 53 57 58 62 74
 19 53 57 58 62 72 73
 19 49 63
 19 49 62 78 79
 19 49 61 62
 19 49 53 62
 19 47 59 62 78 79
 19 47 57 58 62 78 79
 19 47 53 59 62
 19 47 53 57 58 62
 19 45 68 78 79
 19 45 61 68 78 79
 19 45 59 60 68 78 79
 19 45 53 68
 19 45 53 61 68
 19 45 53 59 60 68
 19 44 76
 19 44 74 75
 19 44 62 76
 19 44 62 74 75
 19 44 59 62 74
 19 44 59 62 72 73
 19 44 58 74 76
 19 44 58 74 75
 19 44 58 72 73 76
 19 44 58 72 73 74 75
 19 44 57 58 62 74
 19 44 57 58 62 72 73
 19 44 49
 19 44 49 62
 19 44 49 58 74
 19 44 49 58 72 73
 19 44 47 59 62
 19 44 47 58 76
 19 44 47 58 74 75
 19 44 47 57 58 62
 19 44 47 49 58
 19 36
 19 36 76
 19 36 74 75
 19 36 49
 19 35 39 55 59 63
 19 35 39 55 59 61 62
 19 35 39 55 57 58 63
 19 35 39 55 57 58 61 62
 19 35 37 38 55 59 63
 19 35 37 38 55 59 61 62
 19 35 37 38 55 57 58 63
 19 35 37 38 55 57 58 61 62
 19 35 36 39 55 59
 19 35 36 39 55 57 58
 19 35 36 37 38 55 59
 19 35 36 37 38 55 57 58
 19 34 68 72 78 79
 19 34 68 70 71 78 79
 19 34 53 68 72
 19 34 53 68 70 71
 19 34 45 68 78 79
 19 34 45 53 68
 19 33 34 39 55 59 63
 19 33 34 39 55 59 61 62
 19 33 34 39 55 57 58 63
 19 33 34 39 55 57 58 61 62
 19 33 34 37 38 55 59 63
 19 33 34 37 38 55 59 61 62
 19 33 34 37 38 55 57 58 63
 19 33 34 37 38 55 57 58 61 62
 19 33 34 36 39 55 59
 19 33 34 36 39 55 57 58
 19 33 34 36 37 38 55 59
 19 33 34 36 37 38 55 57 58
 19 32 62 74 78 79
 19 32 62 72 73 78 79
 19 32 53 62 74
 19 32 53 62 72 73
 19 32 47 62 78 79
 19 32 47 53 62
 19 32 44 62 74
 19 32 44 62 72 73
 19 32 44 47 62
 19 32 35 39 55 63
 19 32 35 39 55 61 62
 19 32 35 37 38 55 63
 19 32 35 37 38 55 61 62
 19 32 35 36 39 55
 19 32 35 36 37 38 55
 19 32 33 34 39 55 63
 19 32 33 34 39 55 61 62
 19 32 33 34 37 38 55 63
 19 32 33 34 37 38 55 61 62
 19 32 33 34 36 39 55
 19 32 33 34 36 37 38 55
 19 26 72 78 79
 19 26 70 71 78 79
 19 26 61 72 78 79
 19 26 61 70 71 78 79
 19 26 59 60 72 78 79
 19 26 59 60 70 71 78 79
 19 26 53 72
 19 26 53 70 71
 19 26 53 61 72
 19 26 53 61 70 71
 19 26 53 59 60 72
 19 26 53 59 60 70 71
 19 26 45 78 79
 19 26 45 61 78 79
 19 26 45 59 60 78 79
 19 26 45 53
 19 26 45 53 61
 19 26 45 53 59 60
 19 26 34 72 78 79
 19 26 34 70 71 78 79
 19 26 34 53 72
 19 26 34 53 70 71
 19 26 34 45 78 79
 19 26 34 45 53
 19 24 25 72 78 79
 19 24 25 70 71 78 79
 19 24 25 61 72 78 79
 19 24 25 61 70 71 78 79
 19 24 25 59 60 72 78 79
 19 24 25 59 60 70 71 78 79
 19 24 25 53 72
 19 24 25 53 70 71
 19 24 25 53 61 72
 19 24 25 53 61 70 71
 19 24 25 53 59 60 72
 19 24 25 53 59 60 70 71
 19 24 25 45 78 79
 19 24 25 45 61 78 79
 19 24 25 45 59 60 78 79
 19 24 25 45 53
 19 24 25 45 53 61
 19 24 25 45 53 59 60
 19 24 25 34 72 78 79
 19 24 25 34 70 71 78 79
 19 24 25 34 53 72
 19 24 25 34 53 70 71
 19 24 25 34 45 78 79
 19 24 25 34 45 53
 12 35 46 55 59 63
 12 35 46 55 59 61 62
 12 35 46 55 57 58 63
 12 35 46 55 57 58 61 62
 12 35 44 45 55 59 63
 12 35 44 45 55 59 61 62
 12 35 44 45 55 57 58 63
 12 35 44 45 55 57 58 61 62
 12 35 36 46 55 59
 12 35 36 46 55 57 58
 12 35 36 44 45 55 59
 12 35 36 44 45 55 57 58
 12 33 34 46 55 59 63
 12 33 34 46 55 59 61 62
 12 33 34 46 55 57 58 63
 12 33 34 46 55 57 58 61 62
 12 33 34 44 45 55 59 63
 12 33 34 44 45 55 59 61 62
 12 33 34 44 45 55 57 58 63
 12 33 34 44 45 55 57 58 61 62
 12 33 34 36 46 55 59
 12 33 34 36 46 55 57 58
 12 33 34 36 44 45 55 59
 12 33 34 36 44 45 55 57 58
 12 32 35 46 55 63
 12 32 35 46 55 61 62
 12 32 35 44 45 55 63
 12 32 35 44 45 55 61 62
 12 32 35 36 46 55
 12 32 35 36 44 45 55
 12 32 33 34 46 55 63
 12 32 33 34 46 55 61 62
 12 32 33 34 44 45 55 63
 12 32 33 34 44 45 55 61 62
 12 32 33 34 36 46 55
 12 32 33 34 36 44 45 55
 12 19 35 55 59 63
 12 19 35 55 59 61 62
 12 19 35 55 57 58 63
 12 19 35 55 57 58 61 62
 12 19 35 36 55 59
 12 19 35 36 55 57 58
 12 19 33 34 55 59 63
 12 19 33 34 55 59 61 62
 12 19 33 34 55 57 58 63
 12 19 33 34 55 57 58 61 62
 12 19 33 34 36 55 59
 12 19 33 34 36 55 57 58
 12 19 32 35 55 63
 12 19 32 35 55 61 62
 12 19 32 35 36 55
 12 19 32 33 34 55 63
 12 19 32 33 34 55 61 62
 12 19 32 33 34 36 55
 8 39 46 55 59 63
 8 39 46 55 59 61 62
 8 39 46 55 57 58 63
 8 39 46 55 57 58 61 62
 8 39 44 45 55 59 63
 8 39 44 45 55 59 61 62
 8 39 44 45 55 57 58 63
 8 39 44 45 55 57 58 61 62
 8 37 38 46 55 59 63
 8 37 38 46 55 59 61 62
 8 37 38 46 55 57 58 63
 8 37 38 46 55 57 58 61 62
 8 37 38 44 45 55 59 63
 8 37 38 44 45 55 59 61 62
 8 37 38 44 45 55 57 58 63
 8 37 38 44 45 55 57 58 61 62
 8 36 39 46 55 59
 8 36 39 46 55 57 58
 8 36 39 44 45 55 59
 8 36 39 44 45 55 57 58
 8 36 37 38 46 55 59
 8 36 37 38 46 55 57 58
 8 36 37 38 44 45 55 59
 8 36 37 38 44 45 55 57 58
 8 32 39 46 55 63
 8 32 39 46 55 61 62
 8 32 39 44 45 55 63
 8 32 39 44 45 55 61 62
 8 32 37 38 46 55 63
 8 32 37 38 46 55 61 62
 8 32 37 38 44 45 55 63
 8 32 37 38 44 45 55 61 62
 8 32 36 39 46 55
 8 32 36 39 44 45 55
 8 32 36 37 38 46 55
 8 32 36 37 38 44 45 55
 8 19 39 55 59 63
 8 19 39 55 59 61 62
 8 19 39 55 57 58 63
 8 19 39 55 57 58 61 62
 8 19 37 38 55 59 63
 8 19 37 38 55 59 61 62
 8 19 37 38 55 57 58 63
 8 19 37 38 55 57 58 61 62
 8 19 36 39 55 59
 8 19 36 39 55 57 58
 8 19 36 37 38 55 59
 8 19 36 37 38 55 57 58
 8 19 32 39 55 63
 8 19 32 39 55 61 62
 8 19 32 37 38 55 63
 8 19 32 37 38 55 61 62
 8 19 32 36 39 55
 8 19 32 36 37 38 55
 8 12 46 55 59 63
 8 12 46 55 59 61 62
 8 12 46 55 57 58 63
 8 12 46 55 57 58 61 62
 8 12 44 45 55 59 63
 8 12 44 45 55 59 61 62
 8 12 44 45 55 57 58 63
 8 12 44 45 55 57 58 61 62
 8 12 36 46 55 59
 8 12 36 46 55 57 58
 8 12 36 44 45 55 59
 8 12 36 44 45 55 57 58
 8 12 32 46 55 63
 8 12 32 46 55 61 62
 8 12 32 44 45 55 63
 8 12 32 44 45 55 61 62
 8 12 32 36 46 55
 8 12 32 36 44 45 55
 8 12 19 55 59 63
 8 12 19 55 59 61 62
 8 12 19 55 57 58 63
 8 12 19 55 57 58 61 62
 8 12 19 36 55 59
 8 12 19 36 55 57 58
 8 12 19 32 55 63
 8 12 19 32 55 61 62
 8 12 19 32 36 55
 2 48
 2 48 74 76
 2 48 74 75
 2 48 72 73 76
 2 48 72 73 74 75
 2 48 62 76
 2 48 62 74 75
 2 48 58 62 74 76
 2 48 58 62 74 75
 2 48 58 62 72 73 76
 2 48 58 62 72 73 74 75
 2 48 57 58 62 74
 2 48 57 58 62 72 73
 2 48 57 58 61 62 74
 2 48 57 58 61 62 72 73
 2 48 57 58 59 60 62 74
 2 48 57 58 59 60 62 72 73
 2 48 55 56 58 62 74
 2 48 55 56 58 62 72 73
 2 48 55 56 58 61 62 74
 2 48 55 56 58 61 62 72 73
 2 48 55 56 58 59 60 62 74
 2 48 55 56 58 59 60 62 72 73
 2 48 49 74
 2 48 49 72 73
 2 48 49 62
 2 48 49 58 62 74
 2 48 49 58 62 72 73
 2 47 48 76
 2 47 48 74 75
 2 47 48 58 62 76
 2 47 48 58 62 74 75
 2 47 48 57 58 62
 2 47 48 57 58 61 62
 2 47 48 57 58 59 60 62
 2 47 48 55 56 58 62
 2 47 48 55 56 58 61 62
 2 47 48 55 56 58 59 60 62
 2 47 48 49
 2 47 48 49 58 62
 2 46 76
 2 46 74 75
 2 46 62 76
 2 46 62 74 75
 2 46 59 62 74
 2 46 59 62 72 73
 2 46 58 74 76
 2 46 58 74 75
 2 46 58 72 73 76
 2 46 58 72 73 74 75
 2 46 57 58 62 74
 2 46 57 58 62 72 73
 2 46 49
 2 46 49 62
 2 46 49 58 74
 2 46 49 58 72 73
 2 46 47
 2 46 47 76
 2 46 47 74 76
 2 46 47 72 73 76
 2 46 47 72 73 74 75
 2 46 47 62 76
 2 46 47 62 74 75
 2 46 47 59 62
 2 46 47 58 76
 2 46 47 58 74 75
 2 46 47 58 62 76
 2 46 47 58 62 74 76
 2 46 47 58 62 72 73 76
 2 46 47 58 62 72 73 74 75
 2 46 47 57 58 62 74
 2 46 47 57 58 62 72 73
 2 46 47 57 58 61 62
 2 46 47 57 58 61 62 74
 2 46 47 57 58 61 62 72 73
 2 46 47 57 58 59 60 62
 2 46 47 57 58 59 60 62 74
 2 46 47 57 58 59 60 62 72 73
 2 46 47 55 56 58 62
 2 46 47 55 56 58 62 74
 2 46 47 55 56 58 62 72 73
 2 46 47 55 56 58 61 62
 2 46 47 55 56 58 61 62 74
 2 46 47 55 56 58 61 62 72 73
 2 46 47 55 56 58 59 60 62
 2 46 47 55 56 58 59 60 62 74
 2 46 47 55 56 58 59 60 62 72 73
 2 46 47 49
 2 46 47 49 74
 2 46 47 49 72 73
 2 46 47 49 62
 2 46 47 49 58
 2 46 47 49 58 62
 2 46 47 49 58 62 74
 2 46 47 49 58 62 72 73
 2 44 45 76
 2 44 45 74 75
 2 44 45 62 76
 2 44 45 62 74 75
 2 44 45 59 62 74
 2 44 45 59 62 72 73
 2 44 45 58 74 76
 2 44 45 58 74 75
 2 44 45 58 72 73 76
 2 44 45 58 72 73 74 75
 2 44 45 57 58 62 74
 2 44 45 57 58 62 72 73
 2 44 45 49
 2 44 45 49 62
 2 44 45 49 58 74
 2 44 45 49 58 72 73
 2 44 45 47 59 62
 2 44 45 47 58 76
 2 44 45 47 58 74 75
 2 44 45 47 57 58 62
 2 44 45 47 49 58
 2 34 48 57 58 62 74
 2 34 48 57 58 62 72 73
 2 34 48 55 56 58 62 74
 2 34 48 55 56 58 62 72 73
 2 34 47 48 57 58 62
 2 34 47 48 55 56 58 62
 2 34 46 47 57 58 62
 2 34 46 47 57 58 62 74
 2 34 46 47 57 58 62 72 73
 2 34 46 47 55 56 58 62
 2 34 46 47 55 56 58 62 74
 2 34 46 47 55 56 58 62 72 73
 2 32 46 62 74
 2 32 46 62 72 73
 2 32 46 47 62
 2 32 44 45 62 74
 2 32 44 45 62 72 73
 2 32 44 45 47 62
 2 30 48 58 62 74
 2 30 48 58 62 72 73
 2 30 48 58 61 62 74
 2 30 48 58 61 62 72 73
 2 30 48 58 59 60 62 74
 2 30 48 58 59 60 62 72 73
 2 30 47 48 58 62
 2 30 47 48 58 61 62
 2 30 47 48 58 59 60 62
 2 30 46 47 58 62
 2 30 46 47 58 62 74
 2 30 46 47 58 62 72 73
 2 30 46 47 58 61 62
 2 30 46 47 58 61 62 74
 2 30 46 47 58 61 62 72 73
 2 30 46 47 58 59 60 62
 2 30 46 47 58 59 60 62 74
 2 30 46 47 58 59 60 62 72 73
 2 30 34 48 58 62 74
 2 30 34 48 58 62 72 73
 2 30 34 47 48 58 62
 2 30 34 46 47 58 62
 2 30 34 46 47 58 62 74
 2 30 34 46 47 58 62 72 73
 2 21
 2 21 74 76
 2 21 74 75
 2 21 72 73 76
 2 21 72 73 74 75
 2 21 62 76
 2 21 62 74 75
 2 21 58 62 74 76
 2 21 58 62 74 75
 2 21 58 62 72 73 76
 2 21 58 62 72 73 74 75
 2 21 57 58 62 74
 2 21 57 58 62 72 73
 2 21 57 58 61 62 74
 2 21 57 58 61 62 72 73
 2 21 57 58 59 60 62 74
 2 21 57 58 59 60 62 72 73
 2 21 55 56 58 62 74
 2 21 55 56 58 62 72 73
 2 21 55 56 58 61 62 74
 2 21 55 56 58 61 62 72 73
 2 21 55 56 58 59 60 62 74
 2 21 55 56 58 59 60 62 72 73
 2 21 49 74
 2 21 49 72 73
 2 21 49 62
 2 21 49 58 62 74
 2 21 49 58 62 72 73
 2 21 47 76
 2 21 47 74 75
 2 21 47 58 62 76
 2 21 47 58 62 74 75
 2 21 47 57 58 62
 2 21 47 57 58 61 62
 2 21 47 57 58 59 60 62
 2 21 47 55 56 58 62
 2 21 47 55 56 58 61 62
 2 21 47 55 56 58 59 60 62
 2 21 47 49
 2 21 47 49 58 62
 2 21 34 57 58 62 74
 2 21 34 57 58 62 72 73
 2 21 34 55 56 58 62 74
 2 21 34 55 56 58 62 72 73
 2 21 34 47 57 58 62
 2 21 34 47 55 56 58 62
 2 21 30 58 62 74
 2 21 30 58 62 72 73
 2 21 30 58 61 62 74
 2 21 30 58 61 62 72 73
 2 21 30 58 59 60 62 74
 2 21 30 58 59 60 62 72 73
 2 21 30 47 58 62
 2 21 30 47 58 61 62
 2 21 30 47 58 59 60 62
 2 21 30 34 58 62 74
 2 21 30 34 58 62 72 73
 2 21 30 34 47 58 62
 2 19 76
 2 19 74 75
 2 19 62 76
 2 19 62 74 75
 2 19 59 62 74
 2 19 59 62 72 73
 2 19 58 74 76
 2 19 58 74 75
 2 19 58 72 73 76
 2 19 58 72 73 74 75
 2 19 57 58 62 74
 2 19 57 58 62 72 73
 2 19 49
 2 19 49 62
 2 19 49 58 74
 2 19 49 58 72 73
 2 19 47 59 62
 2 19 47 58 76
 2 19 47 58 74 75
 2 19 47 57 58 62
 2 19 47 49 58
 2 19 32 62 74
 2 19 32 62 72 73
 2 19 32 47 62
 0 1 48
 0 1 48 74 76
 0 1 48 74 75
 0 1 48 72 73 76
 0 1 48 72 73 74 75
 0 1 48 62 76
 0 1 48 62 74 75
 0 1 48 58 62 74 76
 0 1 48 58 62 74 75
 0 1 48 58 62 72 73 76
 0 1 48 58 62 72 73 74 75
 0 1 48 57 58 62 74
 0 1 48 57 58 62 72 73
 0 1 48 57 58 61 62 74
 0 1 48 57 58 61 62 72 73
 0 1 48 57 58 59 60 62 74
 0 1 48 57 58 59 60 62 72 73
 0 1 48 55 56 58 62 74
 0 1 48 55 56 58 62 72 73
 0 1 48 55 56 58 61 62 74
 0 1 48 55 56 58 61 62 72 73
 0 1 48 55 56 58 59 60 62 74
 0 1 48 55 56 58 59 60 62 72 73
 0 1 48 49 74
 0 1 48 49 72 73
 0 1 48 49 62
 0 1 48 49 58 62 74
 0 1 48 49 58 62 72 73
 0 1 47 48 76
 0 1 47 48 74 75
 0 1 47 48 58 62 76
 0 1 47 48 58 62 74 75
 0 1 47 48 57 58 62
 0 1 47 48 57 58 61 62
 0 1 47 48 57 58 59 60 62
 0 1 47 48 55 56 58 62
 0 1 47 48 55 56 58 61 62
 0 1 47 48 55 56 58 59 60 62
 0 1 47 48 49
 0 1 47 48 49 58 62
 0 1 46 76
 0 1 46 74 75
 0 1 46 62 76
 0 1 46 62 74 75
 0 1 46 59 62 74
 0 1 46 59 62 72 73
 0 1 46 58 74 76
 0 1 46 58 74 75
 0 1 46 58 72 73 76
 0 1 46 58 72 73 74 75
 0 1 46 57 58 62 74
 0 1 46 57 58 62 72 73
 0 1 46 49
 0 1 46 49 62
 0 1 46 49 58 74
 0 1 46 49 58 72 73
 0 1 46 47
 0 1 46 47 76
 0 1 46 47 74 76
 0 1 46 47 72 73 76
 0 1 46 47 72 73 74 75
 0 1 46 47 62 76
 0 1 46 47 62 74 75
 0 1 46 47 59 62
 0 1 46 47 58 76
 0 1 46 47 58 74 75
 0 1 46 47 58 62 76
 0 1 46 47 58 62 74 76
 0 1 46 47 58 62 72 73 76
 0 1 46 47 58 62 72 73 74 75
 0 1 46 47 57 58 62 74
 0 1 46 47 57 58 62 72 73
 0 1 46 47 57 58 61 62
 0 1 46 47 57 58 61 62 74
 0 1 46 47 57 58 61 62 72 73
 0 1 46 47 57 58 59 60 62
 0 1 46 47 57 58 59 60 62 74
 0 1 46 47 57 58 59 60 62 72 73
 0 1 46 47 55 56 58 62
 0 1 46 47 55 56 58 62 74
 0 1 46 47 55 56 58 62 72 73
 0 1 46 47 55 56 58 61 62
 0 1 46 47 55 56 58 61 62 74
 0 1 46 47 55 56 58 61 62 72 73
 0 1 46 47 55 56 58 59 60 62
 0 1 46 47 55 56 58 59 60 62 74
 0 1 46 47 55 56 58 59 60 62 72 73
 0 1 46 47 49
 0 1 46 47 49 74
 0 1 46 47 49 72 73
 0 1 46 47 49 62
 0 1 46 47 49 58
 0 1 46 47 49 58 62
 0 1 46 47 49 58 62 74
 0 1 46 47 49 58 62 72 73
 0 1 44 45 76
 0 1 44 45 74 75
 0 1 44 45 62 76
 0 1 44 45 62 74 75
 0 1 44 45 59 62 74
 0 1 44 45 59 62 72 73
 0 1 44 45 58 74 76
 0 1 44 45 58 74 75
 0 1 44 45 58 72 73 76
 0 1 44 45 58 72 73 74 75
 0 1 44 45 57 58 62 74
 0 1 44 45 57 58 62 72 73
 0 1 44 45 49
 0 1 44 45 49 62
 0 1 44 45 49 58 74
 0 1 44 45 49 58 72 73
 0 1 44 45 47 59 62
 0 1 44 45 47 58 76
 0 1 44 45 47 58 74 75
 0 1 44 45 47 57 58 62
 0 1 44 45 47 49 58
 0 1 34 48 57 58 62 74
 0 1 34 48 57 58 62 72 73
 0 1 34 48 55 56 58 62 74
 0 1 34 48 55 56 58 62 72 73
 0 1 34 47 48 57 58 62
 0 1 34 47 48 55 56 58 62
 0 1 34 46 47 57 58 62
 0 1 34 46 47 57 58 62 74
 0 1 34 46 47 57 58 62 72 73
 0 1 34 46 47 55 56 58 62
 0 1 34 46 47 55 56 58 62 74
 0 1 34 46 47 55 56 58 62 72 73
 0 1 32 46 62 74
 0 1 32 46 62 72 73
 0 1 32 46 47 62
 0 1 32 44 45 62 74
 0 1 32 44 45 62 72 73
 0 1 32 44 45 47 62
 0 1 30 48 58 62 74
 0 1 30 48 58 62 72 73
 0 1 30 48 58 61 62 74
 0 1 30 48 58 61 62 72 73
 0 1 30 48 58 59 60 62 74
 0 1 30 48 58 59 60 62 72 73
 0 1 30 47 48 58 62
 0 1 30 47 48 58 61 62
 0 1 30 47 48 58 59 60 62
 0 1 30 46 47 58 62
 0 1 30 46 47 58 62 74
 0 1 30 46 47 58 62 72 73
 0 1 30 46 47 58 61 62
 0 1 30 46 47 58 61 62 74
 0 1 30 46 47 58 61 62 72 73
 0 1 30 46 47 58 59 60 62
 0 1 30 46 47 58 59 60 62 74
 0 1 30 46 47 58 59 60 62 72 73
 0 1 30 34 48 58 62 74
 0 1 30 34 48 58 62 72 73
 0 1 30 34 47 48 58 62
 0 1 30 34 46 47 58 62
 0 1 30 34 46 47 58 62 74
 0 1 30 34 46 47 58 62 72 73
 0 1 21
 0 1 21 74 76
 0 1 21 74 75
 0 1 21 72 73 76
 0 1 21 72 73 74 75
 0 1 21 62 76
 0 1 21 62 74 75
 0 1 21 58 62 74 76
 0 1 21 58 62 74 75
 0 1 21 58 62 72 73 76
 0 1 21 58 62 72 73 74 75
 0 1 21 57 58 62 74
 0 1 21 57 58 62 72 73
 0 1 21 57 58 61 62 74
 0 1 21 57 58 61 62 72 73
 0 1 21 57 58 59 60 62 74
 0 1 21 57 58 59 60 62 72 73
 0 1 21 55 56 58 62 74
 0 1 21 55 56 58 62 72 73
 0 1 21 55 56 58 61 62 74
 0 1 21 55 56 58 61 62 72 73
 0 1 21 55 56 58 59 60 62 74
 0 1 21 55 56 58 59 60 62 72 73
 0 1 21 49 74
 0 1 21 49 72 73
 0 1 21 49 62
 0 1 21 49 58 62 74
 0 1 21 49 58 62 72 73
 0 1 21 47 76
 0 1 21 47 74 75
 0 1 21 47 58 62 76
 0 1 21 47 58 62 74 75
 0 1 21 47 57 58 62
 0 1 21 47 57 58 61 62
 0 1 21 47 57 58 59 60 62
 0 1 21 47 55 56 58 62
 0 1 21 47 55 56 58 61 62
 0 1 21 47 55 56 58 59 60 62
 0 1 21 47 49
 0 1 21 47 49 58 62
 0 1 21 34 57 58 62 74
 0 1 21 34 57 58 62 72 73
 0 1 21 34 55 56 58 62 74
 0 1 21 34 55 56 58 62 72 73
 0 1 21 34 47 57 58 62
 0 1 21 34 47 55 56 58 62
 0 1 21 30 58 62 74
 0 1 21 30 58 62 72 73
 0 1 21 30 58 61 62 74
 0 1 21 30 58 61 62 72 73
 0 1 21 30 58 59 60 62 74
 0 1 21 30 58 59 60 62 72 73
 0 1 21 30 47 58 62
 0 1 21 30 47 58 61 62
 0 1 21 30 47 58 59 60 62
 0 1 21 30 34 58 62 74
 0 1 21 30 34 58 62 72 73
 0 1 21 30 34 47 58 62
 0 1 19 76
 0 1 19 74 75
 0 1 19 62 76
 0 1 19 62 74 75
 0 1 19 59 62 74
 0 1 19 59 62 72 73
 0 1 19 58 74 76
 0 1 19 58 74 75
 0 1 19 58 72 73 76
 0 1 19 58 72 73 74 75
 0 1 19 57 58 62 74
 0 1 19 57 58 62 72 73
 0 1 19 49
 0 1 19 49 62
 0 1 19 49 58 74
 0 1 19 49 58 72 73
 0 1 19 47 59 62
 0 1 19 47 58 76
 0 1 19 47 58 74 75
 0 1 19 47 57 58 62
 0 1 19 47 49 58
 0 1 19 32 62 74
 0 1 19 32 62 72 73
 0 1 19 32 47 62
