 69 78
 69 76 77
 68 74 78
 68 74 76 77
 68 72 73 78
 68 72 73 76 77
 68 69 72 78
 68 69 72 76 77
 68 69 70 71 78
 68 69 70 71 76 77
 67 68 78
 67 68 76 77
 67 68 72 78
 67 68 72 76 77
 67 68 70 71 78
 67 68 70 71 76 77
 63 69 78
 63 69 76 77
 63 67 68 78
 63 67 68 76 77
 61 69 78
 61 69 76 77
 61 67 68 78
 61 67 68 76 77
 61 63 69 78
 61 63 69 76 77
 61 63 67 68 78
 61 63 67 68 76 77
 60 78
 60 76 77
 60 69 78
 60 69 76 77
 60 67 68 78
 60 67 68 76 77
 60 63 69 78
 60 63 69 76 77
 60 63 67 68 78
 60 63 67 68 76 77
 60 61 62 69 78
 60 61 62 69 76 77
 60 61 62 67 68 78
 60 61 62 67 68 76 77
 59 71
 59 69 70
 59 68 71 74
 59 68 71 72 73
 59 68 69 70 74
 59 68 69 70 72 73
 59 63 69
 59 63 67 68
 59 61 63 69 71
 59 61 63 69 70
 59 61 63 67 68 71
 59 61 63 67 68 69 70
 59 61 62 69
 59 61 62 69 71
 59 61 62 69 70
 59 61 62 67 68
 59 61 62 67 68 71
 59 61 62 67 68 69 70
 59 60 69 78
 59 60 69 76 77
 59 60 67 68 78
 59 60 67 68 76 77
 59 60 63 69 78
 59 60 63 69 76 77
 59 60 63 69 71
 59 60 63 69 70
 59 60 63 67 68 78
 59 60 63 67 68 76 77
 59 60 63 67 68 71
 59 60 63 67 68 69 70
 59 60 61 62 69 78
 59 60 61 62 69 76 77
 59 60 61 62 69 71
 59 60 61 62 69 70
 59 60 61 62 67 68 78
 59 60 61 62 67 68 76 77
 59 60 61 62 67 68 71
 59 60 61 62 67 68 69 70
 58 59
 58 59 68 74
 58 59 68 72 73
 58 59 61 63 69
 58 59 61 63 67 68
 58 59 61 62 69
 58 59 61 62 67 68
 58 59 60 63 69
 58 59 60 63 67 68
 58 59 60 61 62 69
 58 59 60 61 62 67 68
 57 58
 57 58 71
 57 58 69 70
 57 58 68 74
 57 58 68 72 73
 57 58 68 71 74
 57 58 68 71 72 73
 57 58 68 69 70 74
 57 58 68 69 70 72 73
 57 58 63 69
 57 58 63 67 68
 57 58 61 63 69
 57 58 61 63 69 71
 57 58 61 63 69 70
 57 58 61 63 67 68
 57 58 61 63 67 68 71
 57 58 61 63 67 68 69 70
 57 58 61 62 69 71
 57 58 61 62 69 70
 57 58 61 62 67 68 71
 57 58 61 62 67 68 69 70
 57 58 59 60 63 69
 57 58 59 60 63 69 71
 57 58 59 60 63 69 70
 57 58 59 60 63 67 68
 57 58 59 60 63 67 68 71
 57 58 59 60 63 67 68 69 70
 57 58 59 60 61 62 69
 57 58 59 60 61 62 69 71
 57 58 59 60 61 62 69 70
 57 58 59 60 61 62 67 68
 57 58 59 60 61 62 67 68 71
 57 58 59 60 61 62 67 68 69 70
 56 60 78
 56 60 76 77
 54 72 78
 54 72 76 77
 54 70 71 78
 54 70 71 76 77
 54 69 72 78
 54 69 72 76 77
 54 69 70 71 78
 54 69 70 71 76 77
 54 68 72 78
 54 68 72 76 77
 54 68 70 71 78
 54 68 70 71 76 77
 54 68 69 72 78
 54 68 69 72 76 77
 54 68 69 70 71 78
 54 68 69 70 71 76 77
 52 53 72 78
 52 53 72 76 77
 52 53 70 71 78
 52 53 70 71 76 77
 52 53 69 72 78
 52 53 69 72 76 77
 52 53 69 70 71 78
 52 53 69 70 71 76 77
 52 53 68 72 78
 52 53 68 72 76 77
 52 53 68 70 71 78
 52 53 68 70 71 76 77
 52 53 68 69 72 78
 52 53 68 69 72 76 77
 52 53 68 69 70 71 78
 52 53 68 69 70 71 76 77
 51 69
 51 68 74
 51 68 72 73
 51 68 69 72
 51 68 69 70 71
 51 67 68
 51 67 68 72
 51 67 68 70 71
 51 63 69
 51 63 67 68
 51 61 69
 51 61 67 68
 51 61 63 69
 51 61 63 67 68
 51 60
 51 60 69
 51 60 67 68
 51 60 63 69
 51 60 63 67 68
 51 60 61 62 69
 51 60 61 62 67 68
 51 59 60 69
 51 59 60 67 68
 51 59 60 63 69
 51 59 60 63 67 68
 51 59 60 61 62 69
 51 59 60 61 62 67 68
 51 56 60
 51 54 72
 51 54 70 71
 51 54 69 72
 51 54 69 70 71
 51 54 68 72
 51 54 68 70 71
 51 54 68 69 72
 51 54 68 69 70 71
 51 52 53 72
 51 52 53 70 71
 51 52 53 69 72
 51 52 53 69 70 71
 51 52 53 68 72
 51 52 53 68 70 71
 51 52 53 68 69 72
 51 52 53 68 69 70 71
 48 52 58 59 64 69 78
 48 52 58 59 64 69 76 77
 48 52 58 59 64 67 68 78
 48 52 58 59 64 67 68 76 77
 48 52 58 59 64 66 69 78
 48 52 58 59 64 66 69 76 77
 48 52 58 59 64 66 67 68 78
 48 52 58 59 64 66 67 68 76 77
 48 52 57 58 64 69 78
 48 52 57 58 64 69 76 77
 48 52 57 58 64 67 68 78
 48 52 57 58 64 67 68 76 77
 48 52 57 58 64 66 69 78
 48 52 57 58 64 66 69 76 77
 48 52 57 58 64 66 67 68 78
 48 52 57 58 64 66 67 68 76 77
 48 51 52 58 59 64 69
 48 51 52 58 59 64 67 68
 48 51 52 58 59 64 66 69
 48 51 52 58 59 64 66 67 68
 48 51 52 57 58 64 69
 48 51 52 57 58 64 67 68
 48 51 52 57 58 64 66 69
 48 51 52 57 58 64 66 67 68
 48 50 51 58 59 64 69
 48 50 51 58 59 64 69 78
 48 50 51 58 59 64 69 76 77
 48 50 51 58 59 64 67 68
 48 50 51 58 59 64 67 68 78
 48 50 51 58 59 64 67 68 76 77
 48 50 51 58 59 64 66 69
 48 50 51 58 59 64 66 69 78
 48 50 51 58 59 64 66 69 76 77
 48 50 51 58 59 64 66 67 68
 48 50 51 58 59 64 66 67 68 78
 48 50 51 58 59 64 66 67 68 76 77
 48 50 51 57 58 64 69
 48 50 51 57 58 64 69 78
 48 50 51 57 58 64 69 76 77
 48 50 51 57 58 64 67 68
 48 50 51 57 58 64 67 68 78
 48 50 51 57 58 64 67 68 76 77
 48 50 51 57 58 64 66 69
 48 50 51 57 58 64 66 69 78
 48 50 51 57 58 64 66 69 76 77
 48 50 51 57 58 64 66 67 68
 48 50 51 57 58 64 66 67 68 78
 48 50 51 57 58 64 66 67 68 76 77
 47 68 78
 47 68 76 77
 47 59 68 71
 47 59 68 69 70
 47 58 59 68
 47 57 58 68
 47 57 58 68 71
 47 57 58 68 69 70
 47 51 68
 46 47 52 58 59 64 69 78
 46 47 52 58 59 64 69 76 77
 46 47 52 58 59 64 67 68 78
 46 47 52 58 59 64 67 68 76 77
 46 47 52 58 59 64 66 69 78
 46 47 52 58 59 64 66 69 76 77
 46 47 52 58 59 64 66 67 68 78
 46 47 52 58 59 64 66 67 68 76 77
 46 47 52 57 58 64 69 78
 46 47 52 57 58 64 69 76 77
 46 47 52 57 58 64 67 68 78
 46 47 52 57 58 64 67 68 76 77
 46 47 52 57 58 64 66 69 78
 46 47 52 57 58 64 66 69 76 77
 46 47 52 57 58 64 66 67 68 78
 46 47 52 57 58 64 66 67 68 76 77
 46 47 51 52 58 59 64 69
 46 47 51 52 58 59 64 67 68
 46 47 51 52 58 59 64 66 69
 46 47 51 52 58 59 64 66 67 68
 46 47 51 52 57 58 64 69
 46 47 51 52 57 58 64 67 68
 46 47 51 52 57 58 64 66 69
 46 47 51 52 57 58 64 66 67 68
 46 47 50 51 58 59 64 69
 46 47 50 51 58 59 64 69 78
 46 47 50 51 58 59 64 69 76 77
 46 47 50 51 58 59 64 67 68
 46 47 50 51 58 59 64 67 68 78
 46 47 50 51 58 59 64 67 68 76 77
 46 47 50 51 58 59 64 66 69
 46 47 50 51 58 59 64 66 69 78
 46 47 50 51 58 59 64 66 69 76 77
 46 47 50 51 58 59 64 66 67 68
 46 47 50 51 58 59 64 66 67 68 78
 46 47 50 51 58 59 64 66 67 68 76 77
 46 47 50 51 57 58 64 69
 46 47 50 51 57 58 64 69 78
 46 47 50 51 57 58 64 69 76 77
 46 47 50 51 57 58 64 67 68
 46 47 50 51 57 58 64 67 68 78
 46 47 50 51 57 58 64 67 68 76 77
 46 47 50 51 57 58 64 66 69
 46 47 50 51 57 58 64 66 69 78
 46 47 50 51 57 58 64 66 69 76 77
 46 47 50 51 57 58 64 66 67 68
 46 47 50 51 57 58 64 66 67 68 78
 46 47 50 51 57 58 64 66 67 68 76 77
 45 68 69 78
 45 68 69 76 77
 45 67 68 78
 45 67 68 76 77
 45 54 78
 45 54 76 77
 45 54 69 78
 45 54 69 76 77
 45 54 68 78
 45 54 68 76 77
 45 54 68 69 78
 45 54 68 69 76 77
 45 52 53 78
 45 52 53 76 77
 45 52 53 69 78
 45 52 53 69 76 77
 45 52 53 68 78
 45 52 53 68 76 77
 45 52 53 68 69 78
 45 52 53 68 69 76 77
 45 51 68 69
 45 51 67 68
 45 51 54
 45 51 54 69
 45 51 54 68
 45 51 54 68 69
 45 51 52 53
 45 51 52 53 69
 45 51 52 53 68
 45 51 52 53 68 69
 44 59
 44 59 68 74
 44 59 68 72 73
 44 59 61 63 69
 44 59 61 63 67 68
 44 59 61 62 69
 44 59 61 62 67 68
 44 59 60 63 69
 44 59 60 63 67 68
 44 59 60 61 62 69
 44 59 60 61 62 67 68
 44 57 58
 44 57 58 68 74
 44 57 58 68 72 73
 44 57 58 61 63 69
 44 57 58 61 63 67 68
 44 57 58 61 62 69
 44 57 58 61 62 67 68
 44 57 58 59 60 63 69
 44 57 58 59 60 63 67 68
 44 57 58 59 60 61 62 69
 44 57 58 59 60 61 62 67 68
 44 47 59 68
 44 47 57 58 68
 42 78
 42 76 77
 42 68 72 78
 42 68 72 76 77
 42 68 70 71 78
 42 68 70 71 76 77
 42 63 78
 42 63 76 77
 42 61 78
 42 61 76 77
 42 61 63 78
 42 61 63 76 77
 42 60 78
 42 60 76 77
 42 60 63 78
 42 60 63 76 77
 42 60 61 62 78
 42 60 61 62 76 77
 42 59 63
 42 59 61 63 71
 42 59 61 63 69 70
 42 59 61 62
 42 59 61 62 71
 42 59 61 62 69 70
 42 59 60 78
 42 59 60 76 77
 42 59 60 63 78
 42 59 60 63 76 77
 42 59 60 63 71
 42 59 60 63 69 70
 42 59 60 61 62 78
 42 59 60 61 62 76 77
 42 59 60 61 62 71
 42 59 60 61 62 69 70
 42 58 59 61 63
 42 58 59 61 62
 42 58 59 60 63
 42 58 59 60 61 62
 42 57 58 63
 42 57 58 61 63
 42 57 58 61 63 71
 42 57 58 61 63 69 70
 42 57 58 61 62 71
 42 57 58 61 62 69 70
 42 57 58 59 60 63
 42 57 58 59 60 63 71
 42 57 58 59 60 63 69 70
 42 57 58 59 60 61 62
 42 57 58 59 60 61 62 71
 42 57 58 59 60 61 62 69 70
 42 54 72 78
 42 54 72 76 77
 42 54 70 71 78
 42 54 70 71 76 77
 42 54 68 72 78
 42 54 68 72 76 77
 42 54 68 70 71 78
 42 54 68 70 71 76 77
 42 52 53 72 78
 42 52 53 72 76 77
 42 52 53 70 71 78
 42 52 53 70 71 76 77
 42 52 53 68 72 78
 42 52 53 68 72 76 77
 42 52 53 68 70 71 78
 42 52 53 68 70 71 76 77
 42 51
 42 51 68 72
 42 51 68 70 71
 42 51 63
 42 51 61
 42 51 61 63
 42 51 60
 42 51 60 63
 42 51 60 61 62
 42 51 59 60
 42 51 59 60 63
 42 51 59 60 61 62
 42 51 54 72
 42 51 54 70 71
 42 51 54 68 72
 42 51 54 68 70 71
 42 51 52 53 72
 42 51 52 53 70 71
 42 51 52 53 68 72
 42 51 52 53 68 70 71
 42 48 52 58 59 64 78
 42 48 52 58 59 64 76 77
 42 48 52 58 59 64 66 78
 42 48 52 58 59 64 66 76 77
 42 48 52 57 58 64 78
 42 48 52 57 58 64 76 77
 42 48 52 57 58 64 66 78
 42 48 52 57 58 64 66 76 77
 42 48 51 52 58 59 64
 42 48 51 52 58 59 64 66
 42 48 51 52 57 58 64
 42 48 51 52 57 58 64 66
 42 48 50 51 58 59 64
 42 48 50 51 58 59 64 78
 42 48 50 51 58 59 64 76 77
 42 48 50 51 58 59 64 66
 42 48 50 51 58 59 64 66 78
 42 48 50 51 58 59 64 66 76 77
 42 48 50 51 57 58 64
 42 48 50 51 57 58 64 78
 42 48 50 51 57 58 64 76 77
 42 48 50 51 57 58 64 66
 42 48 50 51 57 58 64 66 78
 42 48 50 51 57 58 64 66 76 77
 42 46 47 52 58 59 64 78
 42 46 47 52 58 59 64 76 77
 42 46 47 52 58 59 64 66 78
 42 46 47 52 58 59 64 66 76 77
 42 46 47 52 57 58 64 78
 42 46 47 52 57 58 64 76 77
 42 46 47 52 57 58 64 66 78
 42 46 47 52 57 58 64 66 76 77
 42 46 47 51 52 58 59 64
 42 46 47 51 52 58 59 64 66
 42 46 47 51 52 57 58 64
 42 46 47 51 52 57 58 64 66
 42 46 47 50 51 58 59 64
 42 46 47 50 51 58 59 64 78
 42 46 47 50 51 58 59 64 76 77
 42 46 47 50 51 58 59 64 66
 42 46 47 50 51 58 59 64 66 78
 42 46 47 50 51 58 59 64 66 76 77
 42 46 47 50 51 57 58 64
 42 46 47 50 51 57 58 64 78
 42 46 47 50 51 57 58 64 76 77
 42 46 47 50 51 57 58 64 66
 42 46 47 50 51 57 58 64 66 78
 42 46 47 50 51 57 58 64 66 76 77
 42 45 68 78
 42 45 68 76 77
 42 45 54 78
 42 45 54 76 77
 42 45 54 68 78
 42 45 54 68 76 77
 42 45 52 53 78
 42 45 52 53 76 77
 42 45 52 53 68 78
 42 45 52 53 68 76 77
 42 45 51 68
 42 45 51 54
 42 45 51 54 68
 42 45 51 52 53
 42 45 51 52 53 68
 42 44 59 61 63
 42 44 59 61 62
 42 44 59 60 63
 42 44 59 60 61 62
 42 44 57 58 61 63
 42 44 57 58 61 62
 42 44 57 58 59 60 63
 42 44 57 58 59 60 61 62
 36 69 78
 36 69 76 77
 36 67 68 78
 36 67 68 76 77
 36 61 69 78
 36 61 69 76 77
 36 61 67 68 78
 36 61 67 68 76 77
 36 60 69 78
 36 60 69 76 77
 36 60 67 68 78
 36 60 67 68 76 77
 36 59 69
 36 59 67 68
 36 59 61 69 71
 36 59 61 69 70
 36 59 61 67 68 71
 36 59 61 67 68 69 70
 36 59 60 69 78
 36 59 60 69 76 77
 36 59 60 69 71
 36 59 60 69 70
 36 59 60 67 68 78
 36 59 60 67 68 76 77
 36 59 60 67 68 71
 36 59 60 67 68 69 70
 36 58 59 61 69
 36 58 59 61 67 68
 36 58 59 60 69
 36 58 59 60 67 68
 36 57 58 69
 36 57 58 67 68
 36 57 58 61 69
 36 57 58 61 69 71
 36 57 58 61 69 70
 36 57 58 61 67 68
 36 57 58 61 67 68 71
 36 57 58 61 67 68 69 70
 36 57 58 59 60 69
 36 57 58 59 60 69 71
 36 57 58 59 60 69 70
 36 57 58 59 60 67 68
 36 57 58 59 60 67 68 71
 36 57 58 59 60 67 68 69 70
 36 51 69
 36 51 67 68
 36 51 61 69
 36 51 61 67 68
 36 51 60 69
 36 51 60 67 68
 36 51 59 60 69
 36 51 59 60 67 68
 36 44 59 61 69
 36 44 59 61 67 68
 36 44 59 60 69
 36 44 59 60 67 68
 36 44 57 58 61 69
 36 44 57 58 61 67 68
 36 44 57 58 59 60 69
 36 44 57 58 59 60 67 68
 36 42 78
 36 42 76 77
 36 42 61 78
 36 42 61 76 77
 36 42 60 78
 36 42 60 76 77
 36 42 59
 36 42 59 61 71
 36 42 59 61 69 70
 36 42 59 60 78
 36 42 59 60 76 77
 36 42 59 60 71
 36 42 59 60 69 70
 36 42 58 59 61
 36 42 58 59 60
 36 42 57 58
 36 42 57 58 61
 36 42 57 58 61 71
 36 42 57 58 61 69 70
 36 42 57 58 59 60
 36 42 57 58 59 60 71
 36 42 57 58 59 60 69 70
 36 42 51
 36 42 51 61
 36 42 51 60
 36 42 51 59 60
 36 42 44 59 61
 36 42 44 59 60
 36 42 44 57 58 61
 36 42 44 57 58 59 60
 34 69 78
 34 69 76 77
 34 67 68 78
 34 67 68 76 77
 34 63 69 78
 34 63 69 76 77
 34 63 67 68 78
 34 63 67 68 76 77
 34 61 62 69 78
 34 61 62 69 76 77
 34 61 62 67 68 78
 34 61 62 67 68 76 77
 34 59 63 69 71
 34 59 63 69 70
 34 59 63 67 68 71
 34 59 63 67 68 69 70
 34 59 61 62 69 71
 34 59 61 62 69 70
 34 59 61 62 67 68 71
 34 59 61 62 67 68 69 70
 34 58 59 63 69
 34 58 59 63 67 68
 34 58 59 61 62 69
 34 58 59 61 62 67 68
 34 57 58 63 69
 34 57 58 63 69 71
 34 57 58 63 69 70
 34 57 58 63 67 68
 34 57 58 63 67 68 71
 34 57 58 63 67 68 69 70
 34 57 58 61 62 69
 34 57 58 61 62 69 71
 34 57 58 61 62 69 70
 34 57 58 61 62 67 68
 34 57 58 61 62 67 68 71
 34 57 58 61 62 67 68 69 70
 34 51 69
 34 51 67 68
 34 51 63 69
 34 51 63 67 68
 34 51 61 62 69
 34 51 61 62 67 68
 34 44 59 63 69
 34 44 59 63 67 68
 34 44 59 61 62 69
 34 44 59 61 62 67 68
 34 44 57 58 63 69
 34 44 57 58 63 67 68
 34 44 57 58 61 62 69
 34 44 57 58 61 62 67 68
 34 42 78
 34 42 76 77
 34 42 63 78
 34 42 63 76 77
 34 42 61 62 78
 34 42 61 62 76 77
 34 42 59 63 71
 34 42 59 63 69 70
 34 42 59 61 62 71
 34 42 59 61 62 69 70
 34 42 58 59 63
 34 42 58 59 61 62
 34 42 57 58 63
 34 42 57 58 63 71
 34 42 57 58 63 69 70
 34 42 57 58 61 62
 34 42 57 58 61 62 71
 34 42 57 58 61 62 69 70
 34 42 51
 34 42 51 63
 34 42 51 61 62
 34 42 44 59 63
 34 42 44 59 61 62
 34 42 44 57 58 63
 34 42 44 57 58 61 62
 34 36 69 78
 34 36 69 76 77
 34 36 67 68 78
 34 36 67 68 76 77
 34 36 59 69 71
 34 36 59 69 70
 34 36 59 67 68 71
 34 36 59 67 68 69 70
 34 36 58 59 69
 34 36 58 59 67 68
 34 36 57 58 69
 34 36 57 58 69 71
 34 36 57 58 69 70
 34 36 57 58 67 68
 34 36 57 58 67 68 71
 34 36 57 58 67 68 69 70
 34 36 51 69
 34 36 51 67 68
 34 36 44 59 69
 34 36 44 59 67 68
 34 36 44 57 58 69
 34 36 44 57 58 67 68
 34 36 42 78
 34 36 42 76 77
 34 36 42 59 71
 34 36 42 59 69 70
 34 36 42 58 59
 34 36 42 57 58
 34 36 42 57 58 71
 34 36 42 57 58 69 70
 34 36 42 51
 34 36 42 44 59
 34 36 42 44 57 58
 33 39 46 60 63 74
 33 39 46 60 63 72 73
 33 39 46 60 63 64 74
 33 39 46 60 63 64 72 73
 33 39 46 60 63 64 68 74
 33 39 46 60 63 64 68 72 73
 33 39 46 60 61 62 74
 33 39 46 60 61 62 72 73
 33 39 46 60 61 62 64 74
 33 39 46 60 61 62 64 72 73
 33 39 46 60 61 62 64 68 74
 33 39 46 60 61 62 64 68 72 73
 33 39 46 57 59 63
 33 39 46 57 59 61 62
 33 39 46 57 58 63
 33 39 46 57 58 61 62
 33 39 46 47 60 63
 33 39 46 47 60 63 64
 33 39 46 47 60 63 64 68
 33 39 46 47 60 61 62
 33 39 46 47 60 61 62 64
 33 39 46 47 60 61 62 64 68
 33 39 44 45 60 63 74
 33 39 44 45 60 63 72 73
 33 39 44 45 60 63 64 74
 33 39 44 45 60 63 64 72 73
 33 39 44 45 60 63 64 68 74
 33 39 44 45 60 63 64 68 72 73
 33 39 44 45 60 61 62 74
 33 39 44 45 60 61 62 72 73
 33 39 44 45 60 61 62 64 74
 33 39 44 45 60 61 62 64 72 73
 33 39 44 45 60 61 62 64 68 74
 33 39 44 45 60 61 62 64 68 72 73
 33 39 44 45 57 59 63
 33 39 44 45 57 59 61 62
 33 39 44 45 57 58 63
 33 39 44 45 57 58 61 62
 33 39 44 45 47 60 63
 33 39 44 45 47 60 63 64
 33 39 44 45 47 60 63 64 68
 33 39 44 45 47 60 61 62
 33 39 44 45 47 60 61 62 64
 33 39 44 45 47 60 61 62 64 68
 33 37 38 46 60 63 74
 33 37 38 46 60 63 72 73
 33 37 38 46 60 63 64 74
 33 37 38 46 60 63 64 72 73
 33 37 38 46 60 63 64 68 74
 33 37 38 46 60 63 64 68 72 73
 33 37 38 46 60 61 62 74
 33 37 38 46 60 61 62 72 73
 33 37 38 46 60 61 62 64 74
 33 37 38 46 60 61 62 64 72 73
 33 37 38 46 60 61 62 64 68 74
 33 37 38 46 60 61 62 64 68 72 73
 33 37 38 46 57 59 63
 33 37 38 46 57 59 61 62
 33 37 38 46 57 58 63
 33 37 38 46 57 58 61 62
 33 37 38 46 47 60 63
 33 37 38 46 47 60 63 64
 33 37 38 46 47 60 63 64 68
 33 37 38 46 47 60 61 62
 33 37 38 46 47 60 61 62 64
 33 37 38 46 47 60 61 62 64 68
 33 37 38 44 45 60 63 74
 33 37 38 44 45 60 63 72 73
 33 37 38 44 45 60 63 64 74
 33 37 38 44 45 60 63 64 72 73
 33 37 38 44 45 60 63 64 68 74
 33 37 38 44 45 60 63 64 68 72 73
 33 37 38 44 45 60 61 62 74
 33 37 38 44 45 60 61 62 72 73
 33 37 38 44 45 60 61 62 64 74
 33 37 38 44 45 60 61 62 64 72 73
 33 37 38 44 45 60 61 62 64 68 74
 33 37 38 44 45 60 61 62 64 68 72 73
 33 37 38 44 45 57 59 63
 33 37 38 44 45 57 59 61 62
 33 37 38 44 45 57 58 63
 33 37 38 44 45 57 58 61 62
 33 37 38 44 45 47 60 63
 33 37 38 44 45 47 60 63 64
 33 37 38 44 45 47 60 63 64 68
 33 37 38 44 45 47 60 61 62
 33 37 38 44 45 47 60 61 62 64
 33 37 38 44 45 47 60 61 62 64 68
 33 36 39 46 60 74
 33 36 39 46 60 72 73
 33 36 39 46 60 64 74
 33 36 39 46 60 64 72 73
 33 36 39 46 60 64 68 74
 33 36 39 46 60 64 68 72 73
 33 36 39 46 57 59
 33 36 39 46 57 58
 33 36 39 46 47 60
 33 36 39 46 47 60 64
 33 36 39 46 47 60 64 68
 33 36 39 44 45 60 74
 33 36 39 44 45 60 72 73
 33 36 39 44 45 60 64 74
 33 36 39 44 45 60 64 72 73
 33 36 39 44 45 60 64 68 74
 33 36 39 44 45 60 64 68 72 73
 33 36 39 44 45 57 59
 33 36 39 44 45 57 58
 33 36 39 44 45 47 60
 33 36 39 44 45 47 60 64
 33 36 39 44 45 47 60 64 68
 33 36 37 38 46 60 74
 33 36 37 38 46 60 72 73
 33 36 37 38 46 60 64 74
 33 36 37 38 46 60 64 72 73
 33 36 37 38 46 60 64 68 74
 33 36 37 38 46 60 64 68 72 73
 33 36 37 38 46 57 59
 33 36 37 38 46 57 58
 33 36 37 38 46 47 60
 33 36 37 38 46 47 60 64
 33 36 37 38 46 47 60 64 68
 33 36 37 38 44 45 60 74
 33 36 37 38 44 45 60 72 73
 33 36 37 38 44 45 60 64 74
 33 36 37 38 44 45 60 64 72 73
 33 36 37 38 44 45 60 64 68 74
 33 36 37 38 44 45 60 64 68 72 73
 33 36 37 38 44 45 57 59
 33 36 37 38 44 45 57 58
 33 36 37 38 44 45 47 60
 33 36 37 38 44 45 47 60 64
 33 36 37 38 44 45 47 60 64 68
 32
 32 71
 32 69 70
 32 68 74
 32 68 72 73
 32 68 71 74
 32 68 71 72 73
 32 68 69 70 74
 32 68 69 70 72 73
 32 63 69
 32 63 67 68
 32 61 63 69
 32 61 63 69 71
 32 61 63 69 70
 32 61 63 67 68
 32 61 63 67 68 71
 32 61 63 67 68 69 70
 32 61 62 69 71
 32 61 62 69 70
 32 61 62 67 68 71
 32 61 62 67 68 69 70
 32 59
 32 59 68 74
 32 59 68 72 73
 32 59 61 63 69
 32 59 61 63 67 68
 32 59 61 62 69
 32 59 61 62 67 68
 32 59 60 63 69 71
 32 59 60 63 69 70
 32 59 60 63 67 68 71
 32 59 60 63 67 68 69 70
 32 59 60 61 62 69 71
 32 59 60 61 62 69 70
 32 59 60 61 62 67 68 71
 32 59 60 61 62 67 68 69 70
 32 58
 32 58 68 74
 32 58 68 72 73
 32 58 61 63 69
 32 58 61 63 67 68
 32 58 61 62 69
 32 58 61 62 67 68
 32 58 59 60 63 69
 32 58 59 60 63 67 68
 32 58 59 60 61 62 69
 32 58 59 60 61 62 67 68
 32 57 58
 32 57 58 68 74
 32 57 58 68 72 73
 32 57 58 61 63 69
 32 57 58 61 63 67 68
 32 57 58 61 62 69
 32 57 58 61 62 67 68
 32 57 58 59 60 63 69
 32 57 58 59 60 63 67 68
 32 57 58 59 60 61 62 69
 32 57 58 59 60 61 62 67 68
 32 48 52 58 64 69 78
 32 48 52 58 64 69 76 77
 32 48 52 58 64 67 68 78
 32 48 52 58 64 67 68 76 77
 32 48 52 58 64 66 69 78
 32 48 52 58 64 66 69 76 77
 32 48 52 58 64 66 67 68 78
 32 48 52 58 64 66 67 68 76 77
 32 48 51 52 58 64 69
 32 48 51 52 58 64 67 68
 32 48 51 52 58 64 66 69
 32 48 51 52 58 64 66 67 68
 32 48 50 51 58 64 69
 32 48 50 51 58 64 69 78
 32 48 50 51 58 64 69 76 77
 32 48 50 51 58 64 67 68
 32 48 50 51 58 64 67 68 78
 32 48 50 51 58 64 67 68 76 77
 32 48 50 51 58 64 66 69
 32 48 50 51 58 64 66 69 78
 32 48 50 51 58 64 66 69 76 77
 32 48 50 51 58 64 66 67 68
 32 48 50 51 58 64 66 67 68 78
 32 48 50 51 58 64 66 67 68 76 77
 32 47 68
 32 47 68 71
 32 47 68 69 70
 32 47 59 68
 32 47 58 68
 32 47 57 58 68
 32 46 47 52 58 64 69 78
 32 46 47 52 58 64 69 76 77
 32 46 47 52 58 64 67 68 78
 32 46 47 52 58 64 67 68 76 77
 32 46 47 52 58 64 66 69 78
 32 46 47 52 58 64 66 69 76 77
 32 46 47 52 58 64 66 67 68 78
 32 46 47 52 58 64 66 67 68 76 77
 32 46 47 51 52 58 64 69
 32 46 47 51 52 58 64 67 68
 32 46 47 51 52 58 64 66 69
 32 46 47 51 52 58 64 66 67 68
 32 46 47 50 51 58 64 69
 32 46 47 50 51 58 64 69 78
 32 46 47 50 51 58 64 69 76 77
 32 46 47 50 51 58 64 67 68
 32 46 47 50 51 58 64 67 68 78
 32 46 47 50 51 58 64 67 68 76 77
 32 46 47 50 51 58 64 66 69
 32 46 47 50 51 58 64 66 69 78
 32 46 47 50 51 58 64 66 69 76 77
 32 46 47 50 51 58 64 66 67 68
 32 46 47 50 51 58 64 66 67 68 78
 32 46 47 50 51 58 64 66 67 68 76 77
 32 44
 32 44 68 74
 32 44 68 72 73
 32 44 61 63 69
 32 44 61 63 67 68
 32 44 61 62 69
 32 44 61 62 67 68
 32 44 59 60 63 69
 32 44 59 60 63 67 68
 32 44 59 60 61 62 69
 32 44 59 60 61 62 67 68
 32 44 47 68
 32 42 63
 32 42 61 63
 32 42 61 63 71
 32 42 61 63 69 70
 32 42 61 62 71
 32 42 61 62 69 70
 32 42 59 61 63
 32 42 59 61 62
 32 42 59 60 63 71
 32 42 59 60 63 69 70
 32 42 59 60 61 62 71
 32 42 59 60 61 62 69 70
 32 42 58 61 63
 32 42 58 61 62
 32 42 58 59 60 63
 32 42 58 59 60 61 62
 32 42 57 58 61 63
 32 42 57 58 61 62
 32 42 57 58 59 60 63
 32 42 57 58 59 60 61 62
 32 42 48 52 58 64 78
 32 42 48 52 58 64 76 77
 32 42 48 52 58 64 66 78
 32 42 48 52 58 64 66 76 77
 32 42 48 51 52 58 64
 32 42 48 51 52 58 64 66
 32 42 48 50 51 58 64
 32 42 48 50 51 58 64 78
 32 42 48 50 51 58 64 76 77
 32 42 48 50 51 58 64 66
 32 42 48 50 51 58 64 66 78
 32 42 48 50 51 58 64 66 76 77
 32 42 46 47 52 58 64 78
 32 42 46 47 52 58 64 76 77
 32 42 46 47 52 58 64 66 78
 32 42 46 47 52 58 64 66 76 77
 32 42 46 47 51 52 58 64
 32 42 46 47 51 52 58 64 66
 32 42 46 47 50 51 58 64
 32 42 46 47 50 51 58 64 78
 32 42 46 47 50 51 58 64 76 77
 32 42 46 47 50 51 58 64 66
 32 42 46 47 50 51 58 64 66 78
 32 42 46 47 50 51 58 64 66 76 77
 32 42 44 61 63
 32 42 44 61 62
 32 42 44 59 60 63
 32 42 44 59 60 61 62
 32 36 69
 32 36 67 68
 32 36 61 69
 32 36 61 69 71
 32 36 61 69 70
 32 36 61 67 68
 32 36 61 67 68 71
 32 36 61 67 68 69 70
 32 36 59 61 69
 32 36 59 61 67 68
 32 36 59 60 69 71
 32 36 59 60 69 70
 32 36 59 60 67 68 71
 32 36 59 60 67 68 69 70
 32 36 58 61 69
 32 36 58 61 67 68
 32 36 58 59 60 69
 32 36 58 59 60 67 68
 32 36 57 58 61 69
 32 36 57 58 61 67 68
 32 36 57 58 59 60 69
 32 36 57 58 59 60 67 68
 32 36 44 61 69
 32 36 44 61 67 68
 32 36 44 59 60 69
 32 36 44 59 60 67 68
 32 36 42
 32 36 42 61
 32 36 42 61 71
 32 36 42 61 69 70
 32 36 42 59 61
 32 36 42 59 60 71
 32 36 42 59 60 69 70
 32 36 42 58 61
 32 36 42 58 59 60
 32 36 42 57 58 61
 32 36 42 57 58 59 60
 32 36 42 44 61
 32 36 42 44 59 60
 32 34 63 69
 32 34 63 69 71
 32 34 63 69 70
 32 34 63 67 68
 32 34 63 67 68 71
 32 34 63 67 68 69 70
 32 34 61 62 69
 32 34 61 62 69 71
 32 34 61 62 69 70
 32 34 61 62 67 68
 32 34 61 62 67 68 71
 32 34 61 62 67 68 69 70
 32 34 59 63 69
 32 34 59 63 67 68
 32 34 59 61 62 69
 32 34 59 61 62 67 68
 32 34 58 63 69
 32 34 58 63 67 68
 32 34 58 61 62 69
 32 34 58 61 62 67 68
 32 34 57 58 63 69
 32 34 57 58 63 67 68
 32 34 57 58 61 62 69
 32 34 57 58 61 62 67 68
 32 34 44 63 69
 32 34 44 63 67 68
 32 34 44 61 62 69
 32 34 44 61 62 67 68
 32 34 42 63
 32 34 42 63 71
 32 34 42 63 69 70
 32 34 42 61 62
 32 34 42 61 62 71
 32 34 42 61 62 69 70
 32 34 42 59 63
 32 34 42 59 61 62
 32 34 42 58 63
 32 34 42 58 61 62
 32 34 42 57 58 63
 32 34 42 57 58 61 62
 32 34 42 44 63
 32 34 42 44 61 62
 32 34 36 69
 32 34 36 69 71
 32 34 36 69 70
 32 34 36 67 68
 32 34 36 67 68 71
 32 34 36 67 68 69 70
 32 34 36 59 69
 32 34 36 59 67 68
 32 34 36 58 69
 32 34 36 58 67 68
 32 34 36 57 58 69
 32 34 36 57 58 67 68
 32 34 36 44 69
 32 34 36 44 67 68
 32 34 36 42
 32 34 36 42 71
 32 34 36 42 69 70
 32 34 36 42 59
 32 34 36 42 58
 32 34 36 42 57 58
 32 34 36 42 44
 32 33 39 46 57 63
 32 33 39 46 57 61 62
 32 33 39 44 45 57 63
 32 33 39 44 45 57 61 62
 32 33 37 38 46 57 63
 32 33 37 38 46 57 61 62
 32 33 37 38 44 45 57 63
 32 33 37 38 44 45 57 61 62
 32 33 36 39 46 57
 32 33 36 39 44 45 57
 32 33 36 37 38 46 57
 32 33 36 37 38 44 45 57
 31 32 39 46 60 63 74
 31 32 39 46 60 63 72 73
 31 32 39 46 60 63 64 74
 31 32 39 46 60 63 64 72 73
 31 32 39 46 60 63 64 68 74
 31 32 39 46 60 63 64 68 72 73
 31 32 39 46 60 61 62 74
 31 32 39 46 60 61 62 72 73
 31 32 39 46 60 61 62 64 74
 31 32 39 46 60 61 62 64 72 73
 31 32 39 46 60 61 62 64 68 74
 31 32 39 46 60 61 62 64 68 72 73
 31 32 39 46 57 63
 31 32 39 46 57 61 62
 31 32 39 46 57 59 63
 31 32 39 46 57 59 61 62
 31 32 39 46 57 58 63
 31 32 39 46 57 58 61 62
 31 32 39 46 47 60 63
 31 32 39 46 47 60 63 64
 31 32 39 46 47 60 63 64 68
 31 32 39 46 47 60 61 62
 31 32 39 46 47 60 61 62 64
 31 32 39 46 47 60 61 62 64 68
 31 32 39 44 45 60 63 74
 31 32 39 44 45 60 63 72 73
 31 32 39 44 45 60 63 64 74
 31 32 39 44 45 60 63 64 72 73
 31 32 39 44 45 60 63 64 68 74
 31 32 39 44 45 60 63 64 68 72 73
 31 32 39 44 45 60 61 62 74
 31 32 39 44 45 60 61 62 72 73
 31 32 39 44 45 60 61 62 64 74
 31 32 39 44 45 60 61 62 64 72 73
 31 32 39 44 45 60 61 62 64 68 74
 31 32 39 44 45 60 61 62 64 68 72 73
 31 32 39 44 45 57 63
 31 32 39 44 45 57 61 62
 31 32 39 44 45 57 59 63
 31 32 39 44 45 57 59 61 62
 31 32 39 44 45 57 58 63
 31 32 39 44 45 57 58 61 62
 31 32 39 44 45 47 60 63
 31 32 39 44 45 47 60 63 64
 31 32 39 44 45 47 60 63 64 68
 31 32 39 44 45 47 60 61 62
 31 32 39 44 45 47 60 61 62 64
 31 32 39 44 45 47 60 61 62 64 68
 31 32 37 38 46 60 63 74
 31 32 37 38 46 60 63 72 73
 31 32 37 38 46 60 63 64 74
 31 32 37 38 46 60 63 64 72 73
 31 32 37 38 46 60 63 64 68 74
 31 32 37 38 46 60 63 64 68 72 73
 31 32 37 38 46 60 61 62 74
 31 32 37 38 46 60 61 62 72 73
 31 32 37 38 46 60 61 62 64 74
 31 32 37 38 46 60 61 62 64 72 73
 31 32 37 38 46 60 61 62 64 68 74
 31 32 37 38 46 60 61 62 64 68 72 73
 31 32 37 38 46 57 63
 31 32 37 38 46 57 61 62
 31 32 37 38 46 57 59 63
 31 32 37 38 46 57 59 61 62
 31 32 37 38 46 57 58 63
 31 32 37 38 46 57 58 61 62
 31 32 37 38 46 47 60 63
 31 32 37 38 46 47 60 63 64
 31 32 37 38 46 47 60 63 64 68
 31 32 37 38 46 47 60 61 62
 31 32 37 38 46 47 60 61 62 64
 31 32 37 38 46 47 60 61 62 64 68
 31 32 37 38 44 45 60 63 74
 31 32 37 38 44 45 60 63 72 73
 31 32 37 38 44 45 60 63 64 74
 31 32 37 38 44 45 60 63 64 72 73
 31 32 37 38 44 45 60 63 64 68 74
 31 32 37 38 44 45 60 63 64 68 72 73
 31 32 37 38 44 45 60 61 62 74
 31 32 37 38 44 45 60 61 62 72 73
 31 32 37 38 44 45 60 61 62 64 74
 31 32 37 38 44 45 60 61 62 64 72 73
 31 32 37 38 44 45 60 61 62 64 68 74
 31 32 37 38 44 45 60 61 62 64 68 72 73
 31 32 37 38 44 45 57 63
 31 32 37 38 44 45 57 61 62
 31 32 37 38 44 45 57 59 63
 31 32 37 38 44 45 57 59 61 62
 31 32 37 38 44 45 57 58 63
 31 32 37 38 44 45 57 58 61 62
 31 32 37 38 44 45 47 60 63
 31 32 37 38 44 45 47 60 63 64
 31 32 37 38 44 45 47 60 63 64 68
 31 32 37 38 44 45 47 60 61 62
 31 32 37 38 44 45 47 60 61 62 64
 31 32 37 38 44 45 47 60 61 62 64 68
 31 32 36 39 46 60 74
 31 32 36 39 46 60 72 73
 31 32 36 39 46 60 64 74
 31 32 36 39 46 60 64 72 73
 31 32 36 39 46 60 64 68 74
 31 32 36 39 46 60 64 68 72 73
 31 32 36 39 46 57
 31 32 36 39 46 57 59
 31 32 36 39 46 57 58
 31 32 36 39 46 47 60
 31 32 36 39 46 47 60 64
 31 32 36 39 46 47 60 64 68
 31 32 36 39 44 45 60 74
 31 32 36 39 44 45 60 72 73
 31 32 36 39 44 45 60 64 74
 31 32 36 39 44 45 60 64 72 73
 31 32 36 39 44 45 60 64 68 74
 31 32 36 39 44 45 60 64 68 72 73
 31 32 36 39 44 45 57
 31 32 36 39 44 45 57 59
 31 32 36 39 44 45 57 58
 31 32 36 39 44 45 47 60
 31 32 36 39 44 45 47 60 64
 31 32 36 39 44 45 47 60 64 68
 31 32 36 37 38 46 60 74
 31 32 36 37 38 46 60 72 73
 31 32 36 37 38 46 60 64 74
 31 32 36 37 38 46 60 64 72 73
 31 32 36 37 38 46 60 64 68 74
 31 32 36 37 38 46 60 64 68 72 73
 31 32 36 37 38 46 57
 31 32 36 37 38 46 57 59
 31 32 36 37 38 46 57 58
 31 32 36 37 38 46 47 60
 31 32 36 37 38 46 47 60 64
 31 32 36 37 38 46 47 60 64 68
 31 32 36 37 38 44 45 60 74
 31 32 36 37 38 44 45 60 72 73
 31 32 36 37 38 44 45 60 64 74
 31 32 36 37 38 44 45 60 64 72 73
 31 32 36 37 38 44 45 60 64 68 74
 31 32 36 37 38 44 45 60 64 68 72 73
 31 32 36 37 38 44 45 57
 31 32 36 37 38 44 45 57 59
 31 32 36 37 38 44 45 57 58
 31 32 36 37 38 44 45 47 60
 31 32 36 37 38 44 45 47 60 64
 31 32 36 37 38 44 45 47 60 64 68
 27 72 78
 27 72 76 77
 27 70 71 78
 27 70 71 76 77
 27 69 72 78
 27 69 72 76 77
 27 69 70 71 78
 27 69 70 71 76 77
 27 68 72 78
 27 68 72 76 77
 27 68 70 71 78
 27 68 70 71 76 77
 27 68 69 72 78
 27 68 69 72 76 77
 27 68 69 70 71 78
 27 68 69 70 71 76 77
 27 51 72
 27 51 70 71
 27 51 69 72
 27 51 69 70 71
 27 51 68 72
 27 51 68 70 71
 27 51 68 69 72
 27 51 68 69 70 71
 27 45 78
 27 45 76 77
 27 45 69 78
 27 45 69 76 77
 27 45 68 78
 27 45 68 76 77
 27 45 68 69 78
 27 45 68 69 76 77
 27 45 51
 27 45 51 69
 27 45 51 68
 27 45 51 68 69
 27 42 72 78
 27 42 72 76 77
 27 42 70 71 78
 27 42 70 71 76 77
 27 42 68 72 78
 27 42 68 72 76 77
 27 42 68 70 71 78
 27 42 68 70 71 76 77
 27 42 51 72
 27 42 51 70 71
 27 42 51 68 72
 27 42 51 68 70 71
 27 42 45 78
 27 42 45 76 77
 27 42 45 68 78
 27 42 45 68 76 77
 27 42 45 51
 27 42 45 51 68
 26 74 78
 26 74 76 77
 26 72 73 78
 26 72 73 76 77
 26 69 72 78
 26 69 72 76 77
 26 69 70 71 78
 26 69 70 71 76 77
 26 67 68 72 78
 26 67 68 72 76 77
 26 67 68 70 71 78
 26 67 68 70 71 76 77
 26 59 71 74
 26 59 71 72 73
 26 59 69 70 74
 26 59 69 70 72 73
 26 58 59 74
 26 58 59 72 73
 26 57 58 74
 26 57 58 72 73
 26 57 58 71 74
 26 57 58 71 72 73
 26 57 58 69 70 74
 26 57 58 69 70 72 73
 26 54 72 78
 26 54 72 76 77
 26 54 70 71 78
 26 54 70 71 76 77
 26 54 69 72 78
 26 54 69 72 76 77
 26 54 69 70 71 78
 26 54 69 70 71 76 77
 26 54 67 68 72 78
 26 54 67 68 72 76 77
 26 54 67 68 70 71 78
 26 54 67 68 70 71 76 77
 26 52 53 72 78
 26 52 53 72 76 77
 26 52 53 70 71 78
 26 52 53 70 71 76 77
 26 52 53 69 72 78
 26 52 53 69 72 76 77
 26 52 53 69 70 71 78
 26 52 53 69 70 71 76 77
 26 52 53 67 68 72 78
 26 52 53 67 68 72 76 77
 26 52 53 67 68 70 71 78
 26 52 53 67 68 70 71 76 77
 26 51 74
 26 51 72 73
 26 51 69 72
 26 51 69 70 71
 26 51 67 68 72
 26 51 67 68 70 71
 26 51 54 72
 26 51 54 70 71
 26 51 54 69 72
 26 51 54 69 70 71
 26 51 54 67 68 72
 26 51 54 67 68 70 71
 26 51 52 53 72
 26 51 52 53 70 71
 26 51 52 53 69 72
 26 51 52 53 69 70 71
 26 51 52 53 67 68 72
 26 51 52 53 67 68 70 71
 26 47 78
 26 47 76 77
 26 47 59 71
 26 47 59 69 70
 26 47 58 59
 26 47 57 58
 26 47 57 58 71
 26 47 57 58 69 70
 26 47 51
 26 45 69 78
 26 45 69 76 77
 26 45 67 68 78
 26 45 67 68 76 77
 26 45 54 78
 26 45 54 76 77
 26 45 54 69 78
 26 45 54 69 76 77
 26 45 54 67 68 78
 26 45 54 67 68 76 77
 26 45 52 53 78
 26 45 52 53 76 77
 26 45 52 53 69 78
 26 45 52 53 69 76 77
 26 45 52 53 67 68 78
 26 45 52 53 67 68 76 77
 26 45 51 69
 26 45 51 67 68
 26 45 51 54
 26 45 51 54 69
 26 45 51 54 67 68
 26 45 51 52 53
 26 45 51 52 53 69
 26 45 51 52 53 67 68
 26 44 59 74
 26 44 59 72 73
 26 44 57 58 74
 26 44 57 58 72 73
 26 44 47 59
 26 44 47 57 58
 26 42 72 78
 26 42 72 76 77
 26 42 70 71 78
 26 42 70 71 76 77
 26 42 54 72 78
 26 42 54 72 76 77
 26 42 54 70 71 78
 26 42 54 70 71 76 77
 26 42 52 53 72 78
 26 42 52 53 72 76 77
 26 42 52 53 70 71 78
 26 42 52 53 70 71 76 77
 26 42 51 72
 26 42 51 70 71
 26 42 51 54 72
 26 42 51 54 70 71
 26 42 51 52 53 72
 26 42 51 52 53 70 71
 26 42 45 78
 26 42 45 76 77
 26 42 45 54 78
 26 42 45 54 76 77
 26 42 45 52 53 78
 26 42 45 52 53 76 77
 26 42 45 51
 26 42 45 51 54
 26 42 45 51 52 53
 26 33 39 46 60 63 64 74
 26 33 39 46 60 63 64 72 73
 26 33 39 46 60 61 62 64 74
 26 33 39 46 60 61 62 64 72 73
 26 33 39 46 47 60 63 64
 26 33 39 46 47 60 61 62 64
 26 33 39 44 45 60 63 64 74
 26 33 39 44 45 60 63 64 72 73
 26 33 39 44 45 60 61 62 64 74
 26 33 39 44 45 60 61 62 64 72 73
 26 33 39 44 45 47 60 63 64
 26 33 39 44 45 47 60 61 62 64
 26 33 37 38 46 60 63 64 74
 26 33 37 38 46 60 63 64 72 73
 26 33 37 38 46 60 61 62 64 74
 26 33 37 38 46 60 61 62 64 72 73
 26 33 37 38 46 47 60 63 64
 26 33 37 38 46 47 60 61 62 64
 26 33 37 38 44 45 60 63 64 74
 26 33 37 38 44 45 60 63 64 72 73
 26 33 37 38 44 45 60 61 62 64 74
 26 33 37 38 44 45 60 61 62 64 72 73
 26 33 37 38 44 45 47 60 63 64
 26 33 37 38 44 45 47 60 61 62 64
 26 33 36 39 46 60 64 74
 26 33 36 39 46 60 64 72 73
 26 33 36 39 46 47 60 64
 26 33 36 39 44 45 60 64 74
 26 33 36 39 44 45 60 64 72 73
 26 33 36 39 44 45 47 60 64
 26 33 36 37 38 46 60 64 74
 26 33 36 37 38 46 60 64 72 73
 26 33 36 37 38 46 47 60 64
 26 33 36 37 38 44 45 60 64 74
 26 33 36 37 38 44 45 60 64 72 73
 26 33 36 37 38 44 45 47 60 64
 26 32 74
 26 32 72 73
 26 32 71 74
 26 32 71 72 73
 26 32 69 70 74
 26 32 69 70 72 73
 26 32 59 74
 26 32 59 72 73
 26 32 58 74
 26 32 58 72 73
 26 32 57 58 74
 26 32 57 58 72 73
 26 32 47
 26 32 47 71
 26 32 47 69 70
 26 32 47 59
 26 32 47 58
 26 32 47 57 58
 26 32 44 74
 26 32 44 72 73
 26 32 44 47
 26 31 32 39 46 60 63 64 74
 26 31 32 39 46 60 63 64 72 73
 26 31 32 39 46 60 61 62 64 74
 26 31 32 39 46 60 61 62 64 72 73
 26 31 32 39 46 47 60 63 64
 26 31 32 39 46 47 60 61 62 64
 26 31 32 39 44 45 60 63 64 74
 26 31 32 39 44 45 60 63 64 72 73
 26 31 32 39 44 45 60 61 62 64 74
 26 31 32 39 44 45 60 61 62 64 72 73
 26 31 32 39 44 45 47 60 63 64
 26 31 32 39 44 45 47 60 61 62 64
 26 31 32 37 38 46 60 63 64 74
 26 31 32 37 38 46 60 63 64 72 73
 26 31 32 37 38 46 60 61 62 64 74
 26 31 32 37 38 46 60 61 62 64 72 73
 26 31 32 37 38 46 47 60 63 64
 26 31 32 37 38 46 47 60 61 62 64
 26 31 32 37 38 44 45 60 63 64 74
 26 31 32 37 38 44 45 60 63 64 72 73
 26 31 32 37 38 44 45 60 61 62 64 74
 26 31 32 37 38 44 45 60 61 62 64 72 73
 26 31 32 37 38 44 45 47 60 63 64
 26 31 32 37 38 44 45 47 60 61 62 64
 26 31 32 36 39 46 60 64 74
 26 31 32 36 39 46 60 64 72 73
 26 31 32 36 39 46 47 60 64
 26 31 32 36 39 44 45 60 64 74
 26 31 32 36 39 44 45 60 64 72 73
 26 31 32 36 39 44 45 47 60 64
 26 31 32 36 37 38 46 60 64 74
 26 31 32 36 37 38 46 60 64 72 73
 26 31 32 36 37 38 46 47 60 64
 26 31 32 36 37 38 44 45 60 64 74
 26 31 32 36 37 38 44 45 60 64 72 73
 26 31 32 36 37 38 44 45 47 60 64
 26 27 72 78
 26 27 72 76 77
 26 27 70 71 78
 26 27 70 71 76 77
 26 27 69 72 78
 26 27 69 72 76 77
 26 27 69 70 71 78
 26 27 69 70 71 76 77
 26 27 67 68 72 78
 26 27 67 68 72 76 77
 26 27 67 68 70 71 78
 26 27 67 68 70 71 76 77
 26 27 51 72
 26 27 51 70 71
 26 27 51 69 72
 26 27 51 69 70 71
 26 27 51 67 68 72
 26 27 51 67 68 70 71
 26 27 45 78
 26 27 45 76 77
 26 27 45 69 78
 26 27 45 69 76 77
 26 27 45 67 68 78
 26 27 45 67 68 76 77
 26 27 45 51
 26 27 45 51 69
 26 27 45 51 67 68
 26 27 42 72 78
 26 27 42 72 76 77
 26 27 42 70 71 78
 26 27 42 70 71 76 77
 26 27 42 51 72
 26 27 42 51 70 71
 26 27 42 45 78
 26 27 42 45 76 77
 26 27 42 45 51
 25 48 58 59 64 69 78
 25 48 58 59 64 69 76 77
 25 48 58 59 64 67 68 78
 25 48 58 59 64 67 68 76 77
 25 48 58 59 64 66 69 78
 25 48 58 59 64 66 69 76 77
 25 48 58 59 64 66 67 68 78
 25 48 58 59 64 66 67 68 76 77
 25 48 57 58 64 69 78
 25 48 57 58 64 69 76 77
 25 48 57 58 64 67 68 78
 25 48 57 58 64 67 68 76 77
 25 48 57 58 64 66 69 78
 25 48 57 58 64 66 69 76 77
 25 48 57 58 64 66 67 68 78
 25 48 57 58 64 66 67 68 76 77
 25 48 51 58 59 64 69
 25 48 51 58 59 64 67 68
 25 48 51 58 59 64 66 69
 25 48 51 58 59 64 66 67 68
 25 48 51 57 58 64 69
 25 48 51 57 58 64 67 68
 25 48 51 57 58 64 66 69
 25 48 51 57 58 64 66 67 68
 25 46 47 58 59 64 69 78
 25 46 47 58 59 64 69 76 77
 25 46 47 58 59 64 67 68 78
 25 46 47 58 59 64 67 68 76 77
 25 46 47 58 59 64 66 69 78
 25 46 47 58 59 64 66 69 76 77
 25 46 47 58 59 64 66 67 68 78
 25 46 47 58 59 64 66 67 68 76 77
 25 46 47 57 58 64 69 78
 25 46 47 57 58 64 69 76 77
 25 46 47 57 58 64 67 68 78
 25 46 47 57 58 64 67 68 76 77
 25 46 47 57 58 64 66 69 78
 25 46 47 57 58 64 66 69 76 77
 25 46 47 57 58 64 66 67 68 78
 25 46 47 57 58 64 66 67 68 76 77
 25 46 47 51 58 59 64 69
 25 46 47 51 58 59 64 67 68
 25 46 47 51 58 59 64 66 69
 25 46 47 51 58 59 64 66 67 68
 25 46 47 51 57 58 64 69
 25 46 47 51 57 58 64 67 68
 25 46 47 51 57 58 64 66 69
 25 46 47 51 57 58 64 66 67 68
 25 42 48 58 59 64 78
 25 42 48 58 59 64 76 77
 25 42 48 58 59 64 66 78
 25 42 48 58 59 64 66 76 77
 25 42 48 57 58 64 78
 25 42 48 57 58 64 76 77
 25 42 48 57 58 64 66 78
 25 42 48 57 58 64 66 76 77
 25 42 48 51 58 59 64
 25 42 48 51 58 59 64 66
 25 42 48 51 57 58 64
 25 42 48 51 57 58 64 66
 25 42 46 47 58 59 64 78
 25 42 46 47 58 59 64 76 77
 25 42 46 47 58 59 64 66 78
 25 42 46 47 58 59 64 66 76 77
 25 42 46 47 57 58 64 78
 25 42 46 47 57 58 64 76 77
 25 42 46 47 57 58 64 66 78
 25 42 46 47 57 58 64 66 76 77
 25 42 46 47 51 58 59 64
 25 42 46 47 51 58 59 64 66
 25 42 46 47 51 57 58 64
 25 42 46 47 51 57 58 64 66
 25 32 48 58 64 69 78
 25 32 48 58 64 69 76 77
 25 32 48 58 64 67 68 78
 25 32 48 58 64 67 68 76 77
 25 32 48 58 64 66 69 78
 25 32 48 58 64 66 69 76 77
 25 32 48 58 64 66 67 68 78
 25 32 48 58 64 66 67 68 76 77
 25 32 48 51 58 64 69
 25 32 48 51 58 64 67 68
 25 32 48 51 58 64 66 69
 25 32 48 51 58 64 66 67 68
 25 32 46 47 58 64 69 78
 25 32 46 47 58 64 69 76 77
 25 32 46 47 58 64 67 68 78
 25 32 46 47 58 64 67 68 76 77
 25 32 46 47 58 64 66 69 78
 25 32 46 47 58 64 66 69 76 77
 25 32 46 47 58 64 66 67 68 78
 25 32 46 47 58 64 66 67 68 76 77
 25 32 46 47 51 58 64 69
 25 32 46 47 51 58 64 67 68
 25 32 46 47 51 58 64 66 69
 25 32 46 47 51 58 64 66 67 68
 25 32 42 48 58 64 78
 25 32 42 48 58 64 76 77
 25 32 42 48 58 64 66 78
 25 32 42 48 58 64 66 76 77
 25 32 42 48 51 58 64
 25 32 42 48 51 58 64 66
 25 32 42 46 47 58 64 78
 25 32 42 46 47 58 64 76 77
 25 32 42 46 47 58 64 66 78
 25 32 42 46 47 58 64 66 76 77
 25 32 42 46 47 51 58 64
 25 32 42 46 47 51 58 64 66
 24 25 74 78
 24 25 74 76 77
 24 25 72 73 78
 24 25 72 73 76 77
 24 25 69 72 78
 24 25 69 72 76 77
 24 25 69 70 71 78
 24 25 69 70 71 76 77
 24 25 67 68 72 78
 24 25 67 68 72 76 77
 24 25 67 68 70 71 78
 24 25 67 68 70 71 76 77
 24 25 59 71 74
 24 25 59 71 72 73
 24 25 59 69 70 74
 24 25 59 69 70 72 73
 24 25 58 59 74
 24 25 58 59 72 73
 24 25 57 58 74
 24 25 57 58 72 73
 24 25 57 58 71 74
 24 25 57 58 71 72 73
 24 25 57 58 69 70 74
 24 25 57 58 69 70 72 73
 24 25 54 72 78
 24 25 54 72 76 77
 24 25 54 70 71 78
 24 25 54 70 71 76 77
 24 25 54 69 72 78
 24 25 54 69 72 76 77
 24 25 54 69 70 71 78
 24 25 54 69 70 71 76 77
 24 25 54 67 68 72 78
 24 25 54 67 68 72 76 77
 24 25 54 67 68 70 71 78
 24 25 54 67 68 70 71 76 77
 24 25 52 53 72 78
 24 25 52 53 72 76 77
 24 25 52 53 70 71 78
 24 25 52 53 70 71 76 77
 24 25 52 53 69 72 78
 24 25 52 53 69 72 76 77
 24 25 52 53 69 70 71 78
 24 25 52 53 69 70 71 76 77
 24 25 52 53 67 68 72 78
 24 25 52 53 67 68 72 76 77
 24 25 52 53 67 68 70 71 78
 24 25 52 53 67 68 70 71 76 77
 24 25 51 74
 24 25 51 72 73
 24 25 51 69 72
 24 25 51 69 70 71
 24 25 51 67 68 72
 24 25 51 67 68 70 71
 24 25 51 54 72
 24 25 51 54 70 71
 24 25 51 54 69 72
 24 25 51 54 69 70 71
 24 25 51 54 67 68 72
 24 25 51 54 67 68 70 71
 24 25 51 52 53 72
 24 25 51 52 53 70 71
 24 25 51 52 53 69 72
 24 25 51 52 53 69 70 71
 24 25 51 52 53 67 68 72
 24 25 51 52 53 67 68 70 71
 24 25 47 78
 24 25 47 76 77
 24 25 47 59 71
 24 25 47 59 69 70
 24 25 47 58 59
 24 25 47 57 58
 24 25 47 57 58 71
 24 25 47 57 58 69 70
 24 25 47 51
 24 25 45 69 78
 24 25 45 69 76 77
 24 25 45 67 68 78
 24 25 45 67 68 76 77
 24 25 45 54 78
 24 25 45 54 76 77
 24 25 45 54 69 78
 24 25 45 54 69 76 77
 24 25 45 54 67 68 78
 24 25 45 54 67 68 76 77
 24 25 45 52 53 78
 24 25 45 52 53 76 77
 24 25 45 52 53 69 78
 24 25 45 52 53 69 76 77
 24 25 45 52 53 67 68 78
 24 25 45 52 53 67 68 76 77
 24 25 45 51 69
 24 25 45 51 67 68
 24 25 45 51 54
 24 25 45 51 54 69
 24 25 45 51 54 67 68
 24 25 45 51 52 53
 24 25 45 51 52 53 69
 24 25 45 51 52 53 67 68
 24 25 44 59 74
 24 25 44 59 72 73
 24 25 44 57 58 74
 24 25 44 57 58 72 73
 24 25 44 47 59
 24 25 44 47 57 58
 24 25 42 72 78
 24 25 42 72 76 77
 24 25 42 70 71 78
 24 25 42 70 71 76 77
 24 25 42 54 72 78
 24 25 42 54 72 76 77
 24 25 42 54 70 71 78
 24 25 42 54 70 71 76 77
 24 25 42 52 53 72 78
 24 25 42 52 53 72 76 77
 24 25 42 52 53 70 71 78
 24 25 42 52 53 70 71 76 77
 24 25 42 51 72
 24 25 42 51 70 71
 24 25 42 51 54 72
 24 25 42 51 54 70 71
 24 25 42 51 52 53 72
 24 25 42 51 52 53 70 71
 24 25 42 45 78
 24 25 42 45 76 77
 24 25 42 45 54 78
 24 25 42 45 54 76 77
 24 25 42 45 52 53 78
 24 25 42 45 52 53 76 77
 24 25 42 45 51
 24 25 42 45 51 54
 24 25 42 45 51 52 53
 24 25 33 39 46 60 63 64 74
 24 25 33 39 46 60 63 64 72 73
 24 25 33 39 46 60 61 62 64 74
 24 25 33 39 46 60 61 62 64 72 73
 24 25 33 39 46 47 60 63 64
 24 25 33 39 46 47 60 61 62 64
 24 25 33 39 44 45 60 63 64 74
 24 25 33 39 44 45 60 63 64 72 73
 24 25 33 39 44 45 60 61 62 64 74
 24 25 33 39 44 45 60 61 62 64 72 73
 24 25 33 39 44 45 47 60 63 64
 24 25 33 39 44 45 47 60 61 62 64
 24 25 33 37 38 46 60 63 64 74
 24 25 33 37 38 46 60 63 64 72 73
 24 25 33 37 38 46 60 61 62 64 74
 24 25 33 37 38 46 60 61 62 64 72 73
 24 25 33 37 38 46 47 60 63 64
 24 25 33 37 38 46 47 60 61 62 64
 24 25 33 37 38 44 45 60 63 64 74
 24 25 33 37 38 44 45 60 63 64 72 73
 24 25 33 37 38 44 45 60 61 62 64 74
 24 25 33 37 38 44 45 60 61 62 64 72 73
 24 25 33 37 38 44 45 47 60 63 64
 24 25 33 37 38 44 45 47 60 61 62 64
 24 25 33 36 39 46 60 64 74
 24 25 33 36 39 46 60 64 72 73
 24 25 33 36 39 46 47 60 64
 24 25 33 36 39 44 45 60 64 74
 24 25 33 36 39 44 45 60 64 72 73
 24 25 33 36 39 44 45 47 60 64
 24 25 33 36 37 38 46 60 64 74
 24 25 33 36 37 38 46 60 64 72 73
 24 25 33 36 37 38 46 47 60 64
 24 25 33 36 37 38 44 45 60 64 74
 24 25 33 36 37 38 44 45 60 64 72 73
 24 25 33 36 37 38 44 45 47 60 64
 24 25 32 74
 24 25 32 72 73
 24 25 32 71 74
 24 25 32 71 72 73
 24 25 32 69 70 74
 24 25 32 69 70 72 73
 24 25 32 59 74
 24 25 32 59 72 73
 24 25 32 58 74
 24 25 32 58 72 73
 24 25 32 57 58 74
 24 25 32 57 58 72 73
 24 25 32 47
 24 25 32 47 71
 24 25 32 47 69 70
 24 25 32 47 59
 24 25 32 47 58
 24 25 32 47 57 58
 24 25 32 44 74
 24 25 32 44 72 73
 24 25 32 44 47
 24 25 31 32 39 46 60 63 64 74
 24 25 31 32 39 46 60 63 64 72 73
 24 25 31 32 39 46 60 61 62 64 74
 24 25 31 32 39 46 60 61 62 64 72 73
 24 25 31 32 39 46 47 60 63 64
 24 25 31 32 39 46 47 60 61 62 64
 24 25 31 32 39 44 45 60 63 64 74
 24 25 31 32 39 44 45 60 63 64 72 73
 24 25 31 32 39 44 45 60 61 62 64 74
 24 25 31 32 39 44 45 60 61 62 64 72 73
 24 25 31 32 39 44 45 47 60 63 64
 24 25 31 32 39 44 45 47 60 61 62 64
 24 25 31 32 37 38 46 60 63 64 74
 24 25 31 32 37 38 46 60 63 64 72 73
 24 25 31 32 37 38 46 60 61 62 64 74
 24 25 31 32 37 38 46 60 61 62 64 72 73
 24 25 31 32 37 38 46 47 60 63 64
 24 25 31 32 37 38 46 47 60 61 62 64
 24 25 31 32 37 38 44 45 60 63 64 74
 24 25 31 32 37 38 44 45 60 63 64 72 73
 24 25 31 32 37 38 44 45 60 61 62 64 74
 24 25 31 32 37 38 44 45 60 61 62 64 72 73
 24 25 31 32 37 38 44 45 47 60 63 64
 24 25 31 32 37 38 44 45 47 60 61 62 64
 24 25 31 32 36 39 46 60 64 74
 24 25 31 32 36 39 46 60 64 72 73
 24 25 31 32 36 39 46 47 60 64
 24 25 31 32 36 39 44 45 60 64 74
 24 25 31 32 36 39 44 45 60 64 72 73
 24 25 31 32 36 39 44 45 47 60 64
 24 25 31 32 36 37 38 46 60 64 74
 24 25 31 32 36 37 38 46 60 64 72 73
 24 25 31 32 36 37 38 46 47 60 64
 24 25 31 32 36 37 38 44 45 60 64 74
 24 25 31 32 36 37 38 44 45 60 64 72 73
 24 25 31 32 36 37 38 44 45 47 60 64
 24 25 27 72 78
 24 25 27 72 76 77
 24 25 27 70 71 78
 24 25 27 70 71 76 77
 24 25 27 69 72 78
 24 25 27 69 72 76 77
 24 25 27 69 70 71 78
 24 25 27 69 70 71 76 77
 24 25 27 67 68 72 78
 24 25 27 67 68 72 76 77
 24 25 27 67 68 70 71 78
 24 25 27 67 68 70 71 76 77
 24 25 27 51 72
 24 25 27 51 70 71
 24 25 27 51 69 72
 24 25 27 51 69 70 71
 24 25 27 51 67 68 72
 24 25 27 51 67 68 70 71
 24 25 27 45 78
 24 25 27 45 76 77
 24 25 27 45 69 78
 24 25 27 45 69 76 77
 24 25 27 45 67 68 78
 24 25 27 45 67 68 76 77
 24 25 27 45 51
 24 25 27 45 51 69
 24 25 27 45 51 67 68
 24 25 27 42 72 78
 24 25 27 42 72 76 77
 24 25 27 42 70 71 78
 24 25 27 42 70 71 76 77
 24 25 27 42 51 72
 24 25 27 42 51 70 71
 24 25 27 42 45 78
 24 25 27 42 45 76 77
 24 25 27 42 45 51
 21 52 58 59 64 69 78
 21 52 58 59 64 69 76 77
 21 52 58 59 64 67 68 78
 21 52 58 59 64 67 68 76 77
 21 52 58 59 64 66 69 78
 21 52 58 59 64 66 69 76 77
 21 52 58 59 64 66 67 68 78
 21 52 58 59 64 66 67 68 76 77
 21 52 57 58 64 69 78
 21 52 57 58 64 69 76 77
 21 52 57 58 64 67 68 78
 21 52 57 58 64 67 68 76 77
 21 52 57 58 64 66 69 78
 21 52 57 58 64 66 69 76 77
 21 52 57 58 64 66 67 68 78
 21 52 57 58 64 66 67 68 76 77
 21 51 52 58 59 64 69
 21 51 52 58 59 64 67 68
 21 51 52 58 59 64 66 69
 21 51 52 58 59 64 66 67 68
 21 51 52 57 58 64 69
 21 51 52 57 58 64 67 68
 21 51 52 57 58 64 66 69
 21 51 52 57 58 64 66 67 68
 21 50 51 58 59 64 69
 21 50 51 58 59 64 69 78
 21 50 51 58 59 64 69 76 77
 21 50 51 58 59 64 67 68
 21 50 51 58 59 64 67 68 78
 21 50 51 58 59 64 67 68 76 77
 21 50 51 58 59 64 66 69
 21 50 51 58 59 64 66 69 78
 21 50 51 58 59 64 66 69 76 77
 21 50 51 58 59 64 66 67 68
 21 50 51 58 59 64 66 67 68 78
 21 50 51 58 59 64 66 67 68 76 77
 21 50 51 57 58 64 69
 21 50 51 57 58 64 69 78
 21 50 51 57 58 64 69 76 77
 21 50 51 57 58 64 67 68
 21 50 51 57 58 64 67 68 78
 21 50 51 57 58 64 67 68 76 77
 21 50 51 57 58 64 66 69
 21 50 51 57 58 64 66 69 78
 21 50 51 57 58 64 66 69 76 77
 21 50 51 57 58 64 66 67 68
 21 50 51 57 58 64 66 67 68 78
 21 50 51 57 58 64 66 67 68 76 77
 21 42 52 58 59 64 78
 21 42 52 58 59 64 76 77
 21 42 52 58 59 64 66 78
 21 42 52 58 59 64 66 76 77
 21 42 52 57 58 64 78
 21 42 52 57 58 64 76 77
 21 42 52 57 58 64 66 78
 21 42 52 57 58 64 66 76 77
 21 42 51 52 58 59 64
 21 42 51 52 58 59 64 66
 21 42 51 52 57 58 64
 21 42 51 52 57 58 64 66
 21 42 50 51 58 59 64
 21 42 50 51 58 59 64 78
 21 42 50 51 58 59 64 76 77
 21 42 50 51 58 59 64 66
 21 42 50 51 58 59 64 66 78
 21 42 50 51 58 59 64 66 76 77
 21 42 50 51 57 58 64
 21 42 50 51 57 58 64 78
 21 42 50 51 57 58 64 76 77
 21 42 50 51 57 58 64 66
 21 42 50 51 57 58 64 66 78
 21 42 50 51 57 58 64 66 76 77
 21 32 52 58 64 69 78
 21 32 52 58 64 69 76 77
 21 32 52 58 64 67 68 78
 21 32 52 58 64 67 68 76 77
 21 32 52 58 64 66 69 78
 21 32 52 58 64 66 69 76 77
 21 32 52 58 64 66 67 68 78
 21 32 52 58 64 66 67 68 76 77
 21 32 51 52 58 64 69
 21 32 51 52 58 64 67 68
 21 32 51 52 58 64 66 69
 21 32 51 52 58 64 66 67 68
 21 32 50 51 58 64 69
 21 32 50 51 58 64 69 78
 21 32 50 51 58 64 69 76 77
 21 32 50 51 58 64 67 68
 21 32 50 51 58 64 67 68 78
 21 32 50 51 58 64 67 68 76 77
 21 32 50 51 58 64 66 69
 21 32 50 51 58 64 66 69 78
 21 32 50 51 58 64 66 69 76 77
 21 32 50 51 58 64 66 67 68
 21 32 50 51 58 64 66 67 68 78
 21 32 50 51 58 64 66 67 68 76 77
 21 32 42 52 58 64 78
 21 32 42 52 58 64 76 77
 21 32 42 52 58 64 66 78
 21 32 42 52 58 64 66 76 77
 21 32 42 51 52 58 64
 21 32 42 51 52 58 64 66
 21 32 42 50 51 58 64
 21 32 42 50 51 58 64 78
 21 32 42 50 51 58 64 76 77
 21 32 42 50 51 58 64 66
 21 32 42 50 51 58 64 66 78
 21 32 42 50 51 58 64 66 76 77
 21 25 58 59 64 69 78
 21 25 58 59 64 69 76 77
 21 25 58 59 64 67 68 78
 21 25 58 59 64 67 68 76 77
 21 25 58 59 64 66 69 78
 21 25 58 59 64 66 69 76 77
 21 25 58 59 64 66 67 68 78
 21 25 58 59 64 66 67 68 76 77
 21 25 57 58 64 69 78
 21 25 57 58 64 69 76 77
 21 25 57 58 64 67 68 78
 21 25 57 58 64 67 68 76 77
 21 25 57 58 64 66 69 78
 21 25 57 58 64 66 69 76 77
 21 25 57 58 64 66 67 68 78
 21 25 57 58 64 66 67 68 76 77
 21 25 51 58 59 64 69
 21 25 51 58 59 64 67 68
 21 25 51 58 59 64 66 69
 21 25 51 58 59 64 66 67 68
 21 25 51 57 58 64 69
 21 25 51 57 58 64 67 68
 21 25 51 57 58 64 66 69
 21 25 51 57 58 64 66 67 68
 21 25 42 58 59 64 78
 21 25 42 58 59 64 76 77
 21 25 42 58 59 64 66 78
 21 25 42 58 59 64 66 76 77
 21 25 42 57 58 64 78
 21 25 42 57 58 64 76 77
 21 25 42 57 58 64 66 78
 21 25 42 57 58 64 66 76 77
 21 25 42 51 58 59 64
 21 25 42 51 58 59 64 66
 21 25 42 51 57 58 64
 21 25 42 51 57 58 64 66
 21 25 32 58 64 69 78
 21 25 32 58 64 69 76 77
 21 25 32 58 64 67 68 78
 21 25 32 58 64 67 68 76 77
 21 25 32 58 64 66 69 78
 21 25 32 58 64 66 69 76 77
 21 25 32 58 64 66 67 68 78
 21 25 32 58 64 66 67 68 76 77
 21 25 32 51 58 64 69
 21 25 32 51 58 64 67 68
 21 25 32 51 58 64 66 69
 21 25 32 51 58 64 66 67 68
 21 25 32 42 58 64 78
 21 25 32 42 58 64 76 77
 21 25 32 42 58 64 66 78
 21 25 32 42 58 64 66 76 77
 21 25 32 42 51 58 64
 21 25 32 42 51 58 64 66
 19 33 39 60 63 74
 19 33 39 60 63 72 73
 19 33 39 60 63 64 74
 19 33 39 60 63 64 72 73
 19 33 39 60 63 64 68 74
 19 33 39 60 63 64 68 72 73
 19 33 39 60 61 62 74
 19 33 39 60 61 62 72 73
 19 33 39 60 61 62 64 74
 19 33 39 60 61 62 64 72 73
 19 33 39 60 61 62 64 68 74
 19 33 39 60 61 62 64 68 72 73
 19 33 39 57 59 63
 19 33 39 57 59 61 62
 19 33 39 57 58 63
 19 33 39 57 58 61 62
 19 33 39 47 60 63
 19 33 39 47 60 63 64
 19 33 39 47 60 63 64 68
 19 33 39 47 60 61 62
 19 33 39 47 60 61 62 64
 19 33 39 47 60 61 62 64 68
 19 33 37 38 60 63 74
 19 33 37 38 60 63 72 73
 19 33 37 38 60 63 64 74
 19 33 37 38 60 63 64 72 73
 19 33 37 38 60 63 64 68 74
 19 33 37 38 60 63 64 68 72 73
 19 33 37 38 60 61 62 74
 19 33 37 38 60 61 62 72 73
 19 33 37 38 60 61 62 64 74
 19 33 37 38 60 61 62 64 72 73
 19 33 37 38 60 61 62 64 68 74
 19 33 37 38 60 61 62 64 68 72 73
 19 33 37 38 57 59 63
 19 33 37 38 57 59 61 62
 19 33 37 38 57 58 63
 19 33 37 38 57 58 61 62
 19 33 37 38 47 60 63
 19 33 37 38 47 60 63 64
 19 33 37 38 47 60 63 64 68
 19 33 37 38 47 60 61 62
 19 33 37 38 47 60 61 62 64
 19 33 37 38 47 60 61 62 64 68
 19 33 36 39 60 74
 19 33 36 39 60 72 73
 19 33 36 39 60 64 74
 19 33 36 39 60 64 72 73
 19 33 36 39 60 64 68 74
 19 33 36 39 60 64 68 72 73
 19 33 36 39 57 59
 19 33 36 39 57 58
 19 33 36 39 47 60
 19 33 36 39 47 60 64
 19 33 36 39 47 60 64 68
 19 33 36 37 38 60 74
 19 33 36 37 38 60 72 73
 19 33 36 37 38 60 64 74
 19 33 36 37 38 60 64 72 73
 19 33 36 37 38 60 64 68 74
 19 33 36 37 38 60 64 68 72 73
 19 33 36 37 38 57 59
 19 33 36 37 38 57 58
 19 33 36 37 38 47 60
 19 33 36 37 38 47 60 64
 19 33 36 37 38 47 60 64 68
 19 32 33 39 57 63
 19 32 33 39 57 61 62
 19 32 33 37 38 57 63
 19 32 33 37 38 57 61 62
 19 32 33 36 39 57
 19 32 33 36 37 38 57
 19 31 32 39 60 63 74
 19 31 32 39 60 63 72 73
 19 31 32 39 60 63 64 74
 19 31 32 39 60 63 64 72 73
 19 31 32 39 60 63 64 68 74
 19 31 32 39 60 63 64 68 72 73
 19 31 32 39 60 61 62 74
 19 31 32 39 60 61 62 72 73
 19 31 32 39 60 61 62 64 74
 19 31 32 39 60 61 62 64 72 73
 19 31 32 39 60 61 62 64 68 74
 19 31 32 39 60 61 62 64 68 72 73
 19 31 32 39 57 63
 19 31 32 39 57 61 62
 19 31 32 39 57 59 63
 19 31 32 39 57 59 61 62
 19 31 32 39 57 58 63
 19 31 32 39 57 58 61 62
 19 31 32 39 47 60 63
 19 31 32 39 47 60 63 64
 19 31 32 39 47 60 63 64 68
 19 31 32 39 47 60 61 62
 19 31 32 39 47 60 61 62 64
 19 31 32 39 47 60 61 62 64 68
 19 31 32 37 38 60 63 74
 19 31 32 37 38 60 63 72 73
 19 31 32 37 38 60 63 64 74
 19 31 32 37 38 60 63 64 72 73
 19 31 32 37 38 60 63 64 68 74
 19 31 32 37 38 60 63 64 68 72 73
 19 31 32 37 38 60 61 62 74
 19 31 32 37 38 60 61 62 72 73
 19 31 32 37 38 60 61 62 64 74
 19 31 32 37 38 60 61 62 64 72 73
 19 31 32 37 38 60 61 62 64 68 74
 19 31 32 37 38 60 61 62 64 68 72 73
 19 31 32 37 38 57 63
 19 31 32 37 38 57 61 62
 19 31 32 37 38 57 59 63
 19 31 32 37 38 57 59 61 62
 19 31 32 37 38 57 58 63
 19 31 32 37 38 57 58 61 62
 19 31 32 37 38 47 60 63
 19 31 32 37 38 47 60 63 64
 19 31 32 37 38 47 60 63 64 68
 19 31 32 37 38 47 60 61 62
 19 31 32 37 38 47 60 61 62 64
 19 31 32 37 38 47 60 61 62 64 68
 19 31 32 36 39 60 74
 19 31 32 36 39 60 72 73
 19 31 32 36 39 60 64 74
 19 31 32 36 39 60 64 72 73
 19 31 32 36 39 60 64 68 74
 19 31 32 36 39 60 64 68 72 73
 19 31 32 36 39 57
 19 31 32 36 39 57 59
 19 31 32 36 39 57 58
 19 31 32 36 39 47 60
 19 31 32 36 39 47 60 64
 19 31 32 36 39 47 60 64 68
 19 31 32 36 37 38 60 74
 19 31 32 36 37 38 60 72 73
 19 31 32 36 37 38 60 64 74
 19 31 32 36 37 38 60 64 72 73
 19 31 32 36 37 38 60 64 68 74
 19 31 32 36 37 38 60 64 68 72 73
 19 31 32 36 37 38 57
 19 31 32 36 37 38 57 59
 19 31 32 36 37 38 57 58
 19 31 32 36 37 38 47 60
 19 31 32 36 37 38 47 60 64
 19 31 32 36 37 38 47 60 64 68
 19 26 33 39 60 63 64 74
 19 26 33 39 60 63 64 72 73
 19 26 33 39 60 61 62 64 74
 19 26 33 39 60 61 62 64 72 73
 19 26 33 39 47 60 63 64
 19 26 33 39 47 60 61 62 64
 19 26 33 37 38 60 63 64 74
 19 26 33 37 38 60 63 64 72 73
 19 26 33 37 38 60 61 62 64 74
 19 26 33 37 38 60 61 62 64 72 73
 19 26 33 37 38 47 60 63 64
 19 26 33 37 38 47 60 61 62 64
 19 26 33 36 39 60 64 74
 19 26 33 36 39 60 64 72 73
 19 26 33 36 39 47 60 64
 19 26 33 36 37 38 60 64 74
 19 26 33 36 37 38 60 64 72 73
 19 26 33 36 37 38 47 60 64
 19 26 31 32 39 60 63 64 74
 19 26 31 32 39 60 63 64 72 73
 19 26 31 32 39 60 61 62 64 74
 19 26 31 32 39 60 61 62 64 72 73
 19 26 31 32 39 47 60 63 64
 19 26 31 32 39 47 60 61 62 64
 19 26 31 32 37 38 60 63 64 74
 19 26 31 32 37 38 60 63 64 72 73
 19 26 31 32 37 38 60 61 62 64 74
 19 26 31 32 37 38 60 61 62 64 72 73
 19 26 31 32 37 38 47 60 63 64
 19 26 31 32 37 38 47 60 61 62 64
 19 26 31 32 36 39 60 64 74
 19 26 31 32 36 39 60 64 72 73
 19 26 31 32 36 39 47 60 64
 19 26 31 32 36 37 38 60 64 74
 19 26 31 32 36 37 38 60 64 72 73
 19 26 31 32 36 37 38 47 60 64
 19 24 25 33 39 60 63 64 74
 19 24 25 33 39 60 63 64 72 73
 19 24 25 33 39 60 61 62 64 74
 19 24 25 33 39 60 61 62 64 72 73
 19 24 25 33 39 47 60 63 64
 19 24 25 33 39 47 60 61 62 64
 19 24 25 33 37 38 60 63 64 74
 19 24 25 33 37 38 60 63 64 72 73
 19 24 25 33 37 38 60 61 62 64 74
 19 24 25 33 37 38 60 61 62 64 72 73
 19 24 25 33 37 38 47 60 63 64
 19 24 25 33 37 38 47 60 61 62 64
 19 24 25 33 36 39 60 64 74
 19 24 25 33 36 39 60 64 72 73
 19 24 25 33 36 39 47 60 64
 19 24 25 33 36 37 38 60 64 74
 19 24 25 33 36 37 38 60 64 72 73
 19 24 25 33 36 37 38 47 60 64
 19 24 25 31 32 39 60 63 64 74
 19 24 25 31 32 39 60 63 64 72 73
 19 24 25 31 32 39 60 61 62 64 74
 19 24 25 31 32 39 60 61 62 64 72 73
 19 24 25 31 32 39 47 60 63 64
 19 24 25 31 32 39 47 60 61 62 64
 19 24 25 31 32 37 38 60 63 64 74
 19 24 25 31 32 37 38 60 63 64 72 73
 19 24 25 31 32 37 38 60 61 62 64 74
 19 24 25 31 32 37 38 60 61 62 64 72 73
 19 24 25 31 32 37 38 47 60 63 64
 19 24 25 31 32 37 38 47 60 61 62 64
 19 24 25 31 32 36 39 60 64 74
 19 24 25 31 32 36 39 60 64 72 73
 19 24 25 31 32 36 39 47 60 64
 19 24 25 31 32 36 37 38 60 64 74
 19 24 25 31 32 36 37 38 60 64 72 73
 19 24 25 31 32 36 37 38 47 60 64
 15 33 39 46 59 63
 15 33 39 46 59 61 62
 15 33 39 46 57 58 63
 15 33 39 46 57 58 61 62
 15 33 39 44 45 59 63
 15 33 39 44 45 59 61 62
 15 33 39 44 45 57 58 63
 15 33 39 44 45 57 58 61 62
 15 33 37 38 46 59 63
 15 33 37 38 46 59 61 62
 15 33 37 38 46 57 58 63
 15 33 37 38 46 57 58 61 62
 15 33 37 38 44 45 59 63
 15 33 37 38 44 45 59 61 62
 15 33 37 38 44 45 57 58 63
 15 33 37 38 44 45 57 58 61 62
 15 33 36 39 46 59
 15 33 36 39 46 57 58
 15 33 36 39 44 45 59
 15 33 36 39 44 45 57 58
 15 33 36 37 38 46 59
 15 33 36 37 38 46 57 58
 15 33 36 37 38 44 45 59
 15 33 36 37 38 44 45 57 58
 15 32 33 39 46 63
 15 32 33 39 46 61 62
 15 32 33 39 44 45 63
 15 32 33 39 44 45 61 62
 15 32 33 37 38 46 63
 15 32 33 37 38 46 61 62
 15 32 33 37 38 44 45 63
 15 32 33 37 38 44 45 61 62
 15 32 33 36 39 46
 15 32 33 36 39 44 45
 15 32 33 36 37 38 46
 15 32 33 36 37 38 44 45
 15 31 32 39 46 63
 15 31 32 39 46 61 62
 15 31 32 39 46 59 63
 15 31 32 39 46 59 61 62
 15 31 32 39 46 57 58 63
 15 31 32 39 46 57 58 61 62
 15 31 32 39 44 45 63
 15 31 32 39 44 45 61 62
 15 31 32 39 44 45 59 63
 15 31 32 39 44 45 59 61 62
 15 31 32 39 44 45 57 58 63
 15 31 32 39 44 45 57 58 61 62
 15 31 32 37 38 46 63
 15 31 32 37 38 46 61 62
 15 31 32 37 38 46 59 63
 15 31 32 37 38 46 59 61 62
 15 31 32 37 38 46 57 58 63
 15 31 32 37 38 46 57 58 61 62
 15 31 32 37 38 44 45 63
 15 31 32 37 38 44 45 61 62
 15 31 32 37 38 44 45 59 63
 15 31 32 37 38 44 45 59 61 62
 15 31 32 37 38 44 45 57 58 63
 15 31 32 37 38 44 45 57 58 61 62
 15 31 32 36 39 46
 15 31 32 36 39 46 59
 15 31 32 36 39 46 57 58
 15 31 32 36 39 44 45
 15 31 32 36 39 44 45 59
 15 31 32 36 39 44 45 57 58
 15 31 32 36 37 38 46
 15 31 32 36 37 38 46 59
 15 31 32 36 37 38 46 57 58
 15 31 32 36 37 38 44 45
 15 31 32 36 37 38 44 45 59
 15 31 32 36 37 38 44 45 57 58
 15 19 33 39 59 63
 15 19 33 39 59 61 62
 15 19 33 39 57 58 63
 15 19 33 39 57 58 61 62
 15 19 33 37 38 59 63
 15 19 33 37 38 59 61 62
 15 19 33 37 38 57 58 63
 15 19 33 37 38 57 58 61 62
 15 19 33 36 39 59
 15 19 33 36 39 57 58
 15 19 33 36 37 38 59
 15 19 33 36 37 38 57 58
 15 19 32 33 39 63
 15 19 32 33 39 61 62
 15 19 32 33 37 38 63
 15 19 32 33 37 38 61 62
 15 19 32 33 36 39
 15 19 32 33 36 37 38
 15 19 31 32 39 63
 15 19 31 32 39 61 62
 15 19 31 32 39 59 63
 15 19 31 32 39 59 61 62
 15 19 31 32 39 57 58 63
 15 19 31 32 39 57 58 61 62
 15 19 31 32 37 38 63
 15 19 31 32 37 38 61 62
 15 19 31 32 37 38 59 63
 15 19 31 32 37 38 59 61 62
 15 19 31 32 37 38 57 58 63
 15 19 31 32 37 38 57 58 61 62
 15 19 31 32 36 39
 15 19 31 32 36 39 59
 15 19 31 32 36 39 57 58
 15 19 31 32 36 37 38
 15 19 31 32 36 37 38 59
 15 19 31 32 36 37 38 57 58
 13 14 33 39 46 59 63
 13 14 33 39 46 59 61 62
 13 14 33 39 46 57 58 63
 13 14 33 39 46 57 58 61 62
 13 14 33 39 44 45 59 63
 13 14 33 39 44 45 59 61 62
 13 14 33 39 44 45 57 58 63
 13 14 33 39 44 45 57 58 61 62
 13 14 33 37 38 46 59 63
 13 14 33 37 38 46 59 61 62
 13 14 33 37 38 46 57 58 63
 13 14 33 37 38 46 57 58 61 62
 13 14 33 37 38 44 45 59 63
 13 14 33 37 38 44 45 59 61 62
 13 14 33 37 38 44 45 57 58 63
 13 14 33 37 38 44 45 57 58 61 62
 13 14 33 36 39 46 59
 13 14 33 36 39 46 57 58
 13 14 33 36 39 44 45 59
 13 14 33 36 39 44 45 57 58
 13 14 33 36 37 38 46 59
 13 14 33 36 37 38 46 57 58
 13 14 33 36 37 38 44 45 59
 13 14 33 36 37 38 44 45 57 58
 13 14 32 33 39 46 63
 13 14 32 33 39 46 61 62
 13 14 32 33 39 44 45 63
 13 14 32 33 39 44 45 61 62
 13 14 32 33 37 38 46 63
 13 14 32 33 37 38 46 61 62
 13 14 32 33 37 38 44 45 63
 13 14 32 33 37 38 44 45 61 62
 13 14 32 33 36 39 46
 13 14 32 33 36 39 44 45
 13 14 32 33 36 37 38 46
 13 14 32 33 36 37 38 44 45
 13 14 31 32 39 46 63
 13 14 31 32 39 46 61 62
 13 14 31 32 39 46 59 63
 13 14 31 32 39 46 59 61 62
 13 14 31 32 39 46 57 58 63
 13 14 31 32 39 46 57 58 61 62
 13 14 31 32 39 44 45 63
 13 14 31 32 39 44 45 61 62
 13 14 31 32 39 44 45 59 63
 13 14 31 32 39 44 45 59 61 62
 13 14 31 32 39 44 45 57 58 63
 13 14 31 32 39 44 45 57 58 61 62
 13 14 31 32 37 38 46 63
 13 14 31 32 37 38 46 61 62
 13 14 31 32 37 38 46 59 63
 13 14 31 32 37 38 46 59 61 62
 13 14 31 32 37 38 46 57 58 63
 13 14 31 32 37 38 46 57 58 61 62
 13 14 31 32 37 38 44 45 63
 13 14 31 32 37 38 44 45 61 62
 13 14 31 32 37 38 44 45 59 63
 13 14 31 32 37 38 44 45 59 61 62
 13 14 31 32 37 38 44 45 57 58 63
 13 14 31 32 37 38 44 45 57 58 61 62
 13 14 31 32 36 39 46
 13 14 31 32 36 39 46 59
 13 14 31 32 36 39 46 57 58
 13 14 31 32 36 39 44 45
 13 14 31 32 36 39 44 45 59
 13 14 31 32 36 39 44 45 57 58
 13 14 31 32 36 37 38 46
 13 14 31 32 36 37 38 46 59
 13 14 31 32 36 37 38 46 57 58
 13 14 31 32 36 37 38 44 45
 13 14 31 32 36 37 38 44 45 59
 13 14 31 32 36 37 38 44 45 57 58
 13 14 19 33 39 59 63
 13 14 19 33 39 59 61 62
 13 14 19 33 39 57 58 63
 13 14 19 33 39 57 58 61 62
 13 14 19 33 37 38 59 63
 13 14 19 33 37 38 59 61 62
 13 14 19 33 37 38 57 58 63
 13 14 19 33 37 38 57 58 61 62
 13 14 19 33 36 39 59
 13 14 19 33 36 39 57 58
 13 14 19 33 36 37 38 59
 13 14 19 33 36 37 38 57 58
 13 14 19 32 33 39 63
 13 14 19 32 33 39 61 62
 13 14 19 32 33 37 38 63
 13 14 19 32 33 37 38 61 62
 13 14 19 32 33 36 39
 13 14 19 32 33 36 37 38
 13 14 19 31 32 39 63
 13 14 19 31 32 39 61 62
 13 14 19 31 32 39 59 63
 13 14 19 31 32 39 59 61 62
 13 14 19 31 32 39 57 58 63
 13 14 19 31 32 39 57 58 61 62
 13 14 19 31 32 37 38 63
 13 14 19 31 32 37 38 61 62
 13 14 19 31 32 37 38 59 63
 13 14 19 31 32 37 38 59 61 62
 13 14 19 31 32 37 38 57 58 63
 13 14 19 31 32 37 38 57 58 61 62
 13 14 19 31 32 36 39
 13 14 19 31 32 36 39 59
 13 14 19 31 32 36 39 57 58
 13 14 19 31 32 36 37 38
 13 14 19 31 32 36 37 38 59
 13 14 19 31 32 36 37 38 57 58
 12 33 46 60 63 74
 12 33 46 60 63 72 73
 12 33 46 60 63 64 74
 12 33 46 60 63 64 72 73
 12 33 46 60 63 64 68 74
 12 33 46 60 63 64 68 72 73
 12 33 46 60 61 62 74
 12 33 46 60 61 62 72 73
 12 33 46 60 61 62 64 74
 12 33 46 60 61 62 64 72 73
 12 33 46 60 61 62 64 68 74
 12 33 46 60 61 62 64 68 72 73
 12 33 46 57 59 63
 12 33 46 57 59 61 62
 12 33 46 57 58 63
 12 33 46 57 58 61 62
 12 33 46 47 60 63
 12 33 46 47 60 63 64
 12 33 46 47 60 63 64 68
 12 33 46 47 60 61 62
 12 33 46 47 60 61 62 64
 12 33 46 47 60 61 62 64 68
 12 33 44 45 60 63 74
 12 33 44 45 60 63 72 73
 12 33 44 45 60 63 64 74
 12 33 44 45 60 63 64 72 73
 12 33 44 45 60 63 64 68 74
 12 33 44 45 60 63 64 68 72 73
 12 33 44 45 60 61 62 74
 12 33 44 45 60 61 62 72 73
 12 33 44 45 60 61 62 64 74
 12 33 44 45 60 61 62 64 72 73
 12 33 44 45 60 61 62 64 68 74
 12 33 44 45 60 61 62 64 68 72 73
 12 33 44 45 57 59 63
 12 33 44 45 57 59 61 62
 12 33 44 45 57 58 63
 12 33 44 45 57 58 61 62
 12 33 44 45 47 60 63
 12 33 44 45 47 60 63 64
 12 33 44 45 47 60 63 64 68
 12 33 44 45 47 60 61 62
 12 33 44 45 47 60 61 62 64
 12 33 44 45 47 60 61 62 64 68
 12 33 36 46 60 74
 12 33 36 46 60 72 73
 12 33 36 46 60 64 74
 12 33 36 46 60 64 72 73
 12 33 36 46 60 64 68 74
 12 33 36 46 60 64 68 72 73
 12 33 36 46 57 59
 12 33 36 46 57 58
 12 33 36 46 47 60
 12 33 36 46 47 60 64
 12 33 36 46 47 60 64 68
 12 33 36 44 45 60 74
 12 33 36 44 45 60 72 73
 12 33 36 44 45 60 64 74
 12 33 36 44 45 60 64 72 73
 12 33 36 44 45 60 64 68 74
 12 33 36 44 45 60 64 68 72 73
 12 33 36 44 45 57 59
 12 33 36 44 45 57 58
 12 33 36 44 45 47 60
 12 33 36 44 45 47 60 64
 12 33 36 44 45 47 60 64 68
 12 32 33 46 57 63
 12 32 33 46 57 61 62
 12 32 33 44 45 57 63
 12 32 33 44 45 57 61 62
 12 32 33 36 46 57
 12 32 33 36 44 45 57
 12 31 32 46 60 63 74
 12 31 32 46 60 63 72 73
 12 31 32 46 60 63 64 74
 12 31 32 46 60 63 64 72 73
 12 31 32 46 60 63 64 68 74
 12 31 32 46 60 63 64 68 72 73
 12 31 32 46 60 61 62 74
 12 31 32 46 60 61 62 72 73
 12 31 32 46 60 61 62 64 74
 12 31 32 46 60 61 62 64 72 73
 12 31 32 46 60 61 62 64 68 74
 12 31 32 46 60 61 62 64 68 72 73
 12 31 32 46 57 63
 12 31 32 46 57 61 62
 12 31 32 46 57 59 63
 12 31 32 46 57 59 61 62
 12 31 32 46 57 58 63
 12 31 32 46 57 58 61 62
 12 31 32 46 47 60 63
 12 31 32 46 47 60 63 64
 12 31 32 46 47 60 63 64 68
 12 31 32 46 47 60 61 62
 12 31 32 46 47 60 61 62 64
 12 31 32 46 47 60 61 62 64 68
 12 31 32 44 45 60 63 74
 12 31 32 44 45 60 63 72 73
 12 31 32 44 45 60 63 64 74
 12 31 32 44 45 60 63 64 72 73
 12 31 32 44 45 60 63 64 68 74
 12 31 32 44 45 60 63 64 68 72 73
 12 31 32 44 45 60 61 62 74
 12 31 32 44 45 60 61 62 72 73
 12 31 32 44 45 60 61 62 64 74
 12 31 32 44 45 60 61 62 64 72 73
 12 31 32 44 45 60 61 62 64 68 74
 12 31 32 44 45 60 61 62 64 68 72 73
 12 31 32 44 45 57 63
 12 31 32 44 45 57 61 62
 12 31 32 44 45 57 59 63
 12 31 32 44 45 57 59 61 62
 12 31 32 44 45 57 58 63
 12 31 32 44 45 57 58 61 62
 12 31 32 44 45 47 60 63
 12 31 32 44 45 47 60 63 64
 12 31 32 44 45 47 60 63 64 68
 12 31 32 44 45 47 60 61 62
 12 31 32 44 45 47 60 61 62 64
 12 31 32 44 45 47 60 61 62 64 68
 12 31 32 36 46 60 74
 12 31 32 36 46 60 72 73
 12 31 32 36 46 60 64 74
 12 31 32 36 46 60 64 72 73
 12 31 32 36 46 60 64 68 74
 12 31 32 36 46 60 64 68 72 73
 12 31 32 36 46 57
 12 31 32 36 46 57 59
 12 31 32 36 46 57 58
 12 31 32 36 46 47 60
 12 31 32 36 46 47 60 64
 12 31 32 36 46 47 60 64 68
 12 31 32 36 44 45 60 74
 12 31 32 36 44 45 60 72 73
 12 31 32 36 44 45 60 64 74
 12 31 32 36 44 45 60 64 72 73
 12 31 32 36 44 45 60 64 68 74
 12 31 32 36 44 45 60 64 68 72 73
 12 31 32 36 44 45 57
 12 31 32 36 44 45 57 59
 12 31 32 36 44 45 57 58
 12 31 32 36 44 45 47 60
 12 31 32 36 44 45 47 60 64
 12 31 32 36 44 45 47 60 64 68
 12 26 33 46 60 63 64 74
 12 26 33 46 60 63 64 72 73
 12 26 33 46 60 61 62 64 74
 12 26 33 46 60 61 62 64 72 73
 12 26 33 46 47 60 63 64
 12 26 33 46 47 60 61 62 64
 12 26 33 44 45 60 63 64 74
 12 26 33 44 45 60 63 64 72 73
 12 26 33 44 45 60 61 62 64 74
 12 26 33 44 45 60 61 62 64 72 73
 12 26 33 44 45 47 60 63 64
 12 26 33 44 45 47 60 61 62 64
 12 26 33 36 46 60 64 74
 12 26 33 36 46 60 64 72 73
 12 26 33 36 46 47 60 64
 12 26 33 36 44 45 60 64 74
 12 26 33 36 44 45 60 64 72 73
 12 26 33 36 44 45 47 60 64
 12 26 31 32 46 60 63 64 74
 12 26 31 32 46 60 63 64 72 73
 12 26 31 32 46 60 61 62 64 74
 12 26 31 32 46 60 61 62 64 72 73
 12 26 31 32 46 47 60 63 64
 12 26 31 32 46 47 60 61 62 64
 12 26 31 32 44 45 60 63 64 74
 12 26 31 32 44 45 60 63 64 72 73
 12 26 31 32 44 45 60 61 62 64 74
 12 26 31 32 44 45 60 61 62 64 72 73
 12 26 31 32 44 45 47 60 63 64
 12 26 31 32 44 45 47 60 61 62 64
 12 26 31 32 36 46 60 64 74
 12 26 31 32 36 46 60 64 72 73
 12 26 31 32 36 46 47 60 64
 12 26 31 32 36 44 45 60 64 74
 12 26 31 32 36 44 45 60 64 72 73
 12 26 31 32 36 44 45 47 60 64
 12 24 25 33 46 60 63 64 74
 12 24 25 33 46 60 63 64 72 73
 12 24 25 33 46 60 61 62 64 74
 12 24 25 33 46 60 61 62 64 72 73
 12 24 25 33 46 47 60 63 64
 12 24 25 33 46 47 60 61 62 64
 12 24 25 33 44 45 60 63 64 74
 12 24 25 33 44 45 60 63 64 72 73
 12 24 25 33 44 45 60 61 62 64 74
 12 24 25 33 44 45 60 61 62 64 72 73
 12 24 25 33 44 45 47 60 63 64
 12 24 25 33 44 45 47 60 61 62 64
 12 24 25 33 36 46 60 64 74
 12 24 25 33 36 46 60 64 72 73
 12 24 25 33 36 46 47 60 64
 12 24 25 33 36 44 45 60 64 74
 12 24 25 33 36 44 45 60 64 72 73
 12 24 25 33 36 44 45 47 60 64
 12 24 25 31 32 46 60 63 64 74
 12 24 25 31 32 46 60 63 64 72 73
 12 24 25 31 32 46 60 61 62 64 74
 12 24 25 31 32 46 60 61 62 64 72 73
 12 24 25 31 32 46 47 60 63 64
 12 24 25 31 32 46 47 60 61 62 64
 12 24 25 31 32 44 45 60 63 64 74
 12 24 25 31 32 44 45 60 63 64 72 73
 12 24 25 31 32 44 45 60 61 62 64 74
 12 24 25 31 32 44 45 60 61 62 64 72 73
 12 24 25 31 32 44 45 47 60 63 64
 12 24 25 31 32 44 45 47 60 61 62 64
 12 24 25 31 32 36 46 60 64 74
 12 24 25 31 32 36 46 60 64 72 73
 12 24 25 31 32 36 46 47 60 64
 12 24 25 31 32 36 44 45 60 64 74
 12 24 25 31 32 36 44 45 60 64 72 73
 12 24 25 31 32 36 44 45 47 60 64
 12 19 33 60 63 74
 12 19 33 60 63 72 73
 12 19 33 60 63 64 74
 12 19 33 60 63 64 72 73
 12 19 33 60 63 64 68 74
 12 19 33 60 63 64 68 72 73
 12 19 33 60 61 62 74
 12 19 33 60 61 62 72 73
 12 19 33 60 61 62 64 74
 12 19 33 60 61 62 64 72 73
 12 19 33 60 61 62 64 68 74
 12 19 33 60 61 62 64 68 72 73
 12 19 33 57 59 63
 12 19 33 57 59 61 62
 12 19 33 57 58 63
 12 19 33 57 58 61 62
 12 19 33 47 60 63
 12 19 33 47 60 63 64
 12 19 33 47 60 63 64 68
 12 19 33 47 60 61 62
 12 19 33 47 60 61 62 64
 12 19 33 47 60 61 62 64 68
 12 19 33 36 60 74
 12 19 33 36 60 72 73
 12 19 33 36 60 64 74
 12 19 33 36 60 64 72 73
 12 19 33 36 60 64 68 74
 12 19 33 36 60 64 68 72 73
 12 19 33 36 57 59
 12 19 33 36 57 58
 12 19 33 36 47 60
 12 19 33 36 47 60 64
 12 19 33 36 47 60 64 68
 12 19 32 33 57 63
 12 19 32 33 57 61 62
 12 19 32 33 36 57
 12 19 31 32 60 63 74
 12 19 31 32 60 63 72 73
 12 19 31 32 60 63 64 74
 12 19 31 32 60 63 64 72 73
 12 19 31 32 60 63 64 68 74
 12 19 31 32 60 63 64 68 72 73
 12 19 31 32 60 61 62 74
 12 19 31 32 60 61 62 72 73
 12 19 31 32 60 61 62 64 74
 12 19 31 32 60 61 62 64 72 73
 12 19 31 32 60 61 62 64 68 74
 12 19 31 32 60 61 62 64 68 72 73
 12 19 31 32 57 63
 12 19 31 32 57 61 62
 12 19 31 32 57 59 63
 12 19 31 32 57 59 61 62
 12 19 31 32 57 58 63
 12 19 31 32 57 58 61 62
 12 19 31 32 47 60 63
 12 19 31 32 47 60 63 64
 12 19 31 32 47 60 63 64 68
 12 19 31 32 47 60 61 62
 12 19 31 32 47 60 61 62 64
 12 19 31 32 47 60 61 62 64 68
 12 19 31 32 36 60 74
 12 19 31 32 36 60 72 73
 12 19 31 32 36 60 64 74
 12 19 31 32 36 60 64 72 73
 12 19 31 32 36 60 64 68 74
 12 19 31 32 36 60 64 68 72 73
 12 19 31 32 36 57
 12 19 31 32 36 57 59
 12 19 31 32 36 57 58
 12 19 31 32 36 47 60
 12 19 31 32 36 47 60 64
 12 19 31 32 36 47 60 64 68
 12 19 26 33 60 63 64 74
 12 19 26 33 60 63 64 72 73
 12 19 26 33 60 61 62 64 74
 12 19 26 33 60 61 62 64 72 73
 12 19 26 33 47 60 63 64
 12 19 26 33 47 60 61 62 64
 12 19 26 33 36 60 64 74
 12 19 26 33 36 60 64 72 73
 12 19 26 33 36 47 60 64
 12 19 26 31 32 60 63 64 74
 12 19 26 31 32 60 63 64 72 73
 12 19 26 31 32 60 61 62 64 74
 12 19 26 31 32 60 61 62 64 72 73
 12 19 26 31 32 47 60 63 64
 12 19 26 31 32 47 60 61 62 64
 12 19 26 31 32 36 60 64 74
 12 19 26 31 32 36 60 64 72 73
 12 19 26 31 32 36 47 60 64
 12 19 24 25 33 60 63 64 74
 12 19 24 25 33 60 63 64 72 73
 12 19 24 25 33 60 61 62 64 74
 12 19 24 25 33 60 61 62 64 72 73
 12 19 24 25 33 47 60 63 64
 12 19 24 25 33 47 60 61 62 64
 12 19 24 25 33 36 60 64 74
 12 19 24 25 33 36 60 64 72 73
 12 19 24 25 33 36 47 60 64
 12 19 24 25 31 32 60 63 64 74
 12 19 24 25 31 32 60 63 64 72 73
 12 19 24 25 31 32 60 61 62 64 74
 12 19 24 25 31 32 60 61 62 64 72 73
 12 19 24 25 31 32 47 60 63 64
 12 19 24 25 31 32 47 60 61 62 64
 12 19 24 25 31 32 36 60 64 74
 12 19 24 25 31 32 36 60 64 72 73
 12 19 24 25 31 32 36 47 60 64
 12 15 33 46 59 63
 12 15 33 46 59 61 62
 12 15 33 46 57 58 63
 12 15 33 46 57 58 61 62
 12 15 33 44 45 59 63
 12 15 33 44 45 59 61 62
 12 15 33 44 45 57 58 63
 12 15 33 44 45 57 58 61 62
 12 15 33 36 46 59
 12 15 33 36 46 57 58
 12 15 33 36 44 45 59
 12 15 33 36 44 45 57 58
 12 15 32 33 46 63
 12 15 32 33 46 61 62
 12 15 32 33 44 45 63
 12 15 32 33 44 45 61 62
 12 15 32 33 36 46
 12 15 32 33 36 44 45
 12 15 31 32 46 63
 12 15 31 32 46 61 62
 12 15 31 32 46 59 63
 12 15 31 32 46 59 61 62
 12 15 31 32 46 57 58 63
 12 15 31 32 46 57 58 61 62
 12 15 31 32 44 45 63
 12 15 31 32 44 45 61 62
 12 15 31 32 44 45 59 63
 12 15 31 32 44 45 59 61 62
 12 15 31 32 44 45 57 58 63
 12 15 31 32 44 45 57 58 61 62
 12 15 31 32 36 46
 12 15 31 32 36 46 59
 12 15 31 32 36 46 57 58
 12 15 31 32 36 44 45
 12 15 31 32 36 44 45 59
 12 15 31 32 36 44 45 57 58
 12 15 19 33 59 63
 12 15 19 33 59 61 62
 12 15 19 33 57 58 63
 12 15 19 33 57 58 61 62
 12 15 19 33 36 59
 12 15 19 33 36 57 58
 12 15 19 32 33 63
 12 15 19 32 33 61 62
 12 15 19 32 33 36
 12 15 19 31 32 63
 12 15 19 31 32 61 62
 12 15 19 31 32 59 63
 12 15 19 31 32 59 61 62
 12 15 19 31 32 57 58 63
 12 15 19 31 32 57 58 61 62
 12 15 19 31 32 36
 12 15 19 31 32 36 59
 12 15 19 31 32 36 57 58
 12 13 14 33 46 59 63
 12 13 14 33 46 59 61 62
 12 13 14 33 46 57 58 63
 12 13 14 33 46 57 58 61 62
 12 13 14 33 44 45 59 63
 12 13 14 33 44 45 59 61 62
 12 13 14 33 44 45 57 58 63
 12 13 14 33 44 45 57 58 61 62
 12 13 14 33 36 46 59
 12 13 14 33 36 46 57 58
 12 13 14 33 36 44 45 59
 12 13 14 33 36 44 45 57 58
 12 13 14 32 33 46 63
 12 13 14 32 33 46 61 62
 12 13 14 32 33 44 45 63
 12 13 14 32 33 44 45 61 62
 12 13 14 32 33 36 46
 12 13 14 32 33 36 44 45
 12 13 14 31 32 46 63
 12 13 14 31 32 46 61 62
 12 13 14 31 32 46 59 63
 12 13 14 31 32 46 59 61 62
 12 13 14 31 32 46 57 58 63
 12 13 14 31 32 46 57 58 61 62
 12 13 14 31 32 44 45 63
 12 13 14 31 32 44 45 61 62
 12 13 14 31 32 44 45 59 63
 12 13 14 31 32 44 45 59 61 62
 12 13 14 31 32 44 45 57 58 63
 12 13 14 31 32 44 45 57 58 61 62
 12 13 14 31 32 36 46
 12 13 14 31 32 36 46 59
 12 13 14 31 32 36 46 57 58
 12 13 14 31 32 36 44 45
 12 13 14 31 32 36 44 45 59
 12 13 14 31 32 36 44 45 57 58
 12 13 14 19 33 59 63
 12 13 14 19 33 59 61 62
 12 13 14 19 33 57 58 63
 12 13 14 19 33 57 58 61 62
 12 13 14 19 33 36 59
 12 13 14 19 33 36 57 58
 12 13 14 19 32 33 63
 12 13 14 19 32 33 61 62
 12 13 14 19 32 33 36
 12 13 14 19 31 32 63
 12 13 14 19 31 32 61 62
 12 13 14 19 31 32 59 63
 12 13 14 19 31 32 59 61 62
 12 13 14 19 31 32 57 58 63
 12 13 14 19 31 32 57 58 61 62
 12 13 14 19 31 32 36
 12 13 14 19 31 32 36 59
 12 13 14 19 31 32 36 57 58
 6 39 46 60 63 74
 6 39 46 60 63 72 73
 6 39 46 60 63 64 74
 6 39 46 60 63 64 72 73
 6 39 46 60 63 64 68 74
 6 39 46 60 63 64 68 72 73
 6 39 46 60 61 62 74
 6 39 46 60 61 62 72 73
 6 39 46 60 61 62 64 74
 6 39 46 60 61 62 64 72 73
 6 39 46 60 61 62 64 68 74
 6 39 46 60 61 62 64 68 72 73
 6 39 46 57 59 63
 6 39 46 57 59 61 62
 6 39 46 57 58 63
 6 39 46 57 58 61 62
 6 39 46 47 60 63
 6 39 46 47 60 63 64
 6 39 46 47 60 63 64 68
 6 39 46 47 60 61 62
 6 39 46 47 60 61 62 64
 6 39 46 47 60 61 62 64 68
 6 39 44 45 60 63 74
 6 39 44 45 60 63 72 73
 6 39 44 45 60 63 64 74
 6 39 44 45 60 63 64 72 73
 6 39 44 45 60 63 64 68 74
 6 39 44 45 60 63 64 68 72 73
 6 39 44 45 60 61 62 74
 6 39 44 45 60 61 62 72 73
 6 39 44 45 60 61 62 64 74
 6 39 44 45 60 61 62 64 72 73
 6 39 44 45 60 61 62 64 68 74
 6 39 44 45 60 61 62 64 68 72 73
 6 39 44 45 57 59 63
 6 39 44 45 57 59 61 62
 6 39 44 45 57 58 63
 6 39 44 45 57 58 61 62
 6 39 44 45 47 60 63
 6 39 44 45 47 60 63 64
 6 39 44 45 47 60 63 64 68
 6 39 44 45 47 60 61 62
 6 39 44 45 47 60 61 62 64
 6 39 44 45 47 60 61 62 64 68
 6 37 38 46 60 63 74
 6 37 38 46 60 63 72 73
 6 37 38 46 60 63 64 74
 6 37 38 46 60 63 64 72 73
 6 37 38 46 60 63 64 68 74
 6 37 38 46 60 63 64 68 72 73
 6 37 38 46 60 61 62 74
 6 37 38 46 60 61 62 72 73
 6 37 38 46 60 61 62 64 74
 6 37 38 46 60 61 62 64 72 73
 6 37 38 46 60 61 62 64 68 74
 6 37 38 46 60 61 62 64 68 72 73
 6 37 38 46 57 59 63
 6 37 38 46 57 59 61 62
 6 37 38 46 57 58 63
 6 37 38 46 57 58 61 62
 6 37 38 46 47 60 63
 6 37 38 46 47 60 63 64
 6 37 38 46 47 60 63 64 68
 6 37 38 46 47 60 61 62
 6 37 38 46 47 60 61 62 64
 6 37 38 46 47 60 61 62 64 68
 6 37 38 44 45 60 63 74
 6 37 38 44 45 60 63 72 73
 6 37 38 44 45 60 63 64 74
 6 37 38 44 45 60 63 64 72 73
 6 37 38 44 45 60 63 64 68 74
 6 37 38 44 45 60 63 64 68 72 73
 6 37 38 44 45 60 61 62 74
 6 37 38 44 45 60 61 62 72 73
 6 37 38 44 45 60 61 62 64 74
 6 37 38 44 45 60 61 62 64 72 73
 6 37 38 44 45 60 61 62 64 68 74
 6 37 38 44 45 60 61 62 64 68 72 73
 6 37 38 44 45 57 59 63
 6 37 38 44 45 57 59 61 62
 6 37 38 44 45 57 58 63
 6 37 38 44 45 57 58 61 62
 6 37 38 44 45 47 60 63
 6 37 38 44 45 47 60 63 64
 6 37 38 44 45 47 60 63 64 68
 6 37 38 44 45 47 60 61 62
 6 37 38 44 45 47 60 61 62 64
 6 37 38 44 45 47 60 61 62 64 68
 6 36 39 46 60 74
 6 36 39 46 60 72 73
 6 36 39 46 60 64 74
 6 36 39 46 60 64 72 73
 6 36 39 46 60 64 68 74
 6 36 39 46 60 64 68 72 73
 6 36 39 46 57 59
 6 36 39 46 57 58
 6 36 39 46 47 60
 6 36 39 46 47 60 64
 6 36 39 46 47 60 64 68
 6 36 39 44 45 60 74
 6 36 39 44 45 60 72 73
 6 36 39 44 45 60 64 74
 6 36 39 44 45 60 64 72 73
 6 36 39 44 45 60 64 68 74
 6 36 39 44 45 60 64 68 72 73
 6 36 39 44 45 57 59
 6 36 39 44 45 57 58
 6 36 39 44 45 47 60
 6 36 39 44 45 47 60 64
 6 36 39 44 45 47 60 64 68
 6 36 37 38 46 60 74
 6 36 37 38 46 60 72 73
 6 36 37 38 46 60 64 74
 6 36 37 38 46 60 64 72 73
 6 36 37 38 46 60 64 68 74
 6 36 37 38 46 60 64 68 72 73
 6 36 37 38 46 57 59
 6 36 37 38 46 57 58
 6 36 37 38 46 47 60
 6 36 37 38 46 47 60 64
 6 36 37 38 46 47 60 64 68
 6 36 37 38 44 45 60 74
 6 36 37 38 44 45 60 72 73
 6 36 37 38 44 45 60 64 74
 6 36 37 38 44 45 60 64 72 73
 6 36 37 38 44 45 60 64 68 74
 6 36 37 38 44 45 60 64 68 72 73
 6 36 37 38 44 45 57 59
 6 36 37 38 44 45 57 58
 6 36 37 38 44 45 47 60
 6 36 37 38 44 45 47 60 64
 6 36 37 38 44 45 47 60 64 68
 6 32 39 46 57 63
 6 32 39 46 57 61 62
 6 32 39 44 45 57 63
 6 32 39 44 45 57 61 62
 6 32 37 38 46 57 63
 6 32 37 38 46 57 61 62
 6 32 37 38 44 45 57 63
 6 32 37 38 44 45 57 61 62
 6 32 36 39 46 57
 6 32 36 39 44 45 57
 6 32 36 37 38 46 57
 6 32 36 37 38 44 45 57
 6 26 39 46 60 63 64 74
 6 26 39 46 60 63 64 72 73
 6 26 39 46 60 61 62 64 74
 6 26 39 46 60 61 62 64 72 73
 6 26 39 46 47 60 63 64
 6 26 39 46 47 60 61 62 64
 6 26 39 44 45 60 63 64 74
 6 26 39 44 45 60 63 64 72 73
 6 26 39 44 45 60 61 62 64 74
 6 26 39 44 45 60 61 62 64 72 73
 6 26 39 44 45 47 60 63 64
 6 26 39 44 45 47 60 61 62 64
 6 26 37 38 46 60 63 64 74
 6 26 37 38 46 60 63 64 72 73
 6 26 37 38 46 60 61 62 64 74
 6 26 37 38 46 60 61 62 64 72 73
 6 26 37 38 46 47 60 63 64
 6 26 37 38 46 47 60 61 62 64
 6 26 37 38 44 45 60 63 64 74
 6 26 37 38 44 45 60 63 64 72 73
 6 26 37 38 44 45 60 61 62 64 74
 6 26 37 38 44 45 60 61 62 64 72 73
 6 26 37 38 44 45 47 60 63 64
 6 26 37 38 44 45 47 60 61 62 64
 6 26 36 39 46 60 64 74
 6 26 36 39 46 60 64 72 73
 6 26 36 39 46 47 60 64
 6 26 36 39 44 45 60 64 74
 6 26 36 39 44 45 60 64 72 73
 6 26 36 39 44 45 47 60 64
 6 26 36 37 38 46 60 64 74
 6 26 36 37 38 46 60 64 72 73
 6 26 36 37 38 46 47 60 64
 6 26 36 37 38 44 45 60 64 74
 6 26 36 37 38 44 45 60 64 72 73
 6 26 36 37 38 44 45 47 60 64
 6 24 25 39 46 60 63 64 74
 6 24 25 39 46 60 63 64 72 73
 6 24 25 39 46 60 61 62 64 74
 6 24 25 39 46 60 61 62 64 72 73
 6 24 25 39 46 47 60 63 64
 6 24 25 39 46 47 60 61 62 64
 6 24 25 39 44 45 60 63 64 74
 6 24 25 39 44 45 60 63 64 72 73
 6 24 25 39 44 45 60 61 62 64 74
 6 24 25 39 44 45 60 61 62 64 72 73
 6 24 25 39 44 45 47 60 63 64
 6 24 25 39 44 45 47 60 61 62 64
 6 24 25 37 38 46 60 63 64 74
 6 24 25 37 38 46 60 63 64 72 73
 6 24 25 37 38 46 60 61 62 64 74
 6 24 25 37 38 46 60 61 62 64 72 73
 6 24 25 37 38 46 47 60 63 64
 6 24 25 37 38 46 47 60 61 62 64
 6 24 25 37 38 44 45 60 63 64 74
 6 24 25 37 38 44 45 60 63 64 72 73
 6 24 25 37 38 44 45 60 61 62 64 74
 6 24 25 37 38 44 45 60 61 62 64 72 73
 6 24 25 37 38 44 45 47 60 63 64
 6 24 25 37 38 44 45 47 60 61 62 64
 6 24 25 36 39 46 60 64 74
 6 24 25 36 39 46 60 64 72 73
 6 24 25 36 39 46 47 60 64
 6 24 25 36 39 44 45 60 64 74
 6 24 25 36 39 44 45 60 64 72 73
 6 24 25 36 39 44 45 47 60 64
 6 24 25 36 37 38 46 60 64 74
 6 24 25 36 37 38 46 60 64 72 73
 6 24 25 36 37 38 46 47 60 64
 6 24 25 36 37 38 44 45 60 64 74
 6 24 25 36 37 38 44 45 60 64 72 73
 6 24 25 36 37 38 44 45 47 60 64
 6 19 39 60 63 74
 6 19 39 60 63 72 73
 6 19 39 60 63 64 74
 6 19 39 60 63 64 72 73
 6 19 39 60 63 64 68 74
 6 19 39 60 63 64 68 72 73
 6 19 39 60 61 62 74
 6 19 39 60 61 62 72 73
 6 19 39 60 61 62 64 74
 6 19 39 60 61 62 64 72 73
 6 19 39 60 61 62 64 68 74
 6 19 39 60 61 62 64 68 72 73
 6 19 39 57 59 63
 6 19 39 57 59 61 62
 6 19 39 57 58 63
 6 19 39 57 58 61 62
 6 19 39 47 60 63
 6 19 39 47 60 63 64
 6 19 39 47 60 63 64 68
 6 19 39 47 60 61 62
 6 19 39 47 60 61 62 64
 6 19 39 47 60 61 62 64 68
 6 19 37 38 60 63 74
 6 19 37 38 60 63 72 73
 6 19 37 38 60 63 64 74
 6 19 37 38 60 63 64 72 73
 6 19 37 38 60 63 64 68 74
 6 19 37 38 60 63 64 68 72 73
 6 19 37 38 60 61 62 74
 6 19 37 38 60 61 62 72 73
 6 19 37 38 60 61 62 64 74
 6 19 37 38 60 61 62 64 72 73
 6 19 37 38 60 61 62 64 68 74
 6 19 37 38 60 61 62 64 68 72 73
 6 19 37 38 57 59 63
 6 19 37 38 57 59 61 62
 6 19 37 38 57 58 63
 6 19 37 38 57 58 61 62
 6 19 37 38 47 60 63
 6 19 37 38 47 60 63 64
 6 19 37 38 47 60 63 64 68
 6 19 37 38 47 60 61 62
 6 19 37 38 47 60 61 62 64
 6 19 37 38 47 60 61 62 64 68
 6 19 36 39 60 74
 6 19 36 39 60 72 73
 6 19 36 39 60 64 74
 6 19 36 39 60 64 72 73
 6 19 36 39 60 64 68 74
 6 19 36 39 60 64 68 72 73
 6 19 36 39 57 59
 6 19 36 39 57 58
 6 19 36 39 47 60
 6 19 36 39 47 60 64
 6 19 36 39 47 60 64 68
 6 19 36 37 38 60 74
 6 19 36 37 38 60 72 73
 6 19 36 37 38 60 64 74
 6 19 36 37 38 60 64 72 73
 6 19 36 37 38 60 64 68 74
 6 19 36 37 38 60 64 68 72 73
 6 19 36 37 38 57 59
 6 19 36 37 38 57 58
 6 19 36 37 38 47 60
 6 19 36 37 38 47 60 64
 6 19 36 37 38 47 60 64 68
 6 19 32 39 57 63
 6 19 32 39 57 61 62
 6 19 32 37 38 57 63
 6 19 32 37 38 57 61 62
 6 19 32 36 39 57
 6 19 32 36 37 38 57
 6 19 26 39 60 63 64 74
 6 19 26 39 60 63 64 72 73
 6 19 26 39 60 61 62 64 74
 6 19 26 39 60 61 62 64 72 73
 6 19 26 39 47 60 63 64
 6 19 26 39 47 60 61 62 64
 6 19 26 37 38 60 63 64 74
 6 19 26 37 38 60 63 64 72 73
 6 19 26 37 38 60 61 62 64 74
 6 19 26 37 38 60 61 62 64 72 73
 6 19 26 37 38 47 60 63 64
 6 19 26 37 38 47 60 61 62 64
 6 19 26 36 39 60 64 74
 6 19 26 36 39 60 64 72 73
 6 19 26 36 39 47 60 64
 6 19 26 36 37 38 60 64 74
 6 19 26 36 37 38 60 64 72 73
 6 19 26 36 37 38 47 60 64
 6 19 24 25 39 60 63 64 74
 6 19 24 25 39 60 63 64 72 73
 6 19 24 25 39 60 61 62 64 74
 6 19 24 25 39 60 61 62 64 72 73
 6 19 24 25 39 47 60 63 64
 6 19 24 25 39 47 60 61 62 64
 6 19 24 25 37 38 60 63 64 74
 6 19 24 25 37 38 60 63 64 72 73
 6 19 24 25 37 38 60 61 62 64 74
 6 19 24 25 37 38 60 61 62 64 72 73
 6 19 24 25 37 38 47 60 63 64
 6 19 24 25 37 38 47 60 61 62 64
 6 19 24 25 36 39 60 64 74
 6 19 24 25 36 39 60 64 72 73
 6 19 24 25 36 39 47 60 64
 6 19 24 25 36 37 38 60 64 74
 6 19 24 25 36 37 38 60 64 72 73
 6 19 24 25 36 37 38 47 60 64
 6 15 39 46 59 63
 6 15 39 46 59 61 62
 6 15 39 46 57 58 63
 6 15 39 46 57 58 61 62
 6 15 39 44 45 59 63
 6 15 39 44 45 59 61 62
 6 15 39 44 45 57 58 63
 6 15 39 44 45 57 58 61 62
 6 15 37 38 46 59 63
 6 15 37 38 46 59 61 62
 6 15 37 38 46 57 58 63
 6 15 37 38 46 57 58 61 62
 6 15 37 38 44 45 59 63
 6 15 37 38 44 45 59 61 62
 6 15 37 38 44 45 57 58 63
 6 15 37 38 44 45 57 58 61 62
 6 15 36 39 46 59
 6 15 36 39 46 57 58
 6 15 36 39 44 45 59
 6 15 36 39 44 45 57 58
 6 15 36 37 38 46 59
 6 15 36 37 38 46 57 58
 6 15 36 37 38 44 45 59
 6 15 36 37 38 44 45 57 58
 6 15 32 39 46 63
 6 15 32 39 46 61 62
 6 15 32 39 44 45 63
 6 15 32 39 44 45 61 62
 6 15 32 37 38 46 63
 6 15 32 37 38 46 61 62
 6 15 32 37 38 44 45 63
 6 15 32 37 38 44 45 61 62
 6 15 32 36 39 46
 6 15 32 36 39 44 45
 6 15 32 36 37 38 46
 6 15 32 36 37 38 44 45
 6 15 19 39 59 63
 6 15 19 39 59 61 62
 6 15 19 39 57 58 63
 6 15 19 39 57 58 61 62
 6 15 19 37 38 59 63
 6 15 19 37 38 59 61 62
 6 15 19 37 38 57 58 63
 6 15 19 37 38 57 58 61 62
 6 15 19 36 39 59
 6 15 19 36 39 57 58
 6 15 19 36 37 38 59
 6 15 19 36 37 38 57 58
 6 15 19 32 39 63
 6 15 19 32 39 61 62
 6 15 19 32 37 38 63
 6 15 19 32 37 38 61 62
 6 15 19 32 36 39
 6 15 19 32 36 37 38
 6 13 14 39 46 59 63
 6 13 14 39 46 59 61 62
 6 13 14 39 46 57 58 63
 6 13 14 39 46 57 58 61 62
 6 13 14 39 44 45 59 63
 6 13 14 39 44 45 59 61 62
 6 13 14 39 44 45 57 58 63
 6 13 14 39 44 45 57 58 61 62
 6 13 14 37 38 46 59 63
 6 13 14 37 38 46 59 61 62
 6 13 14 37 38 46 57 58 63
 6 13 14 37 38 46 57 58 61 62
 6 13 14 37 38 44 45 59 63
 6 13 14 37 38 44 45 59 61 62
 6 13 14 37 38 44 45 57 58 63
 6 13 14 37 38 44 45 57 58 61 62
 6 13 14 36 39 46 59
 6 13 14 36 39 46 57 58
 6 13 14 36 39 44 45 59
 6 13 14 36 39 44 45 57 58
 6 13 14 36 37 38 46 59
 6 13 14 36 37 38 46 57 58
 6 13 14 36 37 38 44 45 59
 6 13 14 36 37 38 44 45 57 58
 6 13 14 32 39 46 63
 6 13 14 32 39 46 61 62
 6 13 14 32 39 44 45 63
 6 13 14 32 39 44 45 61 62
 6 13 14 32 37 38 46 63
 6 13 14 32 37 38 46 61 62
 6 13 14 32 37 38 44 45 63
 6 13 14 32 37 38 44 45 61 62
 6 13 14 32 36 39 46
 6 13 14 32 36 39 44 45
 6 13 14 32 36 37 38 46
 6 13 14 32 36 37 38 44 45
 6 13 14 19 39 59 63
 6 13 14 19 39 59 61 62
 6 13 14 19 39 57 58 63
 6 13 14 19 39 57 58 61 62
 6 13 14 19 37 38 59 63
 6 13 14 19 37 38 59 61 62
 6 13 14 19 37 38 57 58 63
 6 13 14 19 37 38 57 58 61 62
 6 13 14 19 36 39 59
 6 13 14 19 36 39 57 58
 6 13 14 19 36 37 38 59
 6 13 14 19 36 37 38 57 58
 6 13 14 19 32 39 63
 6 13 14 19 32 39 61 62
 6 13 14 19 32 37 38 63
 6 13 14 19 32 37 38 61 62
 6 13 14 19 32 36 39
 6 13 14 19 32 36 37 38
 6 12 46 60 63 74
 6 12 46 60 63 72 73
 6 12 46 60 63 64 74
 6 12 46 60 63 64 72 73
 6 12 46 60 63 64 68 74
 6 12 46 60 63 64 68 72 73
 6 12 46 60 61 62 74
 6 12 46 60 61 62 72 73
 6 12 46 60 61 62 64 74
 6 12 46 60 61 62 64 72 73
 6 12 46 60 61 62 64 68 74
 6 12 46 60 61 62 64 68 72 73
 6 12 46 57 59 63
 6 12 46 57 59 61 62
 6 12 46 57 58 63
 6 12 46 57 58 61 62
 6 12 46 47 60 63
 6 12 46 47 60 63 64
 6 12 46 47 60 63 64 68
 6 12 46 47 60 61 62
 6 12 46 47 60 61 62 64
 6 12 46 47 60 61 62 64 68
 6 12 44 45 60 63 74
 6 12 44 45 60 63 72 73
 6 12 44 45 60 63 64 74
 6 12 44 45 60 63 64 72 73
 6 12 44 45 60 63 64 68 74
 6 12 44 45 60 63 64 68 72 73
 6 12 44 45 60 61 62 74
 6 12 44 45 60 61 62 72 73
 6 12 44 45 60 61 62 64 74
 6 12 44 45 60 61 62 64 72 73
 6 12 44 45 60 61 62 64 68 74
 6 12 44 45 60 61 62 64 68 72 73
 6 12 44 45 57 59 63
 6 12 44 45 57 59 61 62
 6 12 44 45 57 58 63
 6 12 44 45 57 58 61 62
 6 12 44 45 47 60 63
 6 12 44 45 47 60 63 64
 6 12 44 45 47 60 63 64 68
 6 12 44 45 47 60 61 62
 6 12 44 45 47 60 61 62 64
 6 12 44 45 47 60 61 62 64 68
 6 12 36 46 60 74
 6 12 36 46 60 72 73
 6 12 36 46 60 64 74
 6 12 36 46 60 64 72 73
 6 12 36 46 60 64 68 74
 6 12 36 46 60 64 68 72 73
 6 12 36 46 57 59
 6 12 36 46 57 58
 6 12 36 46 47 60
 6 12 36 46 47 60 64
 6 12 36 46 47 60 64 68
 6 12 36 44 45 60 74
 6 12 36 44 45 60 72 73
 6 12 36 44 45 60 64 74
 6 12 36 44 45 60 64 72 73
 6 12 36 44 45 60 64 68 74
 6 12 36 44 45 60 64 68 72 73
 6 12 36 44 45 57 59
 6 12 36 44 45 57 58
 6 12 36 44 45 47 60
 6 12 36 44 45 47 60 64
 6 12 36 44 45 47 60 64 68
 6 12 32 46 57 63
 6 12 32 46 57 61 62
 6 12 32 44 45 57 63
 6 12 32 44 45 57 61 62
 6 12 32 36 46 57
 6 12 32 36 44 45 57
 6 12 26 46 60 63 64 74
 6 12 26 46 60 63 64 72 73
 6 12 26 46 60 61 62 64 74
 6 12 26 46 60 61 62 64 72 73
 6 12 26 46 47 60 63 64
 6 12 26 46 47 60 61 62 64
 6 12 26 44 45 60 63 64 74
 6 12 26 44 45 60 63 64 72 73
 6 12 26 44 45 60 61 62 64 74
 6 12 26 44 45 60 61 62 64 72 73
 6 12 26 44 45 47 60 63 64
 6 12 26 44 45 47 60 61 62 64
 6 12 26 36 46 60 64 74
 6 12 26 36 46 60 64 72 73
 6 12 26 36 46 47 60 64
 6 12 26 36 44 45 60 64 74
 6 12 26 36 44 45 60 64 72 73
 6 12 26 36 44 45 47 60 64
 6 12 24 25 46 60 63 64 74
 6 12 24 25 46 60 63 64 72 73
 6 12 24 25 46 60 61 62 64 74
 6 12 24 25 46 60 61 62 64 72 73
 6 12 24 25 46 47 60 63 64
 6 12 24 25 46 47 60 61 62 64
 6 12 24 25 44 45 60 63 64 74
 6 12 24 25 44 45 60 63 64 72 73
 6 12 24 25 44 45 60 61 62 64 74
 6 12 24 25 44 45 60 61 62 64 72 73
 6 12 24 25 44 45 47 60 63 64
 6 12 24 25 44 45 47 60 61 62 64
 6 12 24 25 36 46 60 64 74
 6 12 24 25 36 46 60 64 72 73
 6 12 24 25 36 46 47 60 64
 6 12 24 25 36 44 45 60 64 74
 6 12 24 25 36 44 45 60 64 72 73
 6 12 24 25 36 44 45 47 60 64
 6 12 19 60 63 74
 6 12 19 60 63 72 73
 6 12 19 60 63 64 74
 6 12 19 60 63 64 72 73
 6 12 19 60 63 64 68 74
 6 12 19 60 63 64 68 72 73
 6 12 19 60 61 62 74
 6 12 19 60 61 62 72 73
 6 12 19 60 61 62 64 74
 6 12 19 60 61 62 64 72 73
 6 12 19 60 61 62 64 68 74
 6 12 19 60 61 62 64 68 72 73
 6 12 19 57 59 63
 6 12 19 57 59 61 62
 6 12 19 57 58 63
 6 12 19 57 58 61 62
 6 12 19 47 60 63
 6 12 19 47 60 63 64
 6 12 19 47 60 63 64 68
 6 12 19 47 60 61 62
 6 12 19 47 60 61 62 64
 6 12 19 47 60 61 62 64 68
 6 12 19 36 60 74
 6 12 19 36 60 72 73
 6 12 19 36 60 64 74
 6 12 19 36 60 64 72 73
 6 12 19 36 60 64 68 74
 6 12 19 36 60 64 68 72 73
 6 12 19 36 57 59
 6 12 19 36 57 58
 6 12 19 36 47 60
 6 12 19 36 47 60 64
 6 12 19 36 47 60 64 68
 6 12 19 32 57 63
 6 12 19 32 57 61 62
 6 12 19 32 36 57
 6 12 19 26 60 63 64 74
 6 12 19 26 60 63 64 72 73
 6 12 19 26 60 61 62 64 74
 6 12 19 26 60 61 62 64 72 73
 6 12 19 26 47 60 63 64
 6 12 19 26 47 60 61 62 64
 6 12 19 26 36 60 64 74
 6 12 19 26 36 60 64 72 73
 6 12 19 26 36 47 60 64
 6 12 19 24 25 60 63 64 74
 6 12 19 24 25 60 63 64 72 73
 6 12 19 24 25 60 61 62 64 74
 6 12 19 24 25 60 61 62 64 72 73
 6 12 19 24 25 47 60 63 64
 6 12 19 24 25 47 60 61 62 64
 6 12 19 24 25 36 60 64 74
 6 12 19 24 25 36 60 64 72 73
 6 12 19 24 25 36 47 60 64
 6 12 15 46 59 63
 6 12 15 46 59 61 62
 6 12 15 46 57 58 63
 6 12 15 46 57 58 61 62
 6 12 15 44 45 59 63
 6 12 15 44 45 59 61 62
 6 12 15 44 45 57 58 63
 6 12 15 44 45 57 58 61 62
 6 12 15 36 46 59
 6 12 15 36 46 57 58
 6 12 15 36 44 45 59
 6 12 15 36 44 45 57 58
 6 12 15 32 46 63
 6 12 15 32 46 61 62
 6 12 15 32 44 45 63
 6 12 15 32 44 45 61 62
 6 12 15 32 36 46
 6 12 15 32 36 44 45
 6 12 15 19 59 63
 6 12 15 19 59 61 62
 6 12 15 19 57 58 63
 6 12 15 19 57 58 61 62
 6 12 15 19 36 59
 6 12 15 19 36 57 58
 6 12 15 19 32 63
 6 12 15 19 32 61 62
 6 12 15 19 32 36
 6 12 13 14 46 59 63
 6 12 13 14 46 59 61 62
 6 12 13 14 46 57 58 63
 6 12 13 14 46 57 58 61 62
 6 12 13 14 44 45 59 63
 6 12 13 14 44 45 59 61 62
 6 12 13 14 44 45 57 58 63
 6 12 13 14 44 45 57 58 61 62
 6 12 13 14 36 46 59
 6 12 13 14 36 46 57 58
 6 12 13 14 36 44 45 59
 6 12 13 14 36 44 45 57 58
 6 12 13 14 32 46 63
 6 12 13 14 32 46 61 62
 6 12 13 14 32 44 45 63
 6 12 13 14 32 44 45 61 62
 6 12 13 14 32 36 46
 6 12 13 14 32 36 44 45
 6 12 13 14 19 59 63
 6 12 13 14 19 59 61 62
 6 12 13 14 19 57 58 63
 6 12 13 14 19 57 58 61 62
 6 12 13 14 19 36 59
 6 12 13 14 19 36 57 58
 6 12 13 14 19 32 63
 6 12 13 14 19 32 61 62
 6 12 13 14 19 32 36
