 58 59 63 76
 58 59 63 74 75
 58 59 61 62 76
 58 59 61 62 74 75
 57 58 63 76
 57 58 63 74 75
 57 58 61 62 76
 57 58 61 62 74 75
 49 58 59 63
 49 58 59 61 62
 49 57 58 63
 49 57 58 61 62
 44 58 59 60 76 78
 44 58 59 60 76 77
 44 58 59 60 74 75 78
 44 58 59 60 74 75 76 77
 44 58 59 60 68 76 78
 44 58 59 60 68 76 77
 44 58 59 60 68 74 75 78
 44 58 59 60 68 74 75 76 77
 44 57 58 60 76 78
 44 57 58 60 76 77
 44 57 58 60 74 75 78
 44 57 58 60 74 75 76 77
 44 57 58 60 68 76 78
 44 57 58 60 68 76 77
 44 57 58 60 68 74 75 78
 44 57 58 60 68 74 75 76 77
 44 51 58 59 60 76
 44 51 58 59 60 74 75
 44 51 58 59 60 68 76
 44 51 58 59 60 68 74 75
 44 51 57 58 60 76
 44 51 57 58 60 74 75
 44 51 57 58 60 68 76
 44 51 57 58 60 68 74 75
 44 49 58 59 60 78
 44 49 58 59 60 76 77
 44 49 58 59 60 68 78
 44 49 58 59 60 68 76 77
 44 49 57 58 60 78
 44 49 57 58 60 76 77
 44 49 57 58 60 68 78
 44 49 57 58 60 68 76 77
 44 49 51 58 59 60
 44 49 51 58 59 60 68
 44 49 51 57 58 60
 44 49 51 57 58 60 68
 42 43 58 59 60 76 78
 42 43 58 59 60 76 77
 42 43 58 59 60 74 75 78
 42 43 58 59 60 74 75 76 77
 42 43 58 59 60 68 76 78
 42 43 58 59 60 68 76 77
 42 43 58 59 60 68 74 75 78
 42 43 58 59 60 68 74 75 76 77
 42 43 57 58 60 76 78
 42 43 57 58 60 76 77
 42 43 57 58 60 74 75 78
 42 43 57 58 60 74 75 76 77
 42 43 57 58 60 68 76 78
 42 43 57 58 60 68 76 77
 42 43 57 58 60 68 74 75 78
 42 43 57 58 60 68 74 75 76 77
 42 43 51 58 59 60 76
 42 43 51 58 59 60 74 75
 42 43 51 58 59 60 68 76
 42 43 51 58 59 60 68 74 75
 42 43 51 57 58 60 76
 42 43 51 57 58 60 74 75
 42 43 51 57 58 60 68 76
 42 43 51 57 58 60 68 74 75
 42 43 49 58 59 60 78
 42 43 49 58 59 60 76 77
 42 43 49 58 59 60 68 78
 42 43 49 58 59 60 68 76 77
 42 43 49 57 58 60 78
 42 43 49 57 58 60 76 77
 42 43 49 57 58 60 68 78
 42 43 49 57 58 60 68 76 77
 42 43 49 51 58 59 60
 42 43 49 51 58 59 60 68
 42 43 49 51 57 58 60
 42 43 49 51 57 58 60 68
 41 44 58 59 60 76 78
 41 44 58 59 60 76 77
 41 44 58 59 60 74 75 78
 41 44 58 59 60 74 75 76 77
 41 44 57 58 60 76 78
 41 44 57 58 60 76 77
 41 44 57 58 60 74 75 78
 41 44 57 58 60 74 75 76 77
 41 44 51 58 59 60 76
 41 44 51 58 59 60 74 75
 41 44 51 57 58 60 76
 41 44 51 57 58 60 74 75
 41 44 49 58 59 60 78
 41 44 49 58 59 60 76 77
 41 44 49 57 58 60 78
 41 44 49 57 58 60 76 77
 41 44 49 51 58 59 60
 41 44 49 51 57 58 60
 41 42 43 58 59 60 76 78
 41 42 43 58 59 60 76 77
 41 42 43 58 59 60 74 75 78
 41 42 43 58 59 60 74 75 76 77
 41 42 43 57 58 60 76 78
 41 42 43 57 58 60 76 77
 41 42 43 57 58 60 74 75 78
 41 42 43 57 58 60 74 75 76 77
 41 42 43 51 58 59 60 76
 41 42 43 51 58 59 60 74 75
 41 42 43 51 57 58 60 76
 41 42 43 51 57 58 60 74 75
 41 42 43 49 58 59 60 78
 41 42 43 49 58 59 60 76 77
 41 42 43 49 57 58 60 78
 41 42 43 49 57 58 60 76 77
 41 42 43 49 51 58 59 60
 41 42 43 49 51 57 58 60
 39 44 58 59 60 76 78
 39 44 58 59 60 76 77
 39 44 58 59 60 74 75 78
 39 44 58 59 60 74 75 76 77
 39 44 57 58 60 76 78
 39 44 57 58 60 76 77
 39 44 57 58 60 74 75 78
 39 44 57 58 60 74 75 76 77
 39 44 51 58 59 60 76
 39 44 51 58 59 60 74 75
 39 44 51 57 58 60 76
 39 44 51 57 58 60 74 75
 39 44 49 58 59 60 78
 39 44 49 58 59 60 76 77
 39 44 49 57 58 60 78
 39 44 49 57 58 60 76 77
 39 44 49 51 58 59 60
 39 44 49 51 57 58 60
 39 42 43 58 59 60 76 78
 39 42 43 58 59 60 76 77
 39 42 43 58 59 60 74 75 78
 39 42 43 58 59 60 74 75 76 77
 39 42 43 57 58 60 76 78
 39 42 43 57 58 60 76 77
 39 42 43 57 58 60 74 75 78
 39 42 43 57 58 60 74 75 76 77
 39 42 43 51 58 59 60 76
 39 42 43 51 58 59 60 74 75
 39 42 43 51 57 58 60 76
 39 42 43 51 57 58 60 74 75
 39 42 43 49 58 59 60 78
 39 42 43 49 58 59 60 76 77
 39 42 43 49 57 58 60 78
 39 42 43 49 57 58 60 76 77
 39 42 43 49 51 58 59 60
 39 42 43 49 51 57 58 60
 38 39 44 58 59 60 76 78
 38 39 44 58 59 60 76 77
 38 39 44 58 59 60 74 75 78
 38 39 44 58 59 60 74 75 76 77
 38 39 44 57 58 60 76 78
 38 39 44 57 58 60 76 77
 38 39 44 57 58 60 74 75 78
 38 39 44 57 58 60 74 75 76 77
 38 39 44 51 58 59 60 76
 38 39 44 51 58 59 60 74 75
 38 39 44 51 57 58 60 76
 38 39 44 51 57 58 60 74 75
 38 39 44 49 58 59 60 78
 38 39 44 49 58 59 60 76 77
 38 39 44 49 57 58 60 78
 38 39 44 49 57 58 60 76 77
 38 39 44 49 51 58 59 60
 38 39 44 49 51 57 58 60
 38 39 42 43 58 59 60 76 78
 38 39 42 43 58 59 60 76 77
 38 39 42 43 58 59 60 74 75 78
 38 39 42 43 58 59 60 74 75 76 77
 38 39 42 43 57 58 60 76 78
 38 39 42 43 57 58 60 76 77
 38 39 42 43 57 58 60 74 75 78
 38 39 42 43 57 58 60 74 75 76 77
 38 39 42 43 51 58 59 60 76
 38 39 42 43 51 58 59 60 74 75
 38 39 42 43 51 57 58 60 76
 38 39 42 43 51 57 58 60 74 75
 38 39 42 43 49 58 59 60 78
 38 39 42 43 49 58 59 60 76 77
 38 39 42 43 49 57 58 60 78
 38 39 42 43 49 57 58 60 76 77
 38 39 42 43 49 51 58 59 60
 38 39 42 43 49 51 57 58 60
 37 38 44 58 59 60 76 78
 37 38 44 58 59 60 76 77
 37 38 44 58 59 60 74 75 78
 37 38 44 58 59 60 74 75 76 77
 37 38 44 57 58 60 76 78
 37 38 44 57 58 60 76 77
 37 38 44 57 58 60 74 75 78
 37 38 44 57 58 60 74 75 76 77
 37 38 44 51 58 59 60 76
 37 38 44 51 58 59 60 74 75
 37 38 44 51 57 58 60 76
 37 38 44 51 57 58 60 74 75
 37 38 44 49 58 59 60 78
 37 38 44 49 58 59 60 76 77
 37 38 44 49 57 58 60 78
 37 38 44 49 57 58 60 76 77
 37 38 44 49 51 58 59 60
 37 38 44 49 51 57 58 60
 37 38 42 43 58 59 60 76 78
 37 38 42 43 58 59 60 76 77
 37 38 42 43 58 59 60 74 75 78
 37 38 42 43 58 59 60 74 75 76 77
 37 38 42 43 57 58 60 76 78
 37 38 42 43 57 58 60 76 77
 37 38 42 43 57 58 60 74 75 78
 37 38 42 43 57 58 60 74 75 76 77
 37 38 42 43 51 58 59 60 76
 37 38 42 43 51 58 59 60 74 75
 37 38 42 43 51 57 58 60 76
 37 38 42 43 51 57 58 60 74 75
 37 38 42 43 49 58 59 60 78
 37 38 42 43 49 58 59 60 76 77
 37 38 42 43 49 57 58 60 78
 37 38 42 43 49 57 58 60 76 77
 37 38 42 43 49 51 58 59 60
 37 38 42 43 49 51 57 58 60
 37 38 40 44 58 59 60 76 78
 37 38 40 44 58 59 60 76 77
 37 38 40 44 58 59 60 74 75 78
 37 38 40 44 58 59 60 74 75 76 77
 37 38 40 44 57 58 60 76 78
 37 38 40 44 57 58 60 76 77
 37 38 40 44 57 58 60 74 75 78
 37 38 40 44 57 58 60 74 75 76 77
 37 38 40 44 51 58 59 60 76
 37 38 40 44 51 58 59 60 74 75
 37 38 40 44 51 57 58 60 76
 37 38 40 44 51 57 58 60 74 75
 37 38 40 44 49 58 59 60 78
 37 38 40 44 49 58 59 60 76 77
 37 38 40 44 49 57 58 60 78
 37 38 40 44 49 57 58 60 76 77
 37 38 40 44 49 51 58 59 60
 37 38 40 44 49 51 57 58 60
 37 38 40 42 43 58 59 60 76 78
 37 38 40 42 43 58 59 60 76 77
 37 38 40 42 43 58 59 60 74 75 78
 37 38 40 42 43 58 59 60 74 75 76 77
 37 38 40 42 43 57 58 60 76 78
 37 38 40 42 43 57 58 60 76 77
 37 38 40 42 43 57 58 60 74 75 78
 37 38 40 42 43 57 58 60 74 75 76 77
 37 38 40 42 43 51 58 59 60 76
 37 38 40 42 43 51 58 59 60 74 75
 37 38 40 42 43 51 57 58 60 76
 37 38 40 42 43 51 57 58 60 74 75
 37 38 40 42 43 49 58 59 60 78
 37 38 40 42 43 49 58 59 60 76 77
 37 38 40 42 43 49 57 58 60 78
 37 38 40 42 43 49 57 58 60 76 77
 37 38 40 42 43 49 51 58 59 60
 37 38 40 42 43 49 51 57 58 60
 37 38 39 44 58 59 60 76 78
 37 38 39 44 58 59 60 76 77
 37 38 39 44 58 59 60 74 75 78
 37 38 39 44 58 59 60 74 75 76 77
 37 38 39 44 57 58 60 76 78
 37 38 39 44 57 58 60 76 77
 37 38 39 44 57 58 60 74 75 78
 37 38 39 44 57 58 60 74 75 76 77
 37 38 39 44 51 58 59 60 76
 37 38 39 44 51 58 59 60 74 75
 37 38 39 44 51 57 58 60 76
 37 38 39 44 51 57 58 60 74 75
 37 38 39 44 49 58 59 60 78
 37 38 39 44 49 58 59 60 76 77
 37 38 39 44 49 57 58 60 78
 37 38 39 44 49 57 58 60 76 77
 37 38 39 44 49 51 58 59 60
 37 38 39 44 49 51 57 58 60
 37 38 39 42 43 58 59 60 76 78
 37 38 39 42 43 58 59 60 76 77
 37 38 39 42 43 58 59 60 74 75 78
 37 38 39 42 43 58 59 60 74 75 76 77
 37 38 39 42 43 57 58 60 76 78
 37 38 39 42 43 57 58 60 76 77
 37 38 39 42 43 57 58 60 74 75 78
 37 38 39 42 43 57 58 60 74 75 76 77
 37 38 39 42 43 51 58 59 60 76
 37 38 39 42 43 51 58 59 60 74 75
 37 38 39 42 43 51 57 58 60 76
 37 38 39 42 43 51 57 58 60 74 75
 37 38 39 42 43 49 58 59 60 78
 37 38 39 42 43 49 58 59 60 76 77
 37 38 39 42 43 49 57 58 60 78
 37 38 39 42 43 49 57 58 60 76 77
 37 38 39 42 43 49 51 58 59 60
 37 38 39 42 43 49 51 57 58 60
 36 58 59 76
 36 58 59 74 75
 36 57 58 76
 36 57 58 74 75
 36 49 58 59
 36 49 57 58
 32 58 63 76
 32 58 63 74 75
 32 58 61 62 76
 32 58 61 62 74 75
 32 49 58 63
 32 49 58 61 62
 32 44 58 60 76 78
 32 44 58 60 76 77
 32 44 58 60 74 75 78
 32 44 58 60 74 75 76 77
 32 44 58 60 68 76 78
 32 44 58 60 68 76 77
 32 44 58 60 68 74 75 78
 32 44 58 60 68 74 75 76 77
 32 44 51 58 60 76
 32 44 51 58 60 74 75
 32 44 51 58 60 68 76
 32 44 51 58 60 68 74 75
 32 44 49 58 60 78
 32 44 49 58 60 76 77
 32 44 49 58 60 68 78
 32 44 49 58 60 68 76 77
 32 44 49 51 58 60
 32 44 49 51 58 60 68
 32 42 43 58 60 76 78
 32 42 43 58 60 76 77
 32 42 43 58 60 74 75 78
 32 42 43 58 60 74 75 76 77
 32 42 43 58 60 68 76 78
 32 42 43 58 60 68 76 77
 32 42 43 58 60 68 74 75 78
 32 42 43 58 60 68 74 75 76 77
 32 42 43 51 58 60 76
 32 42 43 51 58 60 74 75
 32 42 43 51 58 60 68 76
 32 42 43 51 58 60 68 74 75
 32 42 43 49 58 60 78
 32 42 43 49 58 60 76 77
 32 42 43 49 58 60 68 78
 32 42 43 49 58 60 68 76 77
 32 42 43 49 51 58 60
 32 42 43 49 51 58 60 68
 32 41 44 58 60 76 78
 32 41 44 58 60 76 77
 32 41 44 58 60 74 75 78
 32 41 44 58 60 74 75 76 77
 32 41 44 51 58 60 76
 32 41 44 51 58 60 74 75
 32 41 44 49 58 60 78
 32 41 44 49 58 60 76 77
 32 41 44 49 51 58 60
 32 41 42 43 58 60 76 78
 32 41 42 43 58 60 76 77
 32 41 42 43 58 60 74 75 78
 32 41 42 43 58 60 74 75 76 77
 32 41 42 43 51 58 60 76
 32 41 42 43 51 58 60 74 75
 32 41 42 43 49 58 60 78
 32 41 42 43 49 58 60 76 77
 32 41 42 43 49 51 58 60
 32 39 44 58 60 76 78
 32 39 44 58 60 76 77
 32 39 44 58 60 74 75 78
 32 39 44 58 60 74 75 76 77
 32 39 44 51 58 60 76
 32 39 44 51 58 60 74 75
 32 39 44 49 58 60 78
 32 39 44 49 58 60 76 77
 32 39 44 49 51 58 60
 32 39 42 43 58 60 76 78
 32 39 42 43 58 60 76 77
 32 39 42 43 58 60 74 75 78
 32 39 42 43 58 60 74 75 76 77
 32 39 42 43 51 58 60 76
 32 39 42 43 51 58 60 74 75
 32 39 42 43 49 58 60 78
 32 39 42 43 49 58 60 76 77
 32 39 42 43 49 51 58 60
 32 38 39 44 58 60 76 78
 32 38 39 44 58 60 76 77
 32 38 39 44 58 60 74 75 78
 32 38 39 44 58 60 74 75 76 77
 32 38 39 44 51 58 60 76
 32 38 39 44 51 58 60 74 75
 32 38 39 44 49 58 60 78
 32 38 39 44 49 58 60 76 77
 32 38 39 44 49 51 58 60
 32 38 39 42 43 58 60 76 78
 32 38 39 42 43 58 60 76 77
 32 38 39 42 43 58 60 74 75 78
 32 38 39 42 43 58 60 74 75 76 77
 32 38 39 42 43 51 58 60 76
 32 38 39 42 43 51 58 60 74 75
 32 38 39 42 43 49 58 60 78
 32 38 39 42 43 49 58 60 76 77
 32 38 39 42 43 49 51 58 60
 32 37 38 44 58 60 76 78
 32 37 38 44 58 60 76 77
 32 37 38 44 58 60 74 75 78
 32 37 38 44 58 60 74 75 76 77
 32 37 38 44 51 58 60 76
 32 37 38 44 51 58 60 74 75
 32 37 38 44 49 58 60 78
 32 37 38 44 49 58 60 76 77
 32 37 38 44 49 51 58 60
 32 37 38 42 43 58 60 76 78
 32 37 38 42 43 58 60 76 77
 32 37 38 42 43 58 60 74 75 78
 32 37 38 42 43 58 60 74 75 76 77
 32 37 38 42 43 51 58 60 76
 32 37 38 42 43 51 58 60 74 75
 32 37 38 42 43 49 58 60 78
 32 37 38 42 43 49 58 60 76 77
 32 37 38 42 43 49 51 58 60
 32 37 38 40 44 58 60 76 78
 32 37 38 40 44 58 60 76 77
 32 37 38 40 44 58 60 74 75 78
 32 37 38 40 44 58 60 74 75 76 77
 32 37 38 40 44 51 58 60 76
 32 37 38 40 44 51 58 60 74 75
 32 37 38 40 44 49 58 60 78
 32 37 38 40 44 49 58 60 76 77
 32 37 38 40 44 49 51 58 60
 32 37 38 40 42 43 58 60 76 78
 32 37 38 40 42 43 58 60 76 77
 32 37 38 40 42 43 58 60 74 75 78
 32 37 38 40 42 43 58 60 74 75 76 77
 32 37 38 40 42 43 51 58 60 76
 32 37 38 40 42 43 51 58 60 74 75
 32 37 38 40 42 43 49 58 60 78
 32 37 38 40 42 43 49 58 60 76 77
 32 37 38 40 42 43 49 51 58 60
 32 37 38 39 44 58 60 76 78
 32 37 38 39 44 58 60 76 77
 32 37 38 39 44 58 60 74 75 78
 32 37 38 39 44 58 60 74 75 76 77
 32 37 38 39 44 51 58 60 76
 32 37 38 39 44 51 58 60 74 75
 32 37 38 39 44 49 58 60 78
 32 37 38 39 44 49 58 60 76 77
 32 37 38 39 44 49 51 58 60
 32 37 38 39 42 43 58 60 76 78
 32 37 38 39 42 43 58 60 76 77
 32 37 38 39 42 43 58 60 74 75 78
 32 37 38 39 42 43 58 60 74 75 76 77
 32 37 38 39 42 43 51 58 60 76
 32 37 38 39 42 43 51 58 60 74 75
 32 37 38 39 42 43 49 58 60 78
 32 37 38 39 42 43 49 58 60 76 77
 32 37 38 39 42 43 49 51 58 60
 32 36 58 76
 32 36 58 74 75
 32 36 49 58
 27 58 59 63 76
 27 58 59 63 74 75
 27 58 59 61 62 76
 27 58 59 61 62 74 75
 27 57 58 63 76
 27 57 58 63 74 75
 27 57 58 61 62 76
 27 57 58 61 62 74 75
 27 49 58 59 63
 27 49 58 59 61 62
 27 49 57 58 63
 27 49 57 58 61 62
 27 36 58 59 76
 27 36 58 59 74 75
 27 36 57 58 76
 27 36 57 58 74 75
 27 36 49 58 59
 27 36 49 57 58
 27 32 58 63 76
 27 32 58 63 74 75
 27 32 58 61 62 76
 27 32 58 61 62 74 75
 27 32 49 58 63
 27 32 49 58 61 62
 27 32 36 58 76
 27 32 36 58 74 75
 27 32 36 49 58
 26 44 58 59 60 76 78
 26 44 58 59 60 76 77
 26 44 58 59 60 74 75 78
 26 44 58 59 60 74 75 76 77
 26 44 57 58 60 76 78
 26 44 57 58 60 76 77
 26 44 57 58 60 74 75 78
 26 44 57 58 60 74 75 76 77
 26 44 51 58 59 60 76
 26 44 51 58 59 60 74 75
 26 44 51 57 58 60 76
 26 44 51 57 58 60 74 75
 26 44 49 58 59 60 78
 26 44 49 58 59 60 76 77
 26 44 49 57 58 60 78
 26 44 49 57 58 60 76 77
 26 44 49 51 58 59 60
 26 44 49 51 57 58 60
 26 42 43 58 59 60 76 78
 26 42 43 58 59 60 76 77
 26 42 43 58 59 60 74 75 78
 26 42 43 58 59 60 74 75 76 77
 26 42 43 57 58 60 76 78
 26 42 43 57 58 60 76 77
 26 42 43 57 58 60 74 75 78
 26 42 43 57 58 60 74 75 76 77
 26 42 43 51 58 59 60 76
 26 42 43 51 58 59 60 74 75
 26 42 43 51 57 58 60 76
 26 42 43 51 57 58 60 74 75
 26 42 43 49 58 59 60 78
 26 42 43 49 58 59 60 76 77
 26 42 43 49 57 58 60 78
 26 42 43 49 57 58 60 76 77
 26 42 43 49 51 58 59 60
 26 42 43 49 51 57 58 60
 26 32 44 58 60 76 78
 26 32 44 58 60 76 77
 26 32 44 58 60 74 75 78
 26 32 44 58 60 74 75 76 77
 26 32 44 51 58 60 76
 26 32 44 51 58 60 74 75
 26 32 44 49 58 60 78
 26 32 44 49 58 60 76 77
 26 32 44 49 51 58 60
 26 32 42 43 58 60 76 78
 26 32 42 43 58 60 76 77
 26 32 42 43 58 60 74 75 78
 26 32 42 43 58 60 74 75 76 77
 26 32 42 43 51 58 60 76
 26 32 42 43 51 58 60 74 75
 26 32 42 43 49 58 60 78
 26 32 42 43 49 58 60 76 77
 26 32 42 43 49 51 58 60
 25 58 59 74 76 78
 25 58 59 74 76 77
 25 58 59 74 75 78
 25 58 59 74 75 76 77
 25 58 59 72 73 76 78
 25 58 59 72 73 76 77
 25 58 59 72 73 74 75 78
 25 58 59 72 73 74 75 76 77
 25 58 59 63 74 76
 25 58 59 63 74 75
 25 58 59 63 72 73 76
 25 58 59 63 72 73 74 75
 25 58 59 61 62 74 76
 25 58 59 61 62 74 75
 25 58 59 61 62 72 73 76
 25 58 59 61 62 72 73 74 75
 25 57 58 74 76 78
 25 57 58 74 76 77
 25 57 58 74 75 78
 25 57 58 74 75 76 77
 25 57 58 72 73 76 78
 25 57 58 72 73 76 77
 25 57 58 72 73 74 75 78
 25 57 58 72 73 74 75 76 77
 25 57 58 63 74 76
 25 57 58 63 74 75
 25 57 58 63 72 73 76
 25 57 58 63 72 73 74 75
 25 57 58 61 62 74 76
 25 57 58 61 62 74 75
 25 57 58 61 62 72 73 76
 25 57 58 61 62 72 73 74 75
 25 51 58 59 74 76
 25 51 58 59 74 75
 25 51 58 59 72 73 76
 25 51 58 59 72 73 74 75
 25 51 57 58 74 76
 25 51 57 58 74 75
 25 51 57 58 72 73 76
 25 51 57 58 72 73 74 75
 25 49 58 59 74 78
 25 49 58 59 74 76 77
 25 49 58 59 72 73 78
 25 49 58 59 72 73 76 77
 25 49 58 59 63 74
 25 49 58 59 63 72 73
 25 49 58 59 61 62 74
 25 49 58 59 61 62 72 73
 25 49 57 58 74 78
 25 49 57 58 74 76 77
 25 49 57 58 72 73 78
 25 49 57 58 72 73 76 77
 25 49 57 58 63 74
 25 49 57 58 63 72 73
 25 49 57 58 61 62 74
 25 49 57 58 61 62 72 73
 25 49 51 58 59 74
 25 49 51 58 59 72 73
 25 49 51 57 58 74
 25 49 51 57 58 72 73
 25 47 58 59 76 78
 25 47 58 59 76 77
 25 47 58 59 74 75 78
 25 47 58 59 74 75 76 77
 25 47 58 59 63 76
 25 47 58 59 63 74 75
 25 47 58 59 61 62 76
 25 47 58 59 61 62 74 75
 25 47 57 58 76 78
 25 47 57 58 76 77
 25 47 57 58 74 75 78
 25 47 57 58 74 75 76 77
 25 47 57 58 63 76
 25 47 57 58 63 74 75
 25 47 57 58 61 62 76
 25 47 57 58 61 62 74 75
 25 47 51 58 59 76
 25 47 51 58 59 74 75
 25 47 51 57 58 76
 25 47 51 57 58 74 75
 25 47 49 58 59 78
 25 47 49 58 59 76 77
 25 47 49 58 59 63
 25 47 49 58 59 61 62
 25 47 49 57 58 78
 25 47 49 57 58 76 77
 25 47 49 57 58 63
 25 47 49 57 58 61 62
 25 47 49 51 58 59
 25 47 49 51 57 58
 25 36 58 59 74 76
 25 36 58 59 74 75
 25 36 58 59 72 73 76
 25 36 58 59 72 73 74 75
 25 36 57 58 74 76
 25 36 57 58 74 75
 25 36 57 58 72 73 76
 25 36 57 58 72 73 74 75
 25 36 49 58 59 74
 25 36 49 58 59 72 73
 25 36 49 57 58 74
 25 36 49 57 58 72 73
 25 36 47 58 59 76
 25 36 47 58 59 74 75
 25 36 47 57 58 76
 25 36 47 57 58 74 75
 25 36 47 49 58 59
 25 36 47 49 57 58
 25 32 58 74 76 78
 25 32 58 74 76 77
 25 32 58 74 75 78
 25 32 58 74 75 76 77
 25 32 58 72 73 76 78
 25 32 58 72 73 76 77
 25 32 58 72 73 74 75 78
 25 32 58 72 73 74 75 76 77
 25 32 58 63 74 76
 25 32 58 63 74 75
 25 32 58 63 72 73 76
 25 32 58 63 72 73 74 75
 25 32 58 61 62 74 76
 25 32 58 61 62 74 75
 25 32 58 61 62 72 73 76
 25 32 58 61 62 72 73 74 75
 25 32 51 58 74 76
 25 32 51 58 74 75
 25 32 51 58 72 73 76
 25 32 51 58 72 73 74 75
 25 32 49 58 74 78
 25 32 49 58 74 76 77
 25 32 49 58 72 73 78
 25 32 49 58 72 73 76 77
 25 32 49 58 63 74
 25 32 49 58 63 72 73
 25 32 49 58 61 62 74
 25 32 49 58 61 62 72 73
 25 32 49 51 58 74
 25 32 49 51 58 72 73
 25 32 47 58 76 78
 25 32 47 58 76 77
 25 32 47 58 74 75 78
 25 32 47 58 74 75 76 77
 25 32 47 58 63 76
 25 32 47 58 63 74 75
 25 32 47 58 61 62 76
 25 32 47 58 61 62 74 75
 25 32 47 51 58 76
 25 32 47 51 58 74 75
 25 32 47 49 58 78
 25 32 47 49 58 76 77
 25 32 47 49 58 63
 25 32 47 49 58 61 62
 25 32 47 49 51 58
 25 32 36 58 74 76
 25 32 36 58 74 75
 25 32 36 58 72 73 76
 25 32 36 58 72 73 74 75
 25 32 36 49 58 74
 25 32 36 49 58 72 73
 25 32 36 47 58 76
 25 32 36 47 58 74 75
 25 32 36 47 49 58
 25 26 58 59 63 76
 25 26 58 59 63 74 75
 25 26 58 59 61 62 76
 25 26 58 59 61 62 74 75
 25 26 57 58 63 76
 25 26 57 58 63 74 75
 25 26 57 58 61 62 76
 25 26 57 58 61 62 74 75
 25 26 49 58 59 63
 25 26 49 58 59 61 62
 25 26 49 57 58 63
 25 26 49 57 58 61 62
 25 26 36 58 59 76
 25 26 36 58 59 74 75
 25 26 36 57 58 76
 25 26 36 57 58 74 75
 25 26 36 49 58 59
 25 26 36 49 57 58
 25 26 32 58 63 76
 25 26 32 58 63 74 75
 25 26 32 58 61 62 76
 25 26 32 58 61 62 74 75
 25 26 32 49 58 63
 25 26 32 49 58 61 62
 25 26 32 36 58 76
 25 26 32 36 58 74 75
 25 26 32 36 49 58
 24 25 44 58 59 60 76 78
 24 25 44 58 59 60 76 77
 24 25 44 58 59 60 74 75 78
 24 25 44 58 59 60 74 75 76 77
 24 25 44 57 58 60 76 78
 24 25 44 57 58 60 76 77
 24 25 44 57 58 60 74 75 78
 24 25 44 57 58 60 74 75 76 77
 24 25 44 51 58 59 60 76
 24 25 44 51 58 59 60 74 75
 24 25 44 51 57 58 60 76
 24 25 44 51 57 58 60 74 75
 24 25 44 49 58 59 60 78
 24 25 44 49 58 59 60 76 77
 24 25 44 49 57 58 60 78
 24 25 44 49 57 58 60 76 77
 24 25 44 49 51 58 59 60
 24 25 44 49 51 57 58 60
 24 25 42 43 58 59 60 76 78
 24 25 42 43 58 59 60 76 77
 24 25 42 43 58 59 60 74 75 78
 24 25 42 43 58 59 60 74 75 76 77
 24 25 42 43 57 58 60 76 78
 24 25 42 43 57 58 60 76 77
 24 25 42 43 57 58 60 74 75 78
 24 25 42 43 57 58 60 74 75 76 77
 24 25 42 43 51 58 59 60 76
 24 25 42 43 51 58 59 60 74 75
 24 25 42 43 51 57 58 60 76
 24 25 42 43 51 57 58 60 74 75
 24 25 42 43 49 58 59 60 78
 24 25 42 43 49 58 59 60 76 77
 24 25 42 43 49 57 58 60 78
 24 25 42 43 49 57 58 60 76 77
 24 25 42 43 49 51 58 59 60
 24 25 42 43 49 51 57 58 60
 24 25 32 44 58 60 76 78
 24 25 32 44 58 60 76 77
 24 25 32 44 58 60 74 75 78
 24 25 32 44 58 60 74 75 76 77
 24 25 32 44 51 58 60 76
 24 25 32 44 51 58 60 74 75
 24 25 32 44 49 58 60 78
 24 25 32 44 49 58 60 76 77
 24 25 32 44 49 51 58 60
 24 25 32 42 43 58 60 76 78
 24 25 32 42 43 58 60 76 77
 24 25 32 42 43 58 60 74 75 78
 24 25 32 42 43 58 60 74 75 76 77
 24 25 32 42 43 51 58 60 76
 24 25 32 42 43 51 58 60 74 75
 24 25 32 42 43 49 58 60 78
 24 25 32 42 43 49 58 60 76 77
 24 25 32 42 43 49 51 58 60
 17 58 59 60 76 78
 17 58 59 60 76 77
 17 58 59 60 74 75 78
 17 58 59 60 74 75 76 77
 17 58 59 60 68 76 78
 17 58 59 60 68 76 77
 17 58 59 60 68 74 75 78
 17 58 59 60 68 74 75 76 77
 17 57 58 60 76 78
 17 57 58 60 76 77
 17 57 58 60 74 75 78
 17 57 58 60 74 75 76 77
 17 57 58 60 68 76 78
 17 57 58 60 68 76 77
 17 57 58 60 68 74 75 78
 17 57 58 60 68 74 75 76 77
 17 51 58 59 60 76
 17 51 58 59 60 74 75
 17 51 58 59 60 68 76
 17 51 58 59 60 68 74 75
 17 51 57 58 60 76
 17 51 57 58 60 74 75
 17 51 57 58 60 68 76
 17 51 57 58 60 68 74 75
 17 49 58 59 60 78
 17 49 58 59 60 76 77
 17 49 58 59 60 68 78
 17 49 58 59 60 68 76 77
 17 49 57 58 60 78
 17 49 57 58 60 76 77
 17 49 57 58 60 68 78
 17 49 57 58 60 68 76 77
 17 49 51 58 59 60
 17 49 51 58 59 60 68
 17 49 51 57 58 60
 17 49 51 57 58 60 68
 17 41 58 59 60 76 78
 17 41 58 59 60 76 77
 17 41 58 59 60 74 75 78
 17 41 58 59 60 74 75 76 77
 17 41 57 58 60 76 78
 17 41 57 58 60 76 77
 17 41 57 58 60 74 75 78
 17 41 57 58 60 74 75 76 77
 17 41 51 58 59 60 76
 17 41 51 58 59 60 74 75
 17 41 51 57 58 60 76
 17 41 51 57 58 60 74 75
 17 41 49 58 59 60 78
 17 41 49 58 59 60 76 77
 17 41 49 57 58 60 78
 17 41 49 57 58 60 76 77
 17 41 49 51 58 59 60
 17 41 49 51 57 58 60
 17 39 58 59 60 76 78
 17 39 58 59 60 76 77
 17 39 58 59 60 74 75 78
 17 39 58 59 60 74 75 76 77
 17 39 57 58 60 76 78
 17 39 57 58 60 76 77
 17 39 57 58 60 74 75 78
 17 39 57 58 60 74 75 76 77
 17 39 51 58 59 60 76
 17 39 51 58 59 60 74 75
 17 39 51 57 58 60 76
 17 39 51 57 58 60 74 75
 17 39 49 58 59 60 78
 17 39 49 58 59 60 76 77
 17 39 49 57 58 60 78
 17 39 49 57 58 60 76 77
 17 39 49 51 58 59 60
 17 39 49 51 57 58 60
 17 38 39 58 59 60 76 78
 17 38 39 58 59 60 76 77
 17 38 39 58 59 60 74 75 78
 17 38 39 58 59 60 74 75 76 77
 17 38 39 57 58 60 76 78
 17 38 39 57 58 60 76 77
 17 38 39 57 58 60 74 75 78
 17 38 39 57 58 60 74 75 76 77
 17 38 39 51 58 59 60 76
 17 38 39 51 58 59 60 74 75
 17 38 39 51 57 58 60 76
 17 38 39 51 57 58 60 74 75
 17 38 39 49 58 59 60 78
 17 38 39 49 58 59 60 76 77
 17 38 39 49 57 58 60 78
 17 38 39 49 57 58 60 76 77
 17 38 39 49 51 58 59 60
 17 38 39 49 51 57 58 60
 17 37 38 58 59 60 76 78
 17 37 38 58 59 60 76 77
 17 37 38 58 59 60 74 75 78
 17 37 38 58 59 60 74 75 76 77
 17 37 38 57 58 60 76 78
 17 37 38 57 58 60 76 77
 17 37 38 57 58 60 74 75 78
 17 37 38 57 58 60 74 75 76 77
 17 37 38 51 58 59 60 76
 17 37 38 51 58 59 60 74 75
 17 37 38 51 57 58 60 76
 17 37 38 51 57 58 60 74 75
 17 37 38 49 58 59 60 78
 17 37 38 49 58 59 60 76 77
 17 37 38 49 57 58 60 78
 17 37 38 49 57 58 60 76 77
 17 37 38 49 51 58 59 60
 17 37 38 49 51 57 58 60
 17 37 38 40 58 59 60 76 78
 17 37 38 40 58 59 60 76 77
 17 37 38 40 58 59 60 74 75 78
 17 37 38 40 58 59 60 74 75 76 77
 17 37 38 40 57 58 60 76 78
 17 37 38 40 57 58 60 76 77
 17 37 38 40 57 58 60 74 75 78
 17 37 38 40 57 58 60 74 75 76 77
 17 37 38 40 51 58 59 60 76
 17 37 38 40 51 58 59 60 74 75
 17 37 38 40 51 57 58 60 76
 17 37 38 40 51 57 58 60 74 75
 17 37 38 40 49 58 59 60 78
 17 37 38 40 49 58 59 60 76 77
 17 37 38 40 49 57 58 60 78
 17 37 38 40 49 57 58 60 76 77
 17 37 38 40 49 51 58 59 60
 17 37 38 40 49 51 57 58 60
 17 37 38 39 58 59 60 76 78
 17 37 38 39 58 59 60 76 77
 17 37 38 39 58 59 60 74 75 78
 17 37 38 39 58 59 60 74 75 76 77
 17 37 38 39 57 58 60 76 78
 17 37 38 39 57 58 60 76 77
 17 37 38 39 57 58 60 74 75 78
 17 37 38 39 57 58 60 74 75 76 77
 17 37 38 39 51 58 59 60 76
 17 37 38 39 51 58 59 60 74 75
 17 37 38 39 51 57 58 60 76
 17 37 38 39 51 57 58 60 74 75
 17 37 38 39 49 58 59 60 78
 17 37 38 39 49 58 59 60 76 77
 17 37 38 39 49 57 58 60 78
 17 37 38 39 49 57 58 60 76 77
 17 37 38 39 49 51 58 59 60
 17 37 38 39 49 51 57 58 60
 17 32 58 60 76 78
 17 32 58 60 76 77
 17 32 58 60 74 75 78
 17 32 58 60 74 75 76 77
 17 32 58 60 68 76 78
 17 32 58 60 68 76 77
 17 32 58 60 68 74 75 78
 17 32 58 60 68 74 75 76 77
 17 32 51 58 60 76
 17 32 51 58 60 74 75
 17 32 51 58 60 68 76
 17 32 51 58 60 68 74 75
 17 32 49 58 60 78
 17 32 49 58 60 76 77
 17 32 49 58 60 68 78
 17 32 49 58 60 68 76 77
 17 32 49 51 58 60
 17 32 49 51 58 60 68
 17 32 41 58 60 76 78
 17 32 41 58 60 76 77
 17 32 41 58 60 74 75 78
 17 32 41 58 60 74 75 76 77
 17 32 41 51 58 60 76
 17 32 41 51 58 60 74 75
 17 32 41 49 58 60 78
 17 32 41 49 58 60 76 77
 17 32 41 49 51 58 60
 17 32 39 58 60 76 78
 17 32 39 58 60 76 77
 17 32 39 58 60 74 75 78
 17 32 39 58 60 74 75 76 77
 17 32 39 51 58 60 76
 17 32 39 51 58 60 74 75
 17 32 39 49 58 60 78
 17 32 39 49 58 60 76 77
 17 32 39 49 51 58 60
 17 32 38 39 58 60 76 78
 17 32 38 39 58 60 76 77
 17 32 38 39 58 60 74 75 78
 17 32 38 39 58 60 74 75 76 77
 17 32 38 39 51 58 60 76
 17 32 38 39 51 58 60 74 75
 17 32 38 39 49 58 60 78
 17 32 38 39 49 58 60 76 77
 17 32 38 39 49 51 58 60
 17 32 37 38 58 60 76 78
 17 32 37 38 58 60 76 77
 17 32 37 38 58 60 74 75 78
 17 32 37 38 58 60 74 75 76 77
 17 32 37 38 51 58 60 76
 17 32 37 38 51 58 60 74 75
 17 32 37 38 49 58 60 78
 17 32 37 38 49 58 60 76 77
 17 32 37 38 49 51 58 60
 17 32 37 38 40 58 60 76 78
 17 32 37 38 40 58 60 76 77
 17 32 37 38 40 58 60 74 75 78
 17 32 37 38 40 58 60 74 75 76 77
 17 32 37 38 40 51 58 60 76
 17 32 37 38 40 51 58 60 74 75
 17 32 37 38 40 49 58 60 78
 17 32 37 38 40 49 58 60 76 77
 17 32 37 38 40 49 51 58 60
 17 32 37 38 39 58 60 76 78
 17 32 37 38 39 58 60 76 77
 17 32 37 38 39 58 60 74 75 78
 17 32 37 38 39 58 60 74 75 76 77
 17 32 37 38 39 51 58 60 76
 17 32 37 38 39 51 58 60 74 75
 17 32 37 38 39 49 58 60 78
 17 32 37 38 39 49 58 60 76 77
 17 32 37 38 39 49 51 58 60
 17 26 58 59 60 76 78
 17 26 58 59 60 76 77
 17 26 58 59 60 74 75 78
 17 26 58 59 60 74 75 76 77
 17 26 57 58 60 76 78
 17 26 57 58 60 76 77
 17 26 57 58 60 74 75 78
 17 26 57 58 60 74 75 76 77
 17 26 51 58 59 60 76
 17 26 51 58 59 60 74 75
 17 26 51 57 58 60 76
 17 26 51 57 58 60 74 75
 17 26 49 58 59 60 78
 17 26 49 58 59 60 76 77
 17 26 49 57 58 60 78
 17 26 49 57 58 60 76 77
 17 26 49 51 58 59 60
 17 26 49 51 57 58 60
 17 26 32 58 60 76 78
 17 26 32 58 60 76 77
 17 26 32 58 60 74 75 78
 17 26 32 58 60 74 75 76 77
 17 26 32 51 58 60 76
 17 26 32 51 58 60 74 75
 17 26 32 49 58 60 78
 17 26 32 49 58 60 76 77
 17 26 32 49 51 58 60
 17 24 25 58 59 60 76 78
 17 24 25 58 59 60 76 77
 17 24 25 58 59 60 74 75 78
 17 24 25 58 59 60 74 75 76 77
 17 24 25 57 58 60 76 78
 17 24 25 57 58 60 76 77
 17 24 25 57 58 60 74 75 78
 17 24 25 57 58 60 74 75 76 77
 17 24 25 51 58 59 60 76
 17 24 25 51 58 59 60 74 75
 17 24 25 51 57 58 60 76
 17 24 25 51 57 58 60 74 75
 17 24 25 49 58 59 60 78
 17 24 25 49 58 59 60 76 77
 17 24 25 49 57 58 60 78
 17 24 25 49 57 58 60 76 77
 17 24 25 49 51 58 59 60
 17 24 25 49 51 57 58 60
 17 24 25 32 58 60 76 78
 17 24 25 32 58 60 76 77
 17 24 25 32 58 60 74 75 78
 17 24 25 32 58 60 74 75 76 77
 17 24 25 32 51 58 60 76
 17 24 25 32 51 58 60 74 75
 17 24 25 32 49 58 60 78
 17 24 25 32 49 58 60 76 77
 17 24 25 32 49 51 58 60
 14 44 58 59 60 76 78
 14 44 58 59 60 76 77
 14 44 58 59 60 74 75 78
 14 44 58 59 60 74 75 76 77
 14 44 57 58 60 76 78
 14 44 57 58 60 76 77
 14 44 57 58 60 74 75 78
 14 44 57 58 60 74 75 76 77
 14 44 51 58 59 60 76
 14 44 51 58 59 60 74 75
 14 44 51 57 58 60 76
 14 44 51 57 58 60 74 75
 14 44 49 58 59 60 78
 14 44 49 58 59 60 76 77
 14 44 49 57 58 60 78
 14 44 49 57 58 60 76 77
 14 44 49 51 58 59 60
 14 44 49 51 57 58 60
 14 42 43 58 59 60 76 78
 14 42 43 58 59 60 76 77
 14 42 43 58 59 60 74 75 78
 14 42 43 58 59 60 74 75 76 77
 14 42 43 57 58 60 76 78
 14 42 43 57 58 60 76 77
 14 42 43 57 58 60 74 75 78
 14 42 43 57 58 60 74 75 76 77
 14 42 43 51 58 59 60 76
 14 42 43 51 58 59 60 74 75
 14 42 43 51 57 58 60 76
 14 42 43 51 57 58 60 74 75
 14 42 43 49 58 59 60 78
 14 42 43 49 58 59 60 76 77
 14 42 43 49 57 58 60 78
 14 42 43 49 57 58 60 76 77
 14 42 43 49 51 58 59 60
 14 42 43 49 51 57 58 60
 14 32 44 58 60 76 78
 14 32 44 58 60 76 77
 14 32 44 58 60 74 75 78
 14 32 44 58 60 74 75 76 77
 14 32 44 51 58 60 76
 14 32 44 51 58 60 74 75
 14 32 44 49 58 60 78
 14 32 44 49 58 60 76 77
 14 32 44 49 51 58 60
 14 32 42 43 58 60 76 78
 14 32 42 43 58 60 76 77
 14 32 42 43 58 60 74 75 78
 14 32 42 43 58 60 74 75 76 77
 14 32 42 43 51 58 60 76
 14 32 42 43 51 58 60 74 75
 14 32 42 43 49 58 60 78
 14 32 42 43 49 58 60 76 77
 14 32 42 43 49 51 58 60
 14 17 58 59 60 76 78
 14 17 58 59 60 76 77
 14 17 58 59 60 74 75 78
 14 17 58 59 60 74 75 76 77
 14 17 57 58 60 76 78
 14 17 57 58 60 76 77
 14 17 57 58 60 74 75 78
 14 17 57 58 60 74 75 76 77
 14 17 51 58 59 60 76
 14 17 51 58 59 60 74 75
 14 17 51 57 58 60 76
 14 17 51 57 58 60 74 75
 14 17 49 58 59 60 78
 14 17 49 58 59 60 76 77
 14 17 49 57 58 60 78
 14 17 49 57 58 60 76 77
 14 17 49 51 58 59 60
 14 17 49 51 57 58 60
 14 17 32 58 60 76 78
 14 17 32 58 60 76 77
 14 17 32 58 60 74 75 78
 14 17 32 58 60 74 75 76 77
 14 17 32 51 58 60 76
 14 17 32 51 58 60 74 75
 14 17 32 49 58 60 78
 14 17 32 49 58 60 76 77
 14 17 32 49 51 58 60
 13 39 44 58 59 60 76 78
 13 39 44 58 59 60 76 77
 13 39 44 58 59 60 74 75 78
 13 39 44 58 59 60 74 75 76 77
 13 39 44 57 58 60 76 78
 13 39 44 57 58 60 76 77
 13 39 44 57 58 60 74 75 78
 13 39 44 57 58 60 74 75 76 77
 13 39 44 51 58 59 60 76
 13 39 44 51 58 59 60 74 75
 13 39 44 51 57 58 60 76
 13 39 44 51 57 58 60 74 75
 13 39 44 49 58 59 60 78
 13 39 44 49 58 59 60 76 77
 13 39 44 49 57 58 60 78
 13 39 44 49 57 58 60 76 77
 13 39 44 49 51 58 59 60
 13 39 44 49 51 57 58 60
 13 39 42 43 58 59 60 76 78
 13 39 42 43 58 59 60 76 77
 13 39 42 43 58 59 60 74 75 78
 13 39 42 43 58 59 60 74 75 76 77
 13 39 42 43 57 58 60 76 78
 13 39 42 43 57 58 60 76 77
 13 39 42 43 57 58 60 74 75 78
 13 39 42 43 57 58 60 74 75 76 77
 13 39 42 43 51 58 59 60 76
 13 39 42 43 51 58 59 60 74 75
 13 39 42 43 51 57 58 60 76
 13 39 42 43 51 57 58 60 74 75
 13 39 42 43 49 58 59 60 78
 13 39 42 43 49 58 59 60 76 77
 13 39 42 43 49 57 58 60 78
 13 39 42 43 49 57 58 60 76 77
 13 39 42 43 49 51 58 59 60
 13 39 42 43 49 51 57 58 60
 13 37 38 44 58 59 60 76 78
 13 37 38 44 58 59 60 76 77
 13 37 38 44 58 59 60 74 75 78
 13 37 38 44 58 59 60 74 75 76 77
 13 37 38 44 57 58 60 76 78
 13 37 38 44 57 58 60 76 77
 13 37 38 44 57 58 60 74 75 78
 13 37 38 44 57 58 60 74 75 76 77
 13 37 38 44 51 58 59 60 76
 13 37 38 44 51 58 59 60 74 75
 13 37 38 44 51 57 58 60 76
 13 37 38 44 51 57 58 60 74 75
 13 37 38 44 49 58 59 60 78
 13 37 38 44 49 58 59 60 76 77
 13 37 38 44 49 57 58 60 78
 13 37 38 44 49 57 58 60 76 77
 13 37 38 44 49 51 58 59 60
 13 37 38 44 49 51 57 58 60
 13 37 38 42 43 58 59 60 76 78
 13 37 38 42 43 58 59 60 76 77
 13 37 38 42 43 58 59 60 74 75 78
 13 37 38 42 43 58 59 60 74 75 76 77
 13 37 38 42 43 57 58 60 76 78
 13 37 38 42 43 57 58 60 76 77
 13 37 38 42 43 57 58 60 74 75 78
 13 37 38 42 43 57 58 60 74 75 76 77
 13 37 38 42 43 51 58 59 60 76
 13 37 38 42 43 51 58 59 60 74 75
 13 37 38 42 43 51 57 58 60 76
 13 37 38 42 43 51 57 58 60 74 75
 13 37 38 42 43 49 58 59 60 78
 13 37 38 42 43 49 58 59 60 76 77
 13 37 38 42 43 49 57 58 60 78
 13 37 38 42 43 49 57 58 60 76 77
 13 37 38 42 43 49 51 58 59 60
 13 37 38 42 43 49 51 57 58 60
 13 32 39 44 58 60 76 78
 13 32 39 44 58 60 76 77
 13 32 39 44 58 60 74 75 78
 13 32 39 44 58 60 74 75 76 77
 13 32 39 44 51 58 60 76
 13 32 39 44 51 58 60 74 75
 13 32 39 44 49 58 60 78
 13 32 39 44 49 58 60 76 77
 13 32 39 44 49 51 58 60
 13 32 39 42 43 58 60 76 78
 13 32 39 42 43 58 60 76 77
 13 32 39 42 43 58 60 74 75 78
 13 32 39 42 43 58 60 74 75 76 77
 13 32 39 42 43 51 58 60 76
 13 32 39 42 43 51 58 60 74 75
 13 32 39 42 43 49 58 60 78
 13 32 39 42 43 49 58 60 76 77
 13 32 39 42 43 49 51 58 60
 13 32 37 38 44 58 60 76 78
 13 32 37 38 44 58 60 76 77
 13 32 37 38 44 58 60 74 75 78
 13 32 37 38 44 58 60 74 75 76 77
 13 32 37 38 44 51 58 60 76
 13 32 37 38 44 51 58 60 74 75
 13 32 37 38 44 49 58 60 78
 13 32 37 38 44 49 58 60 76 77
 13 32 37 38 44 49 51 58 60
 13 32 37 38 42 43 58 60 76 78
 13 32 37 38 42 43 58 60 76 77
 13 32 37 38 42 43 58 60 74 75 78
 13 32 37 38 42 43 58 60 74 75 76 77
 13 32 37 38 42 43 51 58 60 76
 13 32 37 38 42 43 51 58 60 74 75
 13 32 37 38 42 43 49 58 60 78
 13 32 37 38 42 43 49 58 60 76 77
 13 32 37 38 42 43 49 51 58 60
 13 17 39 58 59 60 76 78
 13 17 39 58 59 60 76 77
 13 17 39 58 59 60 74 75 78
 13 17 39 58 59 60 74 75 76 77
 13 17 39 57 58 60 76 78
 13 17 39 57 58 60 76 77
 13 17 39 57 58 60 74 75 78
 13 17 39 57 58 60 74 75 76 77
 13 17 39 51 58 59 60 76
 13 17 39 51 58 59 60 74 75
 13 17 39 51 57 58 60 76
 13 17 39 51 57 58 60 74 75
 13 17 39 49 58 59 60 78
 13 17 39 49 58 59 60 76 77
 13 17 39 49 57 58 60 78
 13 17 39 49 57 58 60 76 77
 13 17 39 49 51 58 59 60
 13 17 39 49 51 57 58 60
 13 17 37 38 58 59 60 76 78
 13 17 37 38 58 59 60 76 77
 13 17 37 38 58 59 60 74 75 78
 13 17 37 38 58 59 60 74 75 76 77
 13 17 37 38 57 58 60 76 78
 13 17 37 38 57 58 60 76 77
 13 17 37 38 57 58 60 74 75 78
 13 17 37 38 57 58 60 74 75 76 77
 13 17 37 38 51 58 59 60 76
 13 17 37 38 51 58 59 60 74 75
 13 17 37 38 51 57 58 60 76
 13 17 37 38 51 57 58 60 74 75
 13 17 37 38 49 58 59 60 78
 13 17 37 38 49 58 59 60 76 77
 13 17 37 38 49 57 58 60 78
 13 17 37 38 49 57 58 60 76 77
 13 17 37 38 49 51 58 59 60
 13 17 37 38 49 51 57 58 60
 13 17 32 39 58 60 76 78
 13 17 32 39 58 60 76 77
 13 17 32 39 58 60 74 75 78
 13 17 32 39 58 60 74 75 76 77
 13 17 32 39 51 58 60 76
 13 17 32 39 51 58 60 74 75
 13 17 32 39 49 58 60 78
 13 17 32 39 49 58 60 76 77
 13 17 32 39 49 51 58 60
 13 17 32 37 38 58 60 76 78
 13 17 32 37 38 58 60 76 77
 13 17 32 37 38 58 60 74 75 78
 13 17 32 37 38 58 60 74 75 76 77
 13 17 32 37 38 51 58 60 76
 13 17 32 37 38 51 58 60 74 75
 13 17 32 37 38 49 58 60 78
 13 17 32 37 38 49 58 60 76 77
 13 17 32 37 38 49 51 58 60
 12 44 58 59 60 76 78
 12 44 58 59 60 76 77
 12 44 58 59 60 74 75 78
 12 44 58 59 60 74 75 76 77
 12 44 57 58 60 76 78
 12 44 57 58 60 76 77
 12 44 57 58 60 74 75 78
 12 44 57 58 60 74 75 76 77
 12 44 51 58 59 60 76
 12 44 51 58 59 60 74 75
 12 44 51 57 58 60 76
 12 44 51 57 58 60 74 75
 12 44 49 58 59 60 78
 12 44 49 58 59 60 76 77
 12 44 49 57 58 60 78
 12 44 49 57 58 60 76 77
 12 44 49 51 58 59 60
 12 44 49 51 57 58 60
 12 42 43 58 59 60 76 78
 12 42 43 58 59 60 76 77
 12 42 43 58 59 60 74 75 78
 12 42 43 58 59 60 74 75 76 77
 12 42 43 57 58 60 76 78
 12 42 43 57 58 60 76 77
 12 42 43 57 58 60 74 75 78
 12 42 43 57 58 60 74 75 76 77
 12 42 43 51 58 59 60 76
 12 42 43 51 58 59 60 74 75
 12 42 43 51 57 58 60 76
 12 42 43 51 57 58 60 74 75
 12 42 43 49 58 59 60 78
 12 42 43 49 58 59 60 76 77
 12 42 43 49 57 58 60 78
 12 42 43 49 57 58 60 76 77
 12 42 43 49 51 58 59 60
 12 42 43 49 51 57 58 60
 12 40 44 58 59 60 76 78
 12 40 44 58 59 60 76 77
 12 40 44 58 59 60 74 75 78
 12 40 44 58 59 60 74 75 76 77
 12 40 44 57 58 60 76 78
 12 40 44 57 58 60 76 77
 12 40 44 57 58 60 74 75 78
 12 40 44 57 58 60 74 75 76 77
 12 40 44 51 58 59 60 76
 12 40 44 51 58 59 60 74 75
 12 40 44 51 57 58 60 76
 12 40 44 51 57 58 60 74 75
 12 40 44 49 58 59 60 78
 12 40 44 49 58 59 60 76 77
 12 40 44 49 57 58 60 78
 12 40 44 49 57 58 60 76 77
 12 40 44 49 51 58 59 60
 12 40 44 49 51 57 58 60
 12 40 42 43 58 59 60 76 78
 12 40 42 43 58 59 60 76 77
 12 40 42 43 58 59 60 74 75 78
 12 40 42 43 58 59 60 74 75 76 77
 12 40 42 43 57 58 60 76 78
 12 40 42 43 57 58 60 76 77
 12 40 42 43 57 58 60 74 75 78
 12 40 42 43 57 58 60 74 75 76 77
 12 40 42 43 51 58 59 60 76
 12 40 42 43 51 58 59 60 74 75
 12 40 42 43 51 57 58 60 76
 12 40 42 43 51 57 58 60 74 75
 12 40 42 43 49 58 59 60 78
 12 40 42 43 49 58 59 60 76 77
 12 40 42 43 49 57 58 60 78
 12 40 42 43 49 57 58 60 76 77
 12 40 42 43 49 51 58 59 60
 12 40 42 43 49 51 57 58 60
 12 38 39 44 58 59 60 76 78
 12 38 39 44 58 59 60 76 77
 12 38 39 44 58 59 60 74 75 78
 12 38 39 44 58 59 60 74 75 76 77
 12 38 39 44 57 58 60 76 78
 12 38 39 44 57 58 60 76 77
 12 38 39 44 57 58 60 74 75 78
 12 38 39 44 57 58 60 74 75 76 77
 12 38 39 44 51 58 59 60 76
 12 38 39 44 51 58 59 60 74 75
 12 38 39 44 51 57 58 60 76
 12 38 39 44 51 57 58 60 74 75
 12 38 39 44 49 58 59 60 78
 12 38 39 44 49 58 59 60 76 77
 12 38 39 44 49 57 58 60 78
 12 38 39 44 49 57 58 60 76 77
 12 38 39 44 49 51 58 59 60
 12 38 39 44 49 51 57 58 60
 12 38 39 42 43 58 59 60 76 78
 12 38 39 42 43 58 59 60 76 77
 12 38 39 42 43 58 59 60 74 75 78
 12 38 39 42 43 58 59 60 74 75 76 77
 12 38 39 42 43 57 58 60 76 78
 12 38 39 42 43 57 58 60 76 77
 12 38 39 42 43 57 58 60 74 75 78
 12 38 39 42 43 57 58 60 74 75 76 77
 12 38 39 42 43 51 58 59 60 76
 12 38 39 42 43 51 58 59 60 74 75
 12 38 39 42 43 51 57 58 60 76
 12 38 39 42 43 51 57 58 60 74 75
 12 38 39 42 43 49 58 59 60 78
 12 38 39 42 43 49 58 59 60 76 77
 12 38 39 42 43 49 57 58 60 78
 12 38 39 42 43 49 57 58 60 76 77
 12 38 39 42 43 49 51 58 59 60
 12 38 39 42 43 49 51 57 58 60
 12 32 44 58 60 76 78
 12 32 44 58 60 76 77
 12 32 44 58 60 74 75 78
 12 32 44 58 60 74 75 76 77
 12 32 44 51 58 60 76
 12 32 44 51 58 60 74 75
 12 32 44 49 58 60 78
 12 32 44 49 58 60 76 77
 12 32 44 49 51 58 60
 12 32 42 43 58 60 76 78
 12 32 42 43 58 60 76 77
 12 32 42 43 58 60 74 75 78
 12 32 42 43 58 60 74 75 76 77
 12 32 42 43 51 58 60 76
 12 32 42 43 51 58 60 74 75
 12 32 42 43 49 58 60 78
 12 32 42 43 49 58 60 76 77
 12 32 42 43 49 51 58 60
 12 32 40 44 58 60 76 78
 12 32 40 44 58 60 76 77
 12 32 40 44 58 60 74 75 78
 12 32 40 44 58 60 74 75 76 77
 12 32 40 44 51 58 60 76
 12 32 40 44 51 58 60 74 75
 12 32 40 44 49 58 60 78
 12 32 40 44 49 58 60 76 77
 12 32 40 44 49 51 58 60
 12 32 40 42 43 58 60 76 78
 12 32 40 42 43 58 60 76 77
 12 32 40 42 43 58 60 74 75 78
 12 32 40 42 43 58 60 74 75 76 77
 12 32 40 42 43 51 58 60 76
 12 32 40 42 43 51 58 60 74 75
 12 32 40 42 43 49 58 60 78
 12 32 40 42 43 49 58 60 76 77
 12 32 40 42 43 49 51 58 60
 12 32 38 39 44 58 60 76 78
 12 32 38 39 44 58 60 76 77
 12 32 38 39 44 58 60 74 75 78
 12 32 38 39 44 58 60 74 75 76 77
 12 32 38 39 44 51 58 60 76
 12 32 38 39 44 51 58 60 74 75
 12 32 38 39 44 49 58 60 78
 12 32 38 39 44 49 58 60 76 77
 12 32 38 39 44 49 51 58 60
 12 32 38 39 42 43 58 60 76 78
 12 32 38 39 42 43 58 60 76 77
 12 32 38 39 42 43 58 60 74 75 78
 12 32 38 39 42 43 58 60 74 75 76 77
 12 32 38 39 42 43 51 58 60 76
 12 32 38 39 42 43 51 58 60 74 75
 12 32 38 39 42 43 49 58 60 78
 12 32 38 39 42 43 49 58 60 76 77
 12 32 38 39 42 43 49 51 58 60
 12 17 58 59 60 76 78
 12 17 58 59 60 76 77
 12 17 58 59 60 74 75 78
 12 17 58 59 60 74 75 76 77
 12 17 57 58 60 76 78
 12 17 57 58 60 76 77
 12 17 57 58 60 74 75 78
 12 17 57 58 60 74 75 76 77
 12 17 51 58 59 60 76
 12 17 51 58 59 60 74 75
 12 17 51 57 58 60 76
 12 17 51 57 58 60 74 75
 12 17 49 58 59 60 78
 12 17 49 58 59 60 76 77
 12 17 49 57 58 60 78
 12 17 49 57 58 60 76 77
 12 17 49 51 58 59 60
 12 17 49 51 57 58 60
 12 17 40 58 59 60 76 78
 12 17 40 58 59 60 76 77
 12 17 40 58 59 60 74 75 78
 12 17 40 58 59 60 74 75 76 77
 12 17 40 57 58 60 76 78
 12 17 40 57 58 60 76 77
 12 17 40 57 58 60 74 75 78
 12 17 40 57 58 60 74 75 76 77
 12 17 40 51 58 59 60 76
 12 17 40 51 58 59 60 74 75
 12 17 40 51 57 58 60 76
 12 17 40 51 57 58 60 74 75
 12 17 40 49 58 59 60 78
 12 17 40 49 58 59 60 76 77
 12 17 40 49 57 58 60 78
 12 17 40 49 57 58 60 76 77
 12 17 40 49 51 58 59 60
 12 17 40 49 51 57 58 60
 12 17 38 39 58 59 60 76 78
 12 17 38 39 58 59 60 76 77
 12 17 38 39 58 59 60 74 75 78
 12 17 38 39 58 59 60 74 75 76 77
 12 17 38 39 57 58 60 76 78
 12 17 38 39 57 58 60 76 77
 12 17 38 39 57 58 60 74 75 78
 12 17 38 39 57 58 60 74 75 76 77
 12 17 38 39 51 58 59 60 76
 12 17 38 39 51 58 59 60 74 75
 12 17 38 39 51 57 58 60 76
 12 17 38 39 51 57 58 60 74 75
 12 17 38 39 49 58 59 60 78
 12 17 38 39 49 58 59 60 76 77
 12 17 38 39 49 57 58 60 78
 12 17 38 39 49 57 58 60 76 77
 12 17 38 39 49 51 58 59 60
 12 17 38 39 49 51 57 58 60
 12 17 32 58 60 76 78
 12 17 32 58 60 76 77
 12 17 32 58 60 74 75 78
 12 17 32 58 60 74 75 76 77
 12 17 32 51 58 60 76
 12 17 32 51 58 60 74 75
 12 17 32 49 58 60 78
 12 17 32 49 58 60 76 77
 12 17 32 49 51 58 60
 12 17 32 40 58 60 76 78
 12 17 32 40 58 60 76 77
 12 17 32 40 58 60 74 75 78
 12 17 32 40 58 60 74 75 76 77
 12 17 32 40 51 58 60 76
 12 17 32 40 51 58 60 74 75
 12 17 32 40 49 58 60 78
 12 17 32 40 49 58 60 76 77
 12 17 32 40 49 51 58 60
 12 17 32 38 39 58 60 76 78
 12 17 32 38 39 58 60 76 77
 12 17 32 38 39 58 60 74 75 78
 12 17 32 38 39 58 60 74 75 76 77
 12 17 32 38 39 51 58 60 76
 12 17 32 38 39 51 58 60 74 75
 12 17 32 38 39 49 58 60 78
 12 17 32 38 39 49 58 60 76 77
 12 17 32 38 39 49 51 58 60
 12 13 44 58 59 60 76 78
 12 13 44 58 59 60 76 77
 12 13 44 58 59 60 74 75 78
 12 13 44 58 59 60 74 75 76 77
 12 13 44 57 58 60 76 78
 12 13 44 57 58 60 76 77
 12 13 44 57 58 60 74 75 78
 12 13 44 57 58 60 74 75 76 77
 12 13 44 51 58 59 60 76
 12 13 44 51 58 59 60 74 75
 12 13 44 51 57 58 60 76
 12 13 44 51 57 58 60 74 75
 12 13 44 49 58 59 60 78
 12 13 44 49 58 59 60 76 77
 12 13 44 49 57 58 60 78
 12 13 44 49 57 58 60 76 77
 12 13 44 49 51 58 59 60
 12 13 44 49 51 57 58 60
 12 13 42 43 58 59 60 76 78
 12 13 42 43 58 59 60 76 77
 12 13 42 43 58 59 60 74 75 78
 12 13 42 43 58 59 60 74 75 76 77
 12 13 42 43 57 58 60 76 78
 12 13 42 43 57 58 60 76 77
 12 13 42 43 57 58 60 74 75 78
 12 13 42 43 57 58 60 74 75 76 77
 12 13 42 43 51 58 59 60 76
 12 13 42 43 51 58 59 60 74 75
 12 13 42 43 51 57 58 60 76
 12 13 42 43 51 57 58 60 74 75
 12 13 42 43 49 58 59 60 78
 12 13 42 43 49 58 59 60 76 77
 12 13 42 43 49 57 58 60 78
 12 13 42 43 49 57 58 60 76 77
 12 13 42 43 49 51 58 59 60
 12 13 42 43 49 51 57 58 60
 12 13 32 44 58 60 76 78
 12 13 32 44 58 60 76 77
 12 13 32 44 58 60 74 75 78
 12 13 32 44 58 60 74 75 76 77
 12 13 32 44 51 58 60 76
 12 13 32 44 51 58 60 74 75
 12 13 32 44 49 58 60 78
 12 13 32 44 49 58 60 76 77
 12 13 32 44 49 51 58 60
 12 13 32 42 43 58 60 76 78
 12 13 32 42 43 58 60 76 77
 12 13 32 42 43 58 60 74 75 78
 12 13 32 42 43 58 60 74 75 76 77
 12 13 32 42 43 51 58 60 76
 12 13 32 42 43 51 58 60 74 75
 12 13 32 42 43 49 58 60 78
 12 13 32 42 43 49 58 60 76 77
 12 13 32 42 43 49 51 58 60
 12 13 17 58 59 60 76 78
 12 13 17 58 59 60 76 77
 12 13 17 58 59 60 74 75 78
 12 13 17 58 59 60 74 75 76 77
 12 13 17 57 58 60 76 78
 12 13 17 57 58 60 76 77
 12 13 17 57 58 60 74 75 78
 12 13 17 57 58 60 74 75 76 77
 12 13 17 51 58 59 60 76
 12 13 17 51 58 59 60 74 75
 12 13 17 51 57 58 60 76
 12 13 17 51 57 58 60 74 75
 12 13 17 49 58 59 60 78
 12 13 17 49 58 59 60 76 77
 12 13 17 49 57 58 60 78
 12 13 17 49 57 58 60 76 77
 12 13 17 49 51 58 59 60
 12 13 17 49 51 57 58 60
 12 13 17 32 58 60 76 78
 12 13 17 32 58 60 76 77
 12 13 17 32 58 60 74 75 78
 12 13 17 32 58 60 74 75 76 77
 12 13 17 32 51 58 60 76
 12 13 17 32 51 58 60 74 75
 12 13 17 32 49 58 60 78
 12 13 17 32 49 58 60 76 77
 12 13 17 32 49 51 58 60
 0 58 59 63 76
 0 58 59 63 74 75
 0 58 59 61 62 76
 0 58 59 61 62 74 75
 0 57 58 63 76
 0 57 58 63 74 75
 0 57 58 61 62 76
 0 57 58 61 62 74 75
 0 49 58 59 63
 0 49 58 59 61 62
 0 49 57 58 63
 0 49 57 58 61 62
 0 36 58 59 76
 0 36 58 59 74 75
 0 36 57 58 76
 0 36 57 58 74 75
 0 36 49 58 59
 0 36 49 57 58
 0 32 58 63 76
 0 32 58 63 74 75
 0 32 58 61 62 76
 0 32 58 61 62 74 75
 0 32 49 58 63
 0 32 49 58 61 62
 0 32 36 58 76
 0 32 36 58 74 75
 0 32 36 49 58
