 58 60 62 63 74
 58 60 62 63 72 73
 58 60 61 62 74
 58 60 61 62 72 73
 58 59 62 74 78 79
 58 59 62 72 73 78 79
 58 59 60 63 74
 58 59 60 63 72 73
 58 59 60 61 62 74
 58 59 60 61 62 72 73
 57 58 62 74 78 79
 57 58 62 72 73 78 79
 57 58 60 63 74
 57 58 60 63 72 73
 57 58 60 61 62 74
 57 58 60 61 62 72 73
 53 58 59 62 74
 53 58 59 62 72 73
 53 57 58 62 74
 53 57 58 62 72 73
 47 58 60 62 63
 47 58 60 61 62
 47 58 59 62 78 79
 47 58 59 60 63
 47 58 59 60 61 62
 47 57 58 62 78 79
 47 57 58 60 63
 47 57 58 60 61 62
 47 53 58 59 62
 47 53 57 58 62
 46 58 72
 46 58 70 71
 46 58 61
 46 58 61 72
 46 58 61 70 71
 46 58 61 68 78
 46 58 61 68 76 77
 46 58 60 61
 46 58 60 61 63 74
 46 58 60 61 63 72 73
 46 58 60 61 62 74
 46 58 60 61 62 72 73
 46 58 59 60 72
 46 58 59 60 70 71
 46 58 59 60 68 78
 46 58 59 60 68 76 77
 46 58 59 60 63 74
 46 58 59 60 63 72 73
 46 58 59 60 61 62 74
 46 58 59 60 61 62 72 73
 46 57 58 63 74
 46 57 58 63 72 73
 46 57 58 61 63 74
 46 57 58 61 63 72 73
 46 57 58 59 60 63 74
 46 57 58 59 60 63 72 73
 46 57 58 59 60 61 62 74
 46 57 58 59 60 61 62 72 73
 46 56 72 78 79
 46 56 70 71 78 79
 46 56 61 72 78 79
 46 56 61 70 71 78 79
 46 56 59 60 72 78 79
 46 56 59 60 70 71 78 79
 46 56 58 61 68
 46 56 58 61 68 78
 46 56 58 61 68 76 77
 46 56 58 60 61 68
 46 56 58 59 60 68 78
 46 56 58 59 60 68 76 77
 46 55 56 58 63 74
 46 55 56 58 63 72 73
 46 55 56 58 61 63 74
 46 55 56 58 61 63 72 73
 46 55 56 58 59 60 63 74
 46 55 56 58 59 60 63 72 73
 46 55 56 58 59 60 61 62 74
 46 55 56 58 59 60 61 62 72 73
 46 54 58 61 68 78
 46 54 58 61 68 76 77
 46 54 58 59 60 68 78
 46 54 58 59 60 68 76 77
 46 53 56 72
 46 53 56 70 71
 46 53 56 61 72
 46 53 56 61 70 71
 46 53 56 59 60 72
 46 53 56 59 60 70 71
 46 52 58 61 78
 46 52 58 61 76 77
 46 52 58 59 60 78
 46 52 58 59 60 76 77
 46 52 53 58 61 68 78
 46 52 53 58 61 68 76 77
 46 52 53 58 59 60 68 78
 46 52 53 58 59 60 68 76 77
 46 51 58 61 68
 46 51 58 59 60 68
 46 51 56 58 61 68
 46 51 56 58 59 60 68
 46 51 54 58 61 68
 46 51 54 58 59 60 68
 46 51 52 58 61
 46 51 52 58 59 60
 46 51 52 53 58 61 68
 46 51 52 53 58 59 60 68
 46 50 51 58 61
 46 50 51 58 61 78
 46 50 51 58 61 76 77
 46 50 51 58 59 60
 46 50 51 58 59 60 78
 46 50 51 58 59 60 76 77
 46 47 58 60 61 63
 46 47 58 60 61 62
 46 47 58 59 60 63
 46 47 58 59 60 61 62
 46 47 57 58 63
 46 47 57 58 61 63
 46 47 57 58 59 60 63
 46 47 57 58 59 60 61 62
 46 47 55 56 58 63
 46 47 55 56 58 61 63
 46 47 55 56 58 59 60 63
 46 47 55 56 58 59 60 61 62
 45 46 58
 45 46 58 61
 45 46 58 59 60
 45 46 56 78 79
 45 46 56 61 78 79
 45 46 56 59 60 78 79
 45 46 53 56
 45 46 53 56 61
 45 46 53 56 59 60
 44 58 59
 44 58 59 74 78
 44 58 59 74 76 77
 44 58 59 72 73 78
 44 58 59 72 73 76 77
 44 58 59 62 74
 44 58 59 62 72 73
 44 57 58
 44 57 58 74 78
 44 57 58 74 76 77
 44 57 58 72 73 78
 44 57 58 72 73 76 77
 44 57 58 62 74
 44 57 58 62 72 73
 44 51 58 59 74
 44 51 58 59 72 73
 44 51 57 58 74
 44 51 57 58 72 73
 44 47 58 59 78
 44 47 58 59 76 77
 44 47 58 59 62
 44 47 57 58 78
 44 47 57 58 76 77
 44 47 57 58 62
 44 47 51 58 59
 44 47 51 57 58
 44 45 58
 44 45 58 72
 44 45 58 70 71
 44 45 58 61 72
 44 45 58 61 70 71
 44 45 58 61 68 78
 44 45 58 61 68 76 77
 44 45 58 60 61
 44 45 58 60 61 63 74
 44 45 58 60 61 63 72 73
 44 45 58 60 61 62 74
 44 45 58 60 61 62 72 73
 44 45 58 59 60
 44 45 58 59 60 72
 44 45 58 59 60 70 71
 44 45 58 59 60 68 78
 44 45 58 59 60 68 76 77
 44 45 58 59 60 63 74
 44 45 58 59 60 63 72 73
 44 45 58 59 60 61 62 74
 44 45 58 59 60 61 62 72 73
 44 45 57 58 63 74
 44 45 57 58 63 72 73
 44 45 57 58 61 63 74
 44 45 57 58 61 63 72 73
 44 45 57 58 59 60 63 74
 44 45 57 58 59 60 63 72 73
 44 45 57 58 59 60 61 62 74
 44 45 57 58 59 60 61 62 72 73
 44 45 56 78 79
 44 45 56 72 78 79
 44 45 56 70 71 78 79
 44 45 56 61 78 79
 44 45 56 61 72 78 79
 44 45 56 61 70 71 78 79
 44 45 56 59 60 78 79
 44 45 56 59 60 72 78 79
 44 45 56 59 60 70 71 78 79
 44 45 56 58 61 68
 44 45 56 58 61 68 78
 44 45 56 58 61 68 76 77
 44 45 56 58 60 61 68
 44 45 56 58 59 60 68 78
 44 45 56 58 59 60 68 76 77
 44 45 55 56 58 63 74
 44 45 55 56 58 63 72 73
 44 45 55 56 58 61 63 74
 44 45 55 56 58 61 63 72 73
 44 45 55 56 58 59 60 63 74
 44 45 55 56 58 59 60 63 72 73
 44 45 55 56 58 59 60 61 62 74
 44 45 55 56 58 59 60 61 62 72 73
 44 45 54 58 61 68 78
 44 45 54 58 61 68 76 77
 44 45 54 58 59 60 68 78
 44 45 54 58 59 60 68 76 77
 44 45 53 56
 44 45 53 56 72
 44 45 53 56 70 71
 44 45 53 56 61
 44 45 53 56 61 72
 44 45 53 56 61 70 71
 44 45 53 56 59 60
 44 45 53 56 59 60 72
 44 45 53 56 59 60 70 71
 44 45 52 58 61 78
 44 45 52 58 61 76 77
 44 45 52 58 59 60 78
 44 45 52 58 59 60 76 77
 44 45 52 53 58 61 68 78
 44 45 52 53 58 61 68 76 77
 44 45 52 53 58 59 60 68 78
 44 45 52 53 58 59 60 68 76 77
 44 45 51 58 61 68
 44 45 51 58 59 60 68
 44 45 51 56 58 61 68
 44 45 51 56 58 59 60 68
 44 45 51 54 58 61 68
 44 45 51 54 58 59 60 68
 44 45 51 52 58 61
 44 45 51 52 58 59 60
 44 45 51 52 53 58 61 68
 44 45 51 52 53 58 59 60 68
 44 45 50 51 58 61
 44 45 50 51 58 61 78
 44 45 50 51 58 61 76 77
 44 45 50 51 58 59 60
 44 45 50 51 58 59 60 78
 44 45 50 51 58 59 60 76 77
 44 45 47 58 60 61 63
 44 45 47 58 60 61 62
 44 45 47 58 59 60 63
 44 45 47 58 59 60 61 62
 44 45 47 57 58 63
 44 45 47 57 58 61 63
 44 45 47 57 58 59 60 63
 44 45 47 57 58 59 60 61 62
 44 45 47 55 56 58 63
 44 45 47 55 56 58 61 63
 44 45 47 55 56 58 59 60 63
 44 45 47 55 56 58 59 60 61 62
 36 58 60 62 74
 36 58 60 62 72 73
 36 58 59 60 74
 36 58 59 60 72 73
 36 57 58 60 74
 36 57 58 60 72 73
 36 47 58 60 62
 36 47 58 59 60
 36 47 57 58 60
 36 46 58 60 61 74
 36 46 58 60 61 72 73
 36 46 58 59 60 74
 36 46 58 59 60 72 73
 36 46 57 58 74
 36 46 57 58 72 73
 36 46 57 58 61 74
 36 46 57 58 61 72 73
 36 46 57 58 59 60 74
 36 46 57 58 59 60 72 73
 36 46 55 56 58 74
 36 46 55 56 58 72 73
 36 46 55 56 58 61 74
 36 46 55 56 58 61 72 73
 36 46 55 56 58 59 60 74
 36 46 55 56 58 59 60 72 73
 36 46 47 58 60 61
 36 46 47 58 59 60
 36 46 47 57 58
 36 46 47 57 58 61
 36 46 47 57 58 59 60
 36 46 47 55 56 58
 36 46 47 55 56 58 61
 36 46 47 55 56 58 59 60
 36 44 45 58 60 61 74
 36 44 45 58 60 61 72 73
 36 44 45 58 59 60 74
 36 44 45 58 59 60 72 73
 36 44 45 57 58 74
 36 44 45 57 58 72 73
 36 44 45 57 58 61 74
 36 44 45 57 58 61 72 73
 36 44 45 57 58 59 60 74
 36 44 45 57 58 59 60 72 73
 36 44 45 55 56 58 74
 36 44 45 55 56 58 72 73
 36 44 45 55 56 58 61 74
 36 44 45 55 56 58 61 72 73
 36 44 45 55 56 58 59 60 74
 36 44 45 55 56 58 59 60 72 73
 36 44 45 47 58 60 61
 36 44 45 47 58 59 60
 36 44 45 47 57 58
 36 44 45 47 57 58 61
 36 44 45 47 57 58 59 60
 36 44 45 47 55 56 58
 36 44 45 47 55 56 58 61
 36 44 45 47 55 56 58 59 60
 35 44 46 61 62 78
 35 44 46 61 62 76 77
 35 44 46 61 62 68 78
 35 44 46 61 62 68 76 77
 35 44 46 59 60 62 78
 35 44 46 59 60 62 76 77
 35 44 46 59 60 62 68 78
 35 44 46 59 60 62 68 76 77
 35 44 46 58 60 61
 35 44 46 58 60 61 68
 35 44 46 58 59 60
 35 44 46 58 59 60 68
 35 44 46 51 61 62
 35 44 46 51 61 62 68
 35 44 46 51 59 60 62
 35 44 46 51 59 60 62 68
 35 44 45 61 62 78
 35 44 45 61 62 76 77
 35 44 45 61 62 68 78
 35 44 45 61 62 68 76 77
 35 44 45 59 60 62 78
 35 44 45 59 60 62 76 77
 35 44 45 59 60 62 68 78
 35 44 45 59 60 62 68 76 77
 35 44 45 58 60 61
 35 44 45 58 60 61 68
 35 44 45 58 59 60
 35 44 45 58 59 60 68
 35 44 45 51 61 62
 35 44 45 51 61 62 68
 35 44 45 51 59 60 62
 35 44 45 51 59 60 62 68
 35 42 43 46 61 62 78
 35 42 43 46 61 62 76 77
 35 42 43 46 61 62 68 78
 35 42 43 46 61 62 68 76 77
 35 42 43 46 59 60 62 78
 35 42 43 46 59 60 62 76 77
 35 42 43 46 59 60 62 68 78
 35 42 43 46 59 60 62 68 76 77
 35 42 43 46 58 60 61
 35 42 43 46 58 60 61 68
 35 42 43 46 58 59 60
 35 42 43 46 58 59 60 68
 35 42 43 46 51 61 62
 35 42 43 46 51 61 62 68
 35 42 43 46 51 59 60 62
 35 42 43 46 51 59 60 62 68
 35 42 43 44 45 61 62 78
 35 42 43 44 45 61 62 76 77
 35 42 43 44 45 61 62 68 78
 35 42 43 44 45 61 62 68 76 77
 35 42 43 44 45 59 60 62 78
 35 42 43 44 45 59 60 62 76 77
 35 42 43 44 45 59 60 62 68 78
 35 42 43 44 45 59 60 62 68 76 77
 35 42 43 44 45 58 60 61
 35 42 43 44 45 58 60 61 68
 35 42 43 44 45 58 59 60
 35 42 43 44 45 58 59 60 68
 35 42 43 44 45 51 61 62
 35 42 43 44 45 51 61 62 68
 35 42 43 44 45 51 59 60 62
 35 42 43 44 45 51 59 60 62 68
 34 46 58
 34 46 58 72
 34 46 58 70 71
 34 46 58 68 78
 34 46 58 68 76 77
 34 46 58 60
 34 46 58 60 63 74
 34 46 58 60 63 72 73
 34 46 58 60 61 62 74
 34 46 58 60 61 62 72 73
 34 46 57 58 63 74
 34 46 57 58 63 72 73
 34 46 57 58 61 62 74
 34 46 57 58 61 62 72 73
 34 46 56 72 78 79
 34 46 56 70 71 78 79
 34 46 56 58 68
 34 46 56 58 68 78
 34 46 56 58 68 76 77
 34 46 56 58 60 68
 34 46 55 56 58 63 74
 34 46 55 56 58 63 72 73
 34 46 55 56 58 61 62 74
 34 46 55 56 58 61 62 72 73
 34 46 54 58 68 78
 34 46 54 58 68 76 77
 34 46 53 56 72
 34 46 53 56 70 71
 34 46 52 58 78
 34 46 52 58 76 77
 34 46 52 53 58 68 78
 34 46 52 53 58 68 76 77
 34 46 51 58 68
 34 46 51 56 58 68
 34 46 51 54 58 68
 34 46 51 52 58
 34 46 51 52 53 58 68
 34 46 50 51 58
 34 46 50 51 58 78
 34 46 50 51 58 76 77
 34 46 47 58 60 63
 34 46 47 58 60 61 62
 34 46 47 57 58 63
 34 46 47 57 58 61 62
 34 46 47 55 56 58 63
 34 46 47 55 56 58 61 62
 34 45 46 58
 34 45 46 56 78 79
 34 45 46 53 56
 34 44 45 58 72
 34 44 45 58 70 71
 34 44 45 58 68 78
 34 44 45 58 68 76 77
 34 44 45 58 60
 34 44 45 58 60 63 74
 34 44 45 58 60 63 72 73
 34 44 45 58 60 61 62 74
 34 44 45 58 60 61 62 72 73
 34 44 45 57 58 63 74
 34 44 45 57 58 63 72 73
 34 44 45 57 58 61 62 74
 34 44 45 57 58 61 62 72 73
 34 44 45 56 78 79
 34 44 45 56 72 78 79
 34 44 45 56 70 71 78 79
 34 44 45 56 58 68
 34 44 45 56 58 68 78
 34 44 45 56 58 68 76 77
 34 44 45 56 58 60 68
 34 44 45 55 56 58 63 74
 34 44 45 55 56 58 63 72 73
 34 44 45 55 56 58 61 62 74
 34 44 45 55 56 58 61 62 72 73
 34 44 45 54 58 68 78
 34 44 45 54 58 68 76 77
 34 44 45 53 56
 34 44 45 53 56 72
 34 44 45 53 56 70 71
 34 44 45 52 58 78
 34 44 45 52 58 76 77
 34 44 45 52 53 58 68 78
 34 44 45 52 53 58 68 76 77
 34 44 45 51 58 68
 34 44 45 51 56 58 68
 34 44 45 51 54 58 68
 34 44 45 51 52 58
 34 44 45 51 52 53 58 68
 34 44 45 50 51 58
 34 44 45 50 51 58 78
 34 44 45 50 51 58 76 77
 34 44 45 47 58 60 63
 34 44 45 47 58 60 61 62
 34 44 45 47 57 58 63
 34 44 45 47 57 58 61 62
 34 44 45 47 55 56 58 63
 34 44 45 47 55 56 58 61 62
 34 36 46 58 60 74
 34 36 46 58 60 72 73
 34 36 46 57 58 74
 34 36 46 57 58 72 73
 34 36 46 55 56 58 74
 34 36 46 55 56 58 72 73
 34 36 46 47 58 60
 34 36 46 47 57 58
 34 36 46 47 55 56 58
 34 36 44 45 58 60 74
 34 36 44 45 58 60 72 73
 34 36 44 45 57 58 74
 34 36 44 45 57 58 72 73
 34 36 44 45 55 56 58 74
 34 36 44 45 55 56 58 72 73
 34 36 44 45 47 58 60
 34 36 44 45 47 57 58
 34 36 44 45 47 55 56 58
 34 35 44 46 62 78
 34 35 44 46 62 76 77
 34 35 44 46 62 68 78
 34 35 44 46 62 68 76 77
 34 35 44 46 58 60
 34 35 44 46 58 60 68
 34 35 44 46 51 62
 34 35 44 46 51 62 68
 34 35 44 45 62 78
 34 35 44 45 62 76 77
 34 35 44 45 62 68 78
 34 35 44 45 62 68 76 77
 34 35 44 45 58 60
 34 35 44 45 58 60 68
 34 35 44 45 51 62
 34 35 44 45 51 62 68
 34 35 42 43 46 62 78
 34 35 42 43 46 62 76 77
 34 35 42 43 46 62 68 78
 34 35 42 43 46 62 68 76 77
 34 35 42 43 46 58 60
 34 35 42 43 46 58 60 68
 34 35 42 43 46 51 62
 34 35 42 43 46 51 62 68
 34 35 42 43 44 45 62 78
 34 35 42 43 44 45 62 76 77
 34 35 42 43 44 45 62 68 78
 34 35 42 43 44 45 62 68 76 77
 34 35 42 43 44 45 58 60
 34 35 42 43 44 45 58 60 68
 34 35 42 43 44 45 51 62
 34 35 42 43 44 45 51 62 68
 33 34 44 46 62 78
 33 34 44 46 62 76 77
 33 34 44 46 62 68 78
 33 34 44 46 62 68 76 77
 33 34 44 46 61 62 78
 33 34 44 46 61 62 76 77
 33 34 44 46 61 62 68 78
 33 34 44 46 61 62 68 76 77
 33 34 44 46 59 60 62 78
 33 34 44 46 59 60 62 76 77
 33 34 44 46 59 60 62 68 78
 33 34 44 46 59 60 62 68 76 77
 33 34 44 46 58 60
 33 34 44 46 58 60 68
 33 34 44 46 58 60 61
 33 34 44 46 58 60 61 68
 33 34 44 46 58 59 60
 33 34 44 46 58 59 60 68
 33 34 44 46 51 62
 33 34 44 46 51 62 68
 33 34 44 46 51 61 62
 33 34 44 46 51 61 62 68
 33 34 44 46 51 59 60 62
 33 34 44 46 51 59 60 62 68
 33 34 44 45 62 78
 33 34 44 45 62 76 77
 33 34 44 45 62 68 78
 33 34 44 45 62 68 76 77
 33 34 44 45 61 62 78
 33 34 44 45 61 62 76 77
 33 34 44 45 61 62 68 78
 33 34 44 45 61 62 68 76 77
 33 34 44 45 59 60 62 78
 33 34 44 45 59 60 62 76 77
 33 34 44 45 59 60 62 68 78
 33 34 44 45 59 60 62 68 76 77
 33 34 44 45 58 60
 33 34 44 45 58 60 68
 33 34 44 45 58 60 61
 33 34 44 45 58 60 61 68
 33 34 44 45 58 59 60
 33 34 44 45 58 59 60 68
 33 34 44 45 51 62
 33 34 44 45 51 62 68
 33 34 44 45 51 61 62
 33 34 44 45 51 61 62 68
 33 34 44 45 51 59 60 62
 33 34 44 45 51 59 60 62 68
 33 34 42 43 46 62 78
 33 34 42 43 46 62 76 77
 33 34 42 43 46 62 68 78
 33 34 42 43 46 62 68 76 77
 33 34 42 43 46 61 62 78
 33 34 42 43 46 61 62 76 77
 33 34 42 43 46 61 62 68 78
 33 34 42 43 46 61 62 68 76 77
 33 34 42 43 46 59 60 62 78
 33 34 42 43 46 59 60 62 76 77
 33 34 42 43 46 59 60 62 68 78
 33 34 42 43 46 59 60 62 68 76 77
 33 34 42 43 46 58 60
 33 34 42 43 46 58 60 68
 33 34 42 43 46 58 60 61
 33 34 42 43 46 58 60 61 68
 33 34 42 43 46 58 59 60
 33 34 42 43 46 58 59 60 68
 33 34 42 43 46 51 62
 33 34 42 43 46 51 62 68
 33 34 42 43 46 51 61 62
 33 34 42 43 46 51 61 62 68
 33 34 42 43 46 51 59 60 62
 33 34 42 43 46 51 59 60 62 68
 33 34 42 43 44 45 62 78
 33 34 42 43 44 45 62 76 77
 33 34 42 43 44 45 62 68 78
 33 34 42 43 44 45 62 68 76 77
 33 34 42 43 44 45 61 62 78
 33 34 42 43 44 45 61 62 76 77
 33 34 42 43 44 45 61 62 68 78
 33 34 42 43 44 45 61 62 68 76 77
 33 34 42 43 44 45 59 60 62 78
 33 34 42 43 44 45 59 60 62 76 77
 33 34 42 43 44 45 59 60 62 68 78
 33 34 42 43 44 45 59 60 62 68 76 77
 33 34 42 43 44 45 58 60
 33 34 42 43 44 45 58 60 68
 33 34 42 43 44 45 58 60 61
 33 34 42 43 44 45 58 60 61 68
 33 34 42 43 44 45 58 59 60
 33 34 42 43 44 45 58 59 60 68
 33 34 42 43 44 45 51 62
 33 34 42 43 44 45 51 62 68
 33 34 42 43 44 45 51 61 62
 33 34 42 43 44 45 51 61 62 68
 33 34 42 43 44 45 51 59 60 62
 33 34 42 43 44 45 51 59 60 62 68
 32 58 62 74 78 79
 32 58 62 72 73 78 79
 32 58 60 63 74
 32 58 60 63 72 73
 32 58 60 61 62 74
 32 58 60 61 62 72 73
 32 53 58 62 74
 32 53 58 62 72 73
 32 47 58 62 78 79
 32 47 58 60 63
 32 47 58 60 61 62
 32 47 53 58 62
 32 44 58
 32 44 58 74 78
 32 44 58 74 76 77
 32 44 58 72 73 78
 32 44 58 72 73 76 77
 32 44 58 62 74
 32 44 58 62 72 73
 32 44 51 58 74
 32 44 51 58 72 73
 32 44 47 58 78
 32 44 47 58 76 77
 32 44 47 58 62
 32 44 47 51 58
 32 36 58 60 74
 32 36 58 60 72 73
 32 36 47 58 60
 30 46 58 63 74
 30 46 58 63 72 73
 30 46 58 61 63 74
 30 46 58 61 63 72 73
 30 46 58 59 60 63 74
 30 46 58 59 60 63 72 73
 30 46 58 59 60 61 62 74
 30 46 58 59 60 61 62 72 73
 30 46 47 58 63
 30 46 47 58 61 63
 30 46 47 58 59 60 63
 30 46 47 58 59 60 61 62
 30 44 45 58 63 74
 30 44 45 58 63 72 73
 30 44 45 58 61 63 74
 30 44 45 58 61 63 72 73
 30 44 45 58 59 60 63 74
 30 44 45 58 59 60 63 72 73
 30 44 45 58 59 60 61 62 74
 30 44 45 58 59 60 61 62 72 73
 30 44 45 47 58 63
 30 44 45 47 58 61 63
 30 44 45 47 58 59 60 63
 30 44 45 47 58 59 60 61 62
 30 36 46 58 74
 30 36 46 58 72 73
 30 36 46 58 61 74
 30 36 46 58 61 72 73
 30 36 46 58 59 60 74
 30 36 46 58 59 60 72 73
 30 36 46 47 58
 30 36 46 47 58 61
 30 36 46 47 58 59 60
 30 36 44 45 58 74
 30 36 44 45 58 72 73
 30 36 44 45 58 61 74
 30 36 44 45 58 61 72 73
 30 36 44 45 58 59 60 74
 30 36 44 45 58 59 60 72 73
 30 36 44 45 47 58
 30 36 44 45 47 58 61
 30 36 44 45 47 58 59 60
 30 34 46 58 63 74
 30 34 46 58 63 72 73
 30 34 46 58 61 62 74
 30 34 46 58 61 62 72 73
 30 34 46 47 58 63
 30 34 46 47 58 61 62
 30 34 44 45 58 63 74
 30 34 44 45 58 63 72 73
 30 34 44 45 58 61 62 74
 30 34 44 45 58 61 62 72 73
 30 34 44 45 47 58 63
 30 34 44 45 47 58 61 62
 30 34 36 46 58 74
 30 34 36 46 58 72 73
 30 34 36 46 47 58
 30 34 36 44 45 58 74
 30 34 36 44 45 58 72 73
 30 34 36 44 45 47 58
 29 58 60 62 63 74
 29 58 60 62 63 72 73
 29 58 60 61 62 74
 29 58 60 61 62 72 73
 29 58 59 62 74 78 79
 29 58 59 62 72 73 78 79
 29 58 59 60 63 74
 29 58 59 60 63 72 73
 29 58 59 60 61 62 74
 29 58 59 60 61 62 72 73
 29 57 58 62 74 78 79
 29 57 58 62 72 73 78 79
 29 57 58 60 63 74
 29 57 58 60 63 72 73
 29 57 58 60 61 62 74
 29 57 58 60 61 62 72 73
 29 53 58 59 62 74
 29 53 58 59 62 72 73
 29 53 57 58 62 74
 29 53 57 58 62 72 73
 29 52 58 59 60 63
 29 52 58 59 60 61 62
 29 52 57 58 60 63
 29 52 57 58 60 61 62
 29 50 51 58 59 60 63
 29 50 51 58 59 60 61 62
 29 50 51 57 58 60 63
 29 50 51 57 58 60 61 62
 29 47 58 60 62 63
 29 47 58 60 61 62
 29 47 58 59 62 78 79
 29 47 58 59 60 63
 29 47 58 59 60 61 62
 29 47 57 58 62 78 79
 29 47 57 58 60 63
 29 47 57 58 60 61 62
 29 47 53 58 59 62
 29 47 53 57 58 62
 29 46 58 61
 29 46 58 60 61
 29 46 58 60 61 63 74
 29 46 58 60 61 63 72 73
 29 46 58 60 61 62 74
 29 46 58 60 61 62 72 73
 29 46 58 59 60 63 74
 29 46 58 59 60 63 72 73
 29 46 58 59 60 61 62 74
 29 46 58 59 60 61 62 72 73
 29 46 52 58 61 78
 29 46 52 58 61 76 77
 29 46 52 58 59 60 78
 29 46 52 58 59 60 76 77
 29 46 51 52 58 61
 29 46 51 52 58 59 60
 29 46 50 51 58 61
 29 46 50 51 58 61 78
 29 46 50 51 58 61 76 77
 29 46 50 51 58 59 60
 29 46 50 51 58 59 60 78
 29 46 50 51 58 59 60 76 77
 29 46 47 58 60 61 63
 29 46 47 58 60 61 62
 29 46 47 58 59 60 63
 29 46 47 58 59 60 61 62
 29 44 58 59
 29 44 58 59 74 78
 29 44 58 59 74 76 77
 29 44 58 59 72 73 78
 29 44 58 59 72 73 76 77
 29 44 58 59 62 74
 29 44 58 59 62 72 73
 29 44 57 58
 29 44 57 58 74 78
 29 44 57 58 74 76 77
 29 44 57 58 72 73 78
 29 44 57 58 72 73 76 77
 29 44 57 58 62 74
 29 44 57 58 62 72 73
 29 44 51 58 59 74
 29 44 51 58 59 72 73
 29 44 51 57 58 74
 29 44 51 57 58 72 73
 29 44 47 58 59 78
 29 44 47 58 59 76 77
 29 44 47 58 59 62
 29 44 47 57 58 78
 29 44 47 57 58 76 77
 29 44 47 57 58 62
 29 44 47 51 58 59
 29 44 47 51 57 58
 29 44 45 58 61
 29 44 45 58 60 61
 29 44 45 58 60 61 63 74
 29 44 45 58 60 61 63 72 73
 29 44 45 58 60 61 62 74
 29 44 45 58 60 61 62 72 73
 29 44 45 58 59 60 63 74
 29 44 45 58 59 60 63 72 73
 29 44 45 58 59 60 61 62 74
 29 44 45 58 59 60 61 62 72 73
 29 44 45 52 58 61 78
 29 44 45 52 58 61 76 77
 29 44 45 52 58 59 60 78
 29 44 45 52 58 59 60 76 77
 29 44 45 51 52 58 61
 29 44 45 51 52 58 59 60
 29 44 45 50 51 58 61
 29 44 45 50 51 58 61 78
 29 44 45 50 51 58 61 76 77
 29 44 45 50 51 58 59 60
 29 44 45 50 51 58 59 60 78
 29 44 45 50 51 58 59 60 76 77
 29 44 45 47 58 60 61 63
 29 44 45 47 58 60 61 62
 29 44 45 47 58 59 60 63
 29 44 45 47 58 59 60 61 62
 29 36 58 60 62 74
 29 36 58 60 62 72 73
 29 36 58 59 60 74
 29 36 58 59 60 72 73
 29 36 57 58 60 74
 29 36 57 58 60 72 73
 29 36 52 58 59 60
 29 36 52 57 58 60
 29 36 50 51 58 59 60
 29 36 50 51 57 58 60
 29 36 47 58 60 62
 29 36 47 58 59 60
 29 36 47 57 58 60
 29 36 46 58 60 61 74
 29 36 46 58 60 61 72 73
 29 36 46 58 59 60 74
 29 36 46 58 59 60 72 73
 29 36 46 47 58 60 61
 29 36 46 47 58 59 60
 29 36 44 45 58 60 61 74
 29 36 44 45 58 60 61 72 73
 29 36 44 45 58 59 60 74
 29 36 44 45 58 59 60 72 73
 29 36 44 45 47 58 60 61
 29 36 44 45 47 58 59 60
 29 34 46 58
 29 34 46 58 60
 29 34 46 58 60 63 74
 29 34 46 58 60 63 72 73
 29 34 46 58 60 61 62 74
 29 34 46 58 60 61 62 72 73
 29 34 46 52 58 78
 29 34 46 52 58 76 77
 29 34 46 51 52 58
 29 34 46 50 51 58
 29 34 46 50 51 58 78
 29 34 46 50 51 58 76 77
 29 34 46 47 58 60 63
 29 34 46 47 58 60 61 62
 29 34 44 45 58
 29 34 44 45 58 60
 29 34 44 45 58 60 63 74
 29 34 44 45 58 60 63 72 73
 29 34 44 45 58 60 61 62 74
 29 34 44 45 58 60 61 62 72 73
 29 34 44 45 52 58 78
 29 34 44 45 52 58 76 77
 29 34 44 45 51 52 58
 29 34 44 45 50 51 58
 29 34 44 45 50 51 58 78
 29 34 44 45 50 51 58 76 77
 29 34 44 45 47 58 60 63
 29 34 44 45 47 58 60 61 62
 29 34 36 46 58 60 74
 29 34 36 46 58 60 72 73
 29 34 36 46 47 58 60
 29 34 36 44 45 58 60 74
 29 34 36 44 45 58 60 72 73
 29 34 36 44 45 47 58 60
 29 32 58 62 74 78 79
 29 32 58 62 72 73 78 79
 29 32 58 60 63 74
 29 32 58 60 63 72 73
 29 32 58 60 61 62 74
 29 32 58 60 61 62 72 73
 29 32 53 58 62 74
 29 32 53 58 62 72 73
 29 32 52 58 60 63
 29 32 52 58 60 61 62
 29 32 50 51 58 60 63
 29 32 50 51 58 60 61 62
 29 32 47 58 62 78 79
 29 32 47 58 60 63
 29 32 47 58 60 61 62
 29 32 47 53 58 62
 29 32 44 58
 29 32 44 58 74 78
 29 32 44 58 74 76 77
 29 32 44 58 72 73 78
 29 32 44 58 72 73 76 77
 29 32 44 58 62 74
 29 32 44 58 62 72 73
 29 32 44 51 58 74
 29 32 44 51 58 72 73
 29 32 44 47 58 78
 29 32 44 47 58 76 77
 29 32 44 47 58 62
 29 32 44 47 51 58
 29 32 36 58 60 74
 29 32 36 58 60 72 73
 29 32 36 52 58 60
 29 32 36 50 51 58 60
 29 32 36 47 58 60
 27 46 58 61 68 78
 27 46 58 61 68 76 77
 27 46 58 59 60 68 78
 27 46 58 59 60 68 76 77
 27 46 51 58 61 68
 27 46 51 58 59 60 68
 27 44 45 58 61 68 78
 27 44 45 58 61 68 76 77
 27 44 45 58 59 60 68 78
 27 44 45 58 59 60 68 76 77
 27 44 45 51 58 61 68
 27 44 45 51 58 59 60 68
 27 34 46 58 68 78
 27 34 46 58 68 76 77
 27 34 46 51 58 68
 27 34 44 45 58 68 78
 27 34 44 45 58 68 76 77
 27 34 44 45 51 58 68
 27 28 58 60 62 63 74
 27 28 58 60 62 63 72 73
 27 28 58 60 61 62 74
 27 28 58 60 61 62 72 73
 27 28 58 59 62 74 78 79
 27 28 58 59 62 72 73 78 79
 27 28 58 59 60 63 74
 27 28 58 59 60 63 72 73
 27 28 58 59 60 61 62 74
 27 28 58 59 60 61 62 72 73
 27 28 57 58 62 74 78 79
 27 28 57 58 62 72 73 78 79
 27 28 57 58 60 63 74
 27 28 57 58 60 63 72 73
 27 28 57 58 60 61 62 74
 27 28 57 58 60 61 62 72 73
 27 28 53 58 59 62 74
 27 28 53 58 59 62 72 73
 27 28 53 57 58 62 74
 27 28 53 57 58 62 72 73
 27 28 52 58 59 60 63
 27 28 52 58 59 60 61 62
 27 28 52 57 58 60 63
 27 28 52 57 58 60 61 62
 27 28 50 51 58 59 60 63
 27 28 50 51 58 59 60 61 62
 27 28 50 51 57 58 60 63
 27 28 50 51 57 58 60 61 62
 27 28 47 58 60 62 63
 27 28 47 58 60 61 62
 27 28 47 58 59 62 78 79
 27 28 47 58 59 60 63
 27 28 47 58 59 60 61 62
 27 28 47 57 58 62 78 79
 27 28 47 57 58 60 63
 27 28 47 57 58 60 61 62
 27 28 47 53 58 59 62
 27 28 47 53 57 58 62
 27 28 46 58 61
 27 28 46 58 60 61
 27 28 46 58 60 61 63 74
 27 28 46 58 60 61 63 72 73
 27 28 46 58 60 61 62 74
 27 28 46 58 60 61 62 72 73
 27 28 46 58 59 60 63 74
 27 28 46 58 59 60 63 72 73
 27 28 46 58 59 60 61 62 74
 27 28 46 58 59 60 61 62 72 73
 27 28 46 52 58 61 78
 27 28 46 52 58 61 76 77
 27 28 46 52 58 59 60 78
 27 28 46 52 58 59 60 76 77
 27 28 46 51 52 58 61
 27 28 46 51 52 58 59 60
 27 28 46 50 51 58 61
 27 28 46 50 51 58 61 78
 27 28 46 50 51 58 61 76 77
 27 28 46 50 51 58 59 60
 27 28 46 50 51 58 59 60 78
 27 28 46 50 51 58 59 60 76 77
 27 28 46 47 58 60 61 63
 27 28 46 47 58 60 61 62
 27 28 46 47 58 59 60 63
 27 28 46 47 58 59 60 61 62
 27 28 44 58 59
 27 28 44 58 59 74 78
 27 28 44 58 59 74 76 77
 27 28 44 58 59 72 73 78
 27 28 44 58 59 72 73 76 77
 27 28 44 58 59 62 74
 27 28 44 58 59 62 72 73
 27 28 44 57 58
 27 28 44 57 58 74 78
 27 28 44 57 58 74 76 77
 27 28 44 57 58 72 73 78
 27 28 44 57 58 72 73 76 77
 27 28 44 57 58 62 74
 27 28 44 57 58 62 72 73
 27 28 44 51 58 59 74
 27 28 44 51 58 59 72 73
 27 28 44 51 57 58 74
 27 28 44 51 57 58 72 73
 27 28 44 47 58 59 78
 27 28 44 47 58 59 76 77
 27 28 44 47 58 59 62
 27 28 44 47 57 58 78
 27 28 44 47 57 58 76 77
 27 28 44 47 57 58 62
 27 28 44 47 51 58 59
 27 28 44 47 51 57 58
 27 28 44 45 58 61
 27 28 44 45 58 60 61
 27 28 44 45 58 60 61 63 74
 27 28 44 45 58 60 61 63 72 73
 27 28 44 45 58 60 61 62 74
 27 28 44 45 58 60 61 62 72 73
 27 28 44 45 58 59 60 63 74
 27 28 44 45 58 59 60 63 72 73
 27 28 44 45 58 59 60 61 62 74
 27 28 44 45 58 59 60 61 62 72 73
 27 28 44 45 52 58 61 78
 27 28 44 45 52 58 61 76 77
 27 28 44 45 52 58 59 60 78
 27 28 44 45 52 58 59 60 76 77
 27 28 44 45 51 52 58 61
 27 28 44 45 51 52 58 59 60
 27 28 44 45 50 51 58 61
 27 28 44 45 50 51 58 61 78
 27 28 44 45 50 51 58 61 76 77
 27 28 44 45 50 51 58 59 60
 27 28 44 45 50 51 58 59 60 78
 27 28 44 45 50 51 58 59 60 76 77
 27 28 44 45 47 58 60 61 63
 27 28 44 45 47 58 60 61 62
 27 28 44 45 47 58 59 60 63
 27 28 44 45 47 58 59 60 61 62
 27 28 36 58 60 62 74
 27 28 36 58 60 62 72 73
 27 28 36 58 59 60 74
 27 28 36 58 59 60 72 73
 27 28 36 57 58 60 74
 27 28 36 57 58 60 72 73
 27 28 36 52 58 59 60
 27 28 36 52 57 58 60
 27 28 36 50 51 58 59 60
 27 28 36 50 51 57 58 60
 27 28 36 47 58 60 62
 27 28 36 47 58 59 60
 27 28 36 47 57 58 60
 27 28 36 46 58 60 61 74
 27 28 36 46 58 60 61 72 73
 27 28 36 46 58 59 60 74
 27 28 36 46 58 59 60 72 73
 27 28 36 46 47 58 60 61
 27 28 36 46 47 58 59 60
 27 28 36 44 45 58 60 61 74
 27 28 36 44 45 58 60 61 72 73
 27 28 36 44 45 58 59 60 74
 27 28 36 44 45 58 59 60 72 73
 27 28 36 44 45 47 58 60 61
 27 28 36 44 45 47 58 59 60
 27 28 34 46 58
 27 28 34 46 58 60
 27 28 34 46 58 60 63 74
 27 28 34 46 58 60 63 72 73
 27 28 34 46 58 60 61 62 74
 27 28 34 46 58 60 61 62 72 73
 27 28 34 46 52 58 78
 27 28 34 46 52 58 76 77
 27 28 34 46 51 52 58
 27 28 34 46 50 51 58
 27 28 34 46 50 51 58 78
 27 28 34 46 50 51 58 76 77
 27 28 34 46 47 58 60 63
 27 28 34 46 47 58 60 61 62
 27 28 34 44 45 58
 27 28 34 44 45 58 60
 27 28 34 44 45 58 60 63 74
 27 28 34 44 45 58 60 63 72 73
 27 28 34 44 45 58 60 61 62 74
 27 28 34 44 45 58 60 61 62 72 73
 27 28 34 44 45 52 58 78
 27 28 34 44 45 52 58 76 77
 27 28 34 44 45 51 52 58
 27 28 34 44 45 50 51 58
 27 28 34 44 45 50 51 58 78
 27 28 34 44 45 50 51 58 76 77
 27 28 34 44 45 47 58 60 63
 27 28 34 44 45 47 58 60 61 62
 27 28 34 36 46 58 60 74
 27 28 34 36 46 58 60 72 73
 27 28 34 36 46 47 58 60
 27 28 34 36 44 45 58 60 74
 27 28 34 36 44 45 58 60 72 73
 27 28 34 36 44 45 47 58 60
 27 28 32 58 62 74 78 79
 27 28 32 58 62 72 73 78 79
 27 28 32 58 60 63 74
 27 28 32 58 60 63 72 73
 27 28 32 58 60 61 62 74
 27 28 32 58 60 61 62 72 73
 27 28 32 53 58 62 74
 27 28 32 53 58 62 72 73
 27 28 32 52 58 60 63
 27 28 32 52 58 60 61 62
 27 28 32 50 51 58 60 63
 27 28 32 50 51 58 60 61 62
 27 28 32 47 58 62 78 79
 27 28 32 47 58 60 63
 27 28 32 47 58 60 61 62
 27 28 32 47 53 58 62
 27 28 32 44 58
 27 28 32 44 58 74 78
 27 28 32 44 58 74 76 77
 27 28 32 44 58 72 73 78
 27 28 32 44 58 72 73 76 77
 27 28 32 44 58 62 74
 27 28 32 44 58 62 72 73
 27 28 32 44 51 58 74
 27 28 32 44 51 58 72 73
 27 28 32 44 47 58 78
 27 28 32 44 47 58 76 77
 27 28 32 44 47 58 62
 27 28 32 44 47 51 58
 27 28 32 36 58 60 74
 27 28 32 36 58 60 72 73
 27 28 32 36 52 58 60
 27 28 32 36 50 51 58 60
 27 28 32 36 47 58 60
 26 46 58 61 78
 26 46 58 61 76 77
 26 46 58 59 60 78
 26 46 58 59 60 76 77
 26 46 56 58 61
 26 46 56 58 61 78
 26 46 56 58 61 76 77
 26 46 56 58 60 61
 26 46 56 58 59 60 78
 26 46 56 58 59 60 76 77
 26 46 54 58 61 78
 26 46 54 58 61 76 77
 26 46 54 58 59 60 78
 26 46 54 58 59 60 76 77
 26 46 52 53 58 61 78
 26 46 52 53 58 61 76 77
 26 46 52 53 58 59 60 78
 26 46 52 53 58 59 60 76 77
 26 46 51 58 61
 26 46 51 58 59 60
 26 46 51 56 58 61
 26 46 51 56 58 59 60
 26 46 51 54 58 61
 26 46 51 54 58 59 60
 26 46 51 52 53 58 61
 26 46 51 52 53 58 59 60
 26 44 45 58 61 78
 26 44 45 58 61 76 77
 26 44 45 58 59 60 78
 26 44 45 58 59 60 76 77
 26 44 45 56 58 61
 26 44 45 56 58 61 78
 26 44 45 56 58 61 76 77
 26 44 45 56 58 60 61
 26 44 45 56 58 59 60 78
 26 44 45 56 58 59 60 76 77
 26 44 45 54 58 61 78
 26 44 45 54 58 61 76 77
 26 44 45 54 58 59 60 78
 26 44 45 54 58 59 60 76 77
 26 44 45 52 53 58 61 78
 26 44 45 52 53 58 61 76 77
 26 44 45 52 53 58 59 60 78
 26 44 45 52 53 58 59 60 76 77
 26 44 45 51 58 61
 26 44 45 51 58 59 60
 26 44 45 51 56 58 61
 26 44 45 51 56 58 59 60
 26 44 45 51 54 58 61
 26 44 45 51 54 58 59 60
 26 44 45 51 52 53 58 61
 26 44 45 51 52 53 58 59 60
 26 35 44 46 61 62 78
 26 35 44 46 61 62 76 77
 26 35 44 46 59 60 62 78
 26 35 44 46 59 60 62 76 77
 26 35 44 46 58 60 61
 26 35 44 46 58 59 60
 26 35 44 46 51 61 62
 26 35 44 46 51 59 60 62
 26 35 44 45 61 62 78
 26 35 44 45 61 62 76 77
 26 35 44 45 59 60 62 78
 26 35 44 45 59 60 62 76 77
 26 35 44 45 58 60 61
 26 35 44 45 58 59 60
 26 35 44 45 51 61 62
 26 35 44 45 51 59 60 62
 26 35 42 43 46 61 62 78
 26 35 42 43 46 61 62 76 77
 26 35 42 43 46 59 60 62 78
 26 35 42 43 46 59 60 62 76 77
 26 35 42 43 46 58 60 61
 26 35 42 43 46 58 59 60
 26 35 42 43 46 51 61 62
 26 35 42 43 46 51 59 60 62
 26 35 42 43 44 45 61 62 78
 26 35 42 43 44 45 61 62 76 77
 26 35 42 43 44 45 59 60 62 78
 26 35 42 43 44 45 59 60 62 76 77
 26 35 42 43 44 45 58 60 61
 26 35 42 43 44 45 58 59 60
 26 35 42 43 44 45 51 61 62
 26 35 42 43 44 45 51 59 60 62
 26 34 46 58 78
 26 34 46 58 76 77
 26 34 46 56 58
 26 34 46 56 58 78
 26 34 46 56 58 76 77
 26 34 46 56 58 60
 26 34 46 54 58 78
 26 34 46 54 58 76 77
 26 34 46 52 53 58 78
 26 34 46 52 53 58 76 77
 26 34 46 51 58
 26 34 46 51 56 58
 26 34 46 51 54 58
 26 34 46 51 52 53 58
 26 34 44 45 58 78
 26 34 44 45 58 76 77
 26 34 44 45 56 58
 26 34 44 45 56 58 78
 26 34 44 45 56 58 76 77
 26 34 44 45 56 58 60
 26 34 44 45 54 58 78
 26 34 44 45 54 58 76 77
 26 34 44 45 52 53 58 78
 26 34 44 45 52 53 58 76 77
 26 34 44 45 51 58
 26 34 44 45 51 56 58
 26 34 44 45 51 54 58
 26 34 44 45 51 52 53 58
 26 34 35 44 46 62 78
 26 34 35 44 46 62 76 77
 26 34 35 44 46 58 60
 26 34 35 44 46 51 62
 26 34 35 44 45 62 78
 26 34 35 44 45 62 76 77
 26 34 35 44 45 58 60
 26 34 35 44 45 51 62
 26 34 35 42 43 46 62 78
 26 34 35 42 43 46 62 76 77
 26 34 35 42 43 46 58 60
 26 34 35 42 43 46 51 62
 26 34 35 42 43 44 45 62 78
 26 34 35 42 43 44 45 62 76 77
 26 34 35 42 43 44 45 58 60
 26 34 35 42 43 44 45 51 62
 26 33 34 44 46 62 78
 26 33 34 44 46 62 76 77
 26 33 34 44 46 61 62 78
 26 33 34 44 46 61 62 76 77
 26 33 34 44 46 59 60 62 78
 26 33 34 44 46 59 60 62 76 77
 26 33 34 44 46 58 60
 26 33 34 44 46 58 60 61
 26 33 34 44 46 58 59 60
 26 33 34 44 46 51 62
 26 33 34 44 46 51 61 62
 26 33 34 44 46 51 59 60 62
 26 33 34 44 45 62 78
 26 33 34 44 45 62 76 77
 26 33 34 44 45 61 62 78
 26 33 34 44 45 61 62 76 77
 26 33 34 44 45 59 60 62 78
 26 33 34 44 45 59 60 62 76 77
 26 33 34 44 45 58 60
 26 33 34 44 45 58 60 61
 26 33 34 44 45 58 59 60
 26 33 34 44 45 51 62
 26 33 34 44 45 51 61 62
 26 33 34 44 45 51 59 60 62
 26 33 34 42 43 46 62 78
 26 33 34 42 43 46 62 76 77
 26 33 34 42 43 46 61 62 78
 26 33 34 42 43 46 61 62 76 77
 26 33 34 42 43 46 59 60 62 78
 26 33 34 42 43 46 59 60 62 76 77
 26 33 34 42 43 46 58 60
 26 33 34 42 43 46 58 60 61
 26 33 34 42 43 46 58 59 60
 26 33 34 42 43 46 51 62
 26 33 34 42 43 46 51 61 62
 26 33 34 42 43 46 51 59 60 62
 26 33 34 42 43 44 45 62 78
 26 33 34 42 43 44 45 62 76 77
 26 33 34 42 43 44 45 61 62 78
 26 33 34 42 43 44 45 61 62 76 77
 26 33 34 42 43 44 45 59 60 62 78
 26 33 34 42 43 44 45 59 60 62 76 77
 26 33 34 42 43 44 45 58 60
 26 33 34 42 43 44 45 58 60 61
 26 33 34 42 43 44 45 58 59 60
 26 33 34 42 43 44 45 51 62
 26 33 34 42 43 44 45 51 61 62
 26 33 34 42 43 44 45 51 59 60 62
 26 27 46 58 61 78
 26 27 46 58 61 76 77
 26 27 46 58 59 60 78
 26 27 46 58 59 60 76 77
 26 27 46 51 58 61
 26 27 46 51 58 59 60
 26 27 44 45 58 61 78
 26 27 44 45 58 61 76 77
 26 27 44 45 58 59 60 78
 26 27 44 45 58 59 60 76 77
 26 27 44 45 51 58 61
 26 27 44 45 51 58 59 60
 26 27 34 46 58 78
 26 27 34 46 58 76 77
 26 27 34 46 51 58
 26 27 34 44 45 58 78
 26 27 34 44 45 58 76 77
 26 27 34 44 45 51 58
 25 58 59 63 74
 25 58 59 63 72 73
 25 58 59 61 62 74
 25 58 59 61 62 72 73
 25 57 58 63 74
 25 57 58 63 72 73
 25 57 58 61 62 74
 25 57 58 61 62 72 73
 25 47 58 59 63
 25 47 58 59 61 62
 25 47 57 58 63
 25 47 57 58 61 62
 25 46 58 61 78
 25 46 58 61 76 77
 25 46 58 60 61 68
 25 46 58 59 60 78
 25 46 58 59 60 76 77
 25 46 58 59 60 68
 25 46 56 58 60 61 68
 25 46 56 58 59 60 68
 25 46 54 58 60 61 68
 25 46 54 58 59 60 68
 25 46 52 58 60 61
 25 46 52 58 59 60
 25 46 52 53 58 60 61 68
 25 46 52 53 58 59 60 68
 25 46 51 58 61
 25 46 51 58 59 60
 25 46 50 51 58 60 61
 25 46 50 51 58 59 60
 25 44 45 58 61 78
 25 44 45 58 61 76 77
 25 44 45 58 60 61 68
 25 44 45 58 59 60 78
 25 44 45 58 59 60 76 77
 25 44 45 58 59 60 68
 25 44 45 56 58 60 61 68
 25 44 45 56 58 59 60 68
 25 44 45 54 58 60 61 68
 25 44 45 54 58 59 60 68
 25 44 45 52 58 60 61
 25 44 45 52 58 59 60
 25 44 45 52 53 58 60 61 68
 25 44 45 52 53 58 59 60 68
 25 44 45 51 58 61
 25 44 45 51 58 59 60
 25 44 45 50 51 58 60 61
 25 44 45 50 51 58 59 60
 25 36 58 59 74
 25 36 58 59 72 73
 25 36 57 58 74
 25 36 57 58 72 73
 25 36 47 58 59
 25 36 47 57 58
 25 34 46 58 78
 25 34 46 58 76 77
 25 34 46 58 60 68
 25 34 46 56 58 60 68
 25 34 46 54 58 60 68
 25 34 46 52 58 60
 25 34 46 52 53 58 60 68
 25 34 46 51 58
 25 34 46 50 51 58 60
 25 34 44 45 58 78
 25 34 44 45 58 76 77
 25 34 44 45 58 60 68
 25 34 44 45 56 58 60 68
 25 34 44 45 54 58 60 68
 25 34 44 45 52 58 60
 25 34 44 45 52 53 58 60 68
 25 34 44 45 51 58
 25 34 44 45 50 51 58 60
 25 32 58 63 74
 25 32 58 63 72 73
 25 32 58 61 62 74
 25 32 58 61 62 72 73
 25 32 47 58 63
 25 32 47 58 61 62
 25 32 36 58 74
 25 32 36 58 72 73
 25 32 36 47 58
 25 29 58 59 63 74
 25 29 58 59 63 72 73
 25 29 58 59 61 62 74
 25 29 58 59 61 62 72 73
 25 29 58 59 60 63
 25 29 58 59 60 61 62
 25 29 57 58 63 74
 25 29 57 58 63 72 73
 25 29 57 58 61 62 74
 25 29 57 58 61 62 72 73
 25 29 57 58 60 63
 25 29 57 58 60 61 62
 25 29 47 58 59 63
 25 29 47 58 59 61 62
 25 29 47 57 58 63
 25 29 47 57 58 61 62
 25 29 46 58 61 78
 25 29 46 58 61 76 77
 25 29 46 58 59 60 78
 25 29 46 58 59 60 76 77
 25 29 46 52 58 60 61
 25 29 46 52 58 59 60
 25 29 46 51 58 61
 25 29 46 51 58 59 60
 25 29 46 50 51 58 60 61
 25 29 46 50 51 58 59 60
 25 29 44 45 58 61 78
 25 29 44 45 58 61 76 77
 25 29 44 45 58 59 60 78
 25 29 44 45 58 59 60 76 77
 25 29 44 45 52 58 60 61
 25 29 44 45 52 58 59 60
 25 29 44 45 51 58 61
 25 29 44 45 51 58 59 60
 25 29 44 45 50 51 58 60 61
 25 29 44 45 50 51 58 59 60
 25 29 36 58 59 74
 25 29 36 58 59 72 73
 25 29 36 58 59 60
 25 29 36 57 58 74
 25 29 36 57 58 72 73
 25 29 36 57 58 60
 25 29 36 47 58 59
 25 29 36 47 57 58
 25 29 34 46 58 78
 25 29 34 46 58 76 77
 25 29 34 46 52 58 60
 25 29 34 46 51 58
 25 29 34 46 50 51 58 60
 25 29 34 44 45 58 78
 25 29 34 44 45 58 76 77
 25 29 34 44 45 52 58 60
 25 29 34 44 45 51 58
 25 29 34 44 45 50 51 58 60
 25 29 32 58 63 74
 25 29 32 58 63 72 73
 25 29 32 58 61 62 74
 25 29 32 58 61 62 72 73
 25 29 32 58 60 63
 25 29 32 58 60 61 62
 25 29 32 47 58 63
 25 29 32 47 58 61 62
 25 29 32 36 58 74
 25 29 32 36 58 72 73
 25 29 32 36 58 60
 25 29 32 36 47 58
 25 27 46 58 60 61 68
 25 27 46 58 59 60 68
 25 27 44 45 58 60 61 68
 25 27 44 45 58 59 60 68
 25 27 34 46 58 60 68
 25 27 34 44 45 58 60 68
 25 27 28 58 59 63 74
 25 27 28 58 59 63 72 73
 25 27 28 58 59 61 62 74
 25 27 28 58 59 61 62 72 73
 25 27 28 58 59 60 63
 25 27 28 58 59 60 61 62
 25 27 28 57 58 63 74
 25 27 28 57 58 63 72 73
 25 27 28 57 58 61 62 74
 25 27 28 57 58 61 62 72 73
 25 27 28 57 58 60 63
 25 27 28 57 58 60 61 62
 25 27 28 47 58 59 63
 25 27 28 47 58 59 61 62
 25 27 28 47 57 58 63
 25 27 28 47 57 58 61 62
 25 27 28 46 58 61 78
 25 27 28 46 58 61 76 77
 25 27 28 46 58 59 60 78
 25 27 28 46 58 59 60 76 77
 25 27 28 46 52 58 60 61
 25 27 28 46 52 58 59 60
 25 27 28 46 51 58 61
 25 27 28 46 51 58 59 60
 25 27 28 46 50 51 58 60 61
 25 27 28 46 50 51 58 59 60
 25 27 28 44 45 58 61 78
 25 27 28 44 45 58 61 76 77
 25 27 28 44 45 58 59 60 78
 25 27 28 44 45 58 59 60 76 77
 25 27 28 44 45 52 58 60 61
 25 27 28 44 45 52 58 59 60
 25 27 28 44 45 51 58 61
 25 27 28 44 45 51 58 59 60
 25 27 28 44 45 50 51 58 60 61
 25 27 28 44 45 50 51 58 59 60
 25 27 28 36 58 59 74
 25 27 28 36 58 59 72 73
 25 27 28 36 58 59 60
 25 27 28 36 57 58 74
 25 27 28 36 57 58 72 73
 25 27 28 36 57 58 60
 25 27 28 36 47 58 59
 25 27 28 36 47 57 58
 25 27 28 34 46 58 78
 25 27 28 34 46 58 76 77
 25 27 28 34 46 52 58 60
 25 27 28 34 46 51 58
 25 27 28 34 46 50 51 58 60
 25 27 28 34 44 45 58 78
 25 27 28 34 44 45 58 76 77
 25 27 28 34 44 45 52 58 60
 25 27 28 34 44 45 51 58
 25 27 28 34 44 45 50 51 58 60
 25 27 28 32 58 63 74
 25 27 28 32 58 63 72 73
 25 27 28 32 58 61 62 74
 25 27 28 32 58 61 62 72 73
 25 27 28 32 58 60 63
 25 27 28 32 58 60 61 62
 25 27 28 32 47 58 63
 25 27 28 32 47 58 61 62
 25 27 28 32 36 58 74
 25 27 28 32 36 58 72 73
 25 27 28 32 36 58 60
 25 27 28 32 36 47 58
 25 26 46 58 60 61
 25 26 46 58 59 60
 25 26 46 56 58 60 61
 25 26 46 56 58 59 60
 25 26 46 54 58 60 61
 25 26 46 54 58 59 60
 25 26 46 52 53 58 60 61
 25 26 46 52 53 58 59 60
 25 26 44 45 58 60 61
 25 26 44 45 58 59 60
 25 26 44 45 56 58 60 61
 25 26 44 45 56 58 59 60
 25 26 44 45 54 58 60 61
 25 26 44 45 54 58 59 60
 25 26 44 45 52 53 58 60 61
 25 26 44 45 52 53 58 59 60
 25 26 34 46 58 60
 25 26 34 46 56 58 60
 25 26 34 46 54 58 60
 25 26 34 46 52 53 58 60
 25 26 34 44 45 58 60
 25 26 34 44 45 56 58 60
 25 26 34 44 45 54 58 60
 25 26 34 44 45 52 53 58 60
 25 26 27 46 58 60 61
 25 26 27 46 58 59 60
 25 26 27 44 45 58 60 61
 25 26 27 44 45 58 59 60
 25 26 27 34 46 58 60
 25 26 27 34 44 45 58 60
 24 25 46 58 61 78
 24 25 46 58 61 76 77
 24 25 46 58 60 61
 24 25 46 58 59 60
 24 25 46 58 59 60 78
 24 25 46 58 59 60 76 77
 24 25 46 56 58 61
 24 25 46 56 58 61 78
 24 25 46 56 58 61 76 77
 24 25 46 56 58 59 60
 24 25 46 56 58 59 60 78
 24 25 46 56 58 59 60 76 77
 24 25 46 54 58 61 78
 24 25 46 54 58 61 76 77
 24 25 46 54 58 60 61
 24 25 46 54 58 59 60
 24 25 46 54 58 59 60 78
 24 25 46 54 58 59 60 76 77
 24 25 46 52 53 58 61 78
 24 25 46 52 53 58 61 76 77
 24 25 46 52 53 58 60 61
 24 25 46 52 53 58 59 60
 24 25 46 52 53 58 59 60 78
 24 25 46 52 53 58 59 60 76 77
 24 25 46 51 58 61
 24 25 46 51 58 59 60
 24 25 46 51 56 58 61
 24 25 46 51 56 58 59 60
 24 25 46 51 54 58 61
 24 25 46 51 54 58 59 60
 24 25 46 51 52 53 58 61
 24 25 46 51 52 53 58 59 60
 24 25 44 45 58 61 78
 24 25 44 45 58 61 76 77
 24 25 44 45 58 60 61
 24 25 44 45 58 59 60
 24 25 44 45 58 59 60 78
 24 25 44 45 58 59 60 76 77
 24 25 44 45 56 58 61
 24 25 44 45 56 58 61 78
 24 25 44 45 56 58 61 76 77
 24 25 44 45 56 58 59 60
 24 25 44 45 56 58 59 60 78
 24 25 44 45 56 58 59 60 76 77
 24 25 44 45 54 58 61 78
 24 25 44 45 54 58 61 76 77
 24 25 44 45 54 58 60 61
 24 25 44 45 54 58 59 60
 24 25 44 45 54 58 59 60 78
 24 25 44 45 54 58 59 60 76 77
 24 25 44 45 52 53 58 61 78
 24 25 44 45 52 53 58 61 76 77
 24 25 44 45 52 53 58 60 61
 24 25 44 45 52 53 58 59 60
 24 25 44 45 52 53 58 59 60 78
 24 25 44 45 52 53 58 59 60 76 77
 24 25 44 45 51 58 61
 24 25 44 45 51 58 59 60
 24 25 44 45 51 56 58 61
 24 25 44 45 51 56 58 59 60
 24 25 44 45 51 54 58 61
 24 25 44 45 51 54 58 59 60
 24 25 44 45 51 52 53 58 61
 24 25 44 45 51 52 53 58 59 60
 24 25 35 44 46 61 62 78
 24 25 35 44 46 61 62 76 77
 24 25 35 44 46 59 60 62 78
 24 25 35 44 46 59 60 62 76 77
 24 25 35 44 46 58 60 61
 24 25 35 44 46 58 59 60
 24 25 35 44 46 51 61 62
 24 25 35 44 46 51 59 60 62
 24 25 35 44 45 61 62 78
 24 25 35 44 45 61 62 76 77
 24 25 35 44 45 59 60 62 78
 24 25 35 44 45 59 60 62 76 77
 24 25 35 44 45 58 60 61
 24 25 35 44 45 58 59 60
 24 25 35 44 45 51 61 62
 24 25 35 44 45 51 59 60 62
 24 25 35 42 43 46 61 62 78
 24 25 35 42 43 46 61 62 76 77
 24 25 35 42 43 46 59 60 62 78
 24 25 35 42 43 46 59 60 62 76 77
 24 25 35 42 43 46 58 60 61
 24 25 35 42 43 46 58 59 60
 24 25 35 42 43 46 51 61 62
 24 25 35 42 43 46 51 59 60 62
 24 25 35 42 43 44 45 61 62 78
 24 25 35 42 43 44 45 61 62 76 77
 24 25 35 42 43 44 45 59 60 62 78
 24 25 35 42 43 44 45 59 60 62 76 77
 24 25 35 42 43 44 45 58 60 61
 24 25 35 42 43 44 45 58 59 60
 24 25 35 42 43 44 45 51 61 62
 24 25 35 42 43 44 45 51 59 60 62
 24 25 34 46 58 78
 24 25 34 46 58 76 77
 24 25 34 46 58 60
 24 25 34 46 56 58
 24 25 34 46 56 58 78
 24 25 34 46 56 58 76 77
 24 25 34 46 54 58 78
 24 25 34 46 54 58 76 77
 24 25 34 46 54 58 60
 24 25 34 46 52 53 58 78
 24 25 34 46 52 53 58 76 77
 24 25 34 46 52 53 58 60
 24 25 34 46 51 58
 24 25 34 46 51 56 58
 24 25 34 46 51 54 58
 24 25 34 46 51 52 53 58
 24 25 34 44 45 58 78
 24 25 34 44 45 58 76 77
 24 25 34 44 45 58 60
 24 25 34 44 45 56 58
 24 25 34 44 45 56 58 78
 24 25 34 44 45 56 58 76 77
 24 25 34 44 45 54 58 78
 24 25 34 44 45 54 58 76 77
 24 25 34 44 45 54 58 60
 24 25 34 44 45 52 53 58 78
 24 25 34 44 45 52 53 58 76 77
 24 25 34 44 45 52 53 58 60
 24 25 34 44 45 51 58
 24 25 34 44 45 51 56 58
 24 25 34 44 45 51 54 58
 24 25 34 44 45 51 52 53 58
 24 25 34 35 44 46 62 78
 24 25 34 35 44 46 62 76 77
 24 25 34 35 44 46 58 60
 24 25 34 35 44 46 51 62
 24 25 34 35 44 45 62 78
 24 25 34 35 44 45 62 76 77
 24 25 34 35 44 45 58 60
 24 25 34 35 44 45 51 62
 24 25 34 35 42 43 46 62 78
 24 25 34 35 42 43 46 62 76 77
 24 25 34 35 42 43 46 58 60
 24 25 34 35 42 43 46 51 62
 24 25 34 35 42 43 44 45 62 78
 24 25 34 35 42 43 44 45 62 76 77
 24 25 34 35 42 43 44 45 58 60
 24 25 34 35 42 43 44 45 51 62
 24 25 33 34 44 46 62 78
 24 25 33 34 44 46 62 76 77
 24 25 33 34 44 46 61 62 78
 24 25 33 34 44 46 61 62 76 77
 24 25 33 34 44 46 59 60 62 78
 24 25 33 34 44 46 59 60 62 76 77
 24 25 33 34 44 46 58 60
 24 25 33 34 44 46 58 60 61
 24 25 33 34 44 46 58 59 60
 24 25 33 34 44 46 51 62
 24 25 33 34 44 46 51 61 62
 24 25 33 34 44 46 51 59 60 62
 24 25 33 34 44 45 62 78
 24 25 33 34 44 45 62 76 77
 24 25 33 34 44 45 61 62 78
 24 25 33 34 44 45 61 62 76 77
 24 25 33 34 44 45 59 60 62 78
 24 25 33 34 44 45 59 60 62 76 77
 24 25 33 34 44 45 58 60
 24 25 33 34 44 45 58 60 61
 24 25 33 34 44 45 58 59 60
 24 25 33 34 44 45 51 62
 24 25 33 34 44 45 51 61 62
 24 25 33 34 44 45 51 59 60 62
 24 25 33 34 42 43 46 62 78
 24 25 33 34 42 43 46 62 76 77
 24 25 33 34 42 43 46 61 62 78
 24 25 33 34 42 43 46 61 62 76 77
 24 25 33 34 42 43 46 59 60 62 78
 24 25 33 34 42 43 46 59 60 62 76 77
 24 25 33 34 42 43 46 58 60
 24 25 33 34 42 43 46 58 60 61
 24 25 33 34 42 43 46 58 59 60
 24 25 33 34 42 43 46 51 62
 24 25 33 34 42 43 46 51 61 62
 24 25 33 34 42 43 46 51 59 60 62
 24 25 33 34 42 43 44 45 62 78
 24 25 33 34 42 43 44 45 62 76 77
 24 25 33 34 42 43 44 45 61 62 78
 24 25 33 34 42 43 44 45 61 62 76 77
 24 25 33 34 42 43 44 45 59 60 62 78
 24 25 33 34 42 43 44 45 59 60 62 76 77
 24 25 33 34 42 43 44 45 58 60
 24 25 33 34 42 43 44 45 58 60 61
 24 25 33 34 42 43 44 45 58 59 60
 24 25 33 34 42 43 44 45 51 62
 24 25 33 34 42 43 44 45 51 61 62
 24 25 33 34 42 43 44 45 51 59 60 62
 24 25 27 46 58 61 78
 24 25 27 46 58 61 76 77
 24 25 27 46 58 60 61
 24 25 27 46 58 59 60
 24 25 27 46 58 59 60 78
 24 25 27 46 58 59 60 76 77
 24 25 27 46 51 58 61
 24 25 27 46 51 58 59 60
 24 25 27 44 45 58 61 78
 24 25 27 44 45 58 61 76 77
 24 25 27 44 45 58 60 61
 24 25 27 44 45 58 59 60
 24 25 27 44 45 58 59 60 78
 24 25 27 44 45 58 59 60 76 77
 24 25 27 44 45 51 58 61
 24 25 27 44 45 51 58 59 60
 24 25 27 34 46 58 78
 24 25 27 34 46 58 76 77
 24 25 27 34 46 58 60
 24 25 27 34 46 51 58
 24 25 27 34 44 45 58 78
 24 25 27 34 44 45 58 76 77
 24 25 27 34 44 45 58 60
 24 25 27 34 44 45 51 58
 19 58 72
 19 58 70 71
 19 58 61 72
 19 58 61 70 71
 19 58 61 68 78
 19 58 61 68 76 77
 19 58 60 61
 19 58 60 61 63 74
 19 58 60 61 63 72 73
 19 58 60 61 62 74
 19 58 60 61 62 72 73
 19 58 59 60
 19 58 59 60 72
 19 58 59 60 70 71
 19 58 59 60 68 78
 19 58 59 60 68 76 77
 19 58 59 60 63 74
 19 58 59 60 63 72 73
 19 58 59 60 61 62 74
 19 58 59 60 61 62 72 73
 19 57 58 63 74
 19 57 58 63 72 73
 19 57 58 61 63 74
 19 57 58 61 63 72 73
 19 57 58 59 60 63 74
 19 57 58 59 60 63 72 73
 19 57 58 59 60 61 62 74
 19 57 58 59 60 61 62 72 73
 19 56 72 78 79
 19 56 70 71 78 79
 19 56 61 72 78 79
 19 56 61 70 71 78 79
 19 56 59 60 72 78 79
 19 56 59 60 70 71 78 79
 19 56 58 61 68 78
 19 56 58 61 68 76 77
 19 56 58 60 61 68
 19 56 58 59 60 68
 19 56 58 59 60 68 78
 19 56 58 59 60 68 76 77
 19 55 56 58 63 74
 19 55 56 58 63 72 73
 19 55 56 58 61 63 74
 19 55 56 58 61 63 72 73
 19 55 56 58 59 60 63 74
 19 55 56 58 59 60 63 72 73
 19 55 56 58 59 60 61 62 74
 19 55 56 58 59 60 61 62 72 73
 19 54 58 61 68 78
 19 54 58 61 68 76 77
 19 54 58 59 60 68 78
 19 54 58 59 60 68 76 77
 19 53 56 72
 19 53 56 70 71
 19 53 56 61 72
 19 53 56 61 70 71
 19 53 56 59 60 72
 19 53 56 59 60 70 71
 19 52 58 61 78
 19 52 58 61 76 77
 19 52 58 59 60 78
 19 52 58 59 60 76 77
 19 52 53 58 61 68 78
 19 52 53 58 61 68 76 77
 19 52 53 58 59 60 68 78
 19 52 53 58 59 60 68 76 77
 19 51 58 61 68
 19 51 58 59 60 68
 19 51 56 58 61 68
 19 51 56 58 59 60 68
 19 51 54 58 61 68
 19 51 54 58 59 60 68
 19 51 52 58 61
 19 51 52 58 59 60
 19 51 52 53 58 61 68
 19 51 52 53 58 59 60 68
 19 50 51 58 61
 19 50 51 58 61 78
 19 50 51 58 61 76 77
 19 50 51 58 59 60
 19 50 51 58 59 60 78
 19 50 51 58 59 60 76 77
 19 47 58 60 61 63
 19 47 58 60 61 62
 19 47 58 59 60 63
 19 47 58 59 60 61 62
 19 47 57 58 63
 19 47 57 58 61 63
 19 47 57 58 59 60 63
 19 47 57 58 59 60 61 62
 19 47 55 56 58 63
 19 47 55 56 58 61 63
 19 47 55 56 58 59 60 63
 19 47 55 56 58 59 60 61 62
 19 46 58 61
 19 46 58 59 60
 19 46 56 58 61 68
 19 46 56 58 59 60 68
 19 45 58
 19 45 58 61
 19 45 58 59 60
 19 45 56 78 79
 19 45 56 61 78 79
 19 45 56 59 60 78 79
 19 45 53 56
 19 45 53 56 61
 19 45 53 56 59 60
 19 44 45 58 61
 19 44 45 58 59 60
 19 44 45 56 58 61 68
 19 44 45 56 58 59 60 68
 19 36 58 60 61 74
 19 36 58 60 61 72 73
 19 36 58 59 60 74
 19 36 58 59 60 72 73
 19 36 57 58 74
 19 36 57 58 72 73
 19 36 57 58 61 74
 19 36 57 58 61 72 73
 19 36 57 58 59 60 74
 19 36 57 58 59 60 72 73
 19 36 55 56 58 74
 19 36 55 56 58 72 73
 19 36 55 56 58 61 74
 19 36 55 56 58 61 72 73
 19 36 55 56 58 59 60 74
 19 36 55 56 58 59 60 72 73
 19 36 47 58 60 61
 19 36 47 58 59 60
 19 36 47 57 58
 19 36 47 57 58 61
 19 36 47 57 58 59 60
 19 36 47 55 56 58
 19 36 47 55 56 58 61
 19 36 47 55 56 58 59 60
 19 35 44 61 62 78
 19 35 44 61 62 76 77
 19 35 44 61 62 68 78
 19 35 44 61 62 68 76 77
 19 35 44 59 60 62 78
 19 35 44 59 60 62 76 77
 19 35 44 59 60 62 68 78
 19 35 44 59 60 62 68 76 77
 19 35 44 58 60 61
 19 35 44 58 60 61 68
 19 35 44 58 59 60
 19 35 44 58 59 60 68
 19 35 44 51 61 62
 19 35 44 51 61 62 68
 19 35 44 51 59 60 62
 19 35 44 51 59 60 62 68
 19 35 42 43 61 62 78
 19 35 42 43 61 62 76 77
 19 35 42 43 61 62 68 78
 19 35 42 43 61 62 68 76 77
 19 35 42 43 59 60 62 78
 19 35 42 43 59 60 62 76 77
 19 35 42 43 59 60 62 68 78
 19 35 42 43 59 60 62 68 76 77
 19 35 42 43 58 60 61
 19 35 42 43 58 60 61 68
 19 35 42 43 58 59 60
 19 35 42 43 58 59 60 68
 19 35 42 43 51 61 62
 19 35 42 43 51 61 62 68
 19 35 42 43 51 59 60 62
 19 35 42 43 51 59 60 62 68
 19 34 58 72
 19 34 58 70 71
 19 34 58 68 78
 19 34 58 68 76 77
 19 34 58 60
 19 34 58 60 63 74
 19 34 58 60 63 72 73
 19 34 58 60 61 62 74
 19 34 58 60 61 62 72 73
 19 34 57 58 63 74
 19 34 57 58 63 72 73
 19 34 57 58 61 62 74
 19 34 57 58 61 62 72 73
 19 34 56 72 78 79
 19 34 56 70 71 78 79
 19 34 56 58 68 78
 19 34 56 58 68 76 77
 19 34 56 58 60 68
 19 34 55 56 58 63 74
 19 34 55 56 58 63 72 73
 19 34 55 56 58 61 62 74
 19 34 55 56 58 61 62 72 73
 19 34 54 58 68 78
 19 34 54 58 68 76 77
 19 34 53 56 72
 19 34 53 56 70 71
 19 34 52 58 78
 19 34 52 58 76 77
 19 34 52 53 58 68 78
 19 34 52 53 58 68 76 77
 19 34 51 58 68
 19 34 51 56 58 68
 19 34 51 54 58 68
 19 34 51 52 58
 19 34 51 52 53 58 68
 19 34 50 51 58
 19 34 50 51 58 78
 19 34 50 51 58 76 77
 19 34 47 58 60 63
 19 34 47 58 60 61 62
 19 34 47 57 58 63
 19 34 47 57 58 61 62
 19 34 47 55 56 58 63
 19 34 47 55 56 58 61 62
 19 34 46 58
 19 34 46 56 58 68
 19 34 45 58
 19 34 45 56 78 79
 19 34 45 53 56
 19 34 44 45 58
 19 34 44 45 56 58 68
 19 34 36 58 60 74
 19 34 36 58 60 72 73
 19 34 36 57 58 74
 19 34 36 57 58 72 73
 19 34 36 55 56 58 74
 19 34 36 55 56 58 72 73
 19 34 36 47 58 60
 19 34 36 47 57 58
 19 34 36 47 55 56 58
 19 34 35 44 62 78
 19 34 35 44 62 76 77
 19 34 35 44 62 68 78
 19 34 35 44 62 68 76 77
 19 34 35 44 58 60
 19 34 35 44 58 60 68
 19 34 35 44 51 62
 19 34 35 44 51 62 68
 19 34 35 42 43 62 78
 19 34 35 42 43 62 76 77
 19 34 35 42 43 62 68 78
 19 34 35 42 43 62 68 76 77
 19 34 35 42 43 58 60
 19 34 35 42 43 58 60 68
 19 34 35 42 43 51 62
 19 34 35 42 43 51 62 68
 19 33 34 44 62 78
 19 33 34 44 62 76 77
 19 33 34 44 62 68 78
 19 33 34 44 62 68 76 77
 19 33 34 44 61 62 78
 19 33 34 44 61 62 76 77
 19 33 34 44 61 62 68 78
 19 33 34 44 61 62 68 76 77
 19 33 34 44 59 60 62 78
 19 33 34 44 59 60 62 76 77
 19 33 34 44 59 60 62 68 78
 19 33 34 44 59 60 62 68 76 77
 19 33 34 44 58 60
 19 33 34 44 58 60 68
 19 33 34 44 58 60 61
 19 33 34 44 58 60 61 68
 19 33 34 44 58 59 60
 19 33 34 44 58 59 60 68
 19 33 34 44 51 62
 19 33 34 44 51 62 68
 19 33 34 44 51 61 62
 19 33 34 44 51 61 62 68
 19 33 34 44 51 59 60 62
 19 33 34 44 51 59 60 62 68
 19 33 34 42 43 62 78
 19 33 34 42 43 62 76 77
 19 33 34 42 43 62 68 78
 19 33 34 42 43 62 68 76 77
 19 33 34 42 43 61 62 78
 19 33 34 42 43 61 62 76 77
 19 33 34 42 43 61 62 68 78
 19 33 34 42 43 61 62 68 76 77
 19 33 34 42 43 59 60 62 78
 19 33 34 42 43 59 60 62 76 77
 19 33 34 42 43 59 60 62 68 78
 19 33 34 42 43 59 60 62 68 76 77
 19 33 34 42 43 58 60
 19 33 34 42 43 58 60 68
 19 33 34 42 43 58 60 61
 19 33 34 42 43 58 60 61 68
 19 33 34 42 43 58 59 60
 19 33 34 42 43 58 59 60 68
 19 33 34 42 43 51 62
 19 33 34 42 43 51 62 68
 19 33 34 42 43 51 61 62
 19 33 34 42 43 51 61 62 68
 19 33 34 42 43 51 59 60 62
 19 33 34 42 43 51 59 60 62 68
 19 30 58 63 74
 19 30 58 63 72 73
 19 30 58 61 63 74
 19 30 58 61 63 72 73
 19 30 58 59 60 63 74
 19 30 58 59 60 63 72 73
 19 30 58 59 60 61 62 74
 19 30 58 59 60 61 62 72 73
 19 30 47 58 63
 19 30 47 58 61 63
 19 30 47 58 59 60 63
 19 30 47 58 59 60 61 62
 19 30 36 58 74
 19 30 36 58 72 73
 19 30 36 58 61 74
 19 30 36 58 61 72 73
 19 30 36 58 59 60 74
 19 30 36 58 59 60 72 73
 19 30 36 47 58
 19 30 36 47 58 61
 19 30 36 47 58 59 60
 19 30 34 58 63 74
 19 30 34 58 63 72 73
 19 30 34 58 61 62 74
 19 30 34 58 61 62 72 73
 19 30 34 47 58 63
 19 30 34 47 58 61 62
 19 30 34 36 58 74
 19 30 34 36 58 72 73
 19 30 34 36 47 58
 19 29 58 60 61
 19 29 58 60 61 63 74
 19 29 58 60 61 63 72 73
 19 29 58 60 61 62 74
 19 29 58 60 61 62 72 73
 19 29 58 59 60
 19 29 58 59 60 63 74
 19 29 58 59 60 63 72 73
 19 29 58 59 60 61 62 74
 19 29 58 59 60 61 62 72 73
 19 29 52 58 61 78
 19 29 52 58 61 76 77
 19 29 52 58 59 60 78
 19 29 52 58 59 60 76 77
 19 29 51 52 58 61
 19 29 51 52 58 59 60
 19 29 50 51 58 61
 19 29 50 51 58 61 78
 19 29 50 51 58 61 76 77
 19 29 50 51 58 59 60
 19 29 50 51 58 59 60 78
 19 29 50 51 58 59 60 76 77
 19 29 47 58 60 61 63
 19 29 47 58 60 61 62
 19 29 47 58 59 60 63
 19 29 47 58 59 60 61 62
 19 29 46 58 61
 19 29 46 58 59 60
 19 29 44 45 58 61
 19 29 44 45 58 59 60
 19 29 36 58 60 61 74
 19 29 36 58 60 61 72 73
 19 29 36 58 59 60 74
 19 29 36 58 59 60 72 73
 19 29 36 47 58 60 61
 19 29 36 47 58 59 60
 19 29 34 58 60
 19 29 34 58 60 63 74
 19 29 34 58 60 63 72 73
 19 29 34 58 60 61 62 74
 19 29 34 58 60 61 62 72 73
 19 29 34 52 58 78
 19 29 34 52 58 76 77
 19 29 34 51 52 58
 19 29 34 50 51 58
 19 29 34 50 51 58 78
 19 29 34 50 51 58 76 77
 19 29 34 47 58 60 63
 19 29 34 47 58 60 61 62
 19 29 34 46 58
 19 29 34 44 45 58
 19 29 34 36 58 60 74
 19 29 34 36 58 60 72 73
 19 29 34 36 47 58 60
 19 27 58 61 68 78
 19 27 58 61 68 76 77
 19 27 58 59 60 68 78
 19 27 58 59 60 68 76 77
 19 27 51 58 61 68
 19 27 51 58 59 60 68
 19 27 34 58 68 78
 19 27 34 58 68 76 77
 19 27 34 51 58 68
 19 27 28 58 60 61
 19 27 28 58 60 61 63 74
 19 27 28 58 60 61 63 72 73
 19 27 28 58 60 61 62 74
 19 27 28 58 60 61 62 72 73
 19 27 28 58 59 60
 19 27 28 58 59 60 63 74
 19 27 28 58 59 60 63 72 73
 19 27 28 58 59 60 61 62 74
 19 27 28 58 59 60 61 62 72 73
 19 27 28 52 58 61 78
 19 27 28 52 58 61 76 77
 19 27 28 52 58 59 60 78
 19 27 28 52 58 59 60 76 77
 19 27 28 51 52 58 61
 19 27 28 51 52 58 59 60
 19 27 28 50 51 58 61
 19 27 28 50 51 58 61 78
 19 27 28 50 51 58 61 76 77
 19 27 28 50 51 58 59 60
 19 27 28 50 51 58 59 60 78
 19 27 28 50 51 58 59 60 76 77
 19 27 28 47 58 60 61 63
 19 27 28 47 58 60 61 62
 19 27 28 47 58 59 60 63
 19 27 28 47 58 59 60 61 62
 19 27 28 46 58 61
 19 27 28 46 58 59 60
 19 27 28 44 45 58 61
 19 27 28 44 45 58 59 60
 19 27 28 36 58 60 61 74
 19 27 28 36 58 60 61 72 73
 19 27 28 36 58 59 60 74
 19 27 28 36 58 59 60 72 73
 19 27 28 36 47 58 60 61
 19 27 28 36 47 58 59 60
 19 27 28 34 58 60
 19 27 28 34 58 60 63 74
 19 27 28 34 58 60 63 72 73
 19 27 28 34 58 60 61 62 74
 19 27 28 34 58 60 61 62 72 73
 19 27 28 34 52 58 78
 19 27 28 34 52 58 76 77
 19 27 28 34 51 52 58
 19 27 28 34 50 51 58
 19 27 28 34 50 51 58 78
 19 27 28 34 50 51 58 76 77
 19 27 28 34 47 58 60 63
 19 27 28 34 47 58 60 61 62
 19 27 28 34 46 58
 19 27 28 34 44 45 58
 19 27 28 34 36 58 60 74
 19 27 28 34 36 58 60 72 73
 19 27 28 34 36 47 58 60
 19 26 58 61 78
 19 26 58 61 76 77
 19 26 58 59 60 78
 19 26 58 59 60 76 77
 19 26 56 58 61 78
 19 26 56 58 61 76 77
 19 26 56 58 60 61
 19 26 56 58 59 60
 19 26 56 58 59 60 78
 19 26 56 58 59 60 76 77
 19 26 54 58 61 78
 19 26 54 58 61 76 77
 19 26 54 58 59 60 78
 19 26 54 58 59 60 76 77
 19 26 52 53 58 61 78
 19 26 52 53 58 61 76 77
 19 26 52 53 58 59 60 78
 19 26 52 53 58 59 60 76 77
 19 26 51 58 61
 19 26 51 58 59 60
 19 26 51 56 58 61
 19 26 51 56 58 59 60
 19 26 51 54 58 61
 19 26 51 54 58 59 60
 19 26 51 52 53 58 61
 19 26 51 52 53 58 59 60
 19 26 46 56 58 61
 19 26 46 56 58 59 60
 19 26 44 45 56 58 61
 19 26 44 45 56 58 59 60
 19 26 35 44 61 62 78
 19 26 35 44 61 62 76 77
 19 26 35 44 59 60 62 78
 19 26 35 44 59 60 62 76 77
 19 26 35 44 58 60 61
 19 26 35 44 58 59 60
 19 26 35 44 51 61 62
 19 26 35 44 51 59 60 62
 19 26 35 42 43 61 62 78
 19 26 35 42 43 61 62 76 77
 19 26 35 42 43 59 60 62 78
 19 26 35 42 43 59 60 62 76 77
 19 26 35 42 43 58 60 61
 19 26 35 42 43 58 59 60
 19 26 35 42 43 51 61 62
 19 26 35 42 43 51 59 60 62
 19 26 34 58 78
 19 26 34 58 76 77
 19 26 34 56 58 78
 19 26 34 56 58 76 77
 19 26 34 56 58 60
 19 26 34 54 58 78
 19 26 34 54 58 76 77
 19 26 34 52 53 58 78
 19 26 34 52 53 58 76 77
 19 26 34 51 58
 19 26 34 51 56 58
 19 26 34 51 54 58
 19 26 34 51 52 53 58
 19 26 34 46 56 58
 19 26 34 44 45 56 58
 19 26 34 35 44 62 78
 19 26 34 35 44 62 76 77
 19 26 34 35 44 58 60
 19 26 34 35 44 51 62
 19 26 34 35 42 43 62 78
 19 26 34 35 42 43 62 76 77
 19 26 34 35 42 43 58 60
 19 26 34 35 42 43 51 62
 19 26 33 34 44 62 78
 19 26 33 34 44 62 76 77
 19 26 33 34 44 61 62 78
 19 26 33 34 44 61 62 76 77
 19 26 33 34 44 59 60 62 78
 19 26 33 34 44 59 60 62 76 77
 19 26 33 34 44 58 60
 19 26 33 34 44 58 60 61
 19 26 33 34 44 58 59 60
 19 26 33 34 44 51 62
 19 26 33 34 44 51 61 62
 19 26 33 34 44 51 59 60 62
 19 26 33 34 42 43 62 78
 19 26 33 34 42 43 62 76 77
 19 26 33 34 42 43 61 62 78
 19 26 33 34 42 43 61 62 76 77
 19 26 33 34 42 43 59 60 62 78
 19 26 33 34 42 43 59 60 62 76 77
 19 26 33 34 42 43 58 60
 19 26 33 34 42 43 58 60 61
 19 26 33 34 42 43 58 59 60
 19 26 33 34 42 43 51 62
 19 26 33 34 42 43 51 61 62
 19 26 33 34 42 43 51 59 60 62
 19 26 27 58 61 78
 19 26 27 58 61 76 77
 19 26 27 58 59 60 78
 19 26 27 58 59 60 76 77
 19 26 27 51 58 61
 19 26 27 51 58 59 60
 19 26 27 34 58 78
 19 26 27 34 58 76 77
 19 26 27 34 51 58
 19 25 58 61 78
 19 25 58 61 76 77
 19 25 58 60 61 68
 19 25 58 59 60 78
 19 25 58 59 60 76 77
 19 25 58 59 60 68
 19 25 56 58 60 61 68
 19 25 56 58 59 60 68
 19 25 54 58 60 61 68
 19 25 54 58 59 60 68
 19 25 52 58 60 61
 19 25 52 58 59 60
 19 25 52 53 58 60 61 68
 19 25 52 53 58 59 60 68
 19 25 51 58 61
 19 25 51 58 59 60
 19 25 50 51 58 60 61
 19 25 50 51 58 59 60
 19 25 34 58 78
 19 25 34 58 76 77
 19 25 34 58 60 68
 19 25 34 56 58 60 68
 19 25 34 54 58 60 68
 19 25 34 52 58 60
 19 25 34 52 53 58 60 68
 19 25 34 51 58
 19 25 34 50 51 58 60
 19 25 29 58 61 78
 19 25 29 58 61 76 77
 19 25 29 58 59 60 78
 19 25 29 58 59 60 76 77
 19 25 29 52 58 60 61
 19 25 29 52 58 59 60
 19 25 29 51 58 61
 19 25 29 51 58 59 60
 19 25 29 50 51 58 60 61
 19 25 29 50 51 58 59 60
 19 25 29 34 58 78
 19 25 29 34 58 76 77
 19 25 29 34 52 58 60
 19 25 29 34 51 58
 19 25 29 34 50 51 58 60
 19 25 27 58 60 61 68
 19 25 27 58 59 60 68
 19 25 27 34 58 60 68
 19 25 27 28 58 61 78
 19 25 27 28 58 61 76 77
 19 25 27 28 58 59 60 78
 19 25 27 28 58 59 60 76 77
 19 25 27 28 52 58 60 61
 19 25 27 28 52 58 59 60
 19 25 27 28 51 58 61
 19 25 27 28 51 58 59 60
 19 25 27 28 50 51 58 60 61
 19 25 27 28 50 51 58 59 60
 19 25 27 28 34 58 78
 19 25 27 28 34 58 76 77
 19 25 27 28 34 52 58 60
 19 25 27 28 34 51 58
 19 25 27 28 34 50 51 58 60
 19 25 26 58 60 61
 19 25 26 58 59 60
 19 25 26 56 58 60 61
 19 25 26 56 58 59 60
 19 25 26 54 58 60 61
 19 25 26 54 58 59 60
 19 25 26 52 53 58 60 61
 19 25 26 52 53 58 59 60
 19 25 26 34 58 60
 19 25 26 34 56 58 60
 19 25 26 34 54 58 60
 19 25 26 34 52 53 58 60
 19 25 26 27 58 60 61
 19 25 26 27 58 59 60
 19 25 26 27 34 58 60
 19 24 25 58 61 78
 19 24 25 58 61 76 77
 19 24 25 58 60 61
 19 24 25 58 59 60
 19 24 25 58 59 60 78
 19 24 25 58 59 60 76 77
 19 24 25 56 58 61 78
 19 24 25 56 58 61 76 77
 19 24 25 56 58 59 60 78
 19 24 25 56 58 59 60 76 77
 19 24 25 54 58 61 78
 19 24 25 54 58 61 76 77
 19 24 25 54 58 60 61
 19 24 25 54 58 59 60
 19 24 25 54 58 59 60 78
 19 24 25 54 58 59 60 76 77
 19 24 25 52 53 58 61 78
 19 24 25 52 53 58 61 76 77
 19 24 25 52 53 58 60 61
 19 24 25 52 53 58 59 60
 19 24 25 52 53 58 59 60 78
 19 24 25 52 53 58 59 60 76 77
 19 24 25 51 58 61
 19 24 25 51 58 59 60
 19 24 25 51 56 58 61
 19 24 25 51 56 58 59 60
 19 24 25 51 54 58 61
 19 24 25 51 54 58 59 60
 19 24 25 51 52 53 58 61
 19 24 25 51 52 53 58 59 60
 19 24 25 46 56 58 61
 19 24 25 46 56 58 59 60
 19 24 25 44 45 56 58 61
 19 24 25 44 45 56 58 59 60
 19 24 25 35 44 61 62 78
 19 24 25 35 44 61 62 76 77
 19 24 25 35 44 59 60 62 78
 19 24 25 35 44 59 60 62 76 77
 19 24 25 35 44 58 60 61
 19 24 25 35 44 58 59 60
 19 24 25 35 44 51 61 62
 19 24 25 35 44 51 59 60 62
 19 24 25 35 42 43 61 62 78
 19 24 25 35 42 43 61 62 76 77
 19 24 25 35 42 43 59 60 62 78
 19 24 25 35 42 43 59 60 62 76 77
 19 24 25 35 42 43 58 60 61
 19 24 25 35 42 43 58 59 60
 19 24 25 35 42 43 51 61 62
 19 24 25 35 42 43 51 59 60 62
 19 24 25 34 58 78
 19 24 25 34 58 76 77
 19 24 25 34 58 60
 19 24 25 34 56 58 78
 19 24 25 34 56 58 76 77
 19 24 25 34 54 58 78
 19 24 25 34 54 58 76 77
 19 24 25 34 54 58 60
 19 24 25 34 52 53 58 78
 19 24 25 34 52 53 58 76 77
 19 24 25 34 52 53 58 60
 19 24 25 34 51 58
 19 24 25 34 51 56 58
 19 24 25 34 51 54 58
 19 24 25 34 51 52 53 58
 19 24 25 34 46 56 58
 19 24 25 34 44 45 56 58
 19 24 25 34 35 44 62 78
 19 24 25 34 35 44 62 76 77
 19 24 25 34 35 44 58 60
 19 24 25 34 35 44 51 62
 19 24 25 34 35 42 43 62 78
 19 24 25 34 35 42 43 62 76 77
 19 24 25 34 35 42 43 58 60
 19 24 25 34 35 42 43 51 62
 19 24 25 33 34 44 62 78
 19 24 25 33 34 44 62 76 77
 19 24 25 33 34 44 61 62 78
 19 24 25 33 34 44 61 62 76 77
 19 24 25 33 34 44 59 60 62 78
 19 24 25 33 34 44 59 60 62 76 77
 19 24 25 33 34 44 58 60
 19 24 25 33 34 44 58 60 61
 19 24 25 33 34 44 58 59 60
 19 24 25 33 34 44 51 62
 19 24 25 33 34 44 51 61 62
 19 24 25 33 34 44 51 59 60 62
 19 24 25 33 34 42 43 62 78
 19 24 25 33 34 42 43 62 76 77
 19 24 25 33 34 42 43 61 62 78
 19 24 25 33 34 42 43 61 62 76 77
 19 24 25 33 34 42 43 59 60 62 78
 19 24 25 33 34 42 43 59 60 62 76 77
 19 24 25 33 34 42 43 58 60
 19 24 25 33 34 42 43 58 60 61
 19 24 25 33 34 42 43 58 59 60
 19 24 25 33 34 42 43 51 62
 19 24 25 33 34 42 43 51 61 62
 19 24 25 33 34 42 43 51 59 60 62
 19 24 25 27 58 61 78
 19 24 25 27 58 61 76 77
 19 24 25 27 58 60 61
 19 24 25 27 58 59 60
 19 24 25 27 58 59 60 78
 19 24 25 27 58 59 60 76 77
 19 24 25 27 51 58 61
 19 24 25 27 51 58 59 60
 19 24 25 27 34 58 78
 19 24 25 27 34 58 76 77
 19 24 25 27 34 58 60
 19 24 25 27 34 51 58
 17 44 58 59
 17 44 57 58
 17 35 46 61 62 78
 17 35 46 61 62 76 77
 17 35 46 61 62 68 78
 17 35 46 61 62 68 76 77
 17 35 46 59 60 62 78
 17 35 46 59 60 62 76 77
 17 35 46 59 60 62 68 78
 17 35 46 59 60 62 68 76 77
 17 35 46 58 60 61
 17 35 46 58 60 61 68
 17 35 46 58 59 60
 17 35 46 58 59 60 68
 17 35 46 51 61 62
 17 35 46 51 61 62 68
 17 35 46 51 59 60 62
 17 35 46 51 59 60 62 68
 17 35 44 45 61 62 78
 17 35 44 45 61 62 76 77
 17 35 44 45 61 62 68 78
 17 35 44 45 61 62 68 76 77
 17 35 44 45 59 60 62 78
 17 35 44 45 59 60 62 76 77
 17 35 44 45 59 60 62 68 78
 17 35 44 45 59 60 62 68 76 77
 17 35 44 45 58 60 61
 17 35 44 45 58 60 61 68
 17 35 44 45 58 59 60
 17 35 44 45 58 59 60 68
 17 35 44 45 51 61 62
 17 35 44 45 51 61 62 68
 17 35 44 45 51 59 60 62
 17 35 44 45 51 59 60 62 68
 17 34 35 46 62 78
 17 34 35 46 62 76 77
 17 34 35 46 62 68 78
 17 34 35 46 62 68 76 77
 17 34 35 46 58 60
 17 34 35 46 58 60 68
 17 34 35 46 51 62
 17 34 35 46 51 62 68
 17 34 35 44 45 62 78
 17 34 35 44 45 62 76 77
 17 34 35 44 45 62 68 78
 17 34 35 44 45 62 68 76 77
 17 34 35 44 45 58 60
 17 34 35 44 45 58 60 68
 17 34 35 44 45 51 62
 17 34 35 44 45 51 62 68
 17 33 34 46 62 78
 17 33 34 46 62 76 77
 17 33 34 46 62 68 78
 17 33 34 46 62 68 76 77
 17 33 34 46 61 62 78
 17 33 34 46 61 62 76 77
 17 33 34 46 61 62 68 78
 17 33 34 46 61 62 68 76 77
 17 33 34 46 59 60 62 78
 17 33 34 46 59 60 62 76 77
 17 33 34 46 59 60 62 68 78
 17 33 34 46 59 60 62 68 76 77
 17 33 34 46 58 60
 17 33 34 46 58 60 68
 17 33 34 46 58 60 61
 17 33 34 46 58 60 61 68
 17 33 34 46 58 59 60
 17 33 34 46 58 59 60 68
 17 33 34 46 51 62
 17 33 34 46 51 62 68
 17 33 34 46 51 61 62
 17 33 34 46 51 61 62 68
 17 33 34 46 51 59 60 62
 17 33 34 46 51 59 60 62 68
 17 33 34 44 45 62 78
 17 33 34 44 45 62 76 77
 17 33 34 44 45 62 68 78
 17 33 34 44 45 62 68 76 77
 17 33 34 44 45 61 62 78
 17 33 34 44 45 61 62 76 77
 17 33 34 44 45 61 62 68 78
 17 33 34 44 45 61 62 68 76 77
 17 33 34 44 45 59 60 62 78
 17 33 34 44 45 59 60 62 76 77
 17 33 34 44 45 59 60 62 68 78
 17 33 34 44 45 59 60 62 68 76 77
 17 33 34 44 45 58 60
 17 33 34 44 45 58 60 68
 17 33 34 44 45 58 60 61
 17 33 34 44 45 58 60 61 68
 17 33 34 44 45 58 59 60
 17 33 34 44 45 58 59 60 68
 17 33 34 44 45 51 62
 17 33 34 44 45 51 62 68
 17 33 34 44 45 51 61 62
 17 33 34 44 45 51 61 62 68
 17 33 34 44 45 51 59 60 62
 17 33 34 44 45 51 59 60 62 68
 17 32 44 58
 17 29 52 58 59 60 63
 17 29 52 58 59 60 61 62
 17 29 52 57 58 60 63
 17 29 52 57 58 60 61 62
 17 29 50 51 58 59 60 63
 17 29 50 51 58 59 60 61 62
 17 29 50 51 57 58 60 63
 17 29 50 51 57 58 60 61 62
 17 29 44 58 59
 17 29 44 57 58
 17 29 36 52 58 59 60
 17 29 36 52 57 58 60
 17 29 36 50 51 58 59 60
 17 29 36 50 51 57 58 60
 17 29 32 52 58 60 63
 17 29 32 52 58 60 61 62
 17 29 32 50 51 58 60 63
 17 29 32 50 51 58 60 61 62
 17 29 32 44 58
 17 29 32 36 52 58 60
 17 29 32 36 50 51 58 60
 17 27 28 52 58 59 60 63
 17 27 28 52 58 59 60 61 62
 17 27 28 52 57 58 60 63
 17 27 28 52 57 58 60 61 62
 17 27 28 50 51 58 59 60 63
 17 27 28 50 51 58 59 60 61 62
 17 27 28 50 51 57 58 60 63
 17 27 28 50 51 57 58 60 61 62
 17 27 28 44 58 59
 17 27 28 44 57 58
 17 27 28 36 52 58 59 60
 17 27 28 36 52 57 58 60
 17 27 28 36 50 51 58 59 60
 17 27 28 36 50 51 57 58 60
 17 27 28 32 52 58 60 63
 17 27 28 32 52 58 60 61 62
 17 27 28 32 50 51 58 60 63
 17 27 28 32 50 51 58 60 61 62
 17 27 28 32 44 58
 17 27 28 32 36 52 58 60
 17 27 28 32 36 50 51 58 60
 17 26 35 46 61 62 78
 17 26 35 46 61 62 76 77
 17 26 35 46 59 60 62 78
 17 26 35 46 59 60 62 76 77
 17 26 35 46 58 60 61
 17 26 35 46 58 59 60
 17 26 35 46 51 61 62
 17 26 35 46 51 59 60 62
 17 26 35 44 45 61 62 78
 17 26 35 44 45 61 62 76 77
 17 26 35 44 45 59 60 62 78
 17 26 35 44 45 59 60 62 76 77
 17 26 35 44 45 58 60 61
 17 26 35 44 45 58 59 60
 17 26 35 44 45 51 61 62
 17 26 35 44 45 51 59 60 62
 17 26 34 35 46 62 78
 17 26 34 35 46 62 76 77
 17 26 34 35 46 58 60
 17 26 34 35 46 51 62
 17 26 34 35 44 45 62 78
 17 26 34 35 44 45 62 76 77
 17 26 34 35 44 45 58 60
 17 26 34 35 44 45 51 62
 17 26 33 34 46 62 78
 17 26 33 34 46 62 76 77
 17 26 33 34 46 61 62 78
 17 26 33 34 46 61 62 76 77
 17 26 33 34 46 59 60 62 78
 17 26 33 34 46 59 60 62 76 77
 17 26 33 34 46 58 60
 17 26 33 34 46 58 60 61
 17 26 33 34 46 58 59 60
 17 26 33 34 46 51 62
 17 26 33 34 46 51 61 62
 17 26 33 34 46 51 59 60 62
 17 26 33 34 44 45 62 78
 17 26 33 34 44 45 62 76 77
 17 26 33 34 44 45 61 62 78
 17 26 33 34 44 45 61 62 76 77
 17 26 33 34 44 45 59 60 62 78
 17 26 33 34 44 45 59 60 62 76 77
 17 26 33 34 44 45 58 60
 17 26 33 34 44 45 58 60 61
 17 26 33 34 44 45 58 59 60
 17 26 33 34 44 45 51 62
 17 26 33 34 44 45 51 61 62
 17 26 33 34 44 45 51 59 60 62
 17 25 29 58 59 60 63
 17 25 29 58 59 60 61 62
 17 25 29 57 58 60 63
 17 25 29 57 58 60 61 62
 17 25 29 36 58 59 60
 17 25 29 36 57 58 60
 17 25 29 32 58 60 63
 17 25 29 32 58 60 61 62
 17 25 29 32 36 58 60
 17 25 27 28 58 59 60 63
 17 25 27 28 58 59 60 61 62
 17 25 27 28 57 58 60 63
 17 25 27 28 57 58 60 61 62
 17 25 27 28 36 58 59 60
 17 25 27 28 36 57 58 60
 17 25 27 28 32 58 60 63
 17 25 27 28 32 58 60 61 62
 17 25 27 28 32 36 58 60
 17 24 25 35 46 61 62 78
 17 24 25 35 46 61 62 76 77
 17 24 25 35 46 59 60 62 78
 17 24 25 35 46 59 60 62 76 77
 17 24 25 35 46 58 60 61
 17 24 25 35 46 58 59 60
 17 24 25 35 46 51 61 62
 17 24 25 35 46 51 59 60 62
 17 24 25 35 44 45 61 62 78
 17 24 25 35 44 45 61 62 76 77
 17 24 25 35 44 45 59 60 62 78
 17 24 25 35 44 45 59 60 62 76 77
 17 24 25 35 44 45 58 60 61
 17 24 25 35 44 45 58 59 60
 17 24 25 35 44 45 51 61 62
 17 24 25 35 44 45 51 59 60 62
 17 24 25 34 35 46 62 78
 17 24 25 34 35 46 62 76 77
 17 24 25 34 35 46 58 60
 17 24 25 34 35 46 51 62
 17 24 25 34 35 44 45 62 78
 17 24 25 34 35 44 45 62 76 77
 17 24 25 34 35 44 45 58 60
 17 24 25 34 35 44 45 51 62
 17 24 25 33 34 46 62 78
 17 24 25 33 34 46 62 76 77
 17 24 25 33 34 46 61 62 78
 17 24 25 33 34 46 61 62 76 77
 17 24 25 33 34 46 59 60 62 78
 17 24 25 33 34 46 59 60 62 76 77
 17 24 25 33 34 46 58 60
 17 24 25 33 34 46 58 60 61
 17 24 25 33 34 46 58 59 60
 17 24 25 33 34 46 51 62
 17 24 25 33 34 46 51 61 62
 17 24 25 33 34 46 51 59 60 62
 17 24 25 33 34 44 45 62 78
 17 24 25 33 34 44 45 62 76 77
 17 24 25 33 34 44 45 61 62 78
 17 24 25 33 34 44 45 61 62 76 77
 17 24 25 33 34 44 45 59 60 62 78
 17 24 25 33 34 44 45 59 60 62 76 77
 17 24 25 33 34 44 45 58 60
 17 24 25 33 34 44 45 58 60 61
 17 24 25 33 34 44 45 58 59 60
 17 24 25 33 34 44 45 51 62
 17 24 25 33 34 44 45 51 61 62
 17 24 25 33 34 44 45 51 59 60 62
 17 19 35 61 62 78
 17 19 35 61 62 76 77
 17 19 35 61 62 68 78
 17 19 35 61 62 68 76 77
 17 19 35 59 60 62 78
 17 19 35 59 60 62 76 77
 17 19 35 59 60 62 68 78
 17 19 35 59 60 62 68 76 77
 17 19 35 58 60 61
 17 19 35 58 60 61 68
 17 19 35 58 59 60
 17 19 35 58 59 60 68
 17 19 35 51 61 62
 17 19 35 51 61 62 68
 17 19 35 51 59 60 62
 17 19 35 51 59 60 62 68
 17 19 34 35 62 78
 17 19 34 35 62 76 77
 17 19 34 35 62 68 78
 17 19 34 35 62 68 76 77
 17 19 34 35 58 60
 17 19 34 35 58 60 68
 17 19 34 35 51 62
 17 19 34 35 51 62 68
 17 19 33 34 62 78
 17 19 33 34 62 76 77
 17 19 33 34 62 68 78
 17 19 33 34 62 68 76 77
 17 19 33 34 61 62 78
 17 19 33 34 61 62 76 77
 17 19 33 34 61 62 68 78
 17 19 33 34 61 62 68 76 77
 17 19 33 34 59 60 62 78
 17 19 33 34 59 60 62 76 77
 17 19 33 34 59 60 62 68 78
 17 19 33 34 59 60 62 68 76 77
 17 19 33 34 58 60
 17 19 33 34 58 60 68
 17 19 33 34 58 60 61
 17 19 33 34 58 60 61 68
 17 19 33 34 58 59 60
 17 19 33 34 58 59 60 68
 17 19 33 34 51 62
 17 19 33 34 51 62 68
 17 19 33 34 51 61 62
 17 19 33 34 51 61 62 68
 17 19 33 34 51 59 60 62
 17 19 33 34 51 59 60 62 68
 17 19 26 35 61 62 78
 17 19 26 35 61 62 76 77
 17 19 26 35 59 60 62 78
 17 19 26 35 59 60 62 76 77
 17 19 26 35 58 60 61
 17 19 26 35 58 59 60
 17 19 26 35 51 61 62
 17 19 26 35 51 59 60 62
 17 19 26 34 35 62 78
 17 19 26 34 35 62 76 77
 17 19 26 34 35 58 60
 17 19 26 34 35 51 62
 17 19 26 33 34 62 78
 17 19 26 33 34 62 76 77
 17 19 26 33 34 61 62 78
 17 19 26 33 34 61 62 76 77
 17 19 26 33 34 59 60 62 78
 17 19 26 33 34 59 60 62 76 77
 17 19 26 33 34 58 60
 17 19 26 33 34 58 60 61
 17 19 26 33 34 58 59 60
 17 19 26 33 34 51 62
 17 19 26 33 34 51 61 62
 17 19 26 33 34 51 59 60 62
 17 19 24 25 35 61 62 78
 17 19 24 25 35 61 62 76 77
 17 19 24 25 35 59 60 62 78
 17 19 24 25 35 59 60 62 76 77
 17 19 24 25 35 58 60 61
 17 19 24 25 35 58 59 60
 17 19 24 25 35 51 61 62
 17 19 24 25 35 51 59 60 62
 17 19 24 25 34 35 62 78
 17 19 24 25 34 35 62 76 77
 17 19 24 25 34 35 58 60
 17 19 24 25 34 35 51 62
 17 19 24 25 33 34 62 78
 17 19 24 25 33 34 62 76 77
 17 19 24 25 33 34 61 62 78
 17 19 24 25 33 34 61 62 76 77
 17 19 24 25 33 34 59 60 62 78
 17 19 24 25 33 34 59 60 62 76 77
 17 19 24 25 33 34 58 60
 17 19 24 25 33 34 58 60 61
 17 19 24 25 33 34 58 59 60
 17 19 24 25 33 34 51 62
 17 19 24 25 33 34 51 61 62
 17 19 24 25 33 34 51 59 60 62
 8 44 46 61 62 78
 8 44 46 61 62 76 77
 8 44 46 61 62 68 78
 8 44 46 61 62 68 76 77
 8 44 46 59 60 62 78
 8 44 46 59 60 62 76 77
 8 44 46 59 60 62 68 78
 8 44 46 59 60 62 68 76 77
 8 44 46 58 60 61
 8 44 46 58 60 61 68
 8 44 46 58 59 60
 8 44 46 58 59 60 68
 8 44 46 51 61 62
 8 44 46 51 61 62 68
 8 44 46 51 59 60 62
 8 44 46 51 59 60 62 68
 8 44 45 61 62 78
 8 44 45 61 62 76 77
 8 44 45 61 62 68 78
 8 44 45 61 62 68 76 77
 8 44 45 59 60 62 78
 8 44 45 59 60 62 76 77
 8 44 45 59 60 62 68 78
 8 44 45 59 60 62 68 76 77
 8 44 45 58 60 61
 8 44 45 58 60 61 68
 8 44 45 58 59 60
 8 44 45 58 59 60 68
 8 44 45 51 61 62
 8 44 45 51 61 62 68
 8 44 45 51 59 60 62
 8 44 45 51 59 60 62 68
 8 42 43 46 61 62 78
 8 42 43 46 61 62 76 77
 8 42 43 46 61 62 68 78
 8 42 43 46 61 62 68 76 77
 8 42 43 46 59 60 62 78
 8 42 43 46 59 60 62 76 77
 8 42 43 46 59 60 62 68 78
 8 42 43 46 59 60 62 68 76 77
 8 42 43 46 58 60 61
 8 42 43 46 58 60 61 68
 8 42 43 46 58 59 60
 8 42 43 46 58 59 60 68
 8 42 43 46 51 61 62
 8 42 43 46 51 61 62 68
 8 42 43 46 51 59 60 62
 8 42 43 46 51 59 60 62 68
 8 42 43 44 45 61 62 78
 8 42 43 44 45 61 62 76 77
 8 42 43 44 45 61 62 68 78
 8 42 43 44 45 61 62 68 76 77
 8 42 43 44 45 59 60 62 78
 8 42 43 44 45 59 60 62 76 77
 8 42 43 44 45 59 60 62 68 78
 8 42 43 44 45 59 60 62 68 76 77
 8 42 43 44 45 58 60 61
 8 42 43 44 45 58 60 61 68
 8 42 43 44 45 58 59 60
 8 42 43 44 45 58 59 60 68
 8 42 43 44 45 51 61 62
 8 42 43 44 45 51 61 62 68
 8 42 43 44 45 51 59 60 62
 8 42 43 44 45 51 59 60 62 68
 8 34 44 46 62 78
 8 34 44 46 62 76 77
 8 34 44 46 62 68 78
 8 34 44 46 62 68 76 77
 8 34 44 46 58 60
 8 34 44 46 58 60 68
 8 34 44 46 51 62
 8 34 44 46 51 62 68
 8 34 44 45 62 78
 8 34 44 45 62 76 77
 8 34 44 45 62 68 78
 8 34 44 45 62 68 76 77
 8 34 44 45 58 60
 8 34 44 45 58 60 68
 8 34 44 45 51 62
 8 34 44 45 51 62 68
 8 34 42 43 46 62 78
 8 34 42 43 46 62 76 77
 8 34 42 43 46 62 68 78
 8 34 42 43 46 62 68 76 77
 8 34 42 43 46 58 60
 8 34 42 43 46 58 60 68
 8 34 42 43 46 51 62
 8 34 42 43 46 51 62 68
 8 34 42 43 44 45 62 78
 8 34 42 43 44 45 62 76 77
 8 34 42 43 44 45 62 68 78
 8 34 42 43 44 45 62 68 76 77
 8 34 42 43 44 45 58 60
 8 34 42 43 44 45 58 60 68
 8 34 42 43 44 45 51 62
 8 34 42 43 44 45 51 62 68
 8 26 44 46 61 62 78
 8 26 44 46 61 62 76 77
 8 26 44 46 59 60 62 78
 8 26 44 46 59 60 62 76 77
 8 26 44 46 58 60 61
 8 26 44 46 58 59 60
 8 26 44 46 51 61 62
 8 26 44 46 51 59 60 62
 8 26 44 45 61 62 78
 8 26 44 45 61 62 76 77
 8 26 44 45 59 60 62 78
 8 26 44 45 59 60 62 76 77
 8 26 44 45 58 60 61
 8 26 44 45 58 59 60
 8 26 44 45 51 61 62
 8 26 44 45 51 59 60 62
 8 26 42 43 46 61 62 78
 8 26 42 43 46 61 62 76 77
 8 26 42 43 46 59 60 62 78
 8 26 42 43 46 59 60 62 76 77
 8 26 42 43 46 58 60 61
 8 26 42 43 46 58 59 60
 8 26 42 43 46 51 61 62
 8 26 42 43 46 51 59 60 62
 8 26 42 43 44 45 61 62 78
 8 26 42 43 44 45 61 62 76 77
 8 26 42 43 44 45 59 60 62 78
 8 26 42 43 44 45 59 60 62 76 77
 8 26 42 43 44 45 58 60 61
 8 26 42 43 44 45 58 59 60
 8 26 42 43 44 45 51 61 62
 8 26 42 43 44 45 51 59 60 62
 8 26 34 44 46 62 78
 8 26 34 44 46 62 76 77
 8 26 34 44 46 58 60
 8 26 34 44 46 51 62
 8 26 34 44 45 62 78
 8 26 34 44 45 62 76 77
 8 26 34 44 45 58 60
 8 26 34 44 45 51 62
 8 26 34 42 43 46 62 78
 8 26 34 42 43 46 62 76 77
 8 26 34 42 43 46 58 60
 8 26 34 42 43 46 51 62
 8 26 34 42 43 44 45 62 78
 8 26 34 42 43 44 45 62 76 77
 8 26 34 42 43 44 45 58 60
 8 26 34 42 43 44 45 51 62
 8 24 25 44 46 61 62 78
 8 24 25 44 46 61 62 76 77
 8 24 25 44 46 59 60 62 78
 8 24 25 44 46 59 60 62 76 77
 8 24 25 44 46 58 60 61
 8 24 25 44 46 58 59 60
 8 24 25 44 46 51 61 62
 8 24 25 44 46 51 59 60 62
 8 24 25 44 45 61 62 78
 8 24 25 44 45 61 62 76 77
 8 24 25 44 45 59 60 62 78
 8 24 25 44 45 59 60 62 76 77
 8 24 25 44 45 58 60 61
 8 24 25 44 45 58 59 60
 8 24 25 44 45 51 61 62
 8 24 25 44 45 51 59 60 62
 8 24 25 42 43 46 61 62 78
 8 24 25 42 43 46 61 62 76 77
 8 24 25 42 43 46 59 60 62 78
 8 24 25 42 43 46 59 60 62 76 77
 8 24 25 42 43 46 58 60 61
 8 24 25 42 43 46 58 59 60
 8 24 25 42 43 46 51 61 62
 8 24 25 42 43 46 51 59 60 62
 8 24 25 42 43 44 45 61 62 78
 8 24 25 42 43 44 45 61 62 76 77
 8 24 25 42 43 44 45 59 60 62 78
 8 24 25 42 43 44 45 59 60 62 76 77
 8 24 25 42 43 44 45 58 60 61
 8 24 25 42 43 44 45 58 59 60
 8 24 25 42 43 44 45 51 61 62
 8 24 25 42 43 44 45 51 59 60 62
 8 24 25 34 44 46 62 78
 8 24 25 34 44 46 62 76 77
 8 24 25 34 44 46 58 60
 8 24 25 34 44 46 51 62
 8 24 25 34 44 45 62 78
 8 24 25 34 44 45 62 76 77
 8 24 25 34 44 45 58 60
 8 24 25 34 44 45 51 62
 8 24 25 34 42 43 46 62 78
 8 24 25 34 42 43 46 62 76 77
 8 24 25 34 42 43 46 58 60
 8 24 25 34 42 43 46 51 62
 8 24 25 34 42 43 44 45 62 78
 8 24 25 34 42 43 44 45 62 76 77
 8 24 25 34 42 43 44 45 58 60
 8 24 25 34 42 43 44 45 51 62
 8 19 44 61 62 78
 8 19 44 61 62 76 77
 8 19 44 61 62 68 78
 8 19 44 61 62 68 76 77
 8 19 44 59 60 62 78
 8 19 44 59 60 62 76 77
 8 19 44 59 60 62 68 78
 8 19 44 59 60 62 68 76 77
 8 19 44 58 60 61
 8 19 44 58 60 61 68
 8 19 44 58 59 60
 8 19 44 58 59 60 68
 8 19 44 51 61 62
 8 19 44 51 61 62 68
 8 19 44 51 59 60 62
 8 19 44 51 59 60 62 68
 8 19 42 43 61 62 78
 8 19 42 43 61 62 76 77
 8 19 42 43 61 62 68 78
 8 19 42 43 61 62 68 76 77
 8 19 42 43 59 60 62 78
 8 19 42 43 59 60 62 76 77
 8 19 42 43 59 60 62 68 78
 8 19 42 43 59 60 62 68 76 77
 8 19 42 43 58 60 61
 8 19 42 43 58 60 61 68
 8 19 42 43 58 59 60
 8 19 42 43 58 59 60 68
 8 19 42 43 51 61 62
 8 19 42 43 51 61 62 68
 8 19 42 43 51 59 60 62
 8 19 42 43 51 59 60 62 68
 8 19 34 44 62 78
 8 19 34 44 62 76 77
 8 19 34 44 62 68 78
 8 19 34 44 62 68 76 77
 8 19 34 44 58 60
 8 19 34 44 58 60 68
 8 19 34 44 51 62
 8 19 34 44 51 62 68
 8 19 34 42 43 62 78
 8 19 34 42 43 62 76 77
 8 19 34 42 43 62 68 78
 8 19 34 42 43 62 68 76 77
 8 19 34 42 43 58 60
 8 19 34 42 43 58 60 68
 8 19 34 42 43 51 62
 8 19 34 42 43 51 62 68
 8 19 26 44 61 62 78
 8 19 26 44 61 62 76 77
 8 19 26 44 59 60 62 78
 8 19 26 44 59 60 62 76 77
 8 19 26 44 58 60 61
 8 19 26 44 58 59 60
 8 19 26 44 51 61 62
 8 19 26 44 51 59 60 62
 8 19 26 42 43 61 62 78
 8 19 26 42 43 61 62 76 77
 8 19 26 42 43 59 60 62 78
 8 19 26 42 43 59 60 62 76 77
 8 19 26 42 43 58 60 61
 8 19 26 42 43 58 59 60
 8 19 26 42 43 51 61 62
 8 19 26 42 43 51 59 60 62
 8 19 26 34 44 62 78
 8 19 26 34 44 62 76 77
 8 19 26 34 44 58 60
 8 19 26 34 44 51 62
 8 19 26 34 42 43 62 78
 8 19 26 34 42 43 62 76 77
 8 19 26 34 42 43 58 60
 8 19 26 34 42 43 51 62
 8 19 24 25 44 61 62 78
 8 19 24 25 44 61 62 76 77
 8 19 24 25 44 59 60 62 78
 8 19 24 25 44 59 60 62 76 77
 8 19 24 25 44 58 60 61
 8 19 24 25 44 58 59 60
 8 19 24 25 44 51 61 62
 8 19 24 25 44 51 59 60 62
 8 19 24 25 42 43 61 62 78
 8 19 24 25 42 43 61 62 76 77
 8 19 24 25 42 43 59 60 62 78
 8 19 24 25 42 43 59 60 62 76 77
 8 19 24 25 42 43 58 60 61
 8 19 24 25 42 43 58 59 60
 8 19 24 25 42 43 51 61 62
 8 19 24 25 42 43 51 59 60 62
 8 19 24 25 34 44 62 78
 8 19 24 25 34 44 62 76 77
 8 19 24 25 34 44 58 60
 8 19 24 25 34 44 51 62
 8 19 24 25 34 42 43 62 78
 8 19 24 25 34 42 43 62 76 77
 8 19 24 25 34 42 43 58 60
 8 19 24 25 34 42 43 51 62
 8 17 46 61 62 78
 8 17 46 61 62 76 77
 8 17 46 61 62 68 78
 8 17 46 61 62 68 76 77
 8 17 46 59 60 62 78
 8 17 46 59 60 62 76 77
 8 17 46 59 60 62 68 78
 8 17 46 59 60 62 68 76 77
 8 17 46 58 60 61
 8 17 46 58 60 61 68
 8 17 46 58 59 60
 8 17 46 58 59 60 68
 8 17 46 51 61 62
 8 17 46 51 61 62 68
 8 17 46 51 59 60 62
 8 17 46 51 59 60 62 68
 8 17 44 45 61 62 78
 8 17 44 45 61 62 76 77
 8 17 44 45 61 62 68 78
 8 17 44 45 61 62 68 76 77
 8 17 44 45 59 60 62 78
 8 17 44 45 59 60 62 76 77
 8 17 44 45 59 60 62 68 78
 8 17 44 45 59 60 62 68 76 77
 8 17 44 45 58 60 61
 8 17 44 45 58 60 61 68
 8 17 44 45 58 59 60
 8 17 44 45 58 59 60 68
 8 17 44 45 51 61 62
 8 17 44 45 51 61 62 68
 8 17 44 45 51 59 60 62
 8 17 44 45 51 59 60 62 68
 8 17 34 46 62 78
 8 17 34 46 62 76 77
 8 17 34 46 62 68 78
 8 17 34 46 62 68 76 77
 8 17 34 46 58 60
 8 17 34 46 58 60 68
 8 17 34 46 51 62
 8 17 34 46 51 62 68
 8 17 34 44 45 62 78
 8 17 34 44 45 62 76 77
 8 17 34 44 45 62 68 78
 8 17 34 44 45 62 68 76 77
 8 17 34 44 45 58 60
 8 17 34 44 45 58 60 68
 8 17 34 44 45 51 62
 8 17 34 44 45 51 62 68
 8 17 26 46 61 62 78
 8 17 26 46 61 62 76 77
 8 17 26 46 59 60 62 78
 8 17 26 46 59 60 62 76 77
 8 17 26 46 58 60 61
 8 17 26 46 58 59 60
 8 17 26 46 51 61 62
 8 17 26 46 51 59 60 62
 8 17 26 44 45 61 62 78
 8 17 26 44 45 61 62 76 77
 8 17 26 44 45 59 60 62 78
 8 17 26 44 45 59 60 62 76 77
 8 17 26 44 45 58 60 61
 8 17 26 44 45 58 59 60
 8 17 26 44 45 51 61 62
 8 17 26 44 45 51 59 60 62
 8 17 26 34 46 62 78
 8 17 26 34 46 62 76 77
 8 17 26 34 46 58 60
 8 17 26 34 46 51 62
 8 17 26 34 44 45 62 78
 8 17 26 34 44 45 62 76 77
 8 17 26 34 44 45 58 60
 8 17 26 34 44 45 51 62
 8 17 24 25 46 61 62 78
 8 17 24 25 46 61 62 76 77
 8 17 24 25 46 59 60 62 78
 8 17 24 25 46 59 60 62 76 77
 8 17 24 25 46 58 60 61
 8 17 24 25 46 58 59 60
 8 17 24 25 46 51 61 62
 8 17 24 25 46 51 59 60 62
 8 17 24 25 44 45 61 62 78
 8 17 24 25 44 45 61 62 76 77
 8 17 24 25 44 45 59 60 62 78
 8 17 24 25 44 45 59 60 62 76 77
 8 17 24 25 44 45 58 60 61
 8 17 24 25 44 45 58 59 60
 8 17 24 25 44 45 51 61 62
 8 17 24 25 44 45 51 59 60 62
 8 17 24 25 34 46 62 78
 8 17 24 25 34 46 62 76 77
 8 17 24 25 34 46 58 60
 8 17 24 25 34 46 51 62
 8 17 24 25 34 44 45 62 78
 8 17 24 25 34 44 45 62 76 77
 8 17 24 25 34 44 45 58 60
 8 17 24 25 34 44 45 51 62
 8 17 19 61 62 78
 8 17 19 61 62 76 77
 8 17 19 61 62 68 78
 8 17 19 61 62 68 76 77
 8 17 19 59 60 62 78
 8 17 19 59 60 62 76 77
 8 17 19 59 60 62 68 78
 8 17 19 59 60 62 68 76 77
 8 17 19 58 60 61
 8 17 19 58 60 61 68
 8 17 19 58 59 60
 8 17 19 58 59 60 68
 8 17 19 51 61 62
 8 17 19 51 61 62 68
 8 17 19 51 59 60 62
 8 17 19 51 59 60 62 68
 8 17 19 34 62 78
 8 17 19 34 62 76 77
 8 17 19 34 62 68 78
 8 17 19 34 62 68 76 77
 8 17 19 34 58 60
 8 17 19 34 58 60 68
 8 17 19 34 51 62
 8 17 19 34 51 62 68
 8 17 19 26 61 62 78
 8 17 19 26 61 62 76 77
 8 17 19 26 59 60 62 78
 8 17 19 26 59 60 62 76 77
 8 17 19 26 58 60 61
 8 17 19 26 58 59 60
 8 17 19 26 51 61 62
 8 17 19 26 51 59 60 62
 8 17 19 26 34 62 78
 8 17 19 26 34 62 76 77
 8 17 19 26 34 58 60
 8 17 19 26 34 51 62
 8 17 19 24 25 61 62 78
 8 17 19 24 25 61 62 76 77
 8 17 19 24 25 59 60 62 78
 8 17 19 24 25 59 60 62 76 77
 8 17 19 24 25 58 60 61
 8 17 19 24 25 58 59 60
 8 17 19 24 25 51 61 62
 8 17 19 24 25 51 59 60 62
 8 17 19 24 25 34 62 78
 8 17 19 24 25 34 62 76 77
 8 17 19 24 25 34 58 60
 8 17 19 24 25 34 51 62
 2 58 60 62 63 74
 2 58 60 62 63 72 73
 2 58 60 61 62 74
 2 58 60 61 62 72 73
 2 58 59 62 74 78 79
 2 58 59 62 72 73 78 79
 2 58 59 60 63 74
 2 58 59 60 63 72 73
 2 58 59 60 61 62 74
 2 58 59 60 61 62 72 73
 2 57 58 62 74 78 79
 2 57 58 62 72 73 78 79
 2 57 58 60 63 74
 2 57 58 60 63 72 73
 2 57 58 60 61 62 74
 2 57 58 60 61 62 72 73
 2 53 58 59 62 74
 2 53 58 59 62 72 73
 2 53 57 58 62 74
 2 53 57 58 62 72 73
 2 52 58 59 60 63
 2 52 58 59 60 61 62
 2 52 57 58 60 63
 2 52 57 58 60 61 62
 2 50 51 58 59 60 63
 2 50 51 58 59 60 61 62
 2 50 51 57 58 60 63
 2 50 51 57 58 60 61 62
 2 47 58 60 62 63
 2 47 58 60 61 62
 2 47 58 59 62 78 79
 2 47 58 59 60 63
 2 47 58 59 60 61 62
 2 47 57 58 62 78 79
 2 47 57 58 60 63
 2 47 57 58 60 61 62
 2 47 53 58 59 62
 2 47 53 57 58 62
 2 46 58 61
 2 46 58 60 61
 2 46 58 60 61 63 74
 2 46 58 60 61 63 72 73
 2 46 58 60 61 62 74
 2 46 58 60 61 62 72 73
 2 46 58 59 60 63 74
 2 46 58 59 60 63 72 73
 2 46 58 59 60 61 62 74
 2 46 58 59 60 61 62 72 73
 2 46 52 58 61 78
 2 46 52 58 61 76 77
 2 46 52 58 59 60 78
 2 46 52 58 59 60 76 77
 2 46 51 52 58 61
 2 46 51 52 58 59 60
 2 46 50 51 58 61
 2 46 50 51 58 61 78
 2 46 50 51 58 61 76 77
 2 46 50 51 58 59 60
 2 46 50 51 58 59 60 78
 2 46 50 51 58 59 60 76 77
 2 46 47 58 60 61 63
 2 46 47 58 60 61 62
 2 46 47 58 59 60 63
 2 46 47 58 59 60 61 62
 2 44 58 59
 2 44 58 59 74 78
 2 44 58 59 74 76 77
 2 44 58 59 72 73 78
 2 44 58 59 72 73 76 77
 2 44 58 59 62 74
 2 44 58 59 62 72 73
 2 44 57 58
 2 44 57 58 74 78
 2 44 57 58 74 76 77
 2 44 57 58 72 73 78
 2 44 57 58 72 73 76 77
 2 44 57 58 62 74
 2 44 57 58 62 72 73
 2 44 51 58 59 74
 2 44 51 58 59 72 73
 2 44 51 57 58 74
 2 44 51 57 58 72 73
 2 44 47 58 59 78
 2 44 47 58 59 76 77
 2 44 47 58 59 62
 2 44 47 57 58 78
 2 44 47 57 58 76 77
 2 44 47 57 58 62
 2 44 47 51 58 59
 2 44 47 51 57 58
 2 44 45 58 61
 2 44 45 58 60 61
 2 44 45 58 60 61 63 74
 2 44 45 58 60 61 63 72 73
 2 44 45 58 60 61 62 74
 2 44 45 58 60 61 62 72 73
 2 44 45 58 59 60 63 74
 2 44 45 58 59 60 63 72 73
 2 44 45 58 59 60 61 62 74
 2 44 45 58 59 60 61 62 72 73
 2 44 45 52 58 61 78
 2 44 45 52 58 61 76 77
 2 44 45 52 58 59 60 78
 2 44 45 52 58 59 60 76 77
 2 44 45 51 52 58 61
 2 44 45 51 52 58 59 60
 2 44 45 50 51 58 61
 2 44 45 50 51 58 61 78
 2 44 45 50 51 58 61 76 77
 2 44 45 50 51 58 59 60
 2 44 45 50 51 58 59 60 78
 2 44 45 50 51 58 59 60 76 77
 2 44 45 47 58 60 61 63
 2 44 45 47 58 60 61 62
 2 44 45 47 58 59 60 63
 2 44 45 47 58 59 60 61 62
 2 36 58 60 62 74
 2 36 58 60 62 72 73
 2 36 58 59 60 74
 2 36 58 59 60 72 73
 2 36 57 58 60 74
 2 36 57 58 60 72 73
 2 36 52 58 59 60
 2 36 52 57 58 60
 2 36 50 51 58 59 60
 2 36 50 51 57 58 60
 2 36 47 58 60 62
 2 36 47 58 59 60
 2 36 47 57 58 60
 2 36 46 58 60 61 74
 2 36 46 58 60 61 72 73
 2 36 46 58 59 60 74
 2 36 46 58 59 60 72 73
 2 36 46 47 58 60 61
 2 36 46 47 58 59 60
 2 36 44 45 58 60 61 74
 2 36 44 45 58 60 61 72 73
 2 36 44 45 58 59 60 74
 2 36 44 45 58 59 60 72 73
 2 36 44 45 47 58 60 61
 2 36 44 45 47 58 59 60
 2 34 46 58
 2 34 46 58 60
 2 34 46 58 60 63 74
 2 34 46 58 60 63 72 73
 2 34 46 58 60 61 62 74
 2 34 46 58 60 61 62 72 73
 2 34 46 52 58 78
 2 34 46 52 58 76 77
 2 34 46 51 52 58
 2 34 46 50 51 58
 2 34 46 50 51 58 78
 2 34 46 50 51 58 76 77
 2 34 46 47 58 60 63
 2 34 46 47 58 60 61 62
 2 34 44 45 58
 2 34 44 45 58 60
 2 34 44 45 58 60 63 74
 2 34 44 45 58 60 63 72 73
 2 34 44 45 58 60 61 62 74
 2 34 44 45 58 60 61 62 72 73
 2 34 44 45 52 58 78
 2 34 44 45 52 58 76 77
 2 34 44 45 51 52 58
 2 34 44 45 50 51 58
 2 34 44 45 50 51 58 78
 2 34 44 45 50 51 58 76 77
 2 34 44 45 47 58 60 63
 2 34 44 45 47 58 60 61 62
 2 34 36 46 58 60 74
 2 34 36 46 58 60 72 73
 2 34 36 46 47 58 60
 2 34 36 44 45 58 60 74
 2 34 36 44 45 58 60 72 73
 2 34 36 44 45 47 58 60
 2 32 58 62 74 78 79
 2 32 58 62 72 73 78 79
 2 32 58 60 63 74
 2 32 58 60 63 72 73
 2 32 58 60 61 62 74
 2 32 58 60 61 62 72 73
 2 32 53 58 62 74
 2 32 53 58 62 72 73
 2 32 52 58 60 63
 2 32 52 58 60 61 62
 2 32 50 51 58 60 63
 2 32 50 51 58 60 61 62
 2 32 47 58 62 78 79
 2 32 47 58 60 63
 2 32 47 58 60 61 62
 2 32 47 53 58 62
 2 32 44 58
 2 32 44 58 74 78
 2 32 44 58 74 76 77
 2 32 44 58 72 73 78
 2 32 44 58 72 73 76 77
 2 32 44 58 62 74
 2 32 44 58 62 72 73
 2 32 44 51 58 74
 2 32 44 51 58 72 73
 2 32 44 47 58 78
 2 32 44 47 58 76 77
 2 32 44 47 58 62
 2 32 44 47 51 58
 2 32 36 58 60 74
 2 32 36 58 60 72 73
 2 32 36 52 58 60
 2 32 36 50 51 58 60
 2 32 36 47 58 60
 2 29 58 59
 2 29 58 59 74 78
 2 29 58 59 74 76 77
 2 29 58 59 72 73 78
 2 29 58 59 72 73 76 77
 2 29 58 59 62 74
 2 29 58 59 62 72 73
 2 29 57 58
 2 29 57 58 74 78
 2 29 57 58 74 76 77
 2 29 57 58 72 73 78
 2 29 57 58 72 73 76 77
 2 29 57 58 62 74
 2 29 57 58 62 72 73
 2 29 51 58 59 74
 2 29 51 58 59 72 73
 2 29 51 57 58 74
 2 29 51 57 58 72 73
 2 29 47 58 59 78
 2 29 47 58 59 76 77
 2 29 47 58 59 62
 2 29 47 57 58 78
 2 29 47 57 58 76 77
 2 29 47 57 58 62
 2 29 47 51 58 59
 2 29 47 51 57 58
 2 29 32 58
 2 29 32 58 74 78
 2 29 32 58 74 76 77
 2 29 32 58 72 73 78
 2 29 32 58 72 73 76 77
 2 29 32 58 62 74
 2 29 32 58 62 72 73
 2 29 32 51 58 74
 2 29 32 51 58 72 73
 2 29 32 47 58 78
 2 29 32 47 58 76 77
 2 29 32 47 58 62
 2 29 32 47 51 58
 2 27 28 58 59
 2 27 28 58 59 74 78
 2 27 28 58 59 74 76 77
 2 27 28 58 59 72 73 78
 2 27 28 58 59 72 73 76 77
 2 27 28 58 59 62 74
 2 27 28 58 59 62 72 73
 2 27 28 57 58
 2 27 28 57 58 74 78
 2 27 28 57 58 74 76 77
 2 27 28 57 58 72 73 78
 2 27 28 57 58 72 73 76 77
 2 27 28 57 58 62 74
 2 27 28 57 58 62 72 73
 2 27 28 51 58 59 74
 2 27 28 51 58 59 72 73
 2 27 28 51 57 58 74
 2 27 28 51 57 58 72 73
 2 27 28 47 58 59 78
 2 27 28 47 58 59 76 77
 2 27 28 47 58 59 62
 2 27 28 47 57 58 78
 2 27 28 47 57 58 76 77
 2 27 28 47 57 58 62
 2 27 28 47 51 58 59
 2 27 28 47 51 57 58
 2 27 28 32 58
 2 27 28 32 58 74 78
 2 27 28 32 58 74 76 77
 2 27 28 32 58 72 73 78
 2 27 28 32 58 72 73 76 77
 2 27 28 32 58 62 74
 2 27 28 32 58 62 72 73
 2 27 28 32 51 58 74
 2 27 28 32 51 58 72 73
 2 27 28 32 47 58 78
 2 27 28 32 47 58 76 77
 2 27 28 32 47 58 62
 2 27 28 32 47 51 58
 2 25 58 59 63 74
 2 25 58 59 63 72 73
 2 25 58 59 61 62 74
 2 25 58 59 61 62 72 73
 2 25 58 59 60 63
 2 25 58 59 60 61 62
 2 25 57 58 63 74
 2 25 57 58 63 72 73
 2 25 57 58 61 62 74
 2 25 57 58 61 62 72 73
 2 25 57 58 60 63
 2 25 57 58 60 61 62
 2 25 47 58 59 63
 2 25 47 58 59 61 62
 2 25 47 57 58 63
 2 25 47 57 58 61 62
 2 25 46 58 61 78
 2 25 46 58 61 76 77
 2 25 46 58 59 60 78
 2 25 46 58 59 60 76 77
 2 25 46 52 58 60 61
 2 25 46 52 58 59 60
 2 25 46 51 58 61
 2 25 46 51 58 59 60
 2 25 46 50 51 58 60 61
 2 25 46 50 51 58 59 60
 2 25 44 45 58 61 78
 2 25 44 45 58 61 76 77
 2 25 44 45 58 59 60 78
 2 25 44 45 58 59 60 76 77
 2 25 44 45 52 58 60 61
 2 25 44 45 52 58 59 60
 2 25 44 45 51 58 61
 2 25 44 45 51 58 59 60
 2 25 44 45 50 51 58 60 61
 2 25 44 45 50 51 58 59 60
 2 25 36 58 59 74
 2 25 36 58 59 72 73
 2 25 36 58 59 60
 2 25 36 57 58 74
 2 25 36 57 58 72 73
 2 25 36 57 58 60
 2 25 36 47 58 59
 2 25 36 47 57 58
 2 25 34 46 58 78
 2 25 34 46 58 76 77
 2 25 34 46 52 58 60
 2 25 34 46 51 58
 2 25 34 46 50 51 58 60
 2 25 34 44 45 58 78
 2 25 34 44 45 58 76 77
 2 25 34 44 45 52 58 60
 2 25 34 44 45 51 58
 2 25 34 44 45 50 51 58 60
 2 25 32 58 63 74
 2 25 32 58 63 72 73
 2 25 32 58 61 62 74
 2 25 32 58 61 62 72 73
 2 25 32 58 60 63
 2 25 32 58 60 61 62
 2 25 32 47 58 63
 2 25 32 47 58 61 62
 2 25 32 36 58 74
 2 25 32 36 58 72 73
 2 25 32 36 58 60
 2 25 32 36 47 58
 2 19 58 60 61
 2 19 58 60 61 63 74
 2 19 58 60 61 63 72 73
 2 19 58 60 61 62 74
 2 19 58 60 61 62 72 73
 2 19 58 59 60
 2 19 58 59 60 63 74
 2 19 58 59 60 63 72 73
 2 19 58 59 60 61 62 74
 2 19 58 59 60 61 62 72 73
 2 19 52 58 61 78
 2 19 52 58 61 76 77
 2 19 52 58 59 60 78
 2 19 52 58 59 60 76 77
 2 19 51 52 58 61
 2 19 51 52 58 59 60
 2 19 50 51 58 61
 2 19 50 51 58 61 78
 2 19 50 51 58 61 76 77
 2 19 50 51 58 59 60
 2 19 50 51 58 59 60 78
 2 19 50 51 58 59 60 76 77
 2 19 47 58 60 61 63
 2 19 47 58 60 61 62
 2 19 47 58 59 60 63
 2 19 47 58 59 60 61 62
 2 19 46 58 61
 2 19 46 58 59 60
 2 19 44 45 58 61
 2 19 44 45 58 59 60
 2 19 36 58 60 61 74
 2 19 36 58 60 61 72 73
 2 19 36 58 59 60 74
 2 19 36 58 59 60 72 73
 2 19 36 47 58 60 61
 2 19 36 47 58 59 60
 2 19 34 58 60
 2 19 34 58 60 63 74
 2 19 34 58 60 63 72 73
 2 19 34 58 60 61 62 74
 2 19 34 58 60 61 62 72 73
 2 19 34 52 58 78
 2 19 34 52 58 76 77
 2 19 34 51 52 58
 2 19 34 50 51 58
 2 19 34 50 51 58 78
 2 19 34 50 51 58 76 77
 2 19 34 47 58 60 63
 2 19 34 47 58 60 61 62
 2 19 34 46 58
 2 19 34 44 45 58
 2 19 34 36 58 60 74
 2 19 34 36 58 60 72 73
 2 19 34 36 47 58 60
 2 19 25 58 61 78
 2 19 25 58 61 76 77
 2 19 25 58 59 60 78
 2 19 25 58 59 60 76 77
 2 19 25 52 58 60 61
 2 19 25 52 58 59 60
 2 19 25 51 58 61
 2 19 25 51 58 59 60
 2 19 25 50 51 58 60 61
 2 19 25 50 51 58 59 60
 2 19 25 34 58 78
 2 19 25 34 58 76 77
 2 19 25 34 52 58 60
 2 19 25 34 51 58
 2 19 25 34 50 51 58 60
 2 17 52 58 59 60 63
 2 17 52 58 59 60 61 62
 2 17 52 57 58 60 63
 2 17 52 57 58 60 61 62
 2 17 50 51 58 59 60 63
 2 17 50 51 58 59 60 61 62
 2 17 50 51 57 58 60 63
 2 17 50 51 57 58 60 61 62
 2 17 44 58 59
 2 17 44 57 58
 2 17 36 52 58 59 60
 2 17 36 52 57 58 60
 2 17 36 50 51 58 59 60
 2 17 36 50 51 57 58 60
 2 17 32 52 58 60 63
 2 17 32 52 58 60 61 62
 2 17 32 50 51 58 60 63
 2 17 32 50 51 58 60 61 62
 2 17 32 44 58
 2 17 32 36 52 58 60
 2 17 32 36 50 51 58 60
 2 17 29 58 59
 2 17 29 57 58
 2 17 29 32 58
 2 17 27 28 58 59
 2 17 27 28 57 58
 2 17 27 28 32 58
 2 17 25 58 59 60 63
 2 17 25 58 59 60 61 62
 2 17 25 57 58 60 63
 2 17 25 57 58 60 61 62
 2 17 25 36 58 59 60
 2 17 25 36 57 58 60
 2 17 25 32 58 60 63
 2 17 25 32 58 60 61 62
 2 17 25 32 36 58 60
 0 1 58 59
 0 1 58 59 74 78
 0 1 58 59 74 76 77
 0 1 58 59 72 73 78
 0 1 58 59 72 73 76 77
 0 1 58 59 62 74
 0 1 58 59 62 72 73
 0 1 57 58
 0 1 57 58 74 78
 0 1 57 58 74 76 77
 0 1 57 58 72 73 78
 0 1 57 58 72 73 76 77
 0 1 57 58 62 74
 0 1 57 58 62 72 73
 0 1 51 58 59 74
 0 1 51 58 59 72 73
 0 1 51 57 58 74
 0 1 51 57 58 72 73
 0 1 47 58 59 78
 0 1 47 58 59 76 77
 0 1 47 58 59 62
 0 1 47 57 58 78
 0 1 47 57 58 76 77
 0 1 47 57 58 62
 0 1 47 51 58 59
 0 1 47 51 57 58
 0 1 32 58
 0 1 32 58 74 78
 0 1 32 58 74 76 77
 0 1 32 58 72 73 78
 0 1 32 58 72 73 76 77
 0 1 32 58 62 74
 0 1 32 58 62 72 73
 0 1 32 51 58 74
 0 1 32 51 58 72 73
 0 1 32 47 58 78
 0 1 32 47 58 76 77
 0 1 32 47 58 62
 0 1 32 47 51 58
 0 1 29 58 59
 0 1 29 58 59 74 78
 0 1 29 58 59 74 76 77
 0 1 29 58 59 72 73 78
 0 1 29 58 59 72 73 76 77
 0 1 29 58 59 62 74
 0 1 29 58 59 62 72 73
 0 1 29 57 58
 0 1 29 57 58 74 78
 0 1 29 57 58 74 76 77
 0 1 29 57 58 72 73 78
 0 1 29 57 58 72 73 76 77
 0 1 29 57 58 62 74
 0 1 29 57 58 62 72 73
 0 1 29 51 58 59 74
 0 1 29 51 58 59 72 73
 0 1 29 51 57 58 74
 0 1 29 51 57 58 72 73
 0 1 29 47 58 59 78
 0 1 29 47 58 59 76 77
 0 1 29 47 58 59 62
 0 1 29 47 57 58 78
 0 1 29 47 57 58 76 77
 0 1 29 47 57 58 62
 0 1 29 47 51 58 59
 0 1 29 47 51 57 58
 0 1 29 32 58
 0 1 29 32 58 74 78
 0 1 29 32 58 74 76 77
 0 1 29 32 58 72 73 78
 0 1 29 32 58 72 73 76 77
 0 1 29 32 58 62 74
 0 1 29 32 58 62 72 73
 0 1 29 32 51 58 74
 0 1 29 32 51 58 72 73
 0 1 29 32 47 58 78
 0 1 29 32 47 58 76 77
 0 1 29 32 47 58 62
 0 1 29 32 47 51 58
 0 1 27 28 58 59
 0 1 27 28 58 59 74 78
 0 1 27 28 58 59 74 76 77
 0 1 27 28 58 59 72 73 78
 0 1 27 28 58 59 72 73 76 77
 0 1 27 28 58 59 62 74
 0 1 27 28 58 59 62 72 73
 0 1 27 28 57 58
 0 1 27 28 57 58 74 78
 0 1 27 28 57 58 74 76 77
 0 1 27 28 57 58 72 73 78
 0 1 27 28 57 58 72 73 76 77
 0 1 27 28 57 58 62 74
 0 1 27 28 57 58 62 72 73
 0 1 27 28 51 58 59 74
 0 1 27 28 51 58 59 72 73
 0 1 27 28 51 57 58 74
 0 1 27 28 51 57 58 72 73
 0 1 27 28 47 58 59 78
 0 1 27 28 47 58 59 76 77
 0 1 27 28 47 58 59 62
 0 1 27 28 47 57 58 78
 0 1 27 28 47 57 58 76 77
 0 1 27 28 47 57 58 62
 0 1 27 28 47 51 58 59
 0 1 27 28 47 51 57 58
 0 1 27 28 32 58
 0 1 27 28 32 58 74 78
 0 1 27 28 32 58 74 76 77
 0 1 27 28 32 58 72 73 78
 0 1 27 28 32 58 72 73 76 77
 0 1 27 28 32 58 62 74
 0 1 27 28 32 58 62 72 73
 0 1 27 28 32 51 58 74
 0 1 27 28 32 51 58 72 73
 0 1 27 28 32 47 58 78
 0 1 27 28 32 47 58 76 77
 0 1 27 28 32 47 58 62
 0 1 27 28 32 47 51 58
 0 1 17 58 59
 0 1 17 57 58
 0 1 17 32 58
 0 1 17 29 58 59
 0 1 17 29 57 58
 0 1 17 29 32 58
 0 1 17 27 28 58 59
 0 1 17 27 28 57 58
 0 1 17 27 28 32 58
 0 1 2 58 59
 0 1 2 58 59 74 78
 0 1 2 58 59 74 76 77
 0 1 2 58 59 72 73 78
 0 1 2 58 59 72 73 76 77
 0 1 2 58 59 62 74
 0 1 2 58 59 62 72 73
 0 1 2 57 58
 0 1 2 57 58 74 78
 0 1 2 57 58 74 76 77
 0 1 2 57 58 72 73 78
 0 1 2 57 58 72 73 76 77
 0 1 2 57 58 62 74
 0 1 2 57 58 62 72 73
 0 1 2 51 58 59 74
 0 1 2 51 58 59 72 73
 0 1 2 51 57 58 74
 0 1 2 51 57 58 72 73
 0 1 2 47 58 59 78
 0 1 2 47 58 59 76 77
 0 1 2 47 58 59 62
 0 1 2 47 57 58 78
 0 1 2 47 57 58 76 77
 0 1 2 47 57 58 62
 0 1 2 47 51 58 59
 0 1 2 47 51 57 58
 0 1 2 32 58
 0 1 2 32 58 74 78
 0 1 2 32 58 74 76 77
 0 1 2 32 58 72 73 78
 0 1 2 32 58 72 73 76 77
 0 1 2 32 58 62 74
 0 1 2 32 58 62 72 73
 0 1 2 32 51 58 74
 0 1 2 32 51 58 72 73
 0 1 2 32 47 58 78
 0 1 2 32 47 58 76 77
 0 1 2 32 47 58 62
 0 1 2 32 47 51 58
 0 1 2 17 58 59
 0 1 2 17 57 58
 0 1 2 17 32 58
